1634
1762
1668
1590
1480
1589
1924
1315
1584
1883
2070
2326
1870
2070
1624
2097
1735
2034
2398
1947
2118
1892
2121
2100
1760
2351
1834
1906
2038
1855
1453
1870
2131
1882
2318
2499
2442
1909
2025
2073
2195
1981
2410
2069
2340
2199
2574
2308
2097
1933
1788
2355
1342
1425
1878
2198
2509
2276
2390
2494
2403
2412
2174
2267
2417
2456
2099
2380
2431
2377
1961
2681
1915
2487
1821
2539
2332
2012
2402
1817
2297
2056
2293
1430
1578
2106
2105
2383
2416
2222
2526
2534
1980
1553
1626
1638
1301
1881
2478
2149
1333
1324
1703
1665
2436
2297
1621
1783
2161
1994
2228
2084
2436
2135
2501
2296
2478
2404
2231
2526
1807
2048
2388
1997
2515
1601
1457
1480
1486
1734
1868
2431
2185
2458
2305
2619
2355
2328
2366
2555
2295
2529
2082
2657
2107
2547
2625
1548
1687
1631
2160
1802
2234
2371
1943
2302
2201
2287
2287
1990
2448
2273
2351
2441
1851
1410
1712
1728
1368
1474
1989
1968
2596
2165
2358
1422
1366
1902
1730
2439
2470
2419
2454
1941
2471
1965
1909
1788
1320
1601
1671
1880
1751
1862
1836
1279
1580
1948
2393
1681
1324
1830
1777
2256
2410
2016
2398
1854
2256
2497
1768
2329
2165
1922
2122
1844
2346
2137
2327
2072
2543
2101
2144
2250
2172
1963
1961
2018
2212
2115
2073
2299
2156
2168
1819
1976
2151
1620
1626
1505
2245
2081
1405
2048
2163
2277
2131
2240
2202
2003
2070
2252
2368
2209
1977
2341
2145
2414
2121
2188
1287
1476
1539
1770
2141
2163
2024
1789
1429
1642
1563
1918
2160
2181
2046
2208
2200
2103
1959
2601
2233
2218
1976
2273
2161
2092
2294
2006
2386
1463
1312
1806
1727
1521
2002
2394
2496
2031
2388
2421
2425
2056
2747
2530
2283
2157
1738
1946
2076
2312
2336
2332
2483
2413
2152
2195
2207
2495
2147
2614
2135
2250
2356
2511
2338
2266
2123
2551
2161
2190
2316
2436
2128
2077
2307
2307
1919
1551
1414
1722
1956
2233
2218
2453
2180
2195
2210
2197
2224
2056
2448
2456
2538
2267
2358
2385
2239
2456
2194
1709
1729
2078
1818
2068
2590
2346
2037
2189
1655
1496
1707
2055
2117
2168
2154
2126
2445
2208
2228
2093
2337
2286
1722
2308
1726
1334
1601
1663
1925
2521
2221
2116
2068
2322
2118
2377
2288
2523
2172
2207
2096
2321
2263
2133
1484
1926
1508
1530
1349
1846
1999
2148
2036
2003
2259
1630
1497
1798
1370
1688
1549
1405
1466
1616
1668
2724
2157
2669
2333
2697
3005
2003
1457
1500
2100
2524
1877
2023
2494
2570
2680
2519
2369
2693
1503
1622
1314
1521
1314
1401
2184
2556
2385
2194
2655
2434
1470
1724
2194
2301
2452
2508
2151
2437
2291
2364
2427
2730
2209
2451
2596
2520
2731
2322
2459
2428
2577
2592
2205
1764
1318
2247
2184
2574
2092
2533
2640
2462
2651
2487
2498
2438
2735
2681
2518
2284
2574
1865
2139
2038
2590
2397
2408
2437
2757
2481
2548
2549
2316
2615
2460
2493
2628
2074
2408
2242
2186
2682
2516
2312
2086
2441
2373
2103
2218
1422
1447
2165
2551
2201
2509
2252
2337
2374
2472
2337
2645
2064
2181
2508
2438
2371
2595
2608
2335
2339
1999
2118
2736
2475
2509
1758
1443
1825
1783
1462
1908
2173
2379
2166
2521
2316
2333
2171
1484
1390
1952
2324
2175
2471
1762
1377
1516
1282
2011
2643
2429
2489
2361
2275
1952
2528
2219
2549
1987
2549
2354
2262
2326
2520
2596
2459
2575
2083
2486
2378
2577
2563
1937
2449
2375
1699
2541
2322
2594
2350
2571
2221
2295
2332
2414
2480
2299
2105
2390
2287
2489
2177
2312
1642
1603
2477
2164
2495
2090
2406
2481
2094
2225
2113
2548
2046
2497
2363
2030
2580
2209
2325
2059
2415
2257
2118
2204
1933
2050
2386
1853
1439
1602
2126
2026
1996
2499
2176
2445
1869
1337
1755
2611
2392
2361
2419
2344
3027
1415
1577
1662
1400
2077
2079
2461
2637
2296
2517
2233
2403
2465
2340
2552
2218
2366
2531
1725
1933
1447
1523
1390
2080
2504
2281
2593
2272
2440
2453
2150
2507
2396
2462
2450
2320
2730
2105
2650
2123
2495
2442
2053
2566
2201
2486
1941
1986
1796
1265
1548
2148
2411
2461
2455
2047
1662
1588
1439
1731
1601
1444
1355
1822
2563
2186
2321
2303
2278
2351
2593
2454
2608
2191
2318
2286
2555
2422
2555
2353
2477
2305
2543
1367
1468
1849
1918
2482
2306
2667
2450
2222
2414
2459
1610
1564
1632
1606
1747
2199
2407
2681
2065
2376
2330
2643
2605
2642
2621
2411
2517
2405
2412
2529
2541
2400
2449
3283
2472
2456
2430
2602
2388
2276
2456
2423
2404
2501
2267
2331
1985
2090
2394
2535
2381
2415
2549
2645
2411
2355
2464
2048
1563
1296
2208
2238
2419
2228
2376
2054
2384
2321
2435
2385
2610
2218
2451
2501
2416
2277
2447
2405
2286
2280
2443
2414
2477
2361
2519
2441
2334
2512
2321
2228
1893
1352
1762
1965
2523
2407
2471
2324
2263
2537
2615
1759
1616
2049
1735
1301
1566
2163
2101
2345
2512
2592
2853
1869
1862
2768
2235
1929
2288
2501
2506
2348
2467
2475
2326
2574
2451
2547
2366
2360
2496
2597
2435
2654
2387
2543
2635
2567
2410
2578
2383
2462
2468
2521
2654
2351
2486
2324
2447
2250
2598
1587
1103
2134
2555
2654
2536
2537
2501
2205
2517
2491
2484
2547
2453
2591
2283
3006
2545
2451
1910
1962
1781
1693
1510
1784
1894
2634
2447
2050
2521
2030
1544
1967
2410
2563
2174
2531
1916
2652
2411
2441
2607
1968
3059
1524
2053
2150
1311
1640
1946
2422
2272
2483
2544
2200
2254
1896
2463
2854
2618
2925
1580
1972
1779
1229
1734
1655
2571
2064
2498
2428
2561
2469
2241
2367
2496
2640
2372
2063
2492
2481
2421
2529
1850
2471
2327
2628
2662
2438
2743
2276
2289
2478
1713
1495
1423
2301
1974
2400
1376
1617
