1187
1199
2184
1410
1686
1378
1549
1348
1594
1338
1412
1433
1648
1339
1358
1667
1293
1094
1226
1252
1381
1255
1299
1235
1571
1478
1357
1529
1209
1734
1500
1312
1496
1292
1463
1447
1676
1607
1336
1486
1553
1704
1627
1242
1561
1257
1705
1239
1339
1299
1263
1221
1261
1419
1472
1580
1775
1303
1395
1649
1798
1553
1739
1576
1866
1495
1134
1269
1788
1480
1786
1633
1731
2070
1704
1802
1427
1594
1432
1862
1595
1888
1506
1753
1345
2378
1448
1731
1697
1489
1619
1666
1479
1396
1403
1194
1175
1462
1467
1784
1431
1683
1437
1660
1775
1441
1690
1638
1474
1651
1430
1416
1265
1559
1432
1223
1727
1702
1716
2010
1640
1557
2178
1839
1968
2443
1961
2347
1535
1726
1858
1728
1428
1590
1755
1752
2199
1956
1511
1832
2002
2152
1877
2119
2151
1988
2217
2128
2335
1774
2109
2310
1925
2389
1785
2407
1500
1544
2106
1581
1578
1458
1949
2189
2240
2231
2163
1627
1629
1897
1909
1921
2137
2048
2280
2128
2164
2316
1708
1492
1355
2241
2112
2281
2202
1565
1770
2154
2193
2315
2093
2219
1969
2136
1971
2268
2363
2101
2136
2038
2045
2107
1850
1945
2037
2116
2030
1337
1533
1848
2109
1819
2289
2103
2314
2208
2056
2307
2130
2054
2028
2368
2211
2128
2035
2180
2012
2438
1863
2245
1951
2248
2204
1986
2338
1846
2408
1933
2276
2006
2114
1652
1771
2272
2053
2397
2284
2399
2070
1955
2215
1981
2118
1954
1769
1642
1673
1722
1641
1577
1576
1633
1762
1463
1270
1551
1700
1804
2088
2044
2063
2214
2190
2091
2075
2174
2192
1571
1519
1471
1586
1773
2105
1501
1247
1432
1818
1638
1520
1668
1904
1699
1896
1989
2119
2164
2004
2230
2157
2301
2229
1958
1764
1459
1436
1451
1567
2143
1942
2406
2335
2717
2200
2459
2079
2310
2029
2234
2116
2059
2012
2302
2173
1516
2232
1929
2313
2019
2062
2156
1736
2411
1951
2114
1714
1939
2370
1691
1459
1469
1416
1438
1428
1607
1453
1445
1520
1285
1098
1378
1365
1299
1231
1244
1429
1409
1125
1394
1356
1186
1562
1994
2122
1617
1857
2137
2024
1961
2176
2351
1796
1289
1501
1367
1124
1403
1822
1669
1424
1313
1493
1631
1161
1397
1410
1138
1498
1674
1706
1810
1819
1536
1625
1440
1608
1555
1456
1851
1617
1870
1511
1904
2450
2279
2746
2257
1759
1877
1990
2386
1800
1880
1463
1484
1765
1732
1431
1702
2052
1635
1579
1240
1275
1140
1426
1091
1156
1373
1445
1582
2163
1780
1662
2087
1850
1967
1989
2095
1487
1661
2094
1740
1604
1925
2110
1962
2278
2173
2128
1536
1832
1996
1877
2172
2248
1789
2024
2417
2376
1694
1423
1344
1576
1430
1785
1443
1300
1514
1443
1190
1101
1330
1217
1498
1725
1715
2010
2020
2513
2244
2648
2251
2529
1116
2005
1721
1886
2099
2214
2162
1838
2014
2386
2613
1810
1755
1449
1449
1807
1989
1996
2131
2236
2249
2396
2287
2256
2223
2319
2266
2424
2583
2282
2589
2393
2498
2367
2544
1430
1996
2111
2306
2666
2338
2405
2018
2555
2370
2411
2513
2869
2567
2503
2514
2433
2297
2376
1964
1597
1718
1832
2232
1307
1653
1237
1469
1821
1486
1675
1344
1573
1491
1473
1289
1303
1523
1512
1803
1673
1874
1832
2151
1417
1460
1584
1632
1259
1157
1442
1732
2355
1607
1888
2108
2198
2774
2067
1869
1751
1930
2352
1737
2581
1952
2026
2188
1757
2389
1891
2218
2769
1864
1461
1404
1363
1217
1411
1434
1190
1314
1449
1535
1480
1280
1284
1673
1369
1199
1481
1232
1650
1425
1863
1593
1520
1814
1545
1596
1529
1277
1323
1421
1422
1747
1640
1952
1258
1679
2340
1710
1674
1212
1461
1469
1448
1267
1327
1601
2027
1523
1584
1252
1427
1682
1117
1349
1201
1190
1482
1483
1543
1833
1405
1842
1606
1618
1448
1534
1669
1633
1298
1597
1611
1607
1188
2028
1849
1673
1545
1440
1707
2410
2410
1629
1543
1741
1457
1554
1299
1773
2126
2677
2191
2200
2462
2571
2459
1842
1327
1391
1787
2422
2283
2500
2182
2317
2109
1561
2064
2210
2524
2352
2430
2705
2290
2667
2426
2391
2241
2596
2593
2395
1992
2246
2484
2406
2216
2171
1884
2137
2398
1600
1656
1554
1784
1636
2487
2188
2264
1696
1714
1838
2263
1500
1500
1547
1445
1722
2366
2437
2342
2494
1523
1558
1562
1437
1621
1421
1669
1965
2104
2292
2256
1821
2113
1896
2317
2122
2500
2260
1568
1687
2565
2531
2231
2502
2151
2466
2424
2491
2539
2480
2353
1978
1488
1312
1669
2921
2611
1600
1423
2202
1397
1673
1234
1542
1639
2249
2327
2449
2428
2462
2343
2140
3248
2099
2624
2365
2593
1525
2163
2421
2245
2394
2225
2331
2498
2255
2709
2330
2484
2056
2441
2504
2231
2557
2467
2531
2474
1951
2585
2306
2258
2412
1829
2160
1432
1581
1980
1589
1405
1459
2368
2220
1328
1233
1931
2367
2590
2216
2123
2449
2566
2363
2509
2279
2308
2148
2112
2579
2199
2854
2044
2498
2408
2379
2425
2429
2431
2358
2381
2428
2147
2524
2261
2315
2492
2584
2725
2392
2437
2141
2231
2481
2030
2611
1376
1430
1801
1690
2187
2244
2766
1786
1280
1228
1894
2223
2132
2413
1888
2479
2531
2456
2392
2205
1938
2518
2043
1568
1933
1321
1497
1598
1871
2652
2512
1804
2379
1623
1834
2033
2074
2363
1936
2512
2484
2434
2185
1461
1639
2011
2425
1595
1532
1749
1542
1279
2038
1942
2467
2074
2367
2340
2407
2497
2103
2136
2275
2355
2325
2256
2267
2119
2167
1862
1726
1776
1509
1620
2070
1741
1728
1440
1569
1633
1771
1867
1396
1461
1652
1626
1773
1507
1646
1516
1199
1153
1228
1497
1475
1453
1762
1456
1609
1577
1641
1676
1668
1619
1342
1445
1371
1352
1402
1491
1295
1567
1804
1446
1675
1378
1454
1515
1475
2027
1591
1604
1318
1503
