1415
1804
1874
1447
1446
2084
1467
1605
1416
1460
1412
1813
2314
2262
2284
2084
2245
2259
1963
2237
1710
2033
1961
2058
2582
1927
2066
2121
2442
2455
2031
2458
1721
2537
1899
1943
1783
1697
2419
1734
2045
2318
2079
2295
2821
2316
2412
2076
2328
2090
2342
1724
2063
2242
1462
1432
1412
1327
2422
2832
2383
2233
2539
2112
2299
2541
2126
2300
2040
2507
2390
2114
2762
2341
2417
2420
2024
2313
1877
2239
2152
2183
2504
2160
2356
2039
1938
2507
2008
2513
2028
2604
1651
2370
1540
1417
1553
1906
2046
2094
2318
2323
1431
1785
1520
1918
2385
2301
2337
2458
2341
2489
1842
2445
1528
2285
1952
2519
2273
2193
2421
2153
2251
2437
2404
2376
1952
2326
1531
1503
2160
1817
1745
1763
1898
1983
2025
2115
2020
2344
2384
2292
2570
2099
2556
1563
2214
2396
1921
1492
1574
1390
1680
1764
2047
2018
1985
2260
1970
2920
1708
1714
1255
1482
1895
1943
2171
2021
2556
1747
1929
1824
1639
2232
1594
1643
1650
1540
1698
1952
1736
1663
2405
1776
2394
1653
1680
1374
1431
1355
1405
1533
1641
1545
1536
1650
1688
1732
1669
1622
1361
1360
1777
2315
2196
2192
1858
2345
1973
2217
1577
2212
1948
2011
2513
2205
2567
2112
2544
1990
1826
1685
1471
1310
1425
1644
1537
1652
1680
1711
1876
1816
2099
2088
2178
2514
1862
1548
1503
1749
1965
1735
1631
1735
1764
1429
2185
1786
2593
1394
1578
1430
1161
1643
1662
1377
1611
2043
1962
2262
2213
2256
2076
1811
2136
1244
1259
1826
1998
2164
2343
2687
3353
2681
2214
1470
1458
1394
1720
1543
1943
1682
1423
1591
1690
1943
1954
1798
1990
1667
2106
1621
1979
2023
1683
1709
2063
1533
1590
1726
1825
1901
1626
1474
1405
1178
1456
1883
1532
1669
1713
1642
1726
1796
2030
1879
2247
1617
1560
1656
1526
1573
1769
1809
1874
1559
1724
1809
1557
1273
1917
1863
1786
1913
1943
1454
1550
1672
1904
2110
2246
2556
2005
1353
1852
2135
2163
2456
2461
2461
2446
1755
1824
1764
2067
2397
2393
2459
1886
2013
2303
2287
2507
2570
2631
2094
2673
2723
1616
1934
1869
2090
2120
2632
2349
2386
2399
2372
2104
2513
2366
2678
2425
2537
2464
2526
2718
1980
2167
1808
1519
1687
1501
1712
1775
1775
1956
1492
2063
1691
2068
1788
1805
1939
1605
1700
1568
1656
2468
1640
1570
1435
1416
1480
1991
1365
1767
2292
1298
1889
1902
1966
2109
2358
2640
1982
2330
1732
1584
2139
1657
2385
2005
2424
2246
2587
2493
2098
1651
1665
1812
2077
2157
2486
2472
2432
2401
2502
2527
2497
2661
2401
2319
2762
2455
2485
2448
2431
2497
2395
2668
2450
2485
2299
2436
2573
2110
2607
1779
1304
1289
1724
2411
2725
2551
1559
1979
1656
1190
1523
1866
2219
2021
2270
2451
1448
1559
1401
2195
1984
2090
2588
2113
2675
2332
2358
2463
2072
2477
2370
2383
2544
2486
2117
1636
1894
1907
2466
2481
2415
2523
2391
2524
2391
2554
2521
2148
2534
2444
1421
2015
2334
2732
2094
1410
1609
1792
1532
1408
1637
1944
2205
1665
1253
2039
2042
2743
2259
2555
2421
2082
2456
2198
2594
2388
2483
2453
2537
2604
2116
2312
2504
2578
2644
2421
1539
1882
1722
1451
1773
2393
1897
2155
1846
2129
1857
2356
2286
2288
2898
1912
2010
2169
2043
1734
1767
2173
1929
2246
1530
1513
2051
1978
2539
2154
2138
2009
2111
2510
2267
2333
2351
2501
2519
2052
2241
1351
1944
2106
2144
2406
2016
2492
2367
2407
2047
2181
2031
2246
2425
2139
1612
1416
2013
2596
1893
2244
2068
2321
1902
1506
1495
1545
2424
2319
2490
2186
1523
1452
2226
2478
2563
2505
2400
2676
2515
1935
2508
2175
2312
2521
2425
1584
1630
2147
2327
3182
2149
2322
2445
2261
1400
1790
2282
2499
2330
2441
2161
2569
2370
2318
2305
2405
2411
2549
2494
2228
2422
1999
2385
2500
2017
2134
1754
1376
1544
2338
2534
2229
2574
2224
2366
2306
2246
3012
2152
2624
2241
2629
1285
1634
2568
2118
2445
1843
2495
2441
2319
2056
1838
2609
1588
1508
1244
1429
2089
1789
2372
1810
2204
2277
2646
2508
2054
2224
2397
2281
2196
2280
2573
1394
1514
1554
1624
1923
2286
1955
2384
2574
2595
2354
2641
2236
2405
2395
2418
1559
1658
1810
1714
2125
1643
1801
1080
1546
1985
1650
1960
1567
1557
1787
1637
1668
1863
1510
1897
1511
1793
1689
1418
1414
1450
1597
1590
1362
1608
1519
1660
1729
1426
1339
2067
1804
1533
1593
1435
1636
1699
1628
1611
1679
1435
1675
1410
1570
1521
1424
1799
1483
1627
1309
1832
2165
2079
1933
1753
1384
1418
1752
1729
1319
1604
1343
1707
1404
1603
1777
1535
1875
1696
1417
1800
1921
2106
1951
2575
2288
1438
1325
1490
1763
2252
1634
1348
1946
2660
1964
2428
2291
2151
2123
2592
2402
2483
1496
1850
2079
1416
1655
2442
1458
1623
2546
1561
1629
1684
1534
1741
1878
1698
2344
1544
1531
2454
1458
1544
1784
1683
1670
1846
2018
2206
2350
2292
2288
2080
1591
1972
1307
2345
2298
2423
1910
2026
2395
3241
2111
1487
1503
2096
1970
1345
1968
1851
1924
2103
2015
1957
1338
1406
1358
1576
1667
1825
1769
1825
1778
1883
1742
1916
2102
2216
2088
1914
2042
2515
2198
2580
3230
2517
2250
2409
2292
2440
1642
1725
1986
2179
2453
2397
2357
2609
2281
2039
2617
1973
1640
2028
1532
1562
2151
1627
1477
1558
1645
2036
1862
1468
2239
1627
1543
2434
1866
1844
1864
2022
2487
2025
2169
2202
2373
2356
2473
2545
2345
2522
2409
2497
2570
2422
2363
1714
1331
1842
1851
2513
2657
2449
2408
2185
1745
1320
1587
2258
1794
1477
1479
1660
1583
2966
1594
2022
1508
1445
1969
1249
1626
2196
1901
1576
1817
1722
1966
2016
1973
1420
1112
1889
1818
2135
