1826
1708
2120
1801
1806
1887
1891
1940
1929
2377
2764
2213
2551
2374
2624
2872
2825
2862
2822
2766
2333
1644
2230
1807
2073
1827
2523
2243
2304
2287
1885
1985
1778
1630
1961
2027
1672
1647
1917
1688
2727
1792
2012
1798
1771
1924
2174
2388
1633
2199
1953
1732
1872
1734
1560
2164
1666
2145
2208
2499
2422
2508
2589
1714
1957
1650
1866
2175
1679
1723
1859
1972
2464
2544
2421
2265
2526
1619
1818
1761
1718
1550
1948
1720
2057
1820
1756
1822
1580
2320
2115
2648
1959
1799
2022
1533
1944
1525
1939
1840
2229
2612
2420
1690
2041
1807
1723
1582
1600
1730
1834
1433
1784
2630
2490
1648
1702
1468
1824
2609
2369
2413
2590
1963
2524
2072
2021
1983
2125
1800
1636
1787
2039
2190
2217
1893
1718
1914
1694
1915
1456
1766
1891
1934
1719
2145
1979
1829
1757
1493
1881
1941
2347
1981
1869
1781
1656
2356
2118
2364
1966
1729
2425
1757
1704
1802
2482
1962
1726
2014
2084
2655
2832
2520
1617
2199
1689
1911
1820
1827
2084
2240
2799
2355
2227
1782
1731
1896
2096
2812
2040
1872
2113
1870
1892
1772
2366
1926
2497
1782
1906
1741
1800
1538
1617
1846
1722
1844
2213
2193
2391
2225
2436
1933
1984
2335
1741
1743
1697
1769
1673
2267
2569
1737
1675
2296
1990
1665
1790
1977
2221
1703
1556
2457
2339
2172
1755
1676
1795
2011
2418
2212
2319
2813
2286
2327
2365
2513
2045
1860
2492
2202
2807
2326
2828
2599
3059
2708
2161
2160
2596
1625
1795
1802
1566
1821
1898
1787
1650
2116
1834
1909
1771
1779
1810
1647
1721
1741
1628
1622
1775
2085
1710
1591
1928
1809
2038
1738
1798
1799
1770
1610
1647
1963
1706
2279
2335
2010
1726
2868
1431
2051
1970
2304
2568
1661
1548
1534
1640
1862
1590
1487
1917
1484
1728
1502
1559
1637
1642
1746
1568
1639
1661
1717
1841
1405
1676
1484
1966
1792
1390
1639
1530
1724
1564
1786
1630
1508
1649
1453
1589
1594
1730
1683
1883
1685
1505
1767
1688
1907
1777
1414
1886
3203
1781
1501
2040
1435
1778
1715
1477
1686
1556
1518
2213
1883
1658
1590
1445
1578
1758
1532
2092
1639
1651
1617
1623
1687
1812
1463
1865
1909
1889
1698
1586
1880
1701
1807
1655
2395
1830
2040
1599
1761
1572
1798
2142
2205
1932
1756
1958
2057
1611
2315
1892
1597
1646
1831
1852
1688
1668
2174
1585
1612
2180
1896
1526
1508
1890
2305
2154
2378
2065
1865
1941
2511
1903
1643
2122
2020
2375
2256
1837
1507
1690
1822
1968
1746
1878
2137
1654
2130
2441
2077
1952
1834
1717
2133
1720
1597
1967
1807
1664
1943
1795
1703
1568
2039
2325
1687
2017
2895
1942
2059
2099
1874
1870
1969
1732
10662
1718
1622
2628
1721
1970
1863
1866
1849
1615
2004
2087
2005
2521
2404
2432
1825
2162
2008
2939
2458
2356
1883
2335
2290
1912
1567
1716
2246
1763
1679
1640
1920
1976
2446
1840
1523
1869
2325
1850
1636
1474
2071
1488
1712
2823
3382
1664
2592
2432
3754
1988
1695
2050
1730
1733
1949
2062
1800
1862
2375
3225
1608
1954
1951
1702
1451
1915
1548
1786
1817
1728
1522
1991
1467
1863
1626
1797
2358
1609
1544
1721
2087
2124
1814
1589
2049
1797
1648
1683
1431
1658
2360
2797
2459
2052
1535
1533
1436
1772
2306
1617
1424
1351
1325
1351
1530
1274
1839
1898
1874
1342
1375
1538
1640
1475
1552
1597
1730
1859
1516
1891
1714
2005
1651
1952
1451
1796
1771
1875
1802
1714
1836
1559
1937
1613
2043
1902
1696
2542
1979
2257
2582
1668
1706
1761
2415
2662
2357
2366
2663
2869
2568
3112
2455
1925
2009
1788
1656
1854
1644
1580
1254
2268
2287
2732
1999
2925
2695
2771
3057
2546
2491
2212
2213
2346
1818
2118
1594
1905
1635
2629
1772
1837
1613
1713
1741
1631
1839
1769
1884
1878
1592
1883
1495
1814
1934
1584
1952
1726
1579
1794
1917
1466
1841
1529
1551
1414
1706
1907
1598
1619
2218
2328
1627
2159
1901
2039
1963
1550
1597
1624
1779
1887
1802
1678
1797
1695
1660
1826
1839
1516
1900
1714
1948
2189
1932
1956
1721
2094
1538
2455
1939
2447
2688
2213
2295
1965
1612
1693
1542
1716
1703
2341
2159
2340
2643
2304
2734
2001
2689
2390
2449
2638
2569
2686
2596
2434
2675
2394
2773
2024
2529
1620
1734
1700
1555
1714
2257
1986
1542
1826
1704
2201
1623
1306
1504
1358
1961
1705
2076
1746
1895
1498
1580
1563
1839
1497
1760
1893
1718
1898
2104
2884
1989
1709
1907
1868
1425
1785
2115
2340
1892
1772
1680
2009
1852
1558
1951
1841
1779
1843
1649
1707
1772
1833
1551
1977
1743
1644
1701
1797
2002
2321
1537
1864
1659
1757
2138
2355
2495
2556
2718
1480
2410
2212
2203
2527
2140
2140
2198
2088
2355
2163
2244
2187
2514
2817
2628
3449
2133
2746
2639
2682
2859
2662
2955
2219
1321
1451
1706
1775
1542
1766
2196
2605
2694
2214
2525
2203
2808
2172
1467
2212
1875
2061
1999
2234
2398
2149
2159
1965
2112
2378
2500
2459
2556
2091
2343
2306
2474
2105
2218
1907
2287
2338
2388
2408
1990
1464
1948
2016
2180
2120
2314
1791
1951
2696
2353
2860
1592
2143
2715
2615
2713
2502
2894
2215
1551
1694
1580
1966
2582
3054
1846
1368
1947
2365
2060
1624
1748
2121
2296
2415
2176
2751
2891
2094
2329
2146
2331
2150
1767
1520
1848
1960
1509
1611
1633
1817
1785
2122
1702
1823
1720
1608
2297
1306
1573
1740
2047
2009
1865
1801
1857
2286
1695
1361
2195
2644
2545
2235
2400
2299
2465
2068
1858
1603
1745
1684
1789
2142
2225
2251
2187
2031
2551
2181
2752
2899
2276
1743
1527
2065
1614
1935
2503
2224
2376
2045
2664
2663
2405
1904
1647
1851
2129
2042
2242
2303
2173
1891
2154
2334
1513
1419
1935
2583
1649
1739
1520
