1763
1371
1607
1372
1812
3079
1459
1407
1649
1502
1488
1532
1990
1908
1857
2245
2127
2234
1464
1535
2075
1794
2332
2045
1749
1479
1623
1275
1486
1706
1992
2095
2164
1967
2365
1737
2388
2040
2468
1784
1884
2202
1900
2398
1974
2099
1414
1794
1491
1345
1525
1624
2129
2473
2005
2671
1964
1656
1708
1824
2233
2385
2650
2373
2516
2555
1557
1351
2008
2536
2089
2461
2406
2059
2437
1875
2609
2129
2175
2409
2226
2507
1840
2552
1989
2337
2548
2471
2025
2041
2375
2134
1800
1444
1982
1344
1607
1708
1672
1554
2020
1473
2003
1755
2511
2483
1920
1976
2042
2262
1696
2715
2505
1487
1892
1699
2422
1508
1906
2544
2315
2544
2090
2455
2045
1729
1893
1982
2062
2321
2311
2301
2287
2502
2306
2263
1904
1427
1836
1610
1896
1820
2035
1885
2248
1954
1832
2186
1642
1716
1531
1461
1672
1684
2102
2209
2253
1687
1664
1929
1774
1633
1362
1644
2065
2037
2533
2321
2319
2449
2421
2540
2064
2386
2332
2074
2426
1519
1939
2286
2429
2487
2271
2418
2207
2540
2022
2260
1390
1358
1181
1993
1866
2305
1763
1980
1927
2112
1964
2384
2160
2284
2055
2420
2224
2212
2070
1904
1497
1467
1367
2050
2133
2096
2584
2489
2083
1623
2100
1747
2030
1952
2150
2055
2144
2472
2085
2214
2276
2430
2134
1940
1681
1701
2112
2105
2210
2187
1878
2416
2244
2119
1814
2077
1555
1817
2164
1987
1973
2132
1947
2163
1791
2371
1899
1483
1357
2030
2145
1693
2096
2275
2000
1803
2567
1978
1985
2061
2268
2186
2179
2356
1964
1892
2270
2137
2412
2564
2489
2414
2664
2479
2336
1897
1637
1779
1762
2221
1573
1730
2335
2117
2385
2457
2437
2309
2677
2520
2446
2240
2467
1296
1493
1261
1496
1877
2583
2352
2664
2291
2215
2484
2431
2204
2538
2593
2611
2744
2440
2691
2324
2461
2394
2751
2415
2032
1414
1802
1508
1360
1582
1773
2406
2297
2106
2577
1950
1584
1721
2482
1762
2386
1790
1966
2178
1567
2265
1492
1532
1579
1665
1711
1772
1866
2103
1779
1730
2150
1574
1606
2008
1660
1590
1598
1461
1452
1708
1637
1793
1932
1518
2902
2367
1596
1919
1388
1367
1962
1420
1440
1692
1448
1362
1828
1539
1884
1375
1481
2182
1378
2017
2052
1675
1542
2146
1590
2185
1752
1621
1870
1517
1597
1483
1670
1507
1755
1626
1900
1702
1706
1948
1903
2175
1984
2411
2181
1851
2157
2022
2198
1758
2071
1451
1847
2497
1961
2504
2357
2083
2293
2129
1790
1580
2214
1922
1840
2425
2741
2518
1951
2209
2424
2517
2487
2752
1665
1399
1745
2469
1412
2047
2345
2523
2474
2424
2477
2639
2450
2320
2659
2451
2521
2506
2697
2871
2638
2158
2652
2411
2511
2107
2356
2595
2099
2555
1908
2563
2555
1783
2564
1807
2490
1950
2548
2414
1440
1564
1959
2659
1857
2069
2572
1525
1456
1509
2120
2337
2142
2472
2199
2646
1909
2345
2384
2037
2202
1967
2485
2435
1917
2595
1611
2427
1848
2213
2548
2237
2506
1995
2257
2305
2104
2322
2565
1622
1939
1651
2080
1910
2450
1945
1944
2379
1947
2305
1816
2163
2431
2216
1483
1276
1966
1937
2119
2406
2084
2350
1736
2384
2465
2028
2381
1755
1992
1749
1804
1604
1575
2067
1988
2140
1733
1733
1718
1719
1783
1664
1676
1784
1893
2362
2096
2561
1879
2470
2608
2166
2820
1639
1896
2393
2404
2440
2299
2467
2175
2189
2287
1426
1440
1895
2238
2491
1985
2615
2168
2414
2110
2098
2427
2270
2651
2129
2441
2782
1778
1550
1771
1363
1639
1521
2163
2509
2370
2313
2420
2603
1983
1686
1896
2145
2618
2530
2515
2459
2229
2156
2202
2012
2074
2490
2337
2163
2659
1974
1243
1559
2240
2531
2177
2569
1810
2449
2277
1595
1614
1750
2289
1287
1506
2025
1738
2498
2011
2033
2252
2201
2171
1787
2059
2058
2528
2212
2147
2479
2475
2273
2638
2107
1406
1757
2402
2295
2327
2348
2297
2577
1562
2963
2103
1803
2744
1597
1442
2019
2133
2465
2101
2318
2226
2370
2657
2190
2415
2071
2115
2203
2218
2233
2126
2412
2066
2169
2041
2197
2144
2250
2305
2071
2308
2667
1406
2252
2122
2076
2226
1940
2586
1896
2467
2304
2112
2602
2077
2731
2230
1964
2052
2976
1600
1454
2024
2360
2163
2556
2275
2446
1968
2297
2323
1900
2309
2214
2003
2334
2083
2258
2473
2592
1823
2392
2161
2254
2419
2289
2420
2592
2164
2390
2045
2295
1517
1648
2437
2424
2640
2267
2202
2355
2017
2154
2341
2373
2413
2506
2782
1432
1653
2092
2415
2677
2102
2743
2248
2481
2556
2585
2609
2274
2357
2095
2270
2540
17163
1520
1347
1401
1838
1939
2437
1957
2311
2352
1488
2050
1943
2628
2374
2383
2131
2227
2362
2215
2604
2243
2417
2256
2284
2435
2153
2611
1491
1423
1590
2059
2853
2247
2146
2098
2486
2274
1701
2366
2090
2567
1825
2561
2603
2329
2619
1421
1483
1652
1366
1361
1744
2229
1506
1649
1642
1874
1473
1267
2023
1974
1769
2237
2396
1917
1588
1902
1927
1833
1900
1557
1407
1402
2025
2175
1538
1392
1637
2443
2346
2239
2237
2707
2932
2430
2712
1968
2373
1803
1637
1625
1376
1428
1225
1664
2389
2591
2424
2444
2445
2371
2420
2097
1544
2215
1552
2270
1583
1753
2049
1936
2360
1938
2425
2028
1727
2430
1495
1545
1712
2301
2038
2265
1541
1373
1932
2147
1960
2594
2072
2579
2018
1849
2020
1932
2173
2099
2562
2422
2504
2095
2392
2391
2411
2411
2487
2555
2463
2548
1783
1406
1685
2487
2104
2350
2228
2439
2122
1800
1933
1804
1992
1765
1948
1649
2053
2639
2061
2530
2030
1379
1274
1453
2482
1965
2423
2065
2261
1618
1686
1989
2059
2349
2402
2400
2311
1317
2200
2231
2797
2209
2053
2152
2115
2510
2021
1533
1496
1500
2028
1675
1611
1619
1625
1495
1577
