1862
1893
1651
1806
1893
2196
1665
1837
2007
2255
1964
2436
2686
1800
2221
1749
1695
2211
2382
2189
2360
2093
3089
2180
1474
1473
2145
2436
1826
1951
2453
2658
2557
2453
2636
2745
2778
2614
1691
1815
1627
2533
2584
2314
2154
2283
2501
2802
2746
2826
2710
1954
2876
2062
2677
2047
2638
2745
2271
2153
1586
1415
1689
2077
1946
2280
2206
2091
2082
2163
2251
2221
2232
2182
2327
2206
2330
2323
2404
2204
2245
2587
2375
2615
2093
1817
1446
2065
2160
2195
2310
2367
1670
1434
1957
1740
1794
1953
2031
1947
2557
1721
1733
1815
2019
1791
1526
1740
1712
1834
1929
2215
2437
1971
2334
1845
1752
1536
1581
1991
2075
2468
2202
2100
2623
2279
2084
2651
2652
2401
2655
2253
2527
1439
1644
1865
1710
1646
2255
2096
2165
2421
2032
2358
2448
2658
2446
2217
2651
2782
2530
2586
2245
1723
1608
1932
1902
1692
1855
1978
2024
2013
2158
1775
2896
2006
1758
1809
1517
2136
2516
2666
2019
2389
2570
2673
2818
2354
2855
2599
2839
1626
1748
2374
2478
2304
2019
1698
1628
1828
1686
1569
1577
1676
1919
2121
1911
2230
1963
2022
2124
1998
2148
1802
1958
1947
1845
2060
1504
1755
1565
1639
1668
1483
2179
1649
1766
1797
1825
1576
1910
2078
1788
2004
1944
1824
1891
1623
2151
2038
1770
2093
1698
1655
2003
1699
2131
1960
1711
1476
1494
2078
1597
1264
1398
1907
1650
1511
1504
1599
1701
1810
1456
2160
1736
2068
2042
1835
1741
2141
2105
2322
2281
2549
2307
2251
2368
2020
1931
1732
1808
1579
1799
1825
1762
2148
1778
1483
1686
1751
1862
1838
1560
2316
1713
1897
1830
1977
1962
1568
1912
1709
1844
1965
1496
2219
1784
1444
2018
1739
1568
2153
1570
1915
1891
1519
1685
1517
1684
1801
1839
1826
1596
1783
1622
2147
1528
1858
1599
1331
1549
2091
2262
2505
1549
1598
1628
1753
1795
1565
1841
1522
1609
1823
1864
1764
2315
1636
1714
1812
1831
1597
1636
1549
1707
1889
1749
1723
1607
1582
1578
1995
1352
1768
1625
1895
2185
1783
1661
1598
1641
1571
1599
1994
2310
2318
1682
2224
2272
2318
2567
1595
2269
2311
1793
1759
1538
1735
1990
1796
1612
2123
1652
2861
1712
1791
1581
2045
2019
1555
1826
1654
1886
1707
1847
1509
2222
2212
2361
2451
1914
1858
2008
1834
1943
1820
2019
1681
1983
2218
2121
2201
2569
1910
1909
2344
2434
2070
2071
2156
2411
2180
2167
1613
1518
1993
2575
2474
2572
2737
2516
2837
2889
2483
1602
2258
2780
1855
2136
1837
1977
1750
1694
2090
1949
2333
1428
1907
1861
1942
1468
1553
1632
1477
1817
1912
1958
2198
2192
2412
2117
1996
1738
2060
2640
1844
1404
1578
2164
1476
1850
1970
1702
1582
1883
1839
1579
1472
1782
1972
1655
1727
2020
2477
1711
1629
1538
1759
1970
1895
1811
2034
1983
1758
2145
2210
2029
1684
1593
1580
2252
1831
2191
1656
2224
2605
1982
1671
1551
1919
1915
1782
2177
1666
2131
1738
2066
2013
2030
2142
2113
1751
3292
1625
1473
1480
1924
1952
1511
2060
2067
1626
1677
1370
1204
2264
1708
1299
1746
1569
1484
1598
1555
1743
1726
1362
1529
1857
1567
2153
1538
1563
1574
1571
1935
1540
1527
1988
1783
2056
2051
2304
2150
2087
2003
2093
6111
2265
2310
3222
2287
2175
3248
2443
1769
3457
1560
1344
2562
1859
1668
1643
1556
2646
1763
1393
2177
1995
1730
1483
1955
3306
2256
1486
1307
1982
1504
1709
1698
1481
1524
1657
1964
2947
1379
2713
1813
1395
1791
1359
1431
1492
1425
1566
1977
1599
2082
2059
1627
1214
1392
1321
1498
1736
1382
1927
1359
1522
1674
1326
1386
2063
1451
1801
1439
1872
1772
2489
1644
1533
1682
1729
1908
2280
2306
1913
1621
1724
1520
1732
1881
1379
1888
1523
1892
1513
1815
1391
2012
1593
1961
1882
1683
1716
1663
1756
2685
1718
1776
1376
1973
2072
2179
2084
2198
2774
2694
1797
1810
1539
1687
1649
1607
1609
1680
1276
1576
1860
1646
1938
1603
1628
1827
1609
1570
1655
1981
2309
1726
1877
1877
2218
2222
2301
2483
2322
2458
2300
2630
2359
2239
2024
1926
2344
2322
1537
1813
1571
1756
2031
2381
2555
2335
2195
1858
1728
1774
1978
2099
2291
2333
2289
2506
1414
1774
2026
1909
2063
1651
1790
1784
1984
1764
1696
2104
1987
2090
1935
1698
1694
1615
1826
1873
1911
2128
2325
2523
2182
1885
1826
1867
1847
1999
1562
1614
1410
1582
1809
1859
1791
1889
1870
1699
1761
1426
1646
1505
1998
1427
1654
1749
1629
1806
1566
1714
1968
1760
1955
2216
2227
3521
1829
1571
1806
2431
1646
1613
1779
1869
2050
1812
2039
1729
1686
1891
1682
1642
1550
1814
1527
1589
1617
1858
1638
1862
1881
1987
1636
1819
1187
1739
2073
1794
1788
1491
1903
2394
2197
2456
2171
2728
2141
2716
2727
2214
2686
2016
2639
2585
1679
1916
1811
1754
1700
1964
1788
2077
1877
1595
1506
1749
1943
1485
1757
1677
2044
1517
1721
1669
1743
1459
1902
1443
1880
2142
1602
2260
2090
2466
2704
2211
2853
1929
1812
1488
1822
1811
1850
1803
1781
1925
1796
1892
2184
1688
1719
1315
1483
1774
1824
1979
1839
2113
2210
1876
2737
1971
2703
2101
1736
1424
1631
1631
1800
1658
1739
1690
1350
1590
1656
1768
2229
2548
1477
1633
2024
2208
2522
2224
2729
1777
1691
1754
1660
1883
1821
2275
1684
2003
2307
1698
1995
1607
2006
1899
1687
1633
1546
1731
2586
2004
2380
2128
2437
1912
2159
2018
2364
2804
2452
2769
2641
2638
2805
2831
1714
1583
1665
2292
2563
2572
2604
2652
2711
2350
2711
1832
1836
2016
2318
2054
2136
2581
1726
1808
2051
1938
2284
1917
1910
2126
2235
2221
2322
2388
2281
2521
2825
2264
2786
1732
1952
2009
1924
1552
2365
1860
1741
1619
1909
