1239
1262
1221
1419
1862
1219
1278
1424
1525
1551
1727
1831
1683
1311
1521
1303
1673
1766
1619
1574
1389
1762
1838
1743
1854
1667
1763
1686
1568
1454
2027
1550
1778
1972
1855
2228
2439
2016
2229
1981
2296
1763
1972
2645
1667
1796
1909
1951
1546
1806
1925
1651
1593
1679
1511
1634
1563
1413
1981
1672
1818
1637
1623
1861
1793
1561
1474
1675
1877
2133
1613
1693
1848
2258
1952
1579
1251
1957
2027
1241
1352
1355
1437
1676
1560
1600
1481
1427
1810
1984
1683
1782
1362
1557
1272
1340
1228
1117
1083
1408
1270
1459
1538
1698
1447
1543
1373
1852
1559
1640
1896
1647
1251
1501
1244
1669
1768
1388
2005
1836
1866
2015
1410
1851
1811
2023
2127
1997
1672
1578
1519
1482
1368
1430
1433
1737
1922
1400
1840
1510
1495
1758
1165
1386
1237
1558
1653
1667
1483
1790
1569
1687
1630
1474
1741
1569
1411
1804
1703
1512
1937
1398
1071
1534
2100
2491
1999
1934
2203
2175
2361
1991
2505
1958
2335
2688
1961
2537
1938
2516
1755
1665
1480
1664
1451
2059
1390
1636
1446
1569
1180
1241
2500
1421
1826
1558
1653
1795
1901
1931
2012
1458
1412
1743
1794
1682
2213
1564
1820
1702
1697
1501
1716
1992
1886
1804
1968
2186
1977
2139
2162
2259
2108
1984
1981
1758
1946
1535
1953
1540
1754
1959
1382
1751
1613
1382
1388
1620
1736
2242
1439
1973
1788
1461
1572
1149
1419
1535
1179
1745
1691
1537
1775
1722
1655
2124
2361
1498
1480
1629
1733
2488
2075
3592
2252
2158
2275
1906
2349
1989
2189
2399
1938
3932
1811
2903
1793
1529
1646
1681
2004
2139
2016
2070
1913
1920
1838
2235
1877
2137
1799
2280
2540
2327
1584
1424
1893
2115
1589
1665
1640
2023
1969
2012
1362
1425
1572
2097
2128
2631
2302
2591
2271
2652
2106
2420
2395
2321
2485
2128
2769
2084
2293
2384
2123
2591
1960
2684
2127
2771
2546
3302
1961
2154
2519
1733
1948
2458
2187
2449
2110
2130
1790
2146
2448
2089
2513
1678
2255
1871
2587
1664
1397
1840
1886
2560
1995
2572
2350
2486
2555
1976
2215
2269
2507
2606
2012
1624
1320
1810
1916
1849
2131
2228
1907
2425
2599
2293
2364
2589
2145
2287
1900
2482
2128
2689
2302
1471
1830
1565
1494
1526
2061
2055
1952
2527
1390
1563
1534
1351
1667
2070
2040
2135
2162
2169
1957
1928
2151
2555
2195
2475
2167
2637
2195
1960
2371
2047
2031
2242
2331
2459
2098
2325
2193
2057
1774
1690
2037
2064
1926
2017
2149
2034
1976
2210
1984
2135
1897
1832
2192
2130
2174
2123
2257
1932
1261
1552
1725
2146
2071
2495
1878
2240
2174
2024
2241
2065
2470
2415
1904
2063
1771
1966
1612
1432
1381
1523
1821
2100
2195
2512
1930
2525
2002
2106
2240
1986
2456
1998
2344
1513
1925
1544
1518
1331
1638
1765
2048
1932
2088
2156
1968
1518
1529
1302
2215
2026
2201
2024
2285
1948
2122
2132
1967
2505
2199
2442
2039
2441
2158
1854
1549
1504
1512
1388
1751
1254
1635
1676
1632
1298
1866
1669
1989
1491
1663
1908
1664
1630
1661
1632
1516
1352
1542
1435
1276
1921
2394
2028
2015
2677
1639
1459
1696
1881
1871
2182
2327
2566
1464
2119
2182
1982
1569
1578
1510
1575
1421
1726
1941
1187
1620
1802
1825
1613
1531
1317
1650
1685
1583
1570
1236
1204
1232
1370
1744
1948
1684
1641
1689
1974
2035
1918
2044
2068
2190
1584
2067
2006
1441
1348
1563
1936
1914
2169
2273
2014
1920
2251
2159
1813
2101
1600
1495
1385
1669
1859
1833
1583
1472
1712
1707
1586
1673
2134
1545
1522
1877
1473
1434
1463
1581
1608
1772
1646
1555
1577
2000
1859
1760
1968
1981
2086
1739
2093
2056
1906
1711
1643
1563
1633
1624
1869
1589
1616
1936
1600
1814
1970
1619
1872
1707
1542
1906
1817
1368
1631
1775
1994
2071
2119
2094
2175
2187
2428
1982
2068
1407
1445
1579
1683
1763
1612
1967
1883
2073
2196
2222
2214
2087
2325
2142
2764
2514
2189
2618
1515
2024
1862
2621
2594
1980
2466
2336
2478
2820
2349
2551
2481
2478
2429
2479
2536
2412
2513
2136
2527
1668
1727
2335
1504
1707
1573
1732
2056
2000
2742
2021
2559
2799
2559
2687
2401
2445
2054
2179
2547
2270
2460
1646
1590
1379
1770
1746
1698
1605
1647
1558
1804
1438
1782
2118
1909
1612
1606
1640
1466
1153
1772
1764
2134
2091
2342
2297
2133
2511
3327
2360
2493
2597
2420
1729
1627
2105
1466
1758
1317
1319
2165
1762
1878
1535
1968
2088
2467
2299
2502
2571
2325
2602
2269
1331
1493
2036
2502
2434
2360
2436
2589
2772
2413
2565
2023
2238
2624
2384
1382
1712
1570
1716
1256
1450
1369
2090
2332
2013
2464
3109
2339
2647
1875
2354
2637
2633
2393
2522
2287
2561
2534
2266
2533
2340
2292
2624
2452
2422
2559
2859
1585
1476
1955
2525
2112
1656
1634
1438
1487
1486
1634
2264
2144
2568
2455
2468
2652
2127
2297
2513
2010
2450
2075
2240
2272
2019
1573
1594
1592
1971
2434
2808
2566
2477
2485
2255
2231
2229
2651
2689
2529
2258
1683
1936
2021
2203
1903
1534
1598
1666
2536
2253
2784
2273
2451
2524
2384
2675
2340
1986
2787
2034
2248
2174
2244
1866
2124
2075
2156
1919
2156
2460
2525
2213
2547
1932
2483
2797
2397
1868
1999
2268
2111
1998
1923
1993
1951
2141
1696
2001
2229
2221
2290
1431
1459
1403
1920
1346
1591
1720
1704
1984
1815
2014
2059
2157
2310
1934
2178
1988
2526
2194
2295
2033
2192
1933
2086
2060
2425
1894
1340
1965
2195
2137
2428
2420
1820
2118
2275
2887
2392
2479
2325
2155
2457
2369
2854
2065
1401
2187
2063
1618
1667
1610
1972
2031
2386
2099
2173
2374
2195
2440
2191
2463
1994
2404
2240
2450
2305
2491
2681
2363
2421
2546
2348
2524
2201
2648
2268
2505
2563
