1457
1600
1772
1832
1711
1750
1535
2008
1801
2098
2031
2101
1980
1920
2697
1560
1566
1763
2260
2416
1836
2792
1828
2279
1833
2270
2764
2109
2404
1933
2559
1951
2359
2403
1672
2303
1693
2317
1944
2273
2443
2367
2474
2384
1747
1415
1627
1581
1385
1366
1975
2417
2446
2481
2399
1504
1488
1786
2103
2018
2115
2526
1546
1577
1819
1813
2103
2198
2270
2123
2477
2277
2444
2651
2595
1735
1670
2534
2553
2298
2507
2311
2743
2067
2499
2535
2359
2836
2550
2439
2148
2334
1574
2323
1301
1513
1660
2051
2358
2512
2481
2461
2026
1622
1631
1345
1523
1427
2098
1756
1490
1529
2002
2427
1477
1476
1494
1559
2475
2359
2535
2506
2625
2383
4093
1284
3353
1337
1410
1475
1751
2151
2462
2454
2464
2208
2586
2515
2140
1759
1912
1948
2308
2249
2026
2215
2096
1565
2099
1909
3077
1621
1530
136105
1355
1571
1263
1767
1291
1600
1736
2120
1845
2176
2103
2101
2155
2233
2177
2010
2240
2298
2006
1816
2423
2120
1578
1573
1768
1891
1887
1870
2170
2094
2377
2091
2260
1927
2358
2195
2080
2269
1610
1372
2190
1642
2403
2058
2400
2362
2213
2263
2585
2166
2348
2232
1712
1514
2250
2331
2107
2625
2125
2632
2254
2238
2248
2357
2536
2440
1775
1747
1210
1154
1281
1605
2102
2025
1906
1945
2097
2327
2128
2108
2242
2582
2121
2275
2065
1629
1513
1522
1807
1928
1957
2087
2184
1251
1653
1388
1778
1687
1835
1945
2505
2302
2415
2187
2371
2779
1634
1772
1680
1076
1845
1688
1971
1936
1850
1859
2061
2218
1625
2021
1837
2161
2089
2037
2079
1649
1975
1984
2390
2178
2661
2359
2010
1310
1953
2351
2176
2361
2370
1862
2325
2432
1551
2146
1832
1901
2218
2230
2516
2067
2567
1791
2305
2666
2094
2547
1549
1923
1486
1583
1618
1422
1288
1416
1576
2005
2202
2597
1992
2446
2376
1853
1570
1588
2254
2395
1940
2421
1931
1861
1510
1706
2513
1970
2423
1908
2083
2411
2146
1813
1692
2044
1901
2394
1573
1667
2145
1802
2336
2332
1949
2223
2002
1910
1680
2199
2293
2484
2378
2226
1991
2228
2259
2381
2018
2199
2087
1905
1960
2103
2496
2317
2457
2539
2320
2207
1497
1253
2349
1928
2085
2189
2003
2289
2919
1923
1932
2384
2218
2403
2353
2598
2415
1827
1876
2213
2024
2355
2015
2425
1533
1603
1683
2185
2142
2201
2467
2322
2248
2648
2245
2587
2341
2387
2176
2388
2306
2354
2426
2110
2270
2423
2494
1653
1407
2672
2419
2387
2400
2152
2568
1961
2618
1639
1397
2439
1461
2022
2793
2236
2445
1908
2454
2300
2443
2374
2276
2732
1563
1989
1575
1550
2157
1838
2074
2364
2258
2328
2461
2439
2373
2459
2433
2241
2489
2110
2396
2522
2351
2649
1599
1608
1437
2010
2400
2250
2355
2097
2242
2522
2590
2356
2258
2388
2308
2184
2386
2186
2699
1799
2549
2290
1912
2144
2118
2043
1844
2068
2032
1864
2080
2030
2299
2177
1778
1883
1797
1997
1926
1794
2192
1870
2080
2421
2216
2566
2574
1654
1457
1954
2549
2478
2395
3312
2241
2588
2716
1564
1570
1850
2286
2304
2352
2307
2338
1697
1724
1822
1913
1463
1532
1793
2183
1843
2681
1728
1515
2066
1328
1525
1414
1555
1541
2025
2469
2259
2553
2013
2633
2386
1991
2619
1789
2076
1423
1215
2309
1830
1550
1485
1514
2302
1949
2458
1956
2349
2528
1836
2629
2234
2328
1892
2254
2612
2027
2516
1585
1520
1320
1635
1572
1434
1482
1896
2395
2347
2222
2559
2028
2469
2350
1918
2409
2099
2540
1670
2193
2272
2444
2501
2471
1634
1309
1733
2413
1966
2349
2109
2440
2069
1455
1802
1578
2055
2507
1870
2429
1796
2380
2461
1920
2103
1570
1773
1714
1927
2004
1687
2271
1741
2086
2261
1920
2472
1955
2365
1894
2269
2597
1528
2125
2043
2117
2302
2075
1573
1659
1992
1475
1352
2308
2069
2567
1860
2487
2254
2069
2485
2104
2037
2403
1741
2273
1817
2010
1855
2287
2477
1932
2581
1958
2493
2313
1964
2307
1866
2123
1704
2259
2390
1951
2551
1829
2432
1848
2528
2386
2008
2399
2012
2507
2028
1578
1634
1384
1432
1574
1599
1865
1874
2239
1389
1548
1284
1404
1347
1381
1371
1979
2132
2395
2146
2566
1724
2016
1688
2261
1969
1482
1182
982
1951
1817
2217
2594
2038
2012
2119
2288
2487
2582
2439
1779
2489
1921
2706
2789
1657
1731
1298
1507
1619
1828
1557
1631
2865
1964
2846
1860
2626
2614
1714
1625
1450
1490
1886
1761
2201
1563
2030
1669
1988
2047
1916
2439
1989
2544
1876
2460
2576
2067
1988
1722
2467
2137
1853
2531
2201
2022
1643
2155
1905
1522
2148
1972
1748
1114
1104
1460
1389
1312
1191
1239
1581
1345
1401
1882
1477
1334
1862
1650
1553
1970
1605
1895
1584
1961
1229
1440
1828
1867
1788
1589
1684
1751
1722
1815
1765
1623
1312
1588
2074
1556
1445
1497
1535
1667
1794
2006
1478
1896
1629
1409
2027
1553
1875
1562
1132
1507
1762
1644
1440
1585
1546
1950
1887
1831
1929
1840
2173
1412
1441
1801
1586
1777
1661
1911
1817
1639
1417
1692
1655
1576
1944
1769
1544
1284
1775
1936
1501
1896
1588
1698
1815
1556
1923
1603
1849
1960
1570
2159
1664
1599
1859
1665
1980
1599
1651
1812
1348
1264
1687
1151
1205
1066
1560
1808
1707
1343
1561
1533
1518
1608
1697
1704
1588
1619
2203
1627
1853
1564
1702
1378
1806
1293
1883
1651
1791
1684
1515
1815
1630
1870
2088
1979
2033
1636
1928
1846
2003
1970
1803
1443
1676
1479
1658
1718
1690
1670
1629
1640
1639
1587
1465
1349
1483
1789
1746
1949
1925
1565
2012
1627
1796
1453
1695
1935
1530
1665
1312
1787
1922
1593
2023
1508
1752
1842
1807
1749
1688
2036
1650
2094
2045
2091
2051
1633
1954
1810
1675
1605
2213
1760
1357
1858
1810
