1510
2426
1645
3090
1259
1458
1418
1647
1707
1265
1710
1321
1560
1542
1409
1558
1333
1323
1281
1299
1354
1146
1493
1492
1393
1496
1553
1758
1351
1230
1641
1809
1766
1179
1223
1307
1352
1384
1342
1477
1665
1334
1319
1291
1303
1285
1515
1247
1301
1359
1136
1249
1381
1400
1237
1859
1346
1335
1116
1296
1211
1520
1468
1686
1652
1498
1655
1474
1325
1219
1335
1351
1120
1484
1419
1542
1365
1476
1606
1361
1570
1421
1503
1343
1632
1524
1348
1609
1271
1533
1487
1204
1632
1391
1350
1295
1273
1339
1549
1577
1334
1604
1288
1637
1488
1645
1641
1400
1584
1282
1455
1475
1200
1562
1270
1579
1289
1590
1403
1241
1499
1210
1681
1230
1490
1643
1437
1778
1636
1614
1378
1667
1619
1321
1620
1362
1311
1339
1613
1435
1334
1670
1402
1481
1527
1726
1513
1307
1579
1893
1422
1286
1389
1416
1645
1552
1686
1160
1468
1228
1193
1258
1483
1204
1714
1543
1271
1305
1291
2300
1276
1644
1388
1485
1640
1251
1444
1427
1655
1265
1683
1607
1267
1525
1192
1358
1745
1196
1610
1313
1430
1163
1261
1262
1223
1391
1283
2738
2047
1406
1235
1439
1734
1488
1355
1217
1426
1473
1213
1476
1185
1135
1171
1096
1698
1801
1254
1517
1402
1331
1276
1191
1292
2366
1288
1393
1489
1406
1326
1323
1244
1166
1547
1387
1312
1354
1512
1170
1165
1723
1731
1527
1752
1385
1641
1376
1511
1578
1348
1531
1397
1590
1373
1571
1694
1217
1807
1291
1458
1281
1772
1575
1293
1674
1595
1241
1458
1194
1514
1499
1113
1140
1077
1156
1339
1375
1451
1354
1353
1375
1479
1697
1701
1551
1363
2350
1593
1423
1095
1142
1290
1184
1207
1078
1320
1151
1101
1224
1351
1133
1287
1156
1173
1685
1158
1177
1697
1078
1368
1240
1191
1268
1188
1249
1114
1209
1081
1085
1243
1374
1156
1183
1563
1154
1152
1383
1172
1232
1060
1264
1107
1163
1218
1090
1243
1040
1319
1099
1486
1325
1159
1373
1940
1168
1303
1115
1230
1138
1238
1099
1094
1065
1171
1229
1101
1093
1179
1157
1269
1149
1536
1480
1407
1375
1346
1504
1292
1164
1153
1136
1435
1267
1399
1173
1449
1191
1360
1549
1580
1958
1610
1409
1333
1178
1262
1313
1062
1167
1038
1122
1428
1138
1300
1218
1460
1366
1205
1531
1390
1293
1162
1156
1276
1169
1608
1708
1576
1434
1425
1234
1627
1427
1860
1468
1185
1164
1418
1268
1347
1237
1511
1640
1535
1561
1619
1124
1469
1529
1175
1546
1351
1686
1096
1374
1612
1335
1703
1491
1790
1612
1481
1684
1572
1613
1535
1628
1287
1171
1177
1132
1119
1260
1165
1015
1086
1032
1477
1471
1241
1146
1164
1358
1698
1299
1484
1895
1772
2015
2371
1281
1466
1227
1766
1600
1518
1688
1174
1082
1119
1202
1161
1151
1189
1282
1210
1230
1317
1461
1501
1345
1445
1338
1227
1202
1895
1555
1234
2142
2082
1464
1574
1462
1358
1515
1375
1359
1769
1838
2565
2353
2018
1481
1337
1529
1828
2336
1603
2054
2345
2257
2434
1802
1887
1340
1142
1196
1162
1295
1184
1158
1394
1640
1765
1763
1639
2008
1753
1421
1796
1450
1467
1468
1232
1150
1285
1280
1180
1330
1084
1182
1043
1096
1132
1096
1327
1480
1575
1760
1597
1686
1531
1787
1309
1194
1292
1165
1533
1597
1803
1736
1729
1374
1481
1527
1780
1714
1313
1482
1827
1657
2180
2293
2124
2553
2287
2376
2056
2264
2723
2164
2881
2076
1837
1554
1763
2744
1823
2146
1968
2529
2280
2085
1843
1896
1909
2108
2043
2035
1542
1922
1588
1996
2198
1872
1947
1904
1773
2074
1743
1806
1853
1850
1739
1725
1324
1570
1474
1839
1396
1585
1471
1748
1594
1664
1412
2223
1778
1851
1637
1436
1693
1612
1940
1718
1401
1776
1567
1347
1807
1596
1397
1296
1337
1991
1624
1782
1484
1430
1311
1648
1597
1725
1826
1801
1680
1679
1582
1790
1261
1190
1201
1252
1725
1457
1616
1595
1736
2000
1664
1933
1794
1808
1969
1791
2038
1939
1868
1452
1532
1984
1774
1918
1595
1510
1439
1567
1242
1554
1792
1663
1884
2045
1528
1988
1875
1639
2148
2016
2255
1771
2135
1747
2084
2085
2108
2411
2404
2252
2483
1578
1332
1694
1710
1974
1846
2138
1969
1386
1806
1951
1693
1979
1985
1475
1922
1680
1771
2676
1858
2002
2302
2075
2471
2246
1606
1667
1450
1606
1581
2140
2142
2475
2332
2478
2367
1950
2376
2506
2241
2400
1945
1491
1796
1874
1555
1508
2235
1370
1312
2203
2281
2234
2086
2089
2146
2205
2631
1370
1411
1576
1598
1638
1379
1659
1732
1608
1509
1533
1858
2004
2000
2166
1925
2268
1886
2166
1894
2020
2194
1726
1929
1745
1932
1833
1819
2000
1851
2272
2051
2769
1953
2302
2372
2120
2139
1765
1625
1817
2011
1286
1714
1680
2140
1771
2138
4520
1699
1632
1438
1765
2052
2307
2263
2126
1804
2087
2317
2016
2576
1640
1551
1551
1902
2065
2037
2182
2482
2265
2169
2080
1586
1436
1678
2188
2165
1527
1738
1414
1643
1376
1743
1812
1932
1536
1560
1472
1583
2204
2074
2387
1785
2083
1561
1496
1807
1952
1826
1622
2087
1467
1476
1562
1612
1637
1665
1353
1970
1741
1581
1667
1707
1963
1503
1642
1522
1218
1351
1169
1486
1210
1433
1116
1119
1403
1182
1578
2368
1599
2329
2329
1410
1581
2279
1604
1846
1683
1728
1972
1533
1621
1706
1800
2159
2369
2037
1442
1718
2024
2077
2188
1983
2082
1672
1922
2326
1957
2592
2272
2325
1654
1513
2429
2362
1904
1582
1578
1954
2173
1876
1292
1149
1588
1476
1187
1455
1378
1283
1995
1385
1924
1537
1581
1606
1599
1378
1490
1721
1530
1748
1572
1462
1691
1710
1530
1698
1549
1605
1585
1512
2079
1824
2009
1969
2163
2642
2092
2477
2116
2571
2312
2207
2694
2407
2526
1980
2196
1494
1641
1750
1621
