1296
1900
1760
1629
1423
1596
1370
1273
1712
1872
2072
2419
1596
1482
1624
2498
1516
1502
2517
2229
2635
2349
2086
2060
1699
2079
2317
2520
2752
2327
2676
2471
2603
1653
1240
1810
1672
2255
2259
2192
2527
2526
2462
2295
1623
1524
1388
1706
2527
2599
2349
2476
2317
2232
2459
1717
1992
2165
2136
1720
1326
1981
2223
2201
2323
2008
1889
1709
2110
1799
1846
2157
1790
2403
1754
1736
2334
1730
2247
1761
1528
1576
1342
2093
2171
2600
2036
2168
2534
1899
2577
1871
1887
1636
1516
1594
1484
1578
1516
2032
1594
1832
1846
1648
1587
1564
1435
1661
1926
2334
2257
2286
2299
1943
1751
1594
1586
1436
1707
1939
1623
1880
1828
1970
1996
2332
2029
1924
1658
1576
2058
2015
1902
2079
2013
1933
2200
2316
2581
2418
2555
1894
2369
2493
2126
2020
1876
2178
2526
2596
2633
2562
1603
1764
2219
2381
1830
2315
2588
2364
1412
1682
1618
1475
1534
1728
2507
2356
2503
2440
2409
2543
2532
2702
2785
1488
1378
1594
1760
2454
2310
2550
2218
2412
2675
2404
1741
1321
1554
1696
1730
1818
1467
1704
2811
2552
2617
2215
2457
1960
2525
2758
2312
2497
1418
1801
2329
2701
2518
2363
2723
2499
2015
1828
1952
2866
2549
2649
2581
2388
2699
2221
1671
1523
1720
2340
2089
2562
2636
2131
2534
1858
2287
1857
2481
2500
2321
2331
1739
2447
2268
1535
1811
1752
1842
1603
1451
1830
1873
2459
1980
2394
2544
2104
2609
2058
2530
3082
2288
2630
2133
2747
1916
2493
2555
2093
2084
1966
1506
2112
1959
1635
2247
2155
1286
1566
1229
1290
1395
1776
1706
1409
1527
1818
2116
1685
2030
1757
1774
1688
1444
1545
2033
1284
1430
1975
1905
2365
1880
2238
2578
2315
2759
1967
2392
2801
1558
1602
1356
2270
2197
2301
2354
1956
2451
1597
2085
1792
1931
1446
1759
2341
1799
1952
1440
1821
1860
1770
2286
1495
1658
1395
1661
1727
1481
1395
1137
1399
1896
1771
1576
1700
1924
1963
2422
2470
1939
2113
1965
1707
1815
1606
2273
2060
2122
1990
2207
2218
2125
2154
2241
1938
2070
1815
2006
1571
1713
1339
1739
1476
1393
1844
1454
1550
1482
1339
1640
1498
1525
1554
1739
1722
1333
1814
1672
1543
1720
1518
1637
1655
1544
1563
1740
1595
1682
1572
1776
1580
1683
1694
1382
2164
1612
1474
1776
1585
1720
1484
1819
1614
1517
1720
1823
2045
1340
1624
1674
1432
1700
1785
1507
2120
1556
1624
1178
1568
1708
1663
1956
1570
2188
1874
1697
1747
1843
1736
1359
1864
1856
2082
2049
1885
1357
1461
1609
1402
1291
1575
2044
1729
2075
2226
2306
2179
2200
2036
2148
1925
2902
2117
1676
2183
1757
1582
2078
1504
1476
1799
1746
1492
1669
1700
2033
2171
1795
1608
1606
2631
1965
1962
2019
2009
2410
1915
2158
2146
2257
2154
2067
3203
1659
1490
1904
1572
1751
1776
2503
1873
2364
1409
1293
2003
1834
1970
2363
2368
2396
1753
1412
1799
1702
1653
1455
1404
1620
1948
1929
2102
2233
1565
2241
1956
2146
1700
1912
1759
1845
1977
1455
1574
2061
1605
1852
1501
1882
1703
1897
1609
1764
2066
1655
1980
1681
2082
2764
2032
2565
1979
2429
1792
2383
1683
1949
1697
1668
1978
1687
1931
1255
1514
1549
1345
1556
1727
1752
1741
1465
1411
1345
1806
1635
1762
1976
1789
2229
1799
1771
1889
1426
1621
1580
1652
2475
1747
1817
2025
1640
1633
1521
1646
1278
2338
1405
1704
1572
1691
2034
2022
1198
1818
2065
1786
2192
1979
2167
2316
1861
1668
1561
1616
1487
1471
1523
1931
2217
1729
1999
2540
1633
1976
1893
1738
1692
2530
1248
1401
2263
1752
1889
1993
1573
1770
1602
1953
2027
1451
1882
1592
1972
1626
2066
2759
1943
2482
2044
2309
2524
2017
2301
1902
1754
1766
1875
1319
1627
1550
1703
1348
1750
1322
1327
1347
1984
1640
1284
1706
1246
1880
1682
1779
2236
1571
1939
1666
1752
2495
1952
1857
1556
1548
1799
1648
1622
1379
1188
1475
1385
2136
1597
1496
2035
1590
1648
1868
1900
1381
1854
1766
1296
1984
1858
1858
1456
1597
2303
1621
1515
1338
1517
1624
1424
1698
2164
1805
2211
1648
1637
1635
1443
1284
1595
1810
1914
1883
1575
1537
1741
1450
1424
1749
2162
2488
1820
2046
2253
1744
1896
2137
2238
1887
2067
2572
2152
2455
1869
1656
1877
1384
1565
1330
1529
1317
2343
1484
1603
1707
1584
1649
1500
1627
2100
1741
2328
2390
1956
2130
1882
2511
2302
2262
2268
1319
1728
1238
1466
2070
2202
2578
1852
2362
2353
1934
2399
1876
2537
2008
2325
2549
2067
2414
1857
2457
2489
2003
2510
1897
2396
2477
1553
1523
1319
2013
1868
2353
2001
1596
2022
1585
1625
1790
1623
1850
1536
1655
1530
1561
1521
1564
1725
1525
1756
1639
1509
1561
1662
1564
1605
1569
1666
1480
1793
1555
1625
1479
1742
1791
1500
1765
1618
1727
1663
1639
1811
1548
1460
1549
1628
1435
2284
1376
1642
1698
1476
1581
1657
1598
1844
1294
1753
1529
1586
1635
1674
2223
2009
1484
1520
1540
1403
1917
1653
1801
1957
1909
1650
2211
1796
1866
2036
1871
2266
2392
1917
2485
1928
2274
1657
2252
2271
2067
2586
2017
2344
2348
1718
1738
1404
1538
1554
3141
2539
2335
2599
2240
2577
2406
1654
1835
1825
2384
1608
1938
2364
2242
2640
1654
2700
2622
2291
2482
2407
2359
1728
2354
2545
2166
2516
1938
2480
1807
2295
2389
2461
2256
1938
2323
2341
2195
2500
2034
1893
1907
1520
1669
1657
1609
1568
1957
2377
2056
2548
1956
2444
2122
2232
2443
2106
1719
1646
1716
1667
1554
1625
1472
1549
1657
1760
1122
1617
2015
1573
1400
1288
1579
1493
1410
1883
1547
1754
1745
1584
1814
2077
1694
1465
1127
1207
1242
1268
1735
1494
1425
1408
1821
1434
1474
1548
1659
1903
1468
