1276
1155
1412
2415
1246
1548
1423
1450
2005
1783
2332
2453
2380
1991
2083
1999
2406
2340
2124
1679
1776
1527
1600
2200
1938
2320
1990
2369
2157
2623
2114
2492
1628
1783
2340
2193
2522
2133
2350
2028
2261
2459
2694
2513
2524
2279
2383
1566
1480
2323
2156
2441
2251
1762
2021
1611
1561
1614
1628
1722
1391
1555
1737
1921
2326
2106
2491
1729
1730
2321
2239
2585
2017
2300
2322
3134
1509
1748
1455
2388
1421
1529
1974
1962
2470
2581
2261
2264
2249
2211
2433
2099
1959
1472
1485
1741
1149
1513
1632
1666
2137
1558
1516
1285
1954
2343
2518
2145
2423
2219
2463
2202
2277
2193
2513
1875
2486
2241
2268
2111
2190
2156
2235
2094
2107
1868
1899
2450
2419
1869
1763
1837
1905
2056
1672
1895
1690
1813
1704
1558
1822
1826
1638
1375
1574
1528
1907
1771
1864
1677
1742
2221
1825
1848
1511
1926
1681
1776
1397
1720
2036
1438
1459
1536
1593
2287
1892
1932
1829
3041
1494
1567
1827
1618
1929
1393
1838
1832
1748
1862
1655
1891
1466
1501
1613
1613
1745
1595
1256
1150
1351
1199
1379
1254
1590
1340
1648
1625
1988
1672
1544
1693
1685
1389
1727
1532
1803
1715
1776
1775
1958
1578
1926
1813
1648
1346
1784
1282
1426
1722
1776
1795
1973
1918
2045
1939
2069
2063
1853
2088
1931
2056
1951
2224
2071
2188
2009
1658
1536
1339
1650
2015
2057
2578
2098
2516
2437
2037
2007
1913
1804
1681
2177
1858
1660
2313
1959
2003
1729
1678
2741
1364
1523
1781
2061
1672
1800
1997
1521
2476
1719
2029
2179
2100
2557
2534
2846
2481
2429
2203
1962
2398
1656
2015
2322
1721
1301
1551
1828
1839
2465
2033
2350
2463
2156
2519
2282
2198
1805
2070
1621
1808
1617
1838
1420
1672
1946
2504
1740
2016
1812
1432
1698
2010
1745
2043
2009
1616
1946
1705
1790
2044
1641
2287
1609
1800
1761
1544
1962
1686
1830
1686
2022
1765
1847
1675
1669
1653
1325
1519
1540
1463
1644
1885
2478
1686
1655
1645
1664
2129
1845
1825
1898
1560
1743
1459
1772
1501
1561
2025
1576
1798
1934
1987
1978
1798
1894
1592
1750
2013
1557
1977
1423
1839
1719
1715
1894
1815
1906
1828
1953
1712
1609
1482
1655
1834
1741
2109
1850
1304
2160
1648
1833
1634
1925
1721
1548
1712
2461
1837
1482
1560
1859
1619
1518
1586
1619
1658
1989
1838
1847
1842
1413
1833
1987
2151
2401
1827
1730
1403
1775
1622
1673
1736
1642
1948
1745
1824
1485
1660
1817
1430
1801
1605
1428
1567
1884
1686
1761
2015
2436
2074
2772
2160
2342
2122
2888
2063
1823
2245
2151
1638
1498
1804
1992
2094
2067
1642
1855
1969
1888
2055
1718
1916
1617
1482
1870
1938
2184
1593
1757
1692
1834
2289
1740
1707
1467
1728
1494
1651
1786
1623
1925
1586
1881
1794
1842
2144
1502
2055
2008
2427
1967
1638
2110
1767
2293
1395
1994
2323
1866
2072
1551
1942
2134
1832
1890
1757
1928
2040
1425
1795
1799
2064
2076
1839
1701
1876
1501
1357
1593
1854
1723
1890
1566
1903
1661
1552
1937
1548
1841
1714
1504
1558
1454
1726
1393
1706
1769
1812
1802
1669
2109
2203
2095
1595
1526
1619
1646
1677
1634
1683
1671
2132
1785
2068
1754
1724
1378
1364
1302
1617
1672
1483
1805
1952
1566
1613
1619
1382
1533
1556
1653
2065
1553
1924
1736
1961
1941
2300
1378
1915
1661
1521
1486
1829
1797
1683
1620
1991
1599
1505
1617
1797
1967
1821
1872
1699
1750
1927
1949
1943
2206
2274
2104
2005
2076
2084
1985
2314
2206
2186
1941
2200
2359
2576
2427
2383
2437
1744
1453
1861
1581
1345
1488
1960
1659
1742
1601
2121
2222
2420
1783
1748
2414
2097
2449
1627
1550
1906
1937
2614
2104
3066
1709
1639
2050
2313
2529
2026
1430
1873
2236
1808
2062
1268
1658
1550
2032
1839
1905
2092
1641
1603
1328
1443
1501
2079
1674
1623
1766
1677
1736
1402
1771
1737
1507
2183
1903
1839
2249
1476
2639
1504
1497
1406
1435
1666
1580
1600
1581
1404
1837
1589
1517
1379
1714
1759
1971
2108
1651
1961
1819
2242
2377
2213
2421
2047
1951
1857
2404
2345
2277
2117
2010
2289
1480
1561
1964
2121
1649
1450
1551
1489
1514
1374
1758
1690
1467
1822
1558
1416
1509
1482
1247
1428
1403
1371
1369
1659
1373
1777
1387
1623
1315
1395
1334
1319
1531
1447
1435
1329
2023
1799
1722
1706
1756
1579
1862
1629
1671
1840
1684
2229
2251
1519
1234
1694
1805
1804
1664
2174
1602
1426
1301
1772
1834
1444
1762
1470
2012
1510
1874
1816
1957
2584
1871
2546
1757
2065
2183
2222
2437
2358
1219
1907
1856
2052
1995
2132
1641
2230
2202
2091
2484
1960
1751
1604
1727
1551
1721
1538
1730
1281
1309
1371
2477
1492
2050
1950
1847
2452
2089
1460
1433
2022
1827
1954
1586
1597
1532
1616
1701
1622
1657
1516
1703
1578
1693
1915
1656
1522
1511
1702
1666
1599
1661
1658
1805
1660
2263
1806
2353
2265
1574
1848
2033
2017
1921
1537
1972
1802
1416
1656
1514
1479
1688
1408
1726
1469
1594
1890
2323
1841
2488
2237
2301
2144
1649
1301
1421
1726
1728
2167
2366
1789
2567
2091
2278
1694
1865
2700
1730
2885
2157
2656
2422
2253
2294
2119
2523
2018
1803
1427
1682
1446
1547
1603
1970
1555
1555
1259
2252
1595
2337
2622
1604
1572
1916
1867
2487
2097
2631
2271
2605
2032
2498
3126
1925
1434
1520
1471
1770
1489
1810
1555
1560
1398
1487
1680
1817
1625
1497
1760
2114
1626
1996
1669
1515
1579
1598
1730
1677
2090
1440
1718
2371
1636
1892
1468
1873
1881
2152
2238
2252
2319
2065
2121
2305
2364
2010
1904
2063
1979
1805
1873
1462
2048
1871
2512
1838
2019
1766
1803
2002
1731
2195
2227
1696
1809
2057
2185
1949
2300
2395
1947
2466
1661
1482
2095
