1417
1626
1812
1573
1480
1822
1410
2596
2696
1700
1644
1564
1533
2013
1699
1758
2446
1860
1941
2906
2017
1881
2184
1911
1770
1547
1734
2257
2189
1671
2321
2330
1505
2492
1688
1952
1742
1538
2267
1671
1487
2038
1408
1555
1590
1750
2208
1706
1576
1994
1511
1566
2775
1814
2136
1998
2155
2202
1943
1645
1781
2172
1704
2242
1657
1763
1908
1490
1650
1498
2082
2274
1850
1855
2363
1874
1982
1496
1462
1760
1665
1415
1502
1627
2344
2497
1980
2491
2726
2471
2617
2164
2645
2275
1802
1947
2303
1721
1590
2199
1817
2183
2638
1825
2413
1990
1790
1684
1630
1533
1565
1500
1713
1843
1611
1815
2442
1972
2188
1783
1974
1648
1679
1951
1686
1802
1857
1981
1863
2570
1840
2001
1976
2193
1685
1611
1751
1795
1663
2199
2001
1965
1754
1732
2287
1684
1484
2204
2040
2013
2432
2278
2288
1979
1932
1822
1704
1624
1454
1574
1817
1682
1471
2262
1618
1433
1779
1637
1711
1507
1489
1821
2039
2022
1965
1869
1567
1596
1398
1839
1571
1598
1835
1625
1388
1407
1772
1699
2181
2676
2229
2055
1687
1539
2126
1870
1782
2673
1655
2087
1809
1810
1661
2372
1676
1631
1873
1734
2129
1870
2568
2065
2660
3117
1884
1396
1574
1374
1456
1433
1697
1616
1568
1386
1343
1347
1787
1508
1320
1384
1357
1410
1830
1999
1468
1771
1994
2064
1850
1591
1664
2098
1544
1490
1403
1897
1770
1815
2264
2477
2419
2807
1786
2124
2289
2560
2113
2077
2877
2000
1847
1814
1842
1755
1501
1567
1688
1725
1857
1741
1614
2582
1652
1747
2712
1657
1650
2073
1840
2068
2398
2093
2268
1798
2082
2164
1648
2174
1983
2591
2143
1937
1686
1676
1740
1838
1452
1925
1834
1859
2008
1964
1903
2056
2208
2297
1883
1562
2198
2227
2044
1913
1934
1843
1488
1876
1531
1961
1829
1896
2429
2714
2182
2719
1623
1974
1692
1520
2016
2340
2924
2757
2603
2751
2550
2249
1727
2155
2615
2828
2996
2322
2773
3026
2390
2335
2789
2112
1924
2298
2738
1630
1724
1624
1765
1744
2264
1919
1859
2195
1855
1892
1458
1802
2015
1874
2200
2405
2191
2586
2116
2483
2281
1615
2257
1921
2083
2337
2386
2511
2743
2391
2084
1732
2421
2007
2773
2272
2232
1887
1546
2053
1970
2604
2326
2780
2156
2227
2072
1603
1907
1985
1862
2154
1507
1503
1828
1888
1786
2002
1739
2125
1592
1572
1568
1391
1345
1459
1329
1875
1442
1834
2340
2008
2020
2177
1733
1941
1528
1402
1727
1603
1846
1612
2183
2010
2405
1971
1870
1871
2325
1910
1680
1676
1850
1952
1604
1779
1635
1712
1591
2538
2072
1654
1945
2094
1818
1747
1806
1917
1393
1416
1406
1558
1514
1443
2019
1624
2010
2539
2254
2111
1425
1677
1725
1658
1575
1624
1536
1658
1454
1769
1719
1825
1823
1742
1974
1936
2076
2057
2733
2202
2774
2180
2285
2674
2554
2894
2299
2671
2818
2520
1883
1654
1685
1709
1697
1409
1653
1609
1679
1698
1913
1856
1625
1593
2118
1511
2100
2476
2272
2535
2087
1712
1619
1520
1667
1851
2259
1814
1557
1665
1618
1534
1777
1357
1597
1903
1922
2161
1974
1576
1861
2162
2827
2510
2611
1623
1926
2060
2113
2144
1830
1720
1706
1944
1785
1605
1589
1807
2130
1459
1467
1600
1392
1451
1455
1234
1416
1747
1531
1324
1426
1435
1782
1754
1722
2037
2099
2049
1566
1727
1901
1692
1639
1964
1864
2611
1889
1683
1787
1806
1965
1653
2050
2148
2140
1949
2212
2193
1680
1962
1650
1977
1616
1499
2058
1971
1557
1842
1754
1708
1907
1885
1880
2234
2007
2709
2133
1622
1737
2030
1644
2320
2699
2839
1936
1696
1923
1620
1715
1719
1869
1546
1721
1842
1647
2003
1520
1962
1791
1626
1743
1748
1965
1831
2089
1702
1801
1594
1678
1845
1744
1905
2053
2090
2021
2165
1988
1721
1955
1655
1645
1750
1792
1770
2161
1778
1965
2382
2394
2762
2154
2214
2091
2108
1885
1709
2254
3001
2445
2065
2214
2511
2756
2700
2317
1776
2078
3146
1830
2051
1862
2110
2081
2491
2438
1354
1520
2160
1794
2320
144819
1648
1665
1604
1551
1735
1807
2170
2268
2623
2332
2342
2223
1521
1651
1633
1925
2735
2204
2626
2245
2432
2487
2411
2215
2594
2795
2772
2030
2870
1761
1538
1977
1672
1782
1548
1860
1770
1998
2124
1959
2767
1952
2188
1830
1658
1828
1869
1538
2048
1569
1574
1671
1425
2708
1623
1774
1738
1412
1685
1447
1768
2007
2735
2444
2087
2203
6128
1447
1623
1683
2041
2452
2294
2646
2552
2743
2920
2771
3085
1813
1693
2618
2459
2933
2261
1959
1860
1700
2541
1771
1704
1369
1837
1916
1865
1750
1968
1973
2379
1999
2010
2231
2294
1890
1605
1683
1743
1895
2235
2486
2706
2269
2997
2744
2612
2913
2443
2620
2298
2560
2495
2795
2571
2240
2491
2482
1895
1647
2014
2028
2068
1879
2041
2298
2687
2651
2396
2204
2720
2078
2717
2332
2459
2288
2464
2917
2407
2902
2082
1786
1659
1953
2162
1906
2159
2716
2287
2504
2393
2367
2534
2581
2365
2949
2625
1938
1681
1727
1657
1738
1655
1851
1571
1948
1757
1850
1669
1800
1796
1804
1858
1623
1727
1715
1864
1768
2013
1813
1597
1794
1696
2103
2101
1536
1717
1792
1900
1550
1913
2549
1707
1675
2109
1834
1693
1704
1843
2059
2379
2331
2755
2394
2119
2920
2243
2063
1646
2017
1484
1811
1618
1582
1656
1812
1384
1375
2090
1947
2022
1452
1527
1744
1698
2066
2902
1514
1919
1757
1634
1564
1387
1782
2336
2130
2512
2587
1820
2112
3043
2261
1699
1603
1628
1906
1716
1928
2278
1588
1528
2999
1719
1471
1787
1873
1631
1875
1886
2307
1587
1737
3343
1784
1766
1981
1614
1811
1668
1672
2314
1647
1971
2346
1960
1849
2090
1995
2403
1828
1833
2326
1867
1714
2638
1764
1897
1824
1738
