1538
1471
1669
1297
1607
1535
1483
1501
1656
1714
1744
1315
1417
1632
1784
1556
1432
1454
1582
1259
1705
2089
1743
1437
1644
1641
1789
1453
1808
1345
2040
2044
1882
2123
2094
1439
1395
2108
1824
2020
1742
1649
1593
1868
1907
1655
1693
1901
1894
2366
2124
2129
2560
2061
2396
2484
2342
2480
1952
2103
3389
2360
2583
2535
2053
1631
1998
1448
1944
1956
2037
2292
1879
2425
1755
1399
1424
1606
2159
1472
2215
1892
2024
2484
1876
1468
1718
1515
1395
1715
1759
1464
1621
1497
1733
1465
1424
1533
1277
1794
1668
2185
2329
2062
2403
1606
1647
1460
1832
1700
1505
1897
1591
1484
1402
1445
1672
1583
1784
1770
1916
2083
1631
1584
1350
1975
1624
1674
1448
1511
1600
1999
1902
1435
1609
1861
2018
1913
1834
1722
1738
2004
2009
1868
2148
1960
1873
2365
2139
2448
1909
2518
2383
2482
2141
2283
2593
2271
2465
2070
2344
2420
1604
1997
1709
2267
1312
1643
2034
1732
1528
1714
1760
1697
1609
1797
1629
1937
1658
1863
1456
1834
1703
1580
1558
1551
1573
1506
1565
1467
1329
1663
1403
1390
1731
1443
1834
1521
1555
1666
1810
1416
1501
1920
1503
1939
1729
1848
1256
1587
1605
1538
1708
2208
1325
1623
1429
1737
1205
1694
1779
1387
1659
1769
1551
1568
1782
1718
1639
1646
1481
1542
1509
1595
1557
1664
1626
1328
1800
1590
1599
1393
1529
1617
1838
1563
2543
2545
1532
1538
1682
1546
1633
1470
1560
1480
1445
1459
1549
1696
1636
1557
1323
1650
1526
1789
1468
1362
2398
1725
1384
1823
2267
1877
2098
2150
2130
1844
1645
2500
2010
2428
2253
1963
2428
2036
2015
1910
2271
2347
2194
2216
1458
1561
1893
1752
1425
1884
1887
1887
1783
2031
1788
1582
1792
1854
3363
1695
1876
2135
2598
2473
2220
2244
2177
1461
1773
2343
1408
1633
1715
1625
1907
1521
1697
1849
2413
2323
2258
2067
2601
2448
2207
2308
2578
1921
2583
2332
2404
2033
2247
2215
1896
1659
1522
1270
1517
1932
1860
1906
1286
1932
2243
1655
1684
2229
1936
1858
2100
1907
2107
2061
2576
1532
2377
1310
1679
1707
1631
1953
1191
1632
1433
1494
1598
1467
2376
2464
2738
2629
2292
3193
2446
2603
2514
1560
1610
2239
1807
2953
1943
1941
1612
1736
1567
1659
1624
2463
1522
1507
1740
1668
1868
2064
2315
1922
2174
2015
2322
2255
1828
1382
1882
2382
2251
2116
2153
2058
2225
2119
1742
1843
1586
1761
1821
1613
1854
1908
1724
1697
1892
1869
2180
1490
1967
1812
2025
2392
2005
2007
1819
2088
1972
2145
2265
2043
2048
2409
2564
2697
1596
1527
1816
1589
1669
1773
2143
1920
1649
1457
1494
2062
2024
2281
2415
2432
2387
2523
2473
1933
2208
1452
1553
1460
1276
1907
2165
1783
1616
1637
2550
1892
2137
2426
2475
2031
1787
1825
1484
1983
1610
1698
1586
1410
2007
1903
1799
2023
1885
2099
2121
1879
2124
1831
2167
2076
1797
1776
1516
1621
1736
2036
2008
1827
2023
1829
1873
1794
1910
2173
1942
1993
1786
1357
1478
2015
2056
1761
2719
1995
2040
2593
1835
1505
1862
1800
1680
1604
1739
2104
2197
1767
1901
2273
1750
2018
1877
2298
1894
2297
1795
1909
2268
1744
1600
1762
1678
1577
1868
1970
1384
1579
1256
1287
1745
1439
1864
2103
1709
1838
1574
1565
1448
2119
1615
1912
2193
1798
1839
2300
1774
2364
1474
2053
1927
1507
1564
1774
1684
1809
1789
1691
1493
1926
1535
1745
1490
1247
1182
1395
1632
1344
2062
1607
2161
1711
1699
1574
1478
1775
1934
1806
1918
1690
1937
1695
1687
1657
1764
1612
1848
1696
1888
1764
1675
1513
1767
1729
1446
1881
1394
1792
2034
1320
2317
1336
1536
1428
1865
1636
2146
1714
1482
1617
1943
1902
1768
1758
1971
1720
2122
1585
1508
1216
1144
1233
1323
1459
1504
1710
1584
1644
1600
1746
1628
1863
1465
1736
1989
1884
2394
2322
2302
2513
2234
2531
2191
2476
2065
1822
1548
2178
2640
2318
2351
2379
2398
2588
2474
2738
2418
2299
2562
2490
2286
2318
2452
2864
1378
1667
1874
2328
2577
2309
2602
2326
2434
2321
2313
2418
2151
2540
2107
2425
2519
2117
2461
2225
2526
2457
2397
2462
2331
1933
1364
1218
1769
2065
2551
2462
2586
2504
2541
2155
2455
2520
2455
2426
2510
2531
2590
2708
2555
2266
1646
1391
1486
2581
2147
2591
2160
2506
3348
2563
2133
1656
1357
1783
2162
2185
2153
2354
2277
2475
2532
2131
2512
2014
2393
2330
1949
2206
1349
2305
2250
2423
2504
2491
2503
2485
2482
2711
2250
2672
2299
2656
2266
2603
2498
2645
2627
1472
1322
2201
2491
2676
2482
2396
2655
2383
2495
2138
2543
2305
2476
2210
2292
2345
2471
2569
1617
2825
2515
2683
2411
2506
1658
1623
1312
1879
2045
1652
1619
1856
2325
1775
2353
2148
2229
2560
2042
2631
2025
2480
2477
2075
1486
1275
1530
1701
1429
1682
1440
1908
2209
1569
1719
1412
1479
1981
2393
2394
1909
2490
2133
2618
2181
2486
2531
2488
2333
2209
2607
2465
2039
1574
1487
2286
1903
2473
2584
2581
2479
2615
2420
2515
2422
2436
2464
2613
1673
1637
1391
1552
1507
1447
1475
1788
2132
2464
2627
2594
1860
2198
2477
2451
2657
2203
2440
2420
2566
2413
1862
2051
2391
2345
2034
1753
2663
2088
1208
1886
2002
1506
1468
2210
2275
2585
2685
2206
2606
2281
2539
2607
2220
2656
2180
2615
2122
2393
1353
1310
1489
1502
1573
1389
1977
1972
1918
1669
1558
2133
2557
2028
1394
1734
2399
1844
2470
2484
1953
1622
1602
2079
2600
1973
2609
2054
1649
1760
2115
2401
2042
2552
2087
2426
1982
2730
2540
2155
2506
2020
2419
2456
2254
2478
2084
2638
2708
1563
1470
1922
2207
1965
1679
1568
1792
2176
2105
2370
1917
2506
1937
2251
2214
2229
2424
1874
2102
1968
