1611
1595
1614
1459
1359
1997
2056
1400
2491
1529
1610
2469
1456
1674
2052
1740
1689
1509
1881
2272
1542
2061
2002
1615
1633
2247
1584
1832
1294
1255
1580
1604
1496
2601
1634
1560
2386
1627
1587
2840
1573
1826
1176
1534
1923
1309
1644
2185
1465
1551
2126
1765
1280
2156
2579
1987
1446
2534
2046
1937
1670
2200
1579
1832
2183
1711
1731
1707
1386
2280
1555
1570
2228
1546
1565
2861
1630
1447
2843
1569
1666
1493
1565
1824
1451
1481
1604
1470
1835
1569
1402
1675
2186
2015
1221
1501
1272
1511
2217
1612
1427
1514
1318
1751
1543
1555
1663
2088
1352
2208
1569
1889
1537
1440
1587
1219
1695
1684
1435
1585
1420
1433
1616
1705
1517
1851
1481
2357
1303
1430
1453
1452
1497
1414
1374
1237
1624
1772
1511
1975
1849
2098
1924
1678
1717
2136
2085
1813
1621
1575
1569
1598
1662
1867
1472
1330
1712
1477
1647
1424
1720
1427
1370
1511
1329
1400
1282
1493
1492
1798
2073
2096
2014
1718
1355
1997
2331
2262
1467
1632
2016
1610
1480
1999
1710
2307
1911
2201
2240
2084
1998
1790
1572
1822
1369
2001
1996
2458
1986
2464
2953
1901
2043
1908
2079
1573
1452
1639
1280
1518
1406
1753
1687
1626
1973
1685
1474
1717
1570
1658
1454
2075
1632
2556
1516
1537
1519
1503
1617
1623
1585
2133
1564
1413
1535
1538
1701
1623
2386
2434
1932
1475
1842
2343
1613
2068
1730
1651
1773
1565
1511
2069
2213
2150
1699
1968
1684
2473
2604
2057
2680
1977
1693
2482
2098
2686
2072
1924
2186
1566
1633
1384
2090
1535
2276
2657
1598
1658
1569
1643
1563
1497
1656
1565
1802
1751
1954
1975
1984
2051
2019
1993
1952
1837
1662
1470
2369
2544
1450
1799
1748
1442
1575
1480
1419
1618
1707
1567
1527
1821
1731
1407
1545
1602
1593
1833
1460
1545
2019
1410
1465
1300
1341
1636
1718
1672
1413
1550
1701
1882
2058
1711
1455
1896
2173
2384
1891
1974
1469
1562
1817
1570
1551
1948
1515
1622
1718
1943
1482
2139
1669
1189
1444
1740
1516
1626
1293
1545
2001
2179
2392
2699
2629
2561
2646
2722
1884
1414
1819
2033
2439
2187
2085
2517
2773
1537
1789
1403
1688
1689
1833
1527
1584
1668
2437
1887
1167
1782
1708
1520
1185
1258
1563
1522
1674
1341
1478
1785
1517
1811
1752
1538
1374
1561
1686
1546
1700
1457
1408
1691
1712
1767
1644
1771
1821
1753
2219
1218
1808
2000
1628
1521
1613
1479
1481
1600
1434
1447
1596
1906
1809
1666
1898
1406
1777
1743
1534
1500
1469
1653
1535
1685
1534
1466
1718
2292
1502
1651
1973
1616
1897
1568
1559
1693
1451
1434
1400
1667
1815
1539
1451
1551
1589
1548
1919
1747
1742
1407
1583
1668
1502
1545
2304
1768
1661
1275
1598
1687
1842
1665
1769
1574
1407
1964
1539
1649
1394
1886
1540
1869
1982
1735
2199
1853
1737
1425
1783
2379
1936
2475
2336
1431
1868
2127
2131
2145
2763
2308
1567
1467
2382
1850
1435
1960
1589
1869
1405
1570
2043
1642
1926
2275
1685
1423
1560
1730
1478
1621
1494
1476
1476
2326
1430
1437
1640
1409
1434
1635
1624
2054
1395
1553
1482
1790
1605
1497
1747
1432
1639
1633
1610
1635
2138
1175
1458
1510
1710
1855
1514
1491
1622
2165
1703
1467
1458
1522
1548
1634
1366
1296
1502
1572
1670
1651
1379
1606
1689
1655
2071
2068
1791
2166
1390
1963
1391
1624
1706
1657
1548
1808
1841
1573
1575
1887
2661
2145
1970
2070
2013
1968
2136
2184
2094
2466
2259
2415
1786
1951
1382
1528
1748
1458
1623
1466
2120
2300
2519
1626
1533
1626
1296
1671
1427
1898
1648
1588
2039
1249
1211
2441
1426
1725
2289
1671
3336
2243
2096
1349
2166
1360
1570
1705
1258
1855
1582
1265
2337
1488
1485
2266
1726
1310
1271
1172
1930
1573
2074
1556
1748
1514
1862
1560
1555
1730
1705
1562
1962
2580
2063
2619
1643
2517
2402
2508
2573
2390
2508
2022
2396
2421
2408
2585
2401
2796
1610
1569
2124
2403
2707
2091
2382
2575
2405
2651
2473
2565
2325
2354
2499
2716
2546
2428
1411
1724
1377
1560
1716
2176
2146
1886
1850
1697
2280
1952
2283
2055
2548
2290
1988
2552
2064
2089
1827
2125
1657
1589
1693
1587
1640
1587
1585
1532
1854
1422
1650
1727
1650
1591
1673
1708
1841
1650
1595
1894
2697
2059
1622
2509
1765
2086
1596
1613
1428
1592
1916
2061
1936
2302
2223
2574
2396
2579
2424
2636
1722
2182
1648
1590
1453
1795
1479
1225
1485
1521
1404
1828
1441
1644
1644
1602
1920
1725
1369
1672
1531
1650
1551
1592
1891
1533
1587
1609
1463
1668
2520
2027
2610
1823
1860
1443
1411
1369
1734
1517
1701
1468
1736
1636
1561
1617
2004
1960
1939
1450
1515
1507
1589
1545
1606
1416
1338
1607
1572
1388
1716
1673
1288
1676
1665
1843
2320
1442
1782
2218
2174
2420
2058
2425
2391
1422
1946
2083
2047
2523
1708
2029
1545
1490
1648
1439
2232
1914
2197
1946
1591
1558
1173
1299
1756
1165
1578
1668
1480
1938
1330
1311
1404
1213
1681
1454
1432
1825
1412
2223
1924
1792
1488
1832
1137
1173
1251
1232
1475
1304
1334
1880
1886
1478
2347
2184
2175
1518
1791
1647
1376
1577
1489
2131
1285
1949
1125
1401
1457
1218
1747
1231
1263
1798
1638
1220
2300
1861
1592
1703
1540
1711
2199
1142
1439
1310
1464
1863
1556
1666
1399
1840
1997
1288
1722
1684
1835
1693
2546
1649
1530
2012
1956
1932
1432
1416
1694
1546
1670
1388
1768
2106
2127
2188
1821
1671
1654
1539
1487
1467
2187
1882
1536
2170
1736
1740
2249
1711
1687
1479
1625
1713
1845
1548
1600
1649
1740
1779
1403
1971
1910
2531
1962
2335
2220
2452
2606
1978
2229
2424
1675
1517
1731
2177
1991
2141
1212
1562
2156
2022
1969
1808
1733
1595
1679
1614
