2526
2141
2086
2652
2069
2181
2313
1938
2006
2188
2401
2787
2098
2334
2107
2184
2072
2003
2163
2812
3234
2986
2580
2184
2099
2266
1783
2236
2582
2349
2002
2245
2551
2407
2146
1789
1847
2606
3413
3133
2971
2385
2218
2308
2773
2852
3095
2167
2050
2218
3034
2003
2100
2951
2618
1966
2107
2288
2839
2682
3194
3294
2399
2914
2935
3455
2975
2991
2770
2763
2902
2508
3225
3218
3152
2798
2283
2746
2714
3250
2836
2620
2914
2598
2107
2044
2050
2013
2118
2826
2566
2574
2944
2379
2148
2401
2039
2044
1942
2037
2294
2137
1963
2931
2406
2058
1977
2304
2011
2032
2113
2188
2670
1892
2216
3248
2261
2211
2231
1865
2205
2288
1889
2079
2039
2117
2062
1998
2183
2699
1747
2076
2094
2286
2342
2057
1863
2006
1935
2006
1869
2329
2604
2341
1920
2021
2198
1902
2166
1989
2725
2736
2493
2100
1893
2029
1985
2465
1937
1936
2487
2617
2916
2814
2718
2649
2990
2845
2761
2898
2429
2075
2304
2303
2849
2667
2941
2567
3099
2554
2021
2737
2294
1676
1950
2205
2012
1952
2411
1986
2345
1822
2069
1830
1804
1861
1993
1539
1906
2245
2974
2748
1862
2093
1846
2290
2337
2147
1890
2011
1605
1515
1708
1809
2221
2357
2458
2723
2669
2633
2964
2590
3072
2474
2929
3110
2903
2246
1915
2019
1799
1800
1888
1980
2400
2631
2687
2374
2221
3573
2134
1877
2046
2441
2485
3017
2207
2592
2903
3062
3115
3280
2779
3159
2095
2324
2594
2320
3063
2786
2094
2509
2302
2100
2068
2118
2257
2744
3118
2510
3117
2800
3479
2152
2053
2325
2316
1875
2315
1901
2373
1808
1781
2202
2355
2930
2146
2292
2387
1863
2696
2144
2017
2135
2336
1874
1704
2231
1737
1805
2321
2142
2081
2307
2479
2292
1927
2080
2012
1944
2078
2002
2144
1689
2021
2046
1787
2012
2189
1802
2288
2023
2072
1730
2084
2289
2261
1564
1536
1585
1536
1765
1737
1997
2047
2351
2438
2075
1896
1822
2434
2228
2228
2096
2651
1870
1768
2514
2382
2548
2594
2641
2988
2307
2787
2506
2301
1832
2042
1819
1733
1753
1603
2544
2867
2676
2903
2702
2039
2380
2823
1878
1898
1985
2159
2444
2818
2449
2733
2499
2512
2650
2110
2411
1800
2014
2018
2126
2015
2524
1995
1869
2051
2670
2261
2184
1660
2007
2360
2372
1906
1854
2174
2322
2365
2722
2080
2234
2007
1974
1927
2103
1928
1958
2168
1827
2151
1839
1799
2040
2368
2519
2818
2221
2618
2514
2484
2583
2284
2440
2184
2383
2677
2235
1861
2110
3010
1983
1855
2093
1665
1758
2197
1697
1952
1983
1763
1855
1898
1739
2007
1904
2756
2066
1707
2019
2306
1781
1968
2243
2189
2168
1997
1830
2239
2215
2202
2720
3150
2071
2456
2084
1751
1695
1473
1681
1658
2650
3345
1682
1855
1826
1935
1861
1711
2117
1701
2474
2234
2513
2325
2421
2840
2620
2131
2020
2090
2268
2248
2478
2497
2054
1916
1992
2217
2181
2381
2435
2775
2322
2409
2774
2468
2582
2227
2510
2286
2714
2146
1976
2188
1854
2123
2064
1907
2586
2055
2126
2231
1874
1672
1701
2004
1976
1950
1867
2008
2201
2008
2085
1897
1826
2103
1980
2250
2358
2465
2601
2441
2207
2274
2344
2132
1912
2496
2427
2473
2382
2554
2071
1800
1991
1968
2094
1761
1883
2484
2124
3047
1649
1862
2143
2411
2437
1849
2188
1806
2361
3260
2337
2116
2646
2065
1931
1743
1880
2626
1740
1965
1722
2394
1973
1816
2537
2075
1929
2321
1911
1966
2127
2271
2470
2113
1930
2249
2243
2736
2264
2814
2393
2150
1914
1938
1674
2351
2968
2859
2766
3209
2817
3172
2670
3311
2888
3253
2519
1721
1921
1907
2247
2397
2428
3045
2425
3144
2502
3115
2668
2491
2823
2204
2786
2698
3101
2715
2534
2870
2514
2658
2441
2760
2487
2854
1922
1986
1886
1820
1717
1907
2499
2546
2117
2363
2026
2375
1870
1622
1983
2068
1769
2136
1977
1778
1921
2037
2080
1759
1915
2185
1815
2016
1579
1497
2002
2106
2057
2194
1595
1723
2109
1995
2114
1925
1779
2444
1821
1794
2175
1981
1978
1943
1898
2144
1830
1649
1957
1818
1955
1916
1855
1822
1837
1806
2058
1740
1958
2432
1883
2449
2073
1913
2260
1857
2373
1937
1877
1958
2051
1729
1959
1872
1972
1874
1922
2062
2103
1903
2001
1765
1855
1855
2319
1979
1843
2060
1829
2161
2244
1783
1756
2393
2529
3055
1874
2065
2510
2096
1772
2079
1849
2103
2174
2188
2244
2212
2099
1954
1725
2101
2302
1884
1929
1899
2073
2150
1826
1597
2219
1985
1909
1732
1919
2205
1962
1660
1951
1930
1967
1903
1909
1742
2111
2120
2093
1632
1483
1886
1705
1834
1786
1745
1706
1901
1827
2064
1837
2205
2136
1807
2502
2171
2757
2137
2034
2432
2529
2958
1939
1783
1855
1923
1775
1972
1813
1929
1886
1892
1746
1836
1666
1950
2008
2408
2914
2728
2992
2465
1931
1759
1995
1842
2084
1931
1643
1990
2470
2129
2837
2535
2664
2653
1729
1551
1922
2119
2390
2186
1928
2718
2781
2384
2386
2756
2576
2755
2820
3437
1968
1668
1741
2170
2337
2764
1797
2325
2302
2442
2556
1898
1910
1683
1800
2157
1665
1829
1736
2406
3007
2407
2735
2812
2619
2664
2560
2948
2279
2410
2849
2608
2990
2368
1785
1833
2317
1911
1882
1665
1901
1786
1846
1798
1849
1728
1937
1755
1688
1741
1742
1677
2090
2017
1975
1932
1800
2003
1842
1655
1970
1707
2002
1924
1955
1712
1705
2018
1807
1742
1779
1790
1782
1878
2027
1827
1787
2073
1844
1531
1991
2448
1937
1622
2292
1554
1878
1800
2074
2080
1797
2117
2257
2286
2434
1893
2044
1952
1960
2429
2666
1926
1765
2020
2339
1986
1999
2874
2207
2807
2211
2278
2629
2374
2696
2319
2594
2586
2637
1816
2026
1838
2006
1967
1914
1902
1738
2631
1760
1909
1770
1824
2564
