1296
1271
1210
1390
1742
1738
1646
1723
1836
2120
2077
2542
2101
2160
2518
2014
2612
2134
2526
2135
2478
2662
2174
2550
2460
2262
2434
2136
2128
2193
2732
2051
2080
1774
1582
1572
1620
2063
2091
1870
2057
2084
2051
1696
1689
1945
1877
1687
1792
2047
1929
1617
1721
2802
2005
1794
2007
1665
1735
1393
1803
1541
1226
1486
1658
1300
1374
1548
1275
1284
1213
1177
1451
1811
1698
1889
1554
1518
1733
1747
1408
1390
1518
1220
1417
1515
1610
1801
1581
1562
1784
1594
1661
1487
1727
1138
1459
1354
1519
1452
1604
1417
1602
1279
1651
1892
1522
1557
1954
1492
1327
1750
1796
1504
1634
1735
1774
1950
1573
1787
1922
1382
1911
1653
1627
1853
3119
1633
1506
1783
1617
1717
1671
1494
1188
1405
1585
1601
1737
1753
1536
1238
1624
1243
1856
1245
1441
1703
1591
1402
1537
2046
1914
2558
2198
2486
1780
3104
2160
1898
2212
1872
1962
1452
1209
1722
1203
1323
1218
1543
1342
1785
1298
1451
1635
1351
1810
1559
1549
1521
1166
1216
1485
1786
1557
1817
1782
1658
1682
1357
1419
1700
1334
1563
1453
1859
1288
1675
1478
1449
1612
1815
1585
2164
2065
1657
1787
2051
2483
2014
2453
2374
2148
2492
1887
2260
2320
2050
2635
2077
2350
1957
1939
1687
1706
1845
2076
1955
2186
1806
2328
2099
2139
2377
1257
1293
1804
1331
1608
1217
1421
1464
1599
1975
1688
1790
1984
1555
2607
1477
2295
2379
1571
1701
1592
1431
2408
1565
1787
1581
1708
1730
1600
1402
2402
1429
1359
2341
1452
1695
2198
1685
1736
1896
1996
1571
1445
1415
1757
2234
1724
1482
1581
2033
1540
1394
1504
1877
2127
2111
2098
1943
2062
2055
1881
2054
2415
1978
2423
1913
2431
1946
2170
3149
1781
2596
1915
2105
2391
2209
2333
2251
2284
2129
2222
2218
2193
1838
2187
1675
1753
2254
2177
2199
2342
2238
2559
2277
2426
2618
1862
2174
1577
1548
1525
1562
1766
1717
1563
1578
1741
1759
1829
1893
1887
1702
1784
1700
1796
2027
1828
1987
1859
1992
1794
1562
1878
1530
1719
1978
1473
1706
1633
1712
2101
1611
1755
1621
1877
1554
1671
1389
1878
1254
1467
1536
1908
1679
2067
1706
1474
2050
1369
1932
1813
1908
1962
1832
1521
1885
2044
1864
2202
2056
2539
1769
2138
1759
1804
1792
1776
1723
1799
1665
1840
1503
1745
1854
1405
1821
1816
2317
1494
1545
1903
1738
1393
1565
1720
1696
1393
1655
2187
2489
1958
2123
2152
1987
1880
1518
1728
2093
1556
1635
1875
1722
1440
1917
1514
1407
1647
1617
1797
1501
1857
1993
1792
1737
1409
1720
1487
1867
2203
2312
1631
1496
2072
1798
2283
1997
2107
2194
2260
2254
1463
2180
1615
1849
1462
1889
1566
1433
1793
1667
1545
1520
1605
1568
1484
1805
1675
1711
2020
1765
2154
1860
1870
2525
2150
2093
1900
1989
2276
2336
2485
2026
2169
2381
2139
2267
2025
2316
2033
2362
2279
2360
2505
1752
1543
2009
145578
1491
1689
1366
1220
1540
1550
1599
1931
2446
2367
2047
2478
2339
2591
2193
2338
2142
1808
2535
2094
1465
1513
1541
1933
2069
2030
1273
1841
2363
2129
2150
2043
2385
2020
1641
1709
1551
1561
1383
1721
2388
1928
2450
2552
2096
2022
1610
1597
1334
2216
2407
2335
2433
1934
2328
1893
2212
2435
2410
2329
2295
1971
2400
2104
2106
2081
2243
2118
2349
2328
1960
2288
2127
2484
2404
2377
1739
1926
2265
2484
2430
2673
2555
2505
2232
2457
2471
2337
2452
2025
2543
1956
1769
1649
1530
1345
2000
3153
2208
2375
2401
2496
2478
2121
1568
1623
1509
1557
2252
2389
2293
2137
1512
1519
1778
2388
2571
2571
2371
2473
2080
2231
2352
2351
2450
2344
2479
1611
1547
1770
1355
1432
1317
1540
1507
1698
1951
1570
1764
1753
1805
1531
1549
1864
1881
2465
2010
2192
2161
1574
2187
1656
2262
2526
1850
2205
1960
2015
2365
2090
1862
1762
1855
2377
2178
2209
1812
2360
1736
2153
1312
1348
1482
1094
1155
1618
1374
1410
1755
2221
2091
2301
2583
1728
1430
1789
1374
1535
1524
1656
1348
1893
2144
2165
2495
2022
2628
2220
2368
1981
2122
2518
2106
2342
1675
1473
1625
1928
2175
2283
2076
2455
2094
2324
2098
2241
2293
2469
2296
1937
2167
2324
2265
2116
2328
2164
2142
2044
2309
2061
2641
1934
2348
2166
2530
2315
1482
1696
2255
2330
2252
2197
2942
2211
2103
2432
2220
2440
2411
2553
1966
2134
2165
2460
3523
2055
2671
2283
1898
2427
1880
2538
2447
1397
2150
1963
2501
2372
2507
2567
1450
1333
2096
1767
1678
1906
2300
2223
2543
2254
2550
1637
1574
1463
1342
1439
1472
1744
1373
1670
1223
1380
1557
1645
2482
2541
1600
1908
1425
2095
2450
2088
2516
1477
1671
2502
2087
1466
1379
1249
1713
2056
2296
2034
2636
1866
2372
2457
2170
2445
1485
2320
2161
2350
2415
2258
2342
2012
2234
2477
1665
1604
1348
1951
2155
2044
3650
2527
2814
2659
2501
2378
1348
1725
1149
1351
1379
1749
2170
2098
2589
2051
2496
2722
2059
2635
1579
1717
1966
2268
2586
2430
2475
2518
1970
2642
2074
2530
2196
2291
2612
2297
2641
2361
2007
2623
2047
1753
1408
1917
2042
2257
2561
2433
2421
2497
2638
1404
1761
1797
1459
1925
1775
1592
1796
1472
1946
1493
1539
1969
1772
1856
1836
1878
1365
1599
1801
2309
1566
1446
1657
1648
1970
1553
1366
1836
1394
1550
1464
1510
1538
1361
1534
1310
1330
1748
1329
1491
1479
1395
1344
1264
1895
1759
1438
2021
1871
1915
1526
1463
2056
2140
2751
2107
2008
2277
1976
2457
2023
1834
1446
1500
1432
1656
1367
1397
1387
1411
1372
1787
1514
1777
1523
1686
1870
1918
2023
1868
1740
2357
1887
2108
2090
1261
1248
1509
1759
1814
1118
1253
1423
1875
1501
1486
1979
2061
2557
2401
2571
