1412
1767
1699
1685
2277
1282
1441
1499
1355
1479
1487
1448
1605
1700
1873
1550
1679
1386
1380
1495
1503
1942
1651
1916
1416
1842
1533
1857
1452
1947
1760
1603
1476
1798
1596
1698
1717
1567
1909
1882
2604
2081
1965
2297
2004
2226
1539
1841
1955
1730
2518
1925
2505
1751
2710
2392
2142
2055
2644
2296
1920
2352
2421
1891
2237
1581
1413
1348
1652
2010
2538
2518
2253
2424
2275
2276
2622
2234
2536
1637
1213
2014
2408
2651
2192
2658
2376
2526
2488
2415
2068
2528
2059
1699
1941
1631
1501
1991
1577
2018
1926
1698
1479
1645
2307
1748
2441
2399
2130
2097
1829
2650
2123
1762
1480
1367
1962
2229
1587
1840
1764
2356
1766
3395
1887
2549
2061
2444
2072
2119
2425
2198
2467
2020
2450
2390
2050
2432
2203
2467
2064
2258
1766
1514
1877
1547
1674
1768
1402
1569
1159
1513
1852
1810
1884
1186
1236
1635
2260
1835
1923
1605
1338
2130
1654
1467
1606
1539
1510
1578
2103
1726
2151
2220
1820
1828
1660
2222
1518
1800
2028
1470
1680
1286
1781
2285
1386
1696
3100
1751
1580
1568
1663
2018
1599
1580
2332
1506
1564
2220
1440
1605
1536
2247
2298
1767
1285
2267
1293
1471
2508
1564
2128
1708
1631
2026
1323
1712
2048
1868
2397
1896
3070
2149
1901
2441
1820
2442
2332
2028
2565
2102
2574
1805
2387
1840
1811
2336
2101
2318
2082
2296
2471
2092
2185
2179
2000
2538
2801
2338
2125
2504
2443
2283
2449
1742
2352
1243
1385
1774
2001
2324
2548
2122
2495
1815
2493
2102
2080
2542
2070
1911
2046
2202
2240
2134
2665
1952
2009
2216
2146
2495
2056
2426
1974
1838
1233
1421
1836
1831
2202
2269
2099
2317
1797
2308
1796
2475
2526
2197
1999
2004
2491
2171
1541
1344
1415
1793
1894
2092
2629
2074
2526
2023
2570
2314
2068
2509
2148
2499
2029
2374
2579
2015
2308
1895
2263
2245
1936
2438
1619
1960
1941
2289
2384
1679
2189
2041
2289
2364
1657
2288
2124
2593
1962
2342
2509
2089
2453
1997
2386
2499
1553
1488
1481
2267
2044
2411
2423
2235
2669
2038
2523
2520
1978
2308
1819
2569
2043
2121
2372
2306
2705
2130
2546
2243
2389
2477
1466
1374
1610
2238
2429
2038
2447
1845
2614
2307
2061
2648
1890
2580
1850
2324
2332
2116
2541
1644
1662
1387
1524
1411
1733
2225
1815
2146
1997
2277
2630
2037
2540
2124
2598
2346
1548
2062
1881
2523
2047
2484
2524
1940
2585
2101
2310
2306
2277
1878
1710
2366
2655
2358
2659
1782
2521
1988
2403
2481
1975
2333
1764
2373
2594
1644
1421
1485
1822
1443
1521
2047
2037
2455
1844
2475
1909
2363
2460
2022
2286
2000
2196
2552
2039
2495
2035
2738
2324
2758
2453
1927
1640
1546
2107
2601
2133
2556
2278
2408
2089
1416
1575
1241
1930
2116
1867
1406
1587
1693
1990
1928
1609
2226
1987
1705
1602
1394
1734
2196
2054
2474
2343
2653
2217
2334
1967
2258
2354
1982
1944
2250
1972
2094
2181
2607
1994
2129
2507
2029
2090
1425
1647
1875
1726
2380
2214
2029
1917
2464
2106
2193
2014
2076
2395
2041
2581
2293
2204
1948
2376
2039
2764
1447
1559
1787
1922
2146
2363
1696
1469
2111
2048
2484
2164
2071
1339
1777
1606
1600
1448
1939
2638
2070
1444
1518
2196
1973
2267
2459
2132
2658
2004
2252
1725
2226
2514
2191
2347
1757
2197
2337
2339
2692
2235
2274
2371
2647
2475
1585
1554
1352
1456
1388
2042
1623
1504
2246
1571
1663
2636
2082
1763
1812
1461
1530
1422
1658
2183
1635
1608
1870
2055
1734
1862
1892
1946
2538
2403
2116
1937
2048
2448
2239
2495
1770
2542
2435
2526
2585
2295
2410
2438
2323
2531
2433
2086
2278
1411
1558
1537
1478
1651
2206
2562
2514
2456
2156
2555
2032
2295
1665
1718
1869
1854
2128
1378
1475
1434
2051
2054
2314
2131
2230
1840
2111
1884
2371
2577
1546
1463
1813
1652
1484
1725
1663
1946
1945
1609
1695
1867
1440
2172
1425
1509
1495
1457
1880
1648
2488
1513
2279
1677
2046
1333
1689
1617
1568
1511
1670
1528
2100
1927
1302
1970
1467
1771
1795
1549
1565
1526
1454
1719
2068
1540
2082
1284
1487
1629
1626
2166
2314
2095
2353
2133
2094
1465
1844
1777
1318
1890
1858
2400
2555
1748
1516
1412
1758
2375
2007
2278
2027
2509
2265
2225
2547
2023
2127
2115
1829
1515
1451
2153
2308
2304
1609
1761
1278
1741
1689
1511
2112
1502
1644
2480
1755
1816
2558
1616
1568
1550
1699
1980
1405
1605
1699
1902
1754
1560
1827
1778
2440
1555
1485
1267
1954
2390
2197
2461
2186
2468
2150
2146
2104
2437
2458
2489
1883
1793
1527
1326
1684
1680
1639
1774
1711
1483
1395
1318
1663
1953
1407
1639
1239
1567
1964
1532
1969
1687
2536
2278
1900
2333
2260
2162
2329
2246
2694
2342
2562
1561
1384
1916
1511
2616
1794
2547
2501
2172
2478
2196
2423
1548
1123
2109
2153
2562
2002
2421
2423
1435
2266
2029
2683
2104
2350
2509
2341
2760
1734
1382
1999
1911
1511
1802
1470
1746
1711
1496
1731
1518
2173
1415
1602
2358
2323
2210
1615
1433
2008
1402
1407
1182
1558
1566
2184
1991
1515
2124
1576
1595
1793
1424
1688
1724
1775
2278
2246
1622
1850
1366
1517
1831
1459
1636
1671
1465
2266
2282
1587
2236
1655
1696
1720
1493
1956
1561
2204
1809
1935
2274
2258
2174
1496
1436
1756
2130
1761
2070
1598
1890
1319
1380
2575
1599
1553
2438
1647
1517
1416
1488
2130
1267
1558
1396
1875
1413
1507
1436
1696
2580
2028
2345
2510
2838
2423
1951
2493
1729
2045
1927
1838
2113
1762
2095
1975
1868
1475
1667
2154
1936
1858
2008
2171
1735
1553
1386
1991
1776
2020
2129
2653
2189
2430
1817
1664
1768
1677
1757
1800
1741
1614
1558
1855
1769
1913
1697
1661
1532
1478
1941
1830
