1703
1464
1436
1612
1740
1480
1549
1831
1921
2097
2567
2257
2300
2533
1769
1903
1858
1687
1626
1564
1681
1731
1443
1694
1718
1661
1952
2183
1757
2114
1984
2104
2371
2147
1381
1552
1735
1501
1763
1867
1905
1776
1687
1464
1980
1599
1552
1531
1537
1789
1837
1971
2043
1525
1556
1729
1776
1751
1945
1640
1520
1724
1594
1587
1661
1762
1566
1624
1622
1790
2058
1806
2346
2082
2141
1986
1849
1528
1458
2151
1917
2443
2016
2627
2684
2657
2609
2340
2461
2557
2547
2451
2244
1683
2040
1898
1548
1587
2199
1509
1986
1658
1431
1578
1500
1738
1784
1428
1850
1688
1463
1916
1466
1698
1235
1569
1324
1940
1873
1944
1769
2745
1903
2034
2267
2188
2119
2419
2399
2301
2027
2341
1602
1709
1385
1674
1556
1616
1325
2078
1487
1653
1344
1323
2263
1364
1680
1699
1576
1742
1593
1480
1545
1503
1908
2212
1951
2336
1809
1850
2387
1744
1534
1559
2632
2025
2351
2574
1742
1814
1880
1607
1499
1504
1399
2478
1606
2609
1436
1600
1837
1886
1726
1974
1574
1907
1761
1712
2046
1834
1765
1693
1556
1319
1851
2084
2091
1671
1979
1800
2061
1965
2479
1899
2782
1949
2420
2535
2245
1619
1486
1581
1836
1634
1382
1750
1429
1521
1636
1393
1640
1648
1809
1692
1682
1801
1325
1348
1453
1492
1527
1752
1678
1836
1599
1804
1965
2043
1342
1272
1416
1650
1763
1498
1543
1818
1451
2240
1468
1888
2206
2110
1312
1670
1759
1672
1430
1281
2633
1262
1608
1803
1311
1479
2585
1606
1419
1423
1236
1978
1792
1621
2156
1714
2025
1855
1588
1666
1533
1494
1734
1522
1816
1746
2034
2274
1916
2011
2098
1948
2308
2703
2035
1925
1945
2108
2602
2133
2382
2081
1550
1998
1636
1811
1724
1701
1527
1813
1274
1628
1514
1650
1616
1558
1490
1826
1361
1824
1526
1450
1413
1375
1815
1511
1804
1739
1654
1787
1814
1797
1441
1495
1743
1580
1910
1630
1646
1631
1588
2119
1560
2092
1506
1326
1518
1649
2001
1999
1543
1444
1468
1468
1567
1759
1827
1481
1546
1772
2087
1960
2120
1792
2056
2416
1963
2404
1995
1670
1797
2013
1602
1784
2387
1639
1450
1397
1346
1269
1627
1687
1509
1643
1336
1386
1368
1367
2486
1796
2022
1528
1467
1361
1755
1341
1592
1736
1665
1769
1760
1827
1808
1350
1423
1302
1301
1198
1441
1811
1350
1333
1355
1747
1473
1326
1985
1322
1142
1267
1233
1420
1701
1612
1420
1312
1221
1452
1306
1097
898
1291
1396
1384
1212
1431
1638
1223
1562
1410
1458
1417
2026
1385
1486
1241
1909
1610
1675
1605
1291
1341
1602
1590
1316
1625
1240
1719
1495
1664
1995
2021
2397
1984
1913
1315
1649
2211
2205
2783
2405
2670
2434
1888
2278
2183
2674
2440
2207
2565
2101
3006
2595
2306
2614
2498
2660
2214
2759
2590
2435
2684
2672
2416
2014
2637
1985
2614
1997
2285
1677
1515
1536
1791
2075
2297
1950
2416
2420
2677
1999
2002
2984
1822
2073
1713
1822
2006
1707
2503
2300
2698
2472
1792
1891
1703
2127
2114
2533
1899
1643
2488
2185
2389
1936
1719
1630
2267
1678
1520
2564
1687
2190
1961
1593
2942
1735
1748
2257
1342
1553
1884
1697
1623
2263
2032
1928
2004
1870
1787
1827
1588
1236
1301
1568
2169
1392
1247
1610
1680
1703
1485
1292
2711
1268
1360
1486
1255
1221
1208
1221
1442
1659
1624
1937
1966
1968
2008
2017
1933
2461
1519
1434
1603
1707
1675
2433
1361
1513
1346
1635
1530
1621
1698
1461
1459
1838
1374
1328
1649
1317
1563
1800
1979
1544
1557
1775
2243
1928
1726
1654
1438
1744
1516
1714
1501
1611
1719
2013
1332
1753
1930
1662
1663
1493
1539
1654
1317
1445
1413
1535
1422
2324
1718
1512
1479
1195
1389
1575
1826
1573
2147
1560
1808
2041
1736
2321
1820
1131
1481
1188
1394
1384
1546
1677
1938
2358
1908
2219
1696
2247
2299
1612
1784
2040
2042
2074
2386
2117
1816
2266
1843
1644
1614
1604
1537
1365
1448
1592
1822
2067
1224
1390
1496
1450
1997
10369
1772
1307
1511
1534
2070
2033
1573
2005
2428
1752
1755
2186
1891
1755
1615
1581
1288
1384
1838
1315
1584
1627
1493
1616
1659
1739
2189
2040
2550
2535
2310
2508
1981
2382
2239
1700
2321
1910
2439
2091
2384
2443
2238
2361
1808
1273
1756
1958
2803
2115
2457
2208
2478
2582
2317
2335
2198
2174
1846
2049
2203
1845
2487
2391
2510
2494
2478
2483
2401
1937
2150
2373
2622
2320
2555
1470
2514
2429
2328
2655
2077
1750
1669
1570
1720
1863
2323
2412
2161
1801
1862
1656
1546
1760
1519
1833
1527
1422
1565
1605
1629
1791
1893
1636
1477
1773
2220
2260
1646
1608
1559
1520
3600
1355
1789
1665
1575
1423
1844
1796
2476
2001
2529
2609
2688
2816
1643
1774
1262
1329
1768
1828
2266
2328
1585
1369
1840
2146
2272
1531
1290
1558
2312
2072
2339
2179
1742
2156
1798
1716
1738
1748
1526
1557
1942
2063
1940
1860
2013
2187
2111
2036
1569
1465
1838
1974
1932
1999
1830
2247
1700
1560
1499
2167
2325
2558
2366
2290
2271
2071
1647
2026
2040
1825
2078
2512
1794
1446
1473
1619
1852
2018
2408
2350
2527
2318
2640
1608
1425
2000
2411
2438
2213
2419
2103
1313
1598
2176
1935
2666
2066
2410
2557
2228
1473
1647
1586
1385
1513
2050
2026
2411
2076
2478
2546
2448
2587
2456
2592
1742
2108
2565
2210
2586
1596
1333
1583
1986
1660
1457
1720
2086
2082
2444
2106
2771
2149
2594
2686
2138
2499
2225
2382
2169
2081
2853
1931
2517
2364
2035
2707
1903
2253
2003
1614
1642
1448
1290
2046
1660
1672
1689
1659
1679
1613
1970
1641
1814
1710
2189
1689
1341
1490
1478
1301
1475
1755
1847
1632
1733
2121
1732
1543
2165
1864
1476
1603
1536
1627
1509
1485
1927
1723
1917
1825
