1203
1293
1562
1317
1650
1584
1669
1469
1583
1718
1334
1464
1797
2046
2012
1950
2299
2434
2106
1557
1454
1236
1618
1981
2285
2294
2489
3631
2551
2436
2522
2170
2536
2376
2593
2433
2088
2448
2443
2698
2465
1578
1585
2197
2305
2669
1813
1972
1808
1607
1721
2170
1433
1605
1207
1598
1655
1724
1897
2313
1813
1951
2543
1723
1347
1878
1954
2453
1940
2758
1877
1943
2180
2280
2690
2401
2574
2398
2603
2340
2323
2584
1400
1719
2126
1937
2342
2058
2628
1697
1659
2313
1692
1674
1269
1174
1275
1402
1588
1448
1393
1430
1437
2137
1677
1952
1808
1943
1823
1789
1822
1688
1647
1771
1657
2040
1821
2179
1774
1927
2302
2125
1833
1804
1742
1648
2494
1778
1701
1576
1415
1413
1362
1551
1952
1499
1806
1850
1667
2235
2188
2576
1961
2706
2262
1601
1416
1578
1457
1300
1983
1896
2277
2234
2330
2494
2367
2161
2170
2375
2426
2213
1812
2127
1876
1683
1849
2047
2026
2108
2023
2167
2267
2090
2369
1800
2488
1909
2076
2057
2162
1759
2026
1424
1500
1507
1254
1490
1670
1600
1522
1577
1784
1628
1700
1453
1675
1772
1975
2483
2382
2104
2598
1497
1578
1536
1761
2489
1904
2416
1944
2627
2624
2117
1695
1672
2234
1882
2076
1993
1724
1664
1551
1976
1721
1972
1938
1771
2055
1911
1536
1586
1746
1806
1827
1793
1751
1899
1850
2037
2122
2123
2692
1517
1467
1648
1719
1495
1861
1776
1480
1778
1664
1897
2032
2115
2461
2440
2037
2299
2569
2555
2264
2355
1919
1850
1960
1594
3084
1695
1531
1898
1481
1469
1580
1450
1706
1707
1774
2050
1882
1766
2080
2362
2442
1470
1488
1705
1471
1728
1824
1790
2038
1522
1949
1452
1449
1973
1751
1720
1857
1725
1875
1884
2045
2002
1651
1970
2389
2023
2479
1868
2013
2433
2193
2476
2025
2529
2269
2401
2447
3257
2831
1687
1352
2259
1519
1627
1697
1742
1188
1103
1604
1890
2287
2480
2575
2561
2261
1377
1667
1349
1640
1745
1702
1409
1625
1907
2010
1810
2234
1889
2022
2317
1338
2051
2187
2180
2476
2380
1979
2026
2642
2170
2489
2528
2593
2430
1792
2093
2105
2612
2291
2524
2693
1505
1609
1600
1526
1699
1555
1657
1939
1890
1950
1853
1825
1751
1484
1901
2272
2226
2152
2333
2592
2356
2207
2355
1496
1729
1772
2188
1979
2578
2479
2429
2675
2748
2204
2400
2471
2491
1959
1724
164802
1648
1668
1576
2020
1617
1640
1672
1516
1246
1218
1770
2220
1959
1973
1595
1743
2266
2012
2591
2003
2367
2449
1708
1861
1707
2034
2147
2070
2111
1497
2072
1725
1611
1444
1606
1891
1300
1251
2083
2342
1343
2059
1557
1590
1631
1977
1790
1605
1902
1623
1612
1768
1657
1504
1663
1594
1640
1913
2085
2411
2024
1862
1929
1881
1869
1740
1943
1547
1917
1755
2920
1418
2205
1365
1616
1403
1890
1339
1960
1874
1704
1575
2017
2264
1930
1930
1965
1710
2398
2145
2397
2201
1955
1877
2022
1806
1998
1770
1772
1962
1403
1471
1622
1468
1815
1822
1615
1747
1879
1902
1913
1750
1395
1328
1458
1465
1873
1564
2026
1575
1637
1808
1721
1253
1799
1799
1953
1267
1679
1585
1394
1827
1861
1768
1582
1586
1405
1264
1644
1621
2072
2521
2085
2647
2101
1142
3240
3310
3343
1490
1815
2031
2302
1948
1731
2237
1304
1590
1748
1144
1289
1235
1169
1603
1283
1351
1456
1198
1417
1222
1336
1522
1330
1302
1532
1201
1191
1160
1238
1785
1559
1588
2117
1802
1538
1370
1352
1550
1414
1669
1749
1842
1770
1500
1770
1470
1485
1634
1669
1546
1600
1638
1438
1492
1632
1473
1409
1479
1530
1326
1370
1600
1651
1821
1679
1804
1378
1574
1912
1706
2273
1692
1897
1504
1436
1535
1592
1676
1652
1692
2032
1580
1672
1457
1429
1443
1787
1408
1226
1797
2459
1583
1881
1643
1459
1900
1343
1517
1706
1399
1456
1654
1585
1650
1574
1472
1405
1538
1997
1716
1568
1474
1392
1594
1336
1499
1401
1589
1513
1719
1320
1464
1616
2012
1644
1834
2510
1604
1636
2195
1396
2110
1927
1971
1674
1480
1339
1662
1496
1612
1548
1650
1948
1776
1720
1735
1627
1471
1791
1664
1375
1602
1588
1704
1410
2417
1307
1757
1726
2704
1578
1275
1234
1611
1591
1776
1394
1535
1781
1540
1757
1334
1431
1522
1488
1436
1482
1757
1443
1346
1694
1577
1624
1345
1545
1361
1523
1873
1483
1640
1624
1739
1600
1474
1667
1666
1474
1746
1682
1596
1857
1713
1964
1665
1610
1585
1549
1818
1501
1638
1638
1382
1835
1685
1529
1801
1579
1262
1442
1836
1505
1582
1372
1434
1547
1716
1705
1354
1726
1623
1568
1584
2025
1880
2302
1919
2398
2365
1902
2608
1943
2654
1428
1600
1479
1615
2337
1843
2443
2697
2057
2653
2037
2568
2308
2150
2555
2032
2375
2598
1794
2242
1744
1423
1416
1188
1741
1380
1432
1094
1242
1322
1208
1538
1510
1765
2424
1852
1818
1796
2498
2054
2406
2777
2031
2191
2309
2495
2512
2219
2265
4478
1573
1533
1967
1497
1166
1406
1123
1107
1357
1222
1187
1376
1178
1457
1520
1171
1779
1315
1189
1327
1676
1444
1826
1747
1974
1640
1448
2256
1713
1323
2071
1620
1655
1616
1406
1741
1861
1339
1419
1567
1631
1408
1498
1705
1694
1767
1682
1207
1315
2030
1471
1573
1865
2174
1383
1655
1424
1857
2005
1810
2454
1993
1570
2529
1421
1142
1383
1136
1360
1371
1333
1652
1247
1074
1966
1572
1446
1517
1484
1787
1655
1721
1871
1925
1289
2042
1192
1991
1489
1181
1184
1174
1176
1653
1847
1647
2137
1670
1605
1359
1488
1762
1626
1633
1481
1868
1455
1725
1651
1503
1345
1361
1769
1404
1650
1966
1694
1906
2040
1538
1914
1354
1774
1364
1682
1243
1446
1399
1383
1540
1735
1481
1500
1392
1511
1734
1400
1471
1489
1481
1862
1538
1921
