1714
1583
1323
2236
1656
2377
1506
1802
1724
1970
2175
2641
2637
2691
2152
1543
1584
1728
2697
2072
2831
1298
1712
1551
1342
1604
1695
2037
2519
2294
2597
2382
2453
2530
2327
2725
1603
2629
2192
2028
1900
1575
2634
2050
3382
2707
2057
2689
2245
2565
2385
2616
2769
2552
2685
2469
2189
2443
2552
2319
2392
2592
1484
1588
1746
1864
2143
2021
2711
2424
2442
2473
2558
1603
1858
1411
1422
1233
1453
1573
1949
2341
2052
2238
2220
2413
2700
2458
2658
2523
2226
2112
1517
1596
1686
1254
1820
1402
1712
1398
3793
2060
1504
1585
1789
1704
1477
1430
1437
1679
1386
1486
1577
1661
1391
3059
1867
1977
1819
2057
2537
2447
2654
1661
2626
2035
2533
1657
2041
1527
1564
1482
1816
1430
1782
2298
2530
2145
2567
1907
2369
2336
2429
2456
2278
2399
2066
2522
2522
2225
2574
2172
2638
2041
2390
1903
1549
1628
1274
1667
2117
1958
2220
2005
2384
2161
2505
2357
2152
2529
2317
2529
2289
2367
2413
2074
2535
1851
2415
2061
2467
2319
2301
2537
1939
2526
1973
2370
1470
1594
2163
1910
2471
1921
2072
2648
2342
2663
2281
2530
2013
2220
2179
2147
1519
1479
1705
1542
2226
2406
2356
2663
2086
2397
2116
2520
2489
2277
2602
1853
2021
1669
2115
2175
1920
2128
1459
1800
2265
2404
2502
1888
2485
2105
2431
1851
2808
2367
2126
2538
2076
2347
1866
2366
2469
2549
2871
2512
2528
1457
2342
1546
1392
2179
2289
2143
2051
2645
1384
2824
2591
2025
2676
2188
3032
2354
2319
2087
1976
2526
2439
2332
2363
2125
2444
2379
2605
2080
2157
2198
2526
2449
2252
2334
2159
2406
2426
1911
2513
2111
1682
1399
1716
1842
1809
1581
1634
1344
1459
1476
1440
1429
1483
1389
1502
1702
1443
2509
1505
1695
2281
1627
1181
1300
1646
1590
1407
1660
2022
1378
1403
1880
2043
2502
1523
1883
1455
1481
1997
2094
2823
2205
3933
2757
2533
2745
2272
2659
2144
2530
2596
1609
1638
2205
2438
2528
1548
1289
1842
2384
2080
2606
1799
1822
1417
1575
1433
1551
1592
2155
1921
2610
2291
2663
1481
1450
1715
1859
2194
2226
2632
1590
1548
1720
1531
1306
1584
1674
1968
1488
1508
1655
1724
1548
1227
1456
1285
1306
1324
1364
1299
1347
1350
1690
1407
1538
1717
1644
1524
1438
1582
1470
1563
2325
1550
1518
1535
1508
1569
1653
1657
1619
1906
1458
1388
1463
1322
1644
1374
1198
1578
1648
1578
1442
1585
1645
1804
1614
1568
1436
1674
1736
1630
1527
1475
1616
1466
1555
1612
1580
1597
1825
1698
1548
2014
1771
1706
2075
2110
2222
1772
1676
2263
1896
2276
2252
2183
2093
2293
2438
1452
1856
2301
1972
2214
1868
2433
1189
1522
1687
1832
1654
1681
2519
1372
2193
1673
1554
1325
1567
1380
1351
1580
1430
1567
1644
1793
1977
2227
1925
1865
1428
1551
1855
1850
1993
2161
2019
1845
1963
1703
1607
1773
2028
2960
1982
1532
1677
1523
1799
1412
1696
2103
1912
2123
1946
2148
2109
2282
2389
2528
1971
1987
2055
2299
2037
2090
1635
1447
1475
1714
1943
1946
2472
1628
1872
2041
1602
1591
1923
2140
2241
1925
2396
2108
2413
1826
2212
2095
2911
2066
1828
2243
2349
2693
1404
1530
1451
1640
1715
1851
1970
2793
2309
2452
2295
2383
2660
1467
1474
1839
1955
1657
1342
1502
1875
2485
1715
2344
2385
2455
1478
1704
1649
1573
1600
1479
1661
1453
1584
1475
1538
1586
1679
1540
1690
1471
1672
2116
2110
1906
1933
2291
1623
1555
1489
1472
1400
1192
1846
1502
1408
2010
1543
1571
1619
1543
1552
1741
2086
1491
1468
1783
1805
2340
2336
2345
2420
2210
2231
2376
2191
2513
1568
1302
1492
1565
1375
1495
1459
1231
2123
1818
2340
2514
1454
1682
1704
2619
2098
2702
1551
1486
1414
1820
2427
2136
1990
2123
2257
2347
2380
2198
2320
2299
2267
1711
2081
1769
1901
1899
1653
1557
1558
1757
1505
1629
1711
1642
1831
1612
1688
1658
2238
1505
2395
1609
1560
1965
1889
1930
2305
2147
1735
1632
1635
1800
1559
1405
1939
1422
2441
1777
2024
2057
2124
2178
2073
2083
1901
2046
2574
2060
1713
1547
1764
1453
1924
1428
1640
1820
1611
2227
1590
1692
1564
2529
1883
1885
2140
1523
1969
1178
1527
1518
1395
1744
1755
1482
1752
1417
1720
1514
1810
1722
1610
1712
1737
2176
1490
1930
1636
1906
1478
1566
1752
1618
1551
1895
1409
2070
1638
1560
1500
1357
2118
1628
1635
1563
1465
1651
1482
1265
1440
1514
1427
1820
1375
1750
1625
1823
1431
1482
1311
1970
2407
2059
1792
1741
1933
1416
1304
1576
1415
1754
1391
1503
1181
1648
1596
1522
1508
1451
1613
1413
1707
1860
2481
1616
1694
1451
1435
1938
1454
1338
1741
1440
1644
1722
1254
1462
1265
1422
1794
2193
1616
1609
1835
1711
1471
1488
1478
1612
1705
1566
1705
1303
1791
1473
1424
1537
1459
1594
1622
1468
1571
2115
1525
1775
1688
1216
1464
1905
1708
2001
2026
2038
2359
2237
2392
2393
2533
2324
1770
1648
1675
1519
1675
1658
1709
1322
1751
1656
2003
2019
1343
1371
1340
2613
1578
1668
1695
1915
2299
1804
1531
2402
12713
1777
1651
2059
1319
1500
1600
1725
1887
2076
1510
1867
1231
1653
2123
1512
1621
2243
1412
1365
2481
1335
1661
1371
1367
1592
1147
1199
1793
1311
1567
2245
1529
2021
1918
1617
1698
1656
1573
1845
1727
1278
1805
1693
1425
1855
1560
1904
1557
1672
1807
1355
1438
2497
1703
1626
2155
1671
1888
1567
1467
1873
1491
1565
2071
1252
1616
1646
1465
1501
1579
1321
1714
1323
1741
1392
1437
1563
1718
1397
1460
1715
1799
2351
1788
1372
1386
1444
2175
1952
2322
1975
2047
1865
1413
1945
1592
1696
1521
2989
1833
1481
1649
1755
2265
2501
1309
1339
1716
1852
1382
1536
1382
