1381
1455
1806
1758
1779
1385
1568
1431
1760
1707
2326
1710
2273
2443
2038
2617
2085
1597
1403
1393
2426
2142
2494
1639
1887
2381
2067
2307
1644
1606
1652
1662
1418
1529
1430
1721
1547
1608
1305
2181
1858
2468
2234
1713
1588
2059
2311
2569
1854
2303
1993
2440
2281
2000
2516
2110
2174
2472
2202
2262
1607
2252
2371
2048
2365
1987
2486
2365
1984
2598
2008
2377
1818
2469
2689
2137
2569
2101
2409
2340
2193
2513
1963
2487
2277
2080
2323
1385
1639
1579
1403
2071
1824
1429
1932
1407
1481
1515
1955
1712
2200
2546
1729
1458
1480
1362
1542
1894
2309
1721
2108
1821
1978
2419
1992
1883
1827
2329
1869
2017
2634
1590
1966
1687
1882
2415
1724
2364
1913
2403
1932
2021
2479
1830
2449
1812
2267
1628
1662
2204
1921
2484
2273
1991
2353
1301
1854
1630
2532
2474
2123
2457
1773
1513
1383
1609
1563
1284
2204
1793
2441
2351
1817
2405
1920
2426
2650
2101
2289
1833
2244
2046
2382
2323
2230
2070
1918
1678
2148
1496
1655
1912
1848
2338
1432
1552
1417
1797
1313
1590
1611
1445
1447
1701
2089
1998
1780
1708
1771
2676
1680
2153
2398
1676
2165
1923
2367
2123
1921
2209
1923
2466
1829
2199
2190
2007
2362
1980
2064
2067
1940
1486
1917
1517
1544
1670
1960
2014
2255
1988
2570
2028
1763
1796
1435
1685
2071
1633
2155
2167
2722
2084
2437
2450
2076
2191
2342
2216
1879
2448
2472
2264
2287
2216
2354
2239
1918
2108
1930
2536
1879
2314
2259
2034
1571
1709
2255
2075
2008
2411
2139
2425
1237
2270
1751
1805
2086
2151
1923
1658
1704
2147
1865
2209
1752
2029
2450
2002
2284
1887
1415
2273
1899
2579
2004
2267
1898
1860
2457
1965
2194
1899
2748
2441
1744
2172
1976
1984
1668
1726
2167
1714
2352
1696
1913
1993
2071
2084
2143
2245
2123
2122
2321
2069
2383
2062
1600
2163
1815
2177
2008
2099
2687
2376
2567
1976
2660
2213
2587
2389
2492
2515
2131
2471
2323
2584
2486
2469
2465
2199
2766
2067
2616
2338
2519
2167
2009
2528
2072
2384
2655
2909
1453
1383
1697
1640
1249
1869
1965
2033
2524
2040
1518
1548
1795
2039
2404
2388
1979
2291
2179
2301
1740
1533
2019
1728
1516
1524
1474
2438
2002
2461
1788
2594
2505
1955
2472
2189
2172
1606
2162
2132
2332
2208
2197
2232
2093
1535
1689
1924
2218
1957
2325
2171
2337
2194
2140
2059
2082
1702
1550
1453
1820
1818
2489
2119
2109
2483
2020
2532
2018
2596
1326
1691
1554
1527
1388
1260
1672
1780
2079
2776
1978
2620
2327
1760
2561
1912
2656
2434
2107
2827
1686
1782
2005
1582
1579
1428
1807
1790
2439
1941
2434
2474
1911
2732
1870
1688
1547
1660
2107
2405
2146
2041
1829
1826
2057
2527
1920
1725
1719
1376
1487
1885
2491
2284
2240
2265
2175
2596
2216
2162
2130
1984
2261
2497
2782
1999
2357
2538
2150
2590
1949
2627
1922
2471
2502
2446
2470
2579
2444
2150
2476
2658
1496
1675
1323
1816
2298
2491
2571
2057
2439
1887
2429
2317
2202
2453
2162
2533
2514
2358
2497
3019
2359
2240
1365
1566
1786
2174
1792
2342
2537
2106
2486
1995
2515
1586
1301
1652
1721
2114
2025
2175
1346
1767
1634
1384
1611
1803
1301
1717
1478
2029
1930
1803
1957
2236
2470
1971
2603
1418
1536
2022
1868
2613
1784
2253
2065
1902
2668
2069
1947
1835
1734
1825
1765
2033
1810
2098
1897
1926
2503
1984
2017
1928
2020
2163
2058
2137
2040
2619
2540
2501
2419
2092
2406
1841
1627
1362
1650
2148
2307
2480
1881
2505
2483
1768
1532
1861
2222
1912
2344
2705
2042
2556
2081
2524
2590
2145
2467
1930
2484
2016
2343
2576
2012
2647
1975
2716
1487
1499
1562
1885
2431
1538
2078
2230
2168
1646
1481
2044
1949
1460
1581
1795
1491
1518
1942
1950
2500
2525
2241
1291
2083
1593
1322
1613
2252
1825
2315
1993
2491
2084
2577
2673
2151
2428
1671
2388
2286
1807
2145
2060
2451
2079
2403
1943
2372
2484
2338
2383
2384
2545
2026
2460
2451
2381
2620
1965
2501
2076
1947
1378
1433
1972
2249
2348
2191
2450
2101
2210
1382
1618
1706
1230
1173
1883
2457
2552
2521
2461
2059
2434
2429
2025
2517
2225
1891
2041
2455
1411
1288
1490
1765
1679
1890
1825
2437
2318
2624
2083
2589
2313
2435
2416
2015
1732
1548
2265
1428
1555
2387
2367
2560
2283
2911
2334
2125
2487
1744
2398
1994
2377
2256
2369
2590
2190
2574
1882
2363
2376
2068
2195
2009
2207
1993
2463
2404
2340
2563
1925
2422
2049
2277
2516
1752
1962
2197
2322
2508
2374
2362
2391
2408
2393
1778
1545
1721
2380
2509
2312
2093
1579
1360
2067
2200
2247
2410
2443
2344
2389
2134
2393
2317
2429
2023
2587
2029
2158
1781
1694
2286
2021
1917
1518
1521
2044
2097
2188
1800
2281
2495
2025
2250
1922
2164
1692
2057
1913
1971
2249
1997
2347
1374
1338
1632
2130
2394
1940
2458
1940
2316
2126
2191
2219
2001
2650
2416
2075
2683
2050
2431
1695
2361
2494
2124
2592
1873
1902
1639
2327
2343
1954
2491
2030
2509
2129
2381
2309
1994
2656
1901
2300
1630
2472
2234
2141
2204
1676
2438
1521
1510
1899
1835
2424
1874
2579
2058
2442
2359
2258
2527
2200
2849
2237
1236
1926
2367
2473
2194
2566
1999
2497
2397
2464
1852
1397
2391
2238
2468
3387
1980
1986
1997
2325
1877
2374
2675
1918
2487
1791
2455
1417
1630
1749
2028
2204
1522
1557
1608
1500
1491
1548
1649
1523
1672
2045
2264
2509
1528
1901
2239
1527
1369
1805
1673
1560
2025
1851
2589
2090
2507
2491
2140
2540
2449
2185
2309
2502
2282
2466
2476
2120
3405
2064
2210
2366
2336
2650
2098
2504
1982
2414
2502
1653
1584
1749
2586
2545
1795
1386
1698
1813
1327
1297
1736
2081
2376
2084
