1679
1696
2075
1686
1544
2434
1443
1534
1512
1718
1815
2240
2123
2284
2060
2654
1903
2566
2599
2350
2657
2331
2433
2425
2234
2500
2196
2587
2486
2604
2851
2446
2616
1601
1517
1409
1954
1596
1548
1714
1373
1867
1759
1522
1485
1382
1817
2065
2119
2497
2254
2485
2583
2920
1482
1415
1629
1819
2310
2301
2483
2502
2378
1929
2141
1847
2311
1971
2227
2469
2597
2695
2514
2790
2489
2576
2550
2527
2520
2404
2503
2396
1592
1620
1538
2231
2274
2307
2489
1556
1770
2379
1519
2505
1922
1433
1798
2418
1798
1609
1442
1602
1512
1788
1512
1376
1646
1824
1754
2060
1575
1620
1303
1524
1505
1255
1838
1824
1706
2382
1826
1343
1935
2004
2348
2162
2003
1762
1508
1739
1883
1851
1692
1499
1807
2004
2300
1960
2300
2057
2140
2160
2295
2354
2242
1956
1968
1793
1896
2022
1678
1317
2051
2234
2190
2315
1904
1370
1746
1989
2245
2310
2714
2470
1684
2190
2200
2493
2090
2246
2168
1949
2458
1876
2378
1667
1629
1323
1660
1631
1554
2082
2006
2180
1387
2012
2511
2282
1406
1511
1664
2515
2143
2225
2227
2374
2426
2552
2566
2478
3029
2249
1945
2354
2340
2531
2250
2438
2454
2462
2858
1968
2306
2206
2166
2522
2144
2054
1938
1878
1675
1577
2185
1949
1577
1489
1345
1615
1749
1970
1765
1849
2144
2094
2135
1935
2474
1945
2210
2193
2281
2179
1973
2074
2034
2330
2235
2358
2291
2040
1961
2237
2046
2264
2046
1563
2110
2329
2407
2263
2107
2283
1643
2274
2018
2484
2493
2261
1428
1772
1683
1614
1549
1457
1562
2043
2594
1636
1508
1750
1336
1657
1459
1621
1652
1611
1719
1382
1475
1601
1389
1662
1402
1570
1318
1622
1626
1369
1566
1515
1590
1333
1371
1463
1486
1551
1645
1348
1561
1672
1788
1551
1334
1596
1402
1481
1361
1262
1433
1256
1389
1400
1496
1359
1247
1056
1196
1082
1260
1187
1112
1154
1224
1103
1185
1143
1343
1120
1201
1103
1138
1172
1199
1193
1204
1158
1069
1120
1244
1146
1180
1149
1212
1154
1296
1248
1287
1240
1219
1216
1140
1159
1253
1104
1130
1216
1183
1287
1147
1216
1196
1216
1183
1105
1239
1092
1098
1241
1139
1148
1079
1233
1230
1118
1187
1069
1127
1125
1072
1210
1227
1538
1439
1546
2160
1996
2398
2268
2422
2000
2429
2309
2105
2439
1952
2481
2292
1476
1669
1476
2259
2016
2277
1876
2202
1954
2449
2434
2195
1583
1985
2491
2386
2283
2211
2350
2291
2485
2058
2393
2327
2307
1905
2332
2249
1731
2048
2132
2581
2619
2435
2494
2616
2552
2381
2410
2286
2393
2517
2489
2402
2291
2249
2079
2298
2576
2269
2298
2651
2435
1561
1637
1605
1516
1489
1627
1470
1232
1021
845
1220
1642
2009
2150
2244
2401
1982
1871
2025
1886
1583
1904
1897
2493
2435
2108
2434
2359
2184
2444
2319
2442
2074
2406
2256
2309
2370
2023
2488
1755
1724
1656
2039
2062
1802
1893
2234
2212
2383
2540
2392
2467
2156
1480
1594
1754
2118
2517
2167
2522
1821
2190
2293
2478
2346
2734
2037
2309
2449
2196
2047
2645
2315
2397
2073
2456
2398
2435
2395
2309
2375
2269
2391
2370
2484
3146
2363
2445
2467
2479
1497
1728
1652
1266
1488
2114
1673
1481
1723
1291
1648
1412
1327
1452
2201
2128
2007
1858
2262
2546
1911
2517
2037
1289
1815
1680
2350
2292
2457
2235
2316
2499
2118
2520
1935
2175
1824
2450
2503
2213
2096
1410
1937
1687
2513
2489
1904
2521
1663
2096
2831
2592
1374
1683
1544
1548
1144
1547
1506
1567
1609
2483
1977
2448
2014
2105
2379
2168
2429
1900
2231
2265
1881
1644
1837
2667
1801
2103
2500
2080
2495
1984
2318
1962
2344
2540
2104
2469
1781
2336
2395
2126
2430
2266
2439
2203
2397
2377
2458
2426
2484
1406
1891
1502
1546
1670
1489
1408
2127
1916
1866
2064
2545
2060
1900
1922
1972
2123
2034
2137
2156
1958
2115
1825
2052
2106
2143
2158
1911
2223
1988
2530
2316
1315
1536
1611
2063
1979
1940
2333
2640
2461
2569
2420
2549
2372
1561
1657
1453
1835
1691
1618
1825
1406
1715
1703
1445
1545
1430
1692
1426
1447
1570
1341
1767
1356
1635
1366
1637
1379
1064
1554
1948
2474
2425
2429
2310
2485
2340
2492
2121
2548
2469
2674
2470
2334
2283
2616
1803
2288
2568
1299
1326
1780
1407
1625
1288
1702
1707
1735
2006
1541
1566
1682
1475
1769
1729
1273
1458
1359
1529
1899
1566
1537
1593
1683
1598
1491
1610
1401
2024
1379
1476
1554
1817
1357
1646
1450
1822
1842
1534
1070
1207
1850
1840
1581
1566
1356
1747
1682
1535
1423
1560
1511
1331
1782
1494
1507
1956
1274
1268
1240
1585
1690
1608
1422
1505
1490
2252
1655
1980
1587
1726
1828
1719
2225
1867
1915
1249
1752
1832
1535
1764
1722
1800
2466
2095
1651
1545
2114
2500
2724
1594
1879
1722
1460
1508
1690
1351
1880
1778
1957
1978
1686
1576
1781
1685
1283
1692
1607
1728
1330
1788
1394
1162
1423
1222
1430
1619
1430
1740
1940
1978
2221
2012
2064
1754
1876
1695
2214
1488
1633
1452
1832
1569
2154
1913
2056
2573
2572
2556
2413
2021
2741
1953
1425
1774
1538
1459
1466
2087
1862
2098
2548
2147
2134
1591
1551
1691
2146
2352
2170
2597
1946
2552
2364
2403
2591
2294
2503
2087
2273
2396
2115
2522
1914
2466
2459
2361
2442
2163
2522
2083
2467
2401
2229
2680
2086
2745
1971
2482
2628
2138
2422
1966
1888
2162
1894
2204
1910
2701
1903
2670
1693
1474
1806
2064
2370
2513
2229
2578
2008
2558
1353
1588
1586
2243
1524
1719
1620
1319
1596
1849
1326
1660
1288
1708
1403
1639
1726
1511
1898
2245
1982
2122
1922
2268
2325
2227
2564
2119
2518
2043
2116
2406
2133
2631
2278
2407
2459
1726
1357
1727
2092
2043
2344
2381
2124
2442
1872
