1441
1223
1157
1811
1478
2039
1764
1147
1613
1381
1535
1942
1452
1559
1655
1303
1210
1245
1134
2279
1413
1562
1868
2162
1852
1721
1406
1779
1986
2485
2406
1878
1563
1602
1537
1541
1640
1643
1377
2102
1737
1960
2151
2091
2012
1768
1325
1658
1385
1183
2091
1429
1466
1662
1730
2213
2453
2112
2480
2091
2067
2081
2022
1479
1322
1761
1658
2018
1858
1486
2212
1895
2410
1894
1404
1553
1653
2049
1737
1991
2021
1856
1515
1631
2033
1581
1739
1693
1738
1736
1860
1483
1672
1578
1381
1881
1590
1411
1566
1755
1569
1734
1438
1440
1709
1236
1783
1631
1697
2444
1713
1808
1851
1536
1592
1761
1696
1811
1657
1979
1683
1654
1684
1490
1827
1429
1579
1919
1517
1373
1746
1439
1553
1491
2252
1676
2638
2136
2311
2651
2273
2528
2277
2375
2490
2452
2551
1876
2218
2286
2118
2459
2178
2398
2413
2441
1602
1447
2416
1866
2498
2299
2184
2390
2197
2594
2217
2416
2432
1294
1797
2219
2280
2431
2186
2665
1959
1217
1266
1214
1308
1491
1689
1669
1689
1916
1805
1708
1667
1491
1581
1503
1390
1572
1568
1736
1759
1974
1907
1529
1671
1728
1746
2555
1489
1458
1858
1654
1744
2443
1672
2145
1756
1935
2156
1892
2123
1567
1285
1479
1609
1702
1725
1460
1443
1894
2316
1958
2490
1989
2025
1976
2259
2187
1908
2258
2149
2385
2359
2202
2536
2501
2561
2068
2317
2409
2127
1549
1601
1427
1549
1386
2151
1610
1615
1591
1331
1612
2057
2231
1614
1874
2370
2102
1423
1364
1149
1884
2149
2093
1909
2503
2507
2432
2714
2217
2392
1933
2237
1960
1822
2328
2189
2632
1859
2763
2500
2317
2512
2295
1964
2560
2566
2499
2154
2788
1653
1254
1277
1669
1800
1380
1729
2421
2162
2538
2103
2343
2535
2214
2529
2120
1694
1670
1542
2057
1563
1532
1335
1867
2328
2138
2161
1872
2535
2079
2421
2376
2151
2279
2018
2166
2107
2145
2113
2119
2188
2352
1946
2430
1999
1547
1611
1750
2132
1985
2137
2101
2175
1703
1703
1758
1693
2166
1617
2374
1742
2586
2119
2160
1595
1325
1976
1922
2291
2196
1830
2388
2293
2292
2436
2266
2410
1898
2487
2540
2042
2455
2106
2533
2189
1763
1503
1830
1860
1855
2301
1973
1811
2177
1893
2326
2099
2532
2291
2073
2053
2144
2462
2780
1586
1707
1683
2176
1740
2087
2323
1775
1589
1270
1871
1912
1950
2400
1948
2613
2110
2079
1863
2116
2272
1998
2424
2358
1930
2228
1535
1280
1503
1572
2087
1827
2380
2135
1646
2586
2287
2272
1922
2363
2259
1894
2341
2284
2339
2064
2543
2721
2134
2733
1861
1565
1592
1348
1690
1407
1494
1533
1998
2396
2163
2611
2202
2496
2495
2160
2197
2260
2251
2124
2264
2282
2254
2412
2190
1861
2002
2072
2177
2107
1938
2230
2171
2309
2914
2162
1985
2131
2036
1985
2242
2083
2076
2168
1995
2299
1308
1912
1807
1817
2248
2175
1719
2118
1665
1840
2088
2031
2185
2088
1864
1583
2023
2175
2359
2501
2486
2082
1443
1425
2116
2359
2374
2332
2540
1710
1675
1624
2440
2000
2587
2380
2411
2036
1436
1655
1561
1217
1877
1748
2534
1943
1938
2315
2531
2653
2052
2378
2496
1728
1506
1337
2227
2461
2053
1757
1797
1312
1650
1505
2088
1812
1831
1801
2199
2356
2097
2540
1853
2489
1985
2149
2383
1851
2475
1826
1796
1411
1790
1892
1303
1439
1985
2227
2350
1908
2309
1800
2419
2227
2304
2521
2035
2101
2197
2348
2582
1583
1339
2144
2583
2531
2464
2772
2429
2396
2534
2345
2619
2516
2424
2283
2293
2597
2560
2552
2534
2311
1480
1673
2596
2477
2671
2411
2567
2497
2250
2477
2382
2427
2287
2546
2593
2313
2405
2439
2418
2519
2542
2503
2123
2258
2181
1555
1449
1354
2003
1858
1864
2196
2023
1548
1764
1909
2563
2252
2143
2074
1971
2151
2162
2522
2101
2269
1732
2255
2326
1982
2514
1762
2441
2079
2074
2133
2193
2472
1615
1496
1380
1722
2071
1756
2306
2364
2243
2429
2049
2509
1836
2435
1667
1442
1441
1403
1673
1715
2463
2413
2275
2307
2445
2171
2623
2295
2422
2246
2536
2585
2105
1702
1363
2249
2463
2446
2499
2472
2578
1934
2210
2197
2341
2405
2288
2263
2482
1528
1386
1275
1996
2502
2242
2236
2283
2509
2310
2453
1968
2444
1578
1258
2143
2201
2455
2235
2294
2401
2379
2312
2360
2299
2486
2344
2400
2312
2306
2053
2383
2558
2276
2690
2350
2921
2223
2191
2290
2448
2268
2355
2450
2360
1809
2525
1983
2111
1939
1963
2615
2031
2270
2023
2384
2659
2351
1569
1784
1697
1477
1407
2562
2410
2505
2568
2229
1772
1809
2093
1679
2334
2189
2621
2190
1863
1773
1511
1859
1867
1780
1815
1544
1766
2099
2522
1776
1750
1728
1757
1342
1426
1533
1511
1553
1919
1599
1909
2043
2556
1997
2472
2457
2165
2387
2022
2325
2186
1640
1262
1490
1416
1661
2104
2362
2343
1783
1421
1264
1887
2054
1610
1672
1687
1595
1874
1868
2082
1526
1837
1415
1666
1545
1467
1403
1657
1464
1700
1667
1654
1354
1590
1656
1661
2003
1651
1680
1628
1413
1763
1763
1328
1194
1849
2052
1813
1588
1138
2210
1786
2513
2356
2114
2461
2271
2432
2382
2130
2621
1383
1555
1825
2171
2596
2335
1980
2126
2093
1799
1749
2235
2197
2645
1867
2333
2277
2417
2454
2527
1805
2009
2503
2508
2373
2322
2301
2285
2175
2293
2409
2155
2493
2409
1970
1456
2067
2260
2355
2107
1960
2162
2207
2435
2612
2339
2559
2136
2360
2241
2382
2457
2190
2649
2296
2509
2047
2398
2512
2223
2018
1961
2124
2481
2080
2253
1991
2321
2523
2155
2436
1803
2549
1850
2320
1451
1422
1965
1934
2204
1511
1614
1599
1871
2355
2006
2158
2418
1777
2355
1806
1934
1503
1889
2106
2112
2377
1907
1828
1598
1958
2168
2491
2112
1998
