5338
3394
4157
7696
5244
3389
1478
1485
1392
4579
1998
1289
1798
3173
2249
2304
2115
919
1039
2222
2048
5100
1615
2007
1837
1917
1428
1827
884
887
1491
1377
3795
2040
1714
1186
1095
1313
1157
781
838
1600
775
801
1345
1466
2348
1083
1222
1069
8214
1359
1160
1825
1299
2322
3144
1360
1514
3899
1759
2210
1146
1553
1206
988
1578
2005
4347
1235
1645
1512
1920
1836
1852
1176
1466
1710
1330
1793
1755
1187
3247
3642
2179
2323
1764
1536
4858
1370
1368
1062
2527
4669
2498
2298
834
2804
1258
1382
1315
1038
864
1947
2126
1514
1813
2060
1299
983
1305
778
1855
4149
3995
1247
970
1469
1279
1027
1430
1374
989
1291
1607
1886
3476
1456
2674
966
987
1099
1147
1514
3407
2435
1871
1423
4057
1553
1443
2787
1331
2929
1830
1033
1216
3666
3317
2094
2121
1006
3304
909
1701
1139
906
1519
1847
1114
3106
4575
1973
1486
1426
2159
1630
2512
2092
1270
1222
5953
2097
6124
3379
1517
1243
1214
1540
2567
3619
2693
1479
1260
1419
5697
2084
3326
2607
4308
2081
2807
1735
4561
5101
3136
5295
3377
1764
13653
18053
2368
1904
3984
2160
2103
4576
7616
9086
2082
10451
3004
3449
1509
18132
5204
2912
1874
6455
2750
2647
2062
3426
1563
3709
2917
4105
4755
3671
1486
1999
1521
1506
4731
1563
2283
1914
1351
1713
1259
3445
2328
1526
1756
1820
2025
3142
1545
1656
1475
2114
3968
5418
1949
1933
1603
3502
2821
2554
1806
3746
2198
3219
10177
1763
2294
1415
1779
2172
4060
2967
2792
2367
2165
1369
1255
1029
1488
2284
2344
2024
4134
4405
2835
9185
2513
4629
2696
1494
3155
1947
1983
4039
3222
987
5567
2173
2082
4743
4171
2675
5240
3350
5608
9373
1808
2078
1635
1492
1663
12827
2609
1898
2061
5412
2493
6673
3573
1405
1714
6737
2990
3417
818
1425
2188
2733
2433
1609
2656
1561
1495
988
2394
5445
1890
2836
2115
2852
1988
3787
1794
2148
1692
913
1199
2119
1258
1503
1434
1732
1196
942
1329
4673
2454
3466
1890
2230
2075
2410
3108
1450
1521
5314
1514
1561
2728
2194
2468
6377
1348
1530
1430
2295
2016
1332
2506
3400
2767
1799
3077
2358
3162
7955
1179
2122
1514
5361
2115
2098
2529
3114
2134
1734
2480
2355
2016
1784
2477
1557
1940
4886
2164
2514
2995
4521
1169
1310
1195
1784
2698
1326
1121
1222
2158
2710
1271
4289
1346
911
1363
8794
2047
2671
2475
3642
5463
1984
1103
3104
1824
1123
1634
2094
4739
2710
7457
1928
1763
1210
1347
2493
1874
719
1423
1530
6524
1679
1252
2439
1818
2407
1639
1041
2696
1494
1669
4566
2984
1256
1087
1150
1148
2361
889
2762
2112
1908
2231
1210
889
809
933
3003
1080
1632
1615
10218
2241
1582
1246
1341
1721
1221
1269
1082
2024
2369
2500
1537
1373
766
3363
2425
1368
1240
964
1639
2086
1962
1204
1519
1602
1316
1447
1807
2494
1062
891
854
4202
2068
1271
1506
954
1971
2274
911
694
960
821
1472
927
1742
1215
2163
1443
2173
1219
1105
1285
1536
1307
1905
2416
1807
1377
2250
3656
1444
1017
1278
2398
3027
4198
2171
1294
905
1375
1638
2879
1408
2705
1204
1305
771
2977
1575
1516
1858
1759
3524
981
808
1014
1208
1215
1504
2881
4236
1318
1262
2120
1466
1457
3233
1847
1309
2245
5124
1942
2483
1080
1046
880
1019
1240
1105
1633
4303
2138
1536
1991
1200
1582
1110
1192
928
1497
1508
1757
2165
2241
1717
1868
1392
1278
3062
1819
7844
1973
2242
1416
3986
1950
2201
1266
2684
3002
3708
1611
7617
1847
1379
1554
2546
4240
2170
1775
1033
1343
1875
3128
1823
3779
2686
4415
2146
2090
1963
1175
2519
3030
1467
1575
818
1597
1721
2457
1505
3613
4628
2606
1493
2024
1975
2599
8023
2941
2464
5562
3465
2304
2013
3677
3786
2431
1337
2831
2818
1864
1951
2102
1879
858
1730
2878
2971
2387
1284
1225
1310
1073
1709
1785
901
1580
1148
2145
2045
821
1953
3095
2145
1127
1489
2584
1823
2368
2864
1124
1181
981
1595
2340
5033
6598
2528
1771
1336
2355
2384
1098
2589
1554
3150
1706
1157
2404
2504
2218
1789
1878
1796
1649
2315
878
1100
771
749
2377
2647
1703
2346
1543
1446
2885
895
845
1565
1198
2400
3936
875
987
1734
1862
859
1095
2095
1920
2333
1263
1324
1131
1138
1640
1472
1228
823
894
2677
1434
2642
1509
1788
3109
2276
1386
6215
2890
1676
1444
2133
1419
800
3136
1422
1070
4305
2822
3731
1799
1309
1211
1193
2227
6683
2688
935
2242
1690
1326
1185
1753
978
1028
998
1972
1004
1127
1913
2142
1962
1913
3243
2082
2118
1480
1000
3104
2552
1738
1839
1301
1071
1637
2175
1962
708
2531
1288
2677
5686
1965
2007
1609
2287
1487
1216
1646
730
2351
3348
1978
6270
2858
1240
2967
4517
1410
1546
4431
1778
3705
2461
1542
2464
1632
1958
1217
2680
1781
2221
3928
1517
1156
2278
1971
1261
2596
4166
1812
2116
2326
1152
1891
3949
1237
1881
3705
2764
8491
4163
2860
1566
2205
1933
5326
4583
2493
4175
1366
3427
2392
5053
4620
2755
8375
2101
1384
6616
1737
1983
7068
1629
4513
3634
5345
1556
6100
2721
2153
5011
8778
4324
3860
4634
1892
9993
1781
1256
993
4511
2276
5041
1384
1229
933
1883
2129
4116
5170
1354
1983
2235
1348
1827
1035
1118
2181
1424
1347
6102
1735
2334
1343
1009
4234
1990
1635
1334
1209
6926
3913
1837
1120
3158
1416
3637
2991
1572
3278
1685
4352
2968
3652
2693
1532
3618
1497
12811
2127
3813
1883
1519
1412
4492
2575
794
1165
2212
4104
5830
1432
4530
2043
1170
3131
4648
1447
8273
1769
2423
8238
2193
3111
4916
11275
1763
1502
9437
1698
2681
3402
6881
1880
4317
4366
