1884
2769
1094
1462
945
2319
7500
1261
1179
2194
982
1574
2347
2165
3532
2157
2398
2213
953
1047
1028
925
1392
1196
1600
3167
1729
2350
1701
2401
1174
1312
1072
1298
1429
1015
1229
1192
1995
1357
964
1215
1168
1062
1333
1096
1920
967
991
1709
1769
840
2604
1465
1437
1016
1038
2496
1306
994
999
1092
1363
938
2289
1323
1214
1475
1661
1203
1548
1352
834
1056
1322
1279
1635
2303
1835
2199
1530
1218
1907
1179
1036
962
1181
1534
1745
1406
982
3227
2285
2354
1150
4677
1745
1953
1585
1097
2460
4156
2120
1870
1367
1406
2490
2179
1285
1446
937
1951
2899
1888
2885
1267
1434
1244
2630
2592
973
3021
2458
1646
2850
2831
1375
1278
1379
1095
1305
2556
3642
1817
1471
1251
785
2529
2613
1108
1371
2162
2530
2043
1568
1054
1952
1724
1729
1398
2429
2463
1528
1269
3081
1133
856
1143
1397
1297
879
2052
3131
2269
1304
1667
833
1533
1304
1363
1105
1894
1162
2487
1530
1107
1212
1579
1360
2994
1012
1179
1504
2171
955
2358
1207
887
1070
1197
1512
1060
896
977
2551
1532
1992
838
1596
1863
759
851
902
1562
927
1219
1594
2567
1880
1920
2189
929
1224
857
1972
1744
971
751
973
2385
4929
2543
1641
2862
1619
1273
1421
1680
1243
1374
2752
1381
1583
2094
932
804
847
2319
1296
811
4020
1400
1880
1375
2192
811
922
1148
1044
2707
2453
2613
1548
1308
1316
1112
1256
1077
1275
1034
1162
1188
1742
2599
2203
1155
1145
1583
1355
832
970
733
1233
1679
1743
1334
2271
1826
1748
2182
1260
783
1038
950
2525
1093
1961
2837
1396
3858
5825
3755
1627
1211
2342
1365
1809
1959
2282
1550
1926
1358
1225
1249
877
1412
1171
1257
1990
1903
2501
1509
1894
1097
2786
900
1142
1243
1090
2064
1003
3537
2138
2232
2073
1520
1151
1758
1336
1570
1299
1175
1888
1135
1487
4920
1279
1352
1566
974
885
2361
1595
828
1439
1556
1494
3041
1299
817
1500
1252
1412
1903
1814
1919
10807
1661
1260
1117
1057
1370
1595
1103
1515
1702
2512
3474
1715
1188
1380
1018
1112
1078
1379
1504
1521
2554
1688
1093
2125
1880
1162
1104
1365
1298
1923
3212
2397
1369
872
1645
1399
854
886
804
1204
1029
1997
4236
1368
1369
1726
1351
1223
1415
1544
3188
1088
1212
1219
1402
4417
4588
1121
847
1325
2346
1602
1048
1382
1647
1620
5916
1574
1183
1156
2574
2935
1344
973
2267
4469
2029
943
843
866
862
1954
1485
863
1522
2083
3911
1771
1395
1214
884
855
1412
2084
1052
1197
1272
1640
3116
1631
1520
1284
1373
1672
2086
1335
3101
2059
3308
1284
1224
1160
3071
1185
1395
2190
1139
2249
2013
1724
1088
888
1018
1236
1818
1494
1349
1132
1998
3552
3203
1696
1872
3266
1380
859
862
1515
1289
850
1003
1096
840
906
815
1654
2094
1250
2651
2256
1392
1024
2542
1052
1595
1113
1213
839
1223
2180
1430
1101
784
2867
1703
1015
1393
1049
1089
1191
1561
1418
1344
942
950
1415
2406
1784
2792
1071
1135
1564
1395
1169
1193
1369
1213
1087
1811
2537
1893
1772
860
1565
859
1005
1198
1193
1039
1695
2980
2039
1730
1919
2163
1588
997
1284
3582
1842
1112
933
1102
2122
1649
1744
2234
1287
1097
1163
1212
1462
905
1351
1466
3255
2945
1265
1665
1319
1962
2624
1024
1662
2027
1800
1956
2460
1070
1031
1270
1771
2787
1035
1421
3667
3043
5079
1315
1216
1827
1341
1290
1295
1183
1746
2725
1162
1142
3201
1194
1394
1225
989
1955
3020
3341
1877
2742
2521
1865
1235
1757
1422
1426
2184
3262
2863
1028
1235
1451
1612
850
3252
1991
1973
1589
930
1275
1252
1933
1661
939
1172
3565
3820
2046
1537
1588
1468
1781
1839
1046
1167
1659
3842
3158
1000
1374
2440
1190
1565
1520
1501
1907
1796
1785
1502
2320
2438
1386
1783
1242
1638
4675
1228
3083
1659
1831
1932
2847
4148
1626
908
1129
1211
4805
8444
2100
1888
1548
1703
3217
5107
1838
1913
1804
2257
4338
2878
8208
3285
1498
1554
3404
7083
4131
4747
2092
1731
1463
1218
3055
1998
1700
2348
21092
1872
1275
7132
10250
15738
1738
4190
6668
1709
1605
1812
3763
4578
2121
1778
8104
2235
1422
1614
8012
2182
2012
2229
2493
1992
6224
2098
1708
1281
1496
2228
2412
1813
7392
1588
6612
3356
1887
1933
3543
7647
2024
1624
3602
2091
5855
2734
2044
2933
1854
2125
2892
1224
1403
2233
1434
1256
7033
3700
1826
1661
2250
4126
1308
1422
1318
2479
2094
3678
5095
3000
1967
1344
6164
5259
1468
4007
4271
1420
1722
1528
2098
2290
3689
1753
1378
2015
3554
4303
2113
1366
1134
2006
2395
2590
2293
4264
3810
1352
1241
1401
5990
1682
1335
1949
2975
2100
2890
1797
1982
1526
1972
1392
11393
3158
1950
1410
1365
2063
1173
2209
3025
2407
1759
2287
2319
5799
3068
8118
6031
1436
1229
1914
6299
1573
1019
1315
2406
2084
2725
3176
1306
1366
1501
1111
3592
3258
3270
3686
1640
1203
1731
2684
1876
1488
1111
1126
3486
3986
2043
1450
2316
3270
1743
1579
1562
2510
1696
2335
1946
1909
7380
2165
1491
3306
2492
2561
1934
1398
1640
1565
3362
1394
1286
2034
8587
2215
1245
1593
1574
1438
1441
1510
1385
4975
2341
1752
1548
1494
1146
3091
1708
1170
1586
2842
1576
1687
3805
2250
1769
1271
1082
1809
1533
1523
1522
1183
2489
2061
1574
2133
6108
1736
2404
3828
8966
5915
6811
2824
1736
2612
2281
4396
1266
3395
4026
1254
2923
5784
1765
1375
2226
4005
1540
1874
1668
2091
1875
3077
1953
1277
1331
7513
2079
1433
2454
2053
2430
2110
1775
6237
1607
1404
1635
4787
4007
2071
3744
1798
3556
1490
1350
1422
1374
2077
2395
