1587
1675
1285
1569
1737
1681
3014
1221
1144
960
930
800
810
2439
1175
1303
1567
1137
830
1299
1998
1297
2874
1553
4413
1480
2211
1402
1128
1200
3111
1859
1009
1044
1352
844
2692
992
1207
1256
2005
2970
3529
1315
1781
1759
1413
1147
1515
1431
964
775
968
1524
1335
1058
1417
875
1725
1030
1224
827
3396
1351
1005
901
1871
2858
1819
1437
1126
934
899
2283
1594
976
917
1009
1932
2318
1632
2901
1605
984
1136
1026
1157
1117
1049
1313
1999
1197
1323
1764
4228
3999
1302
1567
1837
1492
1227
774
1366
896
1896
1521
945
2179
3350
1927
2744
1828
1148
849
1210
3359
1067
987
2530
3803
1446
2234
1552
1492
1745
1470
1214
1902
1186
1760
2063
1189
1525
1182
1186
1465
3474
1426
1679
1270
1977
2007
951
1342
1321
838
808
778
1307
1999
1230
1467
1278
1249
2519
1746
1760
1464
1285
3790
1110
900
1930
1266
951
2573
1449
1412
1487
1250
793
1185
2624
2051
1953
3838
1100
1351
1429
976
1148
1318
2013
2127
3079
1943
2510
2481
2800
1596
2573
1862
1472
1521
2241
1258
2045
1529
1942
2104
1694
3256
2551
3191
3633
2139
1428
1142
3309
1034
2175
1773
1799
2228
3163
1181
1363
1330
3334
1860
1516
1970
1361
2240
1731
2137
6300
3509
1581
1864
1462
1411
1328
3195
3323
1585
2604
2077
8744
3054
1936
4706
2306
5044
2468
4452
1704
2811
2542
3328
3545
1154
1199
3006
2288
1854
2173
3243
4195
1740
1217
1658
1588
2125
1741
1134
2838
3358
1436
3270
1383
930
777
1948
867
842
1235
1177
1431
743
788
723
1932
2019
2738
1838
1470
1085
1012
1389
1470
1378
4335
3323
2338
2336
2118
1944
3166
1941
2706
4128
1310
1413
1483
2082
2588
1358
1116
1645
2156
1476
3449
1662
3264
1209
969
942
1760
1195
1492
1037
834
1629
1507
1211
1697
1356
3431
1031
1042
940
1463
1521
1372
893
785
1821
883
1025
774
1687
1512
2082
1099
2293
3431
1233
1725
1382
1009
1113
2203
1031
834
1174
4139
1641
5716
2150
1710
4337
2048
1337
1592
2364
1038
1584
1266
851
2111
2204
1437
1640
3947
1509
1178
1484
963
936
817
3113
1393
1217
1297
1181
961
2984
1347
1043
1083
1482
1066
2708
1841
1591
1395
2690
1580
873
772
1127
1124
782
1851
1719
1539
835
809
1115
1727
2697
1320
7162
2500
1252
980
1049
1001
1342
888
1557
1914
1852
1021
3508
3522
2346
4814
5472
1426
1500
1319
904
2584
1666
1471
1302
1131
1501
3048
2075
1112
1733
1881
1624
1017
2215
1544
1940
1640
2258
5478
2263
1840
1508
1578
4025
1187
1216
1505
1596
2685
3071
1991
2065
1558
1874
1985
1136
1121
927
1125
1009
980
1031
3377
1928
1215
1425
926
1640
4964
1681
1671
1601
5085
1730
1647
1641
3954
2200
2826
1509
1293
1140
5176
4468
1142
1206
958
934
4136
1843
2192
3011
2306
1215
1893
1892
2086
1335
1208
1274
1014
1465
1319
2063
2603
1820
1924
1100
956
1312
1772
1813
1813
1783
1804
1000
3395
927
1567
1075
864
1163
2118
1792
880
1837
1400
968
2030
3370
1442
1037
1195
1594
1030
1374
977
1384
1171
1353
2961
1958
1757
2404
1417
1701
1085
1356
889
1329
1711
1952
1492
969
997
917
1649
983
801
5167
1293
1432
1293
1916
3137
2074
1514
1605
1381
1153
1477
1655
1560
1831
1641
2642
1114
1264
1805
2995
1443
1493
1227
992
1038
3017
2122
1499
1243
968
880
1797
3082
1160
1488
1106
1152
2442
869
1856
929
840
1074
3006
1093
1162
1077
973
1401
1403
2121
1822
1708
931
1100
2401
1069
1901
1576
6118
1610
1247
1146
1117
907
1175
1403
1002
2229
839
812
2539
1313
1303
2385
1703
959
1158
1192
1018
999
1275
903
1108
1805
981
1814
1593
1638
1453
1478
1145
1312
1212
1741
829
1150
2425
1126
883
850
846
1237
919
1021
1586
1220
1023
1545
1287
758
1487
2675
1836
2178
1232
920
877
1159
1237
1261
852
1091
1232
921
1140
801
1517
975
1039
1170
1701
1916
1271
1382
1154
2560
873
1159
1571
3306
1138
1284
2774
1475
1868
746
822
764
1747
2113
1501
3263
1531
1911
1552
1741
817
858
789
1838
1737
918
1134
1647
2100
1238
1840
1496
2437
1231
1624
936
1654
1278
1406
1890
1202
924
2535
1700
1061
1380
1268
1592
3697
2336
1501
826
1155
907
2288
3571
1137
856
1164
984
922
2108
1598
1996
1764
1215
867
2169
1436
771
1034
1119
2107
1713
790
1142
1470
1230
1025
1617
1205
939
926
1914
1241
2511
2193
1645
1415
4722
2023
1215
1271
930
1162
1203
854
2629
4106
1143
1087
987
1101
3322
3294
1852
1894
1428
1917
1270
1727
1714
1119
1630
2075
1289
1598
928
1575
1601
1344
3059
2711
1272
1817
936
835
1153
1028
1371
979
1076
1130
2870
1602
929
1470
1648
951
1921
1159
1157
965
840
2032
1223
1355
1306
1925
1449
1273
1976
1166
1743
2659
1302
1407
1243
2674
1426
887
759
1103
1390
1547
1635
2057
1118
2886
3650
1544
1249
1484
2097
2735
1885
1156
841
1630
883
3747
2849
1429
1726
1422
2292
1643
1095
2097
18850
1527
1671
873
966
1498
3417
1384
1816
1257
1823
3538
1911
1503
1351
1478
758
975
956
881
1456
1254
1018
927
1001
1857
1821
2425
1272
1194
793
880
1443
1270
1262
1282
2029
1059
2683
1337
1264
1097
2930
4246
2136
4451
1458
1484
1257
1042
805
1400
1174
1427
1425
2011
1054
1247
752
742
2345
1553
1661
1147
1159
1078
948
1687
1141
931
821
769
794
1009
949
1072
2068
1547
1650
1051
2288
1847
1381
1419
1125
1018
826
2518
1366
2104
1110
1043
856
1352
1256
1103
2829
1650
1236
2261
