2888
1074
1104
1028
904
596
629
596
1191
907
1066
1496
795
626
584
647
766
873
1724
662
621
622
864
1416
900
803
604
873
1060
880
1059
779
709
967
706
1349
2290
1258
724
692
752
1913
1043
656
629
774
2590
747
820
808
754
1286
750
702
614
652
617
1353
658
592
642
604
909
631
601
625
645
967
2159
577
580
559
595
1841
1191
568
617
591
861
1318
1727
561
618
617
756
650
1349
742
1007
607
588
1065
1067
661
587
572
569
997
1094
1014
905
627
573
1092
611
810
568
604
595
1132
811
1410
717
577
1168
1357
604
569
603
1139
809
2208
1485
1231
699
800
812
867
1008
1046
1564
1169
879
1705
998
834
767
1194
1518
1025
1005
1142
644
605
622
1052
630
1171
651
595
627
1380
948
638
857
617
606
1112
621
686
643
567
589
1162
626
624
606
626
627
966
583
702
611
600
831
858
613
822
588
611
730
926
1315
850
607
689
886
1110
966
618
748
658
915
1048
944
946
940
902
872
976
896
871
962
893
905
1072
1812
677
706
663
633
1409
1038
697
729
1070
1043
804
755
771
764
730
738
1251
1361
1198
1109
1297
1375
1544
1517
1406
1280
1580
1358
1442
1414
1098
1652
1678
794
805
675
779
1818
773
714
821
898
1028
829
984
1105
1146
801
1994
794
921
942
1017
886
973
716
677
698
668
708
731
773
710
953
932
1014
1259
1676
741
726
964
1021
1075
1064
778
821
806
1625
1796
1518
927
729
1091
671
785
805
764
656
950
760
1591
1103
611
1352
667
606
1020
1094
707
636
640
624
717
1027
931
683
603
672
597
1108
861
603
593
585
622
993
1450
870
600
600
638
1148
936
632
607
626
622
800
1533
890
840
851
970
1214
1075
1048
1098
1390
781
1019
989
844
1034
838
1106
963
1237
1952
1856
1191
967
1163
727
1121
1258
1714
857
1135
975
1119
1642
1562
1304
1081
1018
653
1013
1568
1966
1904
1207
994
933
993
1475
1336
1286
1193
1481
1088
1088
1367
1749
2196
1195
1221
1121
984
1295
1457
1029
1410
896
810
908
1210
1308
1040
1133
1711
1118
1043
1274
1518
1381
1086
1132
852
856
950
3100
1139
1122
795
714
846
2668
1291
884
867
904
869
864
874
1340
856
839
1187
995
807
1993
999
1055
1034
1071
1278
1820
881
810
1703
1693
1188
1060
1992
1467
1607
1521
838
833
1542
1777
1077
875
1146
1466
1477
1277
979
1672
1986
808
856
1607
1676
2262
1015
1053
860
1220
897
1023
1215
971
1141
681
675
830
1491
1146
810
718
722
607
763
1297
809
1018
639
784
678
637
911
1473
707
758
651
694
686
949
753
665
651
676
779
631
845
873
660
625
631
688
895
678
912
1028
671
812
1299
854
666
616
631
1343
921
644
644
674
727
1262
723
715
685
643
756
710
617
617
718
686
668
2032
647
622
713
940
787
1273
1538
663
761
579
648
1828
1662
1043
823
1066
878
828
654
807
847
813
675
1248
674
613
607
593
634
626
722
1993
640
687
916
802
657
1269
1021
699
629
609
650
788
610
650
674
844
910
692
2017
629
664
619
608
1916
1220
561
615
662
643
692
1846
584
644
669
653
1697
1548
577
628
631
747
1778
1465
561
621
627
657
1020
1672
566
617
636
634
1167
2026
623
623
594
728
1199
2045
562
542
602
592
1120
1348
551
578
592
649
853
1724
551
588
572
833
1527
586
575
582
694
581
2219
707
584
675
736
897
872
839
630
886
882
807
808
873
939
857
707
843
1025
847
893
720
956
1532
1786
1568
636
644
1758
1029
651
654
650
1759
811
1023
928
786
961
1022
1527
1239
980
915
859
887
627
1174
635
732
995
973
865
1145
573
624
648
603
1037
1228
641
614
1304
623
656
1172
610
618
598
736
941
1191
629
1228
713
629
1714
1231
738
593
617
618
814
1614
718
616
580
572
1347
674
617
634
610
647
1454
1623
824
1110
743
872
1653
1010
2275
1054
696
641
627
656
644
661
641
632
615
621
633
1320
1038
640
634
665
632
635
623
687
634
975
1358
725
664
953
633
1564
1632
1057
919
1400
770
811
985
893
1116
1029
821
1856
926
755
685
624
612
688
1603
746
619
590
1314
643
1127
776
602
756
652
1678
1459
597
1219
680
619
650
1448
902
583
586
566
583
967
1842
764
606
601
710
747
993
765
737
1475
675
614
696
625
971
1072
684
633
590
592
673
1795
1165
616
612
596
641
623
978
1464
827
648
1342
638
772
643
782
803
794
766
856
852
830
1348
871
836
744
751
710
760
780
758
749
764
754
1195
1969
698
679
662
749
655
1124
945
661
629
640
637
1228
1198
639
651
670
645
782
799
1773
635
972
760
726
604
860
850
857
721
585
606
1160
738
1585
934
825
589
646
605
862
784
1545
841
619
636
597
612
611
1140
632
615
620
651
1235
866
799
905
613
600
602
570
570
602
637
742
990
866
1414
1165
781
750
731
577
589
929
1326
616
1207
685
595
648
1157
620
650
628
683
632
946
1190
851
667
628
586
998
1576
598
636
657
592
1598
553
592
594
666
596
