3383
2962
1091
1107
797
672
666
2046
1242
1505
732
843
626
879
653
915
765
1911
1676
1195
940
985
667
677
661
1447
1357
1209
648
635
712
991
807
1355
2404
1247
1076
1585
879
766
3593
735
903
878
892
951
679
659
598
633
1457
751
634
657
1137
612
671
673
700
2147
1604
752
996
950
945
1002
970
1309
1394
1105
784
996
785
942
843
817
1348
2236
806
1052
846
1017
1012
1100
1509
1479
1028
985
1136
1055
1126
906
947
1621
856
770
1277
896
918
959
944
958
1621
1615
1046
1117
1011
779
2002
942
997
940
931
1722
2372
985
1088
1141
956
1206
1958
673
788
634
679
780
2072
763
639
780
680
773
1223
779
780
645
1371
727
1084
1047
815
658
664
674
1391
757
1452
697
665
665
1117
1511
907
718
679
665
1250
930
749
654
848
970
975
924
1080
952
1163
824
1107
2094
1555
966
950
952
1398
1738
1625
1271
1127
1061
1034
1013
1693
1143
1147
1130
1166
1920
1246
982
937
1146
1106
1118
1155
1124
1267
1087
1188
1143
1172
1098
1237
1116
1151
1242
1175
1104
1158
1096
1111
1205
1683
1145
1019
979
1181
1446
1176
1246
919
973
2167
1330
1288
1549
1156
1272
2959
2442
967
995
1188
1013
1809
2637
1105
1079
1163
789
2894
1641
717
673
740
1018
1463
1806
697
788
731
904
1973
1706
902
737
731
907
1395
1817
756
735
732
986
1706
1138
2054
1664
1153
963
1802
1652
800
835
1054
1311
834
1479
1022
1159
1234
1017
2243
920
1098
882
833
1080
1594
1785
1041
997
1162
1071
1136
2384
767
1030
810
853
1256
783
832
1025
796
895
2933
1210
912
883
759
1077
2298
753
1029
3375
708
734
1289
1269
1105
1069
1515
1319
2324
982
959
926
1004
2459
1544
1020
884
1070
997
1521
1225
1036
1014
983
1125
1712
1839
1068
1387
878
980
2420
2668
814
1407
957
813
1014
1406
2032
971
1515
1314
1232
1194
1847
937
889
896
1575
1609
2179
1763
1253
1615
1200
2118
2068
2344
4033
1459
1979
1520
1469
2937
2681
2357
1616
1407
2011
1044
991
893
749
794
780
1782
922
900
1274
1254
1281
1083
1100
1566
1111
1023
1053
1067
1051
848
681
680
747
725
656
650
666
645
798
640
684
709
649
899
1225
2088
695
690
698
731
1125
1710
1275
671
702
681
739
1564
1444
852
725
834
738
810
1414
1985
681
674
728
722
1054
1638
724
688
661
675
745
2025
1823
611
676
663
657
709
1391
1742
775
686
636
656
654
1407
1670
684
625
657
688
683
1951
1793
687
677
674
624
2442
996
654
680
662
723
167396
1298
976
569
679
626
615
590
599
612
645
592
591
579
1312
576
580
598
644
679
664
634
634
613
627
596
1295
619
837
609
611
591
589
593
633
614
579
575
999
758
611
671
639
585
611
592
565
579
559
572
633
832
798
622
623
622
585
600
589
598
623
585
580
569
738
952
1257
589
594
597
628
595
984
677
617
684
1001
704
1510
595
580
583
579
1165
712
572
601
1240
667
566
860
574
594
608
785
609
1016
592
584
1189
631
584
558
556
597
582
613
1114
651
584
582
1419
710
617
632
640
597
606
1180
1061
618
614
705
1001
924
1209
843
652
875
627
625
1345
645
1292
709
646
827
1165
605
597
599
673
624
1116
614
747
624
596
740
1085
610
580
603
697
1153
931
1537
646
673
666
661
1566
609
586
809
622
826
623
1250
751
623
655
734
859
583
708
650
633
1069
1281
649
896
820
1134
1104
858
576
608
682
1218
1208
854
588
578
633
1271
781
631
636
652
620
1297
652
624
693
861
994
1804
1074
887
637
1055
948
656
658
733
710
954
1420
808
794
699
767
814
982
725
661
689
637
643
938
767
689
1010
643
1346
1051
890
664
694
853
994
2209
775
862
769
657
881
1486
727
595
749
651
1906
702
699
651
676
759
1230
653
680
681
1269
775
816
662
673
630
671
661
688
702
666
1502
867
733
653
697
620
673
665
675
676
1991
889
804
815
772
812
750
634
676
659
682
1468
741
648
658
662
661
663
678
811
1399
2378
1181
650
755
808
1070
644
692
626
1167
1229
817
641
650
657
690
677
933
1592
678
641
1377
691
665
882
707
638
697
695
755
1180
1394
718
630
983
678
650
933
641
743
648
661
867
1802
660
634
719
639
696
1620
1363
892
768
711
674
687
817
665
948
731
664
838
1193
1717
740
677
665
709
769
1064
691
631
653
1098
682
676
1210
655
660
706
615
853
991
639
1104
671
1000
771
1387
674
798
745
652
761
1434
1254
766
784
678
648
708
1258
767
679
749
1445
690
1274
860
844
675
685
657
753
1024
1424
787
700
637
622
759
942
722
655
670
1305
782
913
1734
664
628
642
675
1484
675
1449
821
655
767
780
690
739
651
782
1138
1516
901
778
822
1026
744
660
667
690
997
2048
963
643
909
886
657
650
657
614
626
1222
2297
980
689
789
721
894
695
666
681
669
748
1251
1488
694
657
635
754
1145
1473
845
690
1333
786
1994
698
631
721
623
759
900
652
778
794
765
672
872
640
656
688
741
1317
1230
