1326
996
693
664
599
602
591
620
741
648
631
827
2258
1517
1051
649
639
866
1073
819
712
1057
1208
924
871
678
827
664
661
643
1715
1511
720
652
722
681
761
688
672
943
870
669
859
853
1353
1188
1011
1018
1768
1292
679
978
924
670
692
846
904
654
1152
946
681
671
640
647
654
664
658
777
858
663
1323
829
905
712
910
797
626
698
663
645
692
837
952
882
875
891
704
649
610
633
1072
1208
890
913
703
621
746
1386
676
937
645
861
881
1284
716
897
877
872
864
892
894
629
842
661
1209
685
642
649
632
684
793
1380
627
633
1275
739
600
1310
610
601
702
591
739
1400
1020
804
1084
620
633
642
1051
600
632
733
1200
1049
994
675
639
831
1309
1175
608
618
878
834
602
1350
617
626
605
688
614
1248
618
854
761
932
983
1027
790
615
613
659
1356
1147
752
699
623
621
966
682
624
769
672
625
1573
614
669
615
580
1143
612
628
588
637
835
922
683
623
636
615
683
1544
772
698
710
728
830
2154
681
705
782
740
1261
2358
721
660
673
719
856
2271
832
926
952
875
756
710
642
665
735
647
903
1034
759
856
675
655
900
768
740
712
719
676
999
1083
841
764
733
772
896
1113
666
695
732
664
859
1025
842
651
795
617
923
1310
623
638
600
677
1315
1114
596
606
630
662
1147
1176
612
607
612
641
681
926
1226
593
699
627
598
1130
1016
624
639
636
642
607
1303
887
683
656
625
639
612
1139
696
622
634
601
647
1045
1093
657
606
611
639
618
747
1552
690
708
641
603
1098
873
627
639
615
641
623
1055
1478
671
658
624
642
1252
861
630
603
679
757
609
1036
650
658
669
711
648
688
1085
657
637
794
701
689
659
628
661
664
661
647
736
945
884
880
698
881
854
994
737
670
862
699
980
1278
879
714
1172
779
1364
890
905
961
1185
859
702
1151
1009
1041
1183
1212
1324
901
1771
1088
2332
866
1017
1162
782
2821
2103
1181
1194
1117
927
1016
2115
950
910
1083
1215
1352
1777
2208
1134
1035
784
806
1034
1251
1256
1053
906
914
936
962
916
892
1598
1061
814
781
806
802
928
915
1099
992
1397
1003
744
897
1030
965
1020
934
1025
1226
1183
882
1021
998
997
964
947
890
992
1233
25420
1287
2119
1257
1143
1340
1190
1109
2300
1523
1171
1241
1230
1375
1113
919
845
1145
920
2060
1127
1235
1075
1314
1429
1450
1232
2000
2884
1375
1410
1333
2963
1951
847
768
828
865
775
780
743
818
769
1126
803
738
781
729
764
746
759
728
818
764
763
730
1006
956
957
954
962
928
942
945
935
1189
847
979
729
804
765
846
1053
2339
894
1122
878
849
1228
877
911
1177
1091
887
720
1181
1325
1219
1043
820
2099
859
1196
838
786
686
707
691
635
800
666
989
654
668
731
700
714
1145
754
790
636
820
986
1560
961
741
718
875
1043
707
894
692
677
690
1957
1061
1200
855
905
796
1183
1460
795
929
806
727
1057
936
677
676
694
674
1175
1109
939
682
1163
739
778
1313
1072
1076
1225
828
862
2675
867
1146
769
1802
2826
822
690
677
720
1979
2280
880
1134
1029
1324
1019
1271
1009
1090
909
709
675
951
939
642
692
726
802
1118
756
1115
880
873
898
1718
761
841
1287
1212
1035
2038
1034
1046
1081
902
1006
758
1194
923
831
903
2831
1100
864
883
857
796
953
811
1233
2211
780
974
1005
1001
2158
822
1069
1183
1093
1058
1100
895
929
1001
1069
1594
1123
995
826
1003
803
703
718
711
716
1439
951
913
788
819
952
804
809
993
1032
1477
921
1044
1046
1077
1029
1030
1016
936
1505
888
764
733
747
774
956
1010
1237
929
1214
1110
1047
697
1152
951
812
1742
1532
908
815
1036
1995
1531
963
1013
1334
906
820
1823
1006
834
866
759
2474
1270
756
853
753
1045
911
968
929
1322
1140
966
899
815
781
711
684
989
890
1447
747
751
718
697
725
783
918
724
838
846
1162
745
1664
1803
709
700
812
1434
983
1014
1028
1220
852
822
1119
3026
987
1070
757
701
970
777
1669
871
1698
1053
1003
976
959
970
949
977
992
1590
773
703
734
708
771
762
1019
936
1037
1288
1032
1170
1092
959
905
952
1342
1615
895
1460
979
773
742
799
648
910
1367
1194
701
746
630
696
1019
1121
1217
787
660
1004
834
1106
1222
705
655
688
705
843
899
866
703
687
680
679
1188
3202
2285
741
660
648
737
1317
1227
683
669
903
1188
654
792
1091
710
608
624
962
833
732
915
1333
654
669
734
693
1163
649
622
647
588
761
1808
1277
639
786
653
1010
719
1439
669
627
627
854
701
910
644
678
637
600
1004
1187
608
631
704
636
2039
730
772
669
938
2005
1551
971
793
840
1149
3010
1132
872
1529
1239
851
783
704
888
870
1297
890
655
821
717
742
870
710
648
670
622
1116
934
1384
980
856
756
2053
1006
658
1970
878
1455
805
682
640
657
674
685
748
1077
884
893
1294
810
998
692
611
644
659
1315
1186
752
677
822
989
678
1264
714
660
658
666
984
