2109
1157
872
1000
570
621
503
713
1971
921
593
518
581
1234
1171
518
508
524
592
1360
846
603
504
491
973
543
511
539
516
685
976
938
1074
1013
542
969
666
586
877
623
1227
887
1467
832
665
606
774
823
706
529
671
768
1154
804
1208
590
752
536
723
736
587
543
741
707
725
614
570
1346
557
739
743
723
724
562
743
770
595
610
715
1176
991
550
721
737
550
714
723
698
527
936
653
557
1208
864
581
587
560
488
664
704
673
680
635
864
1432
934
824
549
710
507
680
488
499
485
499
1019
536
699
692
1016
600
1660
576
511
556
549
1038
694
533
567
1140
588
1582
1343
582
540
575
502
1715
520
530
1262
932
536
687
669
674
587
690
683
553
595
594
1237
1050
653
2037
559
575
536
544
900
1810
753
872
507
777
758
546
850
543
526
745
639
541
1044
1001
1007
1173
883
898
809
778
977
1501
1165
1339
863
672
686
1438
988
646
707
1237
816
976
543
767
513
532
563
765
526
503
785
525
643
1559
1040
633
588
671
530
520
652
730
547
713
682
899
1087
1001
849
589
583
662
568
970
717
744
764
1020
1017
1212
755
654
702
647
802
684
672
648
2040
1050
1038
604
751
939
720
799
662
988
822
788
792
904
752
802
748
860
984
1075
1156
1090
780
1046
657
776
583
684
2045
1639
977
679
881
1021
1608
845
663
493
527
914
1284
1019
962
780
714
911
748
768
786
1298
1249
833
822
877
1369
1566
912
1261
2958
639
847
1058
1626
632
852
786
1008
2153
1084
1300
882
729
963
1369
1066
2068
1535
776
650
626
621
1773
3458
1396
639
678
646
879
877
855
1102
1259
714
842
930
2108
1771
789
934
1093
1074
1080
605
566
560
719
537
559
1117
738
562
523
983
659
978
799
982
532
548
580
594
1595
1956
1143
908
1099
589
889
685
544
517
1119
1536
1144
1491
961
949
863
695
832
1022
1918
1295
1500
962
1118
1571
2553
1684
1593
717
612
1055
1111
1819
807
2355
1241
812
1263
684
2332
1970
1337
2213
1210
3982
987
1210
981
1598
1264
1716
1302
933
907
1261
1146
1024
1142
1203
1495
1527
1487
835
771
718
1310
2744
1437
3646
1386
1194
1909
3174
1223
1144
1618
1108
767
691
2267
1757
975
996
1066
1178
1225
2072
990
860
1415
891
642
602
802
1617
1788
765
714
1034
1399
816
799
1362
1688
1287
645
599
638
570
582
654
913
703
1866
1176
966
922
1209
739
925
592
659
2092
930
1038
1140
1336
1690
5161
954
896
607
2557
635
1752
1684
916
1007
681
716
853
997
638
1292
1118
762
1058
1176
842
856
1411
898
1732
1064
1029
735
688
819
1782
1906
1027
1011
608
761
1763
1014
1224
1259
1308
1001
774
859
1731
574
561
535
656
1467
1671
737
548
534
610
1175
824
618
522
538
587
801
1377
917
624
526
684
745
1016
533
521
563
1709
992
587
615
650
583
667
859
756
582
700
704
1498
720
642
1069
915
863
787
760
1261
1188
1789
811
787
743
698
730
945
855
1061
879
1047
2279
544
521
486
683
999
532
524
985
1403
790
1881
732
1065
591
569
534
773
1418
2178
657
959
649
1238
1511
525
525
507
506
845
2722
506
508
477
626
1058
855
535
505
489
502
2106
866
637
832
658
1149
640
1212
868
517
542
1977
949
896
531
548
844
610
802
825
521
578
1461
914
1094
576
777
756
732
1081
976
750
1930
1503
746
1436
1012
516
556
471
490
1401
1725
724
803
530
498
1110
513
521
505
518
687
2854
1000
651
533
530
659
849
490
585
503
492
1137
1327
820
666
547
932
544
515
584
522
531
667
939
1844
863
644
1100
835
1927
578
577
1213
1385
673
535
507
507
530
463
1455
1162
483
1069
1131
538
685
1508
522
502
489
498
973
509
1586
598
546
541
1308
619
866
716
752
980
2651
714
601
658
639
1155
1718
634
1277
1062
993
809
1154
848
856
971
1088
706
1315
859
1140
681
648
1204
631
922
660
960
1403
792
860
762
719
856
840
1232
664
734
1855
1316
971
1200
636
772
882
661
1214
546
1130
743
629
1009
905
939
536
531
607
873
3012
1429
806
1557
844
603
576
903
1639
980
640
602
749
1493
691
523
575
564
538
680
1355
1071
591
500
501
540
623
510
572
699
532
535
2292
983
572
559
515
547
682
985
625
531
536
530
1000
1886
738
619
659
637
557
875
732
1251
564
637
1051
818
713
547
473
677
605
511
547
1053
649
555
1084
850
574
719
682
729
497
680
682
552
691
681
509
1803
764
870
602
949
700
708
723
570
511
871
775
558
1320
720
635
568
552
565
555
573
604
622
848
1810
922
828
1028
657
707
816
585
734
744
1093
912
901
725
591
682
720
859
592
694
528
533
1549
1043
795
710
696
756
692
513
521
710
1172
951
946
836
622
731
1624
535
553
559
504
523
983
2088
748
534
540
506
508
988
1011
618
504
563
1508
796
1075
567
940
714
827
736
1914
840
1198
779
536
697
512
827
527
777
1283
869
526
1317
654
771
1322
