5387
1508
1409
668
651
662
2179
961
1294
670
966
933
884
666
1557
1586
739
660
903
783
825
653
720
614
2168
1080
683
571
835
1060
722
1214
4441
861
639
638
774
1545
1168
1499
751
593
590
1448
1407
630
643
635
604
1920
853
630
621
584
624
752
838
1184
1554
1742
688
654
815
766
715
823
797
1436
1172
1310
1305
640
617
814
663
1354
2353
626
618
647
615
704
591
1218
1222
1780
777
942
641
1359
1115
654
605
608
939
894
646
1337
635
821
686
732
856
886
1320
663
612
601
865
674
803
884
886
629
621
658
998
884
1331
636
650
602
682
769
759
1662
1186
863
635
631
1228
809
1319
782
615
822
1392
1590
852
596
576
608
586
610
1186
613
587
1585
641
602
648
813
832
620
583
587
903
1250
625
1069
656
611
638
875
1378
681
601
621
625
905
1625
1004
766
671
617
618
861
1237
904
632
659
850
1318
742
974
953
884
911
869
897
880
930
1059
1146
775
754
791
784
758
806
1047
1349
1345
949
871
934
707
715
734
750
707
715
1601
837
920
902
2160
948
884
859
823
1246
1297
1110
811
1371
1421
1080
855
1281
709
709
611
2113
626
649
809
1284
683
1189
580
668
663
634
1150
655
607
585
1091
928
1675
700
618
793
587
2164
1123
667
760
713
694
1526
1611
575
599
620
645
870
1792
755
738
972
672
2927
2269
711
698
686
613
1712
1125
635
616
624
574
1404
1109
605
729
764
790
662
862
800
587
593
689
1360
786
609
616
621
615
635
1047
789
635
619
659
708
1205
965
615
634
590
623
1410
1379
803
630
604
803
892
1693
606
691
579
568
1087
600
568
605
798
664
1659
765
971
1016
713
843
678
1289
810
649
1118
787
2274
1131
955
1135
1289
1750
1235
1350
1125
745
728
972
971
1757
1048
786
834
1026
723
1753
863
846
618
899
2053
2372
663
826
1019
1378
2105
979
854
854
1058
890
2593
964
1006
1164
1210
931
1493
931
1360
1653
865
1189
825
714
754
951
986
1837
2073
853
1076
1157
1149
2372
1404
891
922
767
1495
1902
1061
2066
1083
982
1296
2011
1607
1098
1194
1361
687
845
713
869
652
825
1103
1388
802
828
686
757
2866
911
915
1152
850
847
912
627
644
666
854
763
778
707
1231
839
958
976
1501
1027
884
1178
1616
2013
659
666
596
611
710
813
1187
804
1760
1296
1023
1598
1282
1091
837
1554
1036
1115
1037
785
981
1104
988
929
1028
722
740
617
852
1511
694
620
712
718
1605
1213
585
616
639
698
1882
1680
872
893
824
916
1659
832
937
958
957
891
1209
1120
837
886
727
707
690
722
922
972
743
998
2331
997
1336
982
1264
1188
1301
1250
1050
960
1922
2132
2392
989
802
814
893
2479
2452
875
681
834
923
1044
1499
651
616
757
1046
861
2564
1876
1036
1904
1608
794
941
779
1263
667
580
579
685
1952
861
630
816
732
736
1169
1392
688
639
628
607
706
1189
632
713
869
849
671
2103
896
851
655
655
879
811
669
1073
658
649
634
698
668
1354
671
617
665
871
937
844
929
866
832
927
919
717
1079
1258
2412
1260
891
829
1186
941
867
896
974
722
672
922
1326
925
843
1123
971
999
1146
1289
730
860
679
2088
2442
737
626
634
724
982
1639
1014
1012
739
712
716
2055
778
649
646
1054
736
987
1848
2479
752
1741
1234
939
1074
2050
742
686
1319
782
1461
2001
1384
1230
773
956
1654
1406
886
867
804
1145
716
1439
1916
1085
684
789
1297
1130
1052
2046
1149
1328
1107
998
985
1438
2640
1547
1043
924
1778
1160
1284
984
998
1022
1364
1035
1092
987
1350
1583
1429
2127
15635
1777
7586
2104
2275
2071
4999
1471
1148
2268
1294
1161
1170
1121
1116
1136
1245
1702
1409
2091
1222
2141
1486
2111
3704
2257
1692
4257
1119
1247
1142
1424
1478
1329
1725
1151
988
1080
1041
2276
1241
1980
1150
898
915
894
874
996
721
925
927
1209
1044
855
1274
721
738
757
752
765
1411
739
693
655
795
802
757
751
718
772
1756
953
841
835
812
1035
883
1038
1059
2403
910
1496
1864
714
755
971
1136
10075
736
767
966
1260
869
1166
946
947
923
862
916
1786
839
841
918
1284
701
976
749
787
1019
1813
906
892
796
748
753
713
736
1853
1524
1164
961
888
854
918
888
995
891
916
2096
755
1485
760
934
866
897
1078
1925
1119
921
835
1170
1983
1070
1054
2805
831
813
1141
1819
1065
791
857
877
938
947
740
906
899
702
1564
1216
1227
822
1056
1029
1182
779
776
716
1714
900
1293
1593
905
891
1061
958
1960
1084
726
816
819
788
921
2247
760
849
736
696
1645
738
700
722
734
1191
1240
1782
854
783
964
794
1107
2569
798
794
728
1867
2130
902
1549
929
863
1012
2554
1152
944
1911
1417
2126
1271
1074
965
1743
1219
2084
1259
1151
3035
1799
1694
1892
1148
1025
1620
1186
1050
1293
1126
886
746
1863
1112
1140
932
847
883
866
766
1420
2301
1314
1004
1009
790
905
744
946
786
952
1104
901
827
779
714
694
948
958
1481
1389
1196
1076
1012
1258
749
758
1048
851
1563
2054
850
708
1250
970
1995
1792
922
