3908
2738
1372
946
692
714
624
1412
1083
1109
663
643
692
725
710
867
758
665
1479
668
695
600
638
1143
693
724
642
751
876
2102
711
898
663
680
901
701
927
735
659
977
1824
1035
1242
1464
991
1026
876
652
1395
711
929
674
647
637
623
666
789
1040
651
1629
817
693
639
628
596
598
691
652
601
749
1446
771
883
631
593
943
660
619
618
587
1473
753
1193
1231
642
620
649
698
793
1033
1521
1067
712
688
635
829
869
1245
838
628
891
1176
1221
925
1919
660
620
637
641
841
629
2297
921
947
707
638
729
763
1201
708
778
1199
701
691
942
885
662
692
646
920
855
1220
1736
944
898
1029
761
736
2606
1814
1056
992
973
745
758
722
856
826
1083
931
1575
1613
1116
969
1994
1305
1729
1251
1051
1405
994
772
2139
912
851
830
807
1087
948
890
976
881
844
863
900
916
639
712
2505
1272
768
1019
1204
1175
1227
1328
1364
1569
925
1431
805
773
1507
1681
1000
848
900
801
2094
2392
928
680
754
671
926
2207
684
712
718
670
833
2188
2287
658
649
668
949
1461
1005
1035
1093
1192
1111
1056
1020
757
764
739
756
844
2415
835
759
853
929
913
935
1062
877
930
882
901
882
915
1083
1053
780
739
723
997
1007
714
707
718
1045
782
1896
761
638
1745
1567
808
716
663
1106
905
1529
889
754
884
762
998
2000
1024
688
669
686
855
1545
628
729
772
863
853
940
828
841
923
829
921
1359
1213
897
984
843
819
855
834
1015
800
705
1127
879
934
846
719
702
1377
933
850
933
932
1781
1480
4226
1146
1401
1231
1476
2050
715
630
649
934
1047
1382
1261
847
926
1279
750
1821
946
1190
1287
1219
908
685
798
809
1281
728
1152
953
1052
995
965
1262
1529
717
697
966
973
1093
754
779
911
1024
956
1571
2122
934
819
1192
1122
1131
1645
1189
1307
1029
1110
1065
1601
1037
1186
849
934
1742
1994
1224
1027
1566
900
2113
2660
744
740
719
860
738
2213
913
896
938
880
945
1276
802
1105
1290
909
1197
959
2072
1160
906
1779
934
1431
1632
676
1058
1251
650
599
1247
642
860
894
898
754
706
788
953
828
689
815
1101
859
722
730
1244
767
1517
922
1054
939
1787
1167
1542
1062
764
1065
1550
1039
2082
1040
950
898
913
900
1027
839
870
723
1124
786
978
955
1015
791
643
714
886
2654
1353
974
981
658
646
656
1446
788
674
888
1018
934
1145
1043
1268
1009
734
658
1401
965
1446
1188
732
875
848
667
867
859
1490
1393
1233
1278
6822
1313
12514
1422
8147
1134
1074
868
835
957
2891
1274
2300
2338
1267
1095
1034
715
675
663
685
652
767
738
719
773
691
650
752
1118
1350
668
931
940
643
699
2031
959
1003
756
804
637
862
1411
1722
656
785
741
684
723
1687
1931
802
915
737
703
1032
673
871
648
673
704
697
774
2710
1353
719
645
648
680
663
1080
1195
898
663
644
686
758
707
1074
745
684
635
924
776
1313
653
881
627
622
714
875
1084
639
646
696
639
718
907
1325
713
873
627
672
818
1643
670
627
650
694
851
973
1052
644
931
877
876
894
874
893
649
642
603
684
641
609
606
637
781
909
833
636
703
693
750
996
894
789
806
1086
1271
1151
1238
1111
885
1252
1249
908
918
698
660
720
628
640
641
652
1023
821
651
957
626
857
647
841
655
887
621
655
760
790
1050
838
1159
615
766
635
693
676
2019
687
717
911
631
685
801
679
630
678
623
1315
930
1411
717
676
625
645
652
1119
661
641
1448
831
1298
946
705
676
618
622
619
1237
783
1521
742
645
655
649
609
650
658
612
826
695
613
1386
699
651
638
641
684
666
641
714
1254
663
1113
1330
1269
913
1207
672
657
659
622
660
2088
705
639
673
693
742
854
1150
803
643
889
1511
1050
1360
683
963
696
683
1272
2339
866
718
669
981
854
1205
682
614
945
729
645
1197
643
643
743
654
623
2409
714
685
615
631
660
2114
640
608
642
1273
750
1186
1830
623
630
613
635
1899
925
1181
720
652
618
1357
783
646
629
604
663
640
2485
865
1080
683
645
795
1175
852
623
596
1175
1111
892
730
629
635
612
675
746
689
605
665
1054
804
664
604
586
784
871
626
1140
608
730
899
1085
923
663
638
662
631
675
1164
750
696
664
1261
668
1516
653
692
633
640
708
1007
632
805
1115
751
844
916
869
686
631
835
848
594
621
1149
1152
657
629
1640
2988
4335
1011
735
697
1339
889
965
747
1459
741
755
769
747
708
1212
939
681
728
900
1012
1043
718
989
738
644
623
648
658
1217
627
1070
712
876
685
638
886
883
588
611
1564
997
1368
719
828
700
659
769
653
698
673
641
1297
1187
843
749
610
735
952
1222
874
819
625
643
1556
916
890
659
657
1216
1615
2445
1361
1341
1139
876
801
869
1480
1066
654
644
621
1863
1331
947
645
686
651
737
636
635
642
1711
729
694
848
1238
1026
655
794
680
679
2117
944
992
1035
898
678
859
870
892
634
763
1279
811
645
811
829
