1336
1189
936
1414
880
952
677
619
559
828
546
677
662
759
573
1673
987
881
589
783
787
509
527
506
877
1404
1204
741
560
626
500
724
947
516
507
545
1719
918
1300
774
560
558
618
577
592
3572
2005
1044
836
643
852
954
789
3021
686
729
738
735
582
1692
563
607
799
1446
1037
783
762
539
574
574
885
770
737
535
634
1273
851
1472
745
519
538
593
1126
556
542
506
526
1602
1265
721
511
528
544
541
1266
576
579
547
543
947
1905
1903
767
1273
573
551
1423
582
691
750
550
1131
680
503
479
508
524
558
556
831
801
720
797
527
1573
1268
1111
558
559
520
561
737
726
710
513
692
872
721
832
1039
826
820
737
566
744
1128
602
654
920
596
590
1111
535
580
503
571
991
868
529
522
663
625
817
592
521
525
603
564
806
1137
557
614
784
626
1360
675
534
526
568
560
956
1016
549
531
527
596
1200
884
553
525
546
517
941
732
698
529
540
534
1009
1200
485
495
514
541
914
530
541
530
501
528
1042
866
647
676
635
824
1086
780
901
609
541
989
937
519
756
526
526
947
1483
767
859
598
853
1109
1577
843
737
757
721
1122
779
623
898
815
1073
861
696
695
662
595
1975
1170
995
1186
824
753
1167
1328
929
767
719
685
631
959
692
860
679
814
1000
748
1045
727
672
903
739
1530
642
659
539
534
532
1165
538
532
517
529
1067
827
514
515
526
500
1214
1002
966
504
499
556
1004
497
510
523
515
655
709
1022
497
547
590
608
877
895
522
565
532
577
860
1209
536
570
1010
886
548
557
550
530
537
519
570
704
560
527
541
795
644
736
544
544
556
551
569
717
1206
533
634
564
608
1051
1149
626
534
601
641
709
1233
615
586
566
822
790
578
819
613
572
815
795
1100
601
601
582
652
720
1346
613
779
584
553
591
856
1038
714
623
557
617
790
852
1299
775
774
799
754
838
2059
2380
986
1090
949
986
945
1006
941
1069
1000
778
722
798
1809
1328
994
941
1009
1021
1099
790
752
731
772
723
747
693
853
823
990
886
720
970
1305
916
801
889
617
960
1007
1097
2009
962
691
1026
1048
640
1962
2317
1087
1894
8908
909
1542
1716
13496
1074
1129
1369
1362
1013
1484
1638
1043
1397
1109
1101
1128
2050
1426
2607
1603
6247
3409
1528
1469
1472
1068
1580
1364
859
1041
1726
1546
1793
1260
1127
1662
1980
1839
1226
1336
1602
1294
1120
1284
1108
829
683
1541
838
648
1675
1177
1428
896
2110
1242
1054
842
1924
966
1020
994
990
662
1723
1226
1100
2518
1273
1455
1462
1122
1128
1021
1491
938
930
1061
1388
954
897
3236
1503
1209
968
854
2473
1323
1219
1466
884
1917
1070
1036
1067
1117
1293
1069
895
962
1046
1207
656
692
846
1334
1119
1438
2142
1391
992
893
774
2121
1736
593
876
896
1500
637
764
685
642
704
1155
845
791
590
619
685
1320
886
1215
634
1109
1853
1119
1509
1277
656
540
659
766
723
688
1237
654
1834
794
826
741
906
802
738
1599
1277
1289
748
1006
726
886
917
675
1892
1047
958
718
737
1085
1750
923
672
1377
1193
573
1761
948
832
946
776
946
1619
1358
736
932
784
721
889
920
858
852
1189
1284
1746
1418
1049
1837
2039
1394
971
879
1043
906
864
864
1298
799
1668
860
569
1154
859
801
805
985
949
1256
2084
1255
1167
1171
854
1000
1263
821
883
759
1029
806
707
1452
817
869
964
709
868
864
1027
813
812
945
546
1987
877
546
547
791
768
1186
547
510
532
718
1366
923
1101
644
597
557
1314
725
572
553
573
552
1101
818
591
596
1043
594
1041
1485
639
753
672
585
783
635
781
561
568
562
668
652
551
529
537
553
547
531
689
671
549
825
611
579
1033
596
609
569
566
715
912
522
537
919
616
854
578
519
3146
573
559
640
560
806
538
579
587
561
544
579
865
621
587
578
597
565
548
540
563
565
570
649
582
589
1021
796
600
610
586
567
911
883
680
695
1006
806
723
572
601
541
656
566
775
663
596
575
586
768
1042
789
824
700
716
560
714
704
694
805
794
665
560
550
553
538
794
575
776
972
569
573
690
1007
707
731
556
558
568
779
900
607
584
592
543
794
986
613
604
573
668
1179
574
533
527
536
951
911
915
1026
606
724
690
604
569
660
724
683
704
620
635
1074
821
928
674
644
718
902
604
839
692
560
624
1293
718
1076
756
767
621
897
1024
555
819
622
1121
1195
1267
1000
541
649
556
590
1085
854
1157
707
822
611
566
790
1001
678
637
661
1141
1372
1323
1159
1271
1372
2170
1575
1142
1831
970
767
692
964
585
608
811
1728
1144
896
516
496
783
495
498
626
482
498
806
1278
997
897
894
684
549
521
483
707
519
520
524
1462
1403
819
760
560
688
778
1038
702
506
495
501
1078
1075
1152
758
942
553
606
593
705
505
532
873
533
528
1055
1800
759
543
751
1246
1681
645
635
604
612
474
1600
2201
864
554
532
509
476
1112
648
684
483
