2812
1334
1220
640
644
593
1368
774
780
613
664
1149
1673
1141
978
764
822
1042
1819
676
3007
3420
2311
5522
2325
1405
4340
1622
1715
853
726
953
939
1728
1024
899
824
895
987
1241
864
2375
752
818
661
929
2356
2660
1034
976
972
1397
1413
816
812
719
963
879
855
963
817
1060
1136
2140
2227
1030
1456
1137
1235
1005
1203
704
817
1266
978
1014
934
1051
1774
913
795
790
902
980
789
855
884
1258
1238
929
1404
904
815
796
1113
1279
1502
806
663
1124
948
955
678
617
710
1238
841
624
1836
1357
635
620
618
883
1960
1454
629
650
822
988
664
1799
1532
1037
619
730
672
1184
1788
1459
726
1050
1053
877
661
1429
675
675
664
635
835
1742
708
642
682
651
647
960
1904
703
1291
961
705
893
2171
2074
1354
1057
908
861
863
886
884
874
895
838
1428
1232
1464
799
743
749
902
1423
1611
884
1149
940
1134
852
799
1152
792
934
1185
822
744
723
744
768
997
833
794
1637
2157
981
921
649
721
1324
980
718
664
649
702
784
830
1529
675
685
673
666
1258
1285
847
662
674
634
723
1257
905
618
647
654
827
704
1206
679
635
665
642
741
1179
1047
690
661
623
841
1703
733
716
640
651
1416
1964
962
792
1122
884
858
923
1049
895
1056
1022
812
1051
915
701
757
668
699
893
638
765
769
666
720
945
663
757
695
721
647
979
713
684
868
732
654
619
690
762
692
1157
958
698
608
646
1220
913
640
614
651
733
1216
868
697
879
1082
1042
1142
1445
877
709
1001
1098
771
882
739
994
714
1158
1014
1097
718
971
1044
729
792
890
790
893
1184
1215
927
1527
1190
805
979
825
847
1112
1129
1001
686
728
1815
1486
1086
1133
851
1006
1161
1438
997
1005
1076
1063
1051
1240
1824
1243
1342
736
693
813
1094
1090
1238
1161
1140
1343
1028
903
1061
1401
1274
1296
713
831
722
1434
1007
2387
806
1047
1001
937
963
1752
1123
902
930
1065
1200
953
851
1716
1435
1486
1018
719
919
665
1033
934
1512
1311
1630
765
1073
685
716
1069
1040
783
765
1275
1127
1743
1480
2169
915
707
694
928
678
661
734
667
818
1856
671
660
769
666
800
1257
1211
674
681
663
834
1068
1343
651
666
685
677
1260
747
763
738
682
813
1205
759
639
609
620
764
1336
726
681
951
696
2065
1209
664
699
611
772
1380
639
674
688
689
1160
1146
706
665
658
616
1143
1453
664
701
658
676
1049
1305
683
719
664
664
1295
1419
641
627
695
642
902
1218
645
618
689
685
1493
865
621
632
652
616
950
1033
773
624
644
877
900
1211
623
620
638
724
1153
904
708
643
635
671
1073
1303
760
629
630
758
1154
721
605
689
776
734
1343
728
624
634
701
944
609
870
619
599
702
778
1182
730
656
630
761
714
1185
1133
610
751
634
677
691
1407
685
766
670
649
615
1107
1687
717
652
649
596
1216
1474
918
867
634
675
688
1050
994
804
811
630
601
722
914
1785
861
763
936
853
723
614
865
870
592
839
900
681
872
811
621
583
618
806
811
846
804
815
824
824
868
824
661
786
820
826
834
847
813
811
910
798
806
729
838
850
843
834
859
848
856
815
627
783
855
837
884
825
863
630
613
849
844
920
827
909
618
577
809
831
589
622
854
615
825
856
739
1078
846
692
890
1136
861
1097
973
966
809
1870
1194
1014
685
717
737
742
809
1133
2929
782
746
724
706
1727
1043
708
792
1006
1021
749
1421
1805
673
636
818
1149
1917
1388
644
622
658
708
729
1255
1964
879
684
708
714
1438
1753
672
985
1101
1103
1611
1291
986
687
684
984
918
1653
1775
699
628
1540
1189
1229
751
664
779
1003
1914
865
607
669
1221
898
865
643
586
1427
1159
622
720
648
621
1247
1044
855
626
836
742
692
1368
702
731
595
619
713
1769
900
863
641
678
1422
1135
827
691
595
599
1259
732
575
663
641
608
729
1779
693
670
1207
708
773
828
618
586
690
777
1252
849
604
854
728
752
869
704
632
637
614
716
1537
711
1240
682
711
616
1537
802
623
619
639
1293
1943
823
602
628
630
1436
1059
820
632
619
1331
781
895
982
828
598
1279
1381
598
597
732
1172
730
2065
638
704
646
671
2011
1409
1426
717
633
730
1359
1233
674
638
596
739
1637
1116
685
870
609
845
648
816
678
923
973
1516
1816
953
773
807
922
703
2084
825
956
693
627
777
1499
660
604
622
639
923
2273
667
598
605
657
1122
1587
659
628
911
656
1490
1705
709
597
898
878
836
1164
1035
641
600
813
1301
931
647
640
668
642
1542
1475
649
667
620
620
644
826
699
635
646
628
1155
804
709
699
623
581
957
864
767
620
1031
665
1096
834
605
704
578
610
605
1090
600
621
949
684
637
1131
598
612
591
644
672
1003
601
1112
855
795
723
1508
870
732
746
744
2022
1977
806
995
857
953
1995
962
1420
884
865
1027
752
767
639
638
664
979
1846
1018
694
893
647
665
628
616
663
625
826
1863
667
621
628
623
