4877
2273
1029
1107
1065
812
767
633
605
1116
847
892
639
655
768
1087
624
628
595
622
626
2006
653
587
664
671
1087
1106
615
602
616
629
2263
610
610
627
972
1097
1068
715
920
1904
779
712
2048
970
907
821
891
869
858
1342
799
663
650
639
672
1235
639
610
606
772
1037
652
1438
628
621
678
614
787
1193
672
1185
645
661
784
953
1171
614
592
599
693
1231
1357
805
610
782
844
637
780
792
803
646
808
1303
640
602
624
573
588
681
775
715
822
643
763
1368
976
1379
661
638
629
797
742
673
1702
814
597
620
597
576
1932
1112
719
773
1573
814
605
817
645
595
598
618
573
1941
1324
853
643
666
750
870
659
614
631
627
677
911
822
1000
700
883
831
632
741
847
657
680
883
936
958
871
723
697
607
636
640
1347
639
1158
637
608
870
1365
852
670
620
650
634
641
1020
727
686
656
631
836
797
845
636
637
621
681
670
777
850
615
610
639
813
660
1254
937
797
718
817
721
1850
1268
772
722
748
813
1183
865
825
880
873
804
1624
763
771
747
980
2298
809
797
904
793
853
839
884
747
842
858
2347
798
671
707
1750
2060
830
661
713
857
1680
1185
820
969
732
907
747
828
619
862
619
627
642
1402
814
758
1093
798
759
1301
628
759
612
830
1194
815
729
649
764
1419
1050
666
620
658
607
995
1730
673
713
643
596
1432
1675
751
717
621
741
1808
1284
691
641
604
899
668
2229
797
941
878
850
630
642
639
597
659
879
638
1842
679
581
585
661
1185
579
615
594
659
678
1228
1181
678
630
665
657
1151
731
642
762
635
611
588
1351
879
638
620
745
1210
834
567
621
605
756
605
1116
629
624
603
700
844
739
588
650
769
607
628
1316
643
787
1082
695
679
1897
991
953
693
806
667
2212
1248
1251
1011
946
696
912
742
901
750
1498
912
894
711
840
759
904
1048
1622
1208
758
941
918
656
932
680
944
901
904
1174
865
951
878
856
801
1051
961
1680
1256
852
917
807
931
1423
823
1062
1350
986
970
1363
1038
1256
1188
904
1134
789
1171
1040
1024
1013
739
748
680
1337
806
671
686
976
737
698
897
783
899
1581
982
969
945
904
872
1056
1388
822
832
1387
1012
857
1739
1169
1141
975
1829
1115
1584
1540
708
662
693
860
1403
1112
1069
642
714
633
1413
621
630
688
666
1123
1495
987
1044
989
1029
1164
802
2673
906
882
647
759
860
873
892
874
605
661
809
651
629
845
680
592
608
771
604
602
761
641
640
1232
837
646
713
651
837
885
613
813
844
695
633
794
627
938
747
634
614
706
1564
846
602
686
750
654
890
798
1235
646
638
615
608
919
1146
626
610
613
623
598
789
755
1086
741
608
614
614
831
646
1242
633
632
670
613
774
636
633
616
687
773
685
627
1294
923
616
689
1137
730
1448
1521
756
705
726
623
649
1801
747
653
645
648
639
631
642
648
697
606
650
751
642
1656
750
659
720
643
641
845
774
1553
648
638
648
665
655
1681
701
637
777
861
809
740
745
667
665
713
638
2074
728
623
644
720
719
703
740
608
702
667
621
634
648
669
765
913
1061
928
928
1012
713
1457
722
1173
1161
998
1012
981
769
698
981
1104
1252
884
1450
983
1097
703
661
624
637
623
635
659
673
710
746
667
1567
1243
670
639
600
611
581
1170
1682
645
672
624
591
714
968
1433
702
627
894
643
636
1588
715
730
611
618
658
1141
732
697
635
588
1210
673
670
614
601
587
1121
607
603
587
676
823
1691
698
621
584
593
917
1666
652
754
731
730
1620
971
1150
1024
953
970
1419
1174
919
829
591
634
764
972
1751
842
1070
698
616
638
846
851
625
608
616
614
1053
1358
1196
889
753
693
1217
861
638
629
703
666
1394
1359
647
763
625
664
795
1018
629
598
644
1390
711
862
689
606
621
615
611
1087
707
915
1115
775
1310
1224
579
631
574
588
1013
1371
1251
779
624
603
661
1145
653
821
629
643
609
599
599
1240
627
637
826
617
780
819
603
632
818
670
794
907
686
648
824
665
625
634
603
669
764
1004
746
1291
780
838
659
866
609
623
848
626
933
1224
977
1385
737
677
1056
587
636
725
660
620
905
729
589
886
653
864
633
624
607
583
600
590
1003
868
666
976
716
1164
1885
666
691
652
644
646
1065
1282
811
628
621
884
805
651
600
702
813
624
619
969
691
658
673
679
636
675
888
817
907
1140
1568
846
1070
966
974
774
761
748
751
736
1352
867
724
677
592
657
662
636
679
604
689
948
1253
1011
694
868
741
599
650
795
656
636
653
1036
875
664
814
883
827
816
857
622
846
1485
686
847
874
865
869
645
798
641
855
835
1040
945
842
878
745
756
686
776
684
628
659
756
1593
893
615
609
622
679
812
823
622
705
625
1358
982
693
621
635
623
627
966
655
573
642
851
1221
2070
674
658
659
640
667
