2984
2672
1087
769
1029
637
633
813
610
563
587
662
867
609
596
720
952
793
800
745
605
580
628
621
838
654
616
615
597
668
783
771
586
590
592
629
599
636
1347
1602
1119
1219
1343
908
672
778
817
1091
740
699
950
680
1334
980
636
684
645
574
757
594
655
666
640
742
1109
579
678
613
630
770
855
678
861
880
646
1598
913
706
693
678
643
948
633
665
671
663
631
730
836
637
675
660
688
722
1099
797
674
1044
678
854
972
796
785
582
1024
1103
676
596
600
1053
1049
1491
1989
1231
1030
694
795
734
728
678
771
650
1594
980
840
725
655
718
1029
2196
1181
628
610
753
576
791
899
637
626
1036
1151
1014
682
752
590
628
915
577
627
641
736
619
758
835
624
610
599
953
1049
596
594
913
702
675
594
608
620
958
819
859
603
576
927
851
693
1301
617
844
698
635
603
911
831
961
720
712
618
763
815
668
628
662
929
1178
776
1256
901
883
1197
1163
659
648
832
640
996
2137
1132
851
830
984
1650
1002
1034
1324
1154
1019
945
892
939
903
729
818
1723
1341
901
1265
939
1020
818
1012
805
1301
907
752
1082
1235
890
996
895
1146
1387
1604
1782
1018
994
1124
1225
1640
1736
1424
1355
1178
1441
998
866
1627
1225
845
819
760
832
1005
843
702
1318
983
1012
866
922
1221
1104
1024
1558
1619
1090
1039
885
1133
1003
1222
1813
1164
1272
1081
722
987
1536
1320
1433
742
1002
1019
995
1143
1472
1472
829
749
1502
2812
1052
674
918
1735
880
822
1098
1011
1041
676
680
1122
2407
900
1084
800
794
869
647
954
1192
1470
1077
826
1099
1183
683
899
680
2210
1458
1035
1140
1019
1212
878
1470
2208
1232
858
951
828
786
1357
1941
1475
664
946
1417
805
2972
1067
851
1081
1365
1143
1045
2983
1034
939
1016
1097
820
1048
1515
2552
732
1053
1098
784
1463
1496
1698
1157
1447
1190
1231
1689
1974
1805
1542
905
1458
1658
4323
1398
1156
1460
934
2941
1221
1086
1958
1465
1871
2468
1144
1332
1041
704
1913
1594
943
1093
940
1756
1001
996
2717
915
2394
1648
1843
1282
945
1031
1048
1450
1069
1164
916
1753
976
1000
1457
676
882
1402
989
728
1004
810
1057
805
2297
991
706
671
761
1185
1979
694
684
687
1286
1481
822
1834
1175
744
946
1503
660
658
700
732
1902
712
636
655
639
743
1734
1704
689
1043
1024
1035
1315
2211
994
866
917
1154
923
1214
883
653
654
642
931
1514
1656
1321
956
870
703
633
773
737
636
625
1975
1300
933
748
610
973
1369
1425
682
1784
939
841
2192
877
638
647
699
1171
726
1990
901
779
833
830
3180
2006
1127
682
675
944
991
1854
1324
922
1316
1052
941
1062
725
1505
1077
1103
698
650
663
712
712
607
1576
1774
769
1243
746
594
646
1281
3549
914
828
719
674
1554
1638
2992
1075
778
1272
1246
920
655
2251
1503
1106
1003
730
743
641
879
815
2973
1108
653
709
680
637
1138
1967
2365
1212
621
656
632
1556
705
897
1219
2564
1735
1183
665
1008
645
1055
2919
973
716
679
623
636
1126
988
703
640
649
857
656
884
634
797
686
706
687
907
1612
1525
790
620
628
1365
685
716
787
722
1062
1005
853
631
1019
716
641
871
664
611
638
1216
967
739
681
702
659
623
670
690
1048
677
1387
729
638
618
821
703
635
629
644
662
2151
1517
819
719
834
1122
728
700
779
789
746
1459
951
900
986
926
946
852
1002
2373
1119
776
886
978
910
994
648
640
935
752
644
832
850
844
686
841
830
1660
2755
674
635
613
741
742
1079
779
660
646
1556
894
739
887
622
879
867
927
617
636
700
1665
688
857
862
894
677
655
867
875
887
1953
844
1283
788
673
848
719
672
890
2784
1368
698
613
752
655
845
885
630
663
1852
888
661
649
620
1407
743
674
660
846
685
2247
888
646
704
655
805
840
1040
896
1125
870
664
781
947
963
729
757
697
2220
1033
892
1980
968
968
741
779
870
2773
863
745
1044
1024
1058
837
2181
967
641
725
624
861
638
1127
700
616
896
1493
662
792
900
877
845
665
668
1195
1162
1184
1030
661
895
657
658
897
817
943
633
616
895
946
741
765
682
654
641
791
1031
1353
1193
683
672
638
867
1345
1022
607
599
589
630
1886
692
916
691
861
758
918
1131
1146
4530
943
1005
714
657
670
1283
945
1528
732
676
683
670
1815
1137
625
647
711
1966
751
2211
612
624
646
619
792
1786
613
1005
615
614
1182
602
669
647
623
674
685
835
1233
739
623
638
1443
707
649
612
707
2356
1144
720
674
639
650
664
1459
658
677
1612
699
1864
1755
828
747
795
693
746
2462
1173
723
600
1010
753
2165
946
678
1515
751
692
989
1451
690
760
961
1011
683
2550
2629
1274
1440
1129
1863
2520
1514
878
1479
952
1661
2662
930
911
1094
1002
764
2181
1178
1086
713
1002
1033
693
1470
1312
827
810
1457
1073
877
663
658
1280
938
785
2960
737
1018
1225
698
3246
1359
914
778
1478
1573
1093
1710
1434
1410
1013
1166
689
1289
1071
1355
919
1079
632
1250
