2700
1414
1298
707
840
2178
1615
760
770
684
652
704
720
700
652
1183
1058
812
727
731
689
675
919
896
854
648
862
979
887
1219
837
993
807
1302
669
1118
1715
797
1090
778
1044
952
1029
693
625
639
606
1089
660
760
624
791
619
1116
747
653
698
650
625
1126
617
616
655
653
640
1747
645
695
653
625
637
1032
1338
667
675
701
687
730
1021
665
652
661
659
677
947
659
673
773
652
742
1890
773
730
675
737
708
1132
1173
742
780
710
909
1192
621
661
628
642
1243
845
631
685
750
704
630
937
629
676
646
768
823
1094
681
656
650
693
705
1009
679
660
823
647
655
1321
731
769
731
753
795
1157
1604
637
638
606
659
1571
1689
632
619
799
683
2038
1308
622
846
655
656
811
1832
645
740
613
729
643
677
856
655
600
637
621
1246
1261
908
624
642
648
1228
1203
892
619
651
740
1416
1151
744
650
611
693
1193
1676
723
684
781
683
1388
1548
894
936
1304
968
1361
1039
1114
1045
925
879
1262
982
1219
1449
1179
1071
877
1859
1588
1152
1098
1178
805
768
717
723
990
737
816
1933
1656
677
715
800
816
1400
1245
741
803
799
721
974
1309
951
743
730
655
630
757
1349
882
1165
865
666
653
694
1144
1113
678
671
677
817
738
666
853
660
673
668
642
770
693
649
656
666
632
641
677
650
906
657
645
749
634
709
1636
1364
643
665
722
690
717
886
774
748
786
676
686
1104
1284
680
680
670
678
746
1058
1033
674
672
706
631
674
1218
1075
781
767
675
674
894
704
1138
764
663
666
710
685
1227
1781
639
721
691
639
850
1415
664
617
619
778
1160
650
1289
614
613
622
612
818
1526
639
797
1036
974
693
1580
696
852
985
1084
804
1277
931
1266
680
961
984
1006
897
775
1004
1164
725
804
1092
825
851
1983
1089
1052
964
1130
731
1082
982
926
1090
1090
833
790
2274
749
716
827
833
768
1125
1086
1019
932
1212
1699
1582
1270
798
783
771
742
3543
1040
1048
3048
757
824
836
1051
932
1024
971
1585
831
1048
1027
1058
959
1039
855
672
3120
1043
961
1096
919
966
973
912
1301
1296
891
837
818
858
837
805
736
974
1367
1409
967
982
944
1609
1155
1708
1361
1461
1443
1357
1157
2242
929
892
748
1144
936
1028
967
961
1183
867
1002
687
1038
942
735
784
693
867
1757
782
723
733
665
822
2025
662
665
819
698
1246
1677
823
681
670
675
850
1149
2033
704
701
686
747
1517
1879
662
680
754
703
2011
1366
685
694
1867
824
1420
1690
694
669
728
678
2084
1489
676
852
731
675
2141
1419
674
723
690
861
968
1593
1336
5303
1259
872
678
935
893
967
892
895
652
651
627
616
851
684
837
1301
925
905
666
648
1210
716
692
734
781
669
1331
903
1495
1182
1074
1075
1113
912
657
881
939
1290
1566
968
1041
797
1147
858
836
924
909
657
681
844
754
873
768
674
658
1435
670
659
661
626
751
1112
698
801
999
728
925
919
677
721
938
883
674
931
700
953
647
901
914
912
883
661
663
976
680
776
904
742
1012
1327
921
893
729
1326
1409
996
1307
893
809
713
686
761
943
1334
769
906
1028
737
726
1022
1090
907
983
1217
1157
904
886
1044
903
888
687
662
634
653
652
696
1459
1223
919
695
663
645
1272
986
661
691
808
753
709
1186
753
723
716
685
855
885
787
1229
1080
934
1247
1048
936
993
793
702
754
2575
1245
718
918
937
703
659
1869
806
1287
832
807
999
1079
679
721
691
687
858
2436
733
802
787
703
1272
1160
673
771
964
1147
944
1739
743
719
702
653
755
1251
1047
1214
785
694
779
714
1104
1068
710
752
1115
761
720
1339
1425
662
667
697
689
919
1961
810
919
691
909
730
902
888
656
896
1403
1331
983
796
682
1260
771
646
696
770
750
1825
775
673
664
697
640
951
1530
921
919
1106
678
804
993
1359
718
854
645
659
709
1711
782
938
909
914
941
885
946
678
896
1516
1232
1054
934
777
963
1018
899
934
1388
1099
691
831
903
1010
687
698
897
951
907
1113
810
764
738
688
1060
1288
761
771
744
707
1100
788
1310
664
669
673
710
666
1203
1398
1096
748
677
671
812
1419
679
698
740
1029
790
876
1054
751
706
686
697
725
1772
1829
844
1028
753
696
659
665
2520
1460
821
851
930
1678
1494
736
778
1280
843
862
2181
2281
721
722
1075
967
967
1500
929
779
687
673
712
726
1437
732
728
859
962
727
697
740
692
851
1236
769
717
666
692
1224
720
737
713
704
1343
1388
1931
841
724
686
692
710
1287
1369
828
755
699
1295
1372
688
707
719
708
1125
1094
807
683
648
678
717
916
1717
687
633
1301
1080
955
957
928
946
652
683
978
657
751
1025
688
657
788
1306
676
685
698
657
843
2177
723
910
938
915
953
650
942
919
906
1308
883
745
715
808
813
659
691
833
675
702
2072
748
1690
1091
878
841
931
901
948
850
990
764
660
650
671
702
632
682
678
795
2316
1165
