1279
691
1809
1414
1409
656
648
754
1194
634
659
661
625
2091
1165
739
636
656
615
1658
800
774
748
1684
1138
642
643
626
636
655
611
690
2206
1213
790
1544
1049
730
1014
655
650
1808
928
1088
659
864
674
889
706
824
919
1282
641
622
676
871
865
1483
660
711
703
1003
688
1319
647
692
643
650
1154
983
664
617
1271
668
830
1165
633
686
625
758
607
1217
1701
907
654
660
731
937
1251
664
627
760
784
1198
1726
643
678
658
638
1596
1104
704
644
641
735
1685
1168
713
646
625
607
1039
1411
668
1419
678
628
639
837
701
645
659
637
615
884
593
983
703
648
621
645
886
759
709
634
704
998
1035
704
621
735
722
999
1201
771
645
648
952
710
1563
1022
651
611
613
598
2078
681
1283
642
660
5933
1021
848
781
1060
1375
1584
2723
837
1168
854
673
832
703
646
798
1140
1188
880
657
655
650
753
875
1140
706
778
649
654
851
1000
1559
703
709
672
735
1800
1212
2086
983
758
1023
683
679
1023
756
716
677
742
1000
1072
926
945
1017
1240
874
857
1616
751
700
677
695
654
923
1043
1336
699
659
1083
957
1001
1066
993
1050
1026
1449
1173
1077
1742
1495
999
727
1082
992
1159
980
1005
1310
1168
1302
889
799
8524
965
1066
932
891
951
951
884
920
947
871
925
964
947
949
930
853
902
868
846
850
870
857
824
1017
945
1165
1000
994
1442
919
1534
1390
912
1048
1267
775
682
630
633
625
873
1206
688
680
661
741
1527
1403
721
703
665
862
772
1278
1233
995
663
656
645
790
1398
944
737
672
630
807
711
951
642
618
614
706
1087
1280
886
630
977
934
1319
2327
701
1015
944
1158
1383
1793
920
1022
859
1230
1086
1107
886
1002
790
1081
1255
989
847
872
883
1124
1712
1549
1141
972
998
782
1690
913
988
1537
1250
1380
1058
847
852
920
1303
1493
1306
2365
1387
1161
1145
1075
1878
1795
2272
1086
1080
1311
1158
1847
1132
749
1230
847
1452
1195
1436
1459
1048
879
1701
1194
1088
1086
1046
1182
1097
1138
1381
1406
1146
790
856
985
2192
3406
694
684
810
859
992
2209
1223
1118
764
1094
850
868
979
960
950
1074
2044
1374
1422
1550
1829
753
3096
2564
691
756
783
3999
1943
2057
1371
934
794
1170
981
898
1004
993
1063
1126
784
1061
1235
1879
1421
1368
1645
1785
824
1955
1515
1077
1973
766
1274
892
701
680
1274
639
691
646
673
682
1053
1272
649
649
707
1220
1334
651
660
632
706
919
1602
861
780
1069
897
701
663
657
896
735
940
1361
774
1057
920
710
883
669
899
981
749
661
1024
1297
893
712
718
644
1186
1338
1052
1064
791
779
1500
1004
868
626
834
751
870
1571
764
750
653
798
938
1227
745
638
1208
1075
1518
1062
1020
1106
820
955
679
1126
888
860
1207
963
845
897
881
874
844
1075
670
659
664
766
639
767
782
1311
634
663
635
686
1390
1467
654
654
646
663
1417
914
716
978
1068
813
799
1598
651
771
786
661
879
750
616
668
646
692
647
829
874
686
660
849
617
966
1362
732
962
863
892
615
858
642
698
651
729
963
1267
647
892
639
664
927
1252
696
601
641
681
935
1355
619
1010
635
835
945
1390
855
845
851
844
883
964
641
906
900
1021
680
607
647
653
633
648
595
599
726
634
666
605
612
978
927
923
1240
1108
971
1641
767
856
755
1543
1405
650
647
1618
920
661
671
1730
608
633
748
661
648
3527
655
897
666
817
838
727
900
891
1236
829
657
742
716
665
664
753
715
718
671
665
785
1299
692
786
691
908
889
667
845
841
832
774
1301
676
1884
1135
672
660
610
635
1476
2239
724
713
707
641
705
1471
1573
1899
1524
652
650
612
610
1248
914
648
622
596
594
884
2162
666
614
622
656
719
1515
1698
697
602
1336
683
852
853
839
834
832
857
628
791
1111
836
623
640
657
600
1958
1674
601
662
635
1371
745
622
1482
611
596
586
678
1329
719
577
1427
695
600
662
1197
1090
820
821
837
617
852
1672
776
699
632
659
671
642
593
555
619
611
839
610
862
619
682
1620
1016
607
630
600
628
2595
979
753
678
636
795
817
831
840
644
835
640
873
634
600
790
894
658
1476
1716
832
1206
746
881
825
806
648
797
657
934
594
837
1266
787
707
779
789
741
780
751
772
619
758
945
2038
689
670
626
693
928
591
623
797
828
820
1389
820
789
700
666
622
793
834
826
897
873
1025
656
868
641
620
817
814
619
600
627
801
680
1222
1317
854
632
618
647
632
1146
944
821
696
839
968
879
1216
636
640
637
644
1433
988
847
1150
687
739
660
672
622
663
719
641
646
703
1733
699
856
652
856
719
915
870
859
665
886
1046
877
873
867
648
847
911
925
859
835
1137
725
667
681
673
646
646
655
620
632
622
631
644
1329
665
669
636
616
675
657
669
877
614
678
627
855
642
657
608
593
676
614
613
910
1202
618
809
988
656
655
604
638
642
657
615
819
674
630
708
