2797
1435
876
980
1440
717
1388
1010
1250
827
533
748
695
647
677
679
673
694
1312
1252
554
541
495
509
502
519
536
551
531
517
527
530
1009
600
523
512
769
617
519
608
598
1297
1002
814
753
877
601
1434
974
599
814
593
662
1080
1434
573
576
586
550
1674
1356
541
547
574
545
777
1757
661
615
582
654
575
809
587
592
552
588
597
717
514
616
481
510
583
753
534
545
496
512
500
623
943
592
493
521
589
872
823
540
525
531
533
531
826
506
504
557
496
625
691
516
491
505
530
550
684
545
487
541
506
743
961
538
545
535
528
980
520
484
508
511
533
1016
536
523
520
539
521
838
634
520
729
580
578
932
513
515
496
540
529
862
563
512
510
541
529
774
551
585
493
517
641
944
542
537
486
553
524
946
553
554
505
532
517
979
574
506
512
503
501
941
547
633
533
525
628
1010
503
508
534
556
512
970
540
540
490
593
565
907
515
530
529
496
586
779
920
511
515
511
509
1038
614
567
534
510
715
840
529
534
535
491
546
967
513
497
532
510
506
967
659
560
494
523
1012
831
542
542
553
561
1008
1395
538
553
516
703
585
1561
477
540
533
701
1073
1045
865
622
633
609
1786
703
697
643
884
873
1411
782
735
804
779
675
689
739
698
742
941
1062
841
784
872
1037
616
616
634
736
646
609
771
670
613
1164
1836
596
592
624
673
1861
1602
741
570
597
591
761
1576
632
519
1047
581
587
726
697
498
509
566
724
522
615
606
515
506
512
533
560
567
1300
566
563
545
539
522
900
803
532
511
511
538
511
826
834
660
519
521
1234
524
563
501
521
491
717
810
679
632
683
558
767
518
590
526
637
521
525
554
535
530
791
604
563
538
515
575
657
927
549
519
569
554
574
563
561
562
551
705
550
724
982
514
528
494
508
727
671
908
534
494
485
517
625
943
755
511
533
550
620
514
1196
1422
481
496
519
609
897
1461
549
501
600
534
507
1316
1138
779
1225
997
868
855
796
913
858
941
745
767
1487
1425
1080
1063
797
893
778
973
919
1742
672
703
1516
910
539
463
484
520
465
461
457
465
908
865
622
475
534
580
1289
487
450
520
538
480
555
1391
798
514
520
497
679
982
481
485
653
500
641
1096
1491
757
615
1126
1287
1201
936
1247
1451
703
499
1546
527
625
506
573
518
880
476
489
513
502
1694
508
552
734
489
748
529
743
516
535
505
501
496
724
533
515
641
554
1277
457
1178
567
545
576
1792
545
533
490
568
1740
1079
535
512
489
706
1160
553
542
497
558
581
1658
622
514
517
493
588
943
2028
591
510
598
533
609
1115
628
589
531
570
1633
1160
619
516
561
573
1278
1411
935
582
548
889
817
550
597
720
1133
588
1096
626
516
525
540
621
1782
634
619
595
642
1812
1127
576
552
518
777
734
1842
602
538
574
598
1059
571
548
498
536
555
1762
541
580
560
623
1900
666
728
706
701
591
980
1569
579
505
533
773
1157
588
505
501
561
800
1471
596
542
580
623
1783
1228
619
559
530
587
1589
1171
636
503
555
605
1711
1467
608
574
536
647
1740
1268
590
567
502
641
1389
575
701
809
641
784
1116
638
822
716
592
610
636
629
619
510
717
526
510
513
551
862
889
849
705
584
838
695
747
742
686
598
933
643
579
915
1724
1483
697
608
638
643
652
784
854
818
790
792
746
817
598
742
895
952
827
2218
927
896
745
620
772
630
1573
575
553
543
536
519
523
528
712
999
815
701
1149
730
692
720
670
1159
865
842
803
1053
645
594
656
689
1482
641
653
562
762
1907
2004
590
565
541
677
1693
731
907
926
585
653
1011
1725
1515
1308
838
801
972
1665
1207
1353
737
631
1901
881
903
553
499
507
600
705
525
1221
742
747
1093
598
601
536
844
754
1210
829
653
598
628
1609
738
537
614
1261
941
524
583
629
519
752
1683
1225
766
813
711
798
793
990
580
544
639
866
963
837
2200
813
920
740
668
636
779
1658
691
632
630
815
849
2233
751
1617
1021
933
885
754
1372
655
704
615
1302
1359
765
739
556
605
543
649
1471
550
621
906
930
995
1463
608
707
569
923
1190
882
1549
594
674
1477
816
802
539
924
1584
524
1113
643
533
1371
1201
726
626
1006
795
2450
1176
1001
725
1052
1023
1408
882
1666
1127
865
1092
986
759
778
869
1138
1135
15456
1256
1164
6311
1100
1010
1778
1895
1022
1099
975
1179
1102
5778
2965
1610
855
770
758
665
877
932
557
619
547
525
557
520
570
592
548
546
589
544
476
530
841
1149
564
530
508
500
501
499
507
481
1146
659
656
508
825
646
879
1306
685
533
538
671
1162
687
764
1032
584
479
655
1092
681
509
636
472
622
811
490
496
485
1000
603
713
675
682
518
692
537
701
645
782
561
544
1143
858
620
564
588
535
604
1043
719
