3774
2933
1222
726
681
1003
776
1404
1645
666
870
851
870
597
893
684
662
624
1232
725
633
1276
1183
649
605
636
703
595
748
1628
966
636
627
624
910
1200
1314
986
837
2276
956
883
916
1302
723
1126
762
596
1260
688
636
880
828
835
634
1091
823
777
738
782
1266
684
612
1046
602
722
694
636
647
1020
762
1491
680
650
630
907
970
857
659
646
614
598
808
1176
738
674
629
626
909
1049
1096
1024
1370
823
718
784
853
805
1057
1687
689
1480
1025
1025
1102
992
645
757
828
1337
831
2542
1670
1002
960
1002
1254
1024
1247
1349
635
608
623
645
642
1122
1103
731
664
670
626
1223
651
672
690
954
994
920
902
2225
676
691
1103
858
910
728
2161
1312
1413
1085
779
1398
1539
712
625
654
661
613
1104
1241
622
611
1396
886
756
686
614
764
600
706
1202
644
754
1319
674
693
1192
773
628
654
685
1410
1505
1137
746
965
959
960
967
948
930
1123
1182
829
1342
786
1053
1050
1059
1972
1675
966
955
1198
1283
1101
3431
1323
1210
1384
1251
1512
1994
1508
913
893
864
980
2606
1448
1093
1162
920
877
1380
1413
1367
729
764
825
2523
1583
800
1166
740
731
736
984
726
748
740
957
917
972
1000
859
820
1174
1133
712
653
732
674
714
1086
2005
979
933
1174
1116
926
1497
1297
1559
978
957
1051
1307
1093
1574
2101
4026
2545
1214
1623
1375
1368
19090
10207
7861
1327
1469
1272
1399
1430
995
1359
3452
1797
1556
1221
10711
5936
1395
956
1012
654
1164
1540
1004
1112
855
2290
1152
1328
1213
1382
1050
921
900
834
720
864
719
791
1023
1480
693
1095
1436
1557
1020
1359
973
1221
1429
877
1274
1670
1084
943
1043
1095
1795
2011
1261
1274
1225
1450
1345
1339
1376
1404
1266
1306
1383
1225
1378
1072
1178
1096
969
1348
1599
1277
1168
1218
1757
1792
1585
2254
1133
1794
2000
1399
1140
1455
2103
1836
1752
2049
1379
1469
1331
1937
1679
1791
1296
1001
995
924
1094
1016
1347
718
677
659
772
1203
612
647
1226
759
773
762
665
719
663
618
1185
2308
1322
730
964
866
2198
1532
1289
1419
1056
866
1222
1379
1117
1568
1447
654
981
1791
673
698
917
729
688
2403
1142
959
696
688
1559
1322
705
749
804
791
690
2173
714
1014
744
640
2489
1576
723
699
607
969
643
632
659
586
692
873
670
1319
671
624
1155
1042
757
1399
903
1330
982
1098
820
1057
809
710
970
1709
684
608
689
718
705
1108
882
634
598
619
822
1070
1415
976
678
673
600
945
1391
611
890
695
996
987
1732
1020
775
747
644
850
1248
1877
703
670
672
825
1105
1203
694
1519
651
647
700
1211
1516
657
585
688
1258
724
1777
759
818
795
700
676
1024
1018
917
1066
704
634
929
1390
1163
685
682
784
1030
733
1445
1197
677
589
649
637
881
1145
775
1409
641
593
664
1210
988
757
737
678
632
1297
711
662
723
660
638
644
989
968
592
625
719
848
624
1000
618
656
613
723
620
797
603
602
676
722
677
682
1308
658
622
644
639
1193
616
1108
713
691
675
816
781
1093
684
665
700
776
1196
678
878
1047
683
642
659
628
1091
638
651
643
716
765
1052
637
640
631
632
755
699
1128
657
1379
679
711
627
820
647
1075
818
644
677
675
1564
1249
697
662
754
2113
1058
898
995
708
1602
1226
906
1140
677
702
662
768
754
1173
993
892
1146
703
627
600
694
1247
1470
623
635
864
1384
1187
720
717
655
851
2095
700
616
764
755
2923
3252
898
938
892
889
1420
1679
660
1061
789
923
1972
706
631
625
611
728
2007
609
622
589
625
635
1481
826
591
576
1187
688
831
865
855
625
852
575
832
622
793
695
1013
633
709
629
727
621
658
886
669
592
1082
1425
1294
894
899
666
896
621
859
643
650
935
846
987
961
856
629
590
634
776
652
623
1134
824
628
688
604
726
608
670
594
811
1241
1220
1092
667
594
601
609
654
691
636
805
595
571
1236
702
831
630
859
823
1550
915
853
1422
2128
727
759
779
727
844
1329
714
614
993
1537
1021
669
686
626
677
900
1939
707
965
1362
711
708
1894
731
783
651
727
1447
2397
709
625
693
661
607
664
627
616
630
653
658
1212
641
628
697
633
1234
646
625
659
732
882
1937
798
908
905
851
729
897
726
670
649
675
1467
599
646
618
644
674
901
1887
579
622
1101
898
1202
885
808
620
611
828
691
870
630
818
857
699
938
937
855
802
870
595
857
672
899
1189
777
864
646
850
902
634
841
602
839
616
625
1077
1075
685
791
717
600
591
750
1255
624
877
894
1286
1583
838
689
651
601
646
1674
894
834
886
680
860
1599
873
639
631
883
1428
1796
980
642
662
611
1506
1073
819
720
1614
1014
1115
647
821
637
845
746
647
823
859
675
1105
1162
822
1521
621
655
997
682
1082
1623
1679
1243
983
870
593
662
1190
977
845
625
820
950
989
644
688
694
590
623
1066
1174
664
630
1026
723
829
621
650
942
706
658
662
831
605
1957
667
640
634
637
609
1288
638
626
635
