4710
2237
1698
1197
1546
1212
1018
1068
1007
767
718
2547
974
1154
966
933
1044
999
1221
1035
719
1004
714
959
971
1074
1371
1918
1403
1248
1597
1512
1061
896
1001
895
1549
869
757
745
751
868
844
1730
1098
1245
942
897
1129
1199
864
778
1118
800
911
903
884
1037
894
814
1022
1104
1154
1358
984
790
744
856
858
2086
1445
931
1014
1117
966
967
1760
1278
787
803
1024
1059
1022
1042
1008
1024
768
802
894
970
1137
1574
1108
1429
989
1081
1006
1344
915
906
916
1106
967
1098
937
2214
979
1000
1169
911
789
1068
936
940
1054
908
766
1222
774
1077
1006
1079
1059
1025
1173
944
1112
847
906
865
997
1088
1017
802
893
849
814
760
806
1038
1049
1252
1065
999
885
1006
876
1062
1015
1087
1021
777
1763
756
895
980
1232
866
1944
1134
854
1267
1134
1530
1725
2415
1299
1269
1229
1114
1016
1018
1184
1167
1150
1275
1173
1341
1421
1282
997
1091
1164
1116
1308
1928
1887
1264
1159
1186
1074
1121
2168
1375
1415
1199
1427
1308
1235
1314
1459
892
902
1160
1215
913
993
1013
842
910
773
791
1053
2175
1289
912
838
888
1300
763
2749
1326
925
769
711
717
973
1263
804
818
752
753
801
1012
780
787
762
804
788
794
789
805
899
846
824
797
798
796
776
750
744
747
726
757
767
777
776
754
750
744
752
740
781
836
789
752
884
776
793
789
979
750
787
731
837
1329
800
788
799
730
764
784
736
742
768
732
815
1178
723
766
808
762
760
723
1166
725
738
785
1206
1231
2102
719
1170
1156
960
1184
865
1153
890
1047
962
1071
2125
849
1046
656
766
875
1444
1122
1266
914
952
2091
2870
829
1010
1061
722
1123
1046
974
950
768
965
1144
1154
1246
1559
982
1125
942
1302
853
998
1059
993
1423
2112
1652
985
834
1344
908
2236
785
963
1045
1454
979
1033
934
869
1166
839
1938
1622
871
844
938
917
2000
839
1708
963
1231
885
892
1626
917
1022
1417
1086
921
851
868
934
942
1069
2048
1496
1347
869
827
797
954
1141
1144
1069
988
983
2458
1524
1392
1518
853
813
956
731
679
669
725
1298
1823
900
704
730
731
1030
724
818
781
737
679
997
740
762
758
716
704
697
730
702
697
20604
786
668
687
685
697
637
671
655
1109
903
794
675
696
839
747
668
719
729
676
784
685
732
698
663
747
745
664
752
775
846
747
912
1208
1009
970
903
894
910
894
916
939
1043
969
852
797
828
848
910
897
981
929
913
919
917
904
883
912
871
884
995
946
965
896
911
938
853
915
860
936
874
916
936
857
917
916
795
877
822
743
905
921
898
855
841
827
1998
2143
800
810
861
897
901
862
1017
835
736
720
747
790
760
729
969
865
840
804
772
688
718
715
699
802
697
892
666
845
786
821
822
701
735
657
791
849
900
850
760
723
738
801
773
1245
779
887
877
769
729
750
724
897
863
901
764
736
706
884
894
906
864
759
804
928
823
859
857
729
826
798
838
829
880
881
755
741
713
783
795
871
747
757
810
742
734
863
861
900
718
1305
1229
835
822
1077
772
780
738
717
796
863
829
767
896
780
735
739
854
883
854
1182
895
878
1027
1048
1195
1377
874
822
794
841
970
1156
941
728
692
691
719
650
605
627
681
680
1210
650
650
675
645
831
687
885
723
638
1085
1464
986
1238
853
832
1282
808
1057
947
776
762
828
829
1009
851
743
666
681
857
1060
730
714
690
908
718
700
692
771
706
713
1142
906
810
843
741
839
844
693
702
696
1027
1100
807
741
689
717
774
652
673
685
686
676
694
1217
1026
803
819
770
729
852
835
869
881
1139
1085
895
857
834
746
730
740
794
1385
988
859
953
850
864
904
861
850
811
1342
986
840
808
737
740
744
761
704
910
1216
906
933
811
926
890
889
798
824
831
1399
1029
927
925
880
920
928
937
917
929
1475
829
793
845
875
794
785
867
854
995
1031
1034
939
893
921
830
968
830
887
1516
957
887
940
895
918
874
906
900
917
1363
851
807
767
819
997
814
789
790
805
1196
930
889
912
789
792
864
859
896
846
1225
817
928
913
922
879
860
903
898
884
1341
904
816
813
808
859
899
869
877
849
1173
972
1027
855
830
770
817
932
862
933
1090
938
816
968
962
790
800
782
758
907
1340
903
879
765
768
861
846
843
791
824
1099
773
801
828
883
873
747
835
833
762
1261
865
794
783
859
876
864
822
757
845
1542
946
829
806
770
813
803
896
868
828
1356
899
896
876
808
723
663
704
858
832
1019
879
717
821
789
825
790
812
680
1718
1468
975
900
854
889
831
864
848
887
820
1198
996
871
831
784
862
851
912
877
1202
1001
894
813
891
984
761
734
743
717
1091
1104
872
750
740
694
1014
854
815
806
1174
999
908
897
711
997
836
797
1053
1227
1274
1032
1908
983
825
1048
862
866
1409
963
1133
954
874
817
937
852
877
1334
949
1055
901
849
904
843
804
