1382
1310
849
743
646
948
676
644
635
651
611
640
1966
1089
1254
881
758
660
645
683
652
672
695
2039
1123
838
861
684
834
855
860
864
1669
1249
881
904
1384
874
729
708
1766
1840
1310
626
857
693
643
1506
1089
1063
725
655
615
803
583
586
618
641
1747
883
758
612
630
649
1551
896
663
576
648
3561
1135
1191
1150
11374
1290
1272
2103
4990
1205
973
919
1043
1030
3557
2276
3824
978
1293
1629
1168
1080
1038
3807
1031
1541
1293
1105
1851
1063
2346
2612
665
665
641
771
2194
658
649
648
700
1394
1889
607
669
663
650
822
1594
598
629
780
673
632
1020
646
667
684
748
840
1736
741
632
648
630
1122
1894
584
623
620
638
1009
1007
622
646
691
674
2427
1265
817
957
854
1098
808
2174
678
705
691
1032
667
2399
702
737
1026
1071
2348
894
699
898
974
1202
1021
906
972
951
942
946
905
953
920
918
906
944
915
984
891
973
870
949
1011
720
636
677
656
875
829
857
675
721
659
746
1491
898
720
656
648
650
1291
651
862
688
621
659
1170
1193
659
628
720
619
1107
1393
692
625
663
767
1121
1216
715
699
612
661
1426
1570
773
684
616
833
918
628
670
648
668
1016
1206
747
625
742
719
953
1300
729
633
636
837
1358
773
868
983
974
901
887
1019
660
659
790
706
694
716
695
618
624
1188
672
650
680
605
805
1212
766
785
625
617
799
755
821
687
649
758
1209
993
722
649
661
618
978
1280
882
716
931
708
908
649
858
722
869
701
728
1362
1263
882
1232
804
903
987
753
670
836
831
814
1239
856
1825
786
772
936
918
1677
859
980
935
882
709
1625
1043
780
718
1100
753
1490
1553
831
686
1154
730
979
872
803
1020
1123
862
1010
1043
1061
1046
965
815
1007
1012
1620
1223
1018
1388
1935
1379
1098
938
1036
969
920
895
1165
1257
1346
848
964
954
961
905
1001
1872
860
787
744
880
1881
963
1026
700
1298
823
990
885
702
705
687
704
1109
8765
2882
1368
4490
7540
1664
2034
2479
2243
1862
4016
2396
8169
1631
1201
1188
1109
3282
2733
1580
2320
6272
1315
1236
4646
1013
940
900
902
1212
1246
1299
1848
9392
1405
1100
1141
7444
5185
2157
1250
751
697
702
713
689
709
652
755
734
677
655
805
669
684
699
758
745
696
680
893
663
669
670
706
708
1969
700
654
660
692
831
1584
648
632
668
649
1800
674
676
684
674
1914
676
712
741
648
925
1880
649
660
651
775
1802
747
735
684
667
2183
654
684
662
633
1730
916
688
665
704
697
841
2104
785
675
621
710
1493
1792
733
621
671
693
1511
1570
760
644
765
877
1456
720
618
740
699
906
2157
1214
1387
842
721
868
1257
633
619
699
678
903
1688
677
653
661
783
1520
656
648
629
764
750
1005
691
670
718
625
846
648
864
1102
703
883
857
855
882
639
857
982
602
702
698
621
610
611
625
1050
625
614
627
674
745
1018
625
652
647
689
872
711
872
656
885
703
897
862
728
886
719
938
740
742
784
1017
764
1274
792
702
635
1187
1063
1714
833
1074
1267
643
615
757
653
1744
2132
868
683
633
858
1169
883
620
660
1195
1213
984
733
695
700
668
634
670
755
1023
1931
843
953
1283
694
654
674
632
876
1303
1519
955
829
759
683
1093
776
1001
682
723
753
1147
672
720
645
659
916
1317
649
683
656
611
1371
1557
659
625
631
614
1239
627
624
636
682
880
1547
668
654
621
664
851
948
617
616
638
607
1271
1904
1341
635
603
602
587
1254
966
727
666
1243
667
925
1449
630
629
628
869
1280
1513
664
1379
696
640
643
648
715
641
679
703
807
957
1349
858
681
1145
1063
627
600
615
638
1128
792
596
684
631
621
855
1215
712
623
701
886
1398
830
643
616
621
794
600
1350
584
588
599
1202
679
1131
614
599
622
632
851
1780
618
607
1267
742
780
1451
587
575
610
602
1149
609
613
697
791
775
991
617
614
897
626
692
1175
1161
912
855
664
609
1371
1198
717
694
613
674
1525
1188
785
653
656
651
843
848
1443
1242
724
775
621
2074
1240
705
647
601
929
791
1139
1165
844
889
892
643
741
799
1948
674
718
637
641
634
607
606
638
632
655
987
1337
885
646
639
612
645
694
921
1143
629
627
1157
857
622
662
617
685
833
665
624
886
1527
1115
674
652
842
1044
2019
695
633
635
1017
1806
911
636
618
631
651
724
853
654
1421
677
645
777
1354
1746
727
627
668
854
1973
857
823
636
625
609
777
1872
2217
681
616
611
681
1895
1436
722
617
608
679
621
1906
732
605
620
799
833
1051
1585
739
716
830
686
661
807
609
797
829
671
1298
768
1130
642
869
674
684
606
715
696
723
658
1028
680
723
1308
752
741
679
712
825
612
699
1067
674
1572
621
1004
762
648
1226
1275
1152
716
624
651
1299
834
589
581
615
630
1146
1017
646
649
899
1191
1191
724
633
602
639
1260
1506
890
688
581
647
1052
1317
853
603
586
610
1467
709
632
610
