2695
1850
1656
1461
1141
1056
907
542
737
577
490
1230
1519
1640
802
578
692
786
627
585
620
1504
2349
1040
808
577
730
607
651
748
1122
1609
1878
1080
922
1712
1512
1537
1998
765
989
1693
636
518
894
3441
1197
719
542
479
505
508
787
2294
1834
1213
1248
678
649
1196
614
559
1785
1602
1233
545
579
489
486
510
552
1250
2196
2463
865
849
868
701
1638
2368
1828
1110
1006
751
614
1831
2723
1139
780
551
757
554
569
577
2870
3221
1630
619
584
606
973
3879
901
698
648
614
552
669
493
502
1841
1011
1022
617
612
723
528
504
802
1634
1604
1028
736
560
1028
1223
490
555
1882
2373
733
1204
532
489
527
538
1391
1720
1809
1224
651
624
516
477
520
507
530
566
3142
1237
850
597
670
869
1052
1389
2221
1467
1122
806
728
1607
1849
1317
849
874
839
1349
846
1837
1754
866
887
895
1876
1134
2214
1745
1355
1313
813
1118
774
1681
1778
806
797
823
1213
980
1594
1560
982
1015
982
931
1930
694
901
1605
1065
1101
1337
945
895
806
1942
1388
991
817
705
648
896
2725
1533
608
765
876
829
801
1441
774
1130
1528
754
729
1126
685
549
744
1070
626
1986
1165
888
1283
1155
1807
2382
2291
1219
1258
1559
2423
881
3615
1499
886
1031
2083
705
699
1586
1400
1093
702
1064
1320
2078
954
1051
1106
661
640
560
614
876
1006
4259
1411
1089
1150
743
790
3063
3180
902
1119
1004
935
3837
1869
769
906
582
984
874
3534
1888
746
525
830
779
955
822
2918
1091
680
573
626
1259
1512
1514
1821
1196
1119
699
1801
750
674
633
1104
1124
734
736
1016
777
655
608
1141
803
945
1090
848
860
974
1036
1188
2016
683
1123
865
986
1008
1561
1168
814
1042
976
1484
1956
1242
1312
1040
1036
1857
937
784
818
773
776
833
871
1231
959
940
871
726
1189
1051
629
735
645
665
637
1471
2405
1034
951
775
1109
1077
617
1034
935
721
721
640
1785
755
575
582
616
637
1626
1380
796
543
600
535
1014
1106
498
522
748
678
889
1550
878
564
567
588
678
596
837
597
1094
632
1910
754
779
789
918
919
668
788
1047
841
1214
887
873
954
899
930
923
762
804
875
1650
651
601
567
1766
887
624
649
572
638
1036
551
1295
653
572
1338
994
523
534
543
608
869
1083
542
709
605
562
1109
1689
518
481
505
496
1420
537
459
622
522
503
824
971
784
508
502
601
996
866
544
957
635
595
599
1248
617
553
515
537
612
759
556
523
1410
681
566
633
588
720
539
708
602
524
572
855
716
1120
693
1328
1182
873
587
620
746
1330
848
579
735
1084
733
1179
780
688
698
568
870
1397
855
1806
954
989
914
681
580
580
621
619
657
1103
1697
662
634
597
635
964
837
631
786
627
764
1077
745
587
606
579
588
601
915
1056
632
580
1580
692
1045
1144
569
824
608
552
545
1061
605
527
1703
699
627
832
782
793
897
556
1417
980
1673
1060
968
646
1337
893
682
847
637
861
2260
1156
634
565
1397
1228
671
597
2151
1246
745
1109
1516
899
619
824
544
3323
1640
604
574
1041
691
1553
831
554
3290
1354
546
1262
1165
694
594
749
569
2698
1059
881
546
697
1283
535
598
494
713
495
1428
1603
759
560
797
923
826
868
957
514
834
1017
1170
2066
2002
606
707
702
1388
920
909
765
1011
726
644
744
588
765
710
2155
1002
1173
808
910
787
588
682
770
1144
1857
629
551
903
743
1231
545
555
672
787
2480
639
868
600
522
577
986
516
803
496
879
564
718
660
535
514
510
533
759
695
589
1138
1039
1254
1438
727
709
774
573
561
730
778
575
1620
885
603
702
573
692
780
645
862
768
693
2419
677
689
653
614
671
645
657
623
676
846
1530
870
631
686
1069
682
1105
569
606
622
2024
1300
829
1034
674
577
555
561
897
1058
2582
879
666
585
610
589
761
1103
592
532
554
654
1536
589
546
613
559
596
649
921
949
592
574
552
940
585
1037
776
844
1129
660
564
660
1041
2638
747
534
640
536
1501
1464
562
554
572
1477
854
880
1180
737
621
549
530
639
1133
2439
717
581
581
577
1641
762
612
608
797
607
1132
960
1365
722
862
654
615
712
1370
682
646
1351
1037
592
2285
819
588
772
605
566
1699
1518
609
669
683
695
676
699
959
3220
884
721
992
649
766
1115
1267
682
1391
836
667
1155
716
622
588
592
676
167921
1279
720
792
724
1763
717
1191
678
907
602
574
558
580
648
1493
853
989
1216
661
663
604
576
635
603
597
1833
676
662
891
572
561
524
536
553
605
585
1225
797
560
752
691
607
604
571
566
566
552
546
637
1037
644
681
585
634
574
660
710
691
578
1475
567
967
589
893
1014
875
566
593
581
983
850
1267
565
691
573
555
829
1670
611
576
577
556
1524
587
725
575
586
597
749
980
627
573
567
617
585
1146
568
862
655
607
576
976
598
589
620
607
652
581
605
689
680
754
1157
607
627
625
648
747
950
599
614
645
660
1146
1133
609
600
675
