3295
1591
1007
804
664
819
922
850
730
660
651
892
1434
653
636
617
706
1304
1052
1314
663
650
717
650
645
1130
643
657
619
1153
865
734
626
859
953
868
839
657
1153
1459
1164
779
703
726
991
702
731
1023
908
912
649
672
786
826
644
719
655
628
624
952
1399
676
726
668
629
619
992
626
589
640
1096
615
1171
1802
635
826
594
692
1010
1701
884
667
605
647
590
1854
719
636
639
605
1147
761
1305
865
630
654
636
633
903
656
1200
1357
776
740
643
738
780
850
867
650
664
852
781
1224
857
604
664
629
670
634
1244
1329
670
1049
820
778
715
1060
1627
1305
1122
1031
1102
725
1081
1143
984
702
1103
784
1033
923
938
731
767
828
1248
1352
1157
939
1210
1161
1063
1856
1463
1281
1332
1398
2112
2898
780
712
1039
889
913
925
912
903
851
911
838
844
649
810
850
768
677
1316
1491
919
1330
1387
1724
1219
1156
1518
1768
1313
1780
1442
1104
759
926
998
960
908
1267
726
905
1014
856
1969
2028
788
845
738
841
2207
2616
865
683
753
650
1786
2391
755
1058
811
1020
1013
987
872
878
828
846
738
710
1022
867
858
813
1014
2192
2187
835
789
993
885
840
826
809
819
837
900
2117
1234
720
669
821
1122
1157
1004
729
716
705
819
2955
910
662
715
754
839
935
2957
729
848
668
1085
1276
1425
736
667
1140
710
1794
1406
731
693
693
858
1594
1408
925
939
872
871
852
935
899
1400
1195
1239
2139
925
869
920
927
964
907
655
660
1732
769
1523
998
609
623
708
666
715
909
1083
912
2659
1381
1531
2244
1129
921
929
793
825
662
821
743
960
1323
2110
1262
1000
808
750
1187
1193
929
941
984
1004
864
950
813
946
763
1170
1329
2235
839
1042
862
851
2583
1769
1076
725
872
666
1355
1793
919
1260
1090
1021
1987
1558
1290
1488
1170
1460
1115
2107
926
1030
1190
1569
920
1140
864
1318
1353
1508
1541
800
733
655
724
971
1994
3110
824
796
1047
953
985
1043
945
1586
1006
1103
926
2020
956
1098
1334
1497
1406
1128
1112
1163
939
726
723
1571
744
657
669
717
656
905
869
676
675
651
1135
1685
1713
879
934
904
1286
703
1480
943
676
758
1292
1531
2497
1289
2118
972
778
766
1484
819
724
625
971
824
916
806
814
688
648
1741
1626
1067
866
825
840
914
710
2344
693
1152
1165
1212
745
780
734
624
706
692
646
1007
1627
880
989
1177
1244
872
988
867
1165
1071
986
1745
902
704
910
879
651
920
1436
8283
1257
5516
2385
1376
1338
1405
1288
1123
1018
1078
741
721
1828
1588
1226
3386
1974
1473
1003
916
678
669
689
650
642
697
669
672
642
841
699
639
680
685
894
922
667
964
630
731
882
756
2017
899
645
699
625
662
880
1206
1520
861
891
1088
1077
985
801
796
2430
780
661
658
769
903
1413
688
1174
618
681
636
851
1118
683
623
670
673
638
707
1441
884
672
654
604
621
1214
906
618
621
648
844
631
997
649
624
620
634
618
1139
1232
690
691
602
603
863
652
1144
854
705
621
596
1054
909
661
708
726
605
824
828
853
847
866
858
636
638
627
911
897
677
659
1278
875
623
847
603
780
1155
847
645
889
731
868
1231
925
848
894
973
779
653
1982
890
712
782
820
692
672
737
682
693
970
2177
676
853
646
861
921
667
890
614
637
618
2454
639
645
667
644
674
1031
828
1482
674
710
943
866
654
730
812
699
607
643
1213
1178
818
1482
828
675
659
616
628
664
646
634
613
834
1026
771
856
671
625
601
616
635
594
759
773
991
681
614
651
684
641
626
646
654
644
783
689
1139
650
615
612
635
713
780
643
634
700
619
1403
1819
1102
988
668
664
888
847
693
1101
751
632
1788
1134
629
652
631
820
649
1898
1775
1156
1085
776
826
1519
1214
722
979
731
673
959
1990
702
635
646
659
2014
1159
654
623
693
756
978
1749
661
605
1251
921
643
1392
847
613
656
615
1786
827
1121
652
624
656
1180
973
874
583
691
619
1594
756
629
628
716
684
621
876
1332
679
601
960
941
1972
667
612
610
734
732
919
707
1094
624
703
688
899
1328
916
588
603
626
1166
1800
705
893
785
696
904
681
732
690
668
882
616
1233
733
595
613
1284
751
616
634
619
629
866
1828
859
710
922
620
640
1015
617
622
763
842
729
1734
663
1021
825
608
875
647
817
621
622
835
1317
797
721
673
3646
1544
1426
821
669
857
994
747
820
892
997
630
644
664
657
951
941
813
732
710
758
1306
812
649
1385
752
710
1223
686
675
606
664
2210
676
918
641
661
847
649
645
729
707
740
1256
863
640
650
672
694
1352
805
658
666
660
1188
650
878
827
624
637
614
880
844
876
636
1346
680
630
933
945
721
1432
1358
1157
1127
1300
937
754
997
1391
691
641
658
1002
1039
897
743
920
1557
868
625
602
630
1311
1908
632
771
637
674
873
1063
1059
873
680
1078
832
1092
718
979
638
896
853
878
582
1224
720
920
608
838
851
