2794
1865
1252
1027
696
610
1105
1062
684
619
805
998
635
699
1142
935
639
781
997
713
622
682
705
645
1093
675
672
638
657
652
674
932
951
666
674
636
629
986
950
776
615
1101
1378
982
863
830
923
1706
944
950
671
873
862
847
595
824
850
711
700
588
792
619
609
821
927
637
883
629
573
582
1318
1789
776
707
604
687
1594
636
587
632
634
639
614
664
578
648
700
696
2006
696
596
618
722
919
2018
713
591
623
864
931
658
670
598
737
776
1806
657
629
606
597
717
876
625
610
664
661
1379
2159
672
782
1255
1225
1744
900
823
1031
958
956
666
718
1484
906
746
810
1107
2025
1155
675
864
666
840
834
1033
1165
866
758
958
680
796
1649
752
772
811
864
1070
884
953
795
890
948
1086
1294
776
2520
827
694
705
1072
1365
1013
886
1145
1230
1164
824
1847
1426
826
657
935
839
1106
672
2777
1065
813
865
1381
1184
2402
1209
928
757
826
730
670
878
1015
638
748
653
1153
919
1004
999
1006
907
913
914
910
859
1040
853
1144
991
1098
879
808
678
623
910
676
980
699
899
642
719
685
681
1502
1224
803
760
782
796
1266
933
962
991
871
1007
848
935
1319
915
976
989
795
759
1574
1344
1184
1058
1065
773
804
750
652
1198
886
669
939
1061
977
1016
1142
963
1403
789
887
890
647
637
853
650
867
656
676
616
1094
679
904
1323
912
652
939
670
860
931
633
827
735
617
631
1634
1535
699
678
642
630
634
1575
1655
641
682
625
651
1238
652
621
706
655
1108
1618
654
615
766
933
1171
614
604
1346
1141
954
934
1025
1380
1290
1562
761
1185
1022
820
796
800
1124
777
830
745
747
1906
2636
1086
1519
1363
2327
1053
863
1067
962
754
1125
993
3201
978
1307
811
940
1619
1853
1220
756
979
1605
1139
1310
1663
1179
1142
1388
920
1622
1094
2410
1287
1535
1577
2396
1798
2464
1148
1365
1540
3916
3111
1240
1352
1389
1385
3453
2231
806
1106
1089
982
1956
1382
1090
1095
1126
1125
1856
1351
1329
860
1320
1685
1424
1398
1186
960
1070
1388
1459
1875
1076
1447
802
779
1145
1356
2902
1146
1244
1263
1004
811
707
758
1730
1879
1041
693
679
698
750
1355
2075
1037
1487
1236
819
1134
896
1342
662
845
665
803
654
1735
665
658
917
694
1140
1173
914
653
650
857
1237
941
979
701
1152
917
760
1423
997
657
610
830
1515
1998
743
713
1023
701
1136
645
661
1096
703
637
1234
622
818
658
633
963
1695
1019
928
1029
944
1141
1098
646
778
810
1280
853
1437
1056
847
869
909
2403
1144
760
731
748
840
1152
856
935
642
654
2129
696
807
643
677
660
1772
1092
723
631
1170
771
701
1397
1123
876
754
856
1427
746
651
649
664
726
1142
683
690
687
1034
932
1463
895
875
661
615
1685
1778
757
1018
684
638
2028
1198
636
688
626
1816
2199
1476
1753
670
2160
1596
1445
927
943
646
651
1033
906
605
646
1039
739
883
888
600
876
633
627
1073
1278
805
895
652
860
897
699
602
607
651
856
906
988
692
644
701
842
1236
607
623
634
648
1775
1466
649
632
695
711
659
1735
611
591
773
604
801
964
1807
694
743
884
1425
1307
1331
1075
1219
1211
628
862
945
3085
795
664
706
625
607
1725
599
1646
1013
658
607
1238
612
637
607
635
1840
1618
889
608
628
639
616
1677
901
822
1755
773
862
639
859
853
846
912
1013
1542
1295
1623
1635
764
759
949
769
1801
1515
688
1051
1405
1040
2559
997
1730
698
636
711
673
922
607
2231
1004
732
685
905
612
992
712
632
2192
1242
747
1664
604
642
908
2260
952
603
1493
576
658
653
878
1126
1657
1099
794
622
848
855
607
831
856
726
614
1408
774
730
684
660
599
651
910
616
1003
645
839
1086
661
876
805
610
664
727
654
730
1063
1939
703
875
642
875
860
656
780
642
820
824
1565
673
893
706
806
634
614
610
635
889
612
704
903
662
781
1216
715
712
633
668
1094
606
854
621
625
641
1259
627
606
609
662
1050
666
1403
744
643
1421
1030
860
708
652
802
1024
1693
774
699
654
644
917
612
592
621
609
1708
1208
624
679
607
597
1200
1092
580
708
596
1309
728
1740
610
569
597
700
1040
598
584
1535
853
817
1140
641
688
618
613
774
899
1934
718
675
649
786
1144
1092
672
683
630
1125
992
1148
729
722
625
646
633
907
611
632
1086
786
678
656
672
652
714
661
815
1118
712
1354
903
761
853
1482
623
833
841
1028
602
710
1156
883
686
967
856
1064
649
686
611
838
934
1717
766
707
697
618
744
972
621
623
632
664
1111
1197
656
667
608
629
1267
1155
616
667
1107
664
641
896
573
657
652
631
619
897
683
1297
709
603
751
958
1522
990
820
761
646
2614
788
607
601
660
667
1454
1180
625
670
816
588
1487
1174
606
601
644
765
1296
626
1507
708
596
812
1318
617
588
628
588
1101
844
1291
640
635
626
786
888
1336
604
714
1329
985
1325
739
740
684
628
1374
1962
807
652
640
653
