3224
2026
1019
1251
1314
1430
1460
1001
928
689
697
736
678
1237
1419
1371
1055
710
662
851
1285
1296
850
1024
1171
724
744
717
867
828
1386
2321
765
719
706
747
697
989
689
724
679
1825
714
722
1122
1163
745
1056
1575
1885
1139
1015
971
1010
895
702
908
696
1105
796
707
678
829
671
703
653
699
680
756
1113
1108
683
678
1792
895
884
660
856
648
1504
1739
753
679
721
656
780
1092
663
737
957
793
833
1337
773
682
656
701
2089
2341
723
844
657
775
761
752
786
656
719
618
2208
690
706
689
678
694
843
683
738
714
1639
880
1548
957
1000
728
780
701
701
1237
1039
693
673
871
676
1256
762
690
1000
951
759
980
994
675
673
800
893
1529
1044
689
671
836
1238
676
672
736
707
985
746
1299
690
644
660
697
1440
730
624
690
840
667
1231
729
779
647
615
890
1059
699
705
659
847
1738
1025
741
751
687
665
1224
621
682
699
668
762
1172
705
652
658
612
651
1141
1036
857
1032
930
961
994
954
896
892
1049
1163
1160
1132
936
995
974
992
1054
1059
980
957
900
998
996
986
1000
867
1178
764
766
1808
2364
734
715
879
997
1088
1015
994
971
975
953
1053
946
1005
1290
938
1026
1016
947
664
1113
1415
719
650
712
676
700
1197
668
678
706
659
684
1127
1059
646
784
690
699
699
1587
960
651
705
646
668
1483
900
694
635
692
636
670
1224
653
676
679
689
680
1599
1946
641
646
612
613
1225
1208
690
784
643
803
767
2377
662
652
664
638
708
1243
886
750
627
690
635
841
960
1362
675
685
679
674
695
1199
661
646
680
675
779
870
1458
849
666
665
638
1428
973
626
634
675
663
1146
2128
671
813
1211
925
1012
1346
2113
1287
995
905
640
904
1412
1008
644
908
926
1074
1715
984
643
1027
749
2206
739
972
803
830
1203
1862
742
859
897
1174
1621
988
1027
778
873
1866
975
782
1316
813
1801
1704
800
1642
947
1309
837
670
663
936
803
857
1096
734
873
1205
1011
998
1051
958
973
957
931
1012
1889
1018
1002
966
1005
1006
963
1021
994
1568
926
848
783
910
862
798
841
751
729
1266
979
1352
982
944
934
956
954
991
1514
1038
775
724
782
938
2056
2734
1300
1109
1382
1290
1500
1970
1274
995
1640
788
953
689
1166
1264
957
754
1036
915
718
640
766
916
2300
704
980
674
918
907
915
758
683
947
692
883
665
928
830
675
1053
1110
650
985
988
896
964
699
919
910
886
886
918
931
659
876
686
931
948
657
878
653
927
1162
847
665
652
967
712
1209
1340
669
645
706
673
1362
705
714
721
655
902
1316
670
756
666
655
751
1331
682
698
654
642
759
1755
670
818
767
687
1080
1544
692
701
709
647
1874
661
640
728
744
684
1288
664
1974
731
666
642
1956
684
691
739
719
1041
1124
825
812
825
704
713
873
967
704
718
688
757
1072
718
686
685
757
869
1249
727
709
712
714
763
1220
718
659
732
691
698
1017
1266
838
799
820
901
800
750
738
708
847
904
730
689
706
684
1139
657
698
702
729
713
1036
894
1132
849
778
742
845
770
693
1036
867
1144
1493
733
947
817
1289
2330
909
1329
1071
754
897
979
861
871
684
671
710
1856
640
748
675
714
1175
1287
686
676
684
676
687
1102
669
634
654
668
694
1025
1377
678
662
655
777
1240
1080
737
872
713
697
899
692
1240
913
949
1033
1416
1418
1072
871
665
682
856
701
1455
2135
1651
695
951
661
651
1256
1205
647
740
1448
706
999
666
625
911
692
681
660
843
1670
975
732
749
715
683
1094
1482
938
905
1461
747
944
866
643
619
903
641
861
856
891
1528
761
664
630
877
667
634
618
683
678
630
648
1357
760
1100
645
846
667
613
977
900
614
626
929
654
920
681
871
606
661
631
916
760
1503
773
632
690
650
637
1560
651
641
629
631
657
1189
1039
697
673
681
697
678
718
831
918
1241
725
815
1217
741
697
733
677
712
719
2248
967
842
843
676
718
700
693
859
963
1200
1009
725
709
905
716
673
688
696
730
915
787
667
692
719
670
732
1243
671
696
1349
975
683
1105
649
716
707
660
668
831
1186
1231
682
670
650
1035
684
645
708
651
1164
1886
719
635
626
952
1062
740
660
682
672
691
1862
707
844
800
816
1451
1083
651
668
632
1251
1321
685
672
859
709
680
1319
861
849
739
1028
1032
993
985
987
992
1063
1275
1105
913
966
954
1058
1022
980
777
695
1667
1171
938
2207
1000
1155
1060
1932
1394
1569
1161
1129
1309
1118
854
1452
724
659
687
715
912
889
2325
1266
1234
1029
799
1727
910
865
913
945
1053
936
1221
1124
844
913
1400
899
1994
1577
1240
711
713
910
1139
717
925
754
687
1891
2007
685
664
654
1168
1351
943
687
669
625
681
1055
1114
709
1435
743
693
688
1996
668
971
673
649
675
1985
841
840
736
780
834
1466
1187
969
1256
1114
1066
1154
981
913
921
1029
1764
795
889
750
856
1008
2695
2853
1025
