1842
959
875
674
600
919
682
1594
1583
939
638
740
818
1650
634
634
628
603
1685
1677
738
650
611
885
903
1237
669
647
649
1869
1365
858
601
1052
790
695
1276
1191
1775
788
745
742
841
966
629
711
618
637
610
1160
802
654
642
652
625
888
648
630
741
1199
2407
946
1009
885
851
711
994
873
664
627
1358
651
911
867
635
633
989
2204
1400
801
758
915
1012
686
624
654
637
643
1041
1357
826
603
832
1146
1067
2077
663
632
637
664
1933
1758
1396
749
622
934
838
860
657
632
612
589
1421
702
625
619
619
716
1096
576
638
584
675
1542
735
916
841
669
687
921
849
847
915
1800
1043
807
722
970
1600
870
892
821
960
2349
1016
898
939
801
825
930
931
537
634
1227
645
816
593
772
804
809
636
894
600
910
1494
700
656
630
640
597
606
621
618
639
622
636
598
733
1114
692
719
701
644
606
611
650
656
646
1271
2196
646
620
677
673
1228
1813
591
862
763
1078
897
770
1482
588
607
594
607
725
2075
644
609
662
586
595
1372
759
593
701
652
839
1138
989
901
762
896
843
809
874
868
901
911
934
916
914
882
925
882
935
994
910
898
998
941
903
940
835
813
897
952
855
787
933
698
709
640
710
896
878
945
661
656
691
730
677
672
662
934
2018
2066
653
990
597
666
610
1045
626
639
604
646
615
891
1255
613
614
585
622
1293
1047
679
621
614
572
1273
620
594
718
600
1333
820
635
609
597
1187
617
590
591
603
715
1448
732
666
605
603
1159
617
617
598
715
1117
611
599
601
626
621
1265
1153
593
606
563
592
1134
632
636
678
588
632
1004
623
710
709
621
759
994
578
634
679
597
1159
1121
600
574
623
595
1382
702
595
645
623
825
1198
643
637
583
787
646
1238
638
661
753
1087
938
1252
1052
704
897
677
1148
2518
874
1075
661
757
2235
801
715
818
1175
1010
660
832
884
822
912
678
931
1429
798
923
1001
948
1423
1412
1013
855
898
1122
1493
1817
984
1075
1265
1032
1790
1527
1160
1064
771
842
2753
1607
734
735
678
780
1128
1180
967
1115
923
936
1833
1382
903
875
799
840
1007
2352
842
699
789
743
827
2316
1391
929
998
951
1022
957
845
864
861
1420
969
787
773
745
750
718
747
1016
785
810
1067
1057
2035
1057
1039
847
732
944
1159
1833
1524
1334
1169
1277
1656
1590
1602
735
918
857
2666
989
875
1921
761
912
806
749
816
617
623
757
1068
714
1396
807
912
878
1100
648
635
639
666
1698
922
609
663
648
858
1059
928
647
639
684
638
753
1410
694
617
655
615
1126
1446
606
616
640
656
1126
1163
819
841
871
598
1080
977
1123
675
664
664
1127
1307
835
881
640
813
1034
724
600
603
670
661
865
1471
681
676
647
783
1260
619
612
627
646
673
1348
632
850
638
674
628
1339
598
656
626
605
844
953
779
655
627
669
721
1183
623
726
645
646
807
768
926
872
592
675
802
874
663
587
662
827
764
1106
598
710
624
633
1438
1353
814
628
598
645
593
1082
1266
571
623
632
615
1192
1243
837
832
848
588
591
1188
626
595
690
753
852
1246
851
706
890
640
692
1119
887
852
601
623
656
621
1213
1220
647
736
629
620
874
872
801
863
649
608
587
1062
1318
647
604
677
714
632
1326
1059
635
643
727
606
714
897
1268
843
655
672
642
1308
1156
843
866
689
731
799
1571
910
724
671
1089
942
856
817
657
800
609
655
1010
1418
636
728
649
755
1162
909
818
608
625
659
2828
649
639
633
647
635
712
789
707
675
641
792
668
668
1098
773
779
779
639
760
1052
1085
690
785
693
767
780
773
730
632
670
622
626
902
1796
839
1037
868
746
805
976
678
631
612
649
960
1062
1197
897
656
647
608
894
1214
858
1241
1651
898
817
1014
620
661
641
642
1305
616
621
1828
723
848
684
600
626
749
871
969
1441
883
653
605
1196
920
811
688
616
812
1795
672
840
809
581
594
1212
622
705
647
616
769
1144
602
625
602
637
553
819
578
706
613
787
1526
1359
684
828
609
645
639
735
783
796
790
1652
627
824
714
847
1014
724
878
731
1597
895
899
673
742
1525
1011
696
672
646
861
1230
2009
750
905
764
617
632
1339
824
941
1121
833
880
857
874
830
844
612
609
1224
661
618
1052
682
667
1376
881
687
605
593
1149
590
857
1266
742
682
869
1122
581
600
622
591
984
2006
726
605
642
615
832
831
1239
755
719
780
963
1373
798
593
620
584
686
575
1966
1304
689
609
670
1189
1185
777
760
725
689
836
2219
859
829
834
595
872
862
596
587
602
774
607
1183
711
632
583
683
1367
582
832
588
576
898
1762
634
601
595
653
1306
763
586
613
655
631
875
2350
647
645
661
629
627
1384
602
600
704
1341
1582
854
657
606
643
617
778
1426
607
583
742
590
799
1415
646
594
610
1043
617
1101
903
688
647
610
820
1054
828
617
606
