5122
1344
772
734
896
643
867
1509
1164
984
635
630
664
941
622
742
873
888
1393
1047
765
637
885
885
947
634
850
693
1953
938
664
750
767
1203
673
614
767
842
2488
700
672
1017
1721
1075
674
1109
1275
986
651
716
667
817
1597
635
620
800
1630
685
899
653
876
894
900
640
871
660
894
1271
725
739
1398
669
717
703
674
649
865
1500
819
775
714
679
1771
653
664
689
815
1590
1017
622
658
690
704
993
655
645
672
1048
1093
1087
766
785
662
696
667
875
1013
1156
883
828
817
1278
965
715
647
679
664
707
910
828
756
888
2447
2106
666
679
731
1157
882
824
640
638
666
724
688
696
656
1528
824
1052
770
727
712
836
720
1008
1016
786
1422
698
677
765
749
898
730
1026
655
742
1024
1637
840
815
707
644
691
646
645
677
739
670
1446
908
727
680
631
1156
887
757
699
1371
697
2063
944
1021
637
661
624
707
1104
1597
820
785
809
777
808
918
1271
892
1107
838
728
802
844
938
725
754
769
743
1010
1131
965
864
849
791
899
909
766
799
773
754
1170
875
779
894
768
738
745
713
672
1029
739
786
813
1007
956
1007
982
888
884
891
892
1029
953
924
909
1162
1102
681
670
644
629
674
653
717
708
885
638
653
684
661
1754
1181
783
880
899
1153
1130
1161
1139
785
777
1262
1106
1508
1354
1267
1114
694
748
913
1427
1906
997
984
928
947
1639
1123
1172
1041
1133
973
906
929
1357
877
1043
1018
929
912
1457
954
962
850
774
1061
1269
1237
760
1075
787
761
2356
1027
1027
1187
883
1267
1764
1140
738
1026
759
700
752
645
1236
704
661
761
620
980
1034
952
1246
1390
1100
989
1509
1738
1092
841
1307
776
883
1853
1053
880
722
714
1243
1685
740
682
879
759
1304
784
846
695
1396
1621
2563
1021
1333
1134
837
1441
746
1139
1151
1053
2636
1010
920
1519
828
1063
1445
1287
1588
1762
1943
1327
1044
1043
949
1511
1304
1399
1090
855
836
1029
1049
1275
2097
957
903
889
858
1324
3481
968
1017
1005
975
3044
2316
1060
994
851
998
3375
945
915
1206
1154
1075
1141
1808
1271
1055
1178
963
2148
912
1330
1040
1205
1635
2050
1689
1633
1084
1166
944
1439
1154
985
905
1075
1628
927
889
884
918
905
902
917
903
1060
837
938
1084
745
792
840
749
1028
2294
743
820
821
4454
1447
789
1091
953
1142
820
1024
1344
1035
917
1207
848
861
2156
1257
1437
1364
1251
2812
1676
1698
1151
1282
887
1784
1342
859
1054
676
1243
1252
881
855
893
1058
713
1296
865
953
815
792
839
1323
913
721
900
724
783
1213
894
767
919
694
899
744
686
888
920
691
927
894
687
865
991
994
1931
664
667
654
728
826
1796
879
873
729
753
713
1314
1339
673
970
781
674
1059
1566
680
646
851
865
1156
1218
819
726
705
677
1025
1421
692
660
637
685
1421
1228
642
658
711
1031
751
781
854
647
961
967
1636
1846
721
1026
721
705
671
685
679
752
689
651
1217
1467
1148
918
934
677
935
1755
659
678
641
1273
1505
665
661
676
654
1239
1173
622
650
685
715
1073
1780
692
621
634
714
1095
649
763
682
619
613
1107
864
771
656
938
1008
1526
1111
1177
904
1177
670
769
621
613
625
2688
1070
685
747
648
754
697
672
639
794
711
1021
755
644
714
686
765
666
716
1434
846
725
1460
793
896
755
1070
708
1271
1146
790
1409
999
1006
1004
861
724
986
682
918
1229
779
663
767
947
993
647
641
627
629
677
2184
640
617
628
658
705
1251
1800
624
1131
694
734
954
1093
639
652
665
643
656
1905
801
703
681
661
750
805
1069
675
688
668
686
1157
699
894
611
613
684
687
650
1026
620
732
1463
709
862
1015
1438
680
633
625
691
1666
1513
715
718
672
629
821
1525
821
1022
634
617
650
652
1310
749
627
689
674
654
1433
1214
635
752
672
669
654
976
1224
687
651
1266
718
677
636
689
681
648
675
644
844
1235
992
600
650
663
648
922
1171
646
685
672
1228
808
646
755
647
621
658
670
670
1043
718
982
758
637
671
1136
692
647
870
705
832
775
1823
677
650
733
638
943
981
699
660
650
656
1761
620
628
655
626
1398
715
782
626
702
1343
1285
667
660
650
736
1350
899
1224
966
1432
876
1408
869
736
1008
860
657
635
1288
713
918
1088
1353
710
744
661
660
1268
806
1150
618
627
685
1184
799
682
606
664
837
1852
708
983
677
636
1585
1120
631
705
687
623
2400
692
720
738
715
648
637
657
661
678
1270
1013
1398
652
630
754
636
661
842
646
650
1736
784
826
867
665
657
645
653
806
832
1263
731
663
692
692
657
647
666
654
703
649
1483
737
620
672
697
742
884
659
680
631
676
1456
1281
662
647
695
677
709
817
722
646
685
903
1585
724
734
702
660
657
664
640
640
758
1253
822
1947
777
699
684
654
660
673
1368
826
1331
673
658
669
675
649
677
733
640
681
1724
782
823
653
665
859
682
622
650
661
736
1181
1469
863
854
