3004
1875
1048
963
1187
1403
1534
919
1131
1279
936
848
2679
1478
1256
790
865
888
1551
2133
873
777
830
955
1540
1673
1897
1146
847
1380
1016
1011
772
949
1994
813
1421
754
790
741
670
687
745
675
1240
739
720
705
978
744
690
680
682
714
2159
749
670
702
647
762
2355
665
762
1015
902
677
1910
649
644
598
653
1442
1322
766
1374
752
934
943
962
616
616
640
1043
1217
1002
783
675
901
657
921
1312
648
628
644
1489
719
1587
644
865
846
861
878
660
655
610
1056
677
652
613
655
663
679
726
807
1331
640
1050
816
635
1272
1206
654
627
749
680
669
1900
820
641
1005
617
672
719
675
642
647
654
1094
1623
996
647
725
621
895
1748
666
632
1420
769
1997
635
628
608
675
966
1548
622
667
735
634
701
988
659
666
627
646
1016
629
697
1075
678
1148
1094
859
655
655
778
762
1304
861
635
660
766
980
1426
768
933
833
875
930
971
876
885
919
969
931
950
890
923
1053
901
921
925
1008
962
934
881
904
907
917
878
886
709
841
705
695
723
652
841
884
2433
2084
1403
670
725
706
1414
2528
692
683
723
683
877
2384
680
916
1082
651
724
1353
665
609
642
679
758
879
849
781
644
692
677
858
1178
876
699
908
644
794
904
870
854
868
958
967
754
1870
803
755
757
700
627
955
1358
833
657
643
669
1375
1089
842
657
663
652
742
828
1201
765
710
647
653
873
1352
830
637
645
617
654
1223
1226
808
650
614
651
829
1465
887
723
706
621
964
2589
1899
641
608
645
667
760
1027
1133
860
616
631
623
842
632
845
607
680
685
600
1038
912
614
635
712
1083
1017
1296
1752
954
698
1030
891
942
2135
1205
1066
753
1042
1023
990
1610
1025
676
989
936
891
971
697
968
795
1032
970
1162
865
1029
854
644
1185
882
1368
1048
664
1121
879
1226
1054
1086
955
960
1662
1108
1499
989
1265
2353
1837
1464
1199
988
822
1241
693
706
692
956
1005
1111
741
688
982
873
638
731
788
832
1504
844
847
766
737
640
859
1132
782
790
1701
798
977
993
898
871
841
817
959
1590
780
692
687
1076
1629
1987
1132
1236
1002
1507
1553
1177
1120
916
1236
1076
1895
1089
915
1101
1453
1627
889
802
875
648
798
1433
931
642
672
1123
746
1480
940
644
667
671
700
1411
1145
713
738
748
712
817
1163
684
643
665
730
650
1380
714
653
692
648
1115
1274
685
786
637
645
1167
1387
884
667
623
861
904
850
850
1343
974
677
1030
666
624
786
624
631
754
848
968
652
650
663
1002
1203
586
643
672
680
693
1718
613
747
725
680
671
968
642
643
681
698
661
871
858
828
2798
1171
4296
1230
857
803
709
882
926
836
661
686
654
652
804
669
683
688
695
686
662
663
673
687
699
698
772
1151
710
659
840
662
1006
647
680
674
686
660
698
715
680
694
699
787
984
733
709
685
853
1882
967
649
699
685
675
1272
1166
756
660
727
726
1198
785
643
628
651
623
1090
1236
707
753
643
618
1267
1248
731
641
612
617
1411
1173
635
637
761
624
1427
1351
949
732
1017
1049
1063
865
970
746
692
738
2314
685
655
612
687
689
1521
1881
618
634
649
747
961
621
692
688
649
662
1255
626
867
876
807
1256
1487
643
708
655
649
638
965
654
663
699
640
626
1201
642
750
664
635
658
1565
640
704
616
634
697
1664
601
662
952
834
2564
1986
950
888
1217
702
1854
2426
1149
726
674
744
875
923
1496
623
1618
727
623
2069
820
651
627
625
702
1427
1869
636
710
677
937
680
1218
614
724
1339
681
591
2061
1136
646
776
1010
974
1662
1105
659
736
632
630
623
619
1255
591
621
714
925
629
625
1106
603
719
657
649
663
931
1444
1208
1132
983
844
1115
919
1006
1003
1669
836
881
805
1501
692
775
1188
1557
1030
870
786
681
663
636
971
2279
1014
694
648
714
933
886
2223
662
1390
753
899
1418
1368
708
702
718
688
1177
771
1166
1052
942
1292
794
1040
1228
928
846
954
795
920
1488
1919
1110
880
839
1030
1499
2111
722
1295
851
811
980
1176
754
956
1238
1430
1024
916
1080
1568
1144
677
803
2357
2436
718
655
683
652
1070
1356
1787
751
691
669
588
2062
2504
756
918
1062
909
962
920
1140
872
1300
761
745
755
982
884
871
892
1793
1404
1035
921
981
2390
880
648
1478
1339
860
898
967
1117
1169
878
1301
1030
1162
758
1041
1267
1535
893
1559
1028
883
791
964
942
927
763
954
1961
1087
936
781
721
1077
1023
999
759
687
1088
1120
776
1490
764
1196
1410
2111
1316
1391
2036
1011
1649
1441
1328
1066
2153
1240
1396
1317
1153
2315
2244
1286
1095
1206
1569
1524
1854
970
1188
1293
1627
2080
2604
927
1262
1219
2067
1227
1481
1038
880
868
1704
1352
1721
800
1165
835
921
1388
2898
1037
1441
1014
1388
1520
2321
1276
1521
1045
862
856
2043
1203
852
789
856
835
810
929
1130
1436
1004
1185
945
1002
806
983
1048
1719
1723
1258
1113
1111
830
710
778
3405
761
1154
1115
