2770
1323
1302
1418
3007
1720
1909
1277
1622
4866
1128
1129
898
1121
970
3146
1403
1220
1145
951
825
936
751
1660
744
790
1299
880
2062
3467
1113
1011
1072
904
1371
2943
871
1117
1201
1004
745
667
1089
694
1696
908
763
902
2702
841
770
877
635
975
2227
1345
910
905
1051
1271
1802
1213
877
745
649
629
3104
1036
734
883
1149
915
892
878
2048
1309
1346
1170
705
663
663
692
1224
2842
1049
991
1360
673
1654
673
625
2370
1032
699
2205
761
911
718
2031
921
1271
910
676
676
884
669
1466
1525
825
648
1020
1099
764
827
661
730
1206
1794
657
635
689
697
672
914
1518
872
678
703
862
771
1681
870
719
758
853
1276
1903
920
1006
1010
689
872
3054
776
815
791
612
638
980
657
925
1364
1420
1236
1004
1189
1096
1365
1487
1364
1092
967
1099
988
1415
1752
1706
1161
879
1462
1078
1116
1069
2011
1126
914
1343
1839
1197
1731
1415
763
671
2518
1394
713
729
1151
1206
1242
1952
1317
1261
1823
1644
1837
2015
927
681
1008
886
1727
1001
930
696
711
626
654
1298
764
695
956
984
798
1977
2156
663
669
664
1054
1102
1854
815
1128
1100
1174
1658
763
674
673
624
1054
1131
1172
650
614
1123
921
1678
711
1088
703
1170
866
2374
740
703
1122
1279
907
1177
1485
687
654
1261
1256
1081
1672
1006
1163
876
1016
1535
1121
734
742
1229
1285
2551
772
775
1400
1340
833
1361
936
1132
787
912
1621
2296
1124
1154
1283
807
1965
722
778
806
1423
3039
1539
952
754
798
829
1936
2158
1115
1021
850
1004
946
2047
1494
1034
834
886
2638
2462
1046
665
718
1131
882
3108
1056
1113
838
1622
2216
1449
1436
2787
1450
1672
3575
2557
1506
1481
1826
1389
1957
1825
897
1845
1259
966
2063
2517
1216
825
1047
958
1061
1389
732
745
743
994
1828
715
822
704
722
674
3269
1266
1223
1181
1105
1073
1673
796
654
677
645
848
2012
1105
1327
961
682
671
871
1375
950
913
777
759
889
1907
730
695
720
921
1063
868
2341
876
803
1371
802
763
2584
1149
692
680
654
676
1550
749
640
665
1305
1120
717
874
1330
742
1094
696
650
704
1411
826
666
760
836
862
2578
2874
997
907
935
1856
1364
1444
1188
1584
1190
1178
1081
1745
1603
810
748
1776
1068
1004
1219
1154
689
661
1794
1097
1049
946
638
647
687
637
1217
1422
1311
900
796
926
1162
899
1661
823
2130
815
946
2224
656
639
642
1231
917
1114
909
739
1693
3266
1166
728
895
641
635
654
695
682
1407
677
1378
725
720
629
1028
696
1304
1907
1761
1110
740
619
825
3963
649
1244
1376
688
639
740
985
929
742
731
652
1471
964
681
640
686
753
864
1101
675
631
866
1242
660
610
1419
827
678
628
628
935
1622
1076
1020
700
937
668
936
868
597
774
786
2135
1133
749
649
711
689
1245
746
620
1371
774
1047
1311
710
640
741
1154
654
664
828
944
999
1731
741
698
643
641
1361
1917
682
665
706
661
662
780
653
665
623
1323
1011
1487
892
663
633
651
922
736
641
661
1184
721
681
878
666
676
647
687
739
886
673
1349
623
742
854
633
839
924
747
980
1394
1194
906
861
1284
848
1343
863
651
1507
825
957
759
864
650
644
727
901
672
1920
756
623
635
614
662
666
674
630
650
1239
1320
1130
1015
735
629
1399
697
661
671
670
2098
1015
823
710
701
734
838
1386
699
660
616
1318
1570
1268
642
626
671
898
1204
2000
1624
752
643
647
667
719
608
622
673
836
640
623
1254
709
614
650
666
641
644
877
758
924
1447
808
776
659
604
641
673
803
629
654
610
602
1217
1059
830
610
619
595
1264
652
648
634
1206
833
1139
896
775
740
653
668
640
642
794
722
1196
832
695
695
619
672
652
1177
1087
641
968
902
737
1061
1073
801
906
1286
765
978
2298
714
730
959
764
819
708
684
648
706
893
1570
1245
1077
654
905
704
1286
720
863
1354
754
673
645
1225
764
638
635
663
671
617
1342
817
743
654
648
639
646
604
637
678
692
2576
692
640
613
700
1405
872
854
631
625
668
2213
669
639
615
706
1057
1182
616
623
951
888
1799
670
613
594
695
1080
1109
628
705
736
641
669
1012
617
664
663
625
661
1380
1180
862
650
607
892
606
623
665
691
606
671
1633
769
700
723
847
825
640
658
684
655
723
1341
729
634
623
595
623
864
851
826
885
616
1729
812
632
1297
862
818
606
715
776
609
646
1394
952
870
854
603
605
805
583
675
821
892
1619
956
723
630
620
835
1422
738
659
600
889
1298
1844
883
1047
724
671
1088
1356
765
1304
919
687
784
1124
1556
722
902
817
775
1187
1114
1002
812
952
626
620
646
839
824
874
1190
845
1099
694
605
606
689
636
668
704
959
1078
785
676
644
644
765
1060
1057
817
1324
1224
1133
1253
1183
1111
1074
1158
1488
1239
1823
1051
1461
1438
1263
1341
1031
1893
1664
1828
1581
1305
1922
1398
1280
1682
1501
1261
1106
861
742
1123
921
1000
1379
742
1122
2251
801
677
614
976
2177
961
994
1226
860
750
733
941
1849
1328
2703
928
