2259
1481
1181
677
789
2138
1131
659
632
632
679
654
679
639
670
1641
2577
821
709
661
660
625
987
790
1748
790
651
693
1306
747
991
675
902
1332
708
882
685
746
724
844
997
2228
657
916
887
871
883
845
698
835
904
1066
677
612
647
636
860
853
844
1083
816
676
1328
723
644
674
633
631
595
822
708
1859
653
1174
689
908
625
834
638
656
653
869
880
881
882
650
679
728
1431
1738
608
644
618
647
1862
658
627
693
609
800
1044
635
611
981
801
923
2081
664
668
658
860
630
1284
1209
1019
681
643
1304
802
763
634
679
650
723
1401
1100
637
694
838
1260
775
730
605
620
851
929
911
747
663
735
686
899
603
864
745
627
904
1430
905
808
708
683
1209
1257
654
905
627
652
1128
1998
613
767
632
974
750
2127
605
660
664
1133
656
2078
612
648
607
865
811
1852
1098
1261
690
691
1018
1265
706
677
643
635
1235
1500
715
1153
917
835
851
808
762
849
1167
777
2560
2182
707
785
699
1217
774
885
699
717
734
765
765
781
761
1041
866
905
837
808
752
808
717
1028
941
1063
987
979
1029
789
1021
1381
1510
984
1142
836
802
799
767
858
812
874
966
698
1476
699
703
681
697
1946
2060
844
755
688
658
1273
1190
670
733
704
960
2244
1541
1142
725
712
665
665
1167
919
733
652
715
681
634
1202
953
714
714
647
903
682
1010
949
735
692
680
702
681
649
1187
679
648
625
651
627
1283
1741
653
655
663
631
720
840
1382
616
621
643
637
656
998
699
642
614
764
803
719
834
689
654
720
921
870
665
629
642
632
783
646
648
1081
925
684
744
635
627
709
1134
830
688
640
656
640
631
1123
984
715
658
948
914
864
671
1120
771
971
711
812
1043
893
1785
1261
971
679
948
1007
1201
1035
929
685
1034
1158
910
1446
1728
1676
784
755
783
877
1376
1658
1018
746
867
801
1942
1558
972
1198
1074
1048
940
1643
1343
1200
985
936
983
992
1166
1188
1673
1351
1491
683
1109
2530
1416
952
1041
999
946
1025
712
685
1477
959
787
972
1603
1694
811
807
1153
729
1651
2471
748
785
723
1625
1094
825
835
921
1817
932
1082
1665
1007
780
865
2100
1379
690
1231
1270
1510
1254
1392
774
1195
827
3649
1341
1416
2769
1561
2619
1421
1383
3367
1922
1235
1687
1556
1016
932
792
784
813
906
912
970
1012
1298
1155
1042
1135
1003
1059
1049
738
673
649
701
779
893
707
723
677
676
685
699
697
665
650
668
675
688
762
706
710
676
665
698
675
647
645
683
1745
691
664
830
716
1038
1498
728
687
659
629
1222
906
665
663
677
626
1420
1300
672
637
703
667
1448
1133
674
640
670
625
1157
1183
702
837
778
692
1354
1008
672
735
673
695
1132
1881
836
789
699
687
821
1136
656
683
682
652
699
1063
1334
646
645
657
710
1257
1920
660
853
667
666
1218
1162
682
656
633
676
1089
1245
635
683
635
687
1036
1219
664
656
667
673
927
1232
769
654
664
751
822
1008
760
999
666
707
930
1156
667
731
624
655
792
1421
1741
949
681
679
720
691
706
1005
643
624
846
628
775
695
636
869
1002
655
937
655
969
642
721
659
793
660
701
1016
798
965
601
625
616
850
956
636
887
730
622
859
713
2061
670
619
628
661
852
1097
681
650
1000
881
876
2286
1147
932
1552
1078
758
722
683
631
659
661
651
641
649
654
1694
785
627
696
1004
645
967
640
978
670
1230
677
723
622
2129
818
688
614
656
1839
1082
1027
976
1059
996
1004
741
1015
1349
1243
914
1005
934
977
955
1165
823
884
1304
898
864
809
821
983
918
1153
765
744
663
864
1655
687
665
709
754
1612
1927
872
723
641
638
1620
1045
864
615
935
694
672
1716
863
617
776
681
893
1417
890
645
930
636
874
897
642
837
614
823
878
941
863
855
880
621
642
769
1120
1996
649
1371
717
698
1247
1847
635
606
683
680
896
851
1677
761
669
669
615
643
1673
1263
1735
720
629
671
698
1870
1675
728
688
697
1276
730
2274
705
725
709
759
773
1441
2432
762
745
713
724
1213
1693
693
682
1481
675
758
1659
2085
879
658
622
652
1003
1888
919
853
724
645
909
621
851
702
864
655
1231
707
855
806
772
789
785
803
828
770
795
810
1137
771
1350
1770
686
707
647
635
700
1985
1071
706
633
678
720
1243
758
655
707
1391
764
616
2099
860
706
637
614
986
746
1678
914
669
651
629
869
984
858
656
867
639
1614
737
717
623
630
645
636
1766
967
644
1214
749
892
742
635
835
670
842
659
653
627
644
747
840
1282
892
657
632
632
1222
916
627
1194
685
1670
1012
721
610
630
803
797
615
751
748
784
737
1280
691
639
624
757
1097
1061
727
786
614
873
1599
1524
715
667
661
831
2084
668
671
627
716
627
1119
659
636
670
661
1525
709
640
673
697
663
1903
1395
707
897
1139
873
811
823
648
660
930
693
1055
647
749
1273
711
1190
1642
614
614
647
