3492
1762
1216
741
678
680
1310
645
629
613
1349
1242
2457
677
617
634
663
625
1077
1192
1334
907
768
607
599
1268
848
639
671
717
1283
1301
1225
1257
819
732
797
1039
1631
1805
700
740
648
709
614
1118
1232
1439
701
695
659
634
1279
622
627
655
655
1380
1080
1354
657
656
887
645
692
1081
671
890
780
652
790
1059
1142
889
1753
650
631
878
1429
625
658
657
613
606
1184
595
611
628
870
886
1258
818
646
669
649
831
912
886
2023
770
631
652
657
922
918
746
831
671
1148
627
1458
1296
1209
689
789
687
1807
1004
729
629
656
723
672
1016
656
669
639
1093
766
683
670
634
666
671
751
617
846
1411
777
907
870
1162
1175
693
683
684
755
1207
1504
702
632
717
635
1243
641
625
667
694
1178
1031
1010
645
697
662
1350
634
688
631
723
710
1192
661
668
627
656
740
1176
638
653
699
676
674
670
629
640
769
837
801
970
714
654
768
981
1038
847
1048
808
1020
1020
907
1065
894
1186
869
816
961
981
944
1016
1140
873
755
1194
814
819
799
897
908
746
1033
955
897
909
930
987
928
960
974
1014
923
930
945
892
953
897
1054
714
823
759
659
631
658
677
657
636
790
659
1287
1168
653
668
743
638
1045
1336
676
645
848
875
1469
1062
833
659
656
718
1482
972
638
707
663
678
1161
1491
689
628
621
664
658
2137
611
610
676
644
1183
1278
674
662
659
641
645
1973
635
634
631
725
769
893
1390
649
643
771
688
1994
787
633
656
694
697
722
991
672
730
650
659
1184
1136
638
713
752
774
1088
698
660
783
677
660
1124
660
674
658
704
733
919
1405
1008
1107
732
729
661
803
657
668
729
726
1220
669
818
877
652
1017
1824
1166
1036
691
1383
889
1794
1157
679
829
862
1678
1589
1123
693
1139
847
977
1011
709
944
1033
931
1044
908
896
837
817
1442
1163
1041
894
848
1072
1568
1711
1164
1010
1238
1234
1265
1162
1118
1082
1148
838
1265
1346
1085
1144
1831
1524
1464
970
866
705
851
705
842
1620
789
1121
1918
931
858
1614
1031
990
1024
952
2605
900
797
788
779
952
940
2240
1711
857
850
973
1112
1352
1388
1324
1060
1214
1629
1193
1196
682
917
1900
946
946
1476
698
716
951
1611
916
826
1225
3237
1058
977
832
1103
808
727
715
752
714
763
772
704
630
707
1119
1592
1068
701
732
730
886
989
2167
687
1017
686
705
2150
872
661
656
658
646
689
951
1859
944
775
629
659
642
2104
625
724
657
650
672
2151
1343
638
636
625
730
610
2066
661
659
670
638
842
921
2039
622
697
640
638
1615
1677
675
642
633
623
666
2441
732
630
643
613
687
2215
1388
634
637
667
666
659
1699
1695
631
616
629
669
2045
911
643
646
664
634
726
1829
1699
732
744
662
647
1409
792
683
634
647
665
661
881
1706
651
656
633
632
630
1045
827
640
882
675
906
1322
1142
868
650
620
845
1128
695
638
705
671
652
689
807
1245
1069
623
642
644
650
641
637
640
661
635
647
692
1180
907
633
658
595
1025
1150
972
691
628
610
898
1999
671
774
969
1035
1199
1911
729
755
819
782
749
736
697
714
809
843
645
675
654
656
1154
1188
680
665
632
662
1333
664
636
724
663
623
798
673
642
653
660
637
682
720
627
897
696
646
663
633
672
637
648
674
981
653
629
824
700
631
789
621
717
633
901
939
617
616
1538
629
843
853
865
865
859
870
650
872
941
1240
996
1024
1223
1235
1083
1279
1012
772
634
657
660
641
645
706
653
708
869
2147
1298
639
818
1456
645
646
628
615
981
2648
1138
918
1150
921
939
851
882
1414
954
946
693
636
890
637
895
603
849
691
960
889
778
1777
835
628
656
616
627
1106
1348
890
712
652
823
1433
637
682
651
780
1913
1699
911
673
655
632
687
689
623
648
671
1184
751
1245
937
747
721
653
760
1270
689
1476
751
649
677
636
655
662
664
870
651
659
1233
784
740
727
1069
1397
652
623
637
720
1412
924
623
631
636
697
1144
701
652
618
651
820
1141
1898
650
611
1351
671
836
1853
832
638
695
697
1965
1260
652
644
658
1230
1581
953
629
683
649
702
1623
1374
1320
685
668
649
1134
1029
914
690
745
1193
833
898
791
724
754
814
952
935
856
1495
1077
920
897
972
960
956
861
959
1518
1995
692
686
654
649
714
738
637
713
1380
990
936
800
693
690
959
1495
1434
847
632
638
701
1192
715
695
645
639
2041
700
631
644
673
740
1372
1344
639
668
827
802
1264
1835
621
615
605
735
939
1354
860
689
622
867
873
2085
745
667
1191
912
1269
654
642
682
627
659
760
655
714
749
716
650
710
819
1302
740
664
700
696
1871
1476
678
673
666
670
632
651
673
625
675
649
1067
1700
632
638
637
648
746
1276
658
641
1030
734
688
650
1062
699
719
801
749
1815
1886
835
794
784
1086
839
1549
1071
1041
950
1232
974
851
1790
929
636
905
1239
883
682
1643
