5001
3209
898
1010
867
2288
784
592
605
857
658
822
846
623
646
877
713
1572
656
864
864
630
790
628
854
849
886
603
913
660
598
623
614
615
703
875
1305
897
1130
1353
1471
1244
1673
715
726
738
1129
1177
1473
1071
1023
858
811
1467
628
919
1227
659
653
1575
1315
603
595
643
638
1780
1513
649
649
580
610
588
2298
590
617
1476
637
708
1565
1685
594
628
625
584
2816
910
651
693
617
760
1254
716
668
611
637
686
1802
1375
633
858
658
863
843
950
626
826
636
1387
768
707
726
650
617
730
891
653
611
634
1139
1137
675
592
573
605
826
819
632
874
826
1236
652
902
799
614
614
616
632
1531
763
604
954
854
729
1714
803
594
639
593
622
610
622
1251
676
612
565
826
599
707
613
641
669
825
987
1459
762
626
857
615
875
932
1034
899
783
1896
1227
632
658
639
660
891
1361
616
632
722
985
861
1224
638
724
620
854
801
647
608
1283
973
916
927
970
890
910
877
952
1168
1001
640
786
628
2310
808
634
819
1510
768
755
2476
955
973
896
826
835
1201
666
875
882
909
663
802
908
900
637
1038
1066
863
873
865
856
877
843
798
826
1115
883
877
773
602
725
703
652
609
634
591
682
716
1278
693
623
643
627
612
999
662
606
664
622
645
1036
720
672
609
653
610
637
761
1235
649
629
734
773
606
950
955
684
628
732
657
805
780
710
608
814
652
613
1034
1303
628
615
625
801
686
1070
898
586
632
786
782
998
1018
889
2045
721
736
1556
1210
873
929
910
837
1030
843
857
1005
720
635
767
892
945
1267
1003
724
698
771
618
1207
846
872
642
579
1182
836
598
609
600
669
874
1000
600
768
630
587
718
908
1320
814
625
619
638
1264
1126
618
626
928
769
685
947
1255
692
859
654
925
1160
780
857
707
729
627
2156
956
721
950
898
1729
854
928
1319
954
1063
1464
1043
909
961
1042
1597
1210
1316
1107
969
1161
2065
946
947
1187
1009
2063
828
848
803
1208
1878
2512
1127
1007
969
947
2746
1764
755
747
733
862
2583
1387
739
707
786
967
966
657
857
1147
763
1389
2630
940
746
752
1124
901
915
727
740
758
1297
1572
1810
1258
1300
1030
1219
1436
1485
1086
844
753
1141
706
626
602
653
613
791
1768
1193
754
667
686
1184
1140
883
802
867
1240
1040
1093
940
814
1007
1155
872
1556
730
611
650
727
1095
661
677
617
666
1117
1811
680
593
608
623
1387
602
585
614
583
693
1496
645
616
606
1165
884
2001
584
631
623
1135
910
1145
887
610
625
633
1175
1170
834
606
801
652
1147
821
707
813
634
618
928
804
586
815
990
1093
1069
613
661
638
680
1079
1255
800
604
725
762
1083
1228
851
626
602
650
1390
819
789
943
659
963
1877
715
774
735
763
3342
1499
1364
825
895
847
2627
1869
1371
1022
898
1056
1172
1619
713
746
766
606
800
1343
599
615
603
614
1041
653
666
601
725
584
853
613
849
623
612
607
1031
671
600
624
610
720
1154
612
584
648
605
707
1259
682
719
650
648
1176
610
723
621
592
596
1061
666
592
668
633
1337
848
606
627
622
656
1426
676
906
603
976
956
988
729
730
993
710
694
726
860
599
816
833
612
1120
900
940
671
698
771
1240
767
697
639
706
732
781
807
659
939
643
684
1156
867
615
777
924
646
716
839
638
1276
835
694
673
851
2395
2378
1742
1134
965
878
884
725
1042
670
702
689
627
607
653
682
732
640
666
784
695
658
649
629
617
739
671
611
653
746
603
1011
2433
722
953
997
1094
892
1015
807
1031
660
661
597
1000
1413
724
719
606
686
1738
916
1163
657
628
610
677
835
1046
2477
675
632
667
601
757
1054
1704
822
627
978
685
787
773
1174
636
636
624
625
1282
1702
1492
600
596
623
596
1962
724
677
1082
696
645
654
1308
619
851
654
595
630
910
1523
929
732
643
613
598
1115
868
600
814
861
1639
729
1745
629
620
635
629
1447
871
866
663
900
805
625
1115
1097
860
613
703
609
677
800
1734
610
625
627
648
1245
613
895
830
838
614
1134
790
694
644
609
619
892
812
1085
837
644
664
772
704
1246
873
614
673
631
623
810
1443
691
828
625
678
734
1167
780
641
683
628
1188
627
1446
751
616
1183
933
845
630
731
877
585
1067
1277
846
712
742
681
623
595
582
633
667
971
1095
1037
677
862
811
855
819
848
623
630
639
621
1124
803
629
614
802
1146
642
695
682
743
1274
986
620
639
610
603
842
1127
705
632
596
781
956
807
1115
679
582
628
757
861
850
628
591
643
1489
873
651
658
616
671
629
1060
1034
891
618
852
639
1178
930
601
611
694
601
1835
1558
1453
697
641
642
911
1472
824
615
618
696
1442
1787
738
631
648
780
1353
651
611
637
949
957
1377
824
692
651
858
817
830
680
608
620
600
1426
673
891
868
631
651
664
1010
1191
816
617
1167
631
869
1353
617
688
