1066
854
718
669
1913
644
618
616
947
1920
1127
871
893
845
695
896
742
1496
967
973
891
644
635
651
636
805
976
1181
1226
803
1058
735
1561
1799
934
2014
861
1042
956
797
1021
693
1498
1015
1310
655
643
775
1159
648
624
654
631
741
1618
663
626
728
852
1120
1150
768
738
650
1443
892
897
894
667
673
705
1165
1073
822
979
699
691
1208
2030
694
656
691
680
688
1590
798
650
744
743
851
654
692
697
671
1087
1159
752
715
729
748
698
821
669
621
631
1266
806
976
1162
637
635
634
635
618
618
672
715
639
605
612
634
633
626
633
645
951
760
1070
707
665
648
853
629
621
703
728
657
1268
816
671
635
660
684
982
652
654
643
634
732
1117
676
644
666
642
652
1105
870
846
635
641
701
1167
883
664
611
652
653
1153
1092
685
995
846
1005
741
1189
922
1045
1025
937
697
853
658
684
777
696
749
679
708
645
692
734
996
1382
1004
925
872
827
2144
859
923
693
841
690
866
1250
774
723
759
714
676
1240
916
914
725
907
672
789
734
744
984
914
895
1201
880
1005
848
905
877
985
844
746
1061
890
940
939
1178
1010
969
917
978
918
1279
635
730
902
595
1592
826
655
622
634
880
883
671
814
980
949
612
843
640
857
971
639
649
640
966
7404
1806
816
774
725
770
2408
939
867
900
670
694
652
655
660
674
1010
705
686
683
875
686
656
673
665
733
664
1007
660
757
659
682
638
683
651
686
814
654
667
1068
954
688
672
790
683
648
678
674
851
801
680
708
729
679
663
870
649
659
666
668
642
918
762
1077
1064
877
966
1104
933
873
830
756
676
759
1324
882
674
697
654
672
718
1931
1083
941
787
824
758
926
1273
1010
1066
1095
893
1118
748
1261
1607
1049
764
968
769
999
1376
1802
765
1308
955
873
2489
2222
1261
1148
667
820
993
723
1315
961
906
962
1923
908
1308
1678
1281
1300
946
1177
1080
1773
2274
1417
1224
1244
944
768
835
868
810
889
1199
1065
848
785
788
783
761
838
842
1378
1098
1048
954
1060
963
978
962
1853
1076
799
1008
961
951
1049
976
977
1395
2166
1206
1497
1135
1216
881
910
1426
1242
2139
786
743
792
948
1218
810
1111
1351
1025
834
1025
919
1359
1735
1076
631
726
669
663
887
744
1693
778
751
677
640
871
810
1314
714
659
660
766
748
1215
1161
691
924
932
679
1041
680
1030
658
982
646
740
645
1110
1363
1091
902
1118
793
917
677
652
655
694
749
735
1283
663
690
982
671
640
1333
714
647
681
755
1150
1226
663
855
679
916
656
645
791
646
627
849
1298
741
628
673
654
722
1319
789
673
631
611
669
1131
1155
632
654
630
615
1521
768
766
715
620
644
687
1362
654
900
950
732
783
1802
908
752
792
717
876
987
1339
814
810
726
677
793
975
798
1044
645
763
781
1735
726
738
611
615
871
647
1424
848
785
605
737
1097
1259
797
750
620
837
1002
1267
665
700
712
657
629
1251
882
664
674
752
2137
1166
726
742
671
663
806
1020
683
662
811
885
885
1381
902
864
853
890
636
1048
692
794
843
648
668
671
661
848
670
662
618
1219
967
1261
727
941
1031
879
664
609
622
766
1657
657
800
632
621
711
1822
665
1292
1074
1220
1306
1275
662
701
661
670
640
1197
709
591
633
614
859
1813
658
620
642
676
1061
743
653
852
651
646
619
668
646
780
659
632
858
708
668
690
615
681
1260
698
754
671
617
831
1172
649
665
654
660
1268
1823
698
856
1273
937
1922
1706
923
723
618
819
940
1415
775
895
1708
991
830
1329
705
633
633
621
2001
2329
938
708
630
685
1398
731
660
672
1044
1429
665
671
627
639
613
822
1026
1329
1412
937
654
610
674
967
725
605
616
642
666
856
833
646
634
622
795
850
833
882
600
606
844
968
626
616
600
588
650
1520
1613
608
666
1430
701
733
2235
631
677
638
615
1388
1707
1027
764
624
598
1451
1592
596
748
594
640
828
2234
658
641
632
625
1996
1115
611
651
602
1166
642
1687
1322
639
654
617
625
670
1581
2048
685
619
594
633
609
1141
1146
621
623
617
1244
697
1157
1760
635
592
612
593
608
1450
1427
985
664
614
607
590
911
1391
707
649
595
598
1213
1355
646
601
618
637
615
1985
1042
712
681
1147
754
607
628
1486
683
811
902
880
913
1426
742
650
881
727
712
661
640
853
869
872
1319
1015
638
1018
672
656
881
890
885
654
811
1087
748
742
641
772
765
713
715
711
754
721
688
740
1275
1471
665
665
658
682
626
1108
911
630
1581
801
680
651
1985
1655
658
629
652
635
1262
1542
919
642
662
657
758
849
1048
632
614
899
647
699
1235
1150
685
868
664
630
677
807
1800
743
700
632
763
966
1045
795
761
690
678
850
1163
1199
670
883
870
649
833
898
967
1197
837
692
1643
899
731
765
716
856
1568
2662
1848
1245
1063
905
1329
1757
955
1317
1012
853
2190
723
