3665
2344
1304
828
808
684
846
1516
1438
1453
936
767
750
928
1437
1009
1169
1162
821
654
739
1104
1843
726
1545
651
696
1104
1678
1797
1212
733
956
756
686
2448
905
600
593
608
711
656
1619
1638
638
683
662
784
930
2103
760
955
696
747
1106
1128
627
644
588
671
2045
727
723
1058
1013
898
833
846
824
624
1448
667
663
638
592
607
665
592
894
790
648
655
623
2202
663
608
608
594
596
693
1144
603
596
679
1203
653
866
1555
649
615
646
651
1099
1008
1175
1156
764
817
803
2048
963
860
904
1523
1087
969
1042
1099
842
904
1254
1423
1955
693
1084
893
916
11824
1587
934
990
1082
878
890
925
715
650
671
690
689
949
1053
885
976
733
885
1143
1022
963
792
1016
969
1121
846
874
1070
1091
1270
2512
1067
952
940
855
12836
986
768
790
743
768
1142
834
742
736
739
1160
976
1083
794
875
787
1084
917
763
858
1036
768
742
786
889
758
819
734
741
772
799
776
901
816
810
1025
663
654
680
686
653
855
706
682
754
723
680
715
696
695
692
692
734
1482
640
697
679
637
1188
1143
659
620
648
711
1084
1166
634
656
679
767
874
1440
657
645
752
885
1853
1034
1091
749
755
1002
1322
1007
1042
858
916
1304
1320
1034
938
942
947
905
1024
874
791
835
1010
857
1789
742
1164
992
1037
963
901
914
910
983
995
1035
2039
942
625
897
697
1127
944
695
681
688
810
853
1284
719
672
610
708
723
1326
1197
760
663
815
986
2047
994
764
1078
811
907
907
941
1135
850
674
1107
1466
1576
815
833
822
1046
1687
1189
954
870
1072
937
1781
952
1101
1000
900
1072
892
1296
913
1142
704
704
1069
2071
891
808
873
1018
1101
981
866
901
948
1125
1399
970
859
939
757
1006
928
995
1619
1204
1079
991
1021
1028
974
965
1016
1606
1018
986
796
773
743
791
887
756
729
906
1209
978
885
762
744
1699
1513
1744
2161
869
960
866
886
826
1056
752
785
1648
1359
1078
1370
1017
1170
987
1388
834
1598
2228
3057
1329
1706
1553
852
796
839
746
718
664
643
676
1582
1688
794
745
718
674
659
1057
1111
763
746
984
675
726
1389
1249
729
654
657
607
688
1386
683
736
645
646
656
668
1302
981
695
779
638
976
791
1004
1306
881
857
857
682
744
862
883
948
906
646
661
777
1408
1072
789
793
795
731
1103
670
1338
778
786
653
730
833
926
1485
754
873
915
701
889
663
895
679
928
681
877
666
983
917
873
671
872
669
874
623
884
1085
890
650
703
867
627
865
657
857
922
645
716
675
637
608
710
1120
897
1445
661
655
689
659
1173
605
596
657
695
912
1366
629
672
687
879
1386
636
759
628
631
942
1404
707
692
660
694
1003
681
708
662
676
791
813
659
639
650
636
644
729
837
602
623
695
716
679
1485
682
662
650
721
697
1058
712
718
2732
648
605
641
633
636
664
683
660
605
629
626
634
615
589
629
690
642
665
1213
792
803
1582
873
675
677
637
641
720
674
626
675
619
794
1632
1149
619
660
600
603
850
1430
814
647
844
620
794
636
652
632
645
721
810
619
662
671
687
631
892
613
601
663
651
627
734
743
784
719
656
823
948
602
635
639
663
656
728
1177
695
601
661
866
847
1167
599
630
636
651
727
1536
952
838
899
1205
1293
887
894
884
804
1093
957
801
637
641
656
655
1298
1208
644
1880
648
623
928
1286
625
614
749
844
1645
860
1522
730
1056
861
905
770
1603
990
755
646
682
1899
1294
659
639
635
1244
740
1265
639
589
667
668
1908
1339
642
1135
617
611
1216
727
663
593
627
595
886
1637
946
659
590
634
1242
1002
620
595
636
631
1512
1631
646
626
625
628
1157
615
634
614
864
943
1185
1090
994
615
675
645
1022
621
693
1161
647
826
870
618
647
583
657
761
921
611
1209
791
866
709
1042
1330
596
609
675
638
832
2339
699
950
863
852
852
854
621
806
840
606
1194
657
606
596
578
718
982
1742
647
613
644
1455
1161
622
610
651
651
645
1025
814
624
628
1675
932
1515
661
633
654
696
1524
1054
708
1378
744
624
1709
648
710
623
640
701
1013
1226
630
623
620
601
786
1278
680
676
835
685
1298
1330
830
765
816
605
857
1095
818
647
604
624
1205
899
724
841
570
693
653
764
1403
582
590
1164
656
615
1837
612
594
607
636
610
2737
813
693
660
592
647
770
1809
1287
595
933
675
634
743
896
1992
606
647
658
1252
670
614
618
603
613
704
637
1248
732
675
622
1230
695
639
1784
618
614
637
608
688
1927
1762
590
599
698
674
793
1898
603
617
1221
694
637
816
1344
668
585
624
648
1362
857
704
897
670
661
590
1089
656
715
607
618
637
1424
896
686
609
631
640
983
856
1188
681
719
600
1304
830
1334
718
608
601
632
635
1267
867
812
879
1037
633
814
1067
635
629
622
656
811
775
832
1394
1146
911
838
851
898
835
635
661
638
1319
1154
