2259
1242
1110
1358
1475
926
663
535
552
584
591
880
555
519
502
661
528
1032
539
522
555
533
1161
1374
828
569
603
532
1253
1364
1431
745
778
629
501
472
604
1055
2597
644
714
916
1028
770
629
606
586
606
821
1014
681
689
567
586
543
550
555
1103
1021
633
578
629
632
615
935
1239
705
680
677
606
642
893
643
643
845
628
624
612
613
620
653
635
635
607
617
599
617
687
657
753
784
735
748
858
819
1047
809
719
1366
716
535
595
543
592
1594
768
653
545
536
534
550
912
736
530
549
530
564
1195
910
811
540
531
543
532
751
1086
575
572
609
529
543
594
1089
613
610
630
578
628
1455
644
680
562
791
150871
946
867
796
773
763
1144
711
739
751
1083
800
679
790
729
734
992
713
723
698
847
553
538
658
680
519
584
604
616
621
660
568
500
539
535
508
1121
507
545
716
524
801
602
1275
529
504
779
497
1257
504
548
550
533
834
684
589
714
532
537
699
501
679
617
697
736
549
725
766
831
899
727
560
543
533
548
543
648
618
545
615
690
577
537
577
1416
1253
949
818
882
774
816
1348
1733
1055
540
740
575
1017
744
546
719
833
942
1407
604
838
913
1803
755
724
1151
1175
830
2257
718
791
991
1015
1235
1557
810
630
957
872
1127
777
681
555
631
961
558
628
747
705
709
881
742
732
796
798
719
1527
1256
1127
820
940
1026
632
724
795
543
687
1306
777
740
598
687
620
610
1187
868
1743
1254
828
724
687
777
570
1018
579
749
818
1103
643
820
718
853
771
852
625
720
592
782
561
1502
689
871
940
852
765
2124
982
1113
912
962
986
866
976
837
980
886
1423
1025
1001
817
919
2136
1729
1146
765
670
849
1475
857
810
699
837
810
802
924
822
818
662
790
917
801
790
765
747
781
769
913
1063
1164
983
751
1844
1751
1164
1338
1309
612
1630
1057
1191
777
755
520
1862
623
992
638
778
1167
1340
511
499
519
595
960
548
521
583
594
694
1182
566
643
609
528
647
1030
976
816
567
536
533
541
1434
563
543
542
720
708
811
572
497
484
508
650
731
971
507
495
490
495
933
914
553
567
506
503
504
729
1081
492
520
490
486
906
734
515
519
501
544
511
904
521
509
501
627
507
809
777
511
525
536
537
539
660
525
523
616
612
547
688
767
588
776
750
1037
575
592
555
542
505
749
512
850
1049
900
806
652
610
1017
952
730
525
680
549
504
1698
527
571
752
575
578
1905
613
553
553
522
625
943
625
841
624
589
603
602
1393
751
632
693
605
1132
1331
634
497
507
535
681
793
1284
598
535
534
849
695
605
1148
610
580
994
743
597
658
1002
872
1104
866
593
870
672
681
986
2021
1059
751
1259
676
628
898
600
598
576
1086
679
623
539
504
534
1075
1109
684
559
498
500
1910
879
512
590
506
1048
833
531
483
517
539
1056
1076
751
685
916
969
868
537
488
492
1154
947
805
925
637
876
545
634
654
556
809
1377
778
816
988
877
1302
901
869
937
764
918
745
1129
1129
1416
1066
2428
1426
990
1863
1048
914
555
1364
1536
554
523
530
890
1203
1356
917
1118
646
540
749
904
525
774
1589
807
759
896
781
1244
1072
913
907
2353
826
831
708
1130
1877
1129
520
495
604
1340
1315
2115
538
523
8891
1102
1029
1340
1191
1578
1196
1442
1156
1139
3300
714
622
690
935
665
824
808
894
1219
1501
2315
2465
3290
4534
4964
4672
2267
922
871
655
827
1117
1270
632
692
1299
1346
1153
780
779
713
507
724
1475
721
513
851
618
533
627
2154
565
786
579
599
553
2393
987
778
606
591
950
1150
915
535
649
1273
597
765
1022
682
824
563
550
1027
710
557
1044
982
526
1263
781
555
554
496
576
972
549
723
859
872
569
685
726
710
525
507
496
769
1061
558
836
526
1089
1298
1007
533
505
547
496
917
1063
900
549
516
1463
1031
1056
675
537
524
503
848
1557
656
522
1173
847
569
602
545
526
549
493
841
550
515
509
599
1195
1121
1299
1227
968
556
528
532
1026
796
907
1442
569
526
1172
1097
822
547
578
526
1183
1982
781
588
568
596
542
552
660
519
517
666
636
1371
877
520
535
804
967
605
1037
493
507
527
547
741
2096
806
552
611
607
692
1437
544
744
595
677
1882
1389
954
2681
943
923
1092
832
739
740
526
658
694
668
1175
722
530
1343
629
727
627
656
742
518
543
543
922
794
683
722
1355
585
542
963
1000
601
720
701
508
595
894
761
1112
781
562
741
538
1179
975
617
559
865
592
1424
850
1432
721
782
837
812
1120
712
634
534
1261
1140
662
756
754
990
751
801
731
759
840
1643
969
750
787
749
797
988
641
646
664
551
1078
609
928
1579
580
574
584
626
745
1167
760
1013
769
546
576
745
841
959
611
711
574
521
907
1025
544
492
509
532
531
784
839
774
499
522
515
1545
739
515
488
494
514
