3997
3251
1240
954
927
856
852
915
898
877
881
836
810
950
892
821
977
990
1051
1056
736
700
676
684
641
701
1031
775
936
1054
1302
1497
1235
1685
1433
1140
1163
2308
1633
717
724
824
937
2165
1053
1196
920
867
868
920
874
964
1209
1101
877
906
913
2019
1957
1304
1187
737
1239
1906
970
1308
1018
1223
1171
903
1483
1189
1108
1119
1178
1119
1147
1374
998
990
1189
911
1247
2288
1112
782
988
1028
1067
1053
788
1014
1271
875
1638
1491
1647
1170
1225
911
1296
988
1013
935
801
1010
1169
1013
1095
1734
1125
870
968
878
931
895
1400
892
726
915
887
1362
1628
932
910
844
935
908
866
1200
742
682
964
889
1279
918
981
932
807
958
922
1185
1313
1126
795
869
1399
1325
1437
1028
1000
1007
824
1158
1247
1573
972
1072
948
1312
1228
1796
982
1004
1002
933
1355
1069
1541
1068
1106
1085
986
1139
1167
1070
1331
982
968
950
944
920
947
1016
1107
1089
921
804
768
807
939
1789
1347
807
1236
1178
2232
2245
956
810
1242
1015
922
701
1078
735
712
2144
1378
933
1009
1086
1852
1354
1102
1388
1103
1349
1014
2888
1053
810
916
890
2010
1720
963
1426
960
1031
1592
1470
1094
1202
1014
975
1008
1410
802
1112
936
825
919
1188
911
942
1332
1333
1453
998
1183
909
883
926
973
1309
1060
954
855
1418
1496
1137
863
1383
960
1004
1116
1131
1119
1079
1003
997
911
1528
1123
1267
959
1348
1269
1127
1129
1096
989
1518
1481
1269
1157
1011
1057
2029
903
1114
892
1149
1037
1259
898
1093
1143
771
1226
1779
1248
1037
1326
1052
844
2530
1197
1257
1114
1117
1214
1097
1150
1301
1339
1308
1257
1308
1077
877
1386
1196
1430
1105
1559
1417
2019
960
1408
1073
1059
1605
1072
1564
1403
1118
946
970
1130
1036
2012
1204
963
972
1170
1319
1616
1022
1628
789
809
1783
2253
759
1117
1366
1063
2104
3085
909
1449
1275
2532
952
740
753
945
971
910
2522
991
1510
1209
1045
941
944
1089
879
855
890
979
979
1326
1053
921
903
898
1013
942
1093
991
1515
1035
789
792
719
875
731
1022
2169
1357
1111
1005
1304
966
909
934
929
817
963
954
973
1392
657
989
720
882
1561
948
958
997
1037
855
890
957
874
668
673
664
2353
1912
731
772
892
780
1983
979
956
1037
1114
1068
1105
809
1035
901
960
868
1694
1028
1077
961
1495
1204
985
1210
1052
1024
968
974
1232
1480
1482
852
984
2300
847
748
733
1054
867
2277
973
832
906
751
1584
766
707
697
667
811
1291
1418
1048
1149
1061
964
988
961
999
811
724
696
2097
1329
985
969
1042
1110
968
2561
3725
841
701
1008
948
1674
1896
1052
1374
1155
1005
1140
1830
837
863
801
692
718
1275
670
593
657
641
666
1479
660
678
623
693
622
959
1428
656
588
649
798
1166
932
665
685
993
749
1154
1153
1346
739
670
847
868
910
613
598
618
654
620
693
1055
1476
689
836
954
863
912
617
846
852
843
890
916
1079
797
754
962
842
973
1402
900
951
1344
1027
707
638
654
688
669
688
653
745
638
2909
960
700
660
664
681
1245
1464
748
1473
682
665
694
1007
1793
645
638
686
769
2726
1405
859
864
684
640
782
792
635
1088
777
628
644
631
1036
1173
838
643
652
840
685
836
609
639
639
653
653
873
1180
609
1051
756
1513
815
1372
603
643
631
689
639
638
602
1024
1613
1240
928
800
954
581
704
680
625
841
1237
662
635
649
840
830
1055
622
641
1225
640
1201
766
694
611
611
643
732
651
670
744
601
658
1231
949
664
667
715
635
628
667
892
1400
738
847
648
672
1483
694
666
656
632
619
911
1356
690
671
673
619
783
633
661
686
665
964
2338
941
831
634
621
845
868
925
591
1001
1883
772
599
643
661
668
893
1740
618
626
1761
756
1638
638
632
638
617
630
778
1006
642
1284
621
622
757
1185
822
614
605
632
649
788
584
983
680
600
697
801
685
844
618
607
876
1369
1099
739
615
647
633
628
696
639
723
618
625
1116
1053
691
654
668
738
1195
649
622
606
642
625
842
1027
834
621
924
1258
925
891
1077
830
1275
716
1249
782
779
831
619
722
1002
816
741
792
804
641
1324
602
721
863
576
740
981
911
878
1237
932
1268
1858
686
616
718
635
1042
1099
1351
646
846
807
591
1133
835
586
608
585
1113
1139
1220
939
836
621
770
820
710
801
634
657
814
598
1446
927
852
809
869
654
601
600
611
606
602
642
1642
706
1047
1076
1227
684
663
672
654
2031
1209
651
652
651
624
695
768
629
608
1306
717
671
598
656
653
641
682
631
1374
648
1247
789
679
623
573
583
636
585
668
609
993
593
1414
791
779
1845
976
572
808
793
773
609
789
907
590
558
576
1121
634
649
592
568
832
1067
656
915
627
591
895
1751
846
870
811
909
1572
872
934
1102
1071
698
1596
3292
1089
964
1199
854
1162
1301
734
2036
1476
946
1618
1848
947
710
1384
1297
2172
983
1409
1317
817
1654
3093
906
1036
967
671
763
2175
1247
1514
758
852
989
772
836
3067
1076
766
1067
2175
1056
989
