3216
2085
1530
1363
855
1602
974
775
788
647
690
1624
838
1618
680
672
687
923
657
858
963
1481
1199
786
775
739
1311
693
698
686
685
1174
1087
1163
785
911
922
908
853
1436
1154
983
793
964
653
703
1239
1121
639
678
776
640
656
1254
807
657
672
683
758
1143
1942
645
681
677
638
2092
1228
626
715
751
717
669
1979
1123
669
669
659
662
672
2299
1061
682
643
695
646
704
1457
1227
679
703
641
632
763
1263
1780
635
1873
649
686
663
1230
1470
611
656
665
892
887
1434
850
627
669
691
903
912
975
685
900
885
815
985
636
950
639
889
894
887
719
933
644
1004
653
905
894
673
972
939
893
931
914
672
994
627
920
954
685
760
750
658
668
662
652
628
674
721
699
695
641
958
673
652
673
707
929
701
750
680
672
674
778
839
1296
680
697
673
664
1270
692
682
660
668
671
706
788
688
687
657
679
748
1053
1158
662
645
636
656
1032
2658
689
941
948
883
859
909
834
854
679
697
846
1567
1055
1037
1138
1070
1086
999
1090
1355
839
930
773
889
1047
1078
1143
1079
1023
1051
1069
1085
1041
1008
1042
1171
1116
1208
1112
1080
1040
1013
1119
1049
960
731
645
788
673
673
655
653
670
678
707
758
787
703
793
800
1482
785
785
726
698
1297
924
777
676
819
942
719
1251
756
745
772
728
893
740
723
700
802
1065
760
662
767
645
676
658
1241
650
672
926
927
2447
2821
659
637
682
1115
741
987
685
644
673
639
1180
1387
717
672
705
675
1331
689
1106
688
662
834
1197
652
671
774
1138
677
835
686
694
690
659
1043
1395
639
658
682
653
1353
1015
656
695
645
662
1043
1541
839
649
686
1050
738
1289
696
654
643
1043
915
937
1115
786
1088
969
1259
1888
1095
1235
867
1141
1054
794
1198
1043
748
680
993
834
973
709
965
1166
675
1454
1389
895
733
1021
1429
6073
2040
1117
1256
729
1980
2566
1166
1423
1379
4762
1431
1117
1153
1269
1403
934
1070
1640
1160
1847
915
843
1126
2506
752
742
788
1245
1370
1778
3220
1113
865
1038
1579
831
1659
1019
1010
1016
971
1029
1834
903
776
759
990
797
2493
747
789
1186
1574
1488
2560
939
1140
1014
901
937
1486
1651
1068
1350
1380
1092
998
1177
1282
1250
1524
1316
1120
1417
1836
980
911
839
1475
860
736
1429
994
682
965
1009
970
1280
698
936
719
691
1011
694
2002
1196
885
829
674
654
935
1228
1352
651
1064
709
657
772
1268
913
774
659
1387
834
903
1901
714
699
650
686
927
731
814
670
875
916
650
736
1003
943
696
637
676
684
888
686
896
701
915
639
735
1103
1639
980
886
901
887
935
694
887
683
871
899
957
694
902
886
652
876
963
935
888
652
900
903
898
868
671
687
631
673
1113
622
665
642
662
808
1748
1700
666
661
644
803
880
2440
702
660
663
672
690
2098
670
661
667
662
649
676
1476
1865
668
783
777
848
964
1149
1864
811
1094
808
737
2020
800
774
779
708
636
952
887
1196
658
679
662
649
666
2395
989
677
791
715
1921
1078
631
1302
899
1410
1308
903
1031
842
1038
1031
1456
1054
926
796
807
2240
997
986
990
822
986
1057
1504
745
855
757
991
905
1795
659
734
671
680
943
1847
669
743
770
797
1027
1135
859
744
723
765
1006
1071
1467
804
773
829
832
874
869
1180
1103
855
1317
3158
1609
933
776
743
939
2985
1233
865
774
722
963
1240
3189
1133
1077
1037
1040
4827
1188
1016
974
1062
776
922
956
1788
1034
756
976
1498
1545
983
955
1074
937
1696
1499
921
913
841
1006
2692
953
875
765
753
910
1561
1383
1365
742
711
864
1774
1657
703
678
1056
950
1110
944
915
924
1059
1038
1786
1820
738
748
808
950
890
893
1311
1868
865
702
696
900
1372
1012
944
965
1547
1021
1057
1040
1048
927
1037
978
2466
807
946
946
729
1848
1017
1055
924
837
1022
837
1408
984
886
905
1102
1101
1190
881
787
930
897
1767
1634
829
970
975
1154
974
1141
1286
771
763
690
690
899
729
664
662
1368
820
2037
663
674
634
662
719
1349
2723
659
651
655
717
1154
1234
767
679
714
1081
1492
1261
1040
865
912
904
879
975
678
1507
714
684
841
673
685
709
668
741
1409
776
1302
709
687
947
1266
948
731
695
736
974
1757
905
670
733
890
674
975
640
692
904
712
1770
917
751
782
652
684
668
1001
908
757
669
747
918
705
632
682
693
683
884
1044
661
1106
742
726
735
1015
652
768
812
884
1045
2597
758
679
675
658
1231
1119
764
635
994
919
977
1157
757
686
726
689
1145
853
749
839
983
1542
1520
670
664
1011
737
2740
1758
707
665
671
697
660
1869
669
1339
704
644
671
1267
777
722
667
636
654
1048
2088
674
683
684
669
670
694
690
692
696
694
1387
735
1439
679
784
727
650
719
890
704
1257
716
742
789
1258
692
633
670
664
698
1493
1881
921
1025
939
1097
698
1050
776
2225
682
675
731
721
1430
1123
672
697
707
715
1142
1009
1342
691
654
710
636
