3599
1528
2125
1867
1371
816
812
782
816
1329
777
1014
1083
830
760
2282
786
706
792
1241
1144
1117
1203
764
727
839
927
1992
944
1529
2149
1073
1459
2923
1235
1408
1522
742
753
910
702
802
1531
1574
1195
967
961
777
701
740
3221
733
704
815
704
738
962
1471
976
2119
9466
7839
6535
5327
4301
1702
3264
1070
2515
1077
948
1608
2881
1662
1274
1243
1397
1040
840
829
878
912
837
2162
919
1057
969
1028
1153
1815
3565
2521
1379
1421
1322
1593
1434
1242
1429
1770
1163
923
1495
2036
1353
1393
1588
1551
2747
1529
1623
2078
2848
1982
988
2349
2515
1395
1236
1866
1224
1621
1678
1541
1293
2325
1338
1567
1263
1456
1247
1275
2000
1324
1536
1372
2047
2441
2190
2366
1716
1361
1385
1329
3188
1855
989
986
994
1554
1315
1487
1431
2708
1115
783
1108
2096
2413
1614
1458
1014
1528
1276
8833
3554
5337
1404
1799
972
1242
1481
1337
1309
1180
1350
1281
1454
1453
1187
1399
1392
13455
1311
10085
1648
2604
1640
2086
1669
1833
3509
1498
1293
1390
2307
1980
1447
1000
1201
1248
2370
1056
1422
1085
894
1232
1051
1534
1218
1027
1096
1590
1287
1022
1433
1214
1275
1290
1855
1188
2290
1734
1503
2288
907
844
1352
2686
1033
1113
1278
1327
1417
1600
1034
1438
1705
1273
2013
1982
2278
1634
1207
1426
2554
1681
1315
2397
1419
3040
1471
1955
3303
2433
2539
1786
4001
1383
1281
1838
2528
2906
1530
1565
999
2156
3901
1647
1436
1437
1938
1832
1315
1388
1513
1409
1913
1391
1377
1039
1652
1869
2002
1512
1029
1371
1554
4274
1471
1632
929
843
912
1125
1880
1544
1189
815
792
816
1256
1052
1413
1258
763
797
792
2249
1033
1085
1233
1137
765
2325
2890
759
743
1049
829
893
3032
2648
840
865
1363
911
1029
1137
1685
2511
1298
1094
1307
904
2544
4449
802
765
820
937
3127
2335
1086
1510
1209
1511
1208
2241
2563
1538
983
1214
1164
1523
2898
1234
1616
1495
1613
1438
2540
8022
1721
2031
1411
1434
1791
1244
1221
1642
1259
1077
2887
1046
918
2921
1033
1389
1393
1753
1082
1334
1137
1349
1170
1432
1101
1176
1388
939
677
573
582
1228
597
604
592
557
558
1051
602
617
633
591
1078
878
696
728
978
720
1813
697
687
853
1349
794
1089
1041
644
663
1347
1416
772
617
617
616
685
613
640
714
1069
957
696
622
734
887
684
682
680
681
636
668
702
651
712
632
623
608
643
647
654
608
669
631
613
612
631
670
644
1862
647
626
616
680
636
1247
620
618
673
659
953
682
1016
660
620
614
1745
678
675
700
933
836
2127
1068
721
630
652
651
633
603
1217
1318
779
828
1979
602
611
681
619
1493
2005
950
631
624
608
1470
622
635
620
617
1258
1609
665
604
737
662
762
738
1625
614
795
759
658
1204
1213
671
669
813
653
1589
1432
733
651
627
893
680
1219
650
658
631
1023
1075
729
972
1225
1250
685
659
717
859
1687
1666
687
2841
704
743
715
704
2322
882
687
669
668
968
707
845
663
688
755
1148
978
898
1463
1149
782
722
2368
1361
1179
868
1223
1351
1198
1282
1285
1580
1141
1922
1434
927
1069
1097
1706
1249
1088
916
1616
1339
941
983
1215
1612
1065
645
943
901
927
679
659
651
1988
1245
936
852
693
654
660
2032
1009
703
690
661
1224
1754
669
676
709
703
1997
658
648
694
638
651
883
647
691
681
1008
648
1485
700
731
675
674
689
1356
851
1127
840
968
735
1717
694
682
773
708
2416
2153
1217
710
640
673
808
1134
1163
650
1659
774
941
1221
1110
821
678
659
684
2300
711
678
645
683
710
704
1212
660
899
700
777
985
673
1189
655
677
672
680
667
1501
872
918
662
667
756
911
1465
857
857
945
898
1149
713
841
1055
1260
888
963
962
1206
1412
1262
1325
1240
762
662
813
728
921
675
1326
709
977
728
679
804
847
773
694
788
770
1234
910
1824
1042
993
1030
741
856
1068
1265
1928
1020
808
690
1212
1025
862
802
781
784
842
817
942
1303
628
719
788
951
1346
1368
1140
1027
730
708
694
758
651
1443
942
652
686
1092
1257
710
659
642
1331
729
821
692
741
667
698
664
2039
1724
1057
767
641
739
1414
1017
666
657
680
645
664
1350
1483
668
648
672
703
738
1132
1129
673
647
705
689
1419
1090
946
941
696
708
861
1350
1103
704
1038
2450
1007
814
705
660
708
1533
794
725
715
634
949
1638
683
1650
1224
815
770
941
995
816
729
974
2646
1015
946
901
842
719
688
665
641
957
890
801
809
1097
950
701
2190
1616
1254
759
686
882
778
1517
732
733
1067
954
1883
2969
1198
966
852
754
1402
2527
1108
822
834
801
1006
1754
675
1937
1119
905
1668
700
1027
927
650
676
1674
693
663
688
633
686
1520
761
636
766
883
755
686
667
778
707
647
875
988
810
1200
914
721
962
1801
651
669
694
964
1368
1765
812
1156
1089
1017
902
2742
1677
1114
973
816
881
1622
734
684
1222
792
693
870
1003
743
711
784
2066
1023
685
702
734
813
695
1632
717
1330
789
716
884
1072
661
723
734
663
642
1474
958
711
1022
666
961
905
959
769
936
711
1024
1677
804
725
674
708
870
768
2384
1234
754
690
