3216
2280
812
1066
1043
682
683
1430
880
1671
700
664
679
623
694
941
1320
760
1663
770
665
878
811
1450
609
654
627
1603
767
886
942
707
881
716
636
862
2995
1401
889
823
1135
1154
1044
2171
816
681
695
631
733
887
1193
670
692
764
2047
819
1446
1658
666
906
988
685
893
1352
794
699
646
1043
1017
979
929
1138
769
1472
788
820
693
1657
1138
912
686
633
1108
676
794
956
1408
615
615
749
615
903
1615
883
670
691
635
644
1400
1548
639
677
682
793
646
885
1862
674
689
625
641
636
1017
1413
710
628
620
636
2132
990
750
634
692
890
665
1371
2012
601
669
638
613
624
855
2411
695
785
719
710
1694
1183
625
653
1144
725
652
771
1720
656
625
972
873
967
1381
857
841
840
806
1263
1232
1219
1534
1257
838
1861
780
844
791
1036
1484
2127
1927
1029
1017
1061
1115
1293
1266
1342
1095
1158
934
1547
933
1025
932
1276
1401
2265
862
931
1066
987
1164
1489
1170
1099
1199
1515
1521
1416
961
1002
1256
2674
1269
1066
1425
1345
891
854
1552
1582
1002
887
839
905
789
2009
1622
1098
788
940
683
829
824
767
676
689
716
777
1524
773
709
650
686
805
905
758
668
722
668
807
1331
681
643
675
740
777
1009
656
711
774
1024
1456
1267
710
781
808
1250
1853
1238
753
802
860
728
784
1657
819
962
1032
1172
936
954
760
734
758
1013
868
1924
882
703
705
729
1184
1099
865
978
722
778
946
989
1307
1043
1076
852
1110
2345
2022
735
828
1208
1159
2060
1002
1280
1155
796
971
809
2420
929
855
787
1426
2467
1975
1351
1001
841
1096
2262
913
1253
1270
945
1079
1048
1381
1282
1151
1383
953
1567
926
1253
1150
947
1355
1213
965
2243
908
947
947
1165
2582
1165
1402
1703
1730
860
2674
1047
862
1022
3562
1069
1844
2783
1616
1088
1217
1020
963
1676
977
1372
1307
19057
1316
17558
5450
4128
5721
1843
850
1026
1672
1929
2549
2038
6172
3973
3661
3834
2714
1403
1021
1540
1686
1285
1110
854
3470
810
1053
1518
853
1080
1303
902
811
691
839
1453
1275
1322
708
1164
725
719
858
679
698
762
1184
1210
1854
712
687
695
737
1326
1831
815
686
744
753
2176
1269
685
726
653
836
1656
1815
1710
993
1161
780
2262
1952
1067
706
725
1136
1723
1140
1091
728
677
1040
1019
690
667
656
663
861
1012
617
683
630
1034
1124
954
732
635
910
642
946
954
888
639
677
715
669
1088
743
652
696
676
688
938
650
651
703
682
697
902
1305
783
855
801
693
670
1204
693
730
636
681
676
935
1496
761
654
700
688
931
1308
750
789
673
731
696
929
1285
756
754
887
1082
823
862
975
862
685
678
724
763
943
1271
669
697
740
902
760
1275
643
773
706
680
651
1228
1108
667
710
675
719
920
1150
897
657
770
641
702
1161
1276
667
670
703
711
1157
857
673
686
743
655
702
1357
643
703
682
698
669
960
1871
1256
1183
1082
672
1047
744
1019
1104
778
733
1388
1720
2122
1094
680
665
692
675
680
1408
951
668
701
1904
724
704
656
650
655
895
659
1024
1318
861
766
761
644
983
1320
648
667
633
703
2418
738
644
636
651
708
734
825
1304
686
637
1491
820
1349
1182
666
727
731
794
1184
1260
835
714
684
1234
655
669
683
732
656
930
1631
742
688
713
1045
942
709
643
730
994
1245
916
788
731
776
960
694
830
984
687
1456
1014
669
753
712
696
1029
927
665
728
679
1579
797
1284
666
647
697
662
1208
881
699
676
1004
680
770
903
693
706
699
948
1247
896
1539
717
879
822
1734
640
767
688
713
1822
1338
774
735
660
721
863
749
687
644
649
1269
818
734
733
659
777
859
2033
730
629
1449
706
740
772
683
644
688
817
1460
889
697
739
675
743
1695
759
700
625
764
1761
2088
680
633
671
620
2048
675
639
610
1246
846
699
624
667
675
808
1059
1603
1364
1261
695
738
974
1595
655
880
876
870
1397
769
893
890
590
598
681
827
896
719
832
860
1043
901
910
845
624
847
876
885
643
875
1367
834
660
638
643
627
625
690
666
645
713
668
870
1249
693
647
660
656
708
1087
879
654
614
919
1367
885
772
659
671
717
1928
1235
784
1021
657
911
902
882
670
815
641
862
622
848
1079
681
588
613
1434
851
870
640
899
878
1162
782
676
675
638
994
1359
866
668
637
1227
1328
889
664
645
694
642
1281
1236
880
637
853
886
633
821
654
864
893
970
635
876
1332
794
619
645
1681
678
974
1025
865
970
846
1162
712
606
631
1433
895
659
627
911
854
1461
631
663
699
602
1118
1281
687
646
614
904
1613
1402
821
988
643
663
1038
1282
737
683
939
813
1663
1086
687
606
667
923
1140
989
1045
669
813
654
762
831
641
621
664
636
655
1461
1662
732
666
661
633
619
1111
650
633
690
813
907
888
883
898
904
650
882
660
865
1381
719
647
630
750
720
628
864
703
632
780
1308
1686
947
805
705
622
628
652
749
1201
777
726
858
662
1051
836
1819
641
674
