2737
1739
1846
1672
647
727
718
585
648
606
797
643
606
641
697
555
614
639
1037
699
1428
1007
659
690
579
635
594
1041
642
673
953
663
1693
656
656
624
699
619
1208
943
842
1072
794
1313
1602
838
879
692
956
615
844
710
585
651
663
632
756
640
636
691
615
576
999
610
650
669
630
779
625
660
779
679
638
1523
715
678
704
660
660
802
1538
639
763
753
662
795
790
934
654
668
658
800
1107
600
676
615
681
661
1111
858
739
712
953
1076
953
796
646
592
589
1218
888
732
693
1065
776
648
700
594
652
959
2484
1164
1186
1359
1100
639
1441
831
599
1152
933
719
599
584
615
629
871
688
618
601
856
703
771
1134
1756
635
609
656
633
594
1530
618
692
677
779
828
591
635
631
616
622
1042
1130
749
673
630
997
1266
660
867
844
618
676
1673
990
732
701
647
989
1272
676
719
621
886
1205
1467
661
611
649
829
991
601
615
662
886
846
1475
976
932
712
688
621
787
694
625
725
931
931
886
707
775
1094
922
1266
1420
1077
937
935
936
1146
821
763
792
1504
843
1219
1817
1013
867
886
750
1435
1309
694
685
1102
653
732
1352
1258
1288
834
868
868
1165
1019
1045
1055
1391
1324
957
1420
1018
1090
913
933
1064
1149
814
785
756
730
1153
709
2878
2036
1059
925
814
918
1547
1061
1282
1093
1201
1036
1403
2530
2868
934
1499
1182
1056
960
1289
729
767
2248
1209
1013
896
888
1122
982
852
1793
825
1006
711
716
1040
702
789
2297
1150
957
803
721
1078
895
1302
659
1879
1481
1033
1085
703
724
660
660
753
1921
1318
831
810
1087
698
908
943
1471
1362
1241
980
923
1127
898
1118
2336
1682
1299
831
1072
2478
796
1908
1406
821
1061
1596
1078
733
1204
802
1011
1349
1429
1060
1480
1398
1221
2376
2259
678
1142
750
1347
1209
1039
1082
924
625
1187
2180
1359
1144
1860
1094
1043
2645
1687
2196
1296
1368
1633
2218
1731
1275
1988
1030
2172
1229
1078
2456
1810
1324
1758
2953
1076
1238
773
791
2523
1713
1018
855
785
752
880
1371
2230
744
904
1165
1492
3306
1028
1154
1465
1455
1190
961
741
1390
1154
1742
918
711
693
713
745
2158
1205
713
749
669
697
1027
726
731
1539
1269
786
702
1537
688
704
635
1064
1793
1446
827
704
695
832
773
1944
1166
851
701
824
1494
969
668
683
655
1446
1339
928
837
763
1007
1324
1649
1498
1833
884
670
694
741
855
643
849
678
2194
1144
687
632
638
581
1026
910
881
630
1398
1022
1669
836
628
850
709
691
2215
1703
863
749
734
621
703
1584
2699
1028
1101
679
1192
2147
792
749
1536
1120
785
2258
740
1225
2026
1670
1239
1140
978
848
1032
749
2324
1622
1028
997
627
607
688
1494
894
2695
1931
802
779
1485
778
626
693
1832
1124
726
2208
626
658
628
1314
1043
2541
828
1087
703
685
1248
1813
916
1047
1031
657
761
1182
1038
1920
1350
734
856
1222
614
647
878
974
1751
711
662
623
598
634
680
1567
1438
1978
1102
957
862
759
671
790
1351
660
620
911
801
906
645
620
692
1010
3234
996
642
605
615
1588
1070
1035
731
625
1271
1180
769
631
618
660
645
620
1495
677
1693
684
610
761
1277
892
619
1450
654
644
639
2547
684
652
620
609
857
1376
667
673
605
665
1859
1016
741
780
628
728
975
1207
704
752
2098
1212
724
716
847
886
720
702
695
908
2351
974
963
900
977
1166
953
941
1001
1217
859
748
1539
910
919
897
653
1164
2370
762
740
628
935
919
1941
676
662
1659
774
816
1022
852
668
629
666
655
1072
1807
933
752
839
659
890
861
866
657
641
761
1852
869
715
882
844
1163
630
622
839
842
2128
961
816
1237
698
644
1052
1106
693
739
1058
997
659
630
1274
634
766
746
715
1195
1669
986
685
745
677
714
649
850
875
689
1173
737
680
1584
1568
678
684
649
665
691
1752
859
658
677
648
617
732
2734
1490
1354
1013
898
1019
954
964
699
983
1457
1118
830
1220
964
1902
943
756
1154
674
657
942
646
901
655
654
621
1236
1912
744
673
621
871
846
796
617
647
697
652
1647
700
861
901
627
633
664
848
685
649
846
2033
688
666
753
1910
911
646
698
659
620
1196
636
724
599
707
633
667
606
896
1006
627
1078
648
616
1025
1451
974
858
666
778
1249
910
1856
1072
620
622
730
1044
1066
682
1060
644
648
675
662
1322
1230
899
918
677
596
750
1373
721
719
619
620
2189
873
674
679
659
709
619
953
708
896
902
1711
1523
818
856
728
664
922
1384
825
615
1842
781
1230
1371
791
746
742
658
876
1184
2143
673
824
665
627
632
868
655
799
1013
610
839
1670
729
610
687
631
1188
1177
1815
680
770
704
776
2120
1367
731
648
791
1246
1128
1736
1605
1741
988
756
1274
1806
884
2444
888
756
1353
1497
1576
958
1816
808
766
2769
1339
1116
685
2373
937
901
1371
1248
928
674
648
1159
2534
880
740
1040
1076
1005
1366
628
1200
1257
1027
1785
961
1210
1697
1905
913
1437
1238
1000
718
638
1430
1550
1846
729
607
