3270
2162
1116
1290
1244
1271
1326
879
774
801
759
1006
813
784
1663
1368
1021
1049
817
677
696
657
756
2461
837
680
850
643
934
948
739
791
1028
2181
817
1460
865
701
699
835
898
776
962
1124
846
717
656
930
671
824
639
660
719
979
1118
650
660
652
637
677
729
891
663
683
892
1004
1116
644
644
961
653
891
655
650
659
900
938
1346
765
935
881
756
652
737
646
657
676
662
655
1203
707
645
1504
682
739
694
671
1098
1977
988
707
657
717
1083
1349
803
671
681
979
1066
729
730
911
687
644
700
911
1391
960
1688
974
698
954
930
889
653
635
694
652
954
2125
1139
1090
703
717
649
699
727
688
711
782
711
1914
1149
756
697
670
671
980
1777
988
733
701
678
709
1127
1279
636
1020
754
680
732
1228
1184
753
678
787
724
974
925
2341
659
679
677
671
708
2055
955
673
713
666
677
716
1072
1470
687
655
635
695
739
1280
1535
920
841
845
968
941
914
875
864
885
931
867
902
954
897
906
899
894
886
1008
892
919
972
892
896
908
944
826
992
692
969
687
687
708
943
719
898
848
2467
2290
753
777
751
787
1528
2334
770
746
752
729
836
1839
782
743
711
795
677
657
1313
1393
688
785
658
727
707
1410
775
739
662
654
691
1416
930
1019
661
652
673
1143
1386
654
785
696
661
686
1117
1420
674
770
683
791
1067
1258
666
659
673
705
732
1398
1242
754
713
658
800
1301
820
760
826
745
916
1338
937
957
897
788
731
647
653
665
632
684
689
660
723
666
671
672
1328
832
752
687
653
1356
698
665
648
690
784
1309
844
819
669
687
677
1361
671
687
677
640
732
1432
680
676
731
672
857
1321
803
892
1132
827
1045
999
932
954
1168
895
750
1009
901
1011
786
892
1128
1057
887
1058
1130
753
1188
1350
1871
1153
945
1282
995
1784
1425
999
776
1011
845
907
1170
1111
941
797
675
2436
2122
734
769
1048
1044
979
951
852
808
1260
1064
2291
1543
775
761
807
1025
1272
826
823
782
773
948
763
1799
1469
1042
935
797
950
2027
736
776
1226
876
894
2417
714
732
725
878
1747
1501
832
864
884
757
1642
2446
935
904
837
1019
1232
1476
1068
924
902
1454
1911
2500
712
843
706
766
1446
1413
770
819
660
1149
977
1780
710
694
722
998
932
674
700
815
687
1563
1209
640
664
629
690
1473
1314
708
635
657
754
1014
1466
680
671
706
935
984
1443
778
639
663
656
1391
1088
691
662
766
877
918
958
920
901
909
693
638
749
874
659
848
768
782
752
819
783
1042
909
1337
1084
725
686
726
1737
711
629
695
668
630
1792
1038
1027
951
738
1141
809
758
818
1047
737
786
1478
685
677
788
629
1240
1243
672
675
858
648
1386
1233
679
648
715
650
1946
701
661
695
685
842
1254
722
637
705
760
1235
881
944
650
805
820
988
1333
645
640
763
808
1347
1697
897
1234
688
679
1570
648
867
1296
922
1467
1863
666
815
662
641
1994
1520
653
681
683
634
676
1950
644
782
738
616
696
1020
1566
712
991
676
894
769
1488
777
689
932
677
937
721
922
727
828
718
753
674
1295
983
931
720
678
929
924
952
754
683
694
884
988
1199
999
1053
763
1129
1893
767
1062
841
772
694
815
2178
1164
659
656
662
706
725
886
1753
740
631
882
802
1409
2041
738
730
698
675
823
1766
1607
1331
919
940
671
1440
1304
1269
1380
670
641
809
1629
1565
869
828
1417
724
685
1519
895
716
723
696
910
1164
1416
790
713
747
702
877
1405
1019
782
1200
783
739
1842
717
665
688
699
808
856
1381
700
827
678
644
952
664
1033
692
757
819
1189
1047
1006
656
661
651
646
891
669
654
634
1180
740
787
1402
1903
703
634
625
698
1383
1375
674
676
773
752
653
841
1141
751
1250
906
713
875
1288
1172
865
642
717
1297
1003
784
648
674
643
1382
1168
895
692
1335
1170
712
639
894
651
628
782
1430
768
1186
690
732
1769
659
636
736
660
744
2294
762
693
980
799
686
653
667
670
618
797
1313
678
746
752
671
848
1027
1291
913
647
1149
860
741
873
641
666
679
653
1046
878
1643
798
994
1166
1143
1963
781
1010
716
661
671
1040
686
705
637
828
1180
1432
997
865
810
874
839
1348
732
736
726
1273
693
1164
703
696
705
915
663
631
670
1195
771
659
832
1093
682
720
717
706
941
1070
1131
848
714
1158
1037
1076
678
655
1068
1090
881
830
665
726
1220
768
690
729
1144
1079
696
855
1346
1233
903
758
686
806
907
1672
960
929
688
717
649
929
908
683
735
1065
725
906
893
664
709
826
664
1191
1211
758
1364
697
983
938
1512
704
969
958
676
1037
1046
735
783
692
893
715
870
889
727
941
1367
1266
688
915
904
683
915
863
670
919
1297
765
994
664
688
696
909
924
901
869
925
1062
662
810
697
816
737
703
764
751
717
796
760
1189
710
690
707
1276
785
637
665
929
994
1036
1050
689
677
653
1291
