5170
1043
936
767
649
639
605
1106
646
1431
1102
1510
876
884
937
610
1410
874
1025
1273
960
626
630
638
874
1192
945
865
1900
1024
1933
795
684
1291
1774
1002
1246
1011
779
963
1876
915
621
616
1187
1300
647
675
675
663
685
1268
1839
677
944
821
651
2127
702
788
654
676
634
903
2237
710
690
625
768
1879
1743
700
722
629
1338
1332
795
735
624
661
994
1228
666
662
1240
745
860
1265
679
704
659
656
689
1829
764
1005
1268
687
919
1338
631
665
712
811
732
1792
836
807
924
702
675
591
589
655
652
648
1869
1279
617
636
620
593
862
622
621
634
656
946
675
1148
610
669
646
629
1163
738
696
870
697
1023
785
1254
749
689
654
631
792
1107
814
662
785
776
906
1244
667
708
658
687
1021
994
720
616
667
738
707
1191
673
631
655
653
1026
1013
738
1151
745
884
1018
867
1015
1058
683
798
746
824
1220
871
673
607
629
1295
818
672
672
1006
750
993
813
774
714
915
909
1492
821
747
768
691
1010
1243
1319
813
739
735
945
990
1621
816
764
742
996
1085
1429
903
990
833
1002
916
943
799
1137
775
1013
1479
946
976
1007
934
955
990
1046
952
879
654
680
704
857
676
632
691
601
663
1339
879
872
902
609
880
863
651
879
876
633
904
694
642
682
828
758
1962
753
822
664
648
717
2095
768
775
868
693
637
703
684
640
679
763
688
706
647
864
650
658
666
650
674
787
684
810
675
630
669
728
807
651
673
668
678
802
681
870
754
679
657
679
844
671
657
650
688
957
838
735
801
882
675
671
645
1258
656
926
1105
824
1176
1122
867
1063
853
1166
981
713
671
799
799
700
695
914
923
1175
785
959
1087
718
1455
991
843
688
1061
789
782
1247
1636
1984
753
1135
913
821
919
1001
1086
954
1283
1013
791
1714
1125
778
754
1106
787
1074
743
1002
1632
1071
813
778
1188
789
1313
1283
1052
899
1125
1195
1541
2375
864
1148
902
906
1494
2080
2464
973
943
1037
955
918
2014
1242
864
779
788
741
742
768
2067
940
1138
934
904
935
1113
909
963
899
1527
839
1585
909
927
936
930
889
915
1358
1182
1006
1183
1256
1169
1274
2414
1158
840
1603
686
1020
1515
1589
948
873
794
956
925
2635
1280
992
1552
689
705
743
1046
1448
874
706
679
766
695
1512
1156
696
701
652
679
674
1162
1408
696
732
667
697
883
938
861
1006
719
652
842
918
698
1260
661
675
705
896
960
1011
901
674
786
779
736
1112
1523
1128
820
649
661
1068
1492
630
629
604
644
1331
619
652
629
634
647
1688
641
981
667
677
1209
1236
626
621
622
649
1448
1182
634
645
635
669
1119
1068
648
616
691
830
793
1137
636
660
720
633
633
926
1626
620
630
663
871
899
964
780
795
628
654
658
1177
657
690
665
669
628
764
1395
616
635
647
624
1199
1499
772
767
652
616
878
1642
677
704
618
665
636
887
625
722
621
637
620
1008
627
635
676
731
662
1009
641
653
654
723
718
1555
647
896
741
640
1369
1141
662
662
675
644
648
1003
788
672
677
687
920
870
858
666
914
1125
760
696
816
758
803
768
738
896
759
814
795
645
939
951
891
648
663
786
909
1004
852
660
637
701
1831
1254
781
664
629
791
1754
1700
1215
714
645
678
1810
798
723
785
608
864
1641
761
823
629
624
1093
1210
626
682
991
745
821
938
604
645
728
615
687
1718
830
762
681
1315
1459
805
797
791
648
789
1951
811
787
765
646
1340
978
603
619
760
1221
822
1141
1010
889
1354
764
928
745
627
670
637
657
740
1493
1528
714
615
785
720
1957
709
748
930
787
959
981
661
620
659
755
722
2052
1544
918
712
684
1706
1608
618
676
593
621
1065
1262
726
795
716
653
780
969
1161
605
616
1477
647
1053
1268
622
900
843
921
667
606
824
1606
711
641
1378
766
645
604
622
622
1180
1062
988
608
596
638
862
1085
636
604
621
608
1317
856
665
640
609
598
1195
902
819
680
647
699
658
1297
591
595
641
598
804
1622
1089
869
609
654
592
874
888
1094
602
626
594
777
757
1111
1124
672
613
639
713
709
802
1343
1023
613
631
603
662
997
1018
603
647
713
1411
691
676
933
693
717
644
623
619
749
1227
595
984
663
687
790
1186
640
735
707
610
614
791
1843
768
703
755
948
910
857
1067
838
947
1256
689
884
980
825
853
682
876
855
865
854
1144
708
857
850
634
875
897
906
883
662
894
1474
685
707
690
619
658
626
645
609
617
613
639
678
1220
863
689
1929
919
671
610
638
622
861
1066
1324
668
649
638
617
891
1184
1250
1091
774
707
760
790
1216
915
672
648
640
681
1996
746
749
619
714
750
646
751
1197
948
623
1233
715
656
873
850
650
618
638
653
1222
989
1551
698
662
734
846
881
907
614
869
860
635
1550
796
708
726
989
1562
1341
1175
1744
1311
1078
1762
941
1010
1023
1002
1476
1153
1081
992
677
776
