1556
1043
1356
1069
1041
1226
1146
1102
1137
1141
996
1183
1118
1287
1164
1063
1183
1118
1047
1049
1077
1090
1000
1560
1029
1275
1532
981
1293
1012
1182
1010
1161
1290
922
1197
978
898
955
1147
1451
986
863
1138
982
1048
7105
970
1054
1018
1035
916
967
1055
1079
963
1269
926
960
1132
1205
1056
1044
1129
1050
1387
1054
1160
1172
1560
1054
1300
1324
1221
1151
1100
945
1151
1075
910
1271
1217
1103
972
902
960
1023
1129
1148
1140
1179
955
1083
1000
1052
1127
1359
1417
974
1203
1086
1176
1320
1173
1091
1174
1398
1133
1121
1058
892
1265
883
1111
1018
1404
1224
927
1084
1007
1270
1328
1405
1033
1068
1221
1319
893
1125
1106
1084
1032
1009
1127
924
1275
926
1227
1068
1069
1209
1037
1213
956
904
1285
1477
1113
955
885
1131
1011
1175
1120
1180
1170
1040
1173
1200
1286
1090
932
948
1092
1232
1040
951
1152
1072
1193
1186
1116
1207
936
1061
975
1188
1150
1030
1245
1251
1405
1062
1129
1125
974
1360
910
1063
1055
1098
1043
1025
1393
1157
1161
998
1021
1642
1153
1356
941
985
1293
1025
1296
936
1062
964
1081
1072
1116
1028
1163
1424
1074
1133
1234
974
1298
1390
1319
1423
1061
1188
1148
1213
1279
1135
1235
1001
1025
978
1059
1126
943
1063
1242
859
1322
1054
1073
1096
1226
877
1033
1322
1099
1108
961
1118
1103
902
1182
1003
1132
1027
1050
1122
972
1257
1189
1190
1300
1043
1267
1282
1158
1025
949
1066
1062
1150
976
1155
1091
1165
1200
1133
1156
1023
1047
1202
975
1246
1040
1049
1111
1009
1137
926
1250
1078
1174
1259
1082
1140
891
1158
975
916
1092
1164
1041
1088
1035
1187
999
1450
990
956
1294
1056
1219
1076
1150
1079
1080
1058
904
1377
1002
1141
960
971
993
1041
1221
1126
1361
1196
876
1340
1106
1066
1011
882
1055
1000
1234
1034
1109
968
1092
1305
972
1317
1171
1033
1363
1230
1181
935
1248
995
1009
952
845
1095
1222
1092
1027
1177
1244
1114
1204
1281
1020
1282
1000
1282
1055
965
1206
1092
1098
1039
1105
1212
1232
1224
1106
1286
1035
1052
1141
1169
1217
913
982
1060
984
1025
1046
1079
1102
845
1057
1168
1161
1057
1272
1114
1214
1206
1095
1083
1007
945
1857
1217
1325
1316
1116
1011
1029
1199
915
1391
969
1014
1167
1193
979
936
1047
1011
977
1024
1085
1282
981
954
1114
904
1053
919
1851
1009
1096
985
1070
1044
868
844
2324
998
1272
973
1142
961
1145
1496
1147
1301
1208
1019
966
1029
1139
1052
1193
917
1082
1197
1137
1034
1078
1147
1133
928
1095
915
1271
933
1199
949
1041
980
1132
1025
975
894
1163
1085
1130
1051
912
970
1111
1259
893
1120
982
1034
1132
1008
1252
3329
2038
1634
1410
1448
1676
1765
1431
1718
1967
1668
1903
1756
1538
1316
1371
1524
1282
1693
1038
1716
1384
1094
1157
1242
1246
1134
967
1450
1312
1266
1138
1112
983
1230
1198
1000
1207
1134
991
1032
971
1197
965
1180
937
1579
1068
1161
1186
1020
1108
1193
1044
1035
1211
1308
994
905
1341
955
1537
1164
1004
1312
1170
1274
1309
1255
1093
1205
1493
1199
1399
1203
1230
1053
1200
1333
1136
1161
1103
1157
1246
1108
1229
1172
1026
1121
982
1228
983
1269
1187
1357
1129
975
1062
1095
1198
1091
1075
1086
973
1233
912
1108
898
1036
973
1122
1295
1130
1107
1104
1150
1352
896
1036
955
1165
1091
1067
1140
917
971
1026
907
1045
1006
1037
1030
912
1817
1012
996
1396
1042
1021
936
1256
1179
1175
1067
919
1158
1029
1292
1215
1093
946
1060
1111
966
1114
1121
1091
1075
1584
1022
1072
1348
1116
1241
1187
918
1206
993
1303
1046
1448
1053
972
1465
1114
1190
1039
1074
1159
1059
1025
919
1225
1229
1090
1037
952
1038
1038
1106
1079
1224
1101
1178
1214
1182
1310
1070
1368
1039
1093
972
932
1112
1110
1003
1134
1051
1300
1281
1409
1091
1257
989
984
1022
1043
1159
1155
1169
979
984
1342
979
1092
1126
1227
1083
1228
1193
1085
1337
946
986
1220
954
1312
1036
1083
1143
1026
1023
1048
1086
943
1095
1130
1171
1220
884
1138
1167
1231
1075
930
1168
1055
1159
1037
1090
1029
1114
1269
936
1041
1223
1288
1020
879
1230
1128
992
1016
1147
921
1019
1158
1208
1150
1143
1268
1012
953
1071
958
1264
1068
1119
1192
911
1233
1236
1380
978
1432
1113
1519
1165
1234
1290
1163
1493
1251
1100
1411
1305
1340
1171
1389
1067
1075
1228
1156
1234
1057
1127
1000
1004
1011
990
1123
1280
1179
1172
1164
1233
1029
1173
946
954
1396
1145
1046
1207
1014
1065
994
1089
1001
1142
975
1053
912
1038
1295
1330
1105
1002
1065
1020
1083
1138
896
1107
1074
1090
1168
1117
1257
1074
1317
1003
1219
1094
918
1078
911
959
1302
1063
1684
912
1164
930
1266
1020
997
1201
1010
2316
1023
1270
1181
1034
1116
944
1236
1565
1152
999
1004
1074
1332
1157
1206
1063
1006
1081
1223
1064
1217
1329
1081
1132
1087
1060
1063
1248
1074
1139
1025
904
1034
1184
1014
1010
1104
1127
928
1090
1012
989
998
1336
1148
1294
1022
896
1156
1081
1231
1077
932
1205
1076
1002
1194
1143
1123
1259
2622
1050
1174
1022
1305
1064
976
1156
1012
1228
1191
1240
1127
951
970
1009
1275
1146
1288
1169
1082
1124
1049
1315
1119
1144
1189
1155
1200
1354
1438
1178
1157
1329
1128
1513
1174
1307
917
1380
1063
1134
1309
1223
1140
1167
1014
1138
954
1377
995
1135
1053
1045
1208
1100
1520
957
983
1244
1096
1060
