1926
1665
939
1628
1215
1278
1581
1232
1333
1158
1356
1295
1082
1403
1049
1218
987
1238
1001
1196
1223
1170
1165
1172
1342
1038
1220
1466
1479
1557
1229
951
1220
1002
1435
1142
1359
997
1112
1014
1230
1330
996
1324
1162
937
1163
1025
1069
1026
1040
1074
1029
1222
2253
1348
1113
1048
1215
909
1261
1326
1231
1090
1187
1208
1082
1242
1005
1174
1295
1361
1438
1209
1262
1012
976
1309
1135
1059
1052
1009
1066
907
1144
1280
1317
1247
1283
884
978
1278
1126
1097
1356
1064
1154
1091
1223
1067
1022
1184
1944
1301
1061
1071
1106
1334
956
907
1190
1001
1333
934
1275
1061
1099
1363
1148
1190
1138
1069
1121
1049
1380
1077
1381
1194
1148
1335
1054
1126
1012
1122
1317
1096
1048
1057
1216
1115
1189
1174
1029
1125
1093
1307
930
1166
1311
1559
1556
1663
1406
1104
1031
1142
1101
1141
1075
1308
1057
885
1249
1150
1262
1094
1559
1066
1201
1201
994
1387
1381
891
1114
979
1503
948
1193
1166
1022
1213
987
1024
1030
995
1204
1083
1111
1092
981
1210
1192
1201
1285
1020
1178
1215
2663
1194
991
1110
1081
1277
1085
1409
1037
1172
2652
1080
1035
970
1164
1048
1217
1021
1181
993
1302
1134
1257
1050
1212
1160
1109
1231
1145
955
1225
1151
1178
1036
1316
1274
1114
2086
1102
1046
1208
1023
954
1090
1384
1153
930
1075
2165
1205
1061
1228
1414
1153
1097
1116
1303
1164
1148
1186
1122
1067
848
1253
1223
1122
1089
905
1203
996
997
1232
1412
1360
997
1160
1929
1023
1228
1234
1607
1206
1002
1391
1086
1226
2118
1116
1453
1015
1589
1060
1169
1163
1048
1068
1077
1237
1203
1234
1175
1161
1182
1120
978
1282
1118
1266
1278
1038
1128
1155
1092
994
1173
1157
2091
1209
1083
1255
1109
1091
2384
1273
1028
1310
1311
1084
1030
1215
1120
1369
1056
1015
1205
1046
1078
1237
1054
1022
1102
1495
1061
1611
1184
935
1229
1043
1231
1093
1402
1624
1091
1171
1186
1390
1192
1240
2156
1136
1154
1055
1137
1104
1242
1220
1008
993
1691
2071
1554
1209
1830
1089
912
1296
1063
1140
1338
1147
1166
1048
1106
1159
1122
1184
1034
1246
1064
982
1156
1061
1046
1058
1090
1159
1088
1002
979
1155
905
1240
1179
1149
1734
959
1089
954
1099
1327
1034
1308
1072
1087
1571
1235
1099
1233
1175
934
1240
1375
1239
1490
1028
1075
1327
1162
1241
1068
1068
1101
1039
1711
961
1095
1505
1390
1369
1038
1120
1104
1056
4003
1074
1177
1195
1163
1213
891
1444
1695
1298
1112
1032
1361
1279
1206
1119
1065
1178
1093
1225
1226
1004
1108
991
1050
1235
2320
1044
1270
1139
1021
1050
1220
1127
1284
1065
1453
1057
1106
1230
1236
2927
1177
1415
1219
981
1257
1020
1360
1078
1288
1029
1256
1408
1023
1399
1401
1173
2087
1620
1346
1037
1148
1252
1024
1253
1034
1414
1057
957
1275
1099
1046
989
1087
1403
1006
1625
1066
2044
1075
1217
1205
1079
1023
913
994
1009
1100
1322
1140
1351
1172
1162
1267
1179
1145
1169
1051
1032
1031
1102
1056
1093
1318
1278
1050
1144
1109
970
960
1147
947
1051
1100
930
1359
934
1098
1180
876
1005
1058
1174
1031
1289
967
1294
999
1152
1370
1185
1067
963
996
1267
1278
1262
1154
1005
1101
962
1311
981
1221
1327
1052
1094
2109
1216
1010
1138
1426
1166
1200
1176
930
1161
1016
1269
1005
1200
973
1125
998
1109
1147
1055
1017
1239
1210
1099
1048
1033
1181
978
1321
1076
1206
1098
1105
1224
1068
1127
1189
1143
1151
1290
1248
1094
1251
1176
948
1259
1171
1236
1354
958
1307
1098
1074
1179
1393
956
973
1060
1174
1348
1123
1003
1050
976
1158
1066
1385
959
1243
1023
1218
1009
957
980
1055
1143
1219
1271
1209
1025
1101
1065
1040
1152
977
1196
1257
1194
1270
1154
1035
1320
1067
1072
913
1220
1085
1348
1277
1100
1319
1253
1015
1272
1068
1123
1188
1015
1266
1102
1152
1364
1233
1084
931
1249
923
917
1210
1143
1300
1056
1356
985
1014
1170
926
1174
894
1037
1202
1157
1247
1208
1380
992
1205
1321
970
1253
1070
1324
1338
836
1308
1025
1059
989
1128
1222
1145
1165
1166
1213
1420
1259
1223
1007
1165
1132
1119
1118
1000
1260
1032
1108
1372
1432
1394
1179
1030
1246
1035
1230
922
1271
1109
1890
1362
1010
1607
1074
1074
1340
1172
1182
1113
1275
1294
1024
1272
1022
1021
1031
932
1094
895
1244
1065
2359
1061
1256
980
1049
1127
1057
1086
962
1218
1041
1186
1346
1151
1139
1138
940
2220
874
1021
952
1226
1142
1037
1095
1177
1116
1297
1349
1081
940
1158
1102
1411
1272
1180
1071
982
2182
950
1102
1265
1083
1032
4889
1500
996
1126
1413
1035
1095
988
1081
942
1140
1123
1218
1172
1179
2666
1231
970
1189
964
1262
1113
1162
970
1116
1112
1063
1106
906
1089
1244
1184
1468
906
1172
1063
1192
1168
1267
1124
1115
1084
1069
963
1141
1179
1248
1256
1360
1021
1113
1247
1211
1152
1105
1038
1350
1043
1672
929
1414
1001
995
1009
1292
1132
973
1266
1188
1286
904
1161
1236
1092
981
899
1448
1205
1133
1173
1127
1482
980
1160
1309
1229
1139
1129
1132
1158
1085
1317
1563
1241
964
1387
1376
1348
2679
1113
1121
1194
1235
1397
1203
1239
1192
1400
983
1450
1028
1255
1143
1173
1357
1295
1225
995
1233
1107
1161
1516
945
1113
1150
1197
1181
906
1198
2172
1330
1654
1194
1227
1056
1070
1205
1383
1118
1135
1407
1055
1235
1273
1219
1089
1262
1077
978
1082
1181
1216
2307
1509
1428
2611
1637
1172
1580
2437
1124
1308
1242
1313
1591
1090
1273
1385
