1772
1338
1184
1111
1127
1253
1345
1002
1206
1390
1183
1111
945
1244
1126
1174
1073
1061
1131
1168
1310
1433
1389
1423
1108
1386
1071
1385
1243
1109
1291
1471
2150
1153
1101
1184
1138
1350
1233
1409
1141
955
1075
1101
1202
1238
1179
1056
1264
1078
1076
1303
1035
1158
1268
1822
1223
1104
1522
1046
1098
1078
1276
1122
1279
1231
1059
1634
1518
1234
1118
1205
1031
1193
1126
1338
1084
1165
1205
1151
1165
1382
1553
2089
1038
1197
1104
1036
1040
1085
1368
990
1283
1103
1426
2592
3329
2691
2341
1302
946
1498
1438
1077
1338
1120
1033
1393
947
1564
1062
1180
1223
1001
1217
1059
1138
1107
1218
1266
1142
1158
1682
1242
1095
1096
1106
1061
1402
936
1113
1580
1142
1268
1126
1089
1088
1110
1274
1111
1619
991
993
1414
925
1209
1230
1022
1362
1092
1076
1541
1742
1113
1117
1261
962
1431
1041
1181
950
1185
1206
1117
1233
1042
1299
1170
1178
1197
1104
1010
1090
1055
1319
1129
1142
1075
1241
1017
1003
1021
1071
1066
1111
1507
956
1161
1277
1146
1125
1180
1304
1233
1066
1603
1122
1226
1035
1406
1179
1073
1180
1110
1118
1028
978
1078
1106
1321
1007
1149
1031
1205
1226
1024
1085
1063
1883
1020
1067
1287
991
1342
1164
1186
1109
1033
2031
1102
1348
1195
1094
1408
973
1343
1298
1015
1125
1224
1002
1035
1227
1286
1401
1079
1038
1180
1099
1280
1242
1151
964
900
1270
1168
1138
1034
1286
923
1051
1161
992
1158
1138
1031
1451
1034
1226
1170
1036
1170
1012
1285
991
1232
989
1343
1321
1164
1549
1084
1216
1357
911
1297
1330
1306
1000
1422
1012
1048
1238
1152
1337
980
1324
1187
980
1026
1048
1412
888
1138
1273
1285
1079
977
1380
1257
1298
1550
1168
1338
1198
1256
1000
1323
1221
1153
1079
1026
1290
1044
966
1102
1222
1188
1135
1117
1143
1076
1122
1113
1388
1041
874
1245
875
1271
1175
1248
1163
1871
1162
1073
1188
1340
1209
1155
1185
1078
1090
1076
1151
1174
1009
1137
1229
1141
1073
1181
1242
1085
1038
1230
943
1249
1062
1050
1365
2533
1387
1112
1028
1156
1141
1179
1035
1090
922
1450
1033
2134
1163
1160
2001
1112
1609
956
1154
1108
1313
1175
1135
1049
1107
1158
1040
1083
1453
1116
995
1192
1010
1337
1084
1036
1194
1137
1279
1111
1890
965
1162
1163
1057
2263
1273
1264
1019
989
2308
1074
1179
1188
1257
1087
1093
1057
1051
1240
1120
1149
1114
1069
1322
1080
1034
1063
1194
1063
979
1085
1049
1375
1087
941
1344
1222
1186
1175
1174
929
1023
1097
927
1168
1180
1221
1110
1109
1256
1248
1265
1220
1330
1394
1030
1185
911
1214
1040
1564
1388
1108
1036
1110
1089
1029
932
1314
1094
1372
1109
965
1055
1031
1173
1287
1113
1051
1099
1271
1062
1229
1013
1074
1067
1224
1013
1139
1082
1156
1033
1498
1018
1116
1252
1026
1151
1095
1191
2915
1079
1206
887
1175
1069
1007
1179
1042
1192
1267
997
1532
1184
1051
890
1138
1171
1059
1460
1133
1103
1282
971
1136
1278
1232
1077
1144
1237
968
1482
1274
1150
1103
1021
1116
978
1002
1277
1346
1279
1345
1351
1356
1065
1211
1338
1112
1243
1008
1041
982
1342
1116
1539
1305
1265
1642
1283
1164
1083
1301
1077
1041
1001
1171
1167
1219
1304
1192
1021
1166
1047
1364
1122
1093
1254
985
1123
1041
963
1089
1191
1214
1068
1049
1110
1079
1332
1101
1297
906
1101
1066
994
1325
1266
1154
985
1081
1528
888
1113
2187
993
1282
1176
1019
1258
929
1081
924
1038
1222
1120
1121
1258
1095
1041
1064
1104
1239
1474
1176
1302
1251
1191
1328
1063
1287
1243
905
1180
1194
1358
1089
1407
1567
1145
1497
1335
1277
1250
1117
1356
1027
1324
936
1177
995
1221
1096
898
1102
1203
1307
1220
1163
1143
1165
1062
1336
1074
1216
1017
1071
1117
1165
1188
1075
1096
1053
1256
1184
1024
989
1047
974
1057
865
1826
1029
1250
945
946
1164
1146
1033
960
1092
2688
947
1340
1073
1516
1222
1197
1151
1083
1124
1213
1021
1038
1023
1572
1562
1406
1121
1199
1130
1032
963
929
1237
1233
950
1227
995
941
1193
3173
2833
1857
1548
1333
1606
1828
1784
1677
1631
2166
1988
1253
1776
8696
2955
1366
1991
1589
1279
1522
1195
1189
1311
1148
1358
1236
1253
1110
1100
1020
1000
1088
1206
1212
1140
1314
1277
1175
1073
1074
1075
1227
983
1225
1425
1009
1277
985
2058
1415
1026
1089
1003
1168
1020
1022
957
986
1052
1068
1274
1247
1070
1103
931
1231
1012
1080
1026
954
1201
945
1119
966
1029
1283
1490
1407
1066
1247
1240
1018
1197
1246
1238
1145
1116
1007
1045
1309
1309
1523
964
1313
1308
942
1037
5921
1165
1297
1008
1107
976
1234
1438
1139
1098
1199
1320
1033
894
1171
939
1375
1095
1064
1818
883
1426
1081
1128
1213
1338
1510
1017
1191
1023
1170
1260
957
1145
1189
1012
1050
1154
1394
1199
1312
1257
1055
958
963
1209
943
1436
947
1219
1447
1116
1178
898
1271
1295
974
1349
1298
1453
1140
973
1344
1173
1301
1287
998
1420
1281
1258
1190
1124
958
989
1253
1182
1241
1139
957
1090
1013
1040
1231
1270
1135
1009
1320
965
1292
1092
978
1231
1345
1337
956
1119
1026
1039
1386
975
1338
1291
2457
1085
931
2265
1009
1276
1165
1294
1286
1164
1245
1156
1281
1198
979
1079
1126
1231
1188
1252
1240
1204
1172
1145
1022
1063
1061
1420
938
1290
948
1017
960
1043
1064
1207
1361
1138
1111
1303
945
1102
929
929
1040
1209
1206
1232
1078
977
1098
1109
878
1447
1017
1092
1343
1148
1153
1204
1098
1308
993
1089
1088
1084
