1453
1140
1209
1066
1067
1184
1259
1436
1219
1448
1193
1438
1264
1021
1560
1320
1152
1117
1105
1133
1343
1219
1094
1336
1039
1093
1342
1368
1788
1384
1229
1282
1257
1213
1161
1039
1081
1324
1120
1455
1378
1427
1366
1088
1247
1088
1163
1192
1018
1363
1145
1112
1131
981
1235
933
1155
1248
1148
1096
1062
953
1098
1352
1196
1010
1106
994
1009
1312
1264
896
1323
947
1100
1203
1025
1372
1091
1363
1109
1190
1183
1152
1132
1122
1951
869
2408
2269
1021
1204
1166
1348
951
1049
1061
1088
1232
1120
1322
1233
2182
1263
976
1097
951
1350
957
976
1237
1015
1207
994
1259
1803
1047
1113
1116
1462
963
2036
1247
1051
1190
985
1565
1091
1154
1095
1082
1260
1121
1227
1091
1181
1227
1001
973
1118
1081
1172
1093
1062
1152
1297
1137
1409
1071
1097
1217
1154
1074
967
1374
1166
1086
1228
1156
1155
988
1141
1026
1028
1114
1095
1144
1144
1121
1008
1038
1029
1031
1207
1144
1303
1290
858
1608
1035
1232
1515
1181
1085
1085
1187
1114
1183
1021
1321
1323
911
1093
997
1031
1130
1189
1108
1066
1123
954
1393
1369
1330
979
1024
1004
1151
1235
1086
1065
1111
1046
1069
1015
1263
1087
996
1110
1154
1187
1105
1037
1253
1018
1505
952
1600
1573
1431
1232
1353
980
1178
966
1252
1176
1170
893
1270
1235
1208
1002
883
1326
1318
1029
1462
1067
992
1099
1093
1218
930
2122
1096
986
1394
990
1106
962
1011
1426
1085
1107
1110
1072
1211
1142
1180
1585
1240
1104
968
1166
971
1301
989
1148
1244
1120
1069
932
1221
1036
1098
1208
1120
1154
1464
1404
966
1041
1126
1091
1210
1224
1026
1632
1009
1237
1119
1502
1596
976
1364
1075
1453
1267
1188
1014
1030
1201
953
1089
1163
1042
1078
1137
1644
1533
1436
1438
1393
1389
1836
1314
1672
1730
1517
1817
1993
1673
1737
1457
1349
1701
1779
1870
1755
2377
1499
1532
1488
1394
1433
1367
1388
1563
1387
1645
1684
1838
1415
1591
1460
1608
1855
1530
1829
1791
1604
1683
1588
1609
1814
1496
1688
1755
1593
1560
1512
2649
1595
1621
1242
1435
1684
1291
1236
1489
2133
1323
1493
1456
1573
1651
1690
1603
1466
1537
2377
1362
1952
1684
1621
1486
1541
1401
1675
1256
1408
1324
2487
1369
1511
1621
1463
1240
1396
1427
1408
1440
1316
1715
1414
1416
1357
1524
1313
1410
1286
1691
2022
1618
1389
1209
1713
1432
1162
1472
1394
1480
1417
1614
1411
2023
1332
1180
1252
1279
1834
1240
1072
1276
1172
1208
1120
1116
1095
1153
1182
1140
1823
1033
1207
1058
1119
2394
1186
1164
931
1037
1496
1853
1231
1110
1143
1268
1216
1172
1108
1082
995
1120
1274
868
1364
1025
1002
1344
938
1225
910
1074
1025
1163
1307
1269
1560
1336
1157
1169
1098
1169
1093
1045
1023
1041
1137
1462
1162
1159
1175
888
1005
1061
1070
1135
1236
1085
1022
982
1376
1192
1132
1091
981
1461
1090
1397
979
1375
1033
1028
1076
1065
1172
1084
874
1226
990
1175
972
1271
923
957
1253
988
1091
920
1131
1097
1215
1301
1243
1402
1109
926
1124
1078
1210
1053
987
1399
1121
1268
931
1241
1053
1108
1152
1201
1173
1134
1115
1039
1083
1207
1301
1136
1003
2143
1403
1098
1220
1215
964
1031
2186
1090
1113
1271
1367
1271
1532
1073
1369
1441
1316
1337
1268
1273
960
1178
1144
1193
1249
1139
1165
1349
1271
892
1016
1306
945
1418
1146
1074
962
1162
1134
1066
1055
1071
892
1293
1081
1351
1390
1019
1056
929
1178
968
1286
1200
1087
1361
951
1393
1066
1331
1109
868
1872
1033
1068
1087
971
1368
1200
1112
1013
958
1139
926
976
1105
1120
1268
856
1073
979
1192
1280
1037
1162
1012
1027
967
1196
1151
1095
1239
1096
1188
1071
1011
1052
1044
1097
1181
1122
1273
1293
1216
1026
1205
1315
1033
1457
1067
5783
1161
1205
1335
1090
2357
1143
1245
999
1188
1268
1268
1496
1062
1001
1146
943
1015
1109
1042
1028
922
1203
966
1253
1118
990
1122
1122
1119
1174
1319
1151
849
1226
1097
1122
1223
1032
1268
1140
1186
954
1058
1039
1175
1197
1060
1257
1263
1152
1025
1101
1152
937
1170
1112
1002
1108
1127
967
1015
1659
978
1128
1260
998
1230
1237
1030
1253
967
1171
1083
1223
898
1219
1064
1054
1156
1009
918
1218
976
972
1026
1060
1342
1280
1301
1273
1269
1349
2469
1248
1125
1309
1270
1208
1098
964
1101
1022
1244
1154
1351
1338
1325
1108
1040
1184
1232
938
1268
1006
1186
965
987
1080
1187
1221
911
1029
1210
1201
1169
1006
1328
1055
1025
1229
1113
1306
1206
879
1081
960
1397
943
1088
1083
1206
1208
1047
1246
1031
1339
1378
1411
1649
1384
2573
1184
1160
1291
1044
1398
1137
1430
1286
1158
1241
1357
1230
1487
1187
4117
1304
1044
1304
1623
1480
1157
1488
1398
1264
1388
1305
2941
2210
2216
1488
1356
1485
1495
1449
1236
1232
1317
2263
1662
1357
1611
1371
1369
1505
1257
1642
1203
1160
1902
1296
1630
1494
1565
1423
1265
1528
1241
1449
1231
1371
1242
1251
2762
1859
1505
1048
1358
1221
1136
1490
1090
2425
1300
1082
1212
1236
1895
1077
1330
1200
1118
1199
1342
1261
1197
1365
1104
1002
1197
2605
1081
1205
1345
1407
1059
1213
1130
1239
1525
1181
1199
1174
1280
1060
1398
1019
1030
1307
1084
1294
1048
1331
1205
1154
1202
980
1316
932
1188
1039
1058
1192
1158
1623
965
3378
1239
1067
1318
1266
1488
945
1149
1253
1137
1082
1220
1284
1211
1186
1067
1332
1523
1219
1313
947
990
1059
1086
1180
1348
1346
1136
1161
1004
1214
1188
1225
1129
1343
1203
969
1048
1227
1288
