1572
1225
979
1454
1291
1273
1289
1105
1174
1121
1390
1301
1135
1108
1110
1296
1126
1247
1119
1172
995
1106
1130
1159
1009
1085
1153
955
1549
1327
988
1049
1142
1103
1145
1016
1349
964
1252
1323
1023
1353
1112
1060
968
1138
1029
922
1309
1090
1363
950
1153
1134
951
1263
1025
1278
1072
1223
989
1122
1123
923
1228
936
1166
1052
1208
1350
1174
1132
951
1110
5507
2836
1148
1362
1253
1186
1288
1165
1166
1054
1310
1808
1149
1339
1550
1166
1359
1034
1121
943
1178
3396
1388
1328
1093
1373
1194
1239
1378
1123
1256
982
1340
1260
1066
1311
1087
1298
1532
1314
1080
1245
1082
1237
1323
1247
1378
1557
1273
1325
1055
1107
1117
1044
1200
1052
1143
1065
925
1116
1551
1253
1160
1521
1160
1138
1024
1169
1056
1046
1017
994
1226
1494
1227
189398
1110
1328
2166
1110
1313
1044
1426
1119
1176
1132
946
1292
1058
1347
1118
1131
1328
1073
1015
1017
1196
1122
1031
1185
1263
1375
1340
1222
1442
1061
1235
1088
1051
1324
1065
1058
979
1059
1276
1149
1087
997
1027
888
1124
1288
1139
993
901
1275
1139
926
1074
971
1109
1015
1049
1070
1002
1188
1029
1187
1027
1127
1173
1155
1388
1072
1181
1445
933
1234
1126
1170
1076
1043
1266
1176
1125
997
1254
995
1122
1125
1181
1243
927
1378
1392
1059
937
1130
1052
1108
1068
1180
1016
866
1226
1064
1325
1047
1047
978
949
1206
918
1389
939
1088
1052
1163
1066
936
3622
898
1063
1213
1135
1205
1104
1339
987
1202
1210
914
1030
1119
1057
1087
933
1001
1062
1062
1128
931
954
1105
1103
1025
1080
1319
957
1209
1022
1165
1071
1214
1119
972
1332
949
1080
1122
1228
941
982
868
1222
1153
1194
1075
1049
963
1023
1104
1127
1156
1048
1002
929
1020
1174
1042
983
1307
1194
1299
1052
1106
1055
1045
1980
950
1290
958
926
1272
1064
1054
1044
1241
896
842
1080
948
1077
1047
1046
1111
1286
1490
976
1358
1111
883
1096
1274
1720
1057
1327
1480
963
1118
1021
1044
1063
1231
1092
1207
1086
1208
1029
1163
1116
1296
1080
1349
1197
990
1258
991
939
1147
991
1082
1052
1109
1114
935
1386
933
1028
1116
903
1309
1114
1045
1256
1096
960
993
1164
1123
1031
1069
1257
1025
1086
1040
1203
1216
1084
1019
1140
930
1044
1032
1279
1064
1074
1295
953
1277
881
1231
1043
1100
1300
1185
1179
1062
1106
1054
1041
1220
951
982
950
934
1045
950
1116
1081
918
1242
1072
1197
1149
974
1230
1065
1422
1229
1014
932
1037
1237
992
1286
1146
1039
2049
1179
1203
1104
986
982
1130
1008
1068
1205
1032
993
1180
1013
1184
968
1093
1244
931
1031
1042
1018
1161
959
1223
969
963
1175
1000
1064
1211
1283
967
1126
1102
925
1022
957
986
1118
977
1384
884
1216
1073
1044
1145
987
1053
931
1092
1030
866
966
936
957
1128
1105
1162
1199
1188
1192
1130
1394
1122
1727
1038
1120
991
1024
1209
1010
1005
1031
966
988
1075
1067
1101
1099
1120
973
1236
981
1091
922
972
1235
1029
1432
1235
1303
1203
901
1292
1130
963
1272
1154
1225
1232
1230
969
975
1373
1020
1167
862
891
1322
1107
1207
1215
935
970
935
1009
1103
1132
1135
1191
1301
882
1168
925
1088
1590
1003
1165
1022
1109
1024
1153
1283
1078
1354
1284
996
1362
1078
1284
1067
1178
1130
976
1191
1099
1115
1109
954
1030
1204
1392
1112
1171
1000
916
1088
935
1127
946
1180
1257
932
1152
1040
1124
1232
1107
1034
943
1307
887
1013
1014
1343
1205
1442
1151
1283
946
1109
1749
1352
1336
1332
1154
1467
1249
1081
1159
1498
1198
1158
995
1244
1061
1121
1207
1042
1310
1063
1230
1654
1059
1335
1101
975
1429
925
1297
1189
1211
1132
1116
1261
1036
1355
941
1139
1206
1001
1123
1032
1268
1037
1201
1137
1118
1097
991
1233
912
991
1217
1019
985
1100
1128
1067
1075
1237
967
1181
968
969
1038
1194
1034
935
1234
1096
1075
2233
917
1227
1167
1102
1141
950
1108
1138
1299
957
1097
1206
931
1100
963
1068
1113
1022
1227
1032
961
862
1008
1052
1011
1209
1323
1288
1200
1091
1052
1001
1068
1026
1281
1012
1041
1054
870
986
1075
1170
951
1040
1149
982
1457
1164
1052
1139
1038
1269
1039
1027
1031
1145
1436
1060
1088
918
1074
1187
1043
1201
1092
1107
1008
1194
1036
915
1556
1222
1188
868
1019
1297
985
1062
1029
1241
1222
948
1174
947
1140
1064
1215
1105
968
1132
960
1158
1096
1014
1184
981
1031
1063
2573
944
1011
1263
1000
1278
895
988
1332
933
1085
1190
1121
977
1038
1041
937
1351
1269
1358
1116
1229
1129
1212
1053
1219
1390
1165
1056
1298
923
1277
914
1189
1112
1077
1246
1054
1167
1710
857
961
1138
1309
991
1027
1117
1054
972
1127
1311
1001
1028
999
959
1416
1035
1264
951
960
1429
1293
968
930
1302
1121
1155
1266
1113
1260
886
1206
905
1054
1202
987
1148
1040
1221
958
1041
1351
1050
1250
1086
921
1087
946
1302
1059
1065
919
1013
1031
1030
1091
1025
1316
1102
958
1117
1173
1259
1001
1074
1296
905
1084
1064
1082
1042
1285
1166
1249
1185
1413
1354
1075
1298
1428
995
1390
1284
1246
1200
1382
1504
1129
1366
1066
963
1030
1043
1219
1236
1106
1184
1113
1130
1082
1112
1083
1240
1115
980
1558
962
1209
1013
1087
1370
1036
1174
1258
1356
1261
1234
1187
1224
1238
1079
1129
1024
1018
1261
988
1208
1143
1057
983
1084
1053
1059
1058
1024
1080
874
978
1257
1256
1259
1143
1258
1013
901
1204
