1365
1247
1108
1305
1421
1295
1147
1350
1235
1354
1183
1040
1367
1367
1224
1435
1111
1392
1573
2117
1709
2111
979
1012
1419
1110
1313
1094
2183
1292
1453
1162
1034
1345
1285
1230
1125
1030
1030
1418
1046
1040
1153
1400
924
1706
1522
1312
1093
1279
1085
1639
1059
1585
1158
1272
1152
1632
1514
1128
1168
987
1602
928
994
1453
1320
1095
1377
2627
1282
1530
1402
1218
1358
1140
1329
1091
2086
1448
1105
1631
1238
1425
1509
906
1182
1471
1213
1031
1229
1192
1106
1491
1126
1084
1525
1296
1834
1265
1536
1113
1194
1317
1073
1096
1721
1161
1241
1168
1355
1194
1853
1026
1191
1470
1072
1463
1112
1044
1211
973
1033
951
1095
1006
1066
1061
1218
1096
1108
976
1336
1084
1174
1176
1282
1294
2436
1211
1417
1564
1322
1244
1147
1218
1302
1103
1383
1235
1300
1490
990
1080
1154
941
1401
1346
1428
1266
1186
1158
1069
1118
992
1048
1072
996
1339
944
1081
1064
1102
1086
1153
1161
1216
1176
1017
995
1325
1104
1133
1076
1165
1249
1159
1081
1274
1418
1136
1112
1180
1126
1405
1208
1372
1208
1123
1208
1223
1122
1035
1005
1286
950
1362
1498
1620
1280
1274
1148
986
1309
1171
1124
973
1064
1165
1046
1284
1174
1415
1190
1271
1194
967
1223
983
1007
1102
962
1095
939
1349
1077
1313
1166
1068
1153
1044
997
1020
1230
1072
939
1147
1183
1173
1216
1269
1258
1425
1399
927
1113
1111
1102
1334
1180
1243
1340
1145
1184
1050
1092
1035
977
1257
927
1050
1066
876
1312
1073
1221
1119
1042
1217
1032
1369
994
1198
1493
1089
1254
1004
1128
899
1025
1114
996
1185
937
1008
1350
1198
1207
1113
1163
1090
1220
2039
1104
1183
997
972
1210
1083
1047
1106
1137
988
1001
1212
1266
1549
1161
1255
1178
1027
1138
937
1349
1143
1221
1049
1210
1243
1030
928
1266
1025
1158
981
1243
985
1014
1147
1162
1232
1014
1238
1136
1043
1053
1627
7198
2853
1841
1386
1474
1123
904
1007
1178
994
1238
940
1166
906
1017
1457
1336
1059
971
1191
1127
972
1158
1023
1144
1187
1020
1111
1228
1392
986
952
1008
971
2123
995
1090
998
1015
1293
1139
1157
1038
958
1027
1084
1127
1163
1744
1287
1412
1341
1126
1179
1064
1152
1101
1163
1272
1163
1204
982
1015
1647
1151
1083
1018
943
955
990
1252
979
1256
1162
1307
981
958
1352
1052
938
2440
1143
1413
949
2623
1096
903
1155
1077
1140
1615
1277
1096
1059
1433
1169
1337
988
1242
1194
1003
1200
1172
886
1116
968
1342
1020
1275
1139
1058
1047
1098
1251
989
1022
1031
1169
1209
1170
1310
1023
1178
1341
2102
1031
1039
1209
1278
997
1137
1092
1027
1151
936
1298
958
1227
980
1439
1854
995
1887
1092
1018
1264
1041
1207
1041
1415
1265
1334
1266
1155
1183
1240
1153
1047
1136
1203
1141
1091
1281
1193
1138
1252
1106
1060
1033
993
1132
1164
1074
1047
1109
996
1236
1102
1169
1213
1061
1287
1072
1260
951
987
1028
1076
1435
1153
1208
1004
1024
1097
1011
1270
1122
993
1295
1012
1053
2325
1251
1031
936
1129
950
1348
1198
1230
1138
1136
1038
940
1366
1107
1227
1080
1171
1143
1020
1011
1362
1703
1534
1094
1171
1148
997
1339
980
1198
1202
1154
1183
1149
1371
1547
1141
1256
1197
1364
1187
1240
1331
1219
1110
1201
1206
1071
1192
975
1326
2106
1397
1394
1125
1119
1130
1174
1104
1144
1014
1132
1245
1124
1070
1301
1109
1174
1005
1446
1082
1057
1197
1095
1211
1287
1126
1084
1008
1028
1132
1317
1150
1478
1649
1399
1532
1656
1478
1465
2023
4119
1975
1685
5126
3079
1630
1740
1166
1388
1945
1417
1530
1716
2040
1497
1653
1663
1818
1818
1487
1527
1542
1343
1730
1701
1981
1590
1790
2027
1743
1640
1434
3129
1228
1148
1554
1251
1853
1377
1652
1523
2059
1727
2098
1458
1364
1721
1626
1387
1801
1460
1721
1670
1463
1523
1299
1469
1656
1838
1588
1680
1587
1438
1748
1478
1654
1523
1509
1267
1819
1574
1431
1942
2001
1558
2314
2022
1845
1862
1977
1394
1418
2005
1568
2540
1603
1526
1435
1208
4185
1205
1563
1724
1634
1853
1837
1704
1770
1951
1489
1582
2002
1425
1515
1559
1717
1699
1971
1821
1601
1826
1483
1597
1302
1804
1793
1448
1602
1292
1673
1560
1471
1416
1357
1438
1680
1645
1730
1540
1523
1571
1834
1432
1652
1506
1269
2573
1695
1730
1491
1519
1456
1682
1923
1948
1397
1364
1389
1733
1378
1945
1646
1732
1126
1707
1298
1151
1428
1662
1540
1398
1472
1629
1394
1972
1618
1821
2006
1404
1600
1473
1539
1438
1774
1624
1501
1540
1177
1495
1591
1571
1427
2701
1372
1764
1654
1649
1504
3009
1869
3014
1444
3182
1482
1660
1969
4456
1622
1985
2116
1440
1550
1469
1477
2258
1712
1323
1527
1319
1323
1374
1204
1246
1209
1140
1401
1116
1551
1298
1276
1693
1423
1414
246970
1471
1534
1266
1043
1172
1276
1451
1268
1039
1243
1111
1234
918
1011
2343
1024
998
1177
1602
1097
1076
1193
1163
1582
1164
1950
1121
1235
1232
995
1170
1054
1011
1504
1023
2208
1260
898
1525
1198
967
1318
1053
1139
959
1233
1175
1394
1024
1109
1314
1168
1109
1223
1378
1101
2795
1084
1046
1335
1112
1103
1452
1215
1167
1455
1251
907
1068
1521
995
1215
981
1433
1113
1027
1278
988
1061
1553
1108
1365
1099
1569
1477
1581
1087
1046
1742
1025
1148
1013
1081
1390
1215
1232
1228
1119
1032
950
1259
1329
1339
1639
1258
1281
999
1155
952
1063
1262
1164
1272
1095
1468
1200
1217
1698
1465
1475
1021
1282
1402
1019
1279
1204
1108
1106
1118
1148
1147
1100
926
1066
1327
1253
