2469
1494
1923
1310
1441
1179
1561
1743
1241
1355
1432
1678
1106
1026
1339
1248
1306
1000
1167
1378
1419
1416
1215
1487
1300
1431
1762
1369
1528
1438
987
1335
1239
1500
1239
1592
1401
1183
1243
1431
1205
1210
1311
1383
1516
2604
1176
1501
1116
1086
1809
1002
1297
1464
1276
1265
1133
1136
1204
1135
1207
1168
2714
2069
1636
1385
1102
1291
1141
1374
1174
1159
1159
1049
1156
999
1172
1317
1223
1501
1166
1386
1093
1275
1059
1073
1250
1030
1351
1065
1057
1340
1142
1220
1052
1341
1045
1446
1386
1277
1142
1103
1370
1283
1312
1468
1074
1259
1308
1389
1060
1095
1456
1273
1348
1275
1224
1152
1118
962
1040
1361
1248
1201
1385
1312
1094
1287
1430
1206
1099
1123
925
1481
1289
1264
1171
1191
1174
1306
967
1315
1199
973
1371
1545
1354
1245
1200
2095
1453
1507
1346
1321
1029
1364
1192
1446
1501
1041
1063
1215
1146
1372
1267
1352
1466
1074
1124
1240
1563
1279
1395
1723
1181
1310
1458
1241
1413
1592
1385
1340
1874
1596
1198
2158
1025
1670
1310
1260
1213
995
1212
1172
1464
991
1194
1317
1442
1497
1009
974
1512
1115
1443
1231
1470
1163
1158
1419
1158
1196
1150
1094
1368
1239
1874
1501
1595
1500
1262
1605
1196
1551
1065
1766
1458
1037
1307
1130
978
1335
1390
1307
1013
1126
1171
1074
1164
1289
1120
1174
1181
1157
1094
1096
1273
1365
1262
1188
1363
1183
1182
1410
1051
1190
1218
1306
924
1248
1018
1054
1227
1142
1174
1116
900
1333
1296
1439
1081
1403
1043
1097
1381
1083
1163
968
1176
1177
919
1309
1036
1066
1054
1017
1334
1015
1313
1110
1102
1372
994
1297
905
1142
1480
1046
1002
977
1196
1241
1100
938
1028
1121
1159
1260
892
1030
1389
1305
1168
948
1102
1379
995
1230
1120
1190
1132
1018
1451
1481
1330
1269
1159
1120
988
1504
1134
1162
1258
1335
1531
1243
1239
1357
1402
1528
1229
1397
1255
1110
1062
1244
1205
1212
1341
1065
1241
1960
1386
1166
1306
1250
1412
1303
1200
1352
1312
1216
1264
1236
1349
1590
1423
1473
1280
1284
1473
1190
1551
1233
1491
1223
1324
1486
1479
1331
1131
1261
1395
1033
1706
1064
1448
1289
1198
1618
1254
1182
1190
1397
1366
974
1259
1228
1346
1409
1253
1124
1390
1392
1202
1497
1406
1276
1271
1066
1463
1172
1427
1474
1390
1833
1377
1414
1320
1570
1422
1156
1404
1223
1319
1377
1548
1547
1268
1310
1784
1108
1529
1202
1095
1063
1208
1136
1182
1457
1219
1374
1398
957
1185
1112
1304
1219
1198
1357
1247
1459
1151
1211
1172
1445
1067
1335
2036
2192
1556
1128
1411
1120
1475
1407
1146
1218
1170
1421
1358
1641
1370
1142
1114
1074
1239
1112
1320
1593
1443
1510
1324
1277
1140
995
1446
1169
1388
1002
1213
1061
1112
1406
1182
1212
1111
1549
1342
1432
1679
1356
1279
1147
1571
1097
1259
1530
1330
1424
1011
1340
1475
1245
1507
1558
1163
1258
1298
1297
1222
1396
1134
1300
1283
1253
1278
1394
1205
1306
1433
1039
1261
1079
1653
1261
1526
1631
1559
1227
1655
1155
1369
1022
1297
1273
1557
1262
1287
1284
1374
1320
1292
1475
1522
1550
1332
1358
1811
1303
1333
1257
1242
1496
1444
1603
1348
1032
1364
2524
1232
1022
1251
1202
1155
1269
1138
1352
1443
1217
1347
1432
1299
1363
1344
1262
1365
1327
1296
1372
1336
1417
1287
1766
1572
1558
2651
1507
1438
1364
1297
1401
1227
1121
1012
1211
1223
1447
1220
1329
1274
1220
1603
1274
1469
1306
1516
1325
1399
1219
1196
1511
1018
1157
2079
1257
1707
1381
1365
1379
1186
1325
1394
1755
1354
1218
1319
1264
1254
1302
1314
1465
1525
1543
1210
1334
1133
1366
1265
1391
1391
1377
1549
1361
1346
1237
1522
1367
1263
1285
1274
1193
1182
1213
1379
1181
1287
1126
1273
1227
2191
1267
1386
1325
1234
1388
1425
1358
1222
1190
1407
1341
1733
1127
1412
1266
1617
1553
1302
1558
1179
1417
1219
1424
2261
1964
1544
1259
1337
1296
1643
1129
1140
1218
1051
1148
1385
1309
1329
1024
1481
1208
1630
1256
1346
1379
1340
1371
1299
1274
1289
1243
1389
1161
1209
1158
1115
1483
1524
1392
1213
1482
1410
1490
1370
1285
1424
1395
1405
1420
1115
1441
1317
1549
1305
1252
1340
1429
1213
1495
1355
1263
1536
1423
1363
1577
1309
1512
1065
1225
1287
1464
1522
1280
1433
1295
1176
1560
1407
1335
1229
1253
1309
1273
1346
1115
1248
1587
1385
1537
2208
1815
1607
2665
1461
1576
1404
1301
1259
1618
1193
1475
1118
1282
1488
1276
1313
1261
1076
1263
1010
1245
1486
1288
1100
1129
1554
1273
1271
1212
1180
1655
1627
1197
1056
2060
1292
1335
1361
1296
1481
1563
1438
1663
1697
1744
1080
1271
1318
1127
1172
1339
1367
1512
1402
1420
1633
1620
1281
1619
1231
1219
1342
1377
1545
1368
1251
1489
1208
1318
1274
1303
1453
1260
1445
1823
1396
1377
1227
1434
1341
1606
1279
1536
4107
1627
1415
1551
1640
1267
1660
1223
1532
1087
1462
1530
1512
1780
1642
1315
1808
1991
1336
1397
1364
1386
1805
1634
1600
1581
1629
1376
1619
1458
1387
1736
1292
1583
1277
1480
1344
1639
1206
1265
1516
1494
1530
1332
1516
1404
1549
1500
1357
1624
1482
1526
1510
1535
2283
1630
2214
1659
1459
1474
1566
1779
1623
1455
1538
1572
1768
1388
2102
1829
1693
1969
1634
1456
1724
1522
1516
1343
1527
1515
1675
1321
1570
1459
1213
1743
1518
1788
1754
1367
1694
1651
1948
1878
1729
1838
2857
1464
1473
1429
1465
1684
1735
1876
1496
2019
1732
1734
1427
1775
1667
1596
1875
1490
1516
1451
1373
2339
2948
1856
1708
1501
1464
1532
1366
1342
1546
1492
1502
1732
1379
1462
1766
1689
1736
1607
