1846
1851
1818
1895
1524
1670
1573
1128
1214
1679
1512
1466
1133
1445
1729
1312
1305
1286
1428
1406
1948
1487
1207
1533
1411
1472
1827
1553
1320
1396
1562
1751
1314
1405
1451
1219
1168
1149
1470
1214
1157
1218
1116
986
1051
1249
1090
1211
2611
1421
1161
1246
1267
1056
1119
1699
1086
1235
1655
1354
1080
1568
1301
1201
1566
1076
1445
1684
1332
1630
1523
1352
4479
2058
1028
991
1601
1168
1068
1181
1305
1336
910
1053
1133
1206
1380
1265
1002
1110
1107
1380
1448
1241
1201
1547
1254
997
1330
1073
1180
1236
1274
1320
1269
969
1351
1173
1253
1219
1064
948
1124
1320
1371
1141
1047
1192
1273
1356
1429
1144
1248
1490
1089
1379
1029
1279
1491
978
1084
1248
1252
1084
1465
1393
1369
1309
1322
1371
1092
1309
1327
1137
1203
1073
1286
1412
1039
1381
1478
1433
1277
1437
1390
1114
1355
1109
1257
1268
1126
1094
1245
1312
1191
1132
1368
1096
1320
1020
1225
1061
1135
1098
1238
1024
1402
1269
1182
1408
3755
1187
1280
2178
1284
1505
1473
1200
1152
1366
1133
1013
1272
1303
1468
1494
1284
2330
1267
1176
1119
1131
1695
1118
1477
1392
1095
1281
1282
1358
1351
1370
1673
1334
1614
1317
1214
1300
1060
1269
1957
1122
1033
1989
1916
1000
1857
1073
964
1552
1026
1273
1420
1294
1390
1674
1343
1275
1832
1657
1286
2393
1482
1183
1421
1375
1209
1219
1816
1566
1125
1261
1977
1406
1095
1379
1173
2718
1491
1203
1502
1540
1232
1367
1428
1108
1083
1970
1699
1312
1434
1793
1015
1641
1516
1261
1696
1034
1229
1608
1113
1530
1251
1169
1120
1371
1221
1337
1342
1343
1285
978
1240
1367
1091
1527
1328
1312
2978
1166
1106
1145
1229
1172
1056
1238
1271
1813
935
1200
1094
1149
1178
1050
1644
1185
1268
1060
1196
1965
2301
1106
1067
1099
1067
1076
1302
1138
1345
1104
1115
1161
961
1017
1257
1316
1211
1672
1390
1243
1286
1206
1226
1119
1065
1165
1039
1284
965
1371
981
1134
1303
1702
1510
975
1079
1257
1044
2247
1932
2172
1040
1087
1217
1180
1136
1295
1034
1090
1197
1465
945
1134
1076
1209
1104
938
1186
2165
1619
1603
1076
1643
1255
1473
1102
1397
1492
1090
1434
1180
1184
1064
1239
1346
1404
1252
1103
1128
1309
1284
1098
1197
1486
1221
1275
1578
1333
979
1217
1225
1573
1319
1104
1138
1143
1023
1481
1558
1491
1742
1150
2335
1548
2451
1998
1205
1135
1427
1135
1158
1369
1227
1136
1461
1505
1748
1118
1672
1081
1320
1301
1193
1636
1176
1194
1690
1230
1134
1465
1124
1142
1168
1215
1366
1243
1031
1829
1262
1019
1177
1661
1457
1167
1305
1543
1371
1203
1739
1676
1161
1077
1370
1467
1260
1544
1601
1045
1127
1208
1047
1119
1231
1165
1174
1093
1168
1060
1218
1157
1181
1168
1114
1225
920
1106
1052
1100
1657
1252
1688
1702
1513
1796
1945
1037
1085
1799
1441
1089
1298
1176
1529
1321
1155
1349
1106
1274
1333
1333
1603
1067
1301
1580
1158
1209
2245
1098
1477
1884
1086
1096
1739
1230
1344
1297
1899
1089
1182
1348
1141
1938
1375
1237
1236
2214
1009
1365
1428
1002
1310
1347
1198
1302
1296
1193
1156
1516
1016
2884
1279
1087
1327
1519
1968
1498
1987
1697
1241
1289
1046
1491
1637
1318
1182
1094
1581
1350
1236
1248
1399
1658
1591
2773
1500
1062
1208
1373
1195
1166
1253
1284
1299
1351
1452
1336
1275
1339
1311
1196
1165
1085
1046
1383
950
1087
1035
1231
1073
915
1399
1230
1007
1022
1636
1423
1321
1202
1425
1274
1345
981
1534
1371
1051
1689
1022
1180
1240
1334
1699
2647
1318
1031
1679
1322
1327
1389
1108
1180
1616
1190
1324
1583
1049
1227
1329
1608
1319
1618
1173
1296
1099
1004
1349
1012
1058
1282
1360
1266
1330
1825
1257
1393
1366
1324
1117
1111
1291
1414
1132
1334
1076
1296
1283
1124
1181
1225
1171
1075
1339
1378
1146
1266
1124
980
1605
1193
2116
1147
1324
1276
1576
1268
1297
1546
1464
1070
1293
1433
1378
1029
1057
1010
1977
1373
1132
1034
1071
1170
1466
1278
1223
1301
1127
1168
1065
1447
1207
1252
1156
1019
1195
1523
2446
1165
1563
1876
1156
1496
1267
1496
1361
1064
1109
1333
1231
1032
1172
1137
1489
1034
1394
1357
1063
1069
1329
1312
1336
920
2503
1412
1015
1517
2011
1215
1576
1675
1287
1158
1276
1348
1727
1248
1037
1716
1035
1169
1314
1013
1337
1173
1103
1064
1022
1385
1135
1173
1194
1396
1317
1165
1409
1582
1146
1008
1117
1134
1218
1239
1155
3679
1247
1054
1266
1183
1374
1014
1052
1314
937
1469
1114
1031
1220
1296
1609
1107
1146
1311
1276
1043
1713
1393
1087
1370
1083
1125
1710
1289
1515
1611
1155
1417
1868
1688
1951
1534
1200
1502
1422
1329
1516
1191
1604
1317
995
1155
1340
1638
1164
1177
1725
1074
1330
1859
1356
1468
1280
1191
1313
1362
1072
1376
1163
1321
2274
1344
1100
1796
1259
1374
1244
1327
1015
1302
1192
1237
1212
1213
1171
1444
991
1072
1307
1268
1134
1107
1511
1405
1395
1176
1235
1177
1011
1182
1399
1371
1287
1601
1244
1476
1968
1219
1451
1305
1166
2126
1392
1210
1264
1280
1277
1730
1157
1188
1257
1232
1303
1430
1213
1874
1273
9357
1530
1287
1459
1285
1831
1156
1336
1763
1198
1239
1556
1412
1299
1340
1222
1332
1130
1035
1255
1784
1313
1191
1542
1353
1282
1311
1409
1388
1742
1099
1043
1460
1100
1312
1268
1194
1176
1582
1472
1368
1271
1266
1394
1190
1238
1265
1209
1951
1197
1246
1153
971
1278
987
1077
1689
1193
1272
1397
1507
1001
1115
1376
1311
1658
1502
1051
1305
1247
1316
1196
1500
1103
1119
1265
1423
2073
1077
995
1670
1860
1755
1863
1421
1213
