1432
1233
1217
1203
1286
1065
1463
1028
1039
1327
1038
1294
1058
1330
1207
924
1182
988
1314
967
1126
1039
1077
1164
1165
1623
984
3378
1221
1082
1284
1279
1493
1055
1220
1191
1127
1099
1202
1274
1204
1151
1056
1338
1513
1223
1354
925
1000
1234
1042
1185
1178
1354
1136
1176
979
1214
1242
1234
1129
1179
1255
1004
1054
1267
1308
1308
1016
1953
1647
956
1629
1197
1274
1581
1225
2096
1158
1362
1295
1090
1230
1044
1254
1032
1238
1049
1182
1263
1179
1177
1222
1105
1144
1249
1368
1115
1522
1245
978
1229
1015
1174
1137
1350
1008
1110
1024
1022
1330
1007
1324
966
1002
1166
1025
1078
896
1053
1153
1038
1171
2280
1248
1097
1028
1264
952
1262
1226
1231
1105
1182
1204
1335
1248
993
1051
1281
1383
1160
1209
1309
1032
966
1305
1141
1248
1047
1035
1083
879
1173
1084
1321
1254
1177
936
982
1329
1134
1042
1372
1085
1156
1078
1231
1110
1085
1175
2443
1295
1087
1032
1125
1206
990
974
1200
964
1355
954
1314
1071
1136
1269
1300
1195
1159
1321
1103
1353
1380
1710
1394
1195
1148
1331
1059
1158
1010
1120
1327
1224
1058
1116
1227
1115
1241
1174
999
1091
1105
1289
1009
1187
1310
956
1365
1673
1361
1104
1031
1148
1090
1163
1078
1263
1091
897
1250
1145
1262
1098
1544
1059
1201
1181
1017
1086
1377
911
1132
985
1554
937
1173
1171
1018
1213
982
1064
1110
985
1127
933
1199
979
1003
1172
1441
1146
1338
1028
1196
1054
2672
1196
1043
1095
1090
1305
1064
1409
1008
1173
2428
1084
1029
973
1172
1055
1217
1026
1194
988
1273
1142
1315
1053
1206
1165
1098
1312
1145
963
1198
1203
1024
1091
1319
1268
1146
1424
1108
1101
1208
934
970
1087
1385
1028
930
1165
2159
1298
1068
1228
1417
1175
1206
951
1159
983
1139
1170
1122
1106
871
1255
1274
1132
1133
1060
1210
943
1034
1238
1455
1312
985
1163
1229
1022
1127
1234
1616
1173
1065
1381
1131
1462
1408
1123
1612
1088
1387
1108
1151
1060
1033
1037
1076
1366
965
1241
1224
1153
1183
1128
986
1283
1143
1267
1273
1043
1168
1155
1119
1055
1010
1150
2070
988
868
1289
1117
962
2452
1271
1016
1310
1430
1264
1079
1140
1151
1371
1088
1055
1224
1057
1112
1249
1071
1061
1083
1469
1090
1600
1179
1178
1226
1036
1239
1093
1467
1633
1073
1172
1175
1360
1193
1247
2157
1097
1151
1127
1004
1198
1224
1213
1022
994
1106
2060
1573
1188
1785
1164
962
1317
1107
1109
1307
1185
1417
1056
1115
1097
1115
1241
1111
1244
1114
983
1175
1075
1035
1029
1024
1151
1149
991
1123
1329
1133
1246
1178
1145
1122
987
1065
990
1124
1316
998
1309
1079
1117
1608
1247
1069
1237
1173
902
1237
1374
1202
1495
1036
1076
1327
1156
1270
1080
967
1387
1074
1232
1043
1133
1503
1394
1405
1283
1170
1099
1060
4079
1063
1096
1182
928
1203
953
1708
1715
1229
1178
1026
1362
1279
1148
968
1065
1139
1141
1211
1235
988
1267
1006
990
1241
2358
1066
1296
1171
1042
1267
1221
1101
1205
1065
1464
1058
1162
1233
1238
2931
1145
1385
1233
977
1286
985
1316
1096
1305
1029
1088
1466
1024
1364
1403
1189
2094
1657
1241
1038
1182
1252
1011
1276
1042
1472
1058
985
1283
1140
1114
990
1117
1399
1066
1643
1066
1040
1124
1238
1185
1078
1024
985
993
1044
1202
1511
1147
1351
1167
1230
1274
1166
1093
1174
1082
1034
1031
1102
1063
1084
1321
1262
1046
1151
1145
976
1019
1152
973
1076
1109
947
1373
949
1104
1181
873
967
1034
1283
898
1291
928
1291
1233
1255
1388
1185
1019
1020
1032
1239
1250
1074
1161
1001
1115
994
1269
981
1183
1088
1050
1128
2096
1226
996
1167
1505
1147
1181
1170
957
999
1124
1404
1007
1263
1005
1086
958
1090
1183
1077
1050
1257
1181
1128
955
872
1203
978
1341
1071
1263
1075
1105
1186
1104
1087
1196
1175
1151
1150
1289
985
1357
1177
1064
1252
1171
1241
1273
986
1321
861
1054
942
1444
1072
970
1067
1174
1300
1122
1011
1082
970
1188
1061
1375
928
1268
1031
1214
989
907
947
1087
1154
1219
1264
1210
973
1083
1055
1052
943
1087
1185
1382
996
1258
1020
1035
1322
1084
1115
958
1196
1139
1140
1268
1122
1380
1256
1037
1275
1057
1141
1218
1070
1264
1080
1172
1212
1294
1048
939
1294
948
890
1227
1131
1297
1064
1333
1017
1020
1405
918
1200
936
1039
1202
1157
1247
1208
1381
976
1206
1218
965
1272
1121
1349
1332
831
1308
1005
1061
986
1128
1186
1021
1193
1171
1193
1422
1264
1224
1029
1019
1130
1170
1119
1041
1254
1053
1107
1443
1425
1488
1177
1020
1239
1116
1278
930
1305
1112
2259
1327
1010
1608
1110
1038
1340
1203
1184
1135
1278
1313
1024
1102
1022
1008
1030
1155
1096
884
1231
1085
2385
1092
1265
977
906
1128
1057
1068
986
1195
1042
1186
1277
1153
1154
1118
972
2221
932
1031
952
1042
1150
1039
1112
1168
1309
1272
1350
1112
955
1179
1108
1477
1249
1180
1117
1042
2183
1181
1122
1255
1054
1077
4867
1556
1005
1139
1316
1057
1119
1047
1081
922
1187
1082
1231
1187
1179
2684
1027
964
1153
979
1276
1148
1379
1030
1115
1117
1051
1091
935
1089
1891
1179
1498
914
1174
1078
1148
1151
1257
1143
1086
1020
1064
967
1126
1172
1214
1264
1407
1230
1118
1303
1207
1151
1110
1039
1345
1087
914
918
1381
984
1096
1015
1274
1109
971
1268
1193
1315
902
1141
1227
1109
987
901
1445
1220
1141
1173
1095
1482
945
1178
1368
1247
1186
987
1184
1706
1251
1352
1508
1368
987
2135
1398
1838
2674
