3998
2881
2289
3883
10364
7618
2137
2981
4343
3301
7591
2040
14072
7777
3768
13273
3468
10345
2025
2356
3178
2459
2685
6212
7316
12921
2985
3049
6000
5215
4511
2635
2724
1693
2593
2200
2889
1769
1514
2138
1439
1572
1940
1841
1596
1331
2414
1175
2446
1884
2420
1618
1232
1729
1422
1542
1810
2158
1680
1901
1640
2588
1577
1620
1792
1734
2321
1834
20580
10858
2169
12631
2801
12982
1815
3323
2391
1984
2165
2045
1414
1386
1560
1483
1798
1591
1197
1438
1299
1438
1152
1410
1677
1401
1608
1254
1306
1578
1380
1287
1104
1608
1239
1268
1155
1227
1357
1173
1448
1139
1173
1226
1202
1220
1104
1212
1029
1011
1296
1232
1296
1198
1759
1369
1147
1408
1014
1155
1124
1115
1277
1140
1036
949
1128
1142
931
1086
1144
1154
1078
974
1118
975
1415
1017
1199
1056
1002
1157
962
1350
1271
1104
1344
1127
1359
1030
1121
1088
1159
1309
1037
1194
1201
1172
980
1491
1034
1167
1206
1061
1337
1108
1164
1141
975
1137
1149
1172
1183
1120
1142
1209
1305
1112
997
1277
1087
1301
1119
1128
1172
1002
2396
1255
1089
1132
1193
2026
1034
1334
1101
1155
1444
1160
1274
1294
1263
1390
1283
1391
1165
1662
1183
1259
1532
1416
1147
1391
1053
1148
1898
1403
1182
1306
1420
1122
1938
1413
1384
1317
1948
1976
1580
1571
2125
1494
1153
2247
1400
1098
1290
1157
1438
1551
1193
2530
1122
1506
1454
1128
1382
1375
1551
1573
1286
1341
1344
1220
1223
1380
1410
1205
1163
1131
1185
1145
1467
1205
1138
1362
1123
1352
1147
1327
1214
1293
1191
959
1143
946
1411
1084
1205
1057
1230
1119
1150
1152
939
1265
1109
1053
1321
1132
1072
1043
1195
1078
1114
1336
1212
1230
1082
1158
1029
989
1416
1364
1611
1374
1159
1157
1165
1327
1491
1528
1111
1236
1316
1293
1213
1226
1261
1039
1431
972
1062
1059
1186
1191
1327
1210
1044
949
1263
1061
1379
1116
1308
1251
1138
1417
1116
1289
970
1322
1154
1071
1199
1163
1118
1182
1063
1073
967
1184
1111
1186
1206
995
1094
1186
1174
1202
1324
1024
967
970
914
1112
1306
1240
1130
1065
1373
1224
1406
1054
1080
1029
1099
1065
1137
1281
1211
1430
1338
1027
1263
1241
1577
1642
1309
1413
1379
1289
1567
1388
1226
1289
1222
1537
2666
1577
1478
1267
1216
1284
1402
1388
1273
1625
1432
1376
1545
1084
1519
1263
1397
1071
1303
1257
1059
1236
1229
1285
1126
1502
1164
1161
1300
1168
1383
1149
1459
1492
1075
1306
1280
1354
1377
1284
1256
1458
1172
1167
1244
1226
1302
1166
1028
1186
1058
1415
1527
1413
1121
1026
1320
1008
1105
1187
1196
1065
1069
1257
1193
1411
1338
1606
1482
1722
1974
1456
1525
1335
1422
1473
2261
1688
2084
1489
1548
1434
1212
1265
1562
1208
1566
1369
1447
1356
1297
1426
1475
1474
1441
1272
1854
1296
1475
1272
1262
1232
1170
1212
1260
1274
1435
1330
1087
1329
1286
1508
1315
1166
1224
1195
1178
1678
1055
1136
1053
1203
1315
1088
1268
1018
1176
1253
1188
1277
1215
1118
972
1379
1192
1539
1610
1041
1103
1297
1282
1174
1227
1263
1353
1787
1807
1338
1220
1135
1184
1159
1273
999
1455
1073
1130
1493
1454
1308
1401
1727
1442
1461
1294
1317
1730
1090
1203
1181
1203
1154
1020
3562
1142
1059
1085
1117
1297
1272
1030
1229
1056
1172
1108
1131
1326
1058
1259
1167
1145
1456
1321
2778
1308
1320
1138
1086
1346
1475
1616
1167
1167
1460
1194
1302
1129
1351
1026
1308
1426
1182
1568
1484
1322
1509
1296
1426
1711
1450
1908
1184
1397
1406
1581
1264
1476
1242
1198
1428
1355
1530
1131
1245
1601
1261
1580
1212
1446
1272
1204
1513
1165
1297
1333
1294
1790
1416
1529
1210
1296
1391
1089
1479
1243
1220
1164
1439
1482
1562
1400
1400
1652
1412
1196
1288
1491
1667
1307
1196
1314
1294
1954
1885
1290
1976
2132
1478
1805
1889
1402
1611
1234
1586
1981
1860
2047
1164
1385
1360
1431
1394
1381
1628
1067
1079
1571
1235
1417
1121
1219
1371
1091
1245
1141
1129
1049
1188
1146
1025
1079
1241
1152
1178
1088
1376
1180
1297
932
1091
1024
1251
1003
1009
1213
1247
1353
1297
1147
1400
1069
1112
1411
1033
1145
1115
1185
1098
1387
1471
1231
1302
1021
1181
1100
1049
1386
1072
1171
1163
1096
1041
1197
1289
1154
1144
1247
1096
1028
1020
1045
1081
965
1135
1229
1401
1173
996
1047
1131
2591
998
1138
1232
1011
1168
1100
1042
1025
1159
1214
1132
1339
947
1066
1244
1104
1308
1043
1545
997
1027
1282
1314
1166
1373
1189
1008
1047
1361
1207
1350
1154
1145
1281
1112
1038
1044
1282
1109
1085
1037
957
1185
1173
1032
1464
968
1146
1228
1039
1790
1003
1088
1217
1587
1224
1222
1302
979
1167
1147
1108
1099
1146
893
1089
1118
1165
1200
1173
968
1051
1009
1259
1124
1184
1276
1005
1143
1143
1248
1001
1132
1191
993
1301
1091
1049
1335
1026
1238
1138
1269
1020
1043
1204
1483
1314
1116
1028
1375
1175
1233
1349
1219
1115
986
1394
1170
1492
1367
1160
1293
1184
1148
1208
1415
1273
1206
1173
1009
1344
1076
1047
1027
1264
1193
1154
983
1162
1073
1083
1132
1292
1244
1122
1158
943
1187
1095
995
994
967
1009
929
1262
1054
1137
1208
1204
1261
1077
1205
977
888
1027
1145
1256
1163
1362
1078
1218
1119
1028
1381
871
989
1083
1059
1348
1088
1332
969
1117
1287
974
1349
1146
1253
1095
1517
1622
1240
1130
1266
977
1360
1010
1289
939
1209
1065
1006
1128
939
1208
1187
1277
1193
1133
1358
1163
1170
1214
1066
1070
1343
1384
1281
1124
1309
986
1160
1100
1113
1041
1104
1195
1021
1173
1099
1331
1164
1106
1028
