1213
1728
1261
1105
997
1301
1080
965
1350
1043
2466
2108
1053
1101
1202
1221
1046
1135
1357
1079
1059
932
1051
1032
1232
1234
1228
1468
1291
1432
1168
1167
1181
1038
1250
969
2504
1184
978
1771
1169
1128
1375
1284
1314
1247
1205
946
1117
1181
1268
1361
974
1137
1009
1324
1127
1145
1223
1134
2289
1043
1208
1073
911
1168
916
1413
1074
1119
955
1026
2488
1172
1307
1145
1292
984
891
1128
1212
1347
1005
1220
1368
1553
1286
1216
1533
1011
1082
1155
915
1348
1104
1274
1263
1266
1055
1212
1033
1255
1125
1019
1082
1094
1180
1096
1131
1264
980
1521
1028
1197
1147
1354
1108
1117
1134
1217
1173
1308
1346
1434
1296
2467
1044
1016
1381
1211
1118
1076
1327
1611
1151
2872
1479
1509
1202
1412
1330
1395
1438
1213
1283
976
1023
1133
1170
1142
1232
1646
1433
1400
1236
1117
1022
1157
2512
1003
1265
1054
1320
1405
1843
1080
1268
1374
1039
1073
1230
1025
1299
972
1005
1436
1270
1355
1176
2447
1002
1161
1364
1049
1742
1305
1106
1172
1227
1043
1197
970
1254
957
2155
2570
1387
1219
944
1287
1052
1301
1194
1031
937
1207
1181
1068
1299
1154
1222
1255
1199
1162
918
1038
923
1264
1309
1092
1054
2117
1023
1394
1023
1279
1008
1018
1250
1362
1211
1137
1236
1416
1000
1399
1129
1361
1007
1133
1203
1209
1398
847
1079
1327
1101
2931
1020
1198
1060
1044
1032
978
1312
1137
1086
1242
943
1122
1118
1220
1012
954
1089
1181
1092
1036
1228
925
1240
1244
1214
1027
955
1190
1154
1039
1247
1218
1476
1216
1068
1191
1128
1354
1104
1918
1061
1129
1152
1021
1317
1186
1229
1000
1365
1186
1140
1216
1200
1263
1077
1144
1334
1059
1163
1169
964
2377
1078
1273
1119
1023
932
1026
1216
921
1148
1135
1246
1098
921
1159
954
1417
1053
1171
1241
1134
1268
960
1405
1253
1016
1241
1584
1223
1121
1010
1055
1014
1086
1153
1255
1320
1063
1305
1115
1350
1124
1048
1213
1101
1149
1034
1319
1211
1040
1177
1226
1428
1068
1247
1081
1019
1260
1150
1024
1220
1227
1278
974
1214
1112
1202
1140
907
1345
1277
1187
1068
1026
1017
1200
1227
970
1272
1203
1199
1338
1177
1269
1020
1076
1480
1116
1307
1257
1317
1038
1179
1232
1181
1140
1068
944
1179
1070
1215
1200
1079
1481
1259
1454
1063
1165
1013
1083
1191
976
1424
1199
1079
1383
1075
1288
1117
1300
1015
1047
1459
963
1409
997
1194
1395
1018
1937
1900
1231
1279
1398
1278
1377
1316
1232
1178
2110
984
1143
1202
1146
1042
998
1338
1130
1059
1045
1078
1073
1064
1161
1111
1106
1288
1103
1221
1195
2223
930
1556
1468
1004
1453
1055
1139
1362
1083
1133
1057
1317
1084
988
1597
1069
1294
961
1130
1424
1131
1224
1169
1260
1175
1194
1261
1179
1224
1201
1109
1461
1509
1450
1154
1080
1121
1044
1301
1062
1116
2019
1477
1340
1066
1156
1188
1169
1122
1254
1277
1064
1256
1057
1054
1078
946
1263
1042
1137
1264
1235
1495
1271
1174
1601
1082
1359
1104
987
1046
946
1340
1157
1039
953
1107
1269
976
1291
1014
1281
1135
1186
1338
1197
1068
1039
1142
1277
1175
1189
1206
901
1124
968
974
987
1148
1023
1019
1318
1242
1110
985
875
1068
1125
1133
1108
1236
1040
1012
1184
991
1233
1211
941
1069
993
1295
1150
1239
1191
1129
1169
1209
1206
1371
1917
1305
1237
1214
991
1170
952
1126
1309
1365
1100
1066
1122
1167
1068
1307
920
1120
1018
1099
1218
1031
1274
1044
889
1297
1161
1032
1099
1158
1015
1196
1202
1014
1068
1031
1241
1141
993
1202
1111
1187
1057
1162
1179
936
1088
974
1016
1423
1000
1133
1156
942
1089
1031
1053
1148
1078
961
1109
1042
1122
1110
957
1017
1023
948
1004
1074
1104
1241
961
1174
912
1308
972
1296
1039
1085
1151
1063
973
1065
1097
1273
1017
1316
1050
1068
1123
1272
1114
1189
1470
948
1126
995
989
1288
1167
1296
1357
1106
1185
1286
1514
1174
1196
1051
1025
1411
1054
1143
1128
1221
1077
1162
1031
956
1248
1153
1025
1249
1184
1099
1186
1265
1186
1142
1244
1096
1364
1340
1037
1269
1124
1130
1087
1348
1260
1230
1375
1204
1464
964
1205
1366
1139
1154
1074
1293
1078
1031
1299
1089
1202
1286
1035
1026
1083
1134
1029
1209
962
953
1072
1017
1055
891
982
1112
1144
1752
1026
1071
1013
983
1096
901
1090
1115
946
1465
1073
1036
1155
1035
1114
1032
1154
1001
1260
1112
1209
1157
936
1227
1048
1391
1191
1112
1186
1130
1059
1069
1028
1093
1169
1265
1256
1284
1062
1302
1020
997
1073
1124
1421
1451
1196
905
1040
1103
1159
1341
1222
2491
970
1223
1200
1047
1467
1100
1039
1089
913
1207
1243
1326
1167
1541
1110
975
1579
1008
1285
1161
1187
1098
1074
2392
1057
1047
1143
1168
1169
856
1336
1399
1338
965
1168
1038
1024
1272
1074
1083
1017
1133
1054
1106
1151
1132
2120
1166
1221
1002
1036
1342
1146
1252
1195
1140
1276
1026
1301
1224
1113
988
1078
952
992
1086
984
1421
1015
1342
1130
1284
1193
905
990
961
941
972
1015
1122
1057
1176
1049
982
1410
1266
1190
955
1114
1080
1063
1146
1028
1226
989
1097
1115
922
1300
935
1147
1275
1248
1046
1128
1318
1342
1391
1169
2009
1122
1202
1467
988
1165
7335
1127
1104
1137
1348
1099
1133
1034
1246
1082
1256
1308
1431
1251
1170
1264
987
991
1294
1030
1328
1042
1210
1137
1014
1127
978
1314
1137
1012
980
1208
1116
1046
1370
1032
1164
1019
1149
1210
1081
1105
1084
1209
1304
1175
1122
1326
1265
1290
1477
1022
1184
1354
1142
1157
1088
1956
