1591
965
1414
1048
1265
1399
1047
1150
1432
1407
1565
2750
1119
1082
1133
1186
1282
1261
1240
985
1283
958
1103
1273
1326
1391
1012
1156
1236
968
1350
1135
1307
1118
1052
1222
1030
1558
1138
1312
1124
1183
1405
1354
1352
1137
1204
1025
1131
1206
1135
1044
1159
1265
1216
1064
1018
1098
1166
1147
2103
1552
1320
1175
1395
2500
1128
1100
1307
2431
1200
1581
1156
1177
1327
1053
2610
1114
1416
1382
1263
1303
1160
1360
1096
987
1158
1081
1369
1239
1174
1272
1322
1410
1074
1472
1261
2225
1949
3037
1725
1779
1122
1687
1104
1341
1197
1209
1406
1765
1255
1425
1451
2132
1172
1320
1194
1129
1042
1047
1146
1048
1184
1210
1112
1090
1100
1099
926
1246
1215
1447
1254
1189
1367
1160
1008
1130
1311
1353
1145
1153
1224
993
1202
1194
1358
1091
1329
1264
1149
1202
1100
1420
1277
1110
1104
990
1285
1138
976
1523
1305
1290
1203
1249
2283
1049
1284
1108
1325
1175
1301
1055
1038
1053
1052
1188
991
1059
1002
1109
1247
1139
1002
1100
1013
1067
1257
1248
1138
1137
1331
1306
1319
1223
1384
1281
1432
1499
1113
1226
1207
1280
1208
1233
1084
1102
1088
1110
1158
1536
1406
1096
1202
1252
1086
1145
1136
1317
1423
1190
1083
1162
1003
1015
1001
956
1150
1072
1259
1016
1413
1135
996
1035
1117
1405
1100
976
1096
1096
1062
1025
1319
1043
1075
1409
1361
1179
1048
1002
1392
994
1214
1161
1068
975
901
1080
982
1438
1101
1094
2562
1455
1341
1190
2517
1168
1098
1159
1075
1037
1171
1110
1236
1328
1245
978
1203
1038
1190
1194
946
1261
1224
1065
983
1012
1233
1053
1196
1087
1156
1345
1248
1384
1102
1234
964
945
1140
938
1214
1259
1307
1048
1012
1038
1119
1046
948
1237
1375
1026
1145
993
1133
1121
944
1135
1084
1077
1093
1191
963
1513
1121
1289
1122
1222
1023
1326
1266
1111
1171
1095
997
1118
1383
1200
1371
985
1000
1244
945
1234
1469
1274
1093
996
1259
1056
1045
1063
989
1052
1067
1142
1451
1283
1065
998
1151
1034
1307
1143
934
1082
1610
1147
1270
897
1165
987
1291
1100
933
2026
1034
1108
1085
1082
949
1168
1357
1132
1009
1000
1158
1157
1018
1296
1126
1203
1608
912
1175
1165
1290
1281
1025
2568
1185
1223
1208
993
1412
1110
1359
1014
994
1108
1046
1310
1075
1242
1326
1407
1795
1532
1279
1410
1130
1021
1213
1367
1082
1162
1101
1282
1039
1088
1094
1137
1247
1102
1079
1200
1003
1389
1068
1121
1307
1223
963
1196
1349
1205
1493
1436
1199
1082
1230
1203
1091
1049
1404
1168
1140
1597
998
980
1060
1253
908
1528
1050
1243
1329
1140
1072
999
1005
1329
961
1319
1026
1124
1108
973
1246
1010
1425
973
2382
1238
919
1104
1235
1176
1248
1088
1260
1009
1159
983
1138
1184
1097
1127
1146
1221
1061
884
1432
892
1206
1121
1101
1289
988
1149
1061
1171
1025
1106
1931
1212
1206
1108
1261
1181
1203
1392
1123
1121
1226
1096
1233
1148
1319
1130
967
1112
878
1107
1018
1056
1025
1134
1245
1084
1222
934
951
1116
1166
1232
1246
1103
1144
1007
1309
1211
1430
986
895
1337
1070
1451
1231
2322
946
984
1412
1219
1626
1276
1182
1254
947
1090
995
1256
1074
1187
1096
1253
1061
1027
1463
1180
1359
1341
1019
1030
1169
1074
1170
1023
1106
1083
951
1130
1201
1321
1132
1108
1152
1118
1163
885
1271
1150
994
1292
1159
1321
1179
1270
1348
1122
1412
1225
1345
989
1255
990
991
1138
1199
990
1188
1023
1160
1098
1015
1203
996
1360
1259
1313
1490
1341
1140
1314
1611
1391
1514
1321
1187
1204
1141
1053
1342
1424
1851
1554
1566
1842
1467
1513
1383
1500
1137
1208
1336
1452
1484
1241
1411
1232
1137
1371
1332
1668
1229
1356
1025
1108
1283
1365
1096
1088
1242
1154
1024
1113
1051
1226
1256
1124
1684
1027
1312
1166
1128
1097
1103
1400
1427
1415
1075
1369
980
955
1114
1078
2579
983
1362
1190
1197
1142
1742
2237
1437
1303
1131
954
1400
1029
1523
1546
1474
1408
1832
1485
1382
1576
1739
1395
1554
1178
1462
1298
2326
1257
1551
1724
1658
1941
1399
1763
1716
2013
1748
1795
1539
1703
1963
1822
1572
1634
1627
1812
1411
1532
1852
1314
1985
1385
1653
1398
1207
1404
1613
2467
1213
1697
1221
2376
1452
3658
1913
1865
1663
2043
1662
1662
1908
1786
1664
1545
1642
1607
1529
1608
1669
1974
1970
1365
1903
2082
1836
1861
1632
2170
1493
1766
1595
1432
1798
1670
1436
1276
1403
1600
1298
1283
1305
1350
1185
1211
1346
1059
1368
1147
1033
1288
1122
1748
1211
1155
1329
1056
1317
1189
1071
973
992
1140
981
1024
1022
1115
1126
1084
1146
1186
1372
1519
1187
1114
1412
1288
1149
1212
1384
1152
937
1132
1046
1115
1253
1146
1223
1416
1059
1280
1019
1258
1196
1121
1085
988
1173
991
2653
1443
1321
1173
897
1219
923
1150
1087
1078
1314
990
1158
1099
1147
991
1289
995
1130
1245
1231
1271
1223
1109
943
1142
1235
1248
1039
997
1025
1280
1124
20659
10644
6039
1505
1727
1485
1647
9011
1547
1553
1350
2320
1749
1462
1557
1373
1418
1006
1192
1205
1007
1410
960
1096
1110
1005
1293
1310
1267
1166
993
988
1184
1147
1198
1100
1048
1055
970
1147
1067
1186
1133
1190
1108
1198
1022
1168
1086
1204
1087
950
1220
1108
1110
1097
1173
955
1104
972
992
1091
1114
1005
1278
1248
180698
1443
1068
1265
1419
1482
1312
1428
1028
1112
1134
1144
1727
1136
1224
991
1054
1367
1293
1416
1541
1319
1408
996
1368
1103
1195
1187
977
1182
1080
1299
1041
1086
1091
1969
1373
1157
1102
1094
1018
