1591
1094
1424
1288
1342
1275
1071
1188
1102
1257
1065
1146
1280
992
1382
1031
2573
961
1227
1091
1313
1132
1250
1109
1250
917
1089
1242
1094
949
999
1245
948
1299
989
1342
1507
1500
1561
1450
1488
1479
1740
1494
1496
1383
1278
1275
1174
1156
1271
1317
1088
1354
1202
1416
928
1081
1034
1117
1240
1107
1151
1198
1125
1299
1166
1097
1155
1128
1209
1181
1333
1004
1107
936
1111
1312
1140
998
1218
1032
1158
1101
1418
1157
1016
1302
981
1132
1035
987
1049
1215
1514
1027
1151
914
1163
1234
1052
1098
926
1141
993
870
1163
1409
1202
903
1128
1122
1144
1382
2293
1043
1242
951
1609
1286
1224
1329
1016
1209
932
1065
1622
1116
1070
1075
1371
1201
1389
950
1039
1328
2391
1336
1038
981
1362
1818
1206
1097
1241
1121
1089
1083
1056
1088
1105
967
1286
967
1175
1007
1128
1255
1138
1473
1216
999
1362
1127
1157
1294
1148
970
934
1301
1014
1113
1045
1252
932
1060
1397
1259
1172
1202
1119
1279
968
1471
1296
960
990
972
1034
1010
1122
1131
1240
1060
998
1013
1299
1245
985
1048
1028
1286
1114
1305
1306
2901
1266
1472
1371
1080
1403
1458
1330
1378
1416
1111
1507
1384
1228
1363
1265
1108
1484
1458
1256
1494
1134
1462
1449
1379
1208
1206
981
1220
1121
1284
1271
959
1288
2038
944
1355
1014
1137
1909
1236
1124
1238
1247
958
966
1108
1022
1248
1083
976
1319
994
1104
1122
1273
1054
995
931
1022
1301
1033
1062
1255
1097
1017
2051
1084
1147
944
1167
1112
1255
1247
1106
1183
1199
1387
972
1075
1507
1287
1310
994
1236
1076
1169
1283
1111
1148
1070
930
1249
1505
1164
1273
1259
1441
1272
1138
968
973
1171
949
1125
1106
1297
1003
1260
988
931
1106
884
1235
1395
1372
1996
2628
1464
926
1139
1212
1048
1316
1405
1153
1261
1031
1032
1009
1234
1234
1392
1254
1000
1910
1055
1793
1263
1318
1269
1179
1233
1099
1416
1152
1288
1134
1197
1057
1131
1276
1044
1224
1371
1175
1132
1031
1190
962
1231
1252
1275
1450
1034
1602
1254
984
1018
1158
1197
1207
1465
1118
1172
1270
1266
1208
2067
1137
1218
999
1328
1221
1046
946
1205
1080
1234
1077
1216
1180
936
952
1127
1017
1314
1112
965
1064
1292
1527
1533
1428
1224
1191
1070
1172
1182
1085
1521
1267
1095
1084
1071
1204
1414
1265
1027
1272
1317
1005
2618
1434
1549
1225
1285
1201
1080
1138
1022
1035
1210
1083
1000
985
1023
1093
1143
1361
1094
2241
1827
1600
1383
1323
1451
1181
1263
990
1342
1150
1179
1064
1134
1117
978
1311
1154
1196
1352
1088
1218
1015
1095
1094
1152
2467
1078
1273
1217
1238
1186
2450
2204
1089
1053
1354
1063
1073
1034
1159
979
3076
1242
1052
1108
1135
1209
1145
1050
1223
910
1123
1030
1446
1290
1226
1131
1096
1180
943
1173
974
1310
1211
1189
1520
1072
1192
1306
1016
1425
1088
1166
1311
1179
1062
1025
2263
1055
1103
1206
1385
1169
1205
1057
1148
1095
961
1179
1110
1090
1123
955
1184
1047
1111
1149
917
2100
1074
1630
1764
961
1355
951
1058
1106
1205
1432
1513
2245
1317
1113
1012
1085
1480
1136
1235
1267
1273
1095
1617
1293
1418
1370
1619
1556
1531
2246
1630
1143
1315
1193
1121
1334
1184
1416
1175
1252
1166
1020
1157
1242
1356
1130
1266
1197
1081
1310
1209
1848
1214
1352
1560
1628
1537
1166
1146
1305
1389
1196
1149
2686
1194
1375
1018
1076
1320
1167
1409
1235
1113
1213
1313
1242
1315
1213
1060
1308
1197
1055
1079
1080
1326
1128
960
1046
1256
2430
950
1174
983
1164
1343
1015
1329
1129
1060
1355
1059
1067
1096
1102
1107
1172
1107
1069
1166
1100
1003
1095
968
1296
1304
1262
1042
996
1121
932
1108
1071
1096
1051
990
1497
1115
1160
1322
1017
1100
1045
1045
1167
1033
1339
1032
976
1105
942
1973
1099
1241
1057
954
1302
1129
1160
1080
1019
1161
1095
1041
1443
1544
1613
1450
1374
1457
1107
998
1148
1625
1167
1163
1000
2255
1092
1121
1189
1211
1127
1271
1237
1431
1187
1111
1108
1009
1253
1085
1169
1008
2360
1241
1077
1329
997
1290
1010
1050
1231
1022
1497
931
930
1131
932
995
2381
1022
1171
1025
1302
1347
1307
989
1028
1247
1381
1239
1185
989
1193
1096
1005
1154
1011
1134
970
1339
1036
1140
1373
1075
1029
1078
1043
983
1483
934
1168
1165
1092
1234
1088
2313
1177
1214
1532
930
1291
1103
1229
1210
1204
1357
1342
1543
1349
1183
1034
1446
1290
966
1191
1197
991
1235
1315
1160
1206
1070
1261
969
1130
1023
1209
1162
1121
1306
1099
1411
1221
1057
1181
963
1143
972
1168
1026
1078
1158
1110
1183
964
1056
1400
2245
1368
1076
1279
962
1950
1159
985
1067
1468
1035
1022
1298
1315
1179
1006
1119
979
1157
998
1169
989
1515
1085
1069
1129
998
1251
1437
1056
1222
1124
1356
1022
1236
1413
950
1180
1203
2052
1147
1339
1168
1208
1264
1152
1431
1222
1033
1130
2206
950
1260
906
1227
1217
1390
2090
1092
1323
3552
1105
1273
1430
1290
1207
1149
1142
1639
1314
1425
1114
1507
1291
1186
1160
1121
1030
1705
1044
1157
1050
1233
1385
1078
1129
1166
1406
1399
1089
1091
1212
1091
944
1008
1156
1106
1365
1097
1377
1299
1382
1623
1219
1350
1169
1000
1436
1313
1401
1216
1498
1111
1249
1090
1213
1411
1031
1176
1685
1104
1214
1162
1269
1140
1213
1238
1222
1617
1290
1386
1298
1228
1503
1555
1346
1157
1053
1285
1192
1370
1518
1251
1420
1045
1197
1139
1367
1224
1250
1397
1270
1556
1185
1193
1264
978
1501
1109
1496
1328
1322
1125
1161
1259
1192
