1441
1574
1202
1145
1339
1023
1240
1192
1168
1047
1479
1248
1075
1153
973
1280
1267
1079
1053
1228
1242
887
1027
1306
1150
1325
1142
1289
1120
1360
1533
1189
1394
1284
1055
1169
1134
1277
1059
1306
1152
916
1172
1307
998
1288
1107
1361
1207
1059
1190
1137
1208
1179
1232
1109
1153
898
1109
1052
1174
1278
1094
1328
1158
1070
1058
1145
1237
1007
1144
1600
1071
1454
1058
1318
1140
1188
1077
979
1166
1178
1397
1068
1130
1131
1147
1007
1379
1123
975
1142
1091
1027
1211
1188
1273
963
958
1141
1089
1282
988
1261
1330
1034
923
1001
1064
1088
1130
1091
1171
1221
1011
1318
923
1107
1130
1127
1039
1468
1267
1066
1227
1049
1267
1422
1801
1340
1293
1207
1096
1124
1151
1147
980
1060
1067
1181
906
1169
1041
1134
1118
1131
1074
1049
1169
1185
1265
939
1063
1458
1395
1437
1008
1153
1142
1184
1278
1250
2431
987
1275
1229
1348
1119
1126
1061
1140
1097
1133
1084
1144
1244
1026
1135
1136
995
970
1302
1081
1283
861
1136
982
1021
1200
1028
1153
1142
1121
1338
1053
1260
1240
1176
1125
1130
1228
1097
1107
1252
1344
1061
1112
1184
1135
1154
1069
1217
877
1188
1091
1050
1114
1125
1176
918
1108
2306
994
1111
869
1032
1021
1205
1531
1011
1003
939
968
1041
1090
1266
934
1171
1210
929
1169
1013
2925
1104
929
1043
1154
1237
979
1177
1259
1336
1182
1126
1633
1028
1155
1021
1144
1179
1252
1407
1248
1252
943
1061
1036
1144
1287
932
1197
1079
952
1207
1035
1939
1153
1365
1508
1247
1165
1082
1256
926
1163
966
987
1333
934
1459
1116
1209
1178
1554
978
1176
1156
1271
1338
1302
1108
1353
1087
1002
1183
1223
846
1138
1028
985
1515
1154
961
936
939
980
930
996
1181
1135
1061
1061
943
1017
1094
1072
1046
1102
950
1150
966
1044
1076
1108
1015
1094
1166
1052
1102
929
1282
195259
1047
1276
1214
1187
1293
1064
1291
1145
1040
1436
1255
1463
1196
1226
1256
1215
1370
914
1241
928
1017
1194
903
1139
998
1043
1180
1174
1208
1099
1233
1135
1193
1407
1279
1274
1291
1244
1181
1269
1854
1319
1158
1131
1493
1568
1156
1188
1134
1623
1439
956
1826
1618
1705
1274
1329
1227
1549
1335
1236
1175
1072
1326
1165
999
1166
1264
1082
1230
1109
2483
1460
1013
1275
971
1204
1276
1085
1200
1088
1427
1609
1375
980
1318
1490
1361
1368
1925
1217
1259
1134
1154
1300
2237
1144
1583
1125
980
1129
1660
1405
1060
1214
1272
1236
1286
1018
1078
1073
2348
1182
1190
1445
1181
1208
973
1088
1004
1535
1481
1133
994
1800
1127
984
1179
1504
1244
1095
1339
1132
1329
1350
1277
1407
1132
1197
1489
1040
1370
1472
1383
1071
1107
1152
1345
1714
1379
1374
1460
1014
1697
1123
1147
1054
2265
1126
1669
1415
1055
972
1133
1128
1402
986
1717
1018
999
1484
1098
1015
1087
1121
1115
1014
2080
1308
1404
1109
2204
1316
1361
1708
1315
1131
987
1214
1309
1010
1689
1113
956
1517
1104
1640
1259
1123
949
1599
1307
1333
1793
1547
1144
1742
1186
1204
903
1546
1139
996
1367
1024
1532
1195
1149
1185
1063
1066
1581
1144
1279
1202
1631
1053
1145
1325
1460
1289
1823
1174
1178
1117
1256
1015
1518
963
1190
1583
1317
1407
1199
999
1312
1027
1229
1034
1283
1124
1007
1124
1131
1194
1051
1094
944
1045
1509
1173
1356
1120
1120
1360
996
1566
998
1266
1217
891
1303
946
1218
962
1482
1141
931
1121
1017
1302
1132
1430
1330
1258
1179
1155
1195
1306
1027
1201
1080
1052
1536
1555
1418
1064
1084
1002
1351
1226
894
1286
954
1086
1111
1471
1457
1115
1065
1488
920
1411
1093
1702
1078
1381
1210
1365
2512
1022
1129
1036
820
1130
910
1657
1450
1016
1330
1228
1390
8655
1236
1256
1268
1502
986
1264
924
1019
1411
1101
1461
1901
1359
1164
1202
1468
1153
1336
1094
1219
1359
1030
1502
1280
1019
1143
944
1867
1222
1159
1253
1326
1250
1166
1021
1073
1097
1168
1166
1252
1068
1140
1103
1154
1244
1094
1090
1117
1108
1110
1056
1146
894
912
967
1030
1203
1159
885
1179
1076
1101
1062
1154
1007
931
1325
1092
1041
1168
1202
1409
997
1341
955
1059
1036
1116
1254
1151
1128
887
1098
1141
1103
1080
988
1093
2445
1033
1249
1164
1002
1032
916
1142
946
991
1142
913
1120
1046
1219
976
1051
1037
1225
1121
1060
1076
1000
1002
1219
944
1238
988
1265
1362
1319
1225
1077
1186
971
1053
1160
1158
1165
1172
1145
1092
1087
1137
1300
1028
998
1138
1198
998
1314
1276
976
1285
1091
1068
1170
1103
2290
1243
1149
963
1040
1156
1171
1317
1027
1067
1240
1134
1297
1238
1195
1043
1193
996
950
1164
1171
947
894
1178
1024
1091
1362
994
1179
958
979
1187
1052
1123
1082
1085
1388
1097
1156
1028
1014
994
959
1025
2004
945
1162
1087
1300
1171
1351
1021
2241
1065
1050
1379
1219
1077
1080
1071
1156
1003
1187
924
1207
948
1102
1071
1231
1022
988
1376
1043
1086
1550
2192
1155
1049
1291
951
1138
1243
1180
1069
1335
1086
1141
1108
1251
1111
1141
2281
1407
1304
1202
1209
1202
1142
2710
1456
1155
1053
1017
985
1515
1241
1108
1185
1020
1041
1155
933
1848
1570
1209
1117
1149
1190
1132
1230
1000
1283
1273
1156
1294
1135
1266
1054
1087
1267
983
2434
962
1183
996
920
1218
941
1341
1005
1360
907
959
1363
970
1156
970
1180
2334
1143
1426
1144
1366
1366
1366
1281
1047
1200
1073
1063
1073
1278
2404
1026
1230
937
1359
1079
933
1218
1270
1135
1017
1046
1115
1011
1212
946
1128
