1266
1101
1017
1195
1080
1234
1083
1309
1181
1422
1198
1159
1004
1036
1586
1519
1103
1123
1070
1264
900
1362
1005
1090
1093
1296
1346
1079
1129
1050
953
1295
1042
1165
1078
1122
3217
1908
2120
1468
1596
1758
1643
1803
1969
1601
1328
1578
1715
1309
1427
1290
1309
1248
1086
1354
1042
1350
1464
1318
1854
1660
1370
1618
1635
1455
1271
1413
1230
1302
1077
1265
1149
950
1268
1111
1193
991
1023
1336
981
1426
1263
1174
1180
1131
1039
935
1164
1262
1196
1121
1156
1046
1058
1145
1258
1109
907
1662
1340
1418
1639
1274
1577
1394
1275
2322
8810
1764
1487
1533
20342
10576
1837
1952
12012
2065
2139
1858
1968
1955
1570
2183
1477
1143
1804
1234
1506
1595
1039
1217
1117
1288
1147
1182
1071
943
1222
1211
1104
1031
1039
1347
1028
1065
1032
1426
1048
1037
1302
1187
1228
1115
1188
1299
1012
1049
1644
1240
1221
1600
1050
1350
1202
987
1345
1137
1325
995
1016
1421
1080
1146
1234
1220
959
1095
1290
956
1433
1021
929
1093
1038
1361
1186
1250
1082
1046
1350
1050
1328
1055
1379
996
1208
1389
1345
1361
1457
1388
1060
1157
1294
995
1300
1276
1035
1093
877
1368
1013
999
982
1081
1255
1118
1145
1025
1130
947
1011
1183
1219
1413
1072
1274
995
947
1365
976
1389
2236
2242
1245
1276
1578
3916
1727
1817
1582
1570
1486
4731
1100
1272
1467
1418
1463
1051
1062
1061
1219
1298
1559
2411
1968
1207
1562
1094
1618
1261
1490
1215
1193
1054
1585
1453
1057
1319
1147
1120
1197
1290
1289
1223
1400
1051
1474
2236
955
1329
1155
1453
1241
1041
1023
1235
1529
1009
1438
1090
1199
1268
1578
1641
1153
1284
1488
1430
2411
1297
2963
2299
1372
1475
1373
1432
1203
1669
1316
1083
1144
1156
1560
1464
1498
1591
1541
1704
1461
1306
1151
1300
1202
1058
1233
1071
1261
1107
1103
1278
1100
1140
1048
1295
1177
1201
1148
1120
1198
1431
1290
1083
1029
1085
1009
1409
1244
1096
1181
1130
1234
1006
1126
1029
1734
951
996
1331
1058
1441
1171
1238
1029
1215
1742
1376
1229
1346
1208
1189
1125
1473
1184
1562
1194
1106
1328
1293
1170
1022
1593
1136
1122
1777
1173
1374
1235
1103
994
1134
1085
998
1132
1037
1243
1425
1039
1033
1205
1042
1273
1110
1230
1248
1426
1259
1199
1598
1377
1332
1455
1580
1410
1578
1179
1486
1798
1419
1132
1769
1180
1028
1954
1356
1205
1669
1033
1137
1688
1209
997
1506
1064
1300
1466
943
1296
1160
1140
1244
1278
1115
1049
1195
1279
1136
1187
1015
931
1115
936
1303
1385
1178
1244
1063
1222
981
2435
882
1094
1189
1077
1455
1181
1064
1207
1083
1058
1110
1082
1215
1058
1242
1041
1081
864
1097
937
937
1046
1018
1096
997
1232
1091
912
1159
1047
1133
1057
961
1171
1084
1170
1258
1049
1034
1126
1264
1037
908
1444
1169
1119
1083
1340
1287
961
2065
985
1198
922
1030
1151
1376
1272
1200
1115
1242
1071
1092
1291
1292
1115
991
1470
1382
1083
987
1183
1038
1035
1241
990
1216
1085
1202
1315
1040
1193
1086
1281
1024
942
1215
1085
1028
935
1123
1164
972
1163
977
1224
1134
1409
1380
1127
1262
1150
1220
1181
1007
1091
1071
1012
1137
936
1092
1096
1256
1100
1062
1134
946
1085
1179
1253
1237
983
976
881
979
1183
1115
1071
847
1308
1048
1148
1367
968
1377
971
1228
1143
1156
1412
1219
1205
1009
987
998
1102
1196
1018
1334
936
978
1026
1061
1228
1025
1081
968
1173
1145
971
950
985
1138
1210
953
1123
1023
1211
1022
1298
1337
1122
1137
891
977
996
1064
1088
1134
1401
1470
1850
1314
1209
1481
946
1053
1064
1050
1302
1334
1186
1014
1084
1263
1130
1306
1186
1209
946
1070
2412
992
1193
1032
1050
1099
941
1131
876
1194
1077
878
1100
1147
1186
1080
1038
1215
1014
1058
1014
1062
1062
907
1032
1052
1144
1071
1007
1205
910
1458
1314
1372
1526
1430
1400
1012
1325
1426
1056
1095
1233
1106
1157
1394
1223
1015
1043
969
1398
1008
2012
1139
1121
1195
1106
1280
1070
889
1083
1119
1031
1076
1276
1185
1153
1385
1103
1170
1147
999
1034
1129
1209
991
1337
1175
952
1325
1107
1260
949
1173
1087
1148
1159
1142
1134
1207
887
1161
1106
1082
1064
941
1169
933
1170
1092
1040
951
1059
1061
966
1176
1117
1118
1092
1106
1256
1137
1101
907
1039
1053
1119
1209
954
1057
1214
1131
1268
928
1331
1264
1073
1020
1141
1218
1074
922
1312
972
1236
1390
989
1129
1067
1123
991
1088
1384
1272
1609
1400
1534
1286
1313
1065
1025
1268
1960
1169
2254
1084
1496
1592
1177
1154
1646
1418
1041
2768
1217
1087
1281
1224
1329
1028
1118
1093
1284
1203
1084
1477
1222
1064
1155
1201
1337
1242
1239
1183
1088
1456
1155
1282
1404
1374
1441
1068
1160
1066
1290
1164
1074
1378
1076
1227
1226
1295
1394
1110
1405
1087
907
1362
1241
1521
1441
1203
3303
1148
1436
1248
1448
1333
1190
1398
1156
1203
1486
1187
1300
1511
1337
1011
1794
995
1072
1704
1039
1315
1058
1101
1450
1194
1003
1076
1194
1141
1027
1162
1096
1285
1575
1290
1057
966
1250
942
1181
1063
953
1158
1000
1224
1175
1341
1052
1117
1256
1114
1290
1024
1217
1123
921
1222
1351
1050
1106
1520
2099
1335
1313
886
978
1310
918
1201
914
1114
1176
1180
1210
1111
1129
1008
1088
998
1007
2288
1066
952
1149
1240
1045
951
1115
1022
877
1041
1191
1226
932
987
1822
969
1165
932
1183
1153
941
1098
961
1219
905
1230
1166
1480
1392
1451
1333
1050
986
1238
1206
1258
954
1123
1300
1185
1249
1299
1109
