1328
1557
1235
1111
1439
1180
1402
1199
1386
1233
1093
1117
1031
1325
1170
1260
984
868
1009
1286
1109
1120
1115
1289
1214
1008
1119
1158
1141
1017
1107
945
1117
1004
1209
1187
1235
1177
1130
1262
982
1282
1167
961
1040
1043
1353
1034
1166
1237
1288
1345
1004
1215
1456
962
1059
1154
1073
1145
1038
1424
995
1041
1092
1047
1061
1037
1229
1022
1585
1532
2896
1360
1032
1123
1229
1225
1324
1172
1141
1068
975
1198
1190
1257
1049
1041
1044
1213
1119
1391
1112
1102
1025
1391
1058
1150
1068
998
1091
1039
1082
1153
1054
1134
1036
1153
1073
916
1215
1070
914
1005
1380
1190
987
1181
1104
1393
1171
1061
1264
1139
1339
1149
1429
1235
1253
1239
1139
1169
1206
971
1332
953
995
1151
973
1101
897
1300
997
1144
960
1018
1194
1099
1132
1244
1524
1029
1247
1448
909
1206
1672
1053
1212
1122
1345
968
1100
1072
962
1094
1861
1104
1000
1278
1311
967
1066
1049
1030
1086
857
1132
1067
1025
1256
1135
1128
1066
1091
1226
1217
939
1154
1396
1138
1375
1309
1246
1088
1183
1277
1042
1424
977
1145
1114
1267
1274
1208
1336
982
1072
1315
996
1190
1008
1073
963
1174
1347
1044
1086
1011
1051
1219
1174
1144
1108
878
1246
1034
1125
1024
1314
985
1085
1052
1083
1157
1107
1102
1182
1184
1096
1207
1384
1105
1020
1030
934
1198
1241
1287
1237
1003
1375
1027
1249
1234
1121
1818
941
1322
1040
881
1154
1230
1180
961
1299
1121
1171
1316
1276
1417
1105
1340
1524
1300
1159
1230
1270
965
1318
1182
1089
1310
1106
1281
1132
1080
1175
1028
1336
986
1030
1238
1103
1641
1139
1217
1081
1023
1146
1141
1053
1195
1138
1374
1083
2402
1336
1196
1084
1097
1178
1090
1355
1057
894
1224
1130
1294
949
1057
1039
1233
1226
1497
1339
1002
2282
1221
1086
1260
1230
1206
1142
1050
1286
1222
2481
1132
1037
1070
1111
1296
1236
1370
1172
1925
1222
1321
1129
1043
1086
3320
1800
3382
2243
1448
1943
1682
1588
1929
2223
1790
1756
1843
2576
1589
1895
1430
1155
1424
1226
1467
1462
1193
1274
1277
1600
1583
1229
1025
1340
1347
1282
1200
1485
1100
1064
1153
1225
1085
1079
1091
1177
1020
1509
1245
998
1198
1103
1273
1197
1135
1038
1095
1308
1236
1500
1281
1144
1330
1120
1079
1415
2454
1031
1123
1280
1066
1201
1045
2376
1389
1158
1291
1105
1016
1073
1279
1154
932
1112
1279
1144
1165
957
1126
1106
1137
1318
1082
1146
1183
1053
1199
1302
1238
1250
1567
1311
1125
1106
1234
1137
1062
1026
1225
947
1120
1052
1235
1027
900
1313
968
1214
1110
1020
1226
1018
1202
1253
1056
1236
1056
1220
1133
1206
1012
967
1332
1161
1404
1179
917
1143
1154
1204
1181
1064
1191
885
1281
990
1292
1010
1191
1203
1034
1366
1099
1148
1068
1071
1332
1185
1147
1212
1110
980
1237
1104
2242
1051
1335
1042
1889
1225
1233
1094
989
1250
1135
1287
1190
1026
971
1041
1223
1130
1094
1016
1026
1099
1065
1104
1138
997
1182
1124
1201
1130
1203
1302
1039
1302
1193
1444
924
1100
1114
1186
1257
954
990
1068
1030
1057
973
1220
956
1123
1075
1143
1306
1005
1044
1131
902
1118
917
1164
1119
1066
1222
1000
2441
1013
1098
1135
1110
1481
1138
1176
1214
1172
1055
1115
1444
1147
1117
1067
1130
1109
1024
926
1114
1100
1330
931
1273
1007
1106
1276
1188
1033
1129
993
996
1151
1244
1141
957
1486
1385
1192
1032
1146
961
1241
1205
985
1169
1139
1153
1160
993
1104
957
1150
1170
886
1256
964
1286
961
1000
1456
1065
1101
1029
1373
1118
1246
1271
999
1248
1446
1197
1390
1186
1079
1044
1225
1372
958
1460
940
1393
1242
1137
1152
1027
993
886
886
1093
978
1249
1026
1852
1064
1039
1226
1128
1131
1181
1289
1197
1284
1061
1097
1496
929
1174
1248
1157
1066
1088
1403
973
1243
1529
1082
1335
1165
1186
1870
1010
1080
1150
1417
1025
1157
1166
983
1126
967
1321
1009
1044
991
968
1135
1135
1147
1053
963
1105
970
1384
913
1326
984
1143
941
1236
1215
1181
1059
1234
922
1221
1154
1217
1065
889
1384
1163
1086
1028
1181
1166
1178
1473
1262
977
1012
1201
1034
3558
1183
1033
1130
985
934
983
1313
1070
1087
988
1247
1207
1223
1041
1092
940
1132
1141
1178
1300
916
1004
1107
1118
1101
1196
986
961
1187
1133
1182
1319
1187
1367
1142
1242
1188
1200
1113
1862
1135
1149
1205
1023
877
2824
1125
1163
1081
1212
1308
946
1229
1104
1336
1181
1104
1088
1011
1226
1061
1185
1045
1123
1118
1356
1386
991
1347
1245
2270
1437
1232
1121
1073
1328
1258
1100
1277
1146
1380
1289
910
1120
1213
1366
953
1229
1327
972
1136
1101
1415
1228
1091
998
1164
1315
1386
2630
1176
1423
1177
1025
1390
1096
1373
1203
1100
1341
1141
1445
999
1128
993
1105
1301
1238
1043
1248
1357
1439
1277
1185
1092
1215
1276
993
1190
1116
1495
975
1070
1114
1221
1334
1005
1243
980
1214
1266
1097
1117
1133
1229
999
2166
1012
1391
1467
1385
1391
1348
1207
1033
1139
1067
1162
2431
1236
1050
1168
1098
1238
1284
1287
1160
1295
1624
1145
1448
1161
1343
980
1084
1222
1092
1306
1055
1286
1127
954
1707
1301
1351
1322
1048
1382
1201
1415
1052
1160
1153
1085
1389
1046
7729
1168
1176
1022
1050
2420
1240
1306
1236
921
1323
1252
1105
1026
1365
1097
1169
1295
1059
1154
1343
1405
998
1012
1286
1123
1290
1001
1096
1277
1004
1101
1123
1234
1308
1331
1046
1387
1281
1026
1265
1154
1060
1110
1163
1374
1092
1215
1091
1188
1145
986
1060
