1687
1051
1589
1272
1178
1097
1028
1025
1250
1249
937
977
1185
1070
1267
1307
1546
1089
1251
1353
1449
1348
1201
952
1151
1053
1250
1197
1024
1038
957
1336
940
1289
1003
926
1186
972
1140
997
1115
1181
1234
1091
1064
1339
1012
1080
1393
954
1266
1114
955
1327
1179
1366
1216
1272
984
1189
1190
1125
1352
1175
1025
1116
1226
1201
1020
1455
1322
1311
1193
1241
1029
989
1045
1157
1165
1303
1225
1366
1246
1149
1096
1186
1088
1298
1208
1239
985
1012
1162
907
956
1175
2952
1026
1353
1126
1368
1104
1216
1368
1383
1708
1024
1199
1202
1227
1179
1259
1361
1330
1045
1135
1128
1323
1401
1127
1305
1160
1256
999
990
1179
1164
1135
1130
1188
1169
891
1388
1178
1314
1133
1145
1024
1003
1418
1006
1305
968
1140
1238
997
1231
1063
1063
1094
1277
1263
1074
1142
1049
1055
1223
1023
1113
1166
906
1278
1135
1180
1031
1093
886
1148
1200
1195
1503
1133
1095
1262
1115
1675
1260
1364
1389
1526
1316
1145
1135
1083
1201
1200
944
1119
1211
1249
1393
1047
1324
1188
1250
2257
1286
1350
1196
1100
1094
1252
1069
1039
1398
1204
1105
1244
1236
1251
1086
1165
1138
1170
1325
925
1108
1039
1287
965
1154
1145
1158
1301
1081
1054
1160
1285
1489
1199
1351
1215
1256
1235
1308
1365
1279
1038
1259
1030
1172
1134
1403
1119
1112
1174
1094
1342
1163
1028
1203
1145
1245
965
1300
1231
1223
1064
982
1351
1026
1252
1130
994
1153
1017
1100
1039
1327
1214
1134
1393
1062
1236
1192
1492
1073
1267
1434
1081
1548
1255
887
1385
1071
1183
1152
1326
1172
1002
1204
949
1375
931
1143
1106
1014
1091
1011
1116
1049
1292
1179
1055
1244
1082
1115
1112
1308
997
1102
1243
1059
1087
1067
1261
1060
907
1339
988
1082
1152
1496
1129
1219
2093
1220
1356
1059
1063
934
1080
1230
1055
1126
1061
1098
1331
948
1349
1110
1114
1307
1218
1369
1169
1121
1192
1119
1216
1534
1687
1670
2198
1156
1537
1124
1211
1342
1106
1711
1524
1302
1444
3170
1669
1607
2395
1513
1626
1419
1327
1485
1359
1544
1548
1355
1268
1752
1335
1159
1327
1200
1464
1414
1167
1756
1130
1445
1582
1206
1403
1117
1388
1355
1420
1185
1390
1415
1234
1824
1210
1181
1366
1340
1298
1064
1077
1249
1078
1322
1028
1238
1541
1273
1236
913
1658
1237
1397
1672
1115
1522
1378
1383
1234
1834
1082
1189
1807
1296
1470
1367
1137
1324
1125
1498
1160
1438
1099
1099
1559
1252
1325
1270
1205
1137
1284
1406
1170
1240
1169
1173
1148
987
1668
3993
17080
11482
2308
2787
3531
10530
2280
4421
3196
8494
2478
3250
5146
2077
1903
4707
1452
1406
2492
1790
1570
1756
1224
1307
1787
1108
1498
1126
1322
1624
1235
1509
1302
2011
1321
1749
1562
1658
1937
1366
1997
1402
1140
2325
1983
1285
1109
1674
1168
1254
1599
1409
1319
1407
1293
1529
1905
4571
1642
2571
1420
1321
1321
1609
3928
2619
1919
14569
1733
23431
2479
1774
4712
5339
2281
1828
2160
2084
4510
2676
1706
1703
1651
1637
1918
1370
1446
1667
1389
1222
1200
1362
1138
1610
1301
1189
1248
1322
1293
1209
1104
1427
1085
1539
1179
1350
1375
1128
1369
1413
1194
1651
1193
1455
1174
1200
1068
1238
1299
1039
1488
1234
960
1210
1191
1140
1260
1121
1073
1454
1426
1130
1430
1110
978
1260
1017
1061
1090
1139
1316
1149
1144
1358
952
1245
1258
1265
1204
1183
1232
1236
1150
1024
1253
1197
1205
1563
1087
1168
1335
1145
1173
1115
1361
1227
1118
1190
1331
1075
1114
1295
1173
1005
1515
1193
1211
1206
2310
1309
1150
1413
1208
1235
1362
1254
1244
1474
1529
1222
1391
3462
1440
1236
1360
2711
1274
1512
1370
1331
1521
1516
1446
1310
1244
1510
1416
1554
1371
1513
1409
1138
1272
1247
1473
1606
1312
1578
1621
1234
1424
1451
1637
1339
1398
1564
953
1451
1496
1344
1299
1474
1258
1378
1488
1336
1367
1730
1312
1459
1248
1426
1374
1665
2110
1200
1285
1067
1001
950
1307
1418
1147
1132
1223
1252
1445
1003
1267
987
1093
1345
1033
1140
1328
1079
1150
1152
1491
1113
1168
1139
1703
1254
1016
1178
990
1113
1261
1136
1453
1315
1052
1228
1276
1264
1027
1211
894
1117
1448
1401
1481
1999
1177
1328
1759
1287
1280
2338
1003
1232
2648
1453
1756
1336
1540
1865
1155
1522
1918
1393
2546
1183
1453
1762
1668
1195
1287
1337
1303
1803
1160
1447
1219
1207
1279
1658
1397
1502
1145
1176
1346
1809
1210
2028
1665
1209
1424
1491
1152
1203
1721
1398
1230
1450
1388
1255
1709
1381
1416
1231
1652
1056
1368
1198
969
1050
1359
1120
1478
983
1332
1127
1048
1172
1474
1301
1068
1438
1254
1201
1352
1215
1184
1151
1240
1040
1051
2295
1063
1253
1431
958
1396
1038
1184
1219
1232
1148
1290
1096
1014
988
1022
1111
1179
978
964
1047
975
1218
1102
1218
1339
1190
1264
940
1348
1021
969
1398
1242
1595
1198
1002
1248
1176
1214
1214
1277
1091
1075
1421
1082
2406
1195
1064
1355
1123
1291
1079
1384
1262
1027
1583
1289
1079
1397
1593
1125
2066
1144
1158
1153
1111
1086
1784
1271
1218
1305
1121
1114
1265
1083
1079
1052
1318
965
1123
1115
1145
981
1143
1108
1260
1505
1308
1034
1459
1492
2129
1663
1421
1207
1888
1466
1739
1958
1699
2250
2038
1301
1503
1219
1009
1497
1350
1189
1733
1298
1273
1185
1206
1673
1812
2010
1449
1274
1054
1276
1241
1313
1438
1434
1200
1297
1330
1132
1278
1303
1339
1120
1056
1010
1122
1263
1443
1177
1460
1242
1031
1415
1209
1171
1073
1016
1208
1176
1191
1046
1135
1287
914
1372
1232
1543
1450
1314
1665
1379
1388
1226
