1660
1010
1438
1316
1356
1454
1568
1353
976
1453
943
1253
1153
1269
1132
958
1193
1030
1053
1008
1007
1096
1271
1368
1086
1273
1499
1352
1238
1287
982
1127
1127
1217
1291
1135
1232
1015
1210
1071
1288
1035
1316
955
1020
1201
1167
1293
1114
996
1080
967
1265
1075
1232
1031
1173
1145
1509
1111
993
1360
1056
1060
1060
1053
1109
918
1387
1100
1159
1206
1034
1267
1014
1118
1045
989
1170
1020
1066
1088
912
1249
955
1114
977
907
1547
1348
1273
1090
1536
1340
1176
1317
1297
1075
964
1152
1275
1186
1056
944
1238
1441
1094
982
932
1391
1174
1284
1018
1010
1065
1185
1128
912
1126
1156
1225
1027
1243
1084
1157
1260
1092
917
1257
974
1197
1080
1205
1197
1116
1055
966
1181
991
1296
1039
922
1190
1149
1238
1098
945
1088
1012
1244
1056
964
1232
1071
1237
1061
1207
1179
1132
998
1033
1088
1063
1089
1244
1006
1169
1097
1146
949
1183
1079
1181
897
1109
1106
1107
1251
955
1091
997
962
1361
1292
1206
1181
1059
1165
1109
1325
1321
1011
1049
1131
1091
947
1185
994
922
1262
1240
1268
1289
899
1306
1044
1213
967
1109
1138
972
1144
1049
1276
1160
936
1172
1311
1091
1128
958
1070
1146
1178
1067
844
1465
948
1332
1528
1171
1249
1136
1090
1167
1500
1352
1167
1210
1009
1244
910
1290
1082
1084
1103
1084
1185
1891
1030
1322
1127
1367
1106
1159
1013
1044
1365
1091
1209
975
902
1100
1025
1323
1054
978
1058
1021
1112
1055
993
987
975
1361
1052
1089
1149
1314
1183
1160
1079
1007
982
978
1000
1040
1153
918
1449
963
1211
1158
1074
956
990
1267
1048
1246
1203
990
1195
939
991
1076
984
1115
942
1438
934
1301
1341
1052
1087
1021
1257
1213
965
1084
1215
1403
1134
1270
899
1089
1114
928
2773
893
1363
1388
922
1217
910
1308
1083
905
1104
967
1360
1091
1655
1092
1127
1067
1044
1040
939
878
1149
864
1133
962
1086
1135
1036
1301
1120
1152
1079
1087
904
1183
1025
938
1380
1016
992
1310
1049
1030
1016
965
1042
1048
1030
1143
1259
1150
929
1327
995
976
873
1040
941
880
1199
2360
1420
918
1069
1246
1090
1348
940
1135
1157
1094
1151
1016
1392
979
978
1025
970
2369
977
1011
1088
1097
1403
1116
1249
1027
1143
1296
1249
1026
1082
1039
24658
1347
1261
913
1451
1108
1230
1062
1068
1248
1072
981
1410
1067
1322
1033
1218
968
1138
1249
2217
1142
1069
1184
973
1005
1434
1271
2146
1105
1300
1226
1234
1183
1218
1472
1235
1237
1701
1037
2705
1320
1403
1824
1711
2373
1497
1540
1459
1720
1773
2845
1652
1746
1725
1729
1573
1760
1560
1358
1728
1469
2111
2105
2359
2413
1590
1761
1814
2171
2177
2189
2254
2359
3184
1797
2206
2103
2925
3301
2008
2331
1473
1939
1930
1357
1630
1474
1617
1665
2129
1597
1684
1465
1732
1679
1572
1433
2195
1896
2073
1818
3418
1830
1501
1768
1284
1427
1270
1202
1487
1149
1526
1494
1892
1529
1390
1472
1431
1526
1290
1532
1396
1292
1564
1743
1572
1304
1267
1454
1320
1564
1575
1382
1406
1431
1419
1488
1392
1417
1358
1696
1374
1325
1271
1447
1450
1593
1666
1174
1205
1678
1361
1634
1267
1524
1448
1683
1452
1187
1582
1304
1706
1448
1309
1511
1545
1354
1221
1354
1580
1408
1682
1632
1335
1412
1298
1272
958
1206
1207
1359
1351
1397
1701
1041
1314
1417
1256
1382
1129
1284
1167
1291
1364
1612
1648
1249
1577
1827
1556
1260
1377
1453
1321
1356
1558
1514
1466
1197
1234
1280
1356
1550
1380
1405
1337
1193
1681
1440
1772
1354
1375
1473
1475
1387
1430
1347
1391
1467
1611
1520
1133
1585
1425
2799
1342
1550
1715
1661
1353
1398
1328
1298
1268
1220
1195
1494
1387
1346
1368
1393
1610
1351
1651
1453
1296
1491
1299
1629
1557
1176
1662
1424
1676
2100
1374
1442
1606
1741
1332
1594
1302
1246
1307
1298
1663
1560
1426
1132
1861
1487
1514
1894
1430
1296
1241
1646
1427
1328
1630
1199
1446
2593
1131
1409
1823
1306
1652
1445
1607
1225
1641
1621
1247
1489
1191
1364
1331
1445
1252
1512
1351
1471
1599
1144
1393
1525
1496
1309
1254
1165
1523
1406
1832
1281
1707
1527
1335
1333
2335
1633
1442
1260
1153
1362
1924
1200
1298
1161
1091
1919
1364
1699
1137
1415
1243
1001
1229
1044
1235
1079
1000
1189
990
1330
1279
1127
1065
1129
1010
1088
1069
1022
1105
1354
992
2008
1207
934
1157
1181
1227
1224
1005
1182
1066
1161
1066
1211
1194
1003
1291
1029
1123
990
1058
1492
1199
1425
972
1244
946
1112
1272
1114
1631
954
1092
989
967
1366
1223
1339
1107
1002
1205
1103
1209
1047
1252
1119
1086
1137
985
1305
1223
1297
935
1181
1322
1042
1035
1157
1009
1015
1334
1149
1024
1238
1002
1182
1158
981
1174
1528
1727
1246
1285
1396
1183
1403
981
1358
1594
1023
1074
936
1149
994
1089
1245
1287
1209
951
1200
903
1213
1109
888
1104
1220
1335
1085
1080
1088
829
1409
1197
1179
1544
1125
1335
970
1446
1563
2405
1227
1914
3379
1320
8197
17705
1821
3027
1429
4785
6219
1962
2075
1431
1674
1606
1394
1632
1333
1571
1614
1415
1401
1574
1358
1122
1121
1228
1319
1258
1373
1015
1403
1214
1223
1560
1236
1959
1076
1134
1427
1025
1303
915
1123
1078
1024
1260
1034
1258
1182
1549
1140
1143
1319
1122
1102
1050
1284
1019
1017
1124
985
1185
1128
1139
1285
1097
1138
980
1320
1184
1150
1272
1262
1084
879
1051
1092
947
1317
1151
1333
1216
1139
1116
966
1377
1155
1163
1079
1110
1281
1012
1307
920
1308
882
1010
1261
873
1068
