1296
1322
1416
1368
1264
2504
1061
1141
1191
1215
977
973
1310
1317
1327
1231
1038
1275
1066
1414
1172
1380
1192
1353
1193
1158
1690
1099
1072
1753
930
1036
1074
1198
1752
1323
1196
2012
1180
1171
1876
1074
1104
1535
983
1282
1220
1154
1420
1563
1218
1241
1354
1339
1303
1318
1152
1350
1605
1141
1251
1149
1355
1172
1283
1001
1021
1010
1038
1763
1081
1043
1351
1298
1287
1679
1392
1226
1346
1269
1100
1348
1152
1265
1261
1235
1209
1342
1210
1186
1156
969
1235
1102
1448
1592
1423
1699
1305
1214
1014
1188
1225
1011
1341
1109
1393
1159
1220
1236
1487
1150
1039
1112
1037
1088
1104
1252
1212
1019
1196
1584
1042
1199
1013
1412
1102
1711
1243
1067
2587
1054
1223
2509
1164
1107
2558
1361
1206
2710
1092
1193
1312
1216
1069
1208
1125
1209
1596
1298
1331
1522
1281
1932
1094
1286
2132
1259
1820
1171
1263
2149
1085
1211
975
1033
1349
1226
1224
1917
1071
1333
1882
1186
1262
1745
1039
1378
1093
1232
1206
1332
1133
1085
1233
1125
1317
1157
1172
1147
1241
1179
1073
1766
1368
1323
1041
1005
1012
1215
1739
1056
2021
1093
1059
2580
1152
1044
1107
1336
1099
1078
1200
2003
1039
1162
2593
973
1059
2886
1106
1107
1215
1308
1709
868
1328
1855
1163
1115
1602
1010
1016
1257
882
1087
977
988
935
1075
1100
956
1375
1210
1045
972
1153
1272
946
1252
1066
1019
842
1168
1080
1189
1269
1568
1219
1331
1974
2318
1929
1269
1194
1463
994
891
1736
1158
1077
1793
1272
1286
955
1081
1149
2321
1065
1454
1042
1176
1511
1037
1478
1106
1551
2654
1175
1101
1526
1182
1024
2266
1165
988
1397
1397
1347
1193
1901
1107
1233
1509
948
1380
1033
1042
1344
1020
1255
1183
1180
1126
1205
1429
989
1314
1090
1392
1108
1207
1208
1395
1210
1449
1671
1144
1001
1214
1120
1213
1107
1329
954
961
1506
981
1199
1050
1017
1223
1271
1402
932
1271
995
1276
876
1178
1741
1152
1369
2002
975
1155
1075
1144
1249
1332
1184
1113
1061
1188
1106
885
1138
913
945
1136
1113
1060
1270
1361
1307
1269
1429
1436
1329
1193
1315
1460
1281
1558
1304
1431
1225
1046
1196
1132
1218
1107
1056
1116
1007
1182
1172
988
1262
1065
1096
1135
1202
1018
990
1047
1144
1209
914
1177
1163
1004
1343
1013
1084
1041
959
1200
1638
1328
959
1157
1574
1125
1262
1257
1125
1290
1164
1296
995
1336
1062
1106
1213
1115
1344
1184
1023
1224
1148
1180
1066
1216
1083
999
1453
1149
1168
1211
1013
1230
1289
1001
1210
1324
1149
1145
1169
1070
1141
1048
920
1110
1203
1054
1028
1128
930
1113
1144
1154
1255
1202
989
1111
1169
1401
999
1041
1129
1010
1071
1039
1100
1266
3599
1372
891
1123
907
1182
960
1092
1092
1221
1162
866
1374
1032
1178
1144
1056
1311
913
985
1104
1018
906
1021
1077
999
1052
1046
988
1029
994
1171
1055
1009
1223
921
1077
1116
987
1060
1078
1287
997
1110
1014
1128
1122
964
1248
1006
1178
1251
1124
1215
952
1102
956
1190
1108
881
1503
1257
1060
1098
979
1092
1154
1104
1210
1021
1022
1019
1287
1060
1205
1034
974
1272
1004
1101
1007
1066
1373
1189
1126
1257
2640
1269
973
1114
922
1381
1171
1068
1316
1134
1184
1277
1797
1369
1110
1330
1270
1061
1352
1345
1277
1969
1225
1028
1031
1137
1763
1204
1061
1613
994
1010
2151
958
1268
1143
1009
928
964
1200
1132
1027
1060
947
1246
893
981
1046
904
1219
1018
2051
927
1261
1345
978
1250
1153
1364
1934
1062
1080
2869
1325
1239
2196
979
1022
1072
1013
1102
1019
1253
1268
1201
2173
1131
1140
969
1182
994
886
1187
1161
1074
1025
1044
1258
1075
1154
1140
1416
1007
1429
1196
1184
1325
839
920
1184
1277
1322
1155
1127
889
1149
1212
1029
1348
887
1196
1394
1086
1070
1030
1112
1087
937
1062
1023
1251
1013
1191
1324
1063
1039
967
1295
1159
1133
949
1103
1215
908
962
1084
1110
1208
1354
1216
1249
1198
1289
941
1442
963
1061
1166
1104
1871
1035
1082
2553
1358
1369
1997
1344
1114
1230
1003
1543
1154
1195
1432
1001
887
1326
1127
1277
1156
1309
950
1060
1108
1087
1840
1829
1076
1006
1092
1180
1015
1057
1065
969
1204
985
1297
1028
1141
1009
1047
1211
1245
1009
994
1023
1176
1133
1251
870
1246
1116
938
1389
1007
1232
953
1089
1180
918
1125
983
1259
1068
945
1239
923
1033
924
933
1316
974
1111
962
1182
1024
968
1253
965
977
1099
1102
1282
1154
1046
992
1046
1540
1318
1318
1562
1420
2497
1467
1353
1155
1736
2010
6034
1747
7979
1674
1458
1452
1233
1670
1199
1479
1567
1458
1169
1305
1103
1227
1009
1039
1153
1211
1290
1268
1212
890
1102
1004
992
1311
1273
1007
972
1082
1084
1100
1300
985
1129
1110
1038
1202
1131
916
1279
1228
1265
906
1121
883
1072
1003
987
1156
1915
950
1266
1028
1096
1036
1073
1129
929
1200
1065
1448
910
904
1298
1168
1187
982
1312
1115
1080
1164
1037
1077
1035
1097
955
996
1188
1078
1190
1010
1270
1230
1156
1138
1253
1159
894
1026
1298
982
1099
1023
1088
993
1152
1131
997
1107
1042
1112
1186
935
1092
1202
1109
1318
1024
1277
1058
1130
1115
1180
1006
1046
1086
1067
1125
1044
922
1073
903
967
1176
1000
1165
1157
1120
1237
1248
1125
973
1036
1057
1166
1436
1227
1292
1103
1375
946
1160
1590
1447
1315
1164
1084
1008
1194
1359
1091
1273
1042
1031
1311
1793
1220
1474
927
988
1202
1146
1023
1055
904
1020
1430
1724
1152
1077
1082
1178
1021
1102
1487
1037
