3918
2711
2662
2510
2584
2517
2475
1992
1105
1206
1511
1725
1720
1856
1740
1756
1750
1745
2109
2087
2113
2126
2073
2137
2099
1628
1092
1160
1172
1175
1149
1301
1370
1374
1324
1217
1438
1198
1128
1172
1222
1103
1026
1106
1146
1148
1453
1486
1475
1400
1448
1438
1506
7206
1697
1472
1339
1347
1217
1229
1034
1186
1446
1178
1266
1310
1331
1119
1338
998
1255
1112
1065
928
1011
1046
1000
1094
1546
971
1243
1134
1218
884
1013
1048
1044
1199
1328
1177
1344
1345
1351
1292
1301
1312
1319
1351
1345
1344
1361
1472
1179
1056
922
779
966
831
895
889
891
836
934
1196
1147
1391
1188
1336
1284
1125
837
995
1163
859
961
884
1103
1090
1282
1168
1371
964
1379
1188
1446
1575
1514
2532
1385
1179
1099
989
1049
1031
1008
1012
1038
1024
1008
1117
1030
1014
1008
1019
1053
882
1030
1138
1043
1036
1036
1080
1058
1022
1041
1226
1029
1002
1148
1028
982
1055
1013
1026
1056
1008
1101
1017
1018
1022
1019
1030
1053
1085
1022
1018
982
1083
1020
1032
1023
1003
1347
1018
1099
1440
1460
1426
1485
1462
1445
1474
1454
1437
1440
1444
1456
1497
1464
1457
1430
1467
1473
1465
1441
1449
1463
1458
1466
1458
1465
1458
1440
1448
2415
1528
1193
1463
1357
1476
1427
1329
1268
3284
3239
3316
3204
3399
3066
3204
3308
3229
3341
3187
3246
3248
3256
3289
3235
3350
3161
3279
3231
3238
3402
3175
3315
3181
3196
3248
3283
3287
3197
3312
3220
3290
3246
3291
3345
3217
3305
3226
3249
3263
3112
3261
3252
3248
3242
3207
3259
3184
3232
3246
3298
3228
3224
3252
3253
3266
3221
3292
3240
3251
3307
3208
3218
3231
3421
3279
3286
3327
3221
3282
3150
3389
3400
3247
3261
3178
3253
3268
3190
3534
3274
3238
2987
2927
3215
3266
3391
3205
3215
3412
3113
4177
3179
3255
3187
3230
3221
3265
3339
3150
3263
3130
3277
3232
3264
3325
3250
3193
3224
3206
3271
3314
3379
3193
3190
3186
3203
2969
3229
3305
3213
3244
3231
3227
3193
3011
2918
3270
3215
3275
3223
3330
3237
3290
3239
3124
3132
3212
3202
3224
3300
3256
3316
3382
3253
3362
3208
3249
3179
3234
3400
1206
1200
1197
888
1016
991
994
1021
1033
1025
1023
994
1028
1031
997
1034
1062
1162
1027
1019
1034
1027
1044
998
1032
1020
1015
1079
1036
1030
1034
1019
1017
1026
1029
1022
1074
1028
987
1033
1038
1056
1191
1132
998
1070
1083
1051
1020
1071
966
1978
844
1088
1985
869
1811
993
891
1899
1011
2108
1306
1132
1357
1758
1282
1175
1015
1868
1171
1240
1123
1270
1189
1137
1368
1155
1187
1149
1249
1151
1239
1285
1135
1184
884
863
911
1023
1008
984
1143
1192
1117
1122
1272
1053
3092
1206
995
1882
1043
1914
1182
1142
1057
1128
1014
1018
999
971
1000
1016
874
1018
993
1017
1024
981
1011
1004
1012
1014
969
992
1019
1005
1056
1021
985
1013
1008
1014
1088
1011
1066
1686
1017
1013
1009
1018
1007
1005
1026
1011
992
1002
1018
1013
1015
984
1017
998
1006
1021
1020
1001
1013
1005
1007
1012
860
5098
1039
1016
999
996
1034
1005
977
988
1009
1017
1001
990
1022
1020
974
1031
971
970
970
3220
3231
3399
3231
3473
2972
3288
3241
3393
3227
3167
3133
3173
3213
3211
3148
3198
3312
997
1037
1105
1069
1021
1111
790
818
999
1005
980
998
980
2033
2870
2890
2887
2857
3187
3337
1123
1048
1049
1077
1027
1010
975
985
985
997
983
1005
1015
3198
3203
3172
3180
3276
3155
3169
3167
3178
3288
3225
3255
3230
3148
3188
3186
3258
2991
3106
3210
3216
3276
3197
3341
3213
3225
3159
3142
3292
3367
3246
3289
3217
3267
3121
3382
3284
3251
3126
2825
3243
3178
3249
3186
3172
3264
3185
3248
3164
3270
3214
3210
3309
3153
3315
3218
3211
3250
3074
3192
3110
2964
3223
3163
3319
3151
3222
3192
3198
3256
3190
3238
3203
3296
3211
3181
3330
3217
3325
967
997
1033
977
997
972
994
1125
996
1143
1101
1228
1063
1151
1188
960
1106
1021
1000
1049
1049
1037
1024
1178
2021
2282
2570
2515
2314
2605
2662
2562
2603
2645
3139
3275
3162
3248
3228
3206
3260
3122
3230
3151
3150
3276
3184
3309
3169
3235
3182
3196
3230
3191
3254
3149
3211
3139
3146
3277
3171
3205
3137
3131
3238
3196
3228
3219
3185
3121
2925
2958
3256
3235
3133
3145
3273
3205
3269
3184
3143
3262
3386
3218
3142
3240
3156
3349
3277
3138
3284
3210
3209
3215
3146
3288
3221
3260
3135
2971
999
1009
997
994
1000
1016
1031
729
3143
3247
3186
3138
3216
3226
3003
2922
3212
3214
3171
3326
3169
3244
3125
3169
3222
3199
3287
3216
3206
3161
3189
3194
3148
3325
1080
1149
1072
1192
1281
1155
1132
1093
1045
1203
1004
985
1186
1492
1797
2096
2109
2077
2279
3138
3187
3532
3213
3203
3015
2847
3154
3233
3352
3177
3264
3096
3216
3135
3250
3264
3187
3237
3130
3140
3354
3291
3289
3101
3132
3245
3206
3289
3252
3280
3200
3134
3289
3190
3311
3293
3180
3169
3151
3471
3200
3299
3222
3186
3236
3168
3196
2945
2856
2929
3151
3169
3232
3264
3181
3178
3287
3292
3241
3147
3242
3206
3245
3300
3210
3254
3165
3264
3211
3227
3218
3158
3231
3185
3178
3234
3160
3218
3165
3171
3190
3246
3272
3208
3224
3180
3153
3178
3233
3528
2756
2856
3205
3214
3252
3164
3206
3170
3140
3249
3165
3281
3208
3266
3093
3202
3233
3222
3251
3206
3199
3387
3157
3229
3179
3245
3192
3197
3234
3133
3198
3182
3248
3178
3171
3315
3174
3243
3164
3196
3307
3168
3083
2879
3200
3139
3180
3332
3167
3245
3213
3164
3293
3232
3322
3159
3339
3178
