4173
3129
2455
4592
2097
1883
1882
1637
1367
1106
1179
1113
1098
1110
1147
1119
1104
1105
1104
1105
1200
1743
1740
1733
1778
1900
1614
1704
1739
1767
1756
1756
2304
2275
2125
1826
1516
2362
1502
1528
1758
1744
1719
1782
1857
1726
1723
1748
3087
3158
3074
3225
2734
3138
4115
2997
2965
2558
1211
1161
1723
1349
1138
1258
1284
1182
1080
996
975
1342
1384
968
918
905
935
946
913
970
932
959
928
935
1073
1549
940
912
963
959
948
793
944
927
1042
938
964
941
911
918
932
938
1128
902
819
785
756
811
772
788
978
804
846
959
1100
1020
1086
968
955
915
1794
931
948
945
933
1026
1075
1308
973
1061
1091
911
993
1069
1107
1106
1034
2065
1077
2458
1052
1100
988
972
1240
935
882
936
912
939
973
953
975
956
931
935
928
999
950
920
956
952
971
939
931
963
927
954
920
936
924
952
915
936
938
954
930
936
1078
1988
2015
1968
2022
1980
2010
2152
1970
2022
2103
1942
1976
1107
1028
1010
1027
1017
1039
1086
1072
1058
1113
1085
1068
1069
1098
1045
1080
1066
1103
1082
1078
1098
1074
1085
1086
1074
1090
1073
1089
1068
1072
1058
1041
1092
1049
1061
1060
1088
1103
1081
1061
1108
1064
1063
1081
1095
1066
1067
1072
1057
1096
1068
1073
1092
1088
1079
1067
1072
1056
1084
1102
1099
1064
1072
1070
1084
1038
1098
1080
1082
1067
1074
1084
1078
1095
1045
1075
1072
1073
1094
1086
1092
1067
1078
1092
1076
1096
1096
1077
1072
1048
1092
1054
1084
1074
1067
1072
1076
1054
1073
1071
1072
1056
1078
1076
1078
1100
1096
1090
1080
1067
1086
1056
1033
1074
1077
1041
1066
1075
1074
1064
1060
1059
1079
1116
1081
1080
1077
1073
1080
1104
1089
1074
1098
1083
1057
1088
1105
1074
1069
1071
1068
1087
1069
3122
3093
3089
3157
3052
3137
3197
3042
3116
3067
3159
3143
3067
3023
3036
3160
3029
3158
3085
3077
3046
3052
3117
3088
3147
2895
3020
3040
3064
3113
3052
3080
3163
3034
3166
3007
3025
3078
3016
3178
3003
3074
3089
3064
3082
3075
3128
3058
3031
3036
2984
3170
3091
3096
3064
3022
3041
3360
3100
3023
3064
3056
3002
3169
3020
3101
3061
3034
2805
2689
2700
2682
2659
2622
2648
2695
2605
2702
2596
2655
2746
2629
2805
3074
3105
3104
3036
3107
3029
3103
3096
3065
3163
3007
3054
3067
3079
3113
2636
3152
3040
3011
3081
3092
3113
3067
3129
3080
2995
3127
3007
3007
3033
3013
3148
3025
3131
3071
3120
3038
3042
3087
3043
3137
3095
3110
3026
3012
3046
3071
3129
3286
3125
3057
3113
3124
3209
3108
3065
3149
3041
2983
3020
3070
3136
3070
3070
3133
3022
2874
3068
3102
3068
2977
2958
3042
3141
3088
3155
3119
3035
3104
3030
3150
3067
3090
3033
3064
3076
3034
3127
3057
3124
3060
3112
3061
3017
3137
3062
3039
3012
3027
3122
2842
3026
3065
3020
3117
3062
3100
3000
3064
3051
3029
3081
3026
3063
3075
3100
3080
3046
3090
3081
3139
3020
3169
3042
2989
3098
3050
3085
1099
1036
915
931
942
918
934
938
942
944
941
948
941
920
937
939
938
944
1249
3378
3147
3119
3048
3143
3266
3075
3163
3054
3134
2991
3101
2735
2764
2662
2654
2649
2647
2675
2637
2634
2620
2644
2659
2674
2757
2997
3081
3118
3017
3342
3018
3056
3099
3054
3076
3108
3108
3034
3089
3032
3047
3130
3062
3136
3021
3040
3069
3124
3187
3035
3127
3020
3020
2989
3093
3146
2997
2801
3055
3069
3137
3110
3134
3102
3105
3045
3072
3023
3147
1586
1072
1120
1083
1118
1112
1106
1143
1099
1113
1081
1105
1121
1113
1965
1983
1955
1976
1970
2014
1969
2047
1988
1874
1971
1966
2038
1987
1950
1948
1961
2022
1916
1752
1943
1726
1994
1978
1980
1999
2024
1893
1958
2012
1970
1942
1939
1976
2002
2005
1982
1963
2043
1978
1998
1949
1984
1998
1968
2019
1965
1977
1984
1960
2004
1959
2043
2002
1949
2005
1960
1998
1986
1971
1930
1987
2213
3082
3095
2962
3093
2998
3056
3111
3058
3113
3073
3044
3073
3228
3163
3036
3106
3037
3073
3034
3082
3038
3139
3054
3063
3037
3156
3081
3128
3073
3046
3008
2986
3071
3083
3089
3070
3150
3035
3032
3126
2961
2819
2716
2625
2612
2735
2630
2624
2643
2671
2607
2587
2614
2672
3082
3133
3017
3032
3121
2989
3095
3063
3105
3016
3092
3056
3109
3122
3100
3075
3052
3050
3074
3028
3016
3189
3049
3087
2988
3086
3061
3094
2923
2930
3123
3039
3071
3126
3108
3140
2955
2976
3022
3096
3080
3055
3062
3102
3035
3099
3020
3076
3068
3027
3114
3041
3087
3059
3075
3131
3049
3145
3025
3061
3181
3002
3079
2995
2987
3033
3018
3141
3046
3050
3032
2961
3132
2980
3203
3070
3069
3047
3013
3084
3037
3057
3065
3031
3074
3031
3054
3113
3026
3140
3032
3075
3013
3069
3187
3090
3131
3040
3145
3076
3044
3173
3060
3046
3043
2993
3085
3054
3074
3083
3095
3086
2993
3239
2971
3098
3008
2975
2758
3092
3100
3100
3043
3152
3060
3147
3071
3107
2638
74247
3071
3067
3094
3001
3051
3041
3027
3135
3005
3034
3004
3044
3057
2989
3102
3068
2953
3089
3033
3124
2999
2809
2640
2629
2666
2610
2632
2628
2644
2712
2618
2676
2584
2700
2705
3079
3164
3028
3110
3026
3069
3150
3017
3092
2968
3065
3085
3114
3092
3056
3058
3064
3027
3231
3150
3138
3049
3048
3119
3090
3051
3111
3075
2942
2958
3178
3036
3220
3018
3044
3044
3060
3135
3049
3123
3085
3037
3129
3031
3058
3175
3042
3101
3027
3087
3068
3038
3148
3046
3148
3011
3109
3019
3156
3103
3036
3108
3047
3064
3130
3054
3170
3070
3090
3101
3036
3132
