1646
1501
1816
1798
2422
2192
2477
2554
1702
1656
1598
2142
2367
2172
2638
2257
4405
1480
1860
1581
1845
1410
1947
2027
2494
2329
2588
2130
2571
1984
2327
2731
2391
2617
2731
2846
2582
2469
2575
2776
2533
2914
2480
2640
2751
2733
2645
2463
2916
1756
1497
2074
1923
2369
2175
2724
2877
2073
2263
1993
2682
2250
2570
1533
1834
1542
1424
1481
1357
1715
1763
1359
1470
1384
1365
1717
1521
1337
1264
1619
1501
1612
1885
2015
1495
1574
1784
1513
1730
1800
1718
1690
1709
1664
1622
1773
1706
1770
1598
1622
1620
1749
1806
1706
1848
1696
1661
1566
2063
1941
1712
1422
1873
1700
1739
1766
1501
1691
1983
2377
2676
2545
2336
2540
2404
2220
2332
2449
2603
3485
2724
2686
2838
2359
2598
2579
2561
2156
2020
1659
1670
1934
1702
2079
1623
1487
1882
1603
1634
1918
1895
2403
2058
1687
1687
1622
1690
2412
1947
2058
2079
2261
1752
1428
2363
2463
2686
2331
1748
1509
1563
1810
2239
1448
1692
1756
1683
1776
1757
1733
1702
1831
2017
2403
2020
2248
2285
2650
2710
2105
2605
2171
2516
2719
2336
2699
2578
2776
1768
2481
2535
2435
2468
2644
1512
1576
2016
1539
1578
2126
1781
1612
2089
2446
2249
1953
2399
1963
2622
2518
2593
2951
2178
1933
1791
1910
1721
1639
1516
1616
1689
1829
1807
1974
1929
1696
1762
2260
1410
1708
2790
2119
2127
1926
2230
2285
2231
2766
2354
2759
2220
2890
2824
2695
2123
2138
2442
1715
1347
1794
2275
2895
2884
3070
2592
2482
2240
1607
1563
2281
2545
2656
2291
2640
2676
2777
2493
2768
2601
2572
2731
2300
2789
2618
2501
2782
2727
2829
2505
2618
2587
2603
2757
2500
1905
2018
2666
1578
1995
1916
1634
1354
1305
1514
2068
1694
1649
1589
1623
1798
1767
1757
2594
2369
2115
1658
1456
1574
1772
1784
1991
1810
1698
1596
1637
2008
2524
2503
2233
1975
1806
2126
1679
1713
1803
1696
1337
1850
1838
1978
1968
1902
1780
1946
2347
2228
2799
1941
2661
2691
2582
2694
1684
1593
1671
2434
2556
2381
2524
2554
2087
1574
1861
2228
2463
2700
2541
2496
2823
2444
2791
2517
2582
2291
2409
2449
2292
2697
2379
2738
2427
1791
2311
1985
2753
2323
2882
2366
1550
1531
1782
1835
1826
1876
1457
1689
1496
1840
1393
1205
1711
1409
1403
1638
1250
1378
1408
1495
1385
1581
1698
1603
1439
1741
1713
1801
1421
1626
1313
1830
1399
1242
1362
1234
1637
1524
1460
1426
1442
1394
1369
1365
1574
1967
1503
1385
1503
1355
1221
1605
1692
1543
1517
1456
1825
1748
1448
1517
1516
1750
1858
1431
1666
1772
1540
2121
2066
2302
2544
2400
2380
2511
2125
2189
2396
2116
2436
2721
2150
2719
2248
2728
2371
2485
2386
1716
1540
1473
2580
2490
2744
2409
2262
1620
1659
1560
1673
1573
1744
1645
1911
2239
2103
2582
2023
2352
1593
2069
1724
1743
1604
1759
2061
1976
2278
1713
1771
1739
1518
1608
1590
2120
2445
2398
1773
1754
1886
1530
1772
1736
1616
2122
1975
1922
2280
1902
2043
2029
1580
2686
2332
1862
1498
1418
1523
1638
1638
1318
1628
1694
1605
2121
1585
1586
1255
1317
1474
1312
1405
1374
1409
1786
1513
1660
1760
1716
1738
1730
1569
1569
1469
1775
2436
2000
2140
2431
2141
2609
1925
2167
2209
1971
2425
1972
2577
1949
4177
1329
1503
1988
1412
1664
2047
1828
2170
1822
2221
2438
1966
2501
1817
1443
1806
1728
1734
1858
2105
2427
2390
2874
2417
2659
2099
2570
2683
2462
2578
2170
2710
2293
2141
2666
1759
1879
2280
2373
2416
1835
2411
2188
2492
2881
2155
2645
2235
2725
2298
1857
2108
2553
2655
2411
2641
2583
2284
2057
2394
2551
1684
1876
1558
1643
1595
1783
1792
2646
1879
1622
1720
1491
1550
1948
1749
1431
2325
1306
2583
1390
1302
1580
1440
1412
1371
1461
1437
1525
1400
1479
1371
2316
1636
1667
1442
1553
1536
1407
1491
1503
1420
1499
1459
1467
1477
1576
1484
1439
1446
1353
1610
1427
1375
1540
1733
1441
1397
1646
1358
1305
11378
1476
1777
1491
1845
1746
1704
1671
1521
1818
1539
1305
1255
1126
1442
1424
1404
1313
1323
1535
1586
1382
1352
1461
1377
1396
1760
1575
1499
1452
1362
1702
1437
1578
1334
1453
1392
1467
1870
1757
1883
1518
2115
1847
1770
1903
1688
1730
1750
2132
2014
2157
2524
2744
2507
2852
2629
2379
1472
2098
1880
1605
1752
1637
1933
1476
1312
1925
1570
2667
2368
1732
1733
1963
1439
1567
1897
2033
2935
1661
1571
2496
1481
1679
1623
1559
2028
2046
1774
1556
1677
1604
1353
1545
1463
1214
1884
1947
1556
1972
1972
1888
1641
3126
1802
1556
2386
1673
2141
1618
1782
2996
1594
1731
3167
1732
1775
2074
1664
1934
2024
1469
2576
1930
1654
3159
1669
1604
3299
1688
1728
2555
1850
1612
1646
1651
2862
1299
1791
2645
1455
1684
2549
1666
2022
2650
1576
2178
1557
1636
2266
1878
1800
3069
1407
1775
2731
1451
1674
1774
1544
1374
1404
1373
1455
1359
1273
1648
1261
1899
1602
1580
1444
1721
1669
1399
1386
1921
1477
1721
1398
1597
1398
1548
1663
1403
1955
1452
1408
1421
1409
1364
1547
1676
1469
1592
1497
1661
1280
1405
1939
1987
2008
1687
1366
3699
1454
1457
2052
1463
1333
2018
1385
1266
1387
1498
1748
1532
1683
1542
1530
1762
2226
1621
1672
1406
1777
1502
1765
1712
1743
1527
1861
2352
1584
1418
1776
1596
1767
1415
1331
2254
1861
1939
2335
1258
1270
2440
1339
1403
1198
1383
1514
1483
1393
1846
1904
1461
2153
1717
1769
1367
1636
1592
1635
1553
1913
1297
1435
1424
1343
1502
1767
1463
1665
1727
1418
1259
1639
1398
1235
1407
1726
1821
1677
2278
1454
1792
2411
1390
2180
1506
1431
2589
1511
1977
3158
1949
1728
2220
1726
2084
