4924
2816
1403
1761
1853
1663
1786
1539
1657
1485
1762
1312
1432
1515
1176
1496
1723
1288
1880
1369
1228
1535
1382
1378
1427
1352
1335
1367
1221
1334
1690
1687
1534
1695
1629
1453
1366
2128
1599
1331
1411
1659
1885
2028
1879
1848
1968
1647
1772
1935
1898
1989
2121
1714
1952
2027
1940
1985
1893
1863
1973
1718
1859
1872
1855
1938
1878
1819
1874
2109
1871
1780
1806
1689
1813
1907
1842
1855
1951
1972
2096
1993
1884
1807
1726
1559
1561
1541
1529
1499
1578
1587
1531
1647
1503
1396
1203
1220
1208
1205
1277
1552
1198
1281
1079
1120
1160
1121
1019
1052
1037
1062
1101
1437
1632
1443
1753
1808
1542
1517
1597
1430
1393
1586
1493
18577
2386
1484
1595
1777
1615
1819
2782
1620
1500
1544
1517
3682
1658
1556
1723
1830
2045
1954
1400
1208
1191
1254
1224
1223
1311
1212
1206
1204
1299
1265
1283
1208
1342
1368
1311
1383
1272
951
1266
1214
1221
1210
2929
2995
3212
3060
3068
3078
3018
2882
3911
3123
3164
3264
3009
3045
3555
3415
3400
3477
1379
1220
1360
1529
1227
1405
1251
1292
1181
1267
1316
1254
1213
1300
1265
2911
4524
3005
2977
3513
3025
2942
3489
3031
3178
2978
3387
3603
3820
3811
3610
3738
4462
3860
3646
3668
4093
3697
3616
4554
3929
3571
3933
3764
3650
3672
3745
3675
1476
1449
1463
1496
1435
1418
1481
1438
1466
9316
1278
1531
1420
1465
1562
1426
1458
1451
3185
3804
3655
3688
3704
3689
3654
3833
3757
3717
3207
3634
3687
3761
3692
3719
3636
3711
4203
2309
2384
2272
3659
3645
3696
3748
3643
3606
3721
3663
3780
3736
3777
3742
3617
3691
3755
3789
3290
3686
3638
2907
3098
3005
3037
3027
3021
3035
3034
3126
3021
3013
3030
3017
3116
3279
3604
3692
3685
3717
3608
3929
3717
3679
3622
3641
3719
3589
3752
3607
3712
3709
3638
3737
3526
3720
3738
3688
3722
3674
3679
3778
3711
3842
3739
3770
3703
3752
3773
3758
3909
3788
3805
3752
3812
3761
4811
3535
3870
3694
3691
3730
3811
3836
3299
3827
3941
3725
3633
3711
3736
3648
3786
3629
3636
3905
3692
3746
3696
3786
3687
3704
4001
3656
3676
3432
3114
3326
3297
3717
3669
3812
3853
3810
3727
3662
3651
3720
3641
3658
3613
3669
3681
3623
3649
3624
3726
3635
3651
3674
3736
3706
3671
3725
3685
3722
3822
3506
3813
3799
3675
3575
3703
3705
3735
3663
3415
3456
3690
3593
3780
3633
3650
3660
3724
3669
3639
3675
3702
3598
3771
3459
3711
3762
3676
3745
3578
3787
3704
3681
3688
3692
3714
3593
3654
3624
3681
3668
3553
3559
3584
3638
3716
3619
3754
3671
3865
3586
3887
3897
3685
3888
3710
3808
3725
4465
3941
3741
3447
3292
3449
3701
3879
3402
3498
3532
3227
3304
3096
3116
3050
2960
3111
3087
3154
3262
3039
2718
2275
2230
1729
1799
2834
2810
2679
3633
3734
3732
3552
1991
1997
2025
1962
2004
3708
3697
3670
3558
3712
3521
3736
3713
3681
3588
3644
3494
2478
2491
2425
2431
2601
2574
3337
3765
3630
3523
3577
2801
2245
2100
1614
1649
1739
1875
1457
1243
1200
1248
1295
1294
1268
1200
1186
1177
1186
1229
1174
1218
1201
1192
1264
1108
1239
1184
1210
1193
1216
1227
1202
2447
2861
2492
2442
2658
2438
2430
2484
2418
2380
2402
2389
2438
2531
2497
2509
2528
2372
2447
2450
2492
3869
3692
3761
3600
3771
3741
3424
3293
3431
3380
3345
3156
3627
3794
3695
3596
3538
3819
3738
3729
3666
3813
3581
3568
3599
3548
3826
3476
3567
3374
2805
2609
2496
2656
2701
2668
2419
2313
2208
1772
1583
1640
1423
1400
1433
1560
1317
1410
1084
1018
1304
1064
1034
1217
1062
1043
1323
1031
1274
1085
1062
1171
1045
1257
1054
1048
1211
1049
1169
1334
1342
1667
1438
1500
1676
1415
1459
1485
1418
1525
1512
1589
1359
1382
1362
1452
1361
1332
1500
1411
1218
1220
1209
1178
1169
1180
1166
1208
1378
1408
1192
1217
1378
1193
1199
1153
1190
1173
1184
1294
1266
1288
1263
1402
1417
1277
1341
1334
1256
1079
1082
1249
1166
1189
1214
1250
1150
1149
1271
1120
1186
1435
1294
1720
1565
1372
1498
1896
1419
1845
1439
1648
1444
1470
2478
1472
1577
1649
1393
1656
1384
1484
1539
1194
1175
1665
1199
1160
1164
1121
1290
1499
1724
1768
1349
1736
1441
1317
1867
1286
1115
992
960
1027
1147
3613
1871
4806
1375
1905
1308
1638
2156
1504
3246
1564
1625
2020
1483
1788
2432
1324
1158
1164
1246
1261
995
1143
1298
1144
1206
1125
1130
1177
1152
1169
1168
1139
1134
1173
1155
1141
1133
1154
1146
1124
1094
797
995
1164
1165
1170
1187
1149
1163
1156
1181
1172
1164
1050
1159
1154
1150
1150
1138
1424
1164
1124
1271
1925
3214
2878
1115
1334
1711
1383
1743
1291
1356
1328
1724
2273
2886
2390
1833
2347
1292
2651
1819
1349
2996
1430
2008
2187
1351
1341
22441
1143
1331
2162
1319
3355
2567
1245
2506
2296
1410
1514
1132
1304
1669
1318
1317
1771
1156
1388
1304
1258
1598
1296
1366
1741
1799
1904
2097
1972
1899
1801
1718
1313
1193
1326
1687
1219
1382
1699
1363
1372
1241
1349
1480
1675
1499
1232
1258
1219
1290
1026
1172
1194
1161
1201
1252
1161
876
901
1211
938
1201
1181
3185
2891
3319
3137
3239
3121
3825
3340
3535
4361
3170
11403
1486
1132
1360
1386
1222
1287
1601
1793
1366
1357
1311
2164
1582
1109
1345
1310
1151
1230
1172
1234
1439
3726
1300
1237
1093
1215
1070
1131
1676
1107
1440
1397
1035
1357
1311
1079
1328
1110
1593
1493
1425
1509
1506
1605
1603
1806
1844
1786
1669
1888
1834
1525
1872
1796
1610
3698
3340
3961
3355
3322
1596
1422
1439
1290
1244
3316
3040
3280
3731
3534
3155
2890
2936
2888
3188
4134
