6627
3321
2541
2446
2368
2157
2058
1559
1904
1372
972
946
952
970
933
931
944
939
923
1174
1178
1196
1185
1200
1179
1187
1365
2244
2291
2291
2346
2243
2239
2256
2323
2260
1868
2222
3639
2279
2314
2199
2240
2291
2223
2296
2283
2215
2299
2263
2382
2233
2300
2098
935
1027
1055
957
1086
1041
1032
1031
1171
1000
1458
938
930
913
983
939
925
941
1004
1350
1362
1368
1476
1412
1362
1336
1363
1353
1378
2285
2263
2314
2260
2329
2234
2278
2486
2244
1129
1083
809
921
947
942
925
956
1025
978
760
894
789
806
822
792
814
784
1163
1063
1045
1022
1022
951
976
988
948
927
929
823
953
952
1060
1177
1017
1145
992
1059
1004
1031
1184
1999
1007
2479
1069
1065
1130
1035
1003
1231
938
911
1002
902
926
943
951
932
915
1019
956
786
921
991
966
984
913
977
923
887
896
910
929
940
808
786
883
748
866
710
777
864
714
861
803
786
850
851
802
958
928
929
937
733
944
932
950
931
884
923
960
931
938
902
958
999
1004
995
1003
1012
1016
988
1021
1009
979
1008
1002
996
1002
1011
1047
1002
989
1004
1006
1023
998
992
969
1028
991
976
1001
985
991
1027
975
1007
3148
3001
3091
3045
3160
3002
2986
1177
1173
1156
3007
3051
3063
3051
3101
3008
3077
3047
3054
3109
2974
2871
2992
3132
3070
3047
3106
3061
3137
3061
3099
3070
3093
3136
2969
3080
2962
3093
3175
2675
3138
3153
3066
3037
3060
3182
3032
3003
2992
3008
3086
3040
3763
3030
3057
3029
3116
3132
3085
3102
3014
3008
2653
3021
3069
3036
3226
3030
3089
3224
3074
3189
3093
2979
3065
3004
3098
2996
3082
3039
3057
3176
3087
3131
3057
3062
3102
3005
3086
3038
3107
3050
3027
3152
3050
3034
3069
3126
3089
3073
3004
3027
3051
3058
3075
3118
3045
3039
2742
3058
3113
3056
3137
3024
3074
3048
3112
3001
3053
3116
3050
3087
3071
3006
3147
3067
3142
2985
3024
3132
3115
3126
3127
3177
3049
3046
3047
2853
2885
2640
2648
2639
2606
2702
2667
2703
2752
2615
2631
2605
2731
2651
3057
3189
3018
3162
3116
3086
3066
3002
3124
3030
3122
3061
3109
3218
3063
3133
3042
3056
3052
3087
3165
2974
3130
3018
3075
3041
3068
3112
2946
15979
3040
3069
3096
3041
3103
3034
3086
3030
3032
3099
3069
3056
3084
3101
3070
3041
3136
3069
3039
3053
3056
3058
3075
3100
3060
3021
3042
2999
3179
3046
3143
3068
3101
3142
3072
3179
3028
3124
3098
3061
3698
2930
3086
3072
3038
3129
3003
3109
3053
3073
3137
3044
3075
3027
3045
3052
3068
3089
3055
3016
3055
3134
3013
3051
3156
3177
3025
2988
3036
3211
2989
3109
3044
3103
2982
2971
3087
3105
3166
3024
2987
3025
3257
3187
3073
3079
3105
3083
3144
3024
3112
3098
3178
3044
3023
3168
3061
3127
3060
3068
3143
3066
3018
3060
3078
3048
2991
3168
3028
3134
3009
3039
3120
3052
3214
2917
3117
3046
3105
3341
3195
1126
1166
911
925
936
945
721
718
796
774
699
798
784
813
780
802
861
786
801
814
1026
1014
1013
1015
1017
1025
1026
1036
1026
1041
3033
3095
3062
3033
3081
3018
3091
3030
3107
3037
3060
3081
3020
3124
3120
3080
3136
3062
3149
3008
2978
3087
3003
3098
2771
3165
3043
3102
3044
3085
3112
3051
3111
3011
3077
3182
2998
3166
3003
3151
3043
3105
3168
3037
3141
3067
3037
3119
3087
3118
3029
3096
3024
3080
3057
3095
3152
3092
3064
3026
3048
1001
1025
1076
1039
1062
1038
1133
1168
1145
1159
1131
1142
1154
1146
1170
1145
1183
1151
1507
3103
3097
3046
3045
3078
3119
3002
3039
2986
3035
3090
3014
3089
3075
3060
3070
3086
3134
3014
3111
3012
3111
3072
3042
3084
3021
3026
3038
3190
3064
3057
3115
3024
3142
2929
3121
3063
3010
3116
2853
3122
3089
3128
3126
3028
3109
3033
3123
3031
3169
3175
2992
3111
2970
3104
2979
3099
3059
3083
3097
3029
3091
3066
3088
3132
3222
3088
3060
3070
3068
2963
2902
2674
2658
2690
2659
2654
2672
2618
2644
2688
2696
2679
2596
2757
3127
2983
3069
2995
3081
3111
3135
3061
3104
3228
3062
3201
3028
3161
3203
3038
2976
3012
3149
3045
3080
3059
3081
3111
2987
3049
3037
3040
2984
3037
3139
3014
3138
3062
3190
3041
3038
3114
3030
3176
3061
3115
3083
3006
3057
2975
3067
3126
3082
3119
3050
3158
3036
3153
3062
3111
3197
3007
3152
3058
3315
3070
3057
3286
2988
3117
2727
3164
3088
3141
3086
2991
3086
3036
3199
3092
2740
2707
2723
2769
3068
3095
3013
3034
3045
3057
2940
3078
3090
3035
3003
3169
3056
3133
3123
3071
3061
3051
3086
3075
3185
3042
3098
3067
2968
3110
3043
3129
2983
3003
3071
2989
3140
3014
2974
3075
3083
3071
3076
3370
3068
3106
3018
2999
3059
3031
3115
3086
3083
3087
2992
3201
3013
3130
3005
3151
3020
3037
3088
3112
3094
3031
3095
3101
3045
3121
3094
3110
3056
3124
3073
3072
3064
3006
2825
3115
2918
2839
2683
2756
2665
2709
2707
2767
2671
2654
2641
2623
2704
2819
2632
3103
2991
3092
3028
3114
3081
3106
3106
3055
3196
3019
3166
3045
3029
3160
3053
3086
3147
3163
3094
3111
3059
3040
3139
3077
3112
3022
3051
3195
3000
3526
3120
3103
3045
3079
3145
3101
3163
3066
3228
3130
3048
3148
3042
3117
3104
3124
3070
3094
3166
3025
3107
3024
3084
3079
3081
3131
3031
3032
3077
3214
3104
3040
3105
2988
3140
3073
3133
3076
3149
3002
2920
3075
3013
3202
3088
3032
3093
3015
3199
3042
2732
3018
3031
3043
3039
3093
3020
3119
3069
3070
3135
3021
3108
3035
3127
3045
3052
3113
3023
3075
