4447
2591
2260
2086
1775
2009
1935
1896
1178
1170
1145
1132
1162
1172
1149
1155
1181
1169
1166
1201
1150
1158
1186
1170
1160
1155
1164
1170
1201
1229
1246
1352
1383
1635
2206
1350
1491
1309
1348
1876
1897
1882
1878
1870
1116
994
1064
1011
1013
1042
1013
1021
1006
1033
1067
1000
951
913
1046
977
1060
962
1038
2269
1065
957
859
936
686
864
808
720
879
731
872
866
918
1467
1214
887
1247
1119
1158
1104
1145
1732
1739
1728
1759
1746
1729
1682
1743
1732
1757
1741
1759
1726
1735
1892
1059
855
751
772
828
825
791
863
942
938
738
2133
1091
1101
1002
1035
1195
1075
914
930
966
998
941
953
937
983
1065
1080
1109
1022
1087
1012
996
1245
1153
2537
1192
1137
2282
974
3107
1009
947
1263
957
951
921
947
942
963
917
1082
1100
1084
1117
1145
1107
1540
1117
1131
1099
1123
1109
1072
1093
1116
1095
1120
1117
1200
882
1113
1082
1101
1099
1127
1100
1141
892
999
878
992
974
1115
1111
1092
1108
1124
1119
1087
1083
3148
3069
3042
1841
1852
1881
1887
1846
1903
1870
1845
1872
1861
1903
1807
1807
1814
1871
1896
1857
1822
1857
1861
1849
1853
1896
1846
1882
1825
1853
1805
1822
1853
1868
1883
1834
1851
1881
1860
1879
1985
1821
1858
1870
1903
1782
1587
1865
1830
1840
1847
1877
1844
1860
1848
1855
1876
1841
1901
1858
1876
1838
1875
1889
1843
1885
1863
1857
1834
1845
1899
1778
1881
1823
1763
1656
1573
1568
1541
1600
1536
1531
1566
1545
1542
1567
1571
1532
1565
1889
1881
1862
1794
1858
1860
1845
1875
1866
1839
1854
1837
1880
1856
1844
1832
1833
1825
1865
1872
1849
1861
1868
1837
1866
1857
3096
3137
3186
3064
3120
3212
3027
3728
3002
3023
3108
3034
3066
3022
3099
3021
3034
3108
2954
3163
2991
3044
3059
3053
3117
3039
3127
3040
3031
3017
3124
2967
3022
3069
3151
3117
3099
3062
3117
3046
3050
3064
2992
3128
3137
3130
3013
3107
2734
1725
1865
1798
1884
3023
3146
3092
3031
3111
3003
3089
3017
3269
3131
3041
3077
3003
3108
3040
3081
3111
3062
3087
3088
3085
3127
3074
3167
3071
3107
3051
3048
3096
3110
3195
3071
3071
3057
3064
3155
2985
3074
3177
2992
3041
3087
3118
3053
3212
3082
1169
1454
1024
1042
1019
1043
1031
1026
1014
1024
1014
1018
1029
1025
1018
1014
1039
1039
1026
1030
1093
1022
1029
1015
1020
1004
1022
1029
1016
1046
1040
1028
973
1042
1016
1032
3051
2861
2755
2678
2665
2621
2590
2676
2674
2668
2621
2628
2679
2657
2694
2989
3084
3069
3066
3095
3059
3094
3002
3208
3030
3098
3214
2957
3189
2988
3068
2985
3034
3120
3029
1155
1140
1118
1116
1119
1151
1147
1166
1155
1136
1111
1150
1152
1136
1142
1153
1103
1159
1137
1141
1144
1136
924
959
922
910
918
947
960
946
925
933
938
934
930
930
908
931
908
944
938
926
932
937
926
859
942
956
969
932
947
920
925
921
931
944
940
914
954
913
919
936
929
951
949
941
958
932
937
939
939
938
918
949
949
949
940
939
921
1313
2940
3090
3021
3044
3177
3063
3080
3014
3121
2733
3055
3140
3054
3131
2973
3044
3181
3094
3167
2958
3086
3048
3087
3061
3074
3220
3055
3043
3000
3043
3219
3066
2970
2995
3050
3099
3059
3141
3058
3041
3252
2977
3178
3063
3028
3008
2985
3064
3062
3157
3054
3005
3102
3002
3028
3028
3074
3105
2990
3171
2947
3195
3020
3085
3164
2895
2656
2764
2884
2605
2599
2656
2658
2640
2621
2620
2738
2661
2685
2975
3009
3047
3022
3145
3061
3086
3041
3081
3097
3122
3019
3042
3014
2994
3034
3083
3017
3014
3142
3064
3149
3031
3053
3140
3069
3017
2991
3051
2982
3102
3042
3070
3148
2994
3116
3078
3001
3104
3019
3058
3034
3078
3090
3051
3148
3024
3040
3092
2990
3234
2980
3102
3007
3003
3009
3073
3130
3054
3054
3030
3014
3182
3048
3133
3009
3016
2955
3066
3057
3043
3005
3035
3050
3100
3008
3119
3099
3055
3035
2976
3121
3017
3102
3048
3021
3049
2987
3125
3069
3163
2960
3016
3052
3058
3092
3053
3068
3123
3018
3356
3035
3045
3092
3055
3142
2989
3075
3063
3040
3097
3026
3122
3106
3958
3025
3070
3135
3013
3090
3022
3041
3070
3070
3113
3037
3095
3030
3051
3173
3075
3122
3027
2954
3059
3048
3105
3069
3061
3056
3065
3115
3048
3197
3017
3078
3101
3052
3189
3029
3083
3048
3046
3042
3059
3104
2927
3035
2645
2649
2698
2682
2631
2620
2628
2538
2621
2643
2646
2632
2698
2758
3148
3019
3151
3068
3097
3089
3017
3098
3110
3170
3096
3055
3117
3018
3099
2723
3079
3105
2981
3129
3036
3106
3078
3070
3087
3057
3120
3035
2922
3112
3026
3075
3110
3134
3054
3020
3141
3082
3104
3056
3012
3113
3178
3023
3163
3048
3120
3103
3197
3052
3132
3089
3032
3296
3107
3247
3348
3239
2942
3009
3057
3039
3152
3065
3066
3065
3008
3107
3034
3083
2939
2954
1460
1479
1508
1472
1493
1476
1471
3102
3082
3133
3050
3051
3273
3027
3155
3059
3112
3040
3018
3200
3028
3245
3051
3090
3117
3092
3156
3004
3208
3049
3080
3012
2999
3019
2989
3095
3057
3114
3130
3065
3099
3146
2969
3154
3032
3082
3019
3038
2996
3059
3129
3063
3037
2876
3020
3080
3043
3139
3036
3085
2974
3009
3075
3055
3124
2982
3044
3087
3042
3139
3054
3135
3149
3008
3060
3029
3107
3087
3083
3088
3068
3119
3011
3112
2930
2866
1680
1731
1648
1651
1676
1687
1621
1647
1669
1684
1632
1672
1671
1695
1989
1944
1985
1981
2009
2002
1970
1999
1950
1962
1949
1946
2009
1988
2057
1893
1945
1984
1931
1974
1969
