4277
2440
2167
2128
2099
3756
1787
1877
1636
1900
1909
1895
1968
1997
2048
1980
2043
2073
1992
2021
2061
2062
1999
2010
2025
1999
2043
2128
2114
2095
2042
2168
1977
1989
2017
2909
2038
1975
2048
2021
2055
1994
2021
1993
2011
2043
2012
2085
2071
2072
1984
2577
2769
2541
2547
2430
1234
2886
1235
1225
1201
1057
1116
1081
995
1088
1035
1075
1626
912
855
962
814
991
930
790
966
813
1049
1020
791
1383
993
773
763
937
944
953
966
985
950
960
1060
1188
950
957
951
954
1048
818
833
865
884
806
850
778
790
813
823
1139
1208
1046
1164
1012
866
1061
2028
1050
831
989
999
1089
1001
1029
1025
1052
953
981
1154
1036
1102
2695
1354
1063
1235
984
1040
1062
1149
1262
963
890
898
850
927
749
920
952
733
943
1023
1045
1241
981
969
1080
987
1005
1349
998
965
979
962
973
1010
974
971
974
966
963
989
971
1008
979
981
985
979
1037
995
950
947
941
998
986
995
970
968
978
948
937
972
983
972
1173
973
945
5460
1087
953
945
946
961
973
955
947
901
953
709
967
721
965
972
915
967
951
961
783
927
973
954
956
956
949
946
946
997
809
954
913
945
973
948
975
951
944
941
930
983
957
923
973
934
953
954
950
932
954
968
949
959
955
943
941
944
956
903
952
967
957
964
943
943
1025
863
985
951
944
961
955
953
905
949
971
957
969
971
966
967
936
939
979
962
955
973
957
973
967
960
932
941
925
966
905
953
954
961
941
955
967
992
954
960
954
939
937
969
948
949
954
930
947
948
866
820
975
923
955
967
949
967
979
953
973
934
963
967
967
951
982
964
967
953
935
959
937
950
961
969
966
941
966
943
973
948
945
961
940
954
980
938
963
959
965
947
963
968
977
1300
881
744
969
936
950
3064
2777
2947
2724
2828
2798
2813
2760
2612
2625
2460
2806
3468
2845
2777
2809
2914
2786
2813
2765
2785
2845
2803
2819
2747
2863
2722
2736
3187
3071
3144
3082
3075
3048
3087
3163
3090
3102
2972
2943
2831
3067
3142
3088
3094
3228
3132
3183
3065
3120
3082
3102
3242
3038
3088
3008
3100
3113
3106
3111
3086
3046
3168
3060
3147
3135
3142
3080
3053
3124
3113
3203
3039
3144
3186
3045
3173
3068
3186
3116
3031
3264
2818
3166
3112
3129
3232
3070
3220
3098
3088
3116
3100
3192
3123
3446
3144
3290
3362
2739
3247
3388
3254
3128
3234
3093
2906
3245
3040
3078
3126
3144
3167
3314
3290
3095
3368
3335
3294
3174
3199
3179
3083
3087
2896
2847
3143
3086
3102
3158
3117
3227
2908
3136
3031
3146
3243
3229
3142
3171
3011
3159
3102
3144
3142
3150
3076
3097
3207
3146
3107
3080
3284
3041
3077
3160
3122
3071
3087
3192
3224
3075
3076
3050
3088
3329
3086
2949
2888
3343
2754
3175
3143
3091
3209
3088
3118
3070
3201
3166
3079
3059
3040
3072
1586
1020
1066
971
973
946
931
1137
1095
1129
1121
1109
1111
1123
1160
1136
1143
1130
1127
1169
1102
1142
1130
1225
880
1120
1148
1126
1152
954
1107
1097
1135
1148
1098
1130
1117
1141
1125
1128
1158
1124
1099
1127
1122
1169
1141
1131
1120
1144
1220
1132
1161
1123
1118
1148
1136
1087
1148
1143
1111
1146
1130
1110
1127
1131
1124
1130
1185
1118
1121
1130
1144
1129
1148
1096
1134
1138
1115
1134
1124
1222
1099
1178
1125
1113
1128
1136
1142
1131
1132
1124
1126
1381
2521
2558
1459
981
1047
1013
1036
1041
1039
1034
1040
1055
1040
1060
1046
1035
1028
1047
1049
1020
1034
1015
1196
1218
1182
1212
1190
1189
1171
1171
1167
1211
1181
1182
1206
1293
3081
3094
3027
3051
3172
3129
3084
3061
3125
3174
3066
3077
3124
3101
3175
3009
3090
3057
3139
3070
3117
3189
3077
3179
3037
3084
3097
3057
3145
3054
3062
3108
3086
3522
3073
3281
2837
2806
3181
3047
3050
3043
3093
3129
3117
3174
3086
3168
3066
3091
3110
3068
3157
2927
3077
3011
3069
3135
3088
3047
3003
3108
3497
3083
3156
3046
3118
3051
3067
3096
3049
3151
3105
3129
3141
3049
3274
3101
3237
2770
2662
3142
3023
3098
3056
3106
3121
3051
3213
3082
3254
3051
3036
3192
3084
3149
3027
3031
3232
3048
3150
3081
3077
3072
3104
3222
3084
3163
3031
3059
3121
3064
3137
3105
3099
3068
3078
3149
3110
3149
3071
2856
3008
3162
3086
3134
3309
3145
3082
3167
3066
3130
3018
3087
3187
3081
3125
3035
3113
3112
3072
3219
3066
3127
3080
3101
3164
3068
3175
3069
3035
3066
3047
3172
3102
3139
3064
3087
3154
3097
3240
3016
3073
2804
2979
2842
2772
3080
3211
3055
3206
3060
3109
3055
3034
3218
3027
3058
1057
953
949
965
953
927
968
967
939
942
940
1031
951
964
951
978
1014
967
964
936
994
939
961
955
939
954
955
939
948
962
960
953
792
731
968
957
938
955
3044
3061
3182
3099
3228
3100
3076
3159
3069
3231
3047
3107
3041
3074
3174
3093
3232
3097
3232
2983
3048
3207
3068
3194
3031
3090
3018
3075
3356
3078
3183
3123
3073
3138
3063
3169
3057
2824
2887
3046
3158
3137
3116
3072
3122
3066
3066
3185
3089
3234
3163
3139
3036
3056
3335
3110
3169
3058
3086
3127
3076
3219
3067
3175
3084
3050
3183
3092
3147
3126
3186
3124
3095
3119
3100
3208
3096
3201
3162
2908
2870
2829
3070
3096
3112
3078
3066
3130
3072
3191
3083
3247
3112
3038
3045
3077
3180
2967
3091
3084
3030
3274
3088
3308
3086
3146
3091
