2076
1904
2032
1914
4269
1556
1325
1297
1354
1383
1524
1496
1496
1497
1496
1536
1475
1535
1450
1505
1507
1526
1542
1475
1495
1492
1445
1476
1392
1864
1504
1525
2047
2020
2254
1577
1537
1359
1506
1643
1385
1409
1412
1640
1391
1436
1438
1425
1454
1422
1434
1467
1485
1414
1426
1294
1468
1151
1166
1088
958
1052
1072
1107
1071
1136
1398
1447
1169
1448
1430
1131
1122
1139
1157
1112
1148
1132
1105
1108
1243
2514
2783
2599
1641
1487
1653
1679
2576
2887
2492
2703
1495
1153
1106
859
767
782
698
1076
927
940
915
866
872
806
812
812
841
917
994
755
977
1053
808
789
1051
1091
1059
2490
1169
942
964
939
918
944
938
958
1089
1135
1034
1015
1045
1012
1127
1088
1114
1055
984
960
1021
946
973
951
967
963
953
940
933
950
958
947
968
993
2760
2839
2265
1547
1284
1314
1270
1251
1301
1273
1297
1269
1328
1598
1523
1525
1546
1576
1518
1551
1620
1559
1560
1556
1574
1419
1572
1589
1561
1523
1596
1575
1555
1563
1571
1128
1033
1129
1095
1069
1119
1089
1190
1564
1597
1582
1565
1592
1581
1543
1555
1302
1572
1593
1597
1578
1581
1602
1550
1583
1568
1595
1555
1568
1608
1567
1580
1550
1545
1562
1577
1551
1347
1589
1544
1543
1599
1570
1613
1556
1565
1555
1590
1573
1547
1589
1569
947
1545
1333
1592
1569
1567
1614
1577
1563
1592
1583
1570
1619
1325
1554
1576
1565
1576
1536
1580
1598
1551
1558
1551
1555
1579
1589
1612
1566
1796
1376
1518
1578
1580
1876
3035
3055
3289
3096
3116
3058
3095
3084
3140
3131
3070
3124
3074
3079
3163
3121
3153
3018
3042
3070
3126
3194
3101
3127
3051
3065
3232
2602
2603
2426
2493
2565
2543
2556
2611
2550
2522
2507
2410
2778
3111
3041
3143
3081
3038
3151
3081
3152
3130
3044
3149
3064
3176
3088
3102
3043
3073
3203
3057
3135
3076
3039
3139
3166
3184
3120
3161
3070
3070
3130
3070
3132
3054
3097
3175
2995
3112
3093
3140
3074
3083
2844
2726
3121
3077
3047
3123
3073
3168
3111
3135
3106
3131
3331
3075
3171
3088
3098
3181
3130
3300
3092
3092
3098
3069
3206
3160
3180
3023
3069
3128
3084
3166
3066
3091
3049
2987
3117
3083
3196
3081
3024
3128
2951
2868
2854
3178
3323
3038
3085
3052
3167
3055
3093
3194
3098
3211
3065
3102
3105
3162
3158
3080
3160
3067
3170
3096
3060
3176
3102
3150
3063
3046
3184
3074
3145
3047
3079
3092
3070
3262
3102
3161
3089
3050
3209
3321
2934
3073
3104
3038
3015
3156
3083
3082
3105
3053
2973
2865
3226
3038
3065
3173
3096
3138
3120
3125
3057
3101
3239
3084
3146
3058
3032
3248
3029
3116
3063
3133
3097
2745
2856
3077
3150
2778
3060
3107
3059
3124
2911
3099
2783
2716
2997
3053
3060
3057
3223
3093
3034
3092
3082
3080
3146
3084
3132
3069
3124
3040
3041
3145
3078
3129
3007
3059
3092
3098
3155
3065
3125
3034
3003
3107
3128
3118
3047
3030
3158
3085
3152
3093
3018
2844
2666
3209
3069
3204
3002
3022
1419
1085
1063
953
944
944
949
976
924
938
945
956
981
954
961
952
963
934
956
945
960
924
914
943
955
956
975
948
960
967
954
977
964
948
1093
1094
1112
1101
1114
1055
927
1090
1083
1110
1103
1093
1121
1098
1101
1090
1108
1095
3090
3099
3100
3150
3102
3055
3084
3050
3144
3041
3029
3134
3052
3071
3068
3091
3030
3024
3133
3058
3092
3092
3080
3113
3053
3107
3095
3067
3112
3320
3425
4379
2863
3082
3080
3270
3008
3139
3111
3133
3066
1002
1105
1071
1087
1069
1061
1048
1067
1081
940
1066
1050
1067
1084
1061
1088
1045
1067
1081
1079
1059
1078
1064
1428
3031
3147
3083
3096
3118
3148
3200
3039
3099
3052
3120
3119
2864
3111
3117
3113
3095
3106
3161
3050
3117
3052
3055
3313
3055
3135
3092
3097
3153
3062
3143
3091
3253
3069
3043
3200
3016
3248
3106
3108
3188
3056
3154
3101
3021
3145
3053
3219
3054
3010
3063
3066
3159
3063
3024
2803
3079
3147
3102
3137
3098
3032
3138
2962
3118
3064
3192
3082
3059
3149
3061
3065
3117
3067
3198
3045
3064
3026
3127
3062
3104
3144
3111
3136
3062
3084
3169
3043
3173
3131
3104
3057
3036
3210
3095
3087
3164
2989
2902
2788
3153
3119
3006
3130
2978
3088
3090
3100
3132
3023
3150
3074
3098
3041
3069
3152
3062
3146
3024
3073
3088
3063
3185
3111
3035
3051
3056
3110
3041
3125
3072
3120
3058
3038
3094
3060
3132
3211
3070
3055
2844
3005
3139
3072
3013
3049
3104
2828
3151
3216
3140
3107
3267
3214
3109
3145
3075
3180
3033
3026
3149
3129
3155
3090
3083
3188
3049
3273
3102
3164
3047
3053
3254
3044
3102
3091
3162
3110
3074
3129
3089
3193
3012
2723
2752
2990
3223
3032
3209
3111
3068
3126
3098
3179
3051
3229
3076
3103
3181
3031
3086
3023
3189
3079
3119
3232
3124
3191
3100
3096
3194
3069
3248
3096
3151
3034
3065
3138
3085
3121
3105
3110
3103
3044
3228
3015
2663
2785
3061
3113
3138
3204
3091
3264
3121
2998
3175
3050
3210
3071
3092
3050
3054
2750
3149
3137
3072
3119
3083
3054
3214
3054
3145
3084
3092
3041
3008
3177
3058
3187
3223
2912
2132
2126
2178
3059
3096
2952
2900
2683
2775
3132
3080
3114
3073
3043
3168
3079
3104
3045
3121
3105
3128
3144
3090
3129
3069
3065
3109
3236
3213
3003
3095
3033
3132
3120
3099
3224
3079
3136
3063
3074
3164
3087
3136
3028
3189
3161
3110
3163
3191
2893
3101
3073
3017
3143
3168
3270
3057
3248
3117
3169
3128
3078
3079
3196
3134
3115
3137
3111
3167
3012
3112
3063
3059
3204
3080
3132
3078
3122
3025
3033
3279
3122
3112
3027
3033
3137
