24707
12671
3080
4276
1837
1770
1512
1544
1555
1542
1721
1748
1787
1729
1763
1784
1763
1774
1697
1779
1743
1737
1732
1726
1713
1728
1788
1799
1979
1768
1694
1819
1761
1799
1720
1362
2495
2074
2469
1687
1658
1718
1692
1731
1660
1754
1672
1658
1700
1742
1968
1967
2031
1890
2620
2021
1657
1692
1551
1558
1573
1266
1305
1386
1284
1225
1161
1197
1582
1033
1322
1321
1326
1268
1305
1279
1313
1356
1299
1328
1452
1412
1322
1366
1300
1299
1732
1736
1740
1722
1722
1717
1086
1078
911
950
937
933
899
960
989
840
798
742
1193
851
855
806
1932
862
821
1100
1141
1055
1236
931
1544
1004
960
924
994
934
935
1156
973
963
1032
983
1134
987
1018
1446
2487
1005
1138
1028
1093
1009
1021
1021
1169
996
936
874
918
945
944
974
906
958
934
949
914
935
957
943
930
949
919
917
953
962
902
930
943
940
977
950
957
938
924
919
941
957
954
908
949
952
936
934
947
947
928
947
939
951
915
936
947
1091
943
933
949
1006
6564
941
958
938
936
955
962
939
947
955
950
921
933
934
965
930
935
947
914
948
936
940
949
938
937
914
907
923
934
944
923
941
924
977
925
916
936
936
908
939
946
952
914
924
937
944
932
926
940
966
947
949
962
938
913
985
938
912
947
926
947
942
934
950
941
917
924
942
926
1006
934
920
944
909
935
946
954
1021
908
959
951
941
935
940
960
969
3073
2959
3035
3012
3150
3035
3117
3088
3076
3096
3040
3104
3098
3184
3054
3022
3111
2999
3072
3080
3080
3101
3007
3097
3096
3059
3129
3094
3134
3025
3014
3022
3067
3095
3092
3066
3031
3047
3072
3045
3112
3065
2703
3004
3023
3049
3104
3251
2803
3099
3021
3010
3103
3161
3251
3064
3055
3022
3052
3149
3065
3134
3119
3098
3166
3031
3174
3033
3169
2983
3072
3103
3018
3081
3081
3098
3074
3106
3086
3039
3142
3028
3216
3074
2980
2996
3099
3127
3050
3038
3126
3019
3169
3052
3135
3075
3023
3138
3018
3057
3057
3290
3078
3071
3137
3030
3164
3011
3114
3074
3089
3148
3072
3076
3101
3135
3041
3009
3086
3018
3236
2829
2666
2615
2624
2595
2641
2628
2614
2620
2680
2637
2641
2601
2635
3084
3108
3053
3075
3132
3036
3118
3087
3140
3102
2959
3105
3066
3108
3069
3057
3120
3055
3093
3033
3093
3029
3043
3142
3090
3146
3011
3105
3004
2953
3118
3025
3155
3053
3059
3058
3016
3112
3013
3102
3095
3071
3079
3067
3147
3049
3154
3029
3049
3063
3008
3117
3033
3094
3060
3126
3061
3032
3172
3034
3101
3044
3074
3187
3053
3104
2993
3094
3062
3057
3126
2910
3138
3060
3153
3150
3089
3235
3086
3087
3045
3106
3092
3071
3119
3055
3039
3034
3073
3069
3054
3144
3047
3105
3034
3051
3092
3061
3201
3075
3071
3016
3044
3131
3031
3151
3035
3031
3005
3054
3056
3055
3121
3050
3089
3041
3058
4111
3212
3193
3157
2985
3017
1666
1014
1044
971
954
941
949
947
931
942
941
956
952
943
963
943
939
945
951
909
927
937
941
944
910
968
916
934
939
944
950
966
935
886
920
921
967
979
737
881
802
781
790
685
776
698
718
789
780
773
777
723
787
942
937
932
930
939
937
966
939
947
945
918
936
932
947
972
933
936
955
950
933
926
937
945
297129
741
687
911
887
920
930
1140
1144
1101
1147
1143
1118
1114
1109
1104
1140
1112
3062
3007
3013
2322
2341
2294
2360
2285
2306
2257
3025
3044
2993
3039
3269
3090
3106
3017
2975
3115
3060
3137
3047
3102
3014
3013
3064
3075
3183
2982
2962
3056
3069
3108
3069
3095
3043
2988
3085
2997
3045
3042
3067
3111
2991
3116
3025
3092
3018
3013
3024
3125
3031
3064
3094
3034
3026
3052
3018
3110
3030
3091
3168
3046
3117
3041
3058
3055
3051
3061
3082
3091
3050
3103
3097
3062
3122
3011
3166
3023
3051
3122
3074
3083
2984
3186
3098
3074
3100
3046
3037
3058
3009
3156
3082
3038
2859
2652
2665
2715
2677
2619
2672
2648
2634
2620
2620
2688
2654
2617
3002
3032
3209
3188
3052
3209
3021
3089
3044
3121
3127
3064
3164
3043
3132
3059
3063
3032
3051
3079
2957
3037
3116
3085
3097
3032
3180
3002
3018
3141
3058
3303
3052
3061
2949
3090
3096
3053
3128
3078
3067
3100
2947
3032
3085
3113
2999
3001
3059
3073
3146
3054
3021
3222
3026
3151
3032
3050
3034
3013
3428
2770
3080
3056
3063
3233
3059
3115
2943
3079
3022
2940
2781
2993
3045
2987
2986
3061
2998
3071
3035
3116
3017
3042
3024
2978
3082
2972
3059
3719
2968
3104
3055
2979
3106
3041
3163
3001
3042
2998
3024
3037
3080
3042
3009
3006
3089
3012
3131
2975
3000
3039
3061
3156
2996
3078
3050
3057
3124
3048
3070
3049
3227
3121
3003
3057
3023
3045
3061
3076
3061
3024
3075
3006
2961
3120
3057
3088
2971
2979
3108
3047
3094
2998
3075
3065
3059
3036
3028
3135
3004
3070
3009
3023
3049
3111
3086
2823
2672
2635
2643
2624
2605
2620
2659
2624
2651
2589
2663
2652
2605
3067
2961
3055
3019
3101
3034
3035
3133
3025
3131
3021
3100
3223
3060
3117
3044
3083
3088
3098
3092
3131
3125
3049
3054
3069
3087
3163
3053
2924
3134
2960
3096
3054
3144
3037
3059
3120
2384
1167
993
939
935
950
960
923
984
767
960
943
949
981
954
932
950
952
935
981
972
942
947
968
988
968
1096
1097
1128
1108
1104
1108
1080
899
1115
1112
1156
1109
1081
1098
1133
1089
1115
1138
1103
1097
1086
1119
1111
1110
