1285647
9909
6546
5042
4651
5109
4766
5298
5068
6428
4761
5703
5080
4965
5367
4424
6486
4605
5997
5378
5912
4920
4967
5183
5739
5051
4643
5532
4673
5009
4623
4763
5295
3961
4532
4186
4106
4416
4438
3278
3338
3671
4166
3267
3073
3293
3509
3379
3614
3440
3176
3571
3310
3529
4559
2864
3461
3143
3151
3335
2773
3100
4171
3384
3119
2891
3496
3561
2886
3232
3203
2995
2777
3544
3511
3365
3461
2689
4003
3196
3994
4505
2881
3439
3059
3580
3459
3622
3684
3335
3321
3363
4445
2911
2942
2842
2887
2492
3230
3406
2915
3732
3252
3047
3445
3241
3302
3007
3195
2695
3135
3217
3063
3236
3148
3013
3193
3056
3010
3452
2947
3654
2927
2818
3145
3712
4259
4769
3174
2923
3661
3065
2957
2659
2937
3153
3028
2876
2705
2853
3009
2933
3179
2913
2866
2986
2692
3227
3358
3208
3025
2534
3113
3144
2629
3094
3123
2849
2794
2807
3222
2521
3016
3601
2677
3120
2830
3360
4013
3549
3224
3414
3178
4757
3483
3008
2938
3098
2817
2868
2748
3575
3221
2976
2915
2566
2968
2977
2392
2726
3146
2940
3061
3180
3022
2880
2905
2477
2636
3128
3033
2785
2690
2918
3289
2773
3160
2671
3366
2845
2580
2806
3335
2892
2850
2842
2575
2715
2386
2731
2967
2720
3024
2838
2653
2710
2389
2680
2522
2746
2988
2894
3178
2709
3808
3452
3321
3268
3258
2732
2676
2859
3409
3712
3823
3236
2788
2615
3035
2630
2915
2813
2621
2738
3067
3408
3112
2496
2821
2510
2764
2641
2624
2824
2921
2790
2827
3050
2667
2516
2766
2480
2810
2342
2653
2679
2823
3047
2984
3115
2800
3131
3072
2674
2617
2843
2668
2837
2863
2689
2927
2660
4066
2745
2602
2787
2524
2689
2835
2438
2591
2793
2558
3318
2476
2759
2755
2443
2747
2556
2636
2724
3048
3043
2295
2552
2654
3172
2430
3649
2505
2530
2463
2780
2966
2923
2515
2692
2634
2730
2898
2624
2717
2621
2367
2794
2648
2697
2482
2224
2337
2830
3055
2591
2991
2491
3367
2985
2552
2552
2323
2523
2721
3249
2600
2357
2517
3356
2316
2567
2383
2364
3558
3680
2397
2686
2928
2252
2545
2472
2723
2548
2368
3070
2624
2234
2445
2808
3064
2732
3243
2582
2576
2700
2482
2459
2088
2659
3156
3011
2762
2504
3311
2950
3804
3284
2774
3303
2948
2887
3279
3335
3266
2644
2555
2498
2546
3255
3024
2592
3819
2396
2745
3260
2717
3377
2599
2608
2702
2286
2612
4577
2187
2649
3628
2826
2355
2290
2812
2164
2042
2458
4131
2434
2846
3187
2713
2594
2134
2235
2703
2372
3475
2528
2160
2153
2538
2303
2108
2596
2574
2335
2062
2612
2828
2645
2502
2253
3393
2513
2634
2538
3130
2220
2969
2566
2915
3251
2880
2987
3041
2710
2525
2202
2458
2521
3324
2607
2869
3528
2168
2603
2601
2130
2403
2643
2748
2634
2594
2410
3392
2853
2811
2455
2743
2396
2175
2363
2161
2417
2584
2425
2357
2276
2992
2435
2437
3411
2843
3675
3578
2981
3303
2439
3143
1974
2350
2957
2257
3334
3001
2844
2291
2549
2303
2015
2538
2738
2759
3088
2556
2439
2551
2467
3142
2646
2582
2731
2424
2545
2446
3091
2680
2309
2664
2929
2233
2413
2680
2528
2511
2791
3161
3028
2715
2110
2610
2893
2233
2261
2288
2518
2249
2303
2439
2527
2251
2428
2171
2416
2152
2206
3089
2250
2525
2502
2498
2565
2695
2200
2785
2625
2389
3718
2277
2803
2180
2431
2519
2631
2711
2319
2984
2466
2609
2525
2637
2741
2513
2680
2537
2350
2434
2530
2505
2579
2209
2120
2384
2564
2354
2855
2898
2084
2927
2466
2316
2506
2469
2720
2711
2405
3529
2268
2098
2543
2485
3340
2528
2358
2445
2273
2444
2367
2089
2489
2621
2790
2582
2340
2745
2943
2453
2530
2342
2432
2556
2393
2400
2801
2580
2613
2331
2797
2434
2319
2200
2400
2590
2172
2427
2434
2310
2342
2596
2361
2420
2364
2344
2694
3597
2301
2498
2405
2314
2117
2532
2776
2283
2402
2327
2447
2320
2022
2011
2253
2353
2430
2524
2997
2473
2220
2245
2375
2262
2365
3232
2397
2276
2467
2120
2475
2198
2581
2234
2906
2702
2676
2786
2893
2686
1954
2425
2988
2703
2940
3241
2917
2796
3066
2786
3291
2232
2377
2556
2665
2464
2707
2689
3433
2931
2576
2896
2899
2961
2614
2818
3415
2726
2798
2545
2299
2904
2254
2321
2331
2335
2297
2539
2408
3079
2873
2646
2575
2650
2861
2949
2920
2840
2794
3395
2926
3179
3186
4512
2461
2687
3563
2297
2202
2180
2182
2809
2515
2539
2547
2914
2729
2459
2847
2684
3256
3144
3051
2744
2497
3275
2263
2989
1959
2027
2112
2459
2875
2475
3526
2055
2278
2482
2558
2492
2854
2327
2002
2230
2652
2478
3024
2842
3211
3450
2961
2920
3079
2054
2342
2262
2158
2024
2592
2896
2993
3077
3248
3060
3840
2339
2314
2688
2152
2345
2166
2391
2666
2569
2537
1977
2682
2212
2197
2382
2195
2324
2435
2355
2286
2247
2115
2511
2418
2377
2388
2096
2631
2204
2346
2163
2346
2108
2179
2168
2174
2272
2335
2330
2240
1861
2244
2153
2405
2223
2399
2364
2169
2463
2055
2014
1931
2001
2103
2652
2712
2334
2430
2392
2220
1839
1876
1968
2030
2049
2468
3244
2259
2769
2889
2312
2539
2648
2753
2509
1965
1974
1892
1887
2125
2220
2016
3211
2273
1979
2541
1858
2033
2040
2149
2107
2162
2277
2110
160242
1651
1688
2362
2162
1934
2227
2639
2435
2798
2776
2567
2695
2540
2715
2396
2283
2222
1936
2205
2003
2166
2386
2113
2820
2516
2989
2365
2220
2736
2419
2864
2144
2136
2671
2528
3061
2742
2689
2709
2583
2106
2470
2121
2403
2385
2108
1973
2488
2306
2587
2887
2672
2776
2518
2531
2486
2504
2796
2955
3109
2820
3162
3000
2471
2900
2605
2195
2138
2618
2713
2352
2539
2388
2500
2635
2724
3050
2297
3084
