3561
3002
2566
1666
4074
1684
1828
3947
1174
976
1087
1063
1013
1033
1055
1057
1057
1050
1044
1274
1293
1302
1325
1340
1302
1317
1325
1296
1321
1303
1294
1310
1363
1391
1452
1380
1294
1362
1339
1318
1320
1281
1301
1290
1378
1935
1315
1334
1320
1314
1683
3032
3181
2757
2159
4950
4569
1098
1043
1147
935
1051
1448
1056
1030
1018
993
1062
952
961
946
959
929
956
943
986
930
953
939
1021
2070
2762
1787
1744
1746
2093
2131
2137
2049
1852
2110
2190
2103
1076
972
964
915
988
934
955
939
1062
874
806
813
737
820
772
795
760
736
849
1746
1124
1251
1088
1124
920
922
842
934
926
960
953
942
1056
979
993
1046
1045
1008
1018
950
1124
1089
960
1238
1010
1327
999
968
2538
1063
963
966
931
966
957
953
978
922
950
928
964
925
943
948
991
919
1488
1546
1455
1480
1490
1494
1431
1476
1499
1462
1485
1481
1462
1436
1487
1503
1477
1475
1784
1449
1524
1474
1495
1445
1992
1965
1830
2015
1968
1908
1650
1107
1138
1079
1077
1019
1079
1101
1062
1090
1085
1070
1036
886
1081
1047
1091
1171
1083
1077
1085
1088
1097
1087
1083
1077
1105
1058
1091
1091
1109
1068
1075
1099
1063
1064
1065
1096
1078
1079
1106
1104
1069
1099
1098
1079
1097
1080
1060
1096
1513
1478
1462
1516
1479
1503
1486
1517
1499
1488
1497
1486
1517
1517
1537
1787
3089
3127
3012
3083
3089
3002
3140
2972
3096
3038
3067
3094
3060
3139
3064
3164
3030
3053
3168
3065
3152
3037
2942
3045
3129
2775
3080
3113
3003
3020
3176
3025
3242
3066
3037
3129
2996
3234
3075
3121
3045
3002
3222
3044
3081
3090
3048
2754
2999
3105
3101
3079
3175
3092
3114
3017
3084
3033
3110
3112
3028
3012
2986
3073
3172
3009
3051
3023
3046
2995
3017
3113
3138
3062
2975
3038
3114
3083
2847
3043
3201
3135
3076
3041
2969
3102
3019
3168
3165
3091
3081
3111
3184
3128
3063
4256
2836
2711
3005
3058
3211
3003
3033
3025
3044
3101
3067
3140
3061
3016
3138
3074
3263
3042
3103
2999
3021
3100
3051
3142
3034
3003
3090
3108
3027
3141
3135
2887
2703
2693
2679
2710
2640
2642
2672
2631
2641
2617
2640
2694
2672
2705
3061
3227
3082
3025
3146
2994
3184
3068
3049
3134
3065
3109
3059
3115
3026
3040
3365
3053
3044
3073
3070
3084
3060
3111
3039
3066
3137
3003
3058
3136
3096
3046
2984
3169
3080
3136
3074
3100
3140
3005
3039
3094
3088
3161
3050
3136
3013
3058
3065
3108
3103
3114
3102
3014
3068
3039
3037
3239
3008
3179
2984
3016
3134
3075
3117
3098
3077
3071
2990
3091
2942
3269
3088
3043
3098
3069
3152
3095
3060
3145
3052
3316
3057
3133
3056
3125
3272
3040
3062
3093
3045
3158
3045
3173
3033
3166
3064
3115
3178
2980
3153
3032
3101
3169
3084
3259
3061
3053
3114
3071
3115
3101
3124
3138
3010
3125
3038
3153
3025
3059
3166
3041
3109
3060
3092
3177
3026
3117
2996
3171
3069
3074
3280
3110
3234
3096
3034
3099
3021
1194
1121
972
930
978
961
933
943
924
960
935
913
958
941
956
926
937
1001
1068
990
854
859
866
876
863
878
859
845
893
831
906
853
890
967
1104
1076
1076
1098
1083
1105
1122
1115
1094
1090
1078
1095
1096
1086
1100
1106
1130
1108
3106
3405
3203
3198
3071
3152
3223
2992
3126
3165
3134
3031
2925
3028
3019
3041
2750
3165
3085
3007
3157
3105
3172
3075
3083
3188
3094
3092
3012
3140
3128
3075
3124
3113
3061
3069
3095
3174
3043
3365
2229
1064
1073
1048
1072
1043
1135
1109
1115
1127
1092
1087
1127
1210
1177
1179
1238
1168
1178
1170
1200
1167
1177
3048
3045
3128
3256
3298
3185
3117
3195
3074
3155
3184
3132
3006
3016
3151
3105
3153
3090
3212
3299
3048
3232
3078
3198
3098
3095
3209
2976
3289
3032
3091
3028
3026
3142
3036
3003
3094
2934
3168
3076
3166
3007
3126
3102
3085
3214
3077
3191
3121
3079
3093
3142
3109
3242
3233
3031
3233
3088
3028
3050
3086
3044
3030
3061
3035
2975
3118
3019
3106
2913
3059
3064
3025
3132
3057
3123
3069
3059
3104
2972
2892
2700
2681
2646
2651
2712
2715
2729
2718
2672
2670
2637
2671
2614
3142
3045
3080
3086
3154
3165
3000
3133
3089
3001
3167
3032
3064
3066
3113
3121
3077
3190
3051
3157
3091
3123
3074
3070
3109
2980
3106
3068
3061
3137
3017
3135
3080
3019
3067
3098
3088
3002
3205
3061
3116
3055
3114
3162
3104
3204
3057
3117
3043
3002
3200
3014
3128
3052
3277
3101
3051
3148
3063
3054
3067
3029
3147
2985
3079
3023
3133
3059
3113
3142
3097
3152
3070
3155
3032
3046
3191
3025
3156
3152
3072
3049
3077
3185
3054
3182
3097
3081
3029
3061
3174
3072
3103
3049
3057
3185
3128
3110
3082
3097
3073
3027
3162
3061
3151
3014
2991
3059
3024
3113
3079
3119
3060
3104
3112
3110
3196
3066
3079
3104
3027
3052
3087
3165
3107
3215
3085
3089
3177
3040
3131
3050
3185
3051
3003
3257
3063
3143
3060
3058
3164
3215
3171
3090
3157
3119
3021
3207
3156
3068
3069
3154
3089
3089
3095
3065
3144
2866
2867
2719
2683
2689
2653
2685
2665
2767
2719
2641
2692
2635
2687
3026
2957
3104
3083
3135
3071
3186
3098
3029
3195
3121
3121
3028
3072
3198
2800
3211
3123
3055
3159
3075
3183
3031
3052
3236
3024
3104
2998
3047
2937
3025
3182
3075
3100
3031
3058
3184
2996
3051
2975
3049
3131
3061
3117
3090
3081
3111
3025
3155
3068
3084
3106
3019
3157
3037
3145
3091
3127
3135
3041
3150
3039
2975
3132
3071
3209
2963
3051
3027
3067
3091
2897
3020
3054
3023
3223
3063
3197
3004
3031
3235
3035
3201
3085
