3889
1586
2211
1776
1569
1709
1437
1494
1045
1368
1522
1504
1501
1521
1536
1887
1917
1862
1878
1906
1893
1906
1878
1927
1904
1889
1923
1915
1934
1956
1907
2077
1757
3832
2815
1481
1730
1426
1322
1439
1470
1437
1474
1451
1440
1498
1442
1475
1461
1385
1346
1822
2035
1872
1786
1997
1830
2275
1406
1110
1241
1107
1229
1110
1091
1000
1165
1105
1058
971
892
844
1071
903
800
908
1013
946
997
986
966
1179
1540
925
964
954
966
934
996
963
965
1126
1389
1192
1032
1129
1031
795
914
1023
856
878
778
823
868
828
858
807
963
943
839
971
1202
1221
1045
1144
1085
2432
1038
890
942
929
909
879
1153
1083
1048
1584
1050
1877
1287
1110
1154
1145
1209
1231
1053
1049
1029
1038
1116
1005
977
926
822
1026
1011
965
990
1011
952
937
962
994
1014
961
971
1216
1033
953
959
969
955
967
967
961
931
948
991
989
961
924
984
980
956
948
984
986
945
955
968
970
929
953
979
1053
954
980
968
940
972
1046
1043
963
973
986
982
970
981
971
962
967
944
945
965
940
956
941
961
965
980
932
967
961
957
952
973
953
964
968
989
946
943
747
978
1007
811
973
965
951
934
969
975
959
976
981
966
963
980
1003
809
967
945
972
979
965
963
963
974
951
975
983
966
983
996
967
950
951
987
968
974
958
970
982
969
931
972
971
980
971
991
964
957
943
975
969
960
980
957
965
954
943
995
950
944
961
989
849
774
975
2858
2793
2807
2696
2855
2791
2787
2845
2831
2839
2763
2821
2758
2807
2822
2775
2836
2802
2822
2691
2752
2834
2790
2839
2772
2780
2867
2762
2809
2750
2871
2755
2785
2898
2748
2875
2736
2739
2755
2775
2955
2591
2795
2823
2814
2907
2739
2860
2835
3212
3069
3073
3259
3120
3212
3105
3097
3151
3109
3150
3126
3186
3157
3124
3152
3122
3218
3069
3076
3236
3262
3244
3060
3119
3072
3230
3210
3156
3181
3092
3170
3042
3106
3730
2780
3152
3101
3053
3144
3057
3104
3141
3140
3138
3022
3280
3056
3179
3291
2865
2865
2862
2859
2812
3033
3227
3142
3229
3138
3242
3052
3058
3100
3109
3217
3142
3160
3110
3118
3158
3114
3179
3143
3087
3142
2921
3257
3646
2936
3159
3174
3029
3255
3112
3158
3152
3053
3079
3178
3291
3354
3356
3014
2900
3275
3304
3198
3337
3272
3200
3299
3258
3427
3135
3055
3177
3086
3186
3143
3187
3118
3142
3193
3134
3234
3127
3271
2750
2700
2875
3342
3221
2791
3113
3239
3125
3076
3120
3131
3129
3076
3170
2791
2820
3089
3220
3166
3137
3353
3110
3073
3245
3243
3211
3099
3192
3041
3102
3128
3124
3183
3166
3158
3075
3143
3208
3075
3203
3093
3175
3030
3010
3005
2943
3254
3080
3151
3103
3091
3207
3113
3282
3101
3123
3066
3087
3151
3146
3356
3055
3148
3064
3108
3336
3130
3188
3099
3117
3120
3132
3168
3098
3243
3099
3140
3054
3177
3107
3159
3255
3015
3517
940
1117
962
758
951
948
964
965
962
968
978
1064
965
955
979
973
959
957
989
989
968
977
933
961
944
969
980
970
965
960
956
928
981
976
1366
3059
3099
3111
3086
2993
3102
3193
3059
3102
3154
3065
3106
3065
3107
2867
2960
3213
3044
3199
3102
3189
3122
3009
3206
3079
3135
3093
3177
3133
3125
3225
3084
3122
3118
3110
3191
3051
3232
3036
3151
3113
3115
3184
3047
3194
3083
3492
3121
3168
3186
3099
3283
3050
3126
3111
3204
1150
1085
1076
1046
1101
1073
1085
1063
1089
1092
1087
1082
1093
1070
1099
1086
1079
1098
1108
1050
1096
1011
1069
1075
1082
1109
1083
1082
1094
1066
1026
1073
1084
1065
1079
1074
1082
1082
1078
1086
1076
1085
1118
1073
1089
1087
1043
1101
1113
2984
3152
3298
3068
3064
3051
3072
3157
3132
3158
3079
3101
3179
3053
3170
3075
3151
3028
3059
3127
3091
3185
3088
3168
3116
3026
3222
3056
3238
3088
3136
3078
3127
3123
3092
3180
3084
3049
3179
3111
3151
3005
2841
2777
3137
3086
3126
3141
3129
3207
3069
3135
3081
3089
3227
3142
3174
3070
3153
3143
3101
3250
3135
3254
3120
3157
3280
3187
3288
3196
3366
3123
3163
3085
3167
3241
3227
3196
3155
3173
3341
3163
3326
3232
3002
2749
2925
3175
3178
3270
3191
3161
3170
3222
18014
6873
3313
3186
3197
3119
3146
3080
3108
3258
3126
3166
3072
3136
3147
3126
3229
3103
3202
3107
3048
3168
3085
3252
3070
3149
3065
3105
3143
3084
3142
3098
3210
2937
3082
3192
3136
3279
3092
3361
2904
3014
2970
3171
3202
3123
3342
3145
3133
3188
3055
3108
3060
1697
916
1132
1146
1506
1994
1715
2219
3213
3096
3207
3134
3154
1738
1490
1581
1402
1203
1005
907
794
1044
1040
2480
2568
3128
3085
3216
3123
2927
2272
2190
2626
2556
2657
2532
2569
2610
2517
3149
3011
3097
3077
3173
3191
3081
3151
3094
3103
3203
3108
3162
3129
3037
3159
1174
1215
1172
1184
1211
1181
1199
1197
1218
1182
1418
1228
1209
987
1198
1212
1194
1213
1235
1191
1243
1201
1209
1207
1119
1208
1214
1222
1213
1221
1193
2524
2551
2551
3144
3122
3080
3169
3113
3188
3111
3060
3146
3106
3239
3074
3232
3098
3066
3214
3254
3165
3118
3178
3100
3187
3110
3221
3252
2982
2708
3153
3080
3167
3166
3187
3116
3108
3234
3121
3195
3051
3147
3110
3102
3240
3099
3207
3098
3209
3051
2743
3332
2764
2836
2879
2494
2454
3046
3145
2774
1952
1856
2484
2485
2196
2614
2489
2534
3206
2450
2227
2538
2564
2559
2480
2627
2530
3029
3167
3115
3160
3094
3223
3102
3161
