4657
1688
2178
2637
2173
1843
1213
1020
982
1015
982
928
978
967
1954
1948
1971
1970
2286
2316
2276
2263
2312
2250
2418
2250
3011
2982
3084
3105
3047
3050
2722
2303
1933
1612
1779
1830
1547
1570
1541
1520
1512
1594
1630
1594
1664
1632
1648
1602
1647
3266
1596
4341
1845
1222
1465
1299
1190
1055
989
1034
1075
955
1047
1123
1119
959
917
963
958
916
1196
1169
1129
1148
1148
1136
1174
1286
1152
1121
1147
1554
1559
1581
1278
1554
1542
1552
1544
1533
1125
1011
984
975
984
970
1668
872
813
751
843
865
822
852
916
1841
873
883
1048
1097
981
1176
1005
962
989
967
936
1048
1029
1005
1128
1120
1138
1112
1006
988
836
943
1019
1264
985
1003
1002
1279
1103
984
995
970
1920
984
920
938
1021
919
940
931
949
925
943
955
944
922
1305
957
929
1037
951
943
925
911
935
1048
928
945
937
948
945
918
975
1010
937
929
945
965
1040
942
945
967
717
851
696
771
802
769
793
862
814
856
934
884
978
750
824
952
954
943
921
978
947
937
935
952
953
950
975
938
911
931
927
949
919
955
952
955
952
950
937
949
956
933
933
939
923
930
928
946
943
921
938
955
943
942
945
930
939
966
942
918
945
944
947
931
930
956
925
925
944
939
938
946
916
940
945
942
928
1003
920
945
934
944
935
929
928
949
919
935
950
953
962
936
950
1025
957
945
951
965
945
940
938
943
914
936
953
938
936
920
960
951
919
942
936
938
931
970
954
942
953
929
952
942
903
944
980
935
894
949
950
930
937
943
933
924
951
962
950
953
945
962
928
930
958
976
922
931
960
953
941
942
938
948
937
947
937
971
937
950
942
918
955
985
943
949
932
961
925
930
948
940
959
929
951
903
1023
932
935
962
937
945
916
965
937
936
977
941
928
1000
945
965
945
928
935
939
922
937
945
921
941
917
946
945
946
960
933
926
931
923
953
936
952
951
946
922
935
952
970
950
936
934
913
776
695
804
784
733
776
688
788
795
730
911
693
777
793
674
3012
2991
2995
3071
3100
3091
3120
3062
3097
3050
3021
3167
3094
3137
3031
2989
3078
3089
3150
3099
3084
3063
3013
3179
3041
3146
3077
3024
3004
3028
3079
3066
3138
3070
3110
3108
2753
3178
2991
3133
3079
3023
3022
2990
3049
3078
3100
3143
3021
3054
3043
3026
3103
3074
3054
2970
3035
3099
3055
3054
3037
3093
3068
3086
3091
3068
3125
2999
3035
2952
3071
3146
2933
3112
3011
2998
3119
3024
3243
3012
3069
3041
3017
3051
3116
3110
3109
3105
3036
3042
3105
3014
3246
3051
3008
3020
3014
3088
3081
3075
3060
3041
3149
3051
3070
3053
3024
3101
2986
3137
3008
3047
3081
3089
2916
3033
2995
2980
3106
3077
3040
3171
3063
3085
3074
3116
3065
3096
3175
3041
3055
3127
3246
3136
3026
3145
2835
1139
1099
916
957
947
928
968
969
972
996
999
795
1003
1053
1065
1057
1063
1070
1052
1051
1014
1067
1046
823
820
881
831
816
834
810
869
822
787
839
2585
2668
2600
3116
3028
2995
3091
3071
3061
3099
3137
3034
3142
3011
3077
3102
3058
3172
2994
3127
3047
3088
3070
3164
3076
3044
3108
3148
3027
3139
3055
3297
2934
3033
3030
3099
3143
3118
3043
3151
2981
3093
3045
3031
3142
3082
3088
3005
3090
3037
3047
3144
3055
3269
3076
3064
2834
1008
1069
1080
1095
1078
1104
1112
1137
1020
1105
1166
1096
1114
1117
1075
1086
1178
3037
3064
2993
2994
3096
3060
3035
3100
3143
3058
3103
3058
3130
3040
3033
3191
3065
3085
2969
3029
3026
3042
3113
3076
3076
3046
3248
3159
3044
3119
3014
3000
3052
3001
3110
3063
3165
3060
3046
3147
2988
3079
3053
3148
2876
3202
3112
3011
3084
3068
3120
3108
3065
3174
3006
3108
3109
2889
3121
3015
3109
3038
3041
3135
3056
3106
3057
3080
3026
3086
3292
3036
3205
3019
3044
3057
3056
3314
2733
3098
3074
3064
3124
3038
3089
3033
3049
3129
3065
2745
2652
2657
2600
2657
2655
2650
2712
2646
2659
2648
2689
2839
2769
3124
3067
3006
3049
3068
3135
3092
3117
3048
3089
3117
3027
3120
3038
3086
3050
2989
3118
3019
3084
3111
3525
2898
3023
3073
3042
3075
3093
2910
3078
3071
3083
3047
2999
3182
3042
3150
3126
3056
3306
3040
3219
3000
3128
2911
3080
3162
3050
3954
3081
3066
3079
3104
3352
3036
3106
2999
3038
3143
3083
3138
3006
3045
3140
3053
3121
3106
3161
3037
3002
3226
2910
3549
3106
2982
3189
2999
3099
3108
3102
3006
2988
3062
3083
3061
3053
3072
3150
3048
3114
3038
3055
3178
3041
3063
3006
3029
3061
3051
3087
3080
3139
3080
3099
3131
3059
3117
3083
3049
3125
3048
3113
3073
2961
3054
3002
3096
3053
3126
3037
3142
3065
2992
3087
2995
3127
3006
3019
3134
3040
3127
3028
3089
3080
3043
3131
2996
3110
3043
3050
3088
3061
3162
3004
3100
3056
2832
3247
3054
3110
3044
3007
3047
3098
3152
3069
3138
2743
2713
2670
2698
2704
2647
2686
2733
2659
2692
2687
2706
2610
2609
3063
3029
3146
3038
3078
3159
3008
3104
3034
3119
3093
3056
3143
3074
3085
3054
3030
3093
3073
3063
3039
3039
3065
3049
3186
3050
3078
3055
3166
3137
3109
3163
3033
3146
3092
3006
3101
3099
3152
3053
3015
3022
3091
3152
3021
3067
3066
2974
3181
3022
3107
3097
3010
3076
3026
3250
3070
3099
3120
3051
3045
3024
3148
2998
3090
