3382
4349
2757
2802
6009
2239
2102
1866
1891
1842
1793
1811
2003
2015
1928
1895
2016
2300
2373
2279
2265
2368
2252
2339
2288
2329
2317
2209
2316
2328
2387
2320
2031
1790
1585
1628
1592
1511
1511
1578
1596
1573
1554
1530
1589
1613
1551
1717
3078
3088
3042
2849
4644
2493
2536
2972
2964
964
913
948
1026
996
972
994
991
1061
1118
972
1022
927
961
1060
897
928
943
960
967
984
959
956
962
941
950
957
956
963
953
967
917
968
974
1082
975
932
968
959
921
1007
1001
721
780
821
742
833
812
777
819
825
875
1201
1177
1020
1097
1140
767
935
963
933
940
962
860
1028
1066
1024
1022
954
938
1128
1067
1237
1127
8255
1048
2502
988
966
2180
1230
973
929
958
936
954
953
968
972
936
958
953
968
983
1010
891
1188
1152
1189
1242
993
1165
1181
1132
1184
1156
1159
1173
1152
1135
1210
1165
1159
1151
1176
1144
1162
1144
1174
1161
1163
1514
3065
3071
3201
3043
3100
3053
3129
3235
1096
1056
1053
1029
1030
1021
1162
1131
1111
1060
1116
1137
1123
1142
1099
1143
3194
3091
3126
3144
3074
3033
3042
3104
3049
3167
3098
3091
3085
3082
3107
3069
3167
3101
3054
3192
3010
3166
3109
3163
3081
3081
1067
1097
1114
1080
1124
1110
1086
1078
1089
1120
1090
1102
1442
3258
3283
3262
3379
3325
3341
3282
3068
3179
3033
3149
3055
3313
3368
3166
2684
2699
2806
2850
2801
2879
2738
2812
2773
2775
2852
2800
2858
2819
2710
2760
26988
10801
2668
2937
2997
2842
3261
3344
3266
3201
3212
3210
3109
3202
3151
3201
3198
3159
3251
3256
3251
3069
3106
3164
3167
3272
3097
2941
2858
3179
3155
3122
3284
3240
3358
3081
3145
3170
3097
3277
3238
3198
3032
3101
3126
3131
3210
3174
3173
3266
3118
3228
3071
3221
3113
3249
3101
3205
3214
3076
3191
3143
3269
3180
3168
3312
3128
3336
3568
2910
3108
3219
3214
3115
3190
3117
3313
3140
3204
3218
3120
3235
3180
3168
3175
3135
3219
3130
3239
3136
3225
3172
3100
3190
3132
3301
3146
3174
3114
3081
3203
3154
3171
3101
3241
3101
3259
3275
3106
3281
3021
2961
2707
2811
3343
3156
3276
3051
3181
3047
3133
3203
3084
3302
3249
3164
3103
3108
3148
3113
3303
3113
3088
3041
3113
3179
3126
3120
3125
3171
3061
3054
3179
3019
3134
3044
3117
3200
3084
3220
3113
3242
3164
3044
2976
3079
3157
3096
3169
3075
3058
3214
3102
3193
3169
3115
3074
3134
2955
3090
3216
3151
3284
3106
3095
3082
3105
3219
3125
3217
3114
3111
3187
3138
3210
3134
3143
3150
3070
3198
3080
3206
3105
3119
3107
3185
3005
2881
3249
3158
3375
3152
3021
3142
3057
3184
3091
3154
3097
3050
3212
3044
3147
3093
3153
3159
3165
3121
3087
3120
3088
3113
3209
3125
3190
3109
3138
3104
3095
3058
3063
3135
3014
3129
3117
3170
3160
3120
3164
2929
2929
3224
3049
3221
3059
3180
3077
3208
3112
3163
3220
3113
3105
3130
3117
3212
1098
1090
1022
972
971
1076
935
1012
959
966
982
1061
1059
1030
1052
1067
1060
1061
1048
1052
1044
845
1116
1030
1058
1055
1051
1038
1050
1081
876
1049
1050
1054
1055
1042
1043
1029
1034
1043
1069
1037
1047
1065
1056
1038
1050
1055
1015
1094
1059
1047
1029
1058
1065
1058
1044
1075
1075
1041
1072
1056
1029
1078
3299
3121
3147
3144
3036
3198
3054
3156
3131
3193
3029
2798
2964
3119
3246
3110
3255
3066
3171
3146
3097
3203
3121
3223
3112
2993
3205
3024
3296
3065
1219
1018
1100
1076
1117
1123
1113
1153
1081
3071
3146
3094
3161
3148
3155
3165
3054
3210
3045
3206
3058
3171
3184
3049
2982
2788
3174
3123
3091
3287
3084
3158
3088
3083
3195
3130
3173
3091
3147
3052
3089
3219
3123
3213
3100
3094
3197
3168
3195
3134
3156
3299
3079
3117
3001
3126
3114
3157
3169
3069
3147
3100
3146
3274
3127
3173
2950
2805
2895
2746
3212
3099
3138
3070
3081
3176
3093
3150
3091
3161
3412
3000
3193
3098
3163
3147
3089
3183
3065
3173
3034
3046
3184
3057
3186
3038
3090
3079
3144
3219
3108
3159
3105
3135
3032
3038
3231
3084
5244
2932
2767
2913
3165
3221
3062
3218
3137
3059
3196
3096
3206
3061
3165
3062
3065
3206
3157
3180
3156
3074
3187
3097
3232
3069
3078
3090
3140
3189
3120
3193
3095
3137
3270
3158
3233
3060
3213
3039
3196
3080
3102
3080
2907
2683
2806
3122
3199
3086
3216
3119
3157
3025
3114
3194
3104
3307
3039
3046
3127
3157
3068
3114
3176
3100
3088
3202
3137
3079
2743
3070
3089
3051
3245
3104
3215
3114
3094
3207
3084
3116
3102
3204
3137
3067
3180
3025
3128
2970
3048
3116
3135
3144
3115
3138
3115
3168
3139
3043
3062
3070
3083
3143
3156
3139
3103
3153
3092
3107
3159
3090
3179
3063
3058
3156
3103
3203
3128
3155
3125
3091
3207
3147
3191
3110
3116
3612
3023
3484
2860
3113
3230
3079
3244
3116
3230
3084
3024
3213
3104
3370
3082
3032
3159
3098
3149
3081
3141
3057
3126
3202
3140
3112
3081
3113
3069
3054
3163
3088
3163
3138
3085
3147
3057
3197
3105
3196
3248
3108
3196
3035
2985
2792
3098
3269
3173
3243
3074
3138
3057
3072
3325
3092
3153
3059
3073
3242
3082
3151
3097
3177
3095
3012
3081
3114
3107
3069
3091
3174
3126
3198
3138
3091
3201
3131
3194
2790
3142
3071
3165
3210
3082
3144
2903
2926
2949
3072
3170
3112
3123
3064
2727
3204
3107
3095
3064
3063
3193
3111
3156
3054
3076
3167
3059
3142
3128
3134
3054
3754
3165
3078
3169
3108
3124
3181
3130
3143
3102
3128
3116
3144
2875
3067
3067
3076
3138
3208
2882
2763
3057
3101
3213
3129
3161
3076
3137
3059
3240
