3878
2335
2115
2340
2307
1872
2284
1776
1844
1874
1853
1880
1852
1986
2224
2316
2324
2273
2285
2322
2308
2400
2277
2244
2316
2288
2291
2222
2264
2277
2340
2352
2314
2005
1971
2540
2147
1724
1545
1291
1327
1675
1685
1635
1713
1689
1683
1684
1660
1653
1662
1800
1885
2448
2706
3166
1915
1059
1026
1069
1178
1171
1138
1000
994
1034
1049
1440
932
896
929
950
963
945
925
1012
780
925
963
1318
939
927
914
945
947
928
918
946
964
949
953
1563
1064
1059
948
948
912
935
931
1022
797
711
740
847
810
859
803
797
824
1010
1039
1068
995
1210
1106
1141
942
904
934
945
909
970
1010
992
1026
1044
986
903
1060
1005
1155
2727
1033
2763
1034
1019
2344
997
2609
1172
949
934
853
783
886
825
727
843
729
891
819
770
869
991
974
880
810
915
1047
924
951
937
964
941
941
968
923
919
938
945
922
992
938
949
944
1000
933
937
1031
2460
2576
2443
2215
2259
2453
2278
2235
2305
2235
1193
955
1014
1040
1037
999
1082
1202
1104
1102
1106
1114
1105
1100
1298
1122
1100
3107
3125
3086
3063
3022
3159
3024
3110
3079
3044
3016
3010
3082
3047
3107
3033
3037
3041
3013
3061
3006
3073
2964
3012
3072
3051
1421
1381
1409
1402
1711
3081
3115
2977
3068
3006
3010
3048
3097
3028
3031
3173
3106
3065
3139
3026
3080
3019
3103
3017
3070
3100
3059
3177
3041
3118
3025
3042
3161
22899
3309
3083
3010
3140
3030
3102
3088
3101
3028
3092
3140
3047
3273
3038
2982
3068
2997
3123
3066
3092
3073
3254
3114
3063
3033
3163
3032
3067
3009
3090
3061
3066
3113
3064
3095
3052
3079
3043
3040
3125
3003
3125
3017
3017
3091
3149
3113
3060
3126
3010
3051
3105
3041
2740
3081
3037
3034
3092
3132
3064
3056
3115
3075
3155
2978
2888
2698
2648
2714
2683
2761
2652
2735
2651
2683
2636
2584
2660
2614
3040
3102
3074
3070
3045
3074
3059
3024
3135
3011
3015
2951
3035
3136
3105
3112
3099
3052
3134
3032
3106
3019
3097
3139
3003
3119
3040
3110
2900
2962
3118
3031
3140
3012
3076
3142
3011
3123
3011
3035
3080
3107
3121
3024
3057
3229
3042
3082
3020
3089
3026
3071
3011
3053
3094
3257
3080
3039
3092
3161
3060
3105
3075
3101
3056
3061
3166
3062
3087
2771
3060
3013
2927
3100
3036
3103
3186
3024
3062
3004
3071
3095
3075
3165
3043
3191
2997
2996
3117
3069
3119
3002
3033
3031
3057
3024
3079
3139
3128
3035
3487
3025
3079
3045
2969
3091
2960
3113
3064
3068
3088
3103
3123
3020
2951
2884
3128
3184
2957
3085
3078
3032
3092
3052
3095
3051
3039
3092
3068
3137
3114
3128
3038
2998
3067
3050
3152
3009
3063
3099
3016
3097
3080
3061
3092
3042
3018
3014
3120
3065
3134
3076
2823
3123
2970
3132
3117
2793
2640
2643
2718
2671
2672
2612
2649
2661
2609
2650
2625
2705
2689
3051
3150
3082
3161
3037
3114
3023
3028
3137
3016
3137
3076
3064
3182
1011
989
961
951
941
957
925
939
938
940
923
947
925
933
941
948
975
926
914
934
943
952
947
756
922
920
911
942
961
962
937
951
944
945
916
931
948
952
945
920
927
952
946
921
940
917
938
935
942
931
922
944
1084
924
935
940
950
944
943
896
948
926
945
1048
956
912
919
953
944
925
910
944
934
927
915
953
944
898
953
949
926
953
948
944
939
939
955
938
942
928
928
944
932
947
948
938
926
958
925
982
942
940
954
932
920
953
958
868
859
1079
1086
1078
1140
1077
1086
1084
1096
1054
1152
1082
1081
1089
1094
1079
1086
1046
1092
1056
1072
1066
1080
1081
1084
1103
1035
1056
1084
1084
1096
1090
1082
1065
1095
1068
1076
1076
1070
1057
1053
1076
1095
1078
1086
1093
1080
1092
1055
1083
1121
835
839
2647
2680
2685
2696
2635
2664
2671
2609
2657
2621
2683
2715
3106
3206
3006
3108
2978
3020
3113
3038
3133
3026
3091
3061
3133
3010
3085
3054
3085
3172
3001
3104
3048
3008
3126
3054
3176
3067
3057
3092
2906
3082
3068
3140
3189
3083
3095
3079
3170
3028
3136
3147
3117
3099
3082
3114
3050
3094
3067
3029
3141
3060
3079
3064
3095
3134
3099
3171
3051
3081
3037
3084
3119
3121
3143
3025
3108
3017
3139
3133
3065
3046
3019
2968
3018
3060
3171
2971
3134
3022
3036
3061
3058
3120
3068
3104
3093
3053
3127
3079
3212
3060
3127
3037
2972
3072
3105
3129
3079
3125
3113
3036
3084
3088
3181
3042
3054
3017
3035
3122
3077
3101
3102
3099
3046
3038
3254
3093
3169
3059
2924
3014
3071
3139
3061
3097
3147
3025
3181
3064
3141
3097
3097
3066
3020
3082
3082
3074
3230
3096
3117
3057
3064
3119
3005
3131
3019
3020
3293
3018
3173
3033
3093
3072
3047
3149
2963
3100
3035
2899
2681
2630
2695
2656
2656
2616
2649
2643
2600
2643
2624
2702
2699
3058
3105
3003
3055
3103
3043
3145
3124
2989
3221
2996
3046
3234
3105
3034
3056
3136
3020
3103
3043
3048
3177
3038
3112
2989
3073
3091
3080
3149
3082
3077
3037
3047
3152
3104
3109
3031
3023
3089
3072
3144
3112
3020
3044
3024
3139
3079
3159
2989
2988
3157
3079
3026
3051
3062
3126
2993
3075
3039
3088
3154
3044
3083
3007
3088
3057
2748
3176
3052
3132
3056
2911
2936
3052
3137
3024
3091
3043
3052
3122
3077
3194
3069
3116
3082
3125
3115
3105
3213
3040
3062
3034
2998
3167
3167
3146
3061
3071
3144
3085
3419
3010
3084
3064
3013
3154
2969
3156
3084
3098
3115
3072
3123
3245
3326
3070
3001
2975
2972
3183
3127
3062
3257
3163
2992
3199
