1877
1555
1718
2440
2019
2387
2346
3155
2069
1841
2402
2338
2056
2465
2363
2462
1816
1561
1727
1965
2437
2205
1963
2175
2027
1632
1786
1491
1629
1873
1620
2123
2531
1777
2140
2108
2501
2560
2517
2463
2236
2426
2518
2617
2630
2559
2589
1741
1526
1623
1495
1541
1649
2428
2065
2447
2401
2219
2421
2319
2167
2500
2363
1711
1460
1466
1979
2280
2558
2334
2527
1828
1300
1503
1576
1578
1210
1893
1977
2503
2231
2315
2401
2267
2386
2478
1987
2226
2524
2048
1446
1325
1637
1448
1454
1368
2412
1798
2416
1412
1525
1252
1465
1258
1261
1309
1456
1323
1200
1136
1245
1170
1608
1132
1431
1303
1390
1580
1419
1247
1362
1302
1083
1462
1368
1396
1689
1402
1085
1182
1116
1170
1080
1287
1099
1524
1300
1808
1694
1171
1310
1129
1297
1795
1696
2021
2087
2328
2426
2145
2479
2035
2205
2834
2265
2593
2180
2430
2521
1515
1612
1680
2582
1984
2603
2334
2214
2298
2437
3217
2150
2432
2176
2304
2719
2383
1902
2256
2303
2432
2380
2536
2175
1379
1497
2090
1310
1731
2163
2406
1721
2210
2088
2574
2402
2567
2312
2433
2529
2282
2642
1263
1153
1768
2299
1765
1560
1612
1864
3232
1406
1421
1540
1296
1541
1788
2263
2267
2442
2363
2435
2789
2227
2541
2373
2012
2176
2252
2680
2317
2334
2841
2385
1526
1501
1309
1597
1485
1236
1663
1852
1870
1298
1196
1223
1307
1069
1365
1060
1470
1190
1437
1263
1370
1151
1318
1287
2280
1613
1565
1360
1518
1522
1367
1845
2034
1890
2250
2161
2215
2473
2076
3525
2215
2758
2130
1362
1720
1761
1986
1534
1606
2184
1961
2140
2451
2119
1883
1819
2469
2063
2316
2478
2429
2466
2407
2455
2468
2017
2372
1313
1353
1813
2236
1349
1795
1457
2004
1968
2192
2196
2333
1811
2210
3012
2104
2392
2469
2508
2325
2401
2468
2261
2384
2575
2626
2543
2103
2408
2283
2415
2228
2285
2167
2443
2409
2525
2479
2534
2236
2815
2215
2402
3172
2146
2486
2460
1636
1224
2114
2586
2269
2649
2182
2391
2136
2580
2248
2534
2369
2610
2292
2645
2613
2475
2437
2376
1650
1629
2205
1816
1686
1513
1508
1558
1442
2036
2423
2327
1854
2227
2826
2249
2453
2485
2162
2532
2394
2236
2563
2222
2612
2125
1481
1295
1852
1904
1827
1671
1807
2428
2521
2084
1350
1427
1501
1750
2259
2406
2379
2483
2252
2381
2628
2102
2443
2324
2471
2291
2532
2387
2364
2373
2449
2273
2468
2312
2467
2424
2312
2051
2245
1928
1724
2139
2065
2412
2141
2321
2589
1643
1450
1780
2294
2336
2398
2507
2492
2561
2456
2459
2520
2328
2465
2648
2262
2013
2444
2378
2221
2536
2467
1274
1968
2224
2480
2037
1487
2149
2121
2588
2316
2453
2556
2180
2538
2202
2602
2052
2370
2465
2033
2564
2437
2497
2365
2541
1294
1633
1614
1527
1802
1993
2327
2531
2228
2447
2293
1932
2577
2297
2468
2611
2537
2679
2281
2348
1730
2048
2589
1988
2695
2568
2798
2066
2343
2631
2225
2702
2119
2377
2460
2211
2703
2246
2466
1953
2262
2179
2099
2703
2110
2743
1492
1455
1368
1872
1806
2112
2238
2573
2209
2629
2309
2580
1921
2546
2552
2207
2065
1665
1873
2263
1424
1495
1410
2035
2235
2255
3175
1654
1326
1757
1275
1564
1392
1498
1238
1304
1239
1190
1336
1322
1280
1142
1262
1530
1392
1529
1379
1591
1384
1638
1211
1644
1269
1509
1691
1342
1156
1187
1236
1319
1524
1126
1252
1122
1254
1488
1790
1435
1641
1261
1264
1546
1332
1717
2289
1962
2493
2068
2440
2377
2219
2313
2344
2211
2151
2301
2416
1990
2246
2097
2266
2104
2481
2378
2058
1305
1388
1700
1981
2003
1954
2146
2216
1990
2438
2425
2110
2455
2219
2427
2153
2091
2724
1578
1535
1889
1922
1693
1267
1604
1504
2157
1636
1507
2218
2023
2428
1884
2072
2147
2042
2235
2050
2540
2369
2269
2327
2389
2254
1981
1432
1614
1644
1510
1496
1697
1621
2153
2212
1974
2303
2203
2167
2129
1960
2107
2041
2303
2320
2139
2281
1944
1517
2119
1509
1528
1324
1246
1957
1591
1233
1163
1209
1317
1098
1151
1122
1144
1528
1204
2090
1578
1177
1227
1384
1665
1435
1650
1366
1426
1749
1616
1317
1733
2280
1425
1611
1776
1502
1588
1707
2156
2100
2617
2222
2442
1673
1464
1913
2026
2424
2192
2133
2160
2748
1626
2046
1450
1615
2030
2236
1473
1684
1644
2292
2277
2524
2654
2275
2445
2284
2423
1914
1917
1705
1741
1360
1665
1424
1745
1538
1848
1932
2015
2324
2204
2488
1645
1405
1466
1295
1262
1655
2074
1970
2500
2303
2365
2200
2011
2077
2298
2179
2124
2541
2555
2012
2557
1940
2149
2389
2237
2176
2435
1854
2020
2132
2111
2115
2400
2189
1917
2055
1961
2330
1634
1570
1572
2014
2267
2393
2523
2146
2724
2173
2637
2476
2427
2507
2509
2407
2436
2419
2751
2237
2556
2114
2382
1512
1460
1498
1802
2280
2468
1979
2344
2522
2508
1977
2362
2421
2155
2485
2062
2544
2647
1499
1595
1432
1583
1602
2121
1389
1756
1532
1750
2055
1980
1920
1975
2439
2003
2183
2475
2372
2190
2347
2133
2351
2590
2437
2492
2078
2083
2225
2643
2316
2405
2098
2011
2522
2632
2340
1935
2742
2729
2303
2488
2321
1373
2057
2494
2449
2444
2412
1414
1688
1882
1354
1406
1371
1962
2312
2493
1914
2327
1962
2238
2317
2154
2087
2233
2523
2687
2155
1328
1436
1555
1273
1426
1793
2279
1423
1514
2095
2142
2575
2792
2232
2307
2219
2141
2248
1650
1359
1721
2206
2269
1555
1678
1463
1549
1717
1952
2105
2929
1574
1623
1573
2126
2363
2369
2263
2433
2537
1490
1470
1825
2037
2258
2407
2313
1823
2284
2575
2106
2509
2321
2478
1670
2206
2101
2425
2144
2062
1846
2296
2300
2286
2291
2494
2502
2036
2424
1964
2135
1995
