4196
3078
3186
5113
5815
1752
1662
1718
1451
1293
1305
1265
1306
1305
1320
1485
1693
1653
1600
1660
1641
1584
1797
1706
1639
1659
1698
3411
1299
1453
1509
1447
3312
2006
1331
1262
1335
1198
1371
1183
811
1202
1112
778
1084
1415
1384
1658
1403
1512
1738
1854
1816
6280
1804
1569
1568
1238
1266
1387
1679
1413
1375
1419
1348
1613
1782
1217
1077
1219
1578
1077
1192
1683
1431
1471
1110
1286
1391
1261
2377
1053
1121
1095
1067
1111
1106
1149
1115
1095
1132
1115
1084
1107
1128
905
1089
1580
1010
1196
849
830
810
1140
1164
1121
1151
966
854
796
883
786
864
1584
2955
1685
1182
1278
1239
1691
1587
1733
1395
2469
1353
1354
1275
1385
1375
1296
1395
1210
1306
1186
1125
4347
1422
1355
2095
1319
1342
1420
1327
1364
1414
1275
1604
1223
1305
2361
4598
1382
1621
1236
2015
1462
1384
1392
1099
1094
873
1096
1115
999
1220
1673
1344
1491
1548
1438
1509
1221
1369
1405
1324
1451
1422
1448
2922
1558
1588
1617
1245
1253
1123
1105
1134
1011
1244
1158
931
1186
1113
1226
1087
1260
1040
975
1132
1245
1124
1001
1064
865
822
788
840
1073
1183
828
807
795
871
835
747
736
734
767
787
975
1087
945
799
763
1076
896
808
853
765
837
2181
837
863
807
884
819
880
868
799
766
1165
875
954
877
893
866
757
1089
1143
1143
1060
1007
972
956
1032
980
5948
1108
1080
1124
955
1054
918
872
831
864
766
854
861
1053
1084
1353
1279
1339
1421
1447
1138
1204
1150
1123
1244
1131
1172
1313
1233
1260
1243
1932
1365
2125
1378
1384
1910
1266
2077
1497
1126
1078
1106
859
801
749
870
1616
1638
1884
1851
1830
3140
3024
3062
3147
3019
3051
3269
3379
3524
3483
985
1041
1101
1072
1103
1099
1063
1105
1076
1021
1086
1091
1100
1130
1073
1111
1181
1173
1182
868
1048
3195
2858
3093
3128
3033
3055
3115
3065
3098
3258
2272
2080
2078
2161
1802
1670
1284
1316
1288
1235
1259
1350
1160
1107
1133
1099
1100
1096
1094
1113
1114
1102
1206
1276
1151
993
1058
1148
999
1087
1155
2729
1168
1156
950
901
1268
920
1165
1173
864
1172
1109
1000
1166
1024
941
1116
1001
927
1245
1226
1321
1369
1363
1485
1285
1495
1311
1366
1330
1196
1191
1154
1189
1194
1097
1083
1080
1109
1071
1056
1058
1098
1087
1080
1100
1055
1120
1294
985
1089
1099
1076
1080
1063
1106
1079
1099
1082
1146
1106
1175
1084
1051
1095
1089
1086
1094
1072
1122
1087
1095
1098
1122
1250
1055
1055
1076
1082
1080
1062
1061
1075
1077
1029
1063
1052
1052
1070
1078
1057
1029
1088
1108
1107
1089
1122
1078
1077
1071
1076
1086
1060
1042
1110
1077
1054
1088
1176
1252
1315
1043
1315
1091
1121
1059
1046
1095
1144
1340
1282
1122
1226
1185
1139
1069
1077
1095
1187
1268
2690
1147
1204
1226
1314
1325
1336
1369
1166
1138
2126
1214
1237
2240
1440
1275
1215
1309
1254
1068
1062
1080
1062
1517
1661
1864
1820
1784
1812
1842
1874
1138
1082
1069
1080
1083
1966
3054
3093
3325
3352
3453
3371
3479
3298
3379
3335
3391
3364
3433
3339
3292
3379
3373
3389
1317
1302
1372
1076
1108
942
1059
1072
1056
1159
1112
1169
1166
1161
1148
1174
1161
1784
1740
1955
1695
1869
2191
2348
2180
2176
2195
2184
2136
2175
2195
2218
2228
2184
2175
2223
2177
2206
2190
2174
2216
2238
2221
2146
2220
2201
2190
2211
2162
2178
2239
2024
2178
2224
2244
2157
2200
2201
2211
2243
2159
2210
2197
2236
2193
2083
2555
2035
1804
1587
1497
1140
1256
1202
1224
1193
1226
2149
2190
2175
2179
2152
2209
2158
2232
2169
2136
2218
2180
2224
2187
2173
2277
2122
1244
1230
997
1227
1187
1258
1218
1200
1184
1218
1212
1172
1197
1220
1204
1296
1213
1206
13480
3360
3460
3374
3370
3313
3356
3357
3392
3422
3320
3357
3308
3363
3427
3354
3404
3329
3302
3406
3384
3394
3409
3351
3437
3363
3413
3274
3088
3424
3354
3287
3316
3368
3360
3391
3402
3393
3309
3346
3311
3380
3356
3316
3470
3276
3419
3365
3408
3339
3378
3504
3325
3347
3269
3344
3554
3386
3358
3400
3376
3370
3417
3443
3339
3375
3321
3410
3419
3387
3112
2981
3292
3307
3341
3434
3380
3366
3344
3296
3454
3336
3414
3319
3260
3282
3325
2530
1224
1219
3314
3373
3399
3350
3364
3308
3332
3209
3316
3397
3377
3440
3385
3315
3360
3344
3346
3359
3305
3377
3385
3427
3343
3081
2952
3288
3325
3314
3375
3371
3329
3390
3345
3339
3377
3358
3438
3276
3422
3327
3318
3346
3364
3396
3339
3327
3368
3327
3412
3343
3392
3352
3297
3299
3319
3410
3115
3362
3392
3339
3474
3399
3398
3325
3288
3242
3101
3294
3394
3376
3411
3365
3398
3354
3351
3385
3355
3518
3287
3338
3343
3361
3378
3297
3397
3307
3362
3349
3339
3434
3407
3388
3319
3292
3387
3376
3480
3383
3389
3322
3323
3389
3356
3391
3367
3352
3295
3335
3334
3142
3040
3352
3363
3345
3333
3405
3430
3313
3384
3301
3342
3324
3403
3359
3450
3208
3310
3339
3390
3301
3438
3290
3314
3323
3346
3409
3290
3429
3355
3340
3328
3365
37287
26338
15335
4342
1306
1274
1252
3412
3398
4803
1364
1161
1380
1365
1379
1378
1408
1390
1448
1423
1437
1405
1352
1344
1328
1385
1347
1353
2492
1349
1416
1401
1375
1341
1356
1417
1408
1368
1359
1356
1385
1386
1392
2565
2516
2555
2519
2566
3357
3382
3416
3392
2966
2843
2587
2522
2418
2655
2569
2595
2501
2527
2645
3438
3415
3400
3310
3295
3353
3475
3364
3439
3323
3403
3466
3426
3401
3364
3378
3348
3351
3490
3348
3309
3396
3319
3415
3333
3447
3409
3404
