3689
4369
4309
3923
3487
1603
1816
1672
1309
969
920
834
895
1011
988
870
1004
974
1168
1216
1294
1203
595
628
887
937
1628
655
1786
721
665
1110
769
2204
957
1063
783
885
874
1051
1679
1206
975
1132
1173
1025
962
980
998
610
608
555
595
583
584
585
560
621
631
601
566
572
581
1834
1264
1238
2396
1766
1240
1173
944
1307
649
666
918
604
2436
1061
988
837
967
1228
1131
752
588
1103
622
549
601
615
837
570
517
555
717
1477
589
677
583
653
1032
947
644
591
746
651
831
591
565
766
542
1195
787
615
526
632
679
806
1552
593
565
555
697
819
873
1368
1020
1207
949
817
788
862
583
596
554
739
898
1306
593
590
584
602
835
576
1346
569
766
1101
1067
1710
1058
1041
837
818
868
1202
869
669
693
590
598
623
616
1354
605
739
645
1159
958
850
1322
1003
1093
996
1058
968
1060
869
791
979
960
1248
1115
1093
1441
1213
1058
1258
944
1207
1067
3983
796
792
780
816
814
1048
1142
1011
1446
2651
982
1836
1106
672
1240
663
2686
695
588
714
571
2581
1021
2261
656
759
817
1060
1462
1759
2135
1725
2135
2575
3036
3515
2976
3214
3354
3675
3944
3156
2892
2583
2704
2871
2807
2399
2267
2183
1555
1259
966
749
761
911
1090
954
1097
1000
1180
1450
1717
1777
1283
841
795
771
822
874
788
786
862
1126
1049
1250
822
760
808
1834
944
1450
1130
785
662
2253
625
2344
880
1147
1012
1183
1663
995
2192
1198
1117
841
762
760
843
1178
1088
1252
1557
1718
1952
804
790
1416
1124
1374
1517
2157
1630
1059
785
906
1221
894
1117
920
692
710
899
977
643
779
782
816
1009
1044
1963
1200
1268
1048
1008
1231
808
1252
973
803
832
1312
1063
1293
1256
669
928
1457
1417
1821
659
711
921
921
1594
853
1362
1048
1251
1221
1412
3149
1654
3037
1536
2031
2586
984
1164
969
1063
1160
1086
1052
1513
1717
1023
791
865
790
1203
793
936
1700
950
982
1198
928
872
768
733
889
939
781
1240
824
915
884
752
926
758
762
762
748
687
786
710
1004
739
688
734
702
685
768
994
721
902
2138
860
1215
957
1029
1068
696
676
842
779
885
593
1211
748
826
761
1160
716
738
662
701
636
614
644
1219
821
733
784
774
803
752
764
738
1006
841
760
781
736
779
897
1051
1401
1819
2331
2625
3083
3277
3024
3328
3623
3977
4375
3809
3694
3407
3394
2956
2378
2342
1031
2468
693
1059
1297
897
856
882
971
898
1042
927
1458
911
1064
842
751
730
1696
1111
1271
1199
1178
1164
1114
2709
1179
1101
1184
1286
1857
1048
2229
1548
1682
1265
1273
1390
1607
2132
1734
1291
1005
965
2932
2482
1510
1066
1142
1175
1401
1727
1695
1600
2079
980
2516
1208
1245
2116
3644
1991
1212
965
1050
5401
5306
2514
2124
1322
952
1163
974
1399
1032
1298
889
970
2136
992
2197
1023
1478
1792
1532
2712
1234
1092
1489
1848
1193
1199
1148
985
958
2088
2341
2240
1706
1376
1070
868
895
833
827
782
759
881
921
978
1217
1429
1474
1622
1908
3098
3115
2798
2934
3281
3331
3168
3005
2745
2577
2663
2735
2872
3023
3161
3401
3687
4008
4282
4697
4915
5033
5345
5658
4571
4791
3496
3658
3238
3202
3381
1948
2164
1152
1180
1134
1051
1333
1195
1800
1201
1074
849
991
1300
1056
696
648
840
1339
709
857
664
794
838
697
868
1172
1582
1136
690
606
748
953
661
842
903
792
615
587
1317
941
992
1120
1171
1081
1169
1333
1331
1511
1684
1915
1864
727
754
1770
575
2572
675
648
813
613
2493
733
1038
734
649
2566
665
2412
762
785
2102
973
1638
641
551
832
636
2374
1061
1329
692
678
599
714
616
556
562
608
533
1350
550
591
563
595
1211
563
1416
1196
918
631
620
576
623
528
647
597
1288
643
546
597
619
1363
629
739
597
578
704
592
1063
671
1493
622
572
651
603
1045
591
567
733
922
834
577
1315
573
601
789
588
1220
633
604
558
569
1103
590
1319
628
671
666
567
1219
566
584
666
631
824
605
1316
603
559
616
581
1284
573
561
608
572
1759
559
1174
533
854
643
573
1228
631
545
596
553
1226
605
1070
581
577
751
515
1312
536
604
532
548
1284
525
1313
596
569
612
535
1224
777
655
550
554
839
663
1456
593
522
520
602
1264
550
499
602
552
1132
895
1257
1014
594
584
570
660
612
595
663
531
1497
868
1007
1193
1417
1483
1631
1806
1574
1469
1024
1513
1170
636
730
524
596
756
540
1207
613
589
925
963
1054
588
851
528
581
700
667
1329
627
927
829
827
625
641
822
506
604
816
909
677
605
514
569
545
1061
541
1143
580
567
940
815
1014
707
1108
799
589
1018
542
587
513
691
1221
543
1032
551
574
582
587
1079
552
603
578
781
1378
602
1000
1250
889
689
717
1305
784
648
578
636
592
588
987
596
664
613
622
579
595
603
721
805
1018
571
747
864
766
614
633
845
600
585
580
624
736
573
626
585
638
720
567
1029
653
582
971
642
615
610
584
755
635
680
612
1343
637
511
583
576
1158
562
568
595
602
964
514
1130
559
554
658
562
1332
574
570
846
796
801
513
1309
