5545
5066
3572
2913
1347
1343
1536
2001
2154
1759
1154
1109
1040
3439
2476
1758
1202
1223
1176
1364
3817
1397
1693
1485
1250
1130
1124
1071
1080
1138
1436
1524
1354
1594
1781
1754
1591
1259
1272
1053
1240
1552
1641
1212
1141
1348
1544
2343
1537
1607
1358
976
991
1284
2897
3509
2236
1530
1936
2575
2130
1577
1951
1069
996
1125
925
2391
1239
2447
1210
2653
3575
3989
2806
2007
1641
1381
1306
2015
803
766
791
765
759
755
674
693
1011
711
647
687
1260
1774
1228
1032
896
957
964
932
982
1268
1330
1213
1445
1488
1884
2384
3136
3619
4183
4563
4217
4435
4827
5060
5367
5691
5985
6139
6585
7006
6793
7146
7038
7488
8035
8409
8882
8785
9179
9051
9507
10003
10462
10799
9622
9929
10220
10475
10563
10243
10254
9459
9449
9282
9367
9483
9057
9077
8527
8498
183924
1018
2046
1058
961
1090
1092
1108
1107
1225
1406
864
747
967
1498
1295
925
827
1100
861
1018
913
1031
992
1239
952
1330
989
912
811
1138
1758
997
1127
1507
1116
1041
857
1186
790
700
1256
989
1225
1306
1076
991
913
867
1038
1050
971
1153
1218
1289
773
695
690
858
681
1581
1181
1253
1045
1008
914
841
817
883
866
1403
1294
861
636
652
591
621
2490
791
2073
1201
1115
1271
1523
1685
1371
2540
1024
977
1275
1065
1049
876
1338
1267
1027
893
928
1115
1259
1185
1870
800
1895
934
1040
994
858
913
1216
1220
1104
1257
1026
1507
1441
1078
1548
891
769
928
1137
1077
894
742
2599
1588
1692
1275
1364
1422
1136
1294
654
586
761
847
979
703
864
587
525
805
1115
1659
820
848
622
578
627
651
1245
583
623
983
888
622
550
620
545
1174
2239
1366
1551
792
631
1361
623
2118
912
1399
1416
1282
2117
1205
1097
1011
1277
2465
1108
1118
1421
2081
2954
2471
2136
1183
1341
1343
1371
881
777
1842
1100
835
914
906
1308
942
1214
1510
1567
1701
1181
874
788
878
1059
1040
1871
1150
1017
728
580
1259
871
1126
1013
880
797
865
674
752
776
766
730
1732
1285
1051
985
953
2912
1137
850
933
934
937
1083
1091
652
644
1670
1169
1209
967
724
1019
1049
949
547
1290
1007
881
1038
1227
1309
1317
2275
902
1343
1224
805
602
582
594
1115
1019
773
801
854
770
939
1464
1022
2076
946
1222
1100
1235
2462
867
1153
812
783
805
887
888
948
790
877
1024
962
928
679
655
629
664
602
2029
1097
1385
1582
1289
1447
873
870
845
1082
1057
1009
971
895
1154
1088
1176
1917
927
1103
1256
1404
1510
1409
2509
1222
946
1262
957
918
663
733
1251
799
928
1161
1147
819
767
1082
696
1723
1012
1137
858
808
637
619
534
580
533
1254
1204
1098
977
1243
1325
1086
2113
698
651
619
616
1320
992
1205
982
1177
3020
1057
2130
1021
1239
1324
1163
2255
691
682
832
730
867
575
1133
585
541
815
1060
2577
840
715
959
676
2629
793
1037
1188
1050
2207
653
766
816
974
1701
1007
1656
1163
1108
1235
1089
1580
618
601
621
541
749
513
1329
592
779
1140
1097
998
807
792
765
776
1181
1198
1192
954
1125
2281
606
1023
586
543
599
560
1972
1059
1239
1001
1275
2446
1069
2097
905
895
1444
2136
2255
1227
1239
1162
1140
1098
1458
1190
761
762
957
775
2094
1069
1198
1283
1053
1533
2101
1932
1264
1614
2589
821
1564
1032
1049
843
870
1410
731
678
856
1094
1539
982
855
630
652
605
597
1165
619
597
586
575
872
609
1322
601
928
1406
628
1098
602
530
578
636
1624
702
992
629
562
695
554
1230
615
564
580
622
1091
532
713
753
686
3441
665
1563
919
919
976
892
890
943
887
660
570
571
838
1053
1109
1168
1302
1507
1739
1610
1523
880
686
583
607
804
876
1518
641
574
588
623
999
589
617
621
638
1239
527
1153
653
548
638
634
1855
1107
1000
666
621
667
553
1167
575
587
701
923
1249
605
1108
636
606
605
585
1310
575
611
542
591
1157
555
1061
607
733
583
570
1105
533
1045
612
577
826
645
859
658
1434
630
621
606
549
1191
794
653
615
682
1003
586
1045
600
575
574
648
1027
902
1581
815
631
625
636
665
628
667
597
625
635
611
1210
603
572
589
601
922
553
1327
615
775
848
658
718
541
1487
635
625
602
679
587
645
622
606
649
730
623
1052
626
598
636
600
797
831
1149
904
606
630
600
637
644
598
610
627
606
629
813
646
1086
899
1074
1734
898
961
1177
1196
1315
1417
1633
1688
1987
2080
1972
1814
1832
1640
1611
1693
1910
2051
2085
1505
1208
1086
905
634
632
658
590
557
580
590
634
572
1506
573
699
593
532
825
588
1029
589
552
592
621
1388
718
1262
572
603
570
624
1085
573
1250
585
595
588
566
1312
621
555
600
576
1238
624
915
1079
945
1141
1322
1498
1588
1864
1510
1796
2096
2402
2522
1945
1775
1781
1687
1708
1041
944
605
583
708
1025
879
613
884
586
652
718
577
1360
595
653
548
605
874
566
1267
602
570
560
553
1152
840
1655
667
713
637
586
816
599
1314
647
602
603
565
1229
653
587
586
556
1069
588
1137
679
685
722
671
1420
590
774
593
566
590
561
1220
634
1614
626
583
545
560
1225
608
747
578
1059
1261
866
966
863
1996
