3881
3993
3442
3198
3025
2878
2608
2319
1441
964
922
781
786
753
729
716
907
1139
789
749
700
749
1008
735
767
751
734
1220
1072
1035
1075
1243
1115
1168
1226
1426
1703
1830
1642
1228
1340
1728
1455
1258
1498
1270
1047
1105
1454
1526
1225
1181
903
830
847
830
667
796
913
1183
1470
1392
1453
1399
1193
1800
1042
894
1022
1010
889
851
974
1098
820
750
761
1165
1559
996
870
858
917
835
753
751
735
693
716
715
695
693
721
896
880
1098
736
757
730
864
1283
803
732
991
828
1116
832
719
698
693
705
692
669
679
750
1013
1051
885
1078
1164
963
1098
1357
1182
1046
1016
758
908
869
878
730
1125
1089
1204
1138
931
783
862
755
1101
1011
901
1127
1437
1200
805
1000
947
835
994
1054
660
1067
794
762
773
721
697
715
771
1150
817
871
996
980
709
735
775
857
1145
939
777
854
738
875
762
876
763
829
818
989
1107
875
881
750
818
740
859
757
882
715
858
759
814
984
683
785
722
722
783
862
744
907
952
854
822
864
779
830
836
1129
924
818
689
802
716
784
806
810
837
769
832
774
865
986
822
891
701
813
725
832
779
838
736
791
713
787
736
892
817
681
878
761
815
697
825
714
842
764
944
929
889
845
762
805
729
797
753
811
730
781
734
845
841
883
732
847
853
1292
898
833
751
802
754
737
797
731
865
804
726
657
693
710
674
687
1042
710
659
701
638
840
726
683
742
703
678
656
699
678
771
648
672
718
659
653
666
712
704
635
718
691
719
695
685
1111
1059
887
735
840
729
828
733
734
781
829
733
842
717
805
726
851
697
869
901
937
966
946
1184
915
992
891
757
903
975
847
946
750
864
715
833
747
709
851
1037
1121
918
815
1235
963
873
871
827
916
1149
873
895
912
813
896
914
1000
981
954
915
716
942
1071
847
847
1041
900
733
924
717
843
873
1074
867
943
1341
1057
1123
1012
1040
1081
1257
1449
1646
1597
1286
1308
1528
1283
988
1265
1347
980
1166
2161
2397
2128
1273
990
1196
1213
1082
1134
827
741
788
742
805
1198
1281
1107
771
736
682
707
758
934
864
728
698
919
771
709
686
666
713
659
699
771
976
748
742
1141
1219
913
780
698
642
664
837
744
779
1081
906
735
854
690
850
759
889
956
725
855
1110
1854
1362
1226
1170
1298
1372
1146
1209
940
811
991
1250
892
1157
1147
1894
1113
762
629
643
586
641
627
929
1023
1288
1880
2161
2410
2644
2744
2928
3159
3509
3902
4406
4759
4977
4870
4719
4519
4060
3569
3261
2923
2844
2691
2610
2471
2112
1924
1794
1573
1376
1131
1084
975
968
846
768
645
667
597
676
807
1243
986
729
604
665
938
1157
1453
1732
2018
2384
2658
2944
3232
3332
3600
3907
4146
4471
5080
5071
5232
5150
5060
4923
4798
3943
3448
2855
2769
2660
2515
2335
2180
1892
1798
1575
1442
1060
887
809
785
710
887
919
904
798
1075
1439
933
855
802
753
734
1141
828
752
667
670
731
688
668
690
671
724
731
1093
716
723
716
1394
960
907
690
721
700
894
858
730
705
707
682
693
704
675
672
704
623
799
799
681
648
733
900
1320
1051
823
731
690
755
882
664
740
674
705
665
770
649
716
670
757
773
761
924
720
714
774
925
1258
1154
761
701
715
695
657
666
690
695
686
684
701
746
671
668
697
730
816
692
713
719
699
897
958
873
1332
834
776
704
805
763
694
655
714
844
728
703
689
714
678
708
731
678
737
658
747
1198
1435
809
747
700
679
676
721
686
641
678
778
985
838
718
676
689
701
722
973
858
874
834
1578
1079
1125
1239
819
1046
862
792
800
1216
939
1200
1383
1234
990
881
1291
1386
1031
1161
783
720
1186
1114
707
936
1093
1184
816
752
893
1143
840
817
1239
1475
1180
1256
865
1141
1213
897
885
825
1086
1166
1306
1555
1575
1401
1494
1716
2012
2316
2345
2095
2012
1344
924
952
1000
1159
1192
1359
1417
1470
1614
1853
2070
2209
2359
2689
3029
3822
4123
4147
3913
3740
3860
4059
4707
4635
4710
4454
3808
3584
3443
3696
3539
3325
2921
2153
1483
1134
907
749
770
884
1016
1163
1351
1576
1448
1505
1575
1667
1760
1883
1983
2323
2628
2055
994
962
1077
1235
1315
1020
1489
962
888
866
1025
1210
860
883
791
728
1315
1339
924
845
776
733
750
754
786
924
974
814
803
713
738
714
897
972
785
714
734
1374
1458
1211
1188
1036
888
771
718
723
719
726
744
758
721
716
869
1094
768
719
684
769
1759
1117
1020
1065
792
978
1162
1271
1133
1090
870
879
831
975
1168
801
735
681
747
836
1434
1508
1641
1075
1038
783
743
719
737
837
776
772
697
728
687
744
725
877
770
697
2297
2100
1516
1278
843
786
961
835
729
749
728
689
710
743
691
685
731
751
2045
1815
1421
1052
981
1150
1005
896
827
840
708
752
709
768
800
716
703
723
1011
1750
1123
782
766
720
724
769
714
711
737
688
701
750
762
707
735
688
746
760
714
696
927
1323
1132
778
777
728
730
713
707
686
691
