3315
3310
3095
2941
2350
1563
2175
1241
880
779
838
1423
839
1499
1142
1090
1383
1093
1342
995
1207
1593
1330
1348
1201
1161
1440
1599
1635
1543
1910
1233
3514
1917
2116
1516
1213
952
1095
1048
1110
1115
1248
1169
1351
1868
2090
2072
1878
1160
1307
1717
2161
2632
1025
1138
1198
1522
3689
941
793
693
667
820
676
1398
638
613
689
702
892
633
1302
999
1214
1007
704
1134
1488
713
946
1018
1339
1066
2615
675
618
653
622
807
613
1477
834
786
718
715
1685
749
644
595
652
621
619
1356
638
622
580
579
1355
648
833
607
618
883
864
887
650
554
880
585
1540
667
574
590
555
1036
688
598
594
527
1359
605
976
1328
1739
1775
1106
779
725
757
1880
1032
1362
1680
2006
2266
2210
2488
2262
2542
2513
2516
2439
1605
680
597
615
599
633
646
558
600
1003
566
624
552
664
1663
859
753
841
670
1097
593
808
1029
1300
1549
1057
1134
1276
1609
1829
2139
2473
2435
2584
1870
1812
1814
1708
1736
1259
1082
942
883
1527
1035
952
1071
1250
1421
1594
1752
1789
2074
2268
2437
2524
2443
2589
2797
2854
2716
2480
2378
1679
1586
1534
1523
1474
1030
977
671
624
1330
620
637
589
657
1016
584
1251
539
616
733
697
882
550
742
614
634
1322
622
575
564
578
1074
555
1442
650
585
575
623
1011
614
618
608
617
1020
589
1425
932
772
770
636
1117
566
659
658
564
1328
626
589
630
591
1009
610
978
605
602
667
603
1328
561
611
634
596
1007
550
1171
658
735
835
797
746
605
720
591
592
866
590
1204
648
608
586
1024
1197
712
1240
721
662
815
627
1372
610
689
678
662
971
639
1451
655
654
594
737
1027
697
846
1015
706
1953
665
614
625
569
1005
635
1214
603
633
721
573
1113
624
599
637
673
1358
624
1133
649
616
589
600
1084
635
644
583
608
1238
666
1089
625
658
601
655
1132
614
621
726
589
1106
602
904
600
598
668
573
897
660
1286
614
591
583
798
735
602
833
723
605
1387
629
620
700
630
866
587
1158
665
631
574
585
1105
583
980
682
633
660
731
1294
1007
1094
1087
1132
2494
730
2625
1254
1390
1237
1236
1951
1427
968
1110
1042
981
1008
1034
2487
1658
1602
1190
1323
1255
1264
1221
1452
1727
2082
2914
803
1260
803
1025
1176
1066
673
669
592
621
605
676
833
694
866
623
1294
654
631
552
621
772
628
602
593
643
961
1301
1926
911
732
974
705
1933
606
620
602
605
1046
602
1128
704
688
564
614
1118
659
1046
1129
945
709
723
1127
578
655
719
595
931
553
839
863
1028
1307
647
617
611
661
979
609
1807
1060
786
760
683
1912
612
668
610
623
1146
680
1087
598
591
605
628
1244
790
626
656
607
1861
1182
820
712
687
1951
628
610
685
620
598
709
1101
616
703
611
674
1168
628
817
583
1006
997
752
939
662
621
613
600
1386
586
837
584
632
632
579
1464
612
1505
602
621
616
657
1822
1078
936
988
1191
1234
629
1136
610
641
594
628
1181
600
646
658
615
877
615
1307
585
629
1519
969
1559
700
683
654
614
1211
627
1326
612
681
705
588
1035
619
682
614
604
1365
711
1010
1051
866
843
850
1357
708
651
600
620
806
606
564
662
616
1278
574
1218
598
641
580
566
1369
1217
993
884
748
741
707
1718
693
617
592
629
1043
588
603
593
590
1275
645
552
692
651
1474
1160
1605
618
582
607
629
1374
605
616
666
597
1361
556
1055
590
647
634
612
1464
592
720
1310
1400
672
772
969
856
927
620
635
1192
631
552
830
1080
1568
956
2359
727
1173
1482
1344
1724
680
681
1005
651
1007
992
2343
1021
1522
2016
1285
2929
1104
1380
1398
1068
2140
724
925
960
1203
2086
739
1490
1058
1276
1152
1450
2065
1337
1019
1136
1397
1701
1126
2075
981
1204
972
967
2273
1277
971
1339
827
838
666
1642
980
1108
1040
1069
1020
912
1820
1037
1029
1273
1109
1833
1071
2011
963
1192
1581
1052
2203
1047
963
1093
1353
2565
1052
1642
994
1023
958
1123
2644
977
915
966
849
942
852
1651
1830
1375
1276
879
1129
706
618
616
606
771
634
1671
1037
959
1065
963
915
838
1774
1243
895
802
812
1648
659
813
643
581
808
1044
1627
654
1515
621
630
657
620
2096
1419
827
682
625
603
546
1066
659
1260
638
636
741
614
1371
614
540
695
668
1288
643
952
1179
1061
833
670
2468
649
2703
1167
1136
1162
1375
1532
1327
1153
873
644
965
1216
1562
1475
1097
1101
1336
1501
1699
1634
1660
1873
1924
2114
2234
2411
2484
2016
1991
1380
1710
2471
2549
1530
1071
1213
1071
713
1684
701
906
634
636
648
645
870
687
1588
639
571
699
872
665
582
656
685
580
868
642
1339
618
608
552
675
1142
610
556
587
538
1325
621
780
584
643
634
769
1105
608
1214
620
642
669
645
1212
608
606
611
579
1319
578
803
628
668
670
580
1056
638
1120
659
611
610
579
1333
688
655
701
643
995
600
891
601
571
672
624
954
596
1287
677
582
607
560
792
715
1251
603
621
578
664
1117
611
564
669
604
1265
585
892
610
614
592
637
1024
578
