3920
4259
4267
3940
3486
1126
1302
954
780
996
1202
1528
1772
2038
1809
2155
2337
2594
2907
2752
3065
2298
2236
1696
1348
1073
957
789
858
1049
971
1328
1605
1595
1869
2089
2399
2821
2146
2199
3130
3505
3586
2049
1528
1053
2603
1069
1137
1098
1030
1759
1239
977
643
636
1131
744
1457
1195
850
804
954
2237
968
1285
1644
1144
964
685
618
595
806
685
593
596
582
1589
620
754
617
634
757
1044
1262
654
643
656
646
707
728
895
628
665
637
631
978
652
918
617
668
677
627
900
652
711
1008
1131
2596
671
671
618
643
692
608
1061
692
679
635
665
847
687
638
624
622
1062
663
661
616
653
953
635
864
728
713
697
657
1346
648
658
713
657
637
692
604
657
625
1071
624
818
693
686
1229
819
668
624
656
718
661
1213
694
697
630
718
678
661
656
714
701
638
641
1132
688
709
664
607
817
641
630
654
645
856
659
1211
675
774
665
638
785
638
665
692
683
1087
687
638
649
674
655
634
1039
741
646
624
634
841
636
670
625
621
1135
650
631
612
690
828
642
823
610
669
728
642
1158
612
635
626
617
794
622
942
634
693
654
619
878
656
1118
652
643
669
690
665
668
733
632
665
827
613
1027
664
718
661
662
796
608
658
694
634
850
645
924
677
716
639
665
846
652
1109
617
677
662
719
943
637
665
547
560
1193
674
957
605
632
613
620
767
823
773
835
659
819
684
1190
695
644
660
688
581
633
659
658
634
1375
640
589
653
615
1224
641
777
587
581
588
558
1395
619
564
641
605
1339
613
1036
608
639
560
664
1292
602
586
624
638
1116
616
1283
614
567
647
625
1238
870
993
989
1159
1247
1150
1365
1204
1371
1563
1552
1539
992
926
1044
910
892
850
957
834
670
968
1006
773
641
2747
676
775
1556
702
2265
557
632
929
997
1485
1149
2181
1033
1031
1428
884
2085
833
1015
901
862
1122
964
1247
750
823
982
1201
2093
1614
1058
1101
1194
1930
1073
1065
1106
1376
1316
1228
2345
2061
1808
1673
1155
979
1124
1277
1159
1288
890
950
1123
1073
2680
1729
1438
949
952
1117
834
844
981
1063
941
969
1194
1394
900
855
649
737
1566
1599
985
771
1192
981
1910
991
1256
1571
1920
2112
1447
1407
1207
974
1787
1947
1520
1115
1018
1115
1201
1186
1233
1079
1460
1479
3333
3069
1119
1246
1037
1048
1196
900
856
905
1135
1027
1435
1316
1414
2025
1142
879
854
1169
837
1212
980
893
1090
781
2141
1069
1314
1674
1245
2685
1026
1264
1004
1212
2142
1017
2001
950
1198
1678
1370
904
797
878
958
1025
1267
1009
1288
716
959
2260
972
2237
993
1148
1113
762
791
1000
1338
1102
1104
2280
1053
2009
1019
791
1650
1116
2156
1281
1521
960
1285
1408
720
762
902
715
2604
1228
2047
1226
960
1039
1043
1140
1184
1434
935
913
2616
972
1012
1305
1422
1340
1148
1280
1152
1247
2203
1235
2440
2001
1431
1509
1168
1434
975
1128
1216
1430
1582
1636
1686
991
1012
1092
899
1057
761
1057
1050
1068
941
888
2580
1019
821
702
844
1739
816
1118
1041
1119
1396
1039
1356
981
1171
1170
826
956
914
821
900
1045
1732
1039
1212
1204
1097
986
916
1083
1279
1564
1777
1814
1974
1979
2158
1980
2327
2259
1946
1333
1105
1540
1525
1203
784
842
1809
879
1163
1104
1114
1989
1158
1056
1041
1176
1272
1822
1235
864
1179
1382
1309
1609
1494
1559
1894
1967
1970
1715
1475
1394
1160
1310
1235
2042
1002
951
1094
964
946
1232
1383
1585
1986
2507
1962
2308
2055
1921
1000
629
2850
871
1035
960
1076
2112
999
1335
1418
1685
1998
2271
2625
2148
2356
2745
3001
3316
2985
3306
3112
3652
4159
4593
5041
4173
3615
3208
2839
2231
1852
1468
1143
1081
1007
1053
1107
855
837
944
1082
1129
1076
1993
1187
1214
1374
1470
2846
1227
1944
1134
1270
1472
1748
1832
1900
1515
1625
1420
1205
1005
1509
1650
1647
1089
1537
1193
766
1181
1362
1326
1105
1385
1171
1174
3352
1542
1528
1052
1095
1839
988
1780
1132
1308
1276
1551
2469
1376
1774
1109
1059
1186
918
2238
1052
1080
1258
1510
1693
2037
2322
1332
1226
984
927
822
844
779
858
827
865
845
892
856
1124
1596
2061
2513
2757
2966
2619
2182
998
1133
1365
1487
1659
1869
2152
2225
2172
2049
1388
1629
714
719
825
1531
2712
1052
2253
717
624
827
661
2465
635
2779
1395
1346
2410
1089
1434
1029
1115
1007
956
1052
999
1024
978
933
945
1586
1667
1243
1371
1366
1198
1074
806
818
740
838
735
833
736
743
731
1040
776
823
1095
1677
1590
1251
1011
1079
2037
1168
2597
1037
1221
1112
1225
1860
1174
1671
1069
1189
1125
1090
1623
784
1742
1108
1038
1025
1030
1656
898
2294
681
993
916
870
839
790
1667
1042
1440
1539
1149
1005
1112
1231
1317
991
1092
1076
1161
1139
1335
1587
1763
1573
915
1085
873
781
780
767
926
1200
1642
1638
1809
1406
1615
1505
1646
1764
2095
2264
2534
2041
2563
1000
984
1241
1523
1857
1778
1703
1107
1055
1042
1164
1076
1136
1101
1016
949
1113
990
1348
1343
1660
2095
2494
2806
2585
2283
1309
1201
1111
1303
1346
1647
2041
2063
2238
2230
2409
2916
3016
3459
3125
3583
4030
4552
5019
4722
4983
5262
5472
5360
4601
4486
4120
