3934
4460
2924
3038
996
1230
918
1069
1241
1337
1511
1787
2011
2277
2446
1810
892
814
750
857
964
901
865
905
1131
1089
1180
1219
648
642
596
630
933
670
2589
1607
1636
994
959
657
551
638
531
624
916
548
1398
676
585
592
608
1079
604
664
1806
2126
962
658
595
636
742
1300
1072
1342
682
611
896
1048
643
761
1772
1467
1473
1170
982
680
645
639
914
938
2215
735
554
774
590
2377
1004
2989
1216
1514
1214
1091
1441
1030
850
1029
1031
1489
1075
2070
1117
1211
1784
1020
963
911
1171
1200
1019
1026
743
715
1150
857
1338
751
1035
698
653
1726
650
1698
744
646
708
569
2595
813
613
657
570
1258
673
788
599
511
619
562
1161
565
606
584
584
2326
556
881
544
552
585
554
1007
581
1252
659
873
622
601
591
577
578
570
676
1156
593
1046
507
583
516
561
1215
528
567
542
525
1065
542
1102
564
512
579
537
1050
594
1130
541
651
518
601
994
550
1215
573
548
599
550
1227
526
586
522
586
1235
537
984
554
504
590
540
1074
613
1174
574
508
571
522
1318
556
551
591
525
921
552
1266
557
603
519
576
1112
516
902
723
549
570
556
1003
602
959
645
549
560
582
1275
617
888
624
604
520
628
1374
649
844
629
605
702
594
840
639
1003
584
629
688
696
1165
584
1225
1125
897
773
608
519
703
597
607
572
1357
626
1114
595
521
661
571
1701
610
640
659
656
777
574
999
600
1101
542
647
575
948
1054
592
597
599
536
1183
592
784
587
536
602
927
2420
730
595
573
548
600
561
1176
597
1186
599
677
917
844
911
572
675
570
647
1272
573
1034
622
815
893
722
1248
667
1174
596
703
832
608
1206
923
983
1117
1241
1397
1441
1547
1496
1746
1887
2082
2084
1719
1545
785
620
669
882
758
588
667
641
592
819
633
1149
594
640
592
546
1165
576
811
572
652
641
647
1052
640
1096
637
585
607
632
976
579
1117
620
615
674
553
997
560
1056
550
669
1243
811
983
676
937
1280
956
824
645
1875
710
551
568
553
749
563
1394
673
587
559
831
830
555
579
561
742
1942
885
918
886
1080
924
819
795
947
847
928
1146
800
696
1175
976
614
554
635
1555
893
1799
970
931
950
983
850
856
881
1038
1102
1164
1228
1498
1576
1583
1305
968
1182
1283
996
934
1075
1187
1332
1845
910
2081
1025
1210
1121
1210
2669
1117
1435
1620
1546
2215
1004
1182
880
869
2477
999
1044
1155
1303
2335
627
615
1032
960
1172
996
1732
1042
1221
1455
1009
2230
1124
1086
1099
1307
1319
1633
1558
985
1147
976
816
1045
1073
1182
1229
919
931
950
1135
3566
1592
1389
949
811
1330
557
1134
616
571
716
649
1044
516
555
553
899
1542
548
538
566
916
1854
559
1066
576
541
544
482
1181
583
516
567
522
1242
558
821
521
540
641
545
1280
568
520
569
684
1323
543
1015
526
581
715
516
1021
602
573
731
580
1055
780
680
734
585
1193
570
966
567
541
673
595
1175
631
525
584
559
1185
653
974
583
589
601
609
1071
659
568
556
571
1217
582
544
580
549
1136
605
1084
631
623
579
633
870
593
562
564
562
1304
590
548
564
663
1093
606
1055
572
599
631
545
1063
583
568
565
582
1135
571
1102
580
555
639
518
1114
587
503
584
598
1114
501
554
544
580
1300
517
991
574
554
790
625
944
544
558
550
557
1158
554
817
1217
1016
756
599
590
620
503
577
538
1300
576
553
551
546
971
658
1352
559
562
511
539
1122
693
561
546
527
793
513
584
632
526
1073
591
1088
557
602
726
581
1435
572
532
579
513
982
815
913
839
883
2331
645
918
874
781
833
1003
1044
838
760
618
584
1820
730
703
761
592
1173
766
1004
835
1010
1138
1084
2400
891
1016
1209
1237
1224
1268
2133
936
843
972
1183
1183
1131
1214
1456
1548
1556
1633
1589
888
795
1006
696
1931
656
660
982
975
1099
618
666
712
800
1404
741
1442
827
623
1677
913
2137
935
1213
1248
966
2004
1129
917
821
875
2266
722
2287
948
1091
2276
711
1978
933
747
789
635
2063
650
2464
583
606
2045
1029
2074
1093
912
755
796
797
1019
782
1149
970
1081
1163
1269
1250
798
581
632
1039
523
584
571
549
1158
960
1060
585
515
666
518
1202
616
573
659
615
1257
571
597
662
583
1262
582
776
583
554
611
617
1207
1017
594
578
577
1126
558
867
508
578
650
551
1107
593
560
701
558
1205
566
1332
589
625
543
581
1085
541
608
595
815
1704
628
859
602
644
841
646
1351
552
536
657
632
1145
919
1156
844
1046
2338
540
885
609
608
734
624
1294
638
563
575
679
1076
697
822
611
634
618
617
761
592
621
628
576
691
574
1278
864
1105
1378
936
2011
968
1194
784
1022
1997
599
1434
1153
805
797
1058
877
929
1114
1351
1310
1449
1263
1557
1060
934
1216
1088
1338
1302
1164
2118
638
816
662
716
1258
926
1649
935
1087
1041
897
2372
945
946
1111
1350
2343
1061
1038
1334
909
1111
810
1179
1190
810
656
715
1696
1141
814
678
629
