3367
3382
3076
2662
2521
1923
1282
2087
999
1084
1132
974
1748
910
1096
1192
1062
1637
1180
638
733
692
720
924
1570
876
2116
656
622
1992
652
2100
727
639
1019
1082
1586
1123
1143
1139
1050
1324
674
2143
1394
1266
1320
1421
1698
973
2699
1242
1183
1630
1570
1768
1972
1345
1155
1143
845
712
703
1199
918
1011
1155
2315
1542
849
780
774
2154
937
1465
882
700
590
583
874
572
593
796
578
792
625
1462
657
595
665
565
1263
627
604
659
566
1427
649
546
558
634
1281
602
1159
683
692
622
622
1107
749
652
623
605
692
619
1262
605
619
638
605
771
624
604
640
609
747
665
1339
641
635
608
593
605
720
625
621
597
1019
609
574
610
605
877
563
950
581
680
558
602
931
581
562
579
586
1030
595
609
658
616
744
607
1119
602
628
606
586
765
647
533
679
614
787
616
1065
598
581
618
577
948
583
571
600
581
885
594
1013
580
668
587
532
726
569
894
669
597
1011
634
617
588
601
571
598
1105
604
589
572
597
790
605
632
572
583
1069
618
653
562
690
1349
626
889
617
528
735
580
1161
582
521
556
565
1413
600
1043
566
556
549
573
1330
655
514
568
506
1185
600
1120
653
574
855
521
1161
597
515
629
609
1182
551
541
570
634
1569
920
1900
733
615
619
649
618
635
572
654
618
772
621
1371
629
566
742
608
1133
622
576
675
665
1213
611
616
600
611
1250
679
1375
659
631
614
607
1126
666
662
615
631
1113
670
1169
664
666
645
732
1420
663
605
628
626
1093
660
1211
673
673
632
663
1211
612
624
637
727
1328
679
576
622
580
1156
612
1127
610
613
605
652
1177
559
595
538
586
1226
593
1214
567
557
602
546
1046
539
566
543
628
1143
701
518
957
1065
844
567
694
580
584
557
535
1305
572
529
553
525
1014
621
1328
590
562
580
584
1115
544
555
672
556
982
578
565
573
548
1012
584
1184
540
552
632
569
1165
641
594
564
571
1028
563
595
580
624
1372
592
811
552
586
540
559
1028
566
1089
1078
826
584
625
560
570
529
551
561
1428
948
1031
1086
1079
924
1112
1593
1487
2504
622
521
592
537
831
564
686
596
551
1002
579
1337
1127
879
625
728
2423
659
2381
636
643
630
575
799
580
1253
645
845
709
691
1624
677
1142
592
641
557
541
1265
777
706
1104
862
909
1022
1200
1225
1291
1477
978
1323
968
1169
1370
1497
1497
1443
1442
921
904
835
818
1045
1200
1420
1266
1353
1245
1329
1488
1486
1532
1567
1687
1907
1631
1442
695
852
997
569
768
810
1410
826
821
829
782
791
800
833
743
807
798
845
1014
611
729
618
692
743
752
1577
959
1041
1129
1389
1566
1748
1658
909
779
722
917
1041
1088
1331
775
887
784
833
1090
1058
1145
1415
1712
897
1046
2165
864
878
835
938
793
835
926
805
1723
1097
1272
1043
1026
1671
1082
764
662
627
3032
918
1784
810
821
789
828
1200
895
1373
885
771
1099
775
1730
970
1234
1045
1382
1633
1889
2215
2111
2437
2233
2474
2736
2629
2995
2943
3225
3389
3311
3366
2741
2688
1511
1459
1389
767
1797
919
1268
1538
1886
2211
2363
2722
2269
2571
2792
2701
2618
2222
1999
1019
897
1165
862
1290
711
635
687
797
1228
945
1155
711
635
698
782
1366
1020
1276
1339
1658
1787
2129
2476
2288
2630
2500
2826
3087
3421
3736
3630
4017
3708
4011
4292
4629
4925
4649
4960
5291
5623
5929
5664
5910
5965
6289
6548
6843
7161
6694
7004
7113
7438
7398
7316
7262
6696
6671
5994
5916
5862
5724
5638
4731
4464
3875
3515
3328
2285
2177
1079
970
715
893
1338
773
1673
976
1045
954
1243
1179
826
1273
761
813
871
843
1154
1651
1882
1515
1723
990
936
2255
1182
796
889
1036
1521
956
1391
797
1657
1262
1178
1697
1195
1315
1072
1276
1736
969
2415
1118
1236
924
1047
2127
1039
1209
1016
1006
1473
1026
1309
1104
1252
1434
1185
2302
946
1018
1208
1048
1309
1248
1017
956
1123
1463
989
1340
990
1064
1379
943
1448
1164
1188
1505
960
1448
1045
1152
1105
1011
1646
1108
1206
1118
1439
2490
1195
1068
1006
1182
1058
1250
2511
1014
1295
1664
1398
2848
1089
1403
1232
1454
3277
1434
1244
1593
1646
1988
712
1765
1116
1034
969
862
890
676
1216
607
604
736
595
1178
578
589
691
1266
1945
1181
989
725
671
859
576
1376
684
589
625
599
1231
631
680
618
653
1427
702
1113
1126
1044
1627
866
879
688
681
614
635
1504
641
590
621
622
1177
594
883
594
926
1069
1131
1240
1073
1492
851
660
591
648
879
594
613
622
613
1274
628
1081
624
588
551
597
1647
1062
1028
997
1118
955
639
611
585
595
579
594
688
612
1906
734
671
1093
630
1155
669
539
1029
1007
866
755
1656
1060
902
1027
1242
1403
1562
1763
2050
1967
2047
1560
1434
864
767
683
698
1084
1046
1107
790
908
948
1028
1184
1347
1331
1079
1015
962
713
782
643
805
1888
1383
1267
1050
1227
1648
1026
1466
800
954
926
1037
1077
1046
1043
1022
1037
816
876
735
921
644
569
637
1353
608
582
550
519
1293
593
1228
632
929
1270
1131
2471
610
599
593
527
1168
