3366
3840
4056
4187
2563
2412
2560
2613
2815
1391
1905
621
636
644
564
1316
600
607
564
602
1563
1299
1065
786
773
910
1027
1274
1480
6130
7076
1530
1801
1448
11525
1297
1034
1222
1066
1007
1013
6712
1262
2107
1051
933
5477
2765
2641
7999
2993
1380
1337
1410
1424
1493
1039
1513
1256
1613
2546
2246
2935
2655
2578
4181
1851
1822
1963
1095
1188
1493
1395
926
855
1401
965
907
805
807
738
750
830
778
769
765
762
703
781
727
741
796
769
725
882
797
667
679
621
615
673
640
661
730
665
744
1044
1287
1502
1761
1984
2178
2417
2680
2947
3248
3116
3284
3670
2228
2549
1693
1841
2556
843
1156
938
1097
1315
1460
1367
905
1088
1197
1197
1206
1275
1333
1329
1390
1389
1462
1502
1148
827
815
741
1243
1049
1435
1856
2066
2258
1499
1080
974
1087
970
761
724
705
1090
1018
930
947
1210
1492
1847
2113
2438
2565
2797
2743
2998
2336
2270
2116
1181
992
966
873
908
995
1303
1528
1573
1438
1178
1170
1026
976
997
1303
1007
1320
2042
1224
1198
1114
1267
1493
1093
2232
1041
1091
1153
1377
1627
979
987
1048
1114
1307
1297
1612
744
646
1288
1325
1333
972
1404
926
926
1289
1521
1232
935
1226
1341
793
818
1123
1215
1028
973
896
1002
1100
839
940
869
1025
821
852
1189
733
1322
1030
705
868
1044
975
999
989
927
1002
2379
1356
1094
835
787
1086
738
1173
1323
1075
1480
1040
1069
1081
1365
1362
1224
991
812
1354
795
675
2386
1457
1411
869
770
767
779
1071
811
892
1003
1090
1283
1484
1905
1353
1386
1213
1466
2075
1001
901
1033
908
2584
917
1259
902
1027
1359
1574
1254
682
638
734
1026
1310
1110
1954
914
1107
1298
1485
1753
1101
946
898
865
1247
911
1275
1090
804
917
1097
1270
1136
970
1220
1036
1388
1267
1348
1781
937
1608
1678
1121
1042
1679
1804
1490
2456
1217
1050
1183
1452
1907
1872
1546
789
752
1954
1167
1607
1559
1308
929
863
2144
1154
1349
1259
1474
1802
966
1097
1158
1474
1803
1807
2333
1416
1335
966
1386
2443
1727
2083
1022
969
1884
1593
1579
1110
1110
1260
1069
1005
1076
1246
1084
1387
1347
1346
1471
1530
1755
1680
1274
1180
670
2708
765
694
1769
690
2537
616
547
764
650
2879
746
2206
790
633
721
616
2502
578
2368
626
558
914
1115
2579
629
2374
949
969
729
584
1969
615
2331
595
668
2697
918
2184
903
1073
1283
1502
1716
1671
1658
912
721
707
676
2092
1024
898
1196
1276
1107
1046
1687
948
852
934
865
918
945
959
966
972
945
840
842
838
1035
1432
1100
1002
1168
1344
1098
981
942
1041
1230
1269
1782
1331
1708
1231
1103
1188
1003
964
1024
1084
862
1133
866
809
836
1021
1693
1075
990
961
1112
2875
1092
1405
1087
1271
1308
1246
996
923
939
1056
1068
774
689
1057
1066
1667
1010
1110
1587
1406
3247
1296
1417
1023
1006
1088
1087
2166
975
3600
1083
862
1053
1190
2115
990
1225
1203
886
1431
920
1907
1264
1507
1557
1613
1431
1303
1230
1161
1056
1249
1081
1214
1673
1641
1139
1399
1446
1440
2257
1163
2568
679
967
1611
973
2038
1095
2277
1418
1072
924
986
946
882
1104
1360
1625
2077
1677
1772
1331
1569
1487
1791
1855
968
2055
837
773
749
839
2042
940
2466
923
784
1260
1057
2336
1065
2422
1044
1298
1528
1078
2093
1029
1087
984
690
901
1106
2246
1332
1248
1207
1192
1256
945
2348
1061
1069
890
1029
2362
1574
2177
1137
1137
1064
949
2216
1153
1143
1036
1201
1105
1426
2017
1460
1351
1171
1178
1247
1149
1393
1342
1122
1330
1540
1778
1572
2911
2234
1783
825
858
705
607
596
562
1460
852
939
1002
1191
1430
1657
1847
1989
2315
2612
2700
2433
978
707
603
614
1152
623
881
652
693
157053
644
580
557
556
613
569
598
563
608
506
659
714
473
1029
571
516
510
555
568
500
530
496
540
686
497
510
555
603
507
548
1155
527
522
526
567
564
504
536
521
554
528
582
1111
605
584
636
586
622
646
599
580
635
606
492
1084
668
584
668
559
561
600
750
620
570
610
493
645
617
529
581
517
1080
515
584
501
561
598
579
670
630
581
596
577
764
616
1184
591
605
599
610
513
561
584
583
604
1039
594
609
581
635
522
661
1054
622
496
594
591
1565
623
699
574
608
505
579
633
481
681
586
620
605
759
662
501
554
526
546
580
633
551
925
600
712
786
547
559
523
708
537
1098
567
575
582
536
1010
556
529
552
529
548
587
1060
568
520
555
524
567
535
635
612
529
1061
565
535
594
521
613
534
795
559
509
1760
667
854
665
638
737
509
1145
624
963
524
502
506
539
1105
559
566
531
597
562
564
991
535
557
617
557
618
919
1237
812
1014
2454
871
1491
838
1027
1256
790
2060
874
1158
758
858
2028
621
640
660
584
1074
615
1080
599
533
548
487
1315
588
534
565
515
1136
642
526
541
489
1142
614
958
589
623
596
764
1330
607
567
590
520
1381
539
696
550
560
514
539
945
518
1646
551
540
511
515
1013
529
607
814
1051
2225
911
1804
945
1223
1507
1246
2494
929
1078
1045
1026
2021
941
1739
1029
1077
1105
1327
2874
1116
1034
974
963
1174
937
876
1002
961
962
978
917
