3469
3822
3619
3751
3775
3036
2978
1462
994
930
1022
1255
1516
1760
785
597
737
632
942
642
601
609
736
1592
1214
1819
985
1021
1035
915
996
938
1018
998
1240
1151
1327
918
1657
1035
1622
1779
1819
1711
1747
708
671
689
576
632
635
659
669
1403
582
667
1064
647
1185
2119
2679
2185
804
648
857
978
792
2468
1182
921
731
670
726
1142
1922
1371
979
822
734
1810
724
909
661
626
681
756
1460
643
1463
665
673
1036
1187
952
676
1220
658
765
1172
709
907
611
1651
1081
1080
1206
1008
1015
935
1228
988
1217
1399
1282
2693
799
781
1011
1400
1693
1160
2284
1073
1008
1329
1099
1879
928
2128
1640
928
835
714
2052
710
910
642
653
663
877
1661
682
655
670
655
788
627
1545
663
1523
637
625
727
570
1408
578
637
558
636
1155
871
719
627
598
587
582
1242
568
1267
592
772
665
678
1160
622
816
625
659
628
609
896
586
1421
598
609
602
653
1056
572
1057
622
594
644
591
1048
599
1379
574
636
840
635
834
645
1031
618
560
636
564
1581
579
974
620
609
801
618
1055
556
1070
609
535
697
647
985
622
1047
616
548
620
691
1462
687
763
600
581
617
601
1402
582
875
566
650
645
593
1247
617
1089
633
616
574
582
1331
716
774
551
628
671
611
1030
611
1042
635
619
635
582
1317
595
1210
673
615
629
581
1038
566
640
625
607
993
579
1478
613
642
574
631
1067
614
603
634
556
1036
591
1148
591
626
592
607
1317
581
596
672
584
1225
615
592
642
633
1110
622
1217
581
605
578
614
1264
600
756
623
586
1215
563
622
556
602
1384
623
1142
595
582
644
629
1197
548
629
612
635
1030
590
1312
614
585
586
587
1275
650
621
605
546
1097
590
890
566
618
789
580
838
600
1327
636
650
601
629
1121
585
581
595
593
1175
897
977
982
1229
1408
1621
1871
1601
1477
799
685
660
635
1151
656
621
729
593
1092
636
831
857
708
702
603
1137
590
1035
669
609
647
621
1282
628
626
554
622
1165
592
1276
605
730
642
600
1219
657
1187
909
1085
1284
1485
1748
1662
1908
2046
1910
1699
1161
1086
731
587
637
603
1249
611
1072
628
617
1303
574
1027
595
594
630
616
1047
606
1355
617
596
536
615
1246
566
710
638
557
1416
700
1008
615
580
589
564
1349
631
655
625
607
848
630
1310
637
607
619
546
1445
629
675
584
550
1048
557
1143
573
544
600
587
1284
647
572
858
1114
1001
1059
1050
627
606
621
585
994
674
768
945
1006
2223
640
860
582
578
748
596
1338
1008
853
791
613
589
614
820
656
1062
664
583
1107
579
684
964
1226
2194
923
1185
620
639
566
559
1412
817
608
630
879
1021
679
786
608
552
609
564
1376
572
559
563
589
1531
657
840
586
615
534
633
1757
692
595
630
945
1102
676
598
622
571
1144
571
695
578
583
956
752
852
644
602
637
585
1424
1011
963
902
920
679
599
824
603
550
603
607
1307
661
625
887
673
1054
601
1259
638
591
578
1549
2098
739
623
691
780
598
627
799
877
968
863
1063
1236
1398
1680
1740
1909
2150
1895
2155
1562
1128
1079
808
1565
1023
1197
1517
789
704
633
633
575
566
932
664
1390
645
901
1039
1091
1167
638
625
699
652
1207
650
1389
924
758
1449
642
1223
638
578
593
627
1569
737
1086
789
666
723
691
1338
688
664
668
657
1170
722
600
580
650
1238
935
1278
632
610
802
598
1146
847
717
662
858
748
692
1266
833
609
635
606
789
638
581
953
899
863
1018
1099
1054
1349
1131
790
787
774
609
637
605
1139
878
669
624
632
2033
669
861
805
853
637
704
1785
835
1041
981
1220
1367
945
2129
684
595
573
564
1275
748
1332
894
902
1356
649
832
1161
1160
827
952
1304
832
873
935
783
1638
866
1067
694
655
864
1053
2228
1825
1844
975
746
1493
841
1530
927
1130
743
656
887
1092
953
776
1222
1341
1230
1011
1136
1226
1328
1552
1851
1936
2212
2491
2800
3062
3285
3612
3415
3758
3387
3183
3046
3090
3297
2540
1949
1710
1435
1700
1020
922
989
808
969
698
2088
982
871
1003
904
994
1003
1032
768
612
887
666
2858
1124
1257
798
753
609
674
757
570
648
662
628
907
646
1817
1019
716
591
642
595
572
575
601
633
1064
612
1221
594
899
1076
949
1126
1053
1277
1412
1579
1913
1665
1547
676
699
633
616
864
585
658
659
612
1201
653
1232
664
621
913
700
2618
726
628
702
598
691
642
1516
662
643
624
640
804
722
752
697
893
653
594
793
653
650
634
638
1349
706
845
707
635
622
657
1002
654
617
647
630
618
656
1138
629
855
610
572
629
587
1525
639
728
618
582
629
584
1449
763
924
1130
646
677
647
1179
650
836
887
926
637
590
655
580
1400
589
601
572
685
1086
607
1114
619
663
718
654
923
610
1350
634
680
596
606
1166
595
1335
600
608
611
694
1142
634
1215
616
768
1110
1128
1388
1099
2245
1143
1381
1690
1082
2081
1112
2154
1293
1066
1242
1375
1415
1041
979
1069
1280
1510
1370
