3844
4093
4070
3652
3523
3182
2805
3092
3369
3374
3214
2725
2574
1783
1159
819
819
671
780
756
783
1200
1289
1527
2511
1082
887
991
915
1753
2120
1917
1013
1076
1194
1337
1523
1823
1729
2039
1073
1100
792
690
595
600
607
975
1827
1990
1694
1753
797
680
834
847
1651
1057
1955
1070
845
1958
1741
3476
743
634
937
934
1226
1447
1688
1507
1430
832
742
701
645
1485
881
2063
1400
1206
677
635
799
714
941
697
712
583
607
1529
681
612
665
613
579
615
1217
694
1987
1113
704
617
633
836
909
1044
683
649
665
714
1523
808
693
690
629
796
658
945
658
1708
743
698
685
693
1314
1080
1886
783
670
1021
986
1431
973
1137
1495
1880
2481
2815
2272
1330
918
1019
871
1106
1765
1824
1259
1200
1165
1250
1447
1405
1208
2081
1201
1038
1102
1217
1130
1174
1385
1604
1846
2042
2277
2486
2678
2929
3110
3371
3866
4241
4339
4234
4101
3577
2822
2258
2164
2105
2103
2042
1973
1965
1859
1687
1244
1113
915
834
1141
637
1401
649
644
693
667
2280
1603
650
637
598
631
600
621
562
630
791
624
1355
643
637
615
603
1384
671
605
633
585
1746
1130
1040
1089
1466
2646
611
1058
611
563
573
610
1291
632
589
599
613
1101
599
1468
1673
1563
1140
1386
1623
1915
2197
2316
2443
2229
2045
1881
1353
1239
1166
1058
1046
611
1271
771
741
1519
1005
872
544
609
611
593
1383
619
732
609
586
648
610
875
602
1585
582
576
570
983
1645
962
1033
796
780
599
583
673
591
661
802
610
709
607
1114
573
615
603
589
1212
585
572
634
616
1585
973
940
949
1139
1394
1605
1721
1653
2006
1376
1556
1698
1767
1979
2016
2208
2413
2585
2757
2321
2565
2629
1983
1645
742
901
648
612
1070
876
1291
584
1118
700
657
760
652
897
651
1549
783
1301
1035
969
1751
610
576
609
608
1447
570
803
556
571
635
568
1586
1011
1242
1060
1088
2560
944
894
773
795
931
624
1276
604
606
597
718
886
602
1482
946
1187
1542
1247
2819
1078
1259
1187
1417
2525
616
802
604
610
664
962
2051
595
623
610
570
1340
661
1336
1137
961
1480
754
1526
646
526
605
662
1032
543
1167
573
595
575
612
1180
587
656
594
601
1649
1005
1784
669
539
638
589
853
722
606
580
563
1339
615
1157
572
625
598
562
1248
635
638
1120
810
1561
612
791
536
583
755
598
1639
619
590
593
591
1264
597
562
594
565
1339
534
1011
1180
974
1066
635
1052
566
608
581
620
1231
537
1332
630
566
558
641
1234
537
630
626
552
1391
1216
1173
1084
1108
1323
1412
1316
711
880
909
604
788
606
684
636
549
1192
707
1035
582
591
561
638
1649
1118
986
846
951
1559
638
1170
593
593
605
575
1182
639
627
627
559
1210
585
571
588
880
2024
1181
1138
776
723
1480
662
1032
607
527
644
601
868
557
1368
594
555
621
591
1300
676
1129
872
969
929
790
798
918
1036
832
670
1907
1010
1013
1184
1393
1604
1519
1655
1667
1625
1828
1416
1069
964
958
894
1010
1113
1336
1294
1368
1482
1574
1751
1790
1638
1507
1662
1883
2189
2462
2588
2447
2382
2373
2190
2008
1280
1003
791
631
663
659
579
619
556
1322
643
849
658
658
637
672
1541
1016
919
1304
672
624
606
1224
672
628
603
634
626
629
619
611
637
790
596
1023
630
631
893
999
1937
986
651
686
617
1005
634
605
627
593
591
627
1004
608
637
612
669
627
595
1484
774
1103
953
897
1558
601
618
613
625
988
548
1284
551
561
574
616
1181
615
625
570
616
1093
619
951
1167
1163
859
611
942
747
1395
886
1020
1079
1168
1767
955
1216
1333
1069
1919
1328
2002
1033
996
972
1237
2552
783
726
1110
1226
833
762
958
1166
1217
1507
1377
1311
1033
1283
1142
1397
2812
774
849
804
835
643
742
1353
1420
1961
1169
893
1108
969
2513
721
761
658
827
1118
1178
2465
1034
709
2210
848
1736
947
821
879
803
830
813
954
866
875
866
953
906
950
994
1314
807
660
617
903
680
638
2469
634
2081
864
871
827
969
1800
742
2994
975
782
878
847
1117
1204
1279
1339
1237
860
708
899
930
735
703
753
2961
1128
1097
1262
1585
1956
2087
2120
2110
2003
1257
896
722
629
630
538
1243
611
590
534
587
1157
790
1779
1321
891
707
594
607
631
778
802
982
951
1118
1341
1122
1232
632
573
686
816
695
597
1883
1145
1134
911
928
1080
1233
1437
1589
1779
1905
2133
2325
2250
2464
2411
2647
2883
2956
2880
2954
3082
2753
2042
1593
1239
953
711
1798
611
572
617
611
738
587
1403
541
598
636
602
856
553
1682
1300
1408
837
792
685
759
678
661
702
749
946
1612
894
804
717
680
629
616
641
627
720
1475
1305
989
1363
1266
1227
999
948
796
691
647
580
528
573
638
601
1312
631
1078
965
2181
1713
1304
1041
651
757
609
606
620
608
1282
661
1325
688
621
546
634
1248
1334
1622
1608
913
697
606
735
563
1137
639
639
542
611
1192
567
1108
876
600
612
589
1016
1194
1559
658
620
563
545
1196
633
940
575
599
650
586
1105
587
1168
617
534
602
542
1077
598
1178
999
1532
655
665
