3211
3556
3617
3663
3807
4070
3861
3417
3305
3025
2577
2118
1902
1692
1620
1547
1471
1370
1306
1125
1030
951
875
862
770
709
1010
1159
1178
915
853
979
669
587
905
1267
1036
1209
1391
1414
1615
1832
2134
2379
3205
1060
2251
854
633
563
584
565
642
1953
1032
1235
1475
1615
2715
605
581
552
567
790
547
556
564
590
1395
751
877
964
1116
2867
1698
2397
879
952
1034
601
593
566
563
576
612
1448
589
569
628
577
1108
835
1444
610
588
621
609
1107
589
645
846
977
1147
1060
1305
1134
1371
1532
1576
1462
955
881
786
690
1363
985
811
660
769
838
551
1102
545
607
591
559
1250
618
784
603
568
751
568
1351
664
604
672
609
931
624
990
629
589
840
602
1017
566
577
632
595
1025
591
789
601
617
625
595
1048
585
891
646
601
670
623
815
639
1255
607
592
620
620
712
649
617
623
599
929
691
889
613
587
607
587
1255
589
649
646
594
775
882
860
584
577
705
829
792
538
1518
592
608
625
626
807
582
633
626
608
929
668
1012
603
629
644
594
1202
608
623
591
579
825
615
1132
578
601
573
624
931
582
610
675
585
939
596
1007
623
614
609
581
972
569
576
599
596
1088
618
997
591
569
723
599
950
600
590
563
616
1327
579
623
590
549
1145
602
796
598
623
639
601
1094
576
607
599
576
906
621
892
579
602
567
676
1250
579
602
593
608
790
594
1039
640
583
600
590
909
655
610
669
619
1145
588
818
592
697
1001
687
1767
917
795
655
649
2137
840
1716
1115
735
672
678
771
959
1154
1057
1080
946
968
2718
1065
836
852
821
871
898
1056
977
1004
1134
1427
856
895
946
926
1035
1184
1411
1458
1458
1418
1458
1557
1663
1798
1965
2080
1948
1987
2145
2346
2529
2683
2830
2958
3186
2933
3151
2882
3088
3275
3524
3639
3576
3703
3698
3897
4094
4078
4274
3731
3960
4209
4436
4537
4314
4551
4746
4931
5042
4964
5131
5062
5240
5392
5546
5639
5011
4892
4730
4593
4548
4205
4144
3270
3042
2864
3107
2916
2775
2637
2288
2025
1841
1709
1752
1807
1731
1732
1712
1726
1798
1908
1991
2005
1933
2022
2109
2105
2044
1896
1764
2164
700
1817
803
740
817
993
889
1114
918
967
1197
1136
1221
1532
1366
1083
1524
1577
1290
1048
1195
1406
1694
1786
1760
1483
1009
1041
1175
1109
903
836
916
1015
1006
1135
1133
1044
1134
1228
1095
934
986
922
1117
1266
1246
896
1073
902
995
1228
910
1082
1174
1299
1262
903
998
992
855
863
929
854
999
982
966
1024
978
769
721
2611
663
2495
721
886
1154
868
1320
1008
853
1009
993
1255
1364
1586
1638
1535
1523
1004
919
803
764
772
681
973
952
1042
1171
1257
1282
1389
1541
1466
1544
1682
2093
2097
2527
2848
3162
3414
3635
3861
4212
3617
3814
4058
4227
4430
4647
4881
4974
4940
4523
4423
4230
3076
2555
2128
1734
1443
1065
959
903
894
884
604
655
688
692
661
643
1088
913
670
757
643
614
638
661
634
701
666
645
687
764
645
641
676
636
680
652
952
606
807
899
1117
1373
1931
589
574
2264
581
2197
640
606
749
684
2346
869
958
1144
895
1305
691
2209
931
744
697
694
742
763
732
775
792
743
717
740
731
807
777
861
824
894
817
886
838
847
933
1044
1047
1069
1268
1311
1220
1069
872
1120
725
749
952
678
771
703
672
1037
1356
1003
1001
1065
1123
1795
1168
1662
1879
1414
1801
964
1650
1449
1065
1107
1449
896
816
972
1058
1231
1578
1663
1590
1068
911
855
935
1020
865
782
829
912
925
958
845
801
806
747
762
830
782
757
900
1134
885
751
791
726
755
764
780
764
754
783
773
725
801
717
761
728
778
712
768
726
906
1052
1188
1188
1877
1000
943
1016
1123
1166
1299
1717
1343
1370
926
1062
1182
1120
704
883
1012
741
1001
1068
1063
1586
1080
1067
1081
1093
1066
946
947
926
1088
1127
1082
1779
1306
2227
1245
1264
1031
871
1575
1045
1051
1247
1120
2167
1035
1490
1505
1164
1242
1240
1156
1482
2576
1740
1570
1111
1788
972
1185
2031
1236
1207
1475
1110
2091
1303
2081
1193
1279
1094
966
1549
1210
1285
1125
1316
1104
845
1658
1190
1894
1440
1307
1268
967
1619
710
2764
793
1299
1900
1014
987
1006
1185
924
1057
2462
1280
1893
951
1246
931
1004
2418
803
1719
1088
1080
1150
1081
1470
749
2062
569
621
940
1048
1993
1082
1031
1055
1047
1182
1446
1576
981
790
1185
1104
1493
1124
851
883
922
1002
1067
687
699
2827
747
687
1589
689
2633
600
603
717
601
2619
886
2335
653
607
716
598
2292
716
2496
595
619
2077
569
2589
564
577
681
588
2525
601
1860
593
582
690
595
2178
583
2672
625
660
1662
781
2342
668
701
733
677
2073
961
1070
1257
1132
1104
1241
1449
1237
1402
1473
1624
1633
1816
2058
1900
2109
2294
2349
2422
2593
2577
2117
1916
2007
2269
2396
2514
2690
2822
2698
1932
1508
1275
1050
805
711
644
857
933
1009
1002
860
791
654
812
1086
935
900
2186
1040
975
1047
1432
1723
1133
1302
1545
1437
1369
614
947
597
570
702
566
1053
603
1578
923
949
1130
1310
1169
665
606
524
629
1156
574
910
619
620
705
885
1247
857
1238
