3672
3987
4414
3296
2416
1539
1079
1136
1181
1850
823
957
1116
1237
2347
876
1430
828
1034
1536
855
2533
841
869
1002
864
791
853
823
790
1046
2017
743
675
809
985
1023
1605
875
1081
1010
1013
1093
1554
1186
2393
1106
794
841
907
927
997
1089
1331
1664
1948
1901
2904
1136
855
960
1115
1761
891
1314
1002
951
765
508
1399
834
1005
1311
1487
2442
1036
1066
1125
1028
1170
826
2427
888
1061
1245
1455
2133
817
1098
1547
1582
1555
866
1763
1081
932
776
748
831
862
1011
1217
1337
1460
1508
1302
1136
993
1113
1235
1170
1046
1370
1336
1184
1085
1227
1449
1602
1739
1978
2172
2349
2752
3112
3373
3627
3527
3310
3149
3502
3819
2704
2712
1775
754
636
644
609
563
1319
543
483
486
449
906
537
715
527
524
520
565
2099
1379
995
767
885
747
784
1100
722
1148
689
771
777
804
1557
849
821
913
766
904
1093
1055
611
766
1020
735
764
921
787
853
837
638
714
821
910
1052
1189
1239
1385
1458
1519
1575
1694
1768
1872
1972
2038
2188
2232
2297
2375
2479
2631
2729
2908
2934
2949
2958
2934
3017
3164
3254
3378
3493
3520
3579
3394
3439
3502
3631
3777
3625
3561
3439
3323
3172
2779
2490
2213
2025
1830
1659
1429
1175
974
709
505
502
514
1052
551
507
513
486
526
505
739
506
512
489
1204
499
514
496
492
522
492
498
596
491
503
490
579
545
530
523
502
520
480
588
855
510
533
504
515
527
552
550
533
1140
730
624
675
647
1513
531
671
521
503
558
509
516
557
558
495
539
499
536
618
664
911
624
641
518
662
681
691
546
503
589
490
513
649
498
533
489
514
709
498
766
536
446
503
497
970
511
660
441
583
483
480
860
502
897
583
546
591
543
772
502
1013
480
527
488
488
715
506
995
493
448
507
475
873
494
494
449
576
666
508
1054
461
480
481
548
901
479
667
511
519
137244
529
636
515
636
506
547
590
614
494
629
587
482
625
1149
750
599
561
656
1188
558
511
605
505
676
518
530
564
508
636
478
645
509
532
498
620
625
486
555
496
535
467
631
1471
514
502
638
520
544
489
533
517
553
528
471
1012
538
539
732
493
635
547
576
628
549
563
566
573
556
577
924
970
1900
529
533
539
605
514
614
506
633
525
510
544
789
497
1247
526
615
496
609
518
610
594
553
570
778
477
550
570
504
579
470
1282
557
452
639
512
645
493
659
508
659
779
498
1321
563
503
550
592
552
487
738
536
541
763
509
621
468
644
700
598
628
654
531
925
537
547
568
1012
572
545
577
549
601
526
576
527
741
830
973
2098
659
494
558
586
648
540
533
524
537
616
491
557
519
568
492
660
763
511
524
585
512
1191
565
605
572
538
547
511
1140
478
626
504
575
479
656
494
511
447
667
535
1127
589
556
626
586
837
530
528
516
492
1209
794
1429
525
509
523
468
1033
571
537
531
476
1032
523
524
477
479
871
472
941
512
632
787
487
952
484
631
833
799
1153
871
801
796
664
900
937
1744
1421
2005
1606
666
649
823
1013
1200
1395
1534
1572
1844
1562
1812
1391
962
895
981
2517
2137
1505
781
664
855
706
670
631
648
1344
539
887
553
542
542
457
1157
545
456
551
793
1988
849
1042
528
474
588
518
1157
516
549
534
490
999
597
975
493
429
664
546
934
517
437
599
490
1006
570
1212
1110
627
784
518
1075
759
923
1071
1145
1339
1100
1283
1591
1822
2108
1804
1823
1719
1638
1611
1090
989
588
534
487
506
2002
856
554
666
574
1061
540
901
621
534
465
558
1058
502
533
572
481
935
537
1002
616
501
480
511
1049
586
698
1312
867
1152
721
731
805
873
1005
1095
1171
1303
1373
1519
1557
1664
1695
1783
1919
2009
2118
2230
2345
2403
2694
2923
3027
2905
2785
2051
1473
1363
1185
1127
1057
986
937
893
809
994
748
954
1166
1404
1629
1834
2095
2346
2569
2748
2637
2892
3364
3904
4151
4155
4337
3899
2707
2365
2173
2114
1058
893
825
488
2013
526
556
790
534
2063
469
2520
1049
853
1050
587
1885
517
471
478
484
1014
531
711
490
544
725
901
1921
769
1009
1341
1946
2306
2164
2215
570
536
547
516
506
541
503
529
499
689
504
964
499
478
496
511
762
477
529
475
512
1005
540
1051
900
636
523
521
1122
453
524
443
514
947
487
463
494
470
947
510
1084
498
435
501
467
960
555
487
601
470
1149
1157
781
535
475
484
507
749
484
442
676
528
664
493
450
494
467
1207
542
674
518
519
722
589
1421
534
649
724
1096
803
489
521
526
499
462
447
974
508
682
481
476
537
464
936
479
904
472
480
570
538
703
465
468
471
477
1095
471
1655
734
638
713
766
828
928
976
1022
1108
1125
1236
1370
1481
1633
1731
1810
1701
1615
1515
1253
1208
1141
1117
1030
752
732
619
532
1974
793
798
905
1069
1189
1322
1454
1607
1750
1775
1916
2043
2178
2135
1887
1803
1144
1055
973
913
846
601
574
454
498
1177
718
780
1150
793
786
965
2154
555
872
509
