3909
4275
4278
3107
2591
1568
1867
1733
1334
879
760
773
1285
1345
1574
769
1999
654
658
2147
1326
2116
913
707
936
629
2005
599
2611
1774
1244
1302
1867
1411
597
561
570
613
868
596
1309
648
554
665
559
1355
885
1273
2423
2390
1692
569
1040
975
881
995
1040
1180
1472
1113
1104
1213
1382
618
830
1427
1465
1206
912
635
609
540
1353
738
582
543
567
961
678
1065
581
550
538
546
1036
574
643
904
1389
1528
606
565
560
558
791
582
1251
565
663
585
624
1043
576
584
601
578
890
547
1203
588
893
1318
648
1069
616
568
601
565
1364
796
607
546
537
805
533
1236
568
569
599
620
1197
529
632
1333
996
971
1057
1216
1090
1270
1480
1668
1868
1829
2013
2127
2321
2347
2003
1892
1228
1164
1114
1063
1185
580
591
579
614
1151
578
1035
541
617
749
533
1157
576
514
555
515
1280
623
864
556
550
623
507
845
519
1426
941
1135
1068
1114
1312
1455
1599
1757
1830
1972
1981
2238
2141
1950
1905
2075
2089
1986
1889
1430
1370
1156
1076
1082
861
1370
1045
594
603
787
825
581
578
665
613
1389
538
1019
577
513
574
555
1401
1049
784
556
619
620
609
1317
590
987
535
626
592
574
1544
647
536
588
527
694
604
1071
570
1157
590
519
641
616
1122
826
849
581
542
716
866
1590
924
1127
1493
1798
1450
1665
1838
2033
2233
2234
2557
2854
2511
2706
2455
2721
2871
2777
2817
2670
2569
1258
890
801
966
1226
1234
1549
976
1254
1579
1901
2099
2372
2644
1918
2145
2551
2702
2669
2065
1941
1487
1699
1884
2083
2118
2055
1967
1388
1225
1181
1083
1234
589
1001
605
627
598
584
1040
612
1008
978
964
1035
1170
1383
1513
1687
1637
1798
1960
2092
2270
2375
2480
2407
2569
2735
2792
2661
2420
2308
1499
1361
1218
1066
1090
992
781
581
695
649
581
1115
602
527
569
569
1269
619
574
546
578
564
555
1156
549
741
523
635
569
586
1353
708
607
626
609
959
609
843
576
640
800
588
548
564
1367
872
917
566
509
630
875
1084
906
692
1400
895
1456
621
529
860
582
830
617
1269
591
497
697
593
1151
921
1872
1033
720
594
621
673
542
645
662
679
1312
605
614
617
551
670
605
1434
601
703
586
602
902
679
866
604
1419
603
650
608
565
1236
594
1142
597
519
657
620
810
659
1478
599
572
501
543
1356
618
575
510
626
1182
612
812
589
554
704
621
830
617
1653
649
514
646
625
1276
620
559
501
866
1076
604
1145
592
641
643
579
1533
594
595
546
551
559
560
1170
627
1282
584
570
552
591
1291
664
655
628
649
769
626
1387
659
571
564
542
754
626
1571
1294
879
813
834
1581
1176
1017
924
887
813
836
1014
936
1040
883
798
1507
987
1254
1222
1272
1392
1517
1775
1786
1824
1531
1188
1022
967
948
966
645
1311
685
637
899
709
1367
642
554
593
549
757
520
1307
550
579
549
560
1148
540
580
540
607
1235
599
535
620
546
796
558
1343
546
582
546
537
1027
620
591
572
621
828
703
1127
968
1228
1015
709
1692
679
700
1021
1037
1873
1032
834
1174
1555
1534
1464
1000
999
1043
999
1024
2070
953
1323
1555
1066
1366
1603
1293
870
814
1154
797
827
935
935
1138
1012
1201
762
1635
1400
1181
942
1152
1407
1667
1880
1706
1818
5991
1283
3283
12418
1150
1308
1788
12579
1318
1572
1551
5105
951
1069
1189
1535
1342
1401
873
1284
1068
1773
1218
1302
1594
1997
2419
2830
2784
2356
2292
2353
1758
1945
1385
1465
2871
2023
1337
1040
1275
1223
1408
2593
1038
2394
1896
1454
2762
3478
3132
2932
2058
1863
1681
1619
1020
964
1035
1200
1313
1426
1673
2003
2251
2312
2179
2098
1428
1060
966
1005
1155
648
1289
1101
1644
778
599
655
848
1506
700
1119
1031
1038
2141
1078
2172
1092
858
636
591
564
913
992
665
956
2242
822
1105
1153
1236
2501
1094
1353
1053
1268
1003
800
1829
853
1041
1207
1438
1572
1583
1510
1539
1729
1784
1918
2066
1702
1944
1523
1382
1799
920
806
925
926
932
888
916
1037
971
580
560
629
560
612
552
545
545
620
569
596
1456
942
1226
1569
1102
2339
623
634
604
643
1728
632
747
542
597
1033
534
1081
581
560
636
749
836
597
1372
530
592
543
545
1224
537
632
711
932
778
760
1454
619
609
589
562
1074
604
1476
584
670
607
604
569
630
581
1240
550
877
594
648
611
581
1353
542
611
588
599
1191
535
1317
541
604
574
594
1178
612
605
684
582
970
610
1178
580
594
848
527
1020
605
539
597
574
1410
597
575
564
610
1286
597
1125
598
640
616
597
967
605
592
681
602
1100
629
619
617
623
798
604
1110
643
630
592
675
815
640
615
608
645
1005
628
959
595
590
576
620
952
572
684
597
738
854
977
872
599
600
583
623
782
572
636
570
636
1208
605
573
610
606
822
645
1117
579
831
586
637
779
578
641
613
576
1120
603
573
587
591
808
573
841
693
690
619
577
1014
715
633
588
810
825
653
1048
619
597
589
596
951
582
648
586
659
603
611
1267
647
590
563
602
706
599
589
622
708
1200
661
764
693
656
982
