5583
5527
5339
5115
4861
4601
4350
4414
3647
2743
2047
2284
2159
1300
1252
1177
1259
1512
1682
1814
3014
3457
4897
1892
1443
1360
1718
1271
1202
1661
971
1138
2427
2002
2184
1694
1625
1632
1222
1946
1395
1083
880
2734
1757
1386
1342
1188
1543
1414
1299
1624
1332
1157
1410
1058
3655
1408
1387
3687
1468
1187
1077
1094
924
1090
1309
1558
2084
1902
1069
1176
1177
1257
1130
856
759
708
1684
726
637
999
774
3225
929
852
753
676
3092
714
2788
1129
1063
1414
905
3162
1218
1148
896
788
2210
732
2498
793
700
2171
717
2189
1870
1140
1254
1081
1013
896
2532
1032
900
946
890
873
914
918
934
1138
2073
865
810
702
831
2480
763
2270
724
692
2051
863
2263
731
1456
1038
962
930
932
980
900
907
925
930
882
897
1002
967
985
1020
1035
3312
1966
2781
2841
2957
2509
2328
2237
2090
1970
1507
4099
2008
1263
1371
1531
2005
2943
3056
3015
2178
3223
3043
1634
1604
1315
1181
1775
1178
4434
1487
1572
1341
1375
3235
1537
1333
1321
1250
1220
1693
1366
1281
1520
1137
1081
1257
1032
2085
1257
1446
1228
2553
3922
2297
1834
1366
1405
1271
1436
1774
1525
1258
2319
1405
1072
1147
2051
1202
1375
1678
1146
1712
1119
1155
1164
1517
2293
1176
1144
1058
1054
2091
1103
2035
1107
880
902
816
3281
1051
1141
954
1189
3114
1331
1278
1403
1500
1666
1913
2267
2567
2592
2248
2236
2395
2547
2723
2792
2999
2805
2658
2428
1991
1714
1458
1147
1921
1132
3298
1286
1040
1047
1160
1252
1145
1055
1014
1105
1089
1091
1161
928
1041
1921
1187
1132
1261
1339
1232
1062
1109
1255
1438
1619
1771
1985
2145
2336
2502
2788
3189
3192
1860
1634
1344
1342
1459
1604
1451
2283
1399
2850
1379
1285
1168
1253
1847
1481
1378
1166
1479
1386
1457
1318
1123
1508
1434
1481
1784
1317
1365
1555
1529
1364
1248
1349
920
1055
1681
1119
1689
1364
1585
1353
1379
1259
1197
1712
1288
1213
2145
2353
1936
1650
1482
1416
1514
1693
1903
1879
2065
2281
2374
2200
2974
1440
2142
1233
1052
1150
1402
1712
1402
1109
963
1107
1752
1068
2135
1504
1901
1483
901
1604
1233
1004
1017
913
2607
1233
1370
1166
1145
2790
1711
1075
1167
1368
1498
1492
1640
1431
1565
1767
1825
1950
1238
1237
1422
1703
1690
1490
1248
1153
1099
1073
959
915
958
1014
1038
947
1037
955
955
1048
1633
1478
1125
1191
1316
1526
1197
1481
1104
1096
1092
993
1133
1086
1125
1415
1181
3440
1025
1295
1250
1100
1145
1195
1067
1212
1543
1663
2290
4074
1885
1902
1803
1618
1807
1345
1815
2281
1700
3338
2868
1235
1107
1180
3027
1183
1972
1185
1221
1638
1796
3462
1168
1224
1363
1608
1706
1558
1955
1578
1026
3116
1370
965
1990
1680
3604
3837
1997
1756
1473
2218
1462
1900
1491
1192
1397
1554
1335
1409
2801
1294
1524
1552
1429
3709
4167
1492
1533
1360
1442
1031
1539
1226
2372
7155
5755
4697
3309
2328
1892
1304
1381
1328
1137
2574
1205
1376
1613
1700
2088
2431
1903
1565
1186
1176
1079
1116
934
2452
1179
1112
1009
1044
995
919
1415
1066
1824
1085
854
1044
1056
3180
1300
2144
1179
1312
1550
1181
2111
1307
1282
1174
1256
1412
1801
1165
1377
1295
1972
1090
2021
1387
1217
1475
1272
3109
1732
1373
1322
1297
1134
2396
1755
1551
1169
1398
2070
4795
1995
3517
1751
1450
1273
1350
1783
1741
1554
1326
1663
3874
1075
1154
1082
1355
1471
1242
1357
1389
1222
1078
1048
2354
1284
1238
2219
1782
1523
1167
1072
1228
1053
1192
1128
1416
1191
1290
1748
1525
2229
1847
1731
1405
1209
1265
1073
1631
1251
1075
1045
1412
2048
1255
1474
1609
1171
1319
1380
1277
1185
1051
1144
1082
1985
1177
1929
1337
1303
1159
1180
1203
1019
1229
1557
1076
1061
1184
1354
1378
2007
1045
1195
1143
1104
1720
3252
2420
1305
1173
1325
1353
1075
1076
1198
1292
1325
1208
1153
1250
1268
1021
1052
860
972
1185
2346
1019
780
1353
876
3195
1638
1591
1378
1848
1031
996
1615
1020
1006
1171
1074
1299
961
1873
1197
1030
953
1164
2108
984
2046
1099
1057
1122
1143
1452
1024
2465
1041
1106
1181
1049
1434
1177
1109
1154
1132
1823
1264
1512
1238
1391
1466
1289
1192
1557
1843
1427
2998
5045
5317
2632
2728
3939
3147
2783
1901
1464
2328
2002
1674
1517
1145
1212
1371
978
910
1220
1247
1315
1856
1040
2360
1031
1306
1313
1008
3763
1364
1078
1067
967
1032
1081
1559
1035
1186
1156
1069
1011
1861
1043
1028
998
1017
1078
931
843
912
838
836
893
838
1237
1002
965
952
1659
997
867
1146
921
883
771
859
2310
905
2780
893
1146
2084
872
2533
901
1271
893
966
969
1177
1282
1240
1247
1361
1524
1617
1561
1609
1644
1748
1916
1958
1965
1546
1591
1712
1992
2038
1893
1376
1140
1149
1031
1155
929
1105
1198
1348
1292
941
937
2188
1060
1694
966
993
1012
1024
1820
1147
1312
1121
1069
986
986
1266
1033
1984
1078
1061
887
1055
2379
968
2244
1014
904
1212
1088
1114
1169
1203
1195
1157
1389
1057
1082
1209
1566
1131
1643
2347
1184
1151
1156
975
1009
957
1097
1263
1303
1179
997
1086
3513
5312
3375
2283
1533
1306
1371
1127
3339
1463
1239
1652
1384
1570
1387
1552
1286
1657
2655
2105
3171
1375
1582
1551
1943
2163
1604
3932
2187
3435
3000
2858
2109
1413
1694
1446
1159
1399
2492
1233
1028
1136
1348
1449
1530
1672
1806
1807
2107
1991
1823
1706
1182
2281
1203
1104
1432
1869
1727
1338
1200
1365
923
859
806
996
905
2087
1381
1176
1483
1039
