2655
2550
2194
2295
2214
1668
1428
1372
1355
1140
1306
1452
1737
2040
2343
2554
2705
3023
3298
3565
3953
4278
4327
4677
5272
6178
5566
4937
4275
3551
989
1609
1367
993
744
640
684
1218
1563
1206
1262
1390
671
612
579
631
585
637
658
604
628
807
928
958
886
929
777
662
964
1853
2061
1426
869
1118
1142
810
796
871
1006
755
688
828
855
781
819
689
825
1521
1159
1376
1114
665
1372
933
1057
1270
1442
1600
1615
1765
1599
1755
1943
1837
1740
1188
1102
803
1009
1910
612
608
625
553
730
683
1115
573
559
550
557
1377
606
522
597
524
1258
581
1159
522
616
705
855
2285
742
636
529
669
602
539
594
579
567
1083
580
1149
580
563
556
565
1213
587
565
564
601
1270
540
642
612
603
1259
559
1180
587
668
559
576
1082
594
564
598
568
1127
552
1222
619
531
703
581
1055
606
620
555
596
1256
645
649
728
561
1248
580
1030
558
599
711
542
1046
550
544
578
597
1143
559
753
996
1085
2138
577
1119
569
540
544
562
1114
521
572
562
653
1013
522
1277
571
543
615
603
1127
926
845
856
868
1081
782
775
743
816
756
770
567
550
571
546
597
1043
515
631
549
574
1138
570
575
556
595
1239
543
1012
556
584
594
583
1243
524
573
546
583
1120
563
636
595
552
1261
582
1154
615
554
592
629
1105
569
516
538
585
1105
574
1312
756
608
594
580
1053
615
626
610
561
1036
579
1471
612
539
630
546
1161
620
532
579
523
1098
597
593
594
615
1049
558
1047
571
593
827
542
988
675
543
636
582
1070
533
538
559
700
1372
588
980
572
546
744
567
1050
600
588
555
571
1001
601
1133
589
544
713
563
1178
625
563
652
555
1133
651
2328
618
609
2050
1039
2068
1172
1227
1180
1032
1602
1705
1557
2076
1778
2311
1287
1038
1029
1046
1020
1275
1557
1804
2128
1022
1250
2412
901
1043
1245
1525
1747
2019
1942
1836
1690
1688
1593
1614
985
965
975
919
1331
573
757
592
556
1147
1326
1294
619
628
641
658
908
551
1467
619
658
606
608
1127
571
604
870
588
714
573
1331
888
962
1058
711
1009
545
644
632
815
1166
604
546
570
517
1346
586
987
586
585
581
603
1283
643
930
1082
850
1472
581
805
562
626
564
553
1242
604
554
715
647
807
610
1273
616
576
586
535
968
609
826
1056
897
664
681
1370
635
591
567
598
985
553
652
557
607
1033
588
571
654
589
1268
596
582
626
1001
1811
671
588
584
588
547
634
1243
633
586
583
548
1393
589
543
567
572
998
616
1012
567
539
581
798
1870
925
616
572
623
714
562
550
542
567
1251
542
873
568
511
640
569
1227
560
564
544
568
1021
654
1950
967
1034
699
659
1703
562
597
594
580
1045
608
579
542
610
966
627
1074
557
533
608
543
1857
1082
1126
1191
1413
2282
609
1042
539
542
523
541
1052
552
565
559
570
941
587
1169
559
788
1113
877
1535
546
595
555
551
935
554
1120
555
534
639
612
1074
561
557
555
565
1254
563
1106
626
520
1013
1201
775
638
686
586
506
1293
592
539
588
570
539
556
1079
637
772
554
600
633
567
969
601
995
693
1073
978
954
915
1067
1092
718
579
660
574
744
570
629
620
581
1011
612
1182
883
1051
1260
1466
1757
1669
1908
1039
970
687
565
683
659
992
555
591
531
548
1153
592
934
588
533
608
587
970
596
1001
563
600
659
1186
1311
665
889
635
767
602
610
1032
533
551
552
599
1091
555
1009
562
545
578
496
1003
566
1114
883
1214
1030
693
615
543
825
616
631
636
636
776
744
1283
855
692
668
603
638
605
1115
667
771
592
834
1365
1254
682
618
554
567
634
649
580
848
622
576
816
734
1711
610
684
573
559
588
632
882
567
1942
848
676
628
598
611
633
907
610
578
572
632
921
607
1130
571
576
650
641
812
606
1567
791
1203
1068
855
1380
627
1074
537
669
1091
883
687
1002
1001
633
686
751
551
1326
778
666
802
1277
1250
1114
1600
677
649
834
984
1253
1019
727
549
613
602
756
1226
640
802
1001
1014
2264
1319
1257
652
787
1074
1013
1304
587
930
799
968
2034
732
607
782
921
932
1355
1346
876
742
1137
840
789
714
1842
933
877
653
691
668
834
934
649
660
698
808
2055
1032
1326
1614
2004
2075
2349
2730
2225
2537
2778
3103
2965
3158
3411
3497
3782
3693
4005
4245
4582
5007
4260
4181
2321
1894
1672
1485
1124
1091
1993
1176
1283
1157
1397
1445
967
1043
1040
1512
1802
1458
960
1048
1317
1135
1085
2013
1242
2111
1543
1323
1353
1172
1624
1010
1273
1223
1449
1683
990
1171
1039
1176
1455
1113
1290
1011
1544
660
689
700
589
2221
629
2639
589
592
2725
993
2258
687
627
727
600
2165
647
2585
606
736
854
1346
1832
1271
1524
1080
1429
1813
2191
2599
2722
2919
2631
3040
3444
3871
4238
4052
4422
4911
5111
5147
4977
5219
5425
5523
5690
4205
4118
4377
4388
4894
4475
3805
3370
2346
1854
1143
1048
1005
1568
1134
1560
1006
1059
788
828
729
982
625
744
651
589
625
666
1475
642
535
1064
1343
2057
