3352
3327
3104
2708
2247
1826
1304
1219
1010
1213
1153
872
1045
1067
1281
1568
1755
1437
1409
1516
1148
822
1155
764
1172
1140
965
832
777
789
724
857
780
823
720
1231
1443
1544
1618
1057
769
899
697
803
687
809
712
809
693
888
810
830
702
729
1325
1463
1560
1141
874
639
650
811
899
793
656
669
921
852
764
631
847
876
863
720
674
1061
1365
1181
1076
729
768
657
731
630
579
706
654
660
786
656
704
650
717
643
730
603
682
1321
1026
1320
1013
798
644
797
761
679
604
768
666
662
714
655
753
645
736
632
691
858
732
744
643
707
804
700
993
757
683
1014
674
691
668
604
1069
651
1192
627
703
680
658
1072
677
687
719
714
843
705
1425
699
670
691
632
698
604
1316
656
636
634
649
962
659
902
659
682
620
580
1076
584
1312
805
750
682
926
2418
657
1190
646
597
614
627
1149
621
851
717
616
664
650
1209
851
1694
717
719
1365
648
2261
612
610
896
605
1374
636
1201
625
590
622
715
1190
687
1111
566
697
598
574
1223
575
1090
894
1067
1211
1462
1597
1835
1937
1892
2061
2419
2592
2771
2690
2896
2768
2886
2944
3000
3110
3207
3268
3244
3337
3553
3616
3704
3261
3357
3559
3801
3978
3918
3823
3331
3121
2947
2817
2670
2243
2116
1502
1413
1408
1354
1359
1302
1282
556
790
637
608
865
605
664
609
676
1161
1037
2125
591
597
544
613
598
562
1336
622
533
835
969
655
915
1176
961
1204
918
1012
2085
1092
1311
951
1349
900
1067
1922
1116
1401
1108
1176
873
1188
1519
855
1545
864
971
921
942
1546
861
2505
1150
1026
1034
1140
2295
1374
2710
1453
1719
1866
1237
1023
1708
1257
1076
648
1293
855
1232
793
841
868
861
1040
1100
1265
1329
1620
173141
1096
1611
984
881
875
717
854
938
1000
940
815
1543
1442
1500
1667
1651
2079
1951
2076
1983
2145
2219
1893
1705
1729
1795
1897
1569
1350
781
1595
578
597
527
615
1105
714
601
640
611
695
622
1358
1411
801
750
674
1494
690
582
618
594
590
585
895
576
591
555
599
609
785
889
981
1155
1490
1620
1394
627
516
618
554
719
544
548
584
531
1329
618
604
766
693
581
583
760
507
1407
550
572
586
1079
1305
713
689
605
593
1504
626
579
569
599
574
596
1095
661
633
663
560
765
596
635
651
650
1510
1288
1237
675
568
596
625
574
664
644
562
597
571
605
557
584
601
565
695
756
571
605
570
578
1144
1336
1438
873
1025
1261
1382
2800
1029
1148
1175
1370
2161
934
1321
884
1191
1059
971
1016
892
988
879
878
1337
958
784
915
705
788
996
1506
853
885
1109
1086
1900
1147
885
1005
1225
2082
584
1188
921
693
709
1002
878
578
675
1329
1358
905
1159
1346
723
680
617
603
1252
589
606
786
731
1799
980
1175
1180
1427
1765
2186
2610
1555
1511
1343
1496
2383
867
1094
1117
1268
2484
914
1680
886
864
1061
1198
2434
1118
984
924
1070
2619
974
929
1180
1103
2091
918
2061
1245
976
696
681
2183
665
655
1284
983
1047
807
1332
895
1337
1524
892
991
602
2552
1013
856
717
637
799
657
639
596
587
848
717
1479
684
560
550
1715
1300
932
1011
950
970
1070
1281
1343
1461
1537
1667
1651
1713
1835
1971
2109
2197
2299
2424
2871
3181
3309
2650
2606
2763
2246
2425
1568
1606
2418
603
611
586
593
1505
616
716
706
993
1474
1119
1264
1471
1690
1887
2183
2587
1869
2908
697
647
695
626
852
578
630
690
850
2541
1377
921
919
1127
1379
621
998
552
615
665
562
1336
752
623
578
650
1066
594
2160
1098
1055
1928
1095
2217
675
591
650
548
893
672
572
608
564
1296
603
1415
2141
1567
1183
999
1523
700
618
610
587
722
593
1363
585
627
706
638
1130
662
596
722
1515
1719
1100
964
1028
662
620
725
1190
606
546
627
579
1107
589
694
548
622
1250
593
552
719
912
2014
850
1332
749
900
1554
638
2111
740
1011
1091
973
1894
607
731
1045
1188
837
773
1398
901
1340
1241
816
1480
993
1232
1076
989
921
1074
1999
777
818
1378
630
2749
711
681
856
813
1966
588
2700
806
630
1755
598
2580
588
613
734
655
2315
548
2934
972
713
1777
776
1444
1004
1341
1696
2101
2422
2021
2215
2415
2841
3237
2997
3372
3222
3508
3899
4296
4828
4608
4965
5328
5794
6267
6128
6501
6281
6631
6944
7345
7714
7500
7854
7785
8093
8084
7634
7588
6778
6247
5801
4780
3921
3393
3161
2953
2630
2376
2141
1803
1660
1377
1203
876
946
1046
926
970
1024
1139
1189
1200
1047
912
1433
889
1549
1314
682
614
673
600
631
1616
872
793
1063
1029
1351
987
2167
975
823
1246
938
1042
1123
1359
1391
1342
1635
1075
1434
1016
994
973
995
1489
949
1159
892
1182
1676
1131
1258
982
1093
891
947
1287
1413
2195
974
1007
980
979
1111
1007
1296
1580
1940
2358
2293
2645
2814
3260
3258
3430
3396
3141
3105
2438
2427
1948
1416
975
799
1727
1148
867
772
889
1756
996
1257
1084
903
2254
1168
937
986
987
854
857
945
906
990
1091
1033
1226
949
864
870
837
848
840
922
1208
762
679
670
720
685
1762
621
2038
629
554
706
589
2334
585
2713
631
613
