5084
5081
4188
3127
2342
2149
1856
1404
949
852
562
673
533
1961
809
1901
513
705
2016
598
1898
809
863
1022
1137
1263
1329
1475
1424
1366
721
571
1691
779
859
986
1153
1261
1243
1136
661
640
616
606
632
616
646
608
619
641
681
717
586
665
711
958
686
618
756
568
541
647
724
958
1315
1404
1168
1244
1015
755
1470
872
841
945
1121
1843
2179
2206
1022
974
1018
683
1352
1853
1320
1348
834
779
1016
758
698
654
908
933
903
770
478
482
782
734
804
967
1127
1289
1693
2007
2234
1256
1031
962
967
930
1154
1309
1407
1302
677
626
568
540
574
745
587
600
471
1085
531
507
553
1097
2414
1201
1007
994
703
1107
508
483
513
706
813
750
1026
527
477
492
514
982
438
495
498
477
1833
1885
1187
967
898
747
602
464
479
429
487
465
469
466
564
971
509
869
473
900
436
497
489
483
986
870
1664
1583
954
1840
852
1152
519
481
477
522
1762
853
1010
1110
1328
2314
762
2432
1693
771
657
590
986
734
929
724
867
1816
552
675
498
487
638
545
609
514
1025
466
505
1361
1003
2215
907
645
650
553
497
480
1434
688
749
525
499
1615
768
843
986
1142
1291
1654
2088
2081
2034
1281
965
734
617
537
659
511
687
476
489
537
472
955
455
859
467
470
532
486
688
433
1099
472
692
887
646
1235
877
967
574
508
935
614
492
557
469
870
507
861
509
435
478
437
1064
707
532
495
500
974
504
1379
617
503
720
535
953
506
473
818
550
852
489
478
637
516
1161
506
930
486
572
658
494
1004
498
485
628
508
1115
544
583
665
513
848
523
525
500
554
507
503
853
548
522
487
511
520
521
826
497
534
502
514
511
518
877
561
506
534
527
639
574
537
527
529
650
493
822
527
504
527
451
637
526
463
566
435
1088
484
691
508
485
530
479
791
499
1030
448
493
680
523
580
504
1096
512
444
499
428
876
507
502
467
465
1009
465
787
480
426
487
474
871
470
1182
484
473
486
432
982
559
513
459
449
961
510
1008
521
511
458
583
1142
495
615
464
431
696
531
712
523
922
471
436
542
507
1031
525
927
532
446
550
497
1024
556
936
561
539
459
476
688
439
1108
517
464
524
503
1030
487
1075
528
485
468
563
1139
518
583
1593
824
870
834
981
1163
1327
1460
1594
1741
1926
2103
2260
2438
2567
2520
2378
2206
2117
1587
1507
1441
1382
1334
774
814
794
714
1038
479
612
469
473
517
437
1209
497
692
531
500
612
996
943
557
1045
469
489
450
501
996
521
446
458
547
1040
484
649
471
446
485
463
876
458
1033
438
462
499
453
1005
471
433
462
493
1071
493
616
458
480
508
426
890
450
1468
638
669
754
834
1007
948
1069
915
669
1149
851
1100
868
882
822
542
1154
503
590
624
542
523
482
826
508
862
478
479
466
469
869
509
928
469
515
493
501
785
504
993
436
508
472
483
993
496
431
515
478
1001
442
686
477
469
473
483
910
462
922
442
516
482
469
1200
504
443
527
512
842
463
682
480
490
559
497
814
483
1135
477
474
492
460
913
460
475
512
468
953
457
682
459
474
535
487
698
529
1243
510
516
483
491
679
478
1245
473
473
472
444
969
483
446
447
456
1036
491
658
459
475
490
519
914
793
1024
694
486
1000
460
467
463
479
1115
463
518
450
474
1091
505
519
478
452
1016
516
964
502
461
480
469
996
508
527
591
543
1028
507
502
582
555
1240
483
549
485
435
1067
522
456
615
503
1150
534
966
535
444
677
507
1248
545
478
477
515
612
472
472
466
548
1258
526
491
503
460
692
509
1272
505
467
539
457
726
514
504
493
495
1236
486
560
467
484
476
484
1250
562
645
820
1082
1558
518
1167
510
492
535
498
824
532
579
545
477
922
501
482
473
528
1012
472
877
492
555
456
520
1041
488
498
518
537
1102
542
726
474
465
539
466
1180
521
568
451
513
1053
459
438
480
514
1085
516
875
441
511
488
479
1173
496
461
522
472
1017
497
512
517
470
1028
490
900
463
466
469
449
1195
558
469
545
446
826
457
1036
663
776
907
1012
1150
1270
1417
1502
1456
1383
886
827
767
725
940
497
910
472
477
564
532
811
497
562
528
477
975
473
605
918
668
793
674
832
619
490
620
616
1235
1006
1142
1054
673
670
568
757
697
895
895
514
665
864
1069
894
837
948
2305
1304
1223
941
669
735
1704
835
668
699
1008
1164
808
762
710
810
984
1198
1362
1602
1536
1203
566
716
456
512
442
539
1017
437
487
485
495
1024
489
511
483
446
1185
463
875
505
472
629
501
723
514
566
1224
980
545
519
1094
482
479
480
438
800
488
445
492
488
914
508
939
462
469
604
481
1172
477
472
465
502
791
577
1027
817
561
743
474
1040
459
431
607
653
944
514
452
812
519
649
550
488
513
507
1043
469
860
456
548
549
497
1343
950
674
606
