3216
3298
3393
3005
2942
2619
2403
1604
1911
850
873
1028
821
810
772
730
720
718
735
836
1448
1430
1710
2038
1379
766
700
662
736
693
718
705
687
715
771
700
769
730
753
737
1622
1193
1484
1134
972
837
783
678
750
817
982
1204
838
755
740
716
726
737
709
864
1595
1564
2226
1499
1013
846
791
1337
1193
801
1219
907
844
857
806
828
1685
1610
1377
1099
920
919
911
878
904
899
922
891
929
926
896
848
875
1136
1691
1290
1046
946
865
853
857
966
893
870
849
835
866
839
844
835
881
831
946
1110
902
853
901
977
1089
1207
1367
1565
1673
1864
1982
2136
2057
2165
2268
2426
2560
2639
2390
2135
1877
1486
1186
1008
835
754
748
708
763
736
768
707
665
845
727
774
679
783
747
775
700
752
1098
1370
1115
1115
1193
1332
1470
1602
1757
1877
2025
2123
2260
2359
2418
2636
2821
2961
3092
3124
3151
3238
3406
3481
3542
3667
3808
4029
4174
4320
4390
4580
4755
4813
4817
4908
5031
5106
5172
5316
5430
5549
5734
5872
5996
5974
6088
6202
6249
6331
6435
6559
6658
6638
6843
6979
7075
7258
7381
7561
7686
7782
7793
7858
8048
8110
8170
8157
8288
8394
8537
8656
8756
8844
9042
9117
9218
9367
9459
9510
9627
9753
9909
10097
10216
10324
10465
10602
10683
10668
10656
10005
10147
10141
9257
9275
8193
8198
8241
7959
8052
6916
6959
6302
6263
6343
5478
5464
4272
4311
4351
3967
4043
2946
2958
2462
2445
2568
1660
1950
777
817
781
812
874
803
842
966
837
991
810
861
860
859
1030
934
1210
1081
872
911
1129
944
1021
933
1081
841
842
790
864
821
802
850
781
878
791
800
804
787
791
797
772
793
824
818
780
818
803
894
839
839
834
830
811
809
924
834
805
805
816
845
885
773
789
770
834
813
791
821
830
794
851
818
826
981
805
821
801
817
783
828
771
833
839
773
802
806
864
838
793
790
862
852
819
916
828
847
810
830
845
853
856
854
860
924
927
973
1091
1111
1025
1068
1109
1080
801
785
729
782
714
755
697
777
758
782
716
756
694
761
723
822
698
781
705
744
709
782
675
902
819
891
788
884
783
798
1021
689
950
682
992
808
787
773
755
781
724
850
672
785
728
744
689
799
710
780
721
817
693
846
716
806
722
814
696
833
715
791
724
795
713
774
824
823
844
818
822
819
796
817
764
850
799
801
872
798
778
804
815
791
885
814
872
1176
1211
1185
1269
1199
1338
1362
1016
1428
1212
1226
1099
1245
1073
1310
904
938
852
795
819
781
854
793
873
818
791
822
856
825
857
804
805
804
1011
1341
1111
1649
2024
1231
853
824
827
759
730
802
771
851
729
770
808
853
764
871
754
809
906
1424
1748
1333
807
858
743
790
749
801
748
816
814
755
798
691
808
770
808
692
957
1112
1059
884
754
799
722
804
701
837
717
815
706
802
701
769
683
753
701
827
661
743
703
920
1368
1017
953
1081
1223
1383
1541
1673
1806
2008
2122
2175
2367
2534
2495
2677
2795
2918
3072
3315
3618
3849
3961
4109
3552
3502
3618
3736
3872
3956
4095
4238
4244
4355
4443
4601
4805
4843
5042
5261
5542
5753
5866
5888
5940
6026
6120
5418
4925
4537
4267
3999
3807
3604
3424
3195
3023
2857
2722
2579
2200
2073
1976
1847
1660
1527
1409
1320
1185
1122
1196
1152
1000
1021
794
827
740
741
718
745
648
790
805
672
728
691
742
667
800
642
814
660
742
937
1289
792
807
683
761
670
758
719
774
636
651
635
659
692
624
671
638
652
655
677
656
635
659
680
1038
1107
754
696
709
678
605
591
625
657
607
592
622
600
611
597
579
580
625
612
601
578
585
611
623
620
945
1139
908
1170
853
1116
1043
1018
704
910
902
746
659
640
687
846
805
668
704
934
1102
1185
1317
986
768
709
905
1033
1081
1081
1266
1488
1509
1379
1588
1856
1983
2086
2164
2372
2509
2274
2296
1819
1225
730
743
961
861
748
735
768
1153
992
1082
1259
1523
1571
1666
1794
2082
2226
2396
2098
1916
1898
1929
2030
2156
2079
2067
2134
2199
2328
2440
2533
2667
2880
2655
2574
2669
2691
2280
2307
2453
2573
2753
2762
2947
3114
3296
3452
3549
3268
3364
3573
2527
2968
1455
877
1132
725
954
1107
1009
1446
1297
900
865
902
1036
862
735
787
748
805
1093
1508
854
962
815
744
797
710
807
707
751
681
782
706
796
705
830
1020
706
781
706
782
1614
1112
850
772
700
610
667
719
682
738
887
890
768
1174
867
1338
724
639
661
646
711
1310
1071
1438
1104
1021
925
747
784
716
771
827
780
832
714
763
705
759
708
761
705
959
1227
974
1362
1087
1000
1041
1147
1341
1744
1527
1299
796
803
739
711
818
693
788
679
770
934
1425
982
831
719
791
783
744
683
753
697
777
689
756
751
988
1136
1298
1458
1608
1717
1880
1959
2112
707
746
721
754
723
1119
1377
1105
1283
1423
1207
1775
1246
1187
1142
1179
1478
982
1629
1010
994
1014
1419
1376
914
1173
917
1046
1224
842
804
917
963
803
778
1114
727
1090
1165
831
893
752
692
946
665
789
929
660
870
940
702
889
945
921
657
991
794
1004
