3913
3959
3708
3263
2716
2058
2610
1412
1519
1156
1059
1548
1369
2530
1566
1468
1436
1040
1654
1459
994
1129
897
930
851
831
801
747
787
600
750
749
1147
1004
1035
1290
1317
956
1072
1256
1236
1071
1095
1014
755
675
697
617
700
725
646
660
615
646
621
654
858
688
923
1030
1768
1000
1349
1966
963
1198
820
846
982
1049
775
674
631
722
613
670
647
686
886
1366
1241
1037
842
703
827
745
717
744
710
760
702
746
695
772
707
783
695
745
1054
995
1333
1179
1121
811
762
709
702
725
785
700
760
699
843
714
811
712
754
692
835
867
688
851
859
790
698
810
717
810
706
765
667
803
693
769
667
768
680
778
665
766
748
709
736
777
719
748
669
786
759
655
748
748
742
717
771
794
687
665
694
710
635
642
782
681
758
728
777
680
750
684
820
724
755
699
765
664
743
680
778
674
764
682
802
675
797
749
843
690
755
778
720
847
777
784
818
783
776
854
762
811
770
820
827
764
796
940
824
754
810
770
736
845
776
815
769
764
785
788
768
881
800
818
795
846
758
1641
850
934
813
1065
904
770
819
703
794
754
939
817
748
812
726
790
705
802
804
872
763
823
719
830
757
857
739
844
733
834
745
859
727
860
754
872
735
721
764
804
768
817
743
854
758
823
830
828
739
861
804
846
788
850
752
799
786
810
757
786
665
837
818
846
750
796
796
813
676
827
723
788
753
864
852
754
818
738
825
756
769
715
813
729
814
923
1131
825
839
821
759
827
687
790
789
827
757
858
724
811
755
773
714
830
862
853
878
832
1142
957
895
1006
1122
1322
1424
1396
1295
1284
1519
1484
906
1198
2031
1425
1266
1130
1505
999
970
1048
874
1281
1091
840
1145
758
1043
1426
1116
981
1018
1154
1296
1457
1645
1781
1938
2211
2395
2645
2805
2920
3103
3330
3574
3823
4131
4414
4611
4721
4848
4619
4261
4229
4283
4394
4505
4634
4739
4882
5029
5057
5093
5199
5317
5498
5531
5310
5385
5236
4947
4695
4453
3847
3349
2671
2436
2172
1918
1696
1406
1183
977
735
742
853
721
797
795
770
750
924
802
1215
1126
937
753
840
696
742
725
770
674
797
701
817
731
756
720
803
672
789
698
810
704
905
1076
958
894
722
838
713
785
714
835
677
776
684
782
698
784
707
801
770
792
674
768
685
849
1241
914
763
821
729
796
760
786
747
771
704
749
705
780
695
788
752
790
714
859
802
958
1484
1161
878
792
824
854
776
829
769
790
741
865
721
807
755
845
796
818
761
783
833
1247
1122
983
870
870
759
831
757
818
757
818
785
808
773
877
769
841
735
845
737
792
751
1175
1284
967
859
811
815
801
843
798
822
817
837
788
826
796
817
819
820
823
823
822
1116
1274
971
802
820
789
818
799
848
793
1085
891
807
822
806
821
788
829
824
848
905
1178
1073
862
849
836
846
815
809
828
851
811
803
802
791
805
864
781
799
822
787
915
1161
1023
958
760
790
757
773
803
793
734
762
792
789
747
822
756
759
752
734
765
827
1243
1200
891
869
847
923
997
1041
1072
1084
1233
1297
1411
1472
1510
1537
1623
1705
1785
1844
2065
1777
1333
1045
854
794
715
649
751
686
727
755
929
682
744
640
761
645
734
689
743
665
737
699
1201
971
880
822
1012
971
808
916
823
868
873
886
776
780
762
803
755
754
722
825
1177
1370
915
805
811
777
822
719
831
748
843
728
801
819
746
942
915
825
936
1017
792
1004
1399
1042
866
841
795
832
738
794
868
736
792
755
725
824
709
880
743
822
748
780
780
1072
1392
1288
944
755
982
1020
901
1074
987
871
838
770
1018
1122
817
926
1139
1395
1114
1106
1426
1294
773
984
900
849
939
998
1181
1129
885
1007
853
1354
1626
1605
1480
1179
848
958
1072
1004
995
873
1060
1129
1180
988
1137
862
1457
1097
1598
910
840
1003
1128
1084
785
1328
1180
876
819
1177
848
781
827
941
1034
977
917
917
957
1084
1128
963
953
916
978
936
944
911
858
887
927
1081
1452
1009
909
1070
853
878
987
805
765
752
864
1041
1394
1317
1035
795
1108
962
670
1436
1043
1179
879
1024
750
740
681
740
744
762
728
751
753
778
709
719
652
712
758
740
720
651
583
1454
1357
917
762
612
634
546
614
681
600
643
612
544
651
629
599
659
588
670
592
586
601
603
642
663
582
988
1498
933
864
805
596
571
643
625
568
629
583
650
618
546
635
722
624
578
630
581
601
660
597
637
571
671
603
688
1365
1289
1117
722
662
680
682
697
708
679
683
887
737
726
729
738
653
755
762
708
734
778
706
680
1411
1125
1000
926
968
1088
1216
1273
1526
1117
946
963
778
720
745
778
730
882
1064
1154
1367
1159
1036
738
712
732
770
757
744
748
736
732
703
948
650
779
871
792
739
734
739
1210
1691
1248
728
748
654
742
812
715
727
740
717
781
738
623
715
699
918
745
