3022
2473
2370
2148
1769
1370
1151
1403
655
755
636
594
968
1184
1784
1298
1338
834
952
1268
1170
2003
1140
2125
1302
1157
1517
1042
1741
1125
1342
1270
1423
1523
982
1964
1071
1086
834
865
2727
1056
1697
1018
771
699
570
697
816
1254
1029
1135
1187
1230
2779
762
1023
1415
746
581
606
821
578
1178
617
553
548
526
1693
661
522
569
535
1045
543
883
791
1279
1274
1431
1416
741
839
568
558
742
607
753
518
1280
602
510
584
558
1054
640
1047
551
575
660
532
1369
552
565
638
533
1024
589
1125
528
686
516
573
1123
826
778
615
879
941
1100
1115
595
869
566
588
615
551
1062
691
844
561
572
622
526
994
583
973
597
612
588
556
960
577
1030
561
603
568
580
1015
548
1243
557
607
865
979
1134
1106
1105
652
537
609
539
1160
597
567
615
517
1007
612
1131
520
563
561
627
1207
525
978
622
612
144638
556
518
493
585
491
518
489
513
477
514
539
1060
578
1021
518
506
487
498
625
488
542
488
526
650
665
569
503
548
494
504
931
502
495
480
522
487
526
488
535
486
591
492
1157
553
564
505
533
515
506
501
503
489
556
486
1106
527
530
553
494
523
495
504
572
540
647
549
969
530
694
746
785
944
993
1082
1191
1276
1371
1432
1544
1603
1724
1770
1902
1986
2047
2050
2087
2190
2219
2296
2375
2325
2393
2417
2409
2460
2488
2579
2622
2618
2712
2710
2810
2876
2913
2972
3008
3048
3139
3205
3199
3242
3103
2917
2801
2610
2516
1490
1363
1224
1118
1036
916
726
601
456
557
617
582
561
569
629
533
597
501
603
539
599
548
588
638
612
591
588
529
560
525
595
614
509
566
531
555
610
504
599
510
634
491
583
593
627
537
593
616
579
529
574
531
553
616
515
722
623
546
509
667
589
570
531
549
511
505
463
485
508
814
536
484
469
606
700
611
583
609
582
1137
582
557
546
587
1048
547
1301
623
569
563
558
695
590
564
592
562
1103
666
694
597
635
1122
748
648
574
550
519
593
1156
838
683
738
859
1502
727
1032
969
1030
1579
797
854
867
897
877
921
967
1194
1118
1064
975
884
865
1660
656
549
578
534
553
554
1333
613
566
555
557
849
873
947
798
842
1742
547
689
516
506
560
503
1202
548
541
500
510
1059
516
1017
573
586
483
542
1018
547
609
538
553
946
510
1012
538
510
496
522
1047
563
592
555
556
761
535
654
547
561
739
521
1001
535
538
534
521
1161
541
504
505
519
783
497
1294
519
509
541
503
997
558
516
610
599
1224
594
526
764
990
1828
557
916
555
546
545
523
1171
519
502
814
548
781
591
1164
636
530
537
499
972
557
510
559
754
1240
540
530
560
534
984
536
1068
507
548
515
527
1084
516
546
565
547
848
529
1177
564
530
565
636
1289
899
604
519
570
1100
551
577
564
544
755
526
1171
564
679
791
581
927
522
533
884
676
1295
968
1194
909
1089
2335
574
755
560
490
894
560
777
723
919
767
645
1259
1041
988
1022
1257
2452
968
1303
845
969
1151
1314
2514
875
1265
1121
793
682
639
1446
1036
753
917
953
664
673
683
829
866
985
910
1192
872
845
817
638
590
706
839
646
653
974
1085
973
780
676
577
579
720
875
783
923
792
1140
536
561
721
823
1128
638
1383
784
1041
708
640
853
601
608
659
659
763
616
1458
942
920
1279
896
1727
955
1038
1398
1290
1565
879
1836
916
1167
1456
991
2344
771
741
733
705
666
752
902
1055
1097
1691
1132
2593
1005
1073
1234
1219
1577
1276
1391
1176
1422
1669
1967
2184
2587
2964
3354
3604
3695
3053
3140
3387
3572
3709
3793
3902
3382
4003
3932
4179
4280
4017
3196
2452
2351
2132
2043
2075
1385
1049
901
862
1031
863
813
796
813
747
709
656
683
934
981
877
1177
888
838
905
1000
1092
997
932
1128
1285
1052
1040
1153
924
937
948
1138
1258
1488
1199
840
851
762
1258
1038
891
643
528
585
510
1317
530
569
582
593
1169
516
618
636
555
1305
552
827
586
509
621
584
1121
773
1628
632
529
657
534
646
655
679
990
1141
644
1024
1418
931
1033
1168
1385
1664
1547
1794
1993
2361
2374
2182
2117
1956
1866
1952
2164
2137
1956
1931
2153
2355
2562
2758
2592
2274
2005
861
854
869
668
1274
686
642
576
595
1128
566
801
579
526
815
586
641
581
1042
577
583
586
587
1035
540
1154
558
572
586
714
1391
626
633
675
629
986
565
946
590
533
628
579
1302
565
768
535
546
575
555
995
581
1225
570
589
544
547
1127
537
600
561
604
1103
572
964
611
554
585
553
978
577
961
570
573
558
673
856
560
1331
648
658
584
577
1055
618
606
599
533
1137
615
909
628
653
627
615
1072
685
1204
612
643
622
590
593
584
615
607
683
578
604
780
619
517
868
889
960
1078
1286
1205
1400
1648
1626
1588
1056
1010
1013
967
937
721
1274
546
587
540
573
1021
563
959
720
859
563
573
820
572
1200
536
575
557
538
1052
601
569
575
560
1016
544
784
508
