3243
3786
2846
2984
2419
2171
2148
1865
1781
1654
1605
2203
1374
1259
1171
1432
1000
1153
1729
1405
1707
2330
1670
1400
1800
1481
1610
1574
1020
1319
1366
1399
1238
1461
1025
980
1234
1515
1899
2238
2558
2788
3140
2548
2838
3026
3015
2907
1934
1435
1278
908
1537
1023
2918
1117
1177
1501
1184
1179
1307
1160
1300
1475
1671
1123
1530
1662
1226
1101
1128
2715
2101
4857
3775
2387
2627
1089
3253
3649
2250
2146
2855
1605
6137
1290
1417
1233
2053
1110
11385
1838
3216
3392
3477
11581
12056
9415
6076
3546
2832
2423
1971
1725
1576
12158
3054
2432
1508
1705
3259
1639
1316
2574
4307
3135
5282
9193
8392
8136
7686
7502
4327
2049
2790
2337
2043
2137
2397
1924
1963
2256
1173
1476
1226
1168
2492
2398
1210
1248
1525
1678
1525
2419
1527
1362
1172
1726
2314
1400
2613
2593
3268
2027
1516
1487
1629
2122
3003
1556
1243
1412
1605
1823
2113
2417
2614
2493
1833
2106
2384
6660
4961
1358
1546
1680
1275
1360
1404
2069
1545
1402
1216
1572
1442
2032
1413
1593
1292
1384
1537
1736
2238
2010
1335
1075
843
1087
996
953
1055
1723
764
702
673
652
1112
623
1257
673
808
1292
880
1600
690
656
620
660
1405
835
1012
672
648
908
650
1531
734
733
642
669
1426
1233
1187
906
708
1302
817
1422
734
637
655
679
1188
733
1835
737
689
653
682
1458
1360
1109
737
659
629
711
1314
702
655
718
635
1357
796
753
799
708
1417
694
1400
2052
1032
815
622
921
713
660
667
638
954
689
1517
688
706
655
653
921
719
700
720
687
1857
888
1166
1000
802
942
767
996
715
606
773
743
1337
809
880
729
657
827
683
1858
1294
938
686
768
802
683
727
744
729
775
704
773
745
745
1315
754
1099
765
721
886
866
1696
1266
1004
917
943
744
685
668
732
858
670
661
1498
806
740
749
784
973
712
745
1575
1139
752
919
1157
680
723
732
666
1063
888
755
718
646
1069
738
907
726
667
764
1330
1706
708
755
620
688
812
686
634
671
804
726
688
1117
611
607
620
717
1295
705
651
1132
1242
1583
686
593
676
608
1426
570
1245
980
1285
1897
592
1437
665
667
579
712
1806
986
995
864
691
600
764
1341
687
590
651
562
1375
582
643
628
730
1248
685
1252
640
919
1352
912
865
697
594
712
639
1207
674
1240
625
609
657
659
1414
681
756
705
752
1740
811
1946
733
729
693
714
656
688
684
863
657
655
654
682
674
651
906
648
1482
667
631
641
935
1672
807
642
623
647
736
603
1780
697
622
635
606
840
631
573
646
827
1528
756
1207
876
1363
1030
682
865
998
697
639
704
2716
1509
932
1106
1384
1467
1377
1329
1314
1283
2904
3232
1056
795
860
678
639
680
689
648
689
631
694
673
649
966
949
955
673
676
934
1359
1291
2393
1195
1295
1392
1630
2941
1861
764
1053
1255
1649
1833
3197
1245
668
757
991
1219
607
895
1220
1078
1255
929
1118
1147
1122
1397
1736
2293
1113
749
807
997
813
612
1004
1092
1126
1025
640
712
904
1565
733
1195
1522
921
2228
1021
1077
1169
962
1166
1120
2009
686
2752
664
668
2405
737
2497
658
711
922
617
2919
1251
1907
1447
1503
1360
1555
1765
1125
2574
1054
1356
1715
1199
1616
1465
1470
1295
1050
1307
1553
2014
1651
1672
1443
1468
1332
1004
1329
2217
1330
848
671
614
779
1985
904
951
1449
858
827
894
740
1004
1009
921
1073
2338
1176
1074
1102
1244
1249
1008
971
1089
1184
1553
1432
1763
1453
1756
1981
2509
2834
1878
1824
1537
1285
1529
1683
1857
1782
1730
1033
919
846
777
1394
663
640
584
609
1475
953
1769
1223
977
666
677
734
570
1279
703
706
628
713
1437
653
1072
644
577
728
628
1839
1352
1118
996
874
971
900
899
1277
1210
1370
1364
1261
1205
860
758
738
1699
1408
1952
1530
799
794
708
1164
881
1233
735
687
731
749
1214
675
899
796
1033
1284
829
725
708
1345
732
659
638
657
1195
704
750
761
732
1410
703
907
729
663
1002
952
1086
1232
2683
744
687
656
623
1235
726
713
726
795
1037
652
1155
704
618
653
631
1070
659
1131
654
634
705
632
1051
629
1308
688
623
619
671
1132
609
648
606
561
1496
615
814
568
724
722
591
1322
581
879
649
677
665
615
1055
748
1555
569
669
609
632
1386
669
822
608
596
606
560
1180
614
1109
596
690
559
622
1213
620
603
636
602
1086
697
941
604
652
617
672
1155
607
1024
543
606
625
644
1201
602
552
583
623
1201
589
656
639
563
1485
659
879
559
626
915
595
953
622
624
850
950
1045
619
554
615
541
1463
587
623
599
607
1123
916
1095
1273
1412
1419
770
665
590
601
1401
629
615
640
663
868
587
1265
628
611
715
661
1220
636
648
755
583
1089
625
590
597
616
1159
596
591
577
601
1173
630
1108
624
643
890
583
1501
1140
1096
1200
1438
2681
645
687
605
620
832
590
961
667
696
619
624
1032
609
1335
641
552
668
556
1162
585
613
570
656
1002
585
1302
596
604
681
623
1276
624
640
607
602
1359
631
589
644
704
895
623
1235
640
552
742
564
1062
615
607
620
623
1082
615
1143
608
579
818
685
1079
