3716
4287
3705
2992
1539
998
1379
860
1849
1269
1210
727
817
1233
517
506
1592
1490
979
1866
1377
529
499
467
465
568
486
495
525
485
995
451
519
488
483
1015
458
1485
1558
1546
1216
865
801
938
1140
1376
1664
1886
1452
1410
1373
773
1321
531
475
500
510
532
489
879
586
1522
1703
1575
1435
983
624
511
514
916
672
667
502
689
704
548
1027
519
931
436
516
617
715
2044
1726
999
785
832
881
781
765
697
719
629
705
765
637
711
780
769
778
757
772
889
1610
1730
1335
818
800
763
691
640
675
718
642
578
553
821
549
600
695
523
862
485
1112
479
832
861
748
1223
644
450
480
431
709
449
1132
497
452
441
542
910
470
467
454
492
845
480
993
470
463
466
488
1080
687
746
490
557
989
455
467
434
436
1044
523
727
459
438
477
482
944
486
483
449
494
1034
546
973
461
470
600
529
862
865
621
681
655
686
448
534
509
497
781
451
1098
512
483
471
467
841
487
498
461
443
893
486
1012
458
443
614
462
1133
485
459
476
440
867
467
565
493
472
889
469
905
484
469
553
478
991
470
456
445
441
1119
493
461
546
459
929
483
958
503
455
445
437
781
450
1075
490
454
481
476
989
481
506
447
449
971
478
620
473
426
528
510
852
506
621
477
466
470
486
619
530
463
427
502
961
460
931
530
536
490
530
974
472
682
464
476
632
534
726
830
1756
701
534
516
508
488
489
1036
585
474
481
429
881
452
495
515
744
1518
509
1016
495
467
550
446
1057
494
470
491
552
578
540
1206
501
468
449
507
812
490
734
490
527
662
576
737
507
433
518
436
989
499
696
470
493
520
452
1009
459
792
483
504
507
699
810
494
762
473
507
591
505
692
509
1001
464
497
458
503
895
525
962
506
435
488
759
1269
813
878
988
1194
1402
807
2061
627
454
494
492
749
445
837
485
541
525
486
878
509
1304
956
976
744
928
1789
490
1003
536
494
493
534
958
520
543
529
479
1227
517
646
500
440
947
522
1920
925
1872
1602
877
719
700
737
665
819
729
776
973
809
1111
794
997
769
921
1499
619
1657
574
2505
879
908
814
792
1564
889
1010
1188
861
2865
779
1056
740
885
991
860
805
849
612
597
545
554
574
769
548
583
551
573
664
854
823
756
572
570
583
547
537
544
520
537
574
551
785
536
541
566
531
621
537
863
575
518
515
510
754
492
991
476
552
725
559
969
462
508
452
496
1026
495
730
564
517
463
479
1073
497
775
618
877
676
779
997
970
1228
1050
1306
1403
1527
2286
1153
939
675
520
642
708
848
654
582
849
799
808
770
757
806
898
841
795
1003
1284
1788
1976
1575
1205
938
673
916
720
642
719
592
666
594
676
617
564
594
586
820
721
854
1397
1008
696
708
684
655
741
714
673
697
674
672
727
668
757
687
688
698
706
695
680
703
789
1343
954
724
721
716
661
671
691
694
683
689
637
660
752
695
688
691
705
926
699
684
687
735
1394
1082
764
716
669
664
729
685
667
689
687
670
700
643
656
706
689
666
721
633
673
704
764
1342
950
933
654
545
599
621
618
529
610
540
579
524
588
612
500
720
511
710
790
859
1011
968
933
1016
1128
1164
1475
1521
1011
1081
760
809
807
798
777
914
828
815
813
771
795
753
830
825
884
1010
1008
1142
1111
1017
737
726
725
687
655
708
655
660
675
661
650
735
820
891
851
950
992
1047
1291
1243
1414
1519
1222
1055
1195
1295
1320
1421
1483
1458
1542
1709
1830
1909
2049
2157
2234
2295
2280
2321
2359
2503
2714
2925
3034
2762
2434
2440
2498
2602
2655
3476
3620
3685
3784
2981
3046
3070
3160
3214
3209
3237
3362
3431
3496
3589
3302
3100
3032
3060
3168
2990
2675
2359
2096
1565
1285
981
744
787
775
748
800
833
836
858
1062
1007
1233
755
755
746
750
792
769
778
765
763
859
767
798
763
769
771
789
753
692
769
824
1059
1082
772
803
707
721
605
959
677
730
624
729
646
745
725
731
726
725
662
719
697
708
667
692
834
1327
1277
828
756
1040
871
917
1013
761
737
629
788
818
964
730
975
801
1042
761
686
1291
878
798
899
1272
869
703
837
758
811
830
916
870
1046
769
632
792
911
723
614
692
1182
1204
1095
1412
839
878
927
1101
1157
1106
943
797
791
992
999
984
1096
1083
1012
1103
1251
1336
1345
1051
885
988
822
803
849
833
826
850
937
1128
1139
1093
1077
1290
1085
1266
922
1122
839
1143
814
886
794
799
787
835
1068
767
1119
749
1055
833
1156
1420
853
1161
706
1037
856
1233
1404
1479
958
695
724
1662
1038
887
772
787
1640
1146
820
1016
833
771
841
1060
724
630
527
605
529
582
514
802
660
507
609
607
609
552
667
514
625
1776
1317
819
898
819
623
611
513
582
622
619
561
586
517
645
523
568
634
493
591
599
523
576
590
636
619
504
633
1711
1114
837
690
851
