4903
4821
5095
5364
5552
5619
5213
5079
4535
4641
4758
3193
3380
2989
3013
3226
1535
1897
758
622
594
610
1060
627
621
648
573
656
960
2020
749
664
611
590
624
547
617
679
776
932
939
1533
643
591
580
685
599
677
1690
1606
1059
1215
920
1899
831
921
1555
2075
1537
1885
1309
1072
1461
3760
1644
1231
1474
709
635
1020
978
1222
1467
1368
1322
1378
879
3621
1471
1125
781
747
1455
906
641
564
531
737
1173
1870
920
1207
1504
1543
3883
1193
748
655
722
657
646
704
1059
639
779
924
819
840
1050
1239
1455
1662
1719
2799
1284
922
1110
1378
2290
771
1470
644
572
577
578
620
547
602
591
562
1136
702
1344
1560
979
972
801
1965
613
798
1219
691
585
603
1056
565
552
586
612
1382
990
1212
1191
1270
841
937
1169
1408
1561
1591
1384
1496
1527
1743
1844
1777
1702
1127
1050
857
939
1034
644
1715
1475
684
703
562
575
625
1222
878
903
1030
1204
1389
1546
1714
1857
1726
1739
964
777
662
638
808
596
2023
682
583
648
755
1092
622
564
627
528
967
596
1047
591
565
524
773
1287
598
540
552
557
901
618
1737
1011
773
792
586
585
604
558
557
572
1086
618
973
614
665
1009
599
832
527
599
585
546
1253
760
972
1219
977
924
1002
1144
1061
1213
893
989
1202
1433
1453
1565
1734
1876
2068
2201
2229
2484
2652
2603
2294
1466
1599
1578
1653
1729
1900
1981
2126
2233
2318
2300
2136
2266
2401
2496
2665
2841
2704
2817
3044
3228
3091
2819
2306
1363
1227
1112
1063
1010
682
671
1120
1013
1038
706
808
608
801
887
1136
1428
1135
1698
1029
1317
773
541
624
595
552
591
615
1240
987
860
613
599
660
855
1180
618
632
636
872
962
1002
2331
1209
1146
1045
1027
854
754
1020
1021
857
651
599
786
814
662
646
621
821
597
599
650
989
2204
933
668
592
629
603
608
609
588
590
580
625
676
1077
872
921
855
971
987
715
761
950
1038
681
652
609
624
568
617
584
603
1102
627
576
617
579
631
628
814
729
759
834
780
852
952
1122
1084
1219
1281
1380
1454
1506
1605
1695
1781
1908
1972
2089
2196
2333
2445
2521
2654
2763
2755
2789
2724
2895
2811
2552
2104
1319
1225
614
644
616
597
1175
670
674
576
660
837
686
1208
637
599
630
676
568
623
671
649
678
1144
651
972
611
637
675
674
986
668
678
548
644
884
796
1071
627
652
638
514
1160
717
547
626
627
1189
684
559
630
747
808
619
1019
674
681
674
614
1152
666
578
649
662
843
555
1090
894
919
782
959
1233
612
775
596
565
627
651
893
625
933
613
596
613
601
1237
662
603
603
610
775
581
1109
955
890
906
1054
1218
1314
1519
1688
1945
2051
1954
2140
1791
1996
2188
2434
2368
2063
1959
1277
1146
1067
1018
964
616
560
760
642
1165
562
791
543
547
661
603
1044
637
830
545
617
902
929
992
1113
1285
1222
1438
1540
1704
2081
2088
2229
1092
1427
1689
1067
2293
923
942
922
1073
1270
1441
1645
1628
1826
1920
1799
1715
1094
1280
1174
832
773
723
805
578
1423
722
576
581
602
736
585
1034
580
521
547
545
1010
641
1129
951
739
594
690
1340
566
652
592
785
582
581
1355
573
920
568
567
529
565
1142
584
548
604
573
1227
788
913
1067
1146
1151
1299
1521
1515
1615
1059
961
646
604
537
592
555
553
575
1120
542
946
567
515
594
523
1294
611
561
729
948
879
572
1172
618
574
585
573
1005
572
1275
559
521
582
548
1040
632
551
637
533
1018
572
959
547
649
623
901
1257
639
1003
553
570
621
656
1129
588
558
652
515
1215
590
785
584
537
588
580
792
537
1796
954
938
757
888
1070
1277
1479
1445
1688
1861
1744
1652
1066
932
878
826
1100
574
736
579
577
622
583
1186
867
1383
603
655
585
603
1097
607
815
579
543
1355
888
774
573
547
559
849
1267
1070
1336
872
1268
1090
1247
953
1104
1319
935
894
1461
930
2495
668
700
536
592
659
851
2282
988
1042
840
870
991
1257
1403
1528
1731
1865
2015
1870
847
749
548
1117
973
718
2041
1110
1123
1067
1079
2174
788
1069
632
528
621
706
1263
602
751
894
984
1261
877
1801
913
1196
1483
1049
2344
964
1078
966
1095
2274
947
1174
825
714
1906
1288
1010
982
1023
1196
885
1174
923
1188
1342
1448
1030
945
988
1134
1361
1534
1703
1883
2188
2526
2532
2519
2155
1559
1248
1158
1065
1052
979
915
653
650
1232
605
600
562
613
1089
619
676
843
887
1030
562
1329
911
613
675
535
593
555
625
656
629
833
584
1275
618
604
552
843
1334
591
531
603
574
986
606
1534
588
540
586
565
759
567
539
621
577
1238
543
547
541
607
1115
572
929
575
543
594
682
790
583
1111
686
652
577
587
1038
612
567
578
538
1081
550
870
544
659
577
618
949
549
1291
943
1024
1221
1151
1318
1240
1088
1201
1006
1116
1230
1043
1128
1166
1129
1035
1005
1152
1322
1509
1697
1885
1634
1560
871
790
710
667
926
699
589
567
572
774
566
1325
591
661
621
568
610
564
573
668
610
796
590
1018
569
604
573
602
791
537
626
595
