5536
5724
5954
5928
5725
5718
5576
5718
5737
4213
3914
2538
2308
2184
1895
2108
655
625
889
668
2642
1512
2711
1282
1032
1124
1213
1565
1049
1848
727
589
606
594
1117
688
2472
1575
1870
1108
617
617
745
900
625
594
598
595
1211
678
604
618
549
861
656
1842
1888
1850
1087
1015
2150
964
1468
900
866
679
587
829
620
1388
2645
2550
2621
1522
1446
666
637
626
649
962
629
1212
633
625
572
589
1121
653
1004
1106
979
932
1111
837
593
802
650
568
584
647
1179
660
1106
593
612
584
561
1141
557
1276
977
1182
1536
1030
2226
627
610
620
980
1698
582
1125
587
596
625
583
988
576
1069
1281
664
575
581
1036
639
977
665
595
640
541
1093
602
1096
589
510
595
536
1072
581
1233
600
582
595
662
1072
608
579
568
565
1032
573
1217
534
578
570
606
1161
663
855
557
574
594
550
1068
553
1224
682
530
602
572
1118
574
626
523
578
1091
581
1254
576
564
627
572
974
546
994
507
759
633
564
1027
598
573
601
590
859
697
905
615
546
596
588
975
1766
2140
773
729
694
1050
859
811
592
1267
542
655
537
598
1290
566
574
647
512
1164
522
583
637
554
1107
578
552
601
828
1332
539
1047
548
574
789
514
1410
529
585
677
583
1507
632
561
669
531
1282
597
590
618
566
1393
546
673
697
538
1223
592
541
559
557
1299
517
1019
582
533
580
517
1137
557
1251
616
833
750
581
1187
588
612
609
609
1467
599
572
646
605
1405
584
1096
568
635
575
720
1321
590
670
612
560
1213
570
1181
595
578
835
557
1233
700
549
628
606
1352
570
570
647
589
1290
600
1356
744
685
648
687
637
592
649
634
657
1140
670
539
654
552
786
677
1267
657
732
550
621
657
653
745
615
656
1005
678
1062
649
573
628
654
852
651
676
652
653
1070
626
616
669
543
824
601
785
650
693
647
731
1005
640
527
608
579
826
628
925
583
605
609
600
822
586
593
579
596
994
587
1180
631
585
567
656
1044
541
1092
642
567
618
566
1081
542
556
629
655
1193
565
1158
543
543
970
1282
1267
1042
1071
985
673
595
610
584
582
617
784
628
1336
816
755
700
718
664
821
896
1133
1185
1062
1376
1164
1103
1390
1023
1434
838
946
927
1049
1279
1448
1699
1856
2086
2289
2472
2749
3044
3186
3339
3515
3504
3588
3743
3928
3811
3952
3663
3631
3461
3213
3103
2533
2403
2299
2133
1945
1401
1348
1197
1096
1148
573
656
610
610
1150
578
752
663
589
579
552
1063
555
1004
549
648
678
880
1052
581
574
622
652
937
629
1085
566
618
981
995
1154
631
652
926
683
1156
546
889
606
526
750
616
1186
833
602
600
658
1440
639
1134
778
940
1074
1221
1372
1505
1709
1851
1777
1515
946
851
634
641
786
638
1344
562
502
642
570
1131
632
522
610
599
1157
584
1370
643
535
658
610
1356
564
637
634
584
1146
877
1325
615
616
619
496
1279
574
563
634
634
1112
608
1131
592
583
805
632
1155
577
593
633
522
1356
583
609
664
588
1392
567
1141
651
510
621
565
1449
793
847
933
1056
1119
1232
1356
1422
1578
1664
1760
1842
1921
1890
1722
1543
1323
1179
1053
981
878
1172
606
798
625
599
738
639
1130
570
544
621
597
1429
576
949
629
549
706
646
1199
580
569
551
562
1389
573
1086
714
597
597
600
1405
572
1531
615
567
602
589
1342
614
508
668
594
1226
603
1091
567
573
722
569
1311
628
584
605
572
1005
652
1379
599
598
583
811
1902
563
641
652
587
910
561
1174
862
1023
1210
887
1939
602
551
561
559
983
733
878
876
964
1042
1157
1258
1243
1382
1459
1534
1608
1750
1843
1966
2095
2153
2249
2334
2212
2317
2495
2621
2738
2814
2744
2806
2897
2991
3213
3403
3435
3621
3856
3764
3665
3402
3244
3109
2971
2872
2163
2060
1972
1947
1893
1304
1142
881
724
607
596
967
585
574
597
563
755
575
907
571
576
544
635
804
620
559
553
579
899
550
1314
899
1068
1076
1285
1291
1148
1348
1518
1401
1388
1429
1433
865
713
988
960
970
828
699
1011
1039
1247
1021
1543
626
594
560
686
1304
633
629
930
949
891
879
694
748
815
1202
761
1594
878
852
780
853
1121
611
638
772
1028
1844
670
1292
1033
864
979
1072
868
766
836
952
1006
1110
1188
1080
1143
1179
1242
1158
1183
1276
1800
622
596
902
673
1886
602
2299
593
657
1899
683
2105
927
932
910
955
928
1000
937
874
967
1058
1190
1221
1337
1419
1016
1030
1159
906
1044
789
737
739
709
766
774
818
801
875
1291
1207
1092
786
681
846
872
1594
1260
1084
1421
1108
1078
831
834
809
2137
1045
1321
1227
1295
772
699
1467
607
579
540
533
830
792
1736
561
591
552
779
1453
690
1974
1177
650
598
563
558
542
531
545
538
1143
524
924
555
569
580
584
1037
583
1238
1368
865
806
926
1137
1112
623
552
588
543
545
835
629
1067
1420
528
557
623
551
529
603
531
566
805
1277
936
1010
1309
878
637
661
774
545
537
546
607
509
1376
533
710
563
611
641
585
1170
