3702
3944
3035
2918
2760
2518
2153
2095
1758
1461
1679
1969
2266
2513
2619
3019
2984
3227
3303
3212
2734
2235
2156
1438
971
1170
1095
1048
1107
1186
1680
2191
2215
2708
1818
1193
766
649
716
896
597
944
669
666
779
633
1295
664
1434
1675
2691
2487
1317
1416
1671
2193
2259
1538
2154
1034
1297
2121
2858
2905
1065
1085
1203
1071
995
1196
1431
1594
1780
1918
2212
2675
2781
2075
1845
1934
1732
1691
1479
1371
1617
1683
1656
1905
2102
2310
2541
2750
2998
3260
3486
3870
3650
2489
1772
3433
1138
1411
1694
2061
2900
1069
1385
1785
1410
2214
2114
1348
2049
1653
2556
2096
4146
2524
2018
1582
1747
1244
1381
1126
1311
2279
2789
2342
1675
831
618
709
705
1483
709
682
578
693
1362
759
1891
1005
1095
1330
1543
2966
916
807
697
780
640
726
1506
664
642
662
754
1066
898
669
657
600
615
567
1536
820
1177
1397
1114
1633
657
594
633
581
1069
600
1309
920
678
566
613
978
601
594
589
626
1213
1252
1246
759
601
1195
610
662
665
628
722
631
1391
737
622
584
621
1305
674
772
861
653
1383
1173
709
609
798
573
644
805
936
792
634
1351
611
579
584
615
1083
587
604
902
699
912
1012
2009
691
594
616
621
810
740
662
675
1126
1930
632
1456
1208
1374
1368
1444
2547
1206
2015
637
806
800
741
810
591
629
614
596
1529
591
693
613
834
686
597
1258
1406
2045
1204
1355
1049
748
1201
632
1161
621
702
631
617
1182
620
1079
1160
1518
1802
1634
2694
757
1246
800
999
1307
1645
2538
601
600
623
595
1282
1041
1662
618
604
964
1219
1593
1025
1680
642
668
584
545
1031
595
1044
613
631
601
610
1212
637
1099
573
550
894
1243
1881
970
1125
1317
1515
1800
2082
2401
2102
2408
2465
2769
2758
2652
2788
2175
2236
2250
2158
1911
1265
640
620
653
653
650
856
614
1830
1289
993
1167
749
905
658
713
639
692
1742
985
754
673
605
640
638
1491
716
630
688
627
1110
649
898
657
657
835
672
855
740
1544
1398
1529
974
1055
1251
923
1107
1065
865
1026
955
1485
775
737
1061
1001
1241
1408
1838
1013
1055
947
1027
1083
1028
1067
929
842
1125
1115
1076
1160
882
1321
1157
1150
1395
1689
2080
2451
2733
1882
2149
1044
2366
686
614
593
579
1358
634
905
1297
1541
2489
655
571
594
665
618
632
1259
718
1165
664
644
597
630
1335
641
580
629
616
1689
1158
673
621
688
606
597
1169
571
1054
668
588
597
583
1062
604
1536
654
594
642
918
1341
1208
1120
917
586
1228
571
1217
654
621
657
607
1091
594
1050
624
561
670
572
1135
599
1367
1153
1309
1388
1047
2330
677
604
544
605
1169
648
1329
675
639
592
526
1164
604
1315
722
1134
1149
1072
1972
627
570
586
559
1005
631
547
591
729
1751
630
534
632
582
1282
543
598
556
959
1819
659
970
581
591
624
557
1281
602
775
905
639
1312
595
696
623
740
1161
640
1134
963
1253
1857
798
628
640
549
672
617
1297
934
631
658
626
1243
649
591
567
632
1227
613
1110
626
960
1195
1069
1047
1179
1386
1531
1659
1863
1760
1657
965
868
780
702
803
638
683
638
633
638
646
1295
616
987
1061
897
848
625
564
656
594
1278
586
553
616
563
1029
592
990
622
638
682
551
853
582
1248
614
926
1170
1094
1598
649
641
1080
1020
1732
951
636
627
617
617
767
1383
822
1080
1040
1012
1335
1439
1480
774
984
1045
708
615
905
1324
744
881
870
1021
2734
1270
1519
1398
1117
935
739
979
960
703
740
1000
912
945
705
612
610
725
958
908
841
1413
1300
1193
813
875
1006
866
693
883
1034
1001
882
887
894
855
914
900
957
912
1002
1127
931
1124
898
890
871
862
877
876
882
844
878
862
858
940
946
886
910
1094
1290
983
947
943
1011
1255
1607
2343
2628
1201
786
619
611
602
643
562
625
823
661
805
614
622
757
1249
819
835
745
658
925
1634
790
977
686
750
800
668
778
569
1361
624
680
598
655
2216
1051
1102
1126
1246
1496
1634
1843
2056
2326
2466
2558
2529
2291
2208
1633
1588
1430
1346
1328
674
600
1293
1200
817
655
1250
727
629
1035
1049
1421
1263
2442
947
956
998
1042
1021
1217
1135
1119
975
2120
634
1639
1113
760
1044
1340
1915
772
1147
1071
825
1840
1066
1161
840
613
704
542
1286
584
686
654
645
1111
588
595
602
588
1426
606
1120
644
567
929
1147
1350
970
1214
907
1217
2677
1094
1242
1453
1622
2863
606
744
657
1334
1196
1279
2460
622
649
577
583
1016
594
1211
575
814
687
560
1130
656
613
654
605
1583
1687
962
625
626
569
612
705
625
581
790
607
846
559
1408
553
611
551
690
1063
608
626
673
875
1408
587
1397
563
615
864
595
1229
687
659
636
599
1035
573
1363
684
598
710
649
1174
649
622
793
637
805
623
1478
680
634
723
674
1241
573
630
673
575
1686
601
1351
585
678
606
576
1243
635
635
616
640
1750
1013
1152
1277
1594
1778
2101
2279
1567
1907
1174
1274
2412
569
1045
850
739
1220
608
1168
698
652
633
665
956
646
1093
617
712
627
658
945
587
645
698
597
1521
615
1134
600
