3733
4609
4194
3870
3522
2629
2722
2735
2165
2276
2330
1913
1709
1564
1373
1372
1881
1480
1384
1365
1105
999
1703
1328
898
840
819
827
726
723
1254
1632
1494
1554
1374
1051
854
888
813
1700
1716
1480
1390
1395
1313
1617
1147
964
875
946
1044
1166
1194
1322
1328
1706
1435
1628
1240
1049
820
802
727
644
662
637
751
674
628
654
641
690
706
1000
1056
777
715
703
674
682
674
691
1194
673
1193
703
770
649
679
1078
707
1292
691
645
906
1066
1291
1034
1520
1553
1909
2377
2671
3090
2882
3014
3242
3194
3291
3255
3118
2782
2465
2148
1616
1275
1228
802
1233
917
949
1222
842
1136
1154
1226
1365
1337
1098
1123
1173
1229
1402
1468
1309
973
1384
1090
1135
1390
1709
2027
2285
2437
2474
2750
2719
2565
2778
2835
2577
2917
2602
2014
1791
2019
1515
1126
1471
1333
950
1197
870
904
2103
814
1257
1325
1176
1063
885
1302
1354
1043
860
788
834
815
759
1307
1089
2074
1348
1324
1568
1060
1520
1139
1956
1064
1341
959
1016
2215
1091
2332
1231
1169
1064
1439
2818
1019
1229
1328
1638
2806
1028
1529
1055
1103
1125
1221
1389
1021
1661
1109
1313
1448
1445
2478
975
884
948
877
1318
669
2600
1008
908
854
826
1101
766
1682
918
1045
885
898
803
896
750
743
679
692
923
1331
794
712
668
654
1404
720
932
740
694
647
692
1023
656
1351
701
684
682
714
1559
915
838
887
913
848
787
842
1035
715
686
642
681
648
676
725
678
752
692
1264
721
1298
1029
1222
1457
1097
2588
1144
951
1011
1047
1279
1428
1323
1056
800
773
758
904
950
1399
1086
1188
1446
1307
978
814
1230
882
823
806
771
1356
1040
1001
1178
887
1046
679
1609
688
737
1461
1153
1750
1170
2070
1361
1606
2203
1050
2631
1344
1031
1123
1090
1436
1130
1722
1818
1652
2021
1960
2083
1848
1700
1837
1175
1305
1329
1311
1437
1458
1523
1377
1200
1854
1620
1514
1424
1514
1683
1761
1526
1319
1310
1172
1195
1182
1240
2511
1311
1152
1167
1067
1139
1087
1136
1407
974
932
832
1018
964
1085
904
2169
2263
1449
1185
1199
1291
909
942
1389
909
1182
947
934
910
909
1862
1226
1261
1437
927
897
835
802
779
774
788
791
790
790
762
883
845
762
827
876
1111
1245
998
1005
882
862
840
826
778
714
794
769
707
934
855
792
661
741
799
691
746
824
1637
1698
1811
1164
1137
1295
1482
1357
1264
1340
1613
1444
1684
2098
1466
1767
1843
1676
1737
1746
1802
1317
1381
1155
1991
1754
1855
1593
2126
1529
1526
1273
1178
1422
1315
1264
1841
1684
1543
1609
897
1206
1066
1208
1256
1354
1503
1492
1319
1162
1077
1920
1315
1279
1174
1282
1366
1736
1128
1362
1424
1119
1302
1257
2075
1763
1150
1347
1333
1094
1216
1094
1083
864
1227
859
850
739
737
735
727
716
1020
1025
1123
1036
923
793
781
715
708
735
889
1015
997
894
825
764
814
742
755
691
717
746
1229
967
764
845
965
1194
1903
1188
1279
799
903
1213
826
949
1067
871
1621
1186
1425
910
1045
1206
1400
1086
856
869
995
1136
830
857
874
997
1046
1199
1389
1362
1136
965
1142
1195
907
823
883
1216
927
839
876
804
738
963
1157
945
1641
1394
968
879
897
2596
1042
1327
1433
1013
1093
1305
1152
1039
833
1759
1174
959
1231
812
1013
914
1217
892
1180
969
809
1257
890
946
1218
1635
1314
1118
1252
1285
1394
1526
1318
1350
1303
1328
1287
1232
1306
1362
1687
1079
1302
829
752
1155
836
1007
1525
1369
996
1025
1193
1170
1153
1306
1532
1847
2155
2275
1677
1535
1672
1864
2157
2427
2674
2874
3069
3343
3604
3840
4117
4320
4520
4897
3826
3874
1853
868
870
800
746
717
702
734
650
708
698
711
722
708
710
728
889
951
1162
768
711
2119
1028
1365
972
1140
1928
1076
1732
998
876
801
735
752
950
1098
939
1412
2969
939
1091
766
746
684
758
856
737
1054
723
861
700
858
711
793
723
976
1140
2259
1010
831
782
749
757
759
724
798
750
863
780
1589
811
1331
673
763
737
834
1034
705
755
729
679
729
693
780
813
705
686
690
1151
819
868
720
744
778
735
696
689
666
705
1013
959
765
765
1022
847
869
958
1213
780
700
718
692
739
678
708
683
1487
1110
919
1305
1209
900
1099
738
959
725
1161
1173
941
1231
976
864
1032
1254
1273
736
971
869
1246
967
980
806
1195
773
988
755
953
695
1132
765
676
693
738
736
693
682
710
657
654
816
891
716
724
702
949
682
846
695
752
680
667
678
642
637
729
663
673
643
666
679
689
719
694
739
695
638
698
710
709
713
638
676
699
672
671
700
739
646
668
824
726
668
652
683
665
731
716
690
685
677
653
638
686
690
1257
964
833
756
685
710
761
652
1063
679
743
901
741
697
609
661
625
643
630
624
736
691
905
1197
570
764
713
706
659
688
739
744
1191
885
838
1440
747
1053
1401
899
887
705
745
829
697
687
730
1332
744
695
718
1936
718
723
773
734
707
775
685
709
736
711
694
658
711
666
690
681
708
683
721
702
691
723
700
699
666
667
789
687
705
695
687
802
804
870
698
703
710
669
751
706
1123
702
677
684
702
867
723
