3850
3952
3806
3043
2864
2723
1906
2302
673
715
961
685
2497
656
2767
1165
1215
1433
993
1709
1085
1169
1296
1409
1536
1982
2240
1824
2001
640
643
731
625
813
589
654
711
1356
2305
1089
1015
1203
1108
736
601
1437
634
983
613
595
666
660
1407
698
2982
1362
1273
1526
1590
1742
750
1389
1138
1032
664
880
934
850
764
852
668
2258
1353
1021
870
1088
1352
1474
1739
1899
2632
1075
764
1402
697
2178
1910
1872
1763
1140
1239
1363
2591
1143
1341
1491
1227
1885
1330
1768
1054
712
649
626
627
602
1255
741
787
725
618
1177
610
625
975
704
1327
630
2094
1041
1121
1280
1428
1657
1921
2129
2329
2534
2675
2814
2771
2360
2281
1555
1385
1197
1110
974
740
672
1286
1088
1295
640
1399
697
798
1030
660
1131
690
1120
799
1152
1569
1048
2395
993
1124
871
692
1386
706
649
639
677
863
712
1385
698
700
673
619
1126
627
589
726
594
1274
922
1221
801
734
1276
676
639
622
630
1181
610
1577
658
633
718
583
1602
647
635
718
585
1645
1252
802
656
659
1119
578
583
723
590
1621
855
674
607
555
1263
693
1401
659
626
834
1131
2396
862
684
652
590
828
669
1533
593
609
661
908
1598
651
697
656
604
876
605
1592
1034
1512
815
635
625
667
646
684
629
1521
627
809
659
582
1218
666
1081
632
637
716
627
1090
933
2095
656
729
716
610
870
607
599
818
638
1206
635
1356
640
549
766
656
1406
627
657
654
621
2086
824
623
734
673
1399
624
914
860
985
1238
1475
1629
1676
1906
2074
2275
2417
2313
2470
2768
2726
2929
2170
1599
1020
879
920
873
1164
643
592
625
605
1447
651
870
592
598
781
610
1129
639
633
692
1257
1507
778
863
599
634
924
614
1531
635
651
653
605
1284
624
557
659
646
1297
828
876
1341
880
939
979
1084
1298
1489
1639
1816
2009
1809
1748
1138
1071
992
1143
1163
674
596
620
633
1307
732
1241
1243
745
697
549
1416
629
570
612
616
1342
602
618
657
614
1308
632
581
600
630
1325
745
1911
859
671
630
626
846
565
629
773
627
872
615
1337
616
600
717
564
1253
637
613
694
949
1939
1045
792
654
623
855
661
1048
550
635
667
584
1312
562
607
637
648
1274
589
1097
593
1027
1996
712
649
696
650
616
927
665
649
1026
661
655
629
647
664
628
703
625
627
761
645
1252
1101
1011
826
670
1363
688
630
655
676
630
685
712
626
655
649
619
1121
694
657
716
927
1081
993
888
695
667
640
655
652
641
679
654
638
706
709
1642
1018
1479
1778
992
2647
1030
1061
1206
1539
2519
640
580
621
598
1152
587
1305
1069
951
661
593
789
618
641
1392
989
1333
651
560
673
594
1448
656
844
592
646
639
652
1114
571
650
549
639
1226
603
1159
1270
740
623
635
1553
1021
1393
987
1317
2029
590
1078
599
603
667
596
893
672
1711
1182
962
1206
1393
2600
577
635
560
980
1093
1038
2128
1089
1279
1653
1563
3164
706
632
686
586
683
636
1128
639
729
603
642
1315
642
596
596
591
1195
614
848
612
790
1188
1228
864
685
1096
619
625
659
659
799
675
623
649
669
940
616
1022
642
650
623
652
656
595
1354
1006
663
673
623
1157
611
812
1044
1285
1943
750
639
621
717
678
644
1248
615
638
1088
1152
1048
943
681
651
620
735
638
665
671
624
668
635
1206
616
697
641
617
996
710
922
1062
1685
1176
814
901
1041
1308
1600
1692
2850
776
792
715
713
793
674
606
650
635
1625
1379
664
1066
735
874
785
1458
869
1324
1093
896
823
772
981
958
1036
1774
1047
977
1086
950
1015
839
1081
1221
1273
1167
1384
1572
1392
1521
1768
1877
1916
1492
1882
1319
1137
1144
1203
1842
968
1022
972
858
1047
1169
1458
1158
749
783
1318
2214
1149
669
556
853
1011
867
683
867
983
1007
917
843
864
935
1037
982
1292
1246
954
936
918
825
1035
1183
719
621
619
649
665
676
616
937
666
2543
1395
1305
1011
948
924
916
957
856
861
818
872
1134
1012
992
973
893
859
1024
982
1965
1377
1103
916
1036
1225
1295
1278
1502
1655
1905
2090
2392
2596
2832
3068
3193
3681
3782
3789
3722
3526
2538
1966
1802
1646
1583
1531
885
758
709
640
1309
667
673
678
630
1130
868
753
930
1050
1689
1078
1039
683
723
656
654
889
631
1327
653
703
617
608
1546
862
714
651
578
881
1214
1398
965
771
662
690
1211
626
1139
618
659
887
652
1128
638
707
1080
996
1115
1340
1726
1892
1872
1836
1575
1687
1732
1749
978
819
768
679
1200
629
654
609
976
1376
669
1335
669
770
1405
860
842
822
967
689
802
779
818
1286
1237
1122
1122
1308
1104
699
693
883
2042
1273
767
711
676
634
663
613
615
599
829
564
1341
682
641
603
616
1219
640
856
590
657
1253
1002
656
640
1136
626
610
659
571
1269
580
1214
682
555
634
578
1137
637
573
610
664
1166
942
997
626
622
603
623
1299
612
893
663
635
620
617
1181
676
1330
662
672
660
753
1249
733
638
767
712
1210
681
1635
658
653
619
861
1193
654
1120
652
670
667
678
1290
