3129
3050
2618
2381
949
1002
1052
1285
1088
1243
1319
1110
810
757
1251
1438
1604
1311
1095
1197
732
830
1004
1031
992
785
720
1686
1637
2237
1249
910
760
755
700
695
691
685
663
684
713
711
837
865
810
806
1050
1645
1661
1232
965
1124
928
1100
2362
802
1005
1246
914
991
1139
2460
2425
1352
876
788
749
738
745
717
743
678
662
731
651
622
782
992
1148
1394
1689
1072
1021
1547
818
1191
654
808
725
648
825
706
630
697
646
908
629
1296
711
698
669
698
722
806
713
654
668
698
671
1088
681
755
686
681
913
669
781
876
716
702
654
795
699
659
682
748
734
662
657
709
620
1283
712
716
828
695
845
729
863
1024
876
736
824
716
927
784
840
697
847
739
1021
1153
1213
1347
1401
1601
1530
1827
854
896
1912
820
747
842
687
856
714
763
792
872
1022
1184
1772
868
776
855
712
858
746
814
785
707
761
926
1200
1420
1630
2048
864
2102
622
710
807
604
750
973
1234
787
799
794
997
820
774
795
826
806
814
803
788
791
828
771
706
790
816
761
805
807
870
807
854
807
792
769
806
750
764
1025
773
782
787
825
821
788
760
806
799
1110
1029
1072
1043
810
990
870
869
802
804
785
783
774
799
807
957
845
803
824
794
904
802
817
792
779
777
785
805
895
780
772
778
788
764
749
754
757
737
768
715
773
819
764
771
761
747
743
759
784
807
953
788
741
750
767
728
813
805
764
736
802
761
929
782
789
731
774
764
771
735
786
750
766
748
727
879
823
785
766
762
752
745
763
810
742
862
735
738
949
793
766
728
749
760
716
760
777
788
748
801
746
773
727
719
755
826
810
781
740
775
733
733
782
732
782
719
770
743
786
804
723
765
753
766
783
766
756
798
749
748
809
736
761
783
727
730
762
738
742
755
745
735
795
774
725
788
779
847
809
893
1267
1054
903
966
1010
1278
1307
808
791
746
799
917
956
974
996
1040
1091
952
1134
1121
1692
1138
1093
1421
1363
1226
1119
904
911
1098
763
740
763
739
737
768
773
755
799
748
762
726
719
793
821
773
759
737
767
753
734
752
868
756
770
720
760
727
791
744
744
745
818
736
755
844
773
814
750
739
748
734
728
727
720
715
678
754
748
756
687
819
756
713
695
659
726
686
783
742
732
705
743
775
707
711
724
781
740
696
788
740
746
769
704
728
715
737
745
714
756
715
735
798
768
743
732
716
824
888
801
811
778
771
819
674
755
799
796
749
761
768
767
635
747
764
782
779
822
749
750
794
768
756
831
764
760
915
857
939
875
827
787
748
730
667
756
698
800
781
758
763
856
666
769
772
788
755
823
714
751
743
731
723
738
723
710
810
707
758
717
730
705
707
703
720
761
757
750
944
1114
1102
780
719
743
687
710
722
775
711
706
679
741
760
705
697
737
725
691
699
1258
1014
717
744
696
701
701
728
757
693
669
682
673
730
757
709
650
678
669
661
685
639
626
732
752
765
744
585
575
655
610
647
593
559
620
633
600
535
634
588
570
681
599
592
542
652
576
690
601
579
634
613
635
673
617
644
611
542
651
596
620
632
931
744
1031
928
686
658
770
663
670
557
628
641
656
629
646
773
793
627
568
606
617
671
664
700
713
637
623
628
655
638
646
678
703
694
703
708
697
704
833
727
708
696
682
710
718
739
628
611
606
609
619
605
681
595
609
643
644
629
600
575
667
611
616
607
616
657
633
639
659
703
623
629
675
672
629
710
981
702
664
628
612
646
631
620
658
748
666
656
646
657
637
841
758
830
939
874
1152
972
764
614
678
593
670
830
798
670
705
673
705
919
1093
949
1109
1183
1347
1342
1484
1676
1704
1710
1766
1957
2180
2370
2304
2206
2312
2145
1561
1067
868
1038
997
979
891
918
1134
989
922
953
1302
1408
1275
1058
905
897
902
1185
953
968
1197
928
905
903
964
1136
879
1086
1069
1165
1183
1064
1038
1319
993
1448
1419
1397
1422
1461
986
1324
1468
1183
1146
1353
1112
1360
974
961
1010
1012
948
1089
1327
1355
1192
1342
1426
1231
1205
1131
1363
1398
1383
1469
1108
1095
1102
1017
1104
1267
1553
1410
1145
1040
1133
1221
1299
1368
1418
1441
1522
1657
1850
1950
1283
1039
1113
1389
1331
1154
1251
1180
1406
1087
1167
1801
1558
1710
1872
3449
2690
2130
1539
1334
1418
1216
811
831
898
914
962
1148
615
777
868
702
831
1459
1165
962
995
858
765
710
740
707
713
743
776
721
757
711
720
793
800
756
731
702
682
1141
1582
1081
1071
821
739
807
725
703
754
681
698
746
704
718
706
704
732
729
657
709
739
918
1442
1163
1248
870
754
745
767
752
731
781
753
739
725
724
740
702
687
730
661
694
691
807
1229
1223
1038
913
1269
841
729
687
720
704
724
720
700
722
719
737
711
738
699
665
684
787
1432
1522
1282
