4674
5050
4650
4451
3165
3388
2093
1365
1101
765
805
949
1496
774
756
1363
1388
931
834
857
868
982
800
753
745
815
851
1292
1198
1655
1342
1340
1572
2525
1113
1120
1341
1109
1858
715
1118
701
683
598
730
1511
713
661
605
1077
1735
1359
1632
1682
1173
1267
1570
1345
1395
2427
963
1543
1308
867
738
1071
2073
740
1202
681
687
597
642
910
991
1731
925
675
628
644
1228
1134
2219
660
640
596
682
923
662
757
693
643
1407
1194
2094
1166
1316
1602
1704
2942
1139
2060
796
666
716
705
690
681
1636
754
679
631
648
828
649
1616
640
630
608
611
872
630
1374
687
676
628
603
1180
651
951
614
615
651
646
1177
665
1338
706
686
671
636
1397
629
931
635
588
639
623
1382
725
1056
665
658
617
633
1626
650
843
631
622
657
639
1486
658
942
671
636
657
645
1414
647
1061
672
641
663
721
1375
775
1044
636
705
684
653
954
626
1158
643
1440
702
611
597
609
1165
617
636
704
608
1084
644
2799
819
878
807
658
3077
663
2132
686
649
848
729
2031
1055
1305
1219
1525
1801
2094
2444
2169
2495
2353
2624
2840
3079
3140
2611
2505
2121
2077
2032
1803
1419
1125
1012
949
996
937
794
775
744
725
762
632
1184
764
823
587
602
596
663
1363
604
994
619
584
622
624
1056
593
1187
636
599
615
622
1535
632
1175
581
603
574
605
1158
629
1334
594
578
596
627
1064
577
1121
608
594
697
597
1499
639
637
582
625
1139
682
1039
585
601
546
577
1293
654
1090
662
587
593
620
1316
632
1281
919
922
683
639
672
626
1254
685
669
752
720
1134
614
644
630
591
1275
598
610
599
583
1341
1134
745
1066
786
945
628
1449
645
641
579
599
889
615
739
898
647
1230
711
748
960
966
708
621
1422
648
574
770
991
1674
894
686
592
706
831
633
834
748
936
853
990
1179
1127
1282
1059
903
1087
1148
1623
1031
1124
1305
1505
1778
2021
2089
1877
1379
1378
749
1908
700
609
849
770
1761
1061
663
633
653
939
670
1500
685
613
719
635
1081
669
655
639
633
1375
725
888
632
628
1142
667
800
715
1148
679
665
693
663
1125
876
1155
685
678
781
635
1100
655
620
649
627
1135
862
872
665
633
711
611
1506
633
794
649
590
1323
640
1402
1047
1294
1568
1495
1589
1523
1951
1075
1209
1116
1153
1123
1465
1341
1165
1118
745
906
1063
1404
2017
2397
1903
3065
1019
785
839
644
750
634
1374
639
596
718
605
1323
636
653
613
721
1132
621
1244
629
653
625
654
1412
714
691
695
655
1211
616
1367
629
645
601
638
1160
613
625
630
607
1396
730
691
644
787
1226
657
978
630
648
1040
754
910
653
606
715
627
1336
648
1072
642
643
609
633
1929
655
645
621
658
881
614
1444
678
601
620
596
1381
1063
1363
745
953
2346
635
772
597
616
765
623
1151
623
687
666
639
1145
592
1377
666
669
620
638
1587
705
824
611
656
596
571
1424
606
601
585
603
1180
596
1136
665
578
600
617
1105
610
1349
583
605
589
619
1368
1082
1265
986
676
1360
790
1349
622
851
638
584
1323
730
636
846
989
2404
719
810
603
617
681
897
1595
959
924
992
1241
1504
1580
1452
691
575
730
959
1017
623
791
863
1223
1166
868
1018
789
985
678
652
636
657
644
625
825
1507
943
812
943
1097
1281
1386
1545
1749
1889
1718
1619
1755
1821
1857
1901
1981
2042
2218
2357
2452
2606
2578
2625
2664
2501
2634
2886
2876
2546
1956
1614
1484
1405
1285
1239
1531
1410
791
707
692
1013
990
1002
1316
1344
864
998
1361
1480
1293
863
1051
1023
1115
932
768
1490
907
970
824
1318
1218
992
698
634
608
1217
1299
1256
1060
1120
928
1266
1743
2029
1874
902
953
737
758
971
832
669
676
904
2018
1128
1761
1187
1100
1466
1031
2331
1085
1072
1052
1296
2536
1241
1227
1220
1231
1086
1635
3080
1425
1216
1163
1188
1114
1291
1461
1530
1710
1978
1856
1685
1919
2233
2553
2848
3029
3355
3692
3968
4000
4297
4604
4918
5346
5220
5052
5365
5197
3974
4266
3833
3188
2377
1545
1148
1089
987
879
601
1604
722
632
642
616
817
804
1084
779
658
1468
692
1166
686
925
1240
658
1312
694
685
636
627
1142
659
1120
712
678
1018
656
861
654
1460
646
653
720
655
1143
638
668
724
663
974
670
1375
668
627
681
642
1176
641
615
670
903
1352
668
1164
711
597
852
644
1269
664
583
639
698
2337
692
698
674
635
1155
676
1181
670
675
630
658
1169
662
1271
640
655
765
646
1127
675
643
773
642
1320
605
1107
1051
1324
2019
691
1317
664
615
609
593
1266
675
661
690
616
1215
687
1158
688
637
773
627
1128
636
669
654
650
1275
634
702
673
677
1566
637
1123
676
578
854
670
1116
646
655
684
719
1172
617
665
770
735
1368
642
918
657
638
699
593
1297
642
729
1159
1408
1838
1256
1230
969
861
896
863
892
902
938
1080
1123
1178
1232
1413
1444
1641
1896
2174
2522
2851
3126
3334
3636
3815
4085
4438
4006
4279
4532
4791
5119
4914
5202
5106
5494
5797
6105
6540
5815
6104
4669
4690
4681
4864
5048
5260
