6765
4692
4098
4306
2348
2616
1733
2554
3125
3796
2412
2044
9693
2345
2106
1969
1249
1073
1140
1127
1790
2144
2538
1965
1411
1206
1352
1499
1253
1142
1648
3065
2920
2104
2096
1358
1355
1175
2125
1185
1660
5556
3078
4240
1289
1591
1012
1091
1266
1545
1552
2060
2855
2922
2084
1350
1157
1870
985
1126
1320
1545
1707
2008
2186
2051
2207
2682
3142
3583
2729
3425
1059
1143
1303
1454
1400
1335
1522
1649
1734
1592
813
1117
1285
2001
1897
887
846
992
1023
3934
2118
1942
2851
2329
1179
1367
1096
1262
1093
1040
1194
2579
2333
1763
1601
1477
2184
1571
1108
1237
1396
1558
2007
2299
2054
1921
2017
1819
2001
1518
1870
1626
913
879
1133
1947
1116
1317
1170
1392
2291
1037
1338
1068
1357
3050
998
1018
1075
1119
2296
986
1125
1349
1586
1623
1533
1555
1171
1865
924
712
2028
682
1832
1112
1350
1633
1968
2343
2162
2418
2742
3190
3740
3723
3738
3146
2163
1652
1306
1520
1064
1156
1307
1472
2902
1144
5833
5012
2068
1588
1503
9190
1537
1569
1291
994
1566
1236
2134
1099
1162
1071
1082
2851
3056
1568
1560
1668
1781
1360
2367
1188
1197
1601
1704
2149
2416
1542
1190
1390
1684
1923
2290
1411
1244
1390
1255
1761
1159
1681
1622
1200
1681
1033
1108
1216
1062
979
1366
2182
1155
2045
2155
1305
1182
1135
1178
1170
1164
1171
1216
1246
1039
1230
1261
1372
1008
2005
1376
1299
1235
1380
1253
1083
1390
1230
1214
1377
1591
1734
1914
1671
3276
1200
1275
1273
1253
2663
1152
1353
1307
1085
2976
756
1531
1482
1069
1206
1346
1717
1580
1888
2206
2440
2807
2463
2763
2927
2863
2767
933
2466
1665
1305
1311
1049
2086
1017
1270
1312
1684
2882
1166
1551
1118
2066
1273
1193
2727
1473
2908
1540
1666
1868
1761
2901
1361
1420
1273
1380
1550
1136
972
976
966
942
956
1351
1408
1103
825
707
2048
1044
2804
1120
1437
1790
1435
2705
1305
1841
1204
815
2270
1017
2324
1030
1126
2029
1114
2009
1067
1371
1087
1109
1073
1011
1329
1037
817
1117
769
2814
767
735
902
668
2558
749
2489
673
1118
2176
1151
1978
1259
1166
942
978
1219
1606
1317
1156
1239
1166
1212
1025
939
1095
1014
1053
1110
1111
1034
1234
2090
1225
1142
1361
1533
1706
1951
2155
2498
1299
1602
931
1035
2273
1105
2022
1810
1185
1057
1168
1595
1118
1117
1077
1150
1223
978
1076
1280
1254
1121
1991
2456
1114
934
1223
1124
1010
1031
1259
898
792
886
1152
912
951
1079
1680
1219
1204
1280
1249
1231
1045
1497
1279
1300
1420
1780
1861
1752
2002
2458
2609
2322
1219
2710
912
1292
1080
1069
1047
998
2529
1455
937
1193
1430
1050
1256
1187
1286
1202
4347
2236
1434
1290
1813
1288
884
1068
747
724
1582
998
911
874
1165
1309
1601
2937
1108
1122
2190
1620
1298
1130
1445
1115
1088
949
1085
1000
966
1270
1338
2085
2957
1466
1758
1210
1154
1641
1183
2879
1535
1293
1406
1492
2412
1312
1596
1626
1065
1151
1232
1793
2560
1640
1419
1418
1495
1972
1410
1962
1954
1839
1065
2347
1508
1203
1053
1025
1464
2316
1487
1115
1126
1394
1199
1517
1321
1199
1064
1365
2403
1564
1638
1606
1200
1519
981
1057
1603
1248
1791
1169
1658
1123
1462
1702
1443
1348
1103
869
835
757
700
637
2791
812
1066
1765
1224
2920
1098
1079
1207
1107
2056
1047
1162
1317
1502
1274
1171
1858
1730
1431
1323
1599
2500
1033
877
937
1153
1828
976
1015
1191
1351
1448
1759
1202
1107
1008
1003
1030
987
952
1164
1082
977
1113
989
948
946
1150
734
726
695
599
808
804
672
2572
649
2644
1196
1088
1276
996
2849
1058
1016
1298
897
1611
1157
1806
1040
999
911
954
900
910
1019
1159
1121
1165
1019
962
1088
1016
947
968
983
1036
1111
1402
1538
1078
1126
1425
1762
1775
1887
1563
1456
1354
1314
1126
1151
1431
1211
1395
1682
1332
1221
1416
2186
998
1129
1278
1377
2164
1090
1391
1438
1647
3038
1043
1313
1078
1339
1274
1319
1406
982
1150
1089
1311
1675
1028
2649
1154
1107
996
815
1147
870
1400
1092
969
1137
1428
1680
1947
2153
2016
2213
2212
2412
2649
2112
1801
945
1033
1273
1632
2189
988
2234
989
1375
1663
1032
1595
1172
1043
1172
1030
1792
1659
2322
1084
991
1233
1554
1776
1481
1726
2055
1893
1568
901
1627
1078
1075
1201
1307
1136
997
837
870
864
843
970
1016
985
995
955
677
695
752
2529
687
1114
1190
1022
881
973
1069
1015
931
878
860
1187
996
1022
1118
1430
1013
1067
1935
1320
1497
1144
1081
1188
1055
2347
1014
2051
1132
1345
1628
823
1448
1115
809
893
1096
1231
1337
2632
1142
1185
1156
1485
1427
1146
1008
1167
1304
1128
1196
1081
1116
1553
1828
1732
1836
1978
2144
2161
1697
925
918
1053
1385
1745
1103
1358
1374
1156
1689
1320
1666
1104
1346
1011
1095
2412
1157
2171
1087
1077
1189
1106
2090
1117
1509
1142
1144
1418
992
2312
1026
894
1183
938
981
872
910
979
1002
994
847
851
803
1271
898
914
840
866
932
1142
1178
1107
1181
1464
1743
2528
1092
1314
1673
1521
1514
967
1062
1157
1529
1844
1970
2227
1835
1941
1985
1318
1278
986
1080
1050
1216
1401
1482
1425
924
898
959
1042
1069
1232
1178
1077
1100
941
1125
1325
1227
1421
1636
1827
1892
2084
2265
2496
2591
2501
2286
1185
846
814
824
1370
1027
977
1110
1253
1464
1361
1515
1478
1590
1842
1921
2126
1831
2203
1479
1467
1349
1368
1722
1199
1209
1231
861
1528
1189
1108
1097
1044
1012
1106
1205
1208
1104
1114
