3774
3834
3314
3219
2478
1720
1509
1093
813
919
824
1942
953
1291
1695
1903
2278
2400
2376
1313
2584
735
1382
868
836
1531
985
737
791
632
2494
674
2121
1076
795
886
821
711
941
1784
1385
1194
1113
1247
1083
644
1214
628
566
564
551
1348
570
600
650
869
1745
1787
1071
1201
1022
1259
1851
947
1380
1847
1028
1030
1074
1208
2190
671
914
857
636
957
605
1433
683
668
573
591
1052
534
1124
672
569
586
652
1065
546
1222
608
572
609
718
1421
566
628
602
535
1119
621
1089
561
625
608
529
1359
597
573
576
617
1239
596
901
605
531
631
571
995
573
1071
871
824
897
1123
1668
753
2396
983
1160
1828
1189
1681
988
1329
1675
1574
1126
956
825
678
1021
1226
1198
1476
1003
1021
930
925
1309
971
799
778
2101
1010
913
952
909
925
903
989
953
852
830
901
765
835
777
815
858
832
782
817
809
820
766
783
843
844
801
789
797
812
823
788
802
827
753
779
800
812
804
1170
929
970
1157
1338
1523
1716
1927
2119
2328
2618
2826
3056
3269
3487
3610
3825
4045
4250
4490
4725
4950
5124
5341
5667
5413
5331
5338
5267
5332
5276
5210
5113
4844
4381
4075
3660
3554
2700
2582
1486
1144
2172
691
2468
739
665
933
733
1780
801
990
925
842
857
688
692
761
1337
999
1190
2829
949
2207
1454
1399
1359
1467
1730
2090
1313
1561
1034
1217
2257
2323
1009
1296
1088
1043
1096
1396
1051
953
1030
852
957
1218
1800
1311
1136
779
696
911
1050
1183
1828
1151
1032
1086
1401
1586
1000
1151
1504
1874
1124
1126
1827
876
883
875
783
800
803
970
765
720
864
847
1907
768
775
1243
774
2816
989
2430
729
705
1767
984
971
929
715
1046
1989
2267
1042
968
925
674
2120
842
1096
753
900
1882
742
796
954
1864
1708
1258
1034
1039
1050
988
999
925
941
864
974
1044
953
938
911
1203
1402
1289
971
1318
2110
977
2021
1000
1376
747
968
2242
1007
1326
1287
1136
1757
824
1205
838
780
835
803
867
791
801
790
793
756
774
772
814
757
1172
1444
886
749
626
646
602
679
599
648
584
735
733
624
1074
654
854
1231
960
878
898
1259
1531
1232
1091
945
950
902
974
1003
1008
1024
987
961
938
1061
892
878
915
929
1559
1510
856
775
848
1134
1104
1556
2041
2426
2207
2045
2182
2275
1266
3228
2517
1483
1043
1067
1323
1220
1032
1087
1137
1929
1183
2126
1805
1151
1156
1358
1600
2368
2334
2080
1993
1628
848
1398
1070
1038
1020
1115
851
1221
1234
1255
828
2107
820
2463
692
806
1791
693
2794
616
789
1047
1175
1029
1032
2044
745
674
2311
642
2396
693
649
1079
1222
2153
663
2597
619
633
1851
601
2155
812
980
796
1285
2682
646
617
814
623
2708
800
2530
1010
1067
837
813
831
1014
2203
964
1077
1253
1149
1038
1144
1396
1536
1610
1433
959
890
1232
842
865
783
2599
1155
1062
1209
1363
2660
1129
1930
1112
1049
1407
1422
3383
1475
1156
1133
1332
2490
1022
2024
900
952
1077
1368
1277
967
1318
1629
1226
1780
1162
2216
1480
1417
1792
1282
2336
1253
1606
1425
1423
1947
1153
1409
1352
1426
1465
1287
2271
1263
1515
1946
1822
1907
1718
1695
1541
1736
1524
2201
2386
2164
2816
1737
1242
1143
1077
1899
1250
1344
1049
967
1216
982
2361
1408
1076
1996
1238
1255
1275
1313
1324
1376
1390
1445
1484
1717
2541
1551
1443
2039
1111
1150
1063
1197
1410
1224
1258
1071
1224
1281
1484
2762
1153
940
1129
1366
3367
912
2338
1020
1040
1639
616
3597
692
613
928
685
2893
650
1952
869
823
849
799
856
1857
1506
958
1145
1349
1604
1892
2104
2377
2511
2703
2727
2284
2112
702
606
2034
988
2778
1077
1129
1422
1456
1497
1223
1058
849
832
888
759
786
745
869
988
973
838
793
2173
1305
1256
1057
1146
2028
1416
1689
1389
1121
1008
796
1540
1424
1512
1286
1494
2310
1604
1161
1145
1391
2308
743
2422
1159
1329
1614
1166
1056
1343
964
1034
960
698
620
705
851
741
650
931
747
602
661
1050
855
928
756
2257
726
700
577
656
984
652
961
607
658
986
707
1100
629
620
670
668
1495
816
2228
979
750
862
952
1074
695
658
847
868
774
635
869
663
1559
664
649
951
1040
1208
1080
1034
937
1018
1217
1490
1651
1544
1874
2275
1022
2352
675
665
597
1026
1481
788
1781
942
1110
663
901
961
654
629
587
609
1142
674
1053
608
609
895
762
1454
907
669
601
900
1032
952
1991
1137
797
653
641
741
614
597
582
611
1382
791
1040
646
984
1073
1234
2480
1281
1825
959
1054
1219
1450
1619
1668
1898
2080
2304
2387
2007
1715
1344
1182
994
746
896
701
561
717
1140
2332
708
584
597
602
802
630
859
683
1539
598
646
719
1024
1659
1229
1134
1121
1416
2138
960
873
1089
1012
911
939
858
982
931
891
1154
824
708
1142
767
703
1038
1105
1310
1463
1094
935
988
823
940
924
1021
1169
1724
1569
1129
796
1940
1103
1292
791
834
2027
728
1021
665
593
573
657
1351
1244
1872
1029
1298
1549
1879
2151
1821
1693
1498
1211
1005
676
1202
700
893
620
683
641
677
2740
1134
1372
1728
2071
1863
1964
1826
1653
1711
709
663
698
691
1187
710
950
599
766
1385
1348
982
1203
1515
1600
1876
2164
2065
2061
