3039
3296
3335
2986
2271
1732
1133
1018
1061
1142
1370
1242
1186
1166
1319
1471
1043
1879
1031
1086
1102
1216
1894
1462
2625
1509
1062
1070
1677
1234
1223
1476
1410
1578
1234
977
1468
967
1003
1204
1136
1766
1682
1925
1288
1682
1676
958
1005
5453
1219
1431
1032
924
1268
1217
1495
1102
1033
1042
1238
1292
1340
1459
1565
1843
1953
2155
2240
2527
2770
2892
2580
1693
1317
1390
1550
1699
1862
1166
1028
1238
1347
638
604
616
593
591
620
1040
1936
701
841
828
890
1995
1381
2324
848
825
1696
1007
814
1316
1171
1113
1320
1303
962
1044
1066
1041
966
843
888
939
882
820
896
983
1343
1297
991
990
1181
1359
1470
1508
2817
1219
1347
968
694
2766
893
2565
1259
919
795
734
1498
759
1172
586
513
644
567
1310
687
784
719
523
691
528
1409
800
1082
702
558
651
997
1306
602
592
587
567
1342
532
578
564
564
1316
652
784
605
573
606
581
2415
976
1064
1237
1319
1346
1568
1801
1508
1431
782
719
655
690
862
871
1210
620
532
607
579
1394
742
952
929
806
1332
629
758
561
575
613
539
1475
640
815
795
939
627
645
848
605
1372
603
756
1170
769
1826
735
704
929
1254
1223
936
818
1028
1231
1471
1729
1824
1693
1594
989
1087
1012
1104
1661
677
1501
616
541
574
617
1414
723
1607
630
577
564
538
1045
601
848
681
837
2562
966
1164
962
608
605
520
623
801
1488
646
568
575
529
933
584
612
686
645
1255
953
719
529
642
1315
822
1117
657
2195
1201
846
614
615
535
583
1186
939
910
945
1088
1273
1450
1696
1935
2188
2075
1694
1429
831
626
598
507
547
551
990
823
581
583
610
795
813
1608
625
525
556
565
967
611
737
841
860
947
999
1959
638
605
629
577
1165
685
1064
963
1079
1508
630
1343
922
1153
1442
972
1991
846
798
849
1057
1334
944
980
1042
1199
1997
806
1158
632
571
915
696
1835
651
599
580
593
1158
628
533
587
1030
984
610
1156
597
575
734
586
1221
630
608
965
648
727
1026
799
865
590
1283
595
559
758
730
1405
649
557
545
791
637
561
1325
594
697
866
721
790
646
995
978
907
1485
937
2349
1031
716
772
778
1731
585
650
553
777
866
584
1018
639
1318
996
1090
2071
644
591
762
645
779
633
656
517
642
1520
863
756
568
652
581
569
885
585
1601
981
1027
982
957
1243
1393
1722
956
625
1195
810
853
554
528
717
575
1067
556
547
527
824
2106
932
1128
1132
1359
2967
603
697
789
548
601
557
821
609
556
604
561
1160
675
1075
1086
920
1752
966
2515
758
619
568
708
1394
973
1175
794
933
2455
1119
1611
984
1216
788
1246
2185
590
561
581
567
823
548
1247
632
727
826
606
1411
1282
1041
798
797
841
1178
1138
917
662
554
592
855
636
560
747
581
1477
810
589
691
565
832
1058
1875
678
569
1671
617
2462
1321
755
879
684
610
589
552
579
707
1489
796
1198
1163
1047
843
793
869
979
1011
860
775
656
762
647
618
594
847
640
1272
955
1052
1088
1675
2188
954
1055
1049
991
2207
1073
2027
1031
894
1083
1352
1713
2572
2840
2584
2149
2157
1943
1900
1208
826
863
919
995
959
1054
1327
1522
1580
1538
1398
1384
1309
1383
889
1650
977
1241
1404
1517
1872
2218
2278
1991
1949
2075
968
913
557
607
713
908
1575
697
641
627
1152
1193
890
667
608
793
1190
939
1067
938
637
719
925
1295
1022
779
811
833
908
703
1070
1116
1039
714
579
650
1063
1424
649
900
970
1022
1115
1112
1261
1532
1528
1276
698
1266
1307
996
1213
1153
1330
1481
1260
852
744
1227
1032
934
1125
980
1000
1242
1441
769
627
582
823
1467
1195
809
966
827
1141
733
641
942
1015
1444
1103
1525
1031
954
907
1041
1376
1003
906
1021
1277
1370
1267
1563
1776
1827
2012
1621
997
1248
1843
1580
1917
1161
1421
1597
1107
1115
888
979
1360
788
2344
1268
1073
1167
1021
1292
1756
1677
804
1337
1840
1114
1429
1222
1298
1562
1640
1540
1781
2192
2584
2009
1647
1090
1371
1166
1128
1102
1361
2284
767
840
933
616
2929
643
2620
715
719
815
943
1431
932
2363
859
682
1327
944
1939
1071
1096
769
667
1657
982
1885
1031
1256
1362
1135
2270
965
1286
702
953
2410
620
2285
651
892
1442
1050
1521
977
987
1263
1500
2269
1135
2809
813
691
1950
948
1065
1112
1002
908
997
1159
1360
1599
1854
1942
1724
1475
2060
1249
1013
886
1204
2542
1523
1662
1162
1035
912
872
943
1198
1546
1691
1061
1173
1153
1153
782
925
1152
1097
1012
1039
953
1232
1075
898
992
1009
1464
1195
1753
993
1070
1075
1151
1273
1546
1844
2114
2314
1906
1537
1379
1193
826
2073
928
1210
740
764
762
683
2257
1062
1260
1535
1250
2751
1200
1200
1094
1052
1004
930
830
873
845
840
648
1794
882
1107
951
1100
1671
790
2349
1426
1120
1180
1017
1652
1132
1011
965
1154
2406
1550
1400
1728
1428
1831
1172
1902
1035
1347
954
987
1997
971
1969
1096
1239
1788
1190
1886
953
1207
750
971
2168
886
755
794
625
2317
588
2278
867
1135
1295
1782
2203
1827
2143
2242
2637
2964
3325
3398
2915
2713
2042
1944
1758
1591
1399
1241
1015
731
769
1032
1075
1048
