3167
3623
3282
2661
2205
996
1176
1211
864
1318
885
969
1062
1210
1412
1536
1902
1027
919
913
1040
668
820
1087
1032
1172
1676
927
1015
1266
1564
1825
1447
1469
1385
1279
1714
894
1294
735
586
538
1025
1715
964
1164
1093
1265
1231
759
1061
587
538
575
564
1014
578
616
521
566
1001
538
1220
1232
1163
1165
1287
1286
956
1067
715
915
2614
632
580
558
573
558
584
1404
593
746
910
1035
864
526
656
628
545
1147
518
1044
550
570
640
544
1095
545
537
551
538
1269
524
1014
534
604
572
966
1964
628
567
575
557
933
602
575
610
549
1006
573
1040
536
592
529
519
1172
555
556
539
594
1069
613
528
606
550
1059
544
1076
527
572
565
624
1191
570
570
537
610
982
532
1158
713
798
1008
922
1585
1046
1311
700
620
1041
584
1326
580
573
694
604
1057
541
587
578
626
1121
583
857
887
572
1014
535
1602
805
692
608
580
565
551
556
579
638
1163
587
1239
570
582
639
598
1261
546
598
548
539
1188
564
1244
642
572
570
552
1130
525
594
591
671
1252
567
755
627
559
578
599
1112
512
577
566
600
1262
606
1045
525
658
583
664
1268
572
592
681
607
1132
587
1217
578
719
721
586
1329
549
676
580
555
1259
561
633
638
567
1117
655
1312
575
558
688
591
1119
560
637
627
550
1430
552
604
539
669
1251
594
855
590
563
633
618
1135
633
619
596
638
739
611
1160
700
597
615
615
816
614
1174
589
594
633
607
597
614
581
660
608
1106
631
1058
806
972
688
857
957
667
580
830
840
718
676
649
650
677
608
666
799
568
644
595
663
1168
674
1217
614
510
565
576
1235
551
609
548
590
1256
565
647
586
522
625
597
887
606
1313
649
576
639
643
1729
622
619
964
662
1619
539
2523
564
574
715
605
1371
577
636
590
497
1320
585
1083
597
605
648
591
1003
620
566
620
603
1029
632
1319
575
547
551
560
1174
577
570
612
633
1221
588
561
599
595
1213
567
1303
558
542
612
663
1121
577
643
593
565
1194
584
578
632
672
1076
584
1443
646
619
640
666
855
570
534
653
617
1365
584
546
546
592
1232
695
1239
615
578
531
553
1035
568
562
551
647
1223
580
667
619
1103
947
602
853
539
545
820
530
1402
595
559
567
508
720
624
525
601
627
851
558
1452
656
826
601
622
776
580
526
602
556
1182
572
1081
585
550
576
526
838
555
746
823
626
756
572
613
596
686
968
638
602
617
572
606
581
784
658
1002
609
591
573
661
624
589
561
635
602
1105
574
604
625
591
698
648
1035
604
648
590
594
799
596
970
595
605
579
609
580
846
983
618
582
613
575
672
605
893
582
595
567
590
749
591
661
901
1155
1912
545
836
631
854
913
1123
2014
604
963
628
564
589
571
742
630
746
817
743
1110
934
918
960
1107
1092
1065
794
745
748
809
890
1005
851
848
904
1003
1054
1198
1649
1006
912
918
858
735
908
822
901
807
1024
1014
592
506
614
562
646
820
543
1093
554
552
599
534
988
1025
1093
568
510
627
542
1014
547
1200
568
578
512
616
1246
598
642
630
580
1907
579
950
565
570
552
558
1033
573
1128
609
552
551
523
1204
711
762
552
529
549
572
971
543
1248
585
534
597
543
1003
574
625
592
537
941
568
1118
564
604
505
640
1124
528
829
570
519
607
614
969
564
933
548
775
774
971
1241
842
831
851
1229
873
629
613
515
614
579
539
548
546
720
770
573
540
560
1107
590
904
568
512
582
533
935
565
1091
537
636
547
535
1200
530
639
638
572
947
557
1185
581
543
635
518
1165
553
1049
629
539
559
592
956
593
943
571
527
532
535
1038
624
1084
591
526
579
543
1194
687
1072
555
563
546
562
1062
575
653
585
551
1085
580
879
571
614
607
589
890
582
952
547
555
591
528
953
573
1021
556
559
549
681
1034
609
1228
576
601
587
591
579
662
1013
599
565
640
631
980
952
995
792
752
1322
811
1123
977
913
755
632
825
580
1281
874
720
541
720
1502
934
995
889
1072
1433
1579
1477
1576
1775
1917
1961
1725
1879
1773
1640
1822
1904
1966
1974
2087
2126
2124
2297
2298
2114
2013
941
1060
972
588
673
550
1776
801
645
773
878
1143
843
791
661
594
1044
937
608
1030
786
1051
757
779
880
856
775
740
1040
951
838
872
876
760
897
845
1336
844
959
1140
1277
1442
1502
1409
998
705
1288
873
977
971
905
890
933
852
783
784
1242
1070
1205
785
777
905
1011
1179
1329
1486
1672
1866
2121
2382
2605
2690
2490
2489
2670
2908
3077
3270
3303
3172
3044
2931
2834
2282
2218
2132
2059
1884
1637
1544
1328
1244
1197
604
576
554
576
1317
639
968
598
632
688
553
1117
519
579
597
539
1083
828
910
791
999
1230
1392
1575
1419
1616
1630
1582
1502
964
842
774
681
1330
883
1242
829
992
1156
1254
1400
1342
1509
1672
1598
1532
889
745
647
618
582
627
1317
830
976
1154
1306
1403
1545
1750
1953
2101
