6401
6557
6687
6788
6875
6940
7079
7029
6954
7020
6756
6520
6527
6532
6324
6145
6109
6146
6407
6520
6580
6885
6998
7218
7172
6946
6381
6199
5864
5734
5729
5611
5684
5702
5372
4939
4845
4986
5463
5780
6285
6658
6615
6844
6705
6305
5307
4648
4010
3270
2609
2434
2290
2191
1987
1858
1752
1623
1529
1460
1348
1182
973
831
721
633
658
1212
1565
1824
836
924
953
896
1132
913
707
728
733
905
851
841
847
915
950
922
1255
1305
894
678
624
649
657
595
591
604
582
609
629
595
615
588
626
600
577
618
598
627
609
602
1044
840
693
660
622
619
614
798
627
613
593
629
759
836
909
1038
1148
1218
1361
1478
1551
1621
1717
1801
1618
1458
1106
941
807
757
617
604
594
612
608
637
801
593
619
610
579
746
617
590
605
585
820
613
586
629
822
1017
967
1067
789
781
694
817
837
578
635
573
621
630
655
1053
668
595
624
688
571
628
633
674
660
1072
673
572
639
584
649
552
932
677
625
567
625
696
598
645
633
547
1074
584
613
695
656
703
603
1088
540
683
614
582
816
609
579
621
654
1159
713
659
630
568
1111
616
971
609
595
704
726
1383
706
609
575
573
1012
654
1290
649
591
586
595
984
689
635
621
558
956
602
1169
604
576
572
707
1155
640
551
559
539
1158
690
1205
580
553
660
655
1098
609
580
603
579
1179
554
627
615
606
1105
587
1298
614
582
542
564
1015
559
772
591
599
943
567
1796
982
662
711
553
846
579
586
883
601
768
567
1288
587
567
650
581
1163
936
1004
623
570
1069
555
547
517
581
1237
568
1476
781
660
598
582
1038
594
612
585
615
1299
596
1140
1251
843
795
699
1895
671
1095
638
677
851
718
855
585
1284
615
671
627
597
992
598
656
926
1049
1093
590
1257
912
724
1123
988
1050
624
642
617
516
647
585
1181
785
1007
965
1085
1371
1398
1455
1044
1209
1298
1221
1820
1115
1560
1621
2338
1424
9625
8354
3361
2741
1526
1120
1638
1250
4841
1359
1227
1433
3832
3631
3375
7489
1667
1516
5078
3583
3154
2888
2730
2517
2463
2288
2304
6566
1386
1273
2694
1080
1027
1111
2234
910
915
3608
5265
5635
977
945
1205
1339
1172
1046
1857
1396
5266
1221
2650
1088
1715
1045
959
1084
1330
1366
1472
1834
2021
5286
1277
1113
1080
1349
1201
1410
1321
1299
3136
1782
3070
2165
1164
1124
1552
2465
1314
1500
1361
1519
1144
1017
1213
1374
1866
1721
1220
2725
1226
2167
1103
1015
1131
1313
1061
893
2009
1207
1040
1001
1059
1710
1541
2325
1264
1096
2693
1135
1709
686
650
700
626
1556
1207
1997
1075
1285
1345
2096
1869
1033
1555
969
927
1197
784
2603
1240
1556
1174
1649
1435
1232
1699
1002
999
1203
1507
1807
1797
2053
1077
1763
2111
2026
2579
2245
1950
1459
1350
1287
1436
1799
1092
997
781
920
1000
2289
2155
1321
1092
906
861
873
1017
1239
1260
1351
1329
1340
857
911
911
750
741
1505
1637
1485
1109
1131
1459
1495
1223
1245
1050
932
1110
1374
1550
1823
1988
2251
2454
1772
1771
1226
913
1298
1374
1113
1237
1664
2179
2461
2707
2973
3552
4254
4391
3836
3599
1957
1881
1344
703
2851
1163
1066
1232
647
2549
1035
3241
1198
1345
1410
1588
1817
1332
1963
1025
1086
823
991
2142
1863
2561
1592
1157
1115
1052
1551
953
2027
971
996
1143
1773
1374
1381
1478
1062
1184
1423
1062
2583
1461
1817
1158
1321
1744
1877
1064
1131
983
1181
1570
2007
1599
2234
1522
2178
4316
2158
1372
1342
1169
1034
1066
1059
1251
10609
10250
9681
10914
1231
9556
9434
9251
11454
10915
10618
10344
10106
11182
10184
9999
9577
9193
2696
2200
2039
1163
1067
971
1036
2584
1348
1374
1697
1481
1478
1247
1304
1701
1347
1770
2070
3000
2281
1156
2200
1658
1474
1499
1202
1160
1151
1505
1324
2030
8282
4523
4254
3681
3604
3110
2556
1669
1404
1249
2253
2167
1913
2137
2162
2136
2767
2676
2551
2042
1219
1216
1203
1023
2449
1286
1224
1380
1165
1637
1342
1226
1377
1246
1288
1418
2617
1168
2277
1422
1270
1293
1069
1272
1497
1727
2126
2554
2791
2449
2461
1771
1411
1385
1383
1953
1487
1555
1488
1725
1617
1121
1368
1152
1440
1610
1562
2224
1072
1003
932
1011
1234
1057
1169
1472
1797
2015
2319
2558
2556
2433
2203
1517
2451
861
1174
1875
1840
1609
1645
1611
1509
1324
1106
925
1108
743
733
1669
1003
1596
811
1821
1920
1130
1095
1442
2076
1074
713
1856
800
2285
1098
1052
2272
1662
1420
936
2328
1301
1186
1349
1226
1479
1440
1589
2413
1661
1316
1062
969
1176
1371
1486
1129
1385
1347
1561
1692
1861
2149
1888
3568
2808
1825
1689
1181
1552
1092
1309
1064
1027
2406
1078
1472
1434
3310
2379
1344
1174
1356
1656
1597
1375
1269
1001
1607
1073
1338
1771
2212
1893
1047
911
830
715
1702
1281
1647
1961
2411
2564
3013
3473
3211
3682
4141
4337
4295
3757
3434
1476
1206
1063
924
2094
1163
1553
1614
1546
1425
965
931
874
777
861
772
905
1486
888
711
659
2392
677
2760
644
686
2036
646
2895
744
793
1183
1143
1278
983
1162
1075
1263
1456
1715
1588
1618
1834
2046
2278
2406
2304
2569
2123
1805
1292
917
849
1010
963
859
918
842
1006
952
886
1057
1234
1615
2119
2902
2991
2609
2539
2162
1617
1395
1368
1943
1205
2088
3168
1740
1482
1075
883
1294
1070
1035
