5014
5801
5299
2341
2998
2830
2533
2915
3110
2835
2576
2262
1563
1311
1048
1007
2004
1654
2046
1921
2939
1179
2240
4453
2078
1206
1142
1021
1018
1029
1020
1102
1278
1190
1895
1967
2230
2280
1543
1227
1085
1070
1007
1155
1476
1332
5336
2097
1919
1670
1091
1308
1074
1062
1061
1296
2021
1193
3499
1232
1285
1706
1081
2411
1156
1272
1471
1636
1809
1828
3327
1718
1309
1117
1347
1617
2026
2329
1071
1022
2387
1240
1812
1186
1247
1175
1053
1179
1367
1133
1244
1490
1158
1601
2088
1460
1484
1513
1354
1315
1737
1474
2076
2564
2259
1262
2345
1891
1973
2749
1429
1666
1127
1248
1436
1253
1334
1497
2296
2348
1558
2500
1519
1086
1113
1303
6314
2260
8667
1478
1455
1259
1242
1203
1231
1263
2315
1977
1599
2113
1837
3759
1306
1199
1277
1520
2104
2579
2081
1687
1448
1225
1174
1172
1238
1202
2068
2795
2587
1924
1859
1243
1347
7659
1227
1566
1495
3366
1395
1466
1249
1487
1664
1746
1891
2017
2191
2361
2630
2885
2012
1737
1384
1280
1169
1180
1175
1267
1605
1576
1427
1788
1699
1693
1815
1753
2118
2517
2372
2711
3163
3717
1989
1933
1568
1794
3751
1381
1279
1313
1520
2010
2183
2531
2802
3168
2652
2792
3132
3487
3862
4157
4307
4371
4872
5198
4499
3939
3213
2884
2776
1070
2527
690
591
888
673
3371
1675
1739
938
771
866
692
2457
780
2688
744
628
2673
1674
1665
926
2598
745
620
2028
653
2830
682
654
1724
1849
2108
1038
2070
1115
1430
1084
1237
2702
1433
2181
1307
1388
1133
1136
2521
1004
833
880
824
920
807
861
825
1097
974
1284
1254
1564
2145
1134
1127
1455
801
796
876
775
763
730
1108
891
1458
1669
1697
2656
6353
2397
3256
2859
2291
1847
1401
964
907
977
1080
1517
1060
2110
962
1267
1576
1394
1288
1195
1197
1439
1851
1815
2124
2537
2309
2604
2232
2572
2719
3071
3597
3368
4180
3968
3315
2273
970
2771
738
671
932
750
2493
600
5233
3070
1099
822
610
895
1077
1436
925
930
978
1025
1068
1584
1264
1485
784
721
688
1721
1140
1417
1312
1326
2799
641
1448
812
926
1131
1164
1321
922
697
719
997
833
799
1217
702
877
625
631
679
659
1717
932
820
1347
1270
1153
804
700
807
744
746
797
1455
645
835
653
653
644
704
1737
659
844
838
1047
1286
1418
774
697
840
565
798
1181
786
2280
790
757
825
686
806
722
2170
1725
1142
1199
1532
2438
660
1099
751
1109
861
1157
2385
1016
1259
1577
2333
1708
846
716
1045
1034
842
1050
1233
1036
2221
741
1508
935
980
1468
1277
2955
1140
1522
2032
2035
2531
1039
1832
1336
1401
1504
1408
1925
1316
1382
1205
911
1059
1221
1286
1462
1485
1457
1466
1170
1307
2111
2203
2137
1653
1708
1171
914
1693
1275
1445
939
1096
1373
1609
1640
1513
1767
1699
1637
1535
1494
1243
1104
1208
1215
1302
2201
1914
2080
1534
1641
1576
1115
1088
1282
1294
1076
1239
902
803
876
814
890
1188
1696
1556
1647
1398
1101
1188
1157
1298
1541
1620
2847
1268
1080
1275
1266
1365
1516
1242
1326
1312
1341
1633
2021
1392
1024
12560
1524
1169
1244
15906
15598
5705
1641
1322
7468
4407
3986
3811
3640
8676
1678
1669
1336
1312
1191
1174
1298
2083
2211
1745
2570
2707
3883
2028
1564
1572
1794
1252
4151
2997
1476
1218
1067
755
713
699
865
860
805
706
696
673
691
633
639
639
648
709
1158
1233
1041
1314
1632
2064
2408
2782
3217
3599
3951
4291
4558
4758
5042
5401
5209
5487
5767
4511
4842
2640
3075
3475
2162
2269
655
648
680
651
1290
809
889
837
739
1236
1136
1676
697
685
690
892
1244
883
699
711
689
946
713
1289
604
851
1293
697
645
705
834
1332
905
1450
956
899
804
659
1125
636
1402
706
635
660
722
1485
714
693
620
662
1656
1013
788
831
898
1403
713
1203
637
615
835
933
1146
666
611
680
657
1091
576
1299
1022
1351
864
598
1647
658
682
651
723
1299
909
835
638
647
853
621
1182
656
675
645
606
1988
764
687
905
672
846
640
1341
598
731
1073
707
1283
629
655
608
735
1033
860
853
852
1096
1544
829
828
820
1297
1088
1042
906
934
854
856
951
644
737
727
668
876
933
1127
1217
1565
945
715
685
642
749
1267
659
566
700
682
1156
614
1442
939
664
625
625
1060
1167
1080
1565
1262
989
709
733
784
803
1169
1193
1667
1045
717
643
661
1297
984
1319
734
614
818
874
916
672
803
612
608
1155
654
898
616
692
907
730
741
621
1432
822
1197
1343
929
1244
709
667
593
752
1193
997
935
913
590
640
596
981
614
623
639
820
2145
1026
972
813
706
677
653
1325
668
617
829
892
886
634
1184
570
644
717
616
1429
766
1089
1173
701
973
646
1167
579
654
730
734
1611
681
652
675
643
1066
688
1277
606
645
1240
1048
1226
681
642
623
600
1271
653
576
840
683
1131
577
1488
924
1603
1764
1339
1448
1142
1244
1409
1367
1501
1182
724
615
678
643
625
1404
612
854
927
855
1413
772
1140
633
617
625
835
1478
612
853
837
638
1156
575
1231
652
563
999
712
1111
865
698
636
671
1140
686
652
803
744
689
654
1496
676
678
667
619
639
792
945
1048
938
718
564
1083
591
587
681
677
1308
1036
1342
1428
1177
1634
744
606
810
880
1336
636
810
637
596
588
583
1181
557
