4304
4295
4516
3979
4034
3983
3828
4070
3437
3530
2876
2936
3343
2026
2992
927
943
949
1116
1383
2035
1982
1217
670
1214
690
623
618
589
1106
622
578
709
911
2382
1849
1146
1103
1302
1908
593
670
693
626
1106
583
668
599
634
1384
663
2117
1844
1428
780
874
1801
769
810
899
960
2342
934
941
816
1078
1629
1218
1135
929
618
1017
1084
1349
748
975
2199
624
606
576
631
1460
621
770
601
1047
772
592
1144
644
1308
631
528
759
537
1243
562
545
634
571
1213
614
572
602
547
1510
655
1183
899
923
1133
1316
1501
1419
1564
1686
1863
2093
1706
1612
877
724
798
604
1070
774
600
591
611
1152
578
578
552
580
1295
761
1358
604
569
804
542
1226
532
583
615
590
1351
688
623
531
582
1237
582
1279
586
564
546
773
1151
587
618
777
618
1082
642
1302
636
561
809
590
1318
633
569
566
610
1324
658
609
625
528
1296
603
810
546
596
752
611
1227
565
614
869
1094
1093
651
1198
597
630
609
598
1327
580
624
543
598
1346
602
781
556
576
755
637
989
639
1514
566
586
608
604
1269
605
613
704
857
1196
667
1187
558
582
571
570
1338
609
548
695
600
1491
622
577
538
640
1265
574
1220
885
1006
1321
985
1662
959
1164
891
640
810
580
1368
599
581
519
591
1118
583
614
568
655
1170
624
1023
601
616
563
621
1272
605
610
572
591
1195
597
1127
608
587
559
582
1165
831
1365
738
730
577
568
1124
594
603
612
585
1341
620
1141
943
1274
1615
1034
2124
721
599
583
584
882
588
1218
598
614
568
634
1415
638
570
566
609
1183
601
842
610
594
638
599
1444
707
608
655
629
1219
563
708
567
608
609
567
1357
603
538
639
670
1320
1020
1943
811
635
603
621
632
597
809
1021
607
672
613
613
645
603
1375
630
1066
578
589
639
599
593
615
594
1094
896
967
884
999
906
905
1733
1105
1310
1427
1053
734
671
1792
648
2199
1086
822
695
684
1326
1103
889
1113
936
2139
1076
1031
1366
1330
1098
1186
1272
1344
1502
973
1151
1387
1052
1125
1317
1411
1868
1001
1258
1271
1579
1847
2047
2391
1257
1231
1183
1234
1215
1221
1192
1234
1302
1331
1315
1325
1098
931
955
920
988
947
923
935
951
957
985
1018
1123
1126
1163
1198
1242
1229
1207
1205
1261
1255
1253
1244
1364
1388
1306
1386
1422
1434
1453
1475
1348
1181
790
747
689
705
1095
1013
828
1064
892
1150
1545
1034
1018
1737
1181
772
743
677
907
687
1017
1067
988
850
856
1047
1065
1226
1472
1963
1446
971
1046
1135
1411
1673
1766
3175
1989
1385
1337
1321
2714
1104
2058
1078
1105
1102
1430
1192
1265
1205
1027
1034
1864
1164
1346
984
1075
1789
1584
1435
1326
1058
1048
884
992
753
757
1061
906
1238
1216
1190
1129
1422
1520
1037
1147
826
796
702
709
712
725
1180
1412
1439
865
1342
1404
913
1158
982
940
1970
871
711
651
613
2718
1100
1230
699
746
1159
1032
1084
961
1063
1092
1196
1399
879
831
1132
832
909
867
730
751
728
736
860
955
1091
1216
821
901
808
1077
1388
1097
1318
893
976
1819
1032
2092
999
1366
1782
1146
2216
646
639
674
642
770
685
1315
1008
1328
1702
1269
2509
1010
1408
975
1007
1976
1018
2143
997
1262
1610
1022
2337
1041
1378
802
1009
2582
1091
1535
1187
810
1155
1082
1694
1029
1242
878
1014
2385
1167
1273
1348
1543
2944
1046
1182
1348
1677
1439
1245
2508
1101
2106
2101
1844
1657
2423
1451
8049
2223
2164
1777
1394
1156
1311
1212
1280
1478
1171
1153
1296
1350
1390
1270
1218
1134
1092
983
1107
1066
1067
1076
1038
1287
1326
1095
1092
1403
1800
2720
2616
2372
1750
1665
1262
3717
1566
1907
1934
1282
1535
1278
1066
1141
1034
2071
1265
1152
1368
1543
1099
1208
1319
1143
1849
1157
2014
1520
1441
1890
1363
1288
1175
1579
1350
1368
1454
1177
13161
1178
1232
1330
1223
1036
1156
1290
1101
1423
3002
3804
3546
1600
1398
1331
852
755
806
1142
1262
1453
1308
1485
1257
1376
1555
1158
952
903
1107
960
1039
1517
1302
1611
1473
1032
1180
807
703
862
1252
825
771
876
1152
1245
1002
746
647
632
713
636
738
652
820
673
629
2062
674
2912
1155
1080
1125
1067
1404
1585
2231
716
629
1997
635
2305
672
968
1071
990
1317
1366
2073
1001
1230
1532
1975
2242
2133
2503
2858
3073
2914
2095
1754
1023
1131
1193
1410
1688
680
2684
664
651
1992
636
2998
995
1017
1293
1048
1048
1202
1577
1317
1784
1943
2219
2546
2133
2441
2326
2709
2802
2497
1972
1085
1052
1041
1187
2684
1097
1292
1107
1433
895
1166
1671
1030
1579
1255
1068
1144
1343
2205
1053
1315
1022
1363
1676
2072
2368
2066
2518
2770
2695
2088
2304
2573
2325
2546
2849
3080
3394
3195
3554
3339
3641
3841
4196
4521
4023
4283
4589
4910
5214
4647
4881
5058
5409
5362
5562
5819
5636
5968
5868
6256
6374
6769
7115
6918
7289
7004
7304
7368
7681
8021
7210
7426
7908
8183
8496
8579
8954
8447
8774
8970
9233
9538
9309
9615
9767
10066
9954
10195
10522
10400
10709
10593
10916
11231
11660
12252
11588
11675
11973
12267
12275
11709
11664
11181
11207
11161
10997
10912
10017
9534
8169
7515
6652
5739
5328
5088
4862
4541
4297
3923
3648
3012
2770
2506
2370
2518
2676
2839
2802
3210
2257
2006
1924
2244
