4930
5556
5389
5211
5145
4942
4205
4448
3587
3292
3323
2256
2461
1131
1596
1752
1618
1451
1131
2509
1136
1061
967
1080
1843
1334
2039
1133
1304
1514
1807
3376
1175
1885
927
753
717
691
1868
899
900
1101
1150
1308
1442
2812
1317
1829
1736
1597
1466
1686
1485
1556
1286
1032
1024
1221
1174
2825
1544
1100
1044
1212
1128
1420
1564
1634
1581
1708
1697
887
974
2308
944
2451
1011
1273
992
867
1041
952
1488
1208
1049
1443
1084
1691
1078
1803
1017
2153
1069
1242
1265
1195
1191
956
1043
790
816
1593
994
1355
995
751
904
1044
790
1054
1690
1018
813
651
794
2797
753
2433
935
891
940
1083
1081
1018
1610
1185
1423
1638
1188
1626
1187
1659
1409
1157
1252
1273
2552
1293
2534
1583
1444
1244
1204
1300
1122
1185
1561
1235
1305
1247
1451
1197
1261
1237
1256
1385
1257
1055
1206
1222
1465
1377
1154
1102
3000
1117
1020
1496
1755
1895
1205
2613
1359
1378
1185
1085
1289
893
2729
1008
863
1526
1278
1832
1415
1744
1165
1042
1134
937
1715
1008
990
964
1024
1021
1056
1158
1094
1033
1142
1286
2456
1285
2223
967
1060
1139
966
2177
1213
1766
1317
1461
1805
1528
1848
1181
1956
741
796
926
702
2904
994
1225
1258
1105
1535
1038
1283
1315
1244
1525
1153
981
898
1345
1779
1641
1633
1955
1651
1127
1996
1438
1024
1250
1461
1201
3597
1336
2106
2447
2099
1336
1252
1085
1170
1595
1576
1642
1821
1229
1400
2515
2963
2915
1342
1270
1246
1265
1448
1623
1595
1151
1451
2153
1575
1495
1219
1716
1252
1309
2795
1479
1344
1294
1840
1621
1577
1359
1435
4264
1449
2752
4709
1465
2394
1462
1795
1496
2730
1945
1209
3601
1919
6436
4177
3776
3385
3135
3161
2754
2194
3276
2285
2106
2208
1930
1627
1376
1309
1200
3049
1625
1637
1196
1302
1547
2290
3326
1082
1167
2783
1377
2446
1356
1390
1594
1552
1380
1203
1428
1465
904
857
826
809
808
817
1107
844
845
758
1162
1092
943
1532
1577
1923
2110
2062
1133
995
1354
721
3196
1249
1147
1285
1235
1375
1491
1705
1543
1860
1188
1182
961
1006
866
1310
1230
1381
1355
1186
1062
1093
1282
2701
1582
860
807
768
815
775
1161
1912
1221
1276
1306
1576
4020
1294
1029
1044
1265
1344
1502
1659
1994
2533
1664
1350
1224
1081
1180
1115
1125
1375
1557
1133
1472
1799
2070
1736
2215
1144
1025
1609
1709
3368
1468
1104
1808
1231
2547
1262
1543
1337
1163
1060
1043
1111
1142
1102
1322
1402
875
873
2326
1127
1243
1552
1160
1688
885
1408
1114
1862
2509
1346
2135
2057
2144
1657
1552
2162
1213
1619
1659
898
2220
1368
3793
1818
1095
1180
1160
1710
1986
1478
1196
1049
883
853
2565
1351
1416
1254
1888
2468
1121
1810
1302
1885
1342
3621
2670
2170
1897
2031
2230
1929
2050
2185
2289
1820
1128
1319
3897
1550
1183
1369
1249
1196
1440
3397
1310
1059
1335
1222
2785
1691
1562
1189
1215
1224
1258
2770
1414
1207
1240
2696
2779
1344
1023
923
1242
1446
1592
3180
1028
1208
1158
994
1601
1588
1230
1092
1125
1100
1079
2242
1260
1237
1518
1783
3357
1835
2991
1070
1191
1566
1171
1811
1175
3215
1363
1898
2718
1166
1137
2329
1237
1234
1154
1180
1160
1583
1211
1957
1498
1534
4950
3390
1774
1858
1453
1558
3286
1843
1539
1214
1196
1103
991
1017
2649
1243
1453
1241
1537
1736
1162
898
716
642
3127
740
760
1009
726
2935
1642
2907
1228
1118
1611
1111
2385
1297
1316
1194
1264
1284
855
2703
1178
1303
1260
1521
2517
1141
2522
1135
1515
1887
1241
3029
1288
1379
1128
1671
2317
1336
2394
825
1462
4040
1189
2459
1159
1828
1209
996
1267
1300
1559
1877
2218
2504
1873
1663
1742
2056
1550
1643
1128
1015
1131
1203
1302
1507
1824
1097
1506
1268
953
1579
1509
1391
1291
1119
1143
2478
1205
992
1020
1005
1219
945
1384
1103
2335
1840
965
1184
964
1053
1242
1399
1371
1235
1218
1167
1433
1609
1809
1934
2096
2664
2803
2208
2605
1125
1428
1003
1245
1284
1141
1126
672
617
603
669
1309
1881
1757
766
647
590
618
1366
724
1314
1069
670
689
641
1151
631
614
767
1062
1491
1581
1753
1062
1359
1729
1879
1905
1174
1257
1219
879
710
711
1529
1153
733
681
1020
2767
799
589
638
759
1891
704
641
657
620
1201
594
1055
678
809
942
761
777
1220
1934
1105
1036
1184
909
988
1224
1540
1801
1814
1506
749
932
722
638
1023
651
2344
735
743
627
932
967
845
1118
1271
1458
1373
859
1483
608
626
670
638
1187
677
624
752
1012
1785
1144
1390
1590
1862
2256
1358
1998
1789
1254
864
1259
729
631
634
1281
1418
1093
857
774
798
680
1495
1536
1392
1217
711
663
657
729
663
638
609
702
2213
1121
758
660
623
616
672
1199
607
1770
832
741
981
720
2262
940
782
809
1020
2283
1044
2145
1226
1007
900
732
1916
684
600
726
905
1357
686
1219
1222
925
968
740
2391
775
2645
1257
789
669
734
1337
663
1130
642
850
1128
967
652
638
775
1057
1236
2604
670
726
624
627
714
1113
1803
667
1306
681
927
869
1005
1923
678
605
793
629
2661
1401
1430
679
607
582
545
1413
577
1482
1346
640
661
614
853
611
1256
583
604
638
729
1556
663
818
582
586
591
692
1321
632
951
1260
917
806
877
760
682
1081
700
703
923
1802
1012
817
979
1177
1463
1612
1779
1990
2052
2353
2252
1865
1505
848
986
1106
1474
1232
823
701
647
620
632
643
658
