4452
4332
3484
2848
2258
2114
1309
804
855
738
776
678
821
623
645
906
877
1978
1669
1698
1185
1064
860
929
1132
1069
1128
1221
1439
1540
1698
1916
2117
2296
2494
2667
2896
3201
3278
3615
3514
3186
3309
3083
2776
2304
1845
1695
1419
1229
1308
1595
1882
2018
2256
2423
2417
2434
2600
2217
1729
1917
1992
1668
1412
1113
1065
1214
1442
1121
1292
1581
1751
1090
1871
3547
1350
1489
1377
1046
1047
673
813
701
1055
783
703
647
598
789
1107
1224
715
664
1100
641
634
628
648
636
591
953
651
828
608
866
780
938
2144
645
1495
614
602
566
603
534
596
608
626
595
1321
562
1183
586
512
578
612
1012
636
964
602
584
601
582
813
612
1004
583
588
511
554
1095
602
800
592
632
579
525
1028
614
1088
530
568
548
575
1041
514
1192
777
570
547
546
1292
558
585
543
566
1136
558
1092
520
589
574
631
1118
547
1064
559
532
614
551
1091
565
1181
549
565
531
529
1163
552
1088
539
526
577
604
1292
623
933
592
528
594
567
1247
589
805
586
578
605
569
1075
554
1112
535
524
548
520
1294
528
984
622
508
566
586
1019
598
841
525
563
603
546
930
587
990
635
551
540
585
979
506
1041
674
563
579
566
996
512
1220
579
550
577
517
1026
559
1128
514
542
732
589
972
563
570
560
664
1360
587
802
583
555
603
551
907
557
980
569
551
565
546
1322
540
548
580
552
1264
526
808
515
577
646
554
845
540
1212
564
589
616
571
1305
542
548
552
550
1241
603
805
549
565
541
582
1143
540
1446
590
572
570
595
1050
555
1289
562
626
556
596
1045
561
561
595
519
1144
609
750
567
570
552
546
1300
551
798
560
576
562
592
977
567
1020
546
536
553
529
973
557
1017
556
650
579
524
917
518
1187
574
528
557
527
1204
540
563
564
547
1034
541
1153
581
554
576
509
1071
550
941
511
562
564
584
1145
505
668
595
557
778
573
1236
613
590
794
564
1245
599
765
536
534
549
667
808
548
1259
593
557
906
633
1472
934
961
981
1143
1101
1164
1235
1191
1301
1220
1259
1256
877
1234
864
652
617
596
859
660
1475
560
585
561
559
1081
572
532
544
536
1373
763
598
670
578
2534
554
736
610
608
1910
665
1786
604
560
1998
585
2245
602
644
632
567
836
534
638
989
589
1011
655
1204
539
591
521
623
1168
553
582
573
667
1234
573
628
618
623
1436
1021
1055
1172
1290
1505
1535
2164
662
596
1053
985
2146
1060
1234
1179
1172
1376
1046
2170
718
841
961
946
1192
565
513
585
631
1298
579
1108
574
538
625
613
1334
572
507
602
570
1298
591
642
576
555
845
578
681
614
562
647
605
1440
666
1227
676
566
609
724
640
661
915
586
683
842
563
1078
602
599
580
579
724
637
601
601
585
697
596
1024
1002
593
571
580
577
576
554
587
562
1151
618
596
561
575
570
636
776
563
594
621
613
1044
601
603
685
607
584
607
578
614
1254
592
574
596
578
619
574
570
589
578
817
587
1128
612
610
623
637
626
589
615
589
628
673
580
687
611
713
635
597
1215
630
1094
614
611
616
595
678
637
591
682
593
685
627
1188
587
666
599
561
692
548
597
591
568
1365
1024
722
890
657
2072
598
1154
544
950
628
593
1121
655
749
956
678
1500
617
681
594
588
566
551
1044
575
1060
694
918
888
1053
1323
1479
1617
1638
1839
1998
1720
1765
993
666
588
593
707
684
557
573
725
866
589
1661
990
1161
1463
1193
2258
549
632
590
897
1401
898
980
911
1137
1372
1578
1491
1308
1351
1268
1025
1250
635
1096
599
579
634
596
622
1094
1375
923
937
888
1026
1373
1582
1054
708
610
1304
609
522
587
526
1507
809
647
529
617
2036
971
1134
1368
1584
1900
2174
2116
1296
1140
885
689
1740
576
908
852
691
620
569
1386
979
905
687
614
772
951
1463
819
735
746
587
1395
1049
655
550
612
1820
785
1180
1015
1087
1767
991
1031
1187
1050
1279
1302
1160
958
1089
1015
893
1912
910
840
717
620
2135
1119
832
693
820
1530
611
3021
1451
1005
671
666
1101
990
1196
752
1443
1136
958
865
749
842
1342
1280
948
961
1775
1059
771
915
1217
993
840
1034
977
1103
795
853
977
1244
1472
1304
1067
700
593
564
610
968
1384
670
1249
1718
1055
1415
893
932
1143
1244
1706
800
683
695
684
715
731
1522
808
865
1167
1082
946
1008
2271
1148
976
1081
830
766
713
647
856
899
1899
719
2518
664
776
1824
1086
1373
906
885
724
593
4903
3767
4942
1497
1113
1220
1424
1215
1033
1033
8613
1051
3808
2898
3338
1118
929
958
1119
1264
1339
1514
1890
2225
2149
1080
1358
1523
1744
1238
978
1053
1652
1828
1513
1511
1735
1161
1058
1122
808
1449
859
712
718
603
1024
638
1506
752
693
1199
620
2014
760
836
896
871
1589
631
1140
588
651
591
577
1177
720
851
673
588
1224
632
626
718
739
1890
783
827
624
627
687
673
1120
637
605
619
554
1554
936
1005
632
567
693
597
1141
1132
1098
1044
1044
2489
1436
1778
