3809
4130
3396
3553
3327
3009
2931
3060
2646
2364
2510
2724
2781
2585
2508
2646
2676
1825
2113
2364
1894
1502
1390
2731
703
662
613
622
627
659
844
613
777
1745
1570
1974
1041
1169
1125
1350
1428
1241
1201
1052
1286
1522
1745
1924
2045
2490
2403
2665
3103
850
685
815
1133
1068
1133
2488
1170
1091
1536
2313
3030
1359
899
931
882
909
857
970
879
969
1020
1064
1117
1706
1433
1278
1109
1193
1306
1406
742
673
1718
695
3105
1225
1128
1853
1800
2208
1101
2115
673
649
907
667
1646
1104
1362
811
619
1663
640
962
635
599
935
670
540
880
599
1336
1106
1713
665
577
707
664
1098
912
842
1013
1251
1204
1151
1645
678
605
593
537
1062
630
615
693
586
1001
611
1230
593
592
577
631
1146
561
644
554
663
1737
957
1141
1060
1203
1289
1223
2748
1045
1225
1435
1489
2198
635
744
639
669
1065
778
806
648
592
612
643
1468
674
878
612
711
927
952
991
915
1092
1251
1057
1010
1395
1726
954
1408
1221
763
612
658
604
678
734
1192
669
1255
651
621
696
665
1380
636
658
1486
1215
1280
1295
825
685
711
866
660
1212
837
683
601
615
801
621
1407
566
607
725
1269
1671
676
598
639
602
1208
607
661
635
619
1060
609
1234
594
604
590
619
1441
597
647
686
1180
1546
640
912
603
593
857
628
1129
608
698
663
653
1129
614
1166
544
627
881
579
1074
570
1404
1047
987
706
631
1343
631
578
641
843
1039
645
1099
599
629
546
634
1067
599
1193
546
599
808
1028
1771
640
590
582
642
860
810
1101
621
562
602
583
1097
617
1125
557
664
595
620
1130
813
2074
714
601
621
562
819
555
1475
598
635
591
619
1197
578
576
605
585
1347
557
785
600
649
1239
1090
1739
640
896
637
609
666
638
1033
567
1303
571
637
565
651
949
594
1451
643
626
970
1051
1834
762
666
581
620
740
719
906
573
585
657
617
1334
638
881
581
595
619
585
1088
841
1840
681
720
669
586
1130
675
604
653
595
1321
715
994
623
615
599
586
1051
558
1253
668
841
1266
1076
1604
585
625
620
621
897
655
1338
591
615
564
597
1023
592
1368
692
595
608
632
1949
1134
868
779
821
1799
675
890
636
606
690
669
1308
660
1148
634
717
688
637
1090
781
1865
981
975
1120
1311
1521
1721
1948
1922
2110
2284
2525
2695
2646
2834
3092
3347
3566
3519
3753
3577
3467
3395
3309
3057
1741
1468
746
627
680
672
912
664
1394
800
733
612
718
713
658
792
875
968
1175
1209
1731
891
931
1070
1278
1855
1075
960
639
606
629
630
1171
665
1559
696
636
595
651
939
1406
1739
709
592
585
639
1229
651
609
584
625
1310
692
755
609
589
801
597
824
578
1534
954
1111
909
865
876
938
981
1093
1150
1273
1375
1502
1555
1620
1713
1775
1902
2023
1961
1976
2319
2489
2302
1791
1202
814
674
603
668
631
697
619
676
721
634
679
578
1279
649
628
586
612
870
668
1247
634
1112
1078
980
1739
647
1388
692
619
599
570
1199
837
754
730
692
1751
635
1086
647
605
843
1368
1901
902
692
643
654
626
669
1293
707
810
955
882
1197
683
685
1002
700
851
844
2041
725
558
607
549
842
686
723
996
666
871
642
644
658
661
1333
658
570
681
628
872
685
1358
1196
1115
1191
1300
2584
640
646
620
625
848
638
658
636
587
1325
644
599
608
619
1304
709
805
1137
1266
911
639
1247
661
571
576
590
822
604
576
610
684
1137
567
1085
582
639
635
582
1129
630
603
1649
962
2302
1105
1047
1143
1024
951
989
2707
883
838
1538
1535
2391
2002
1544
939
1175
2034
1067
967
990
1282
1289
1127
1291
1538
1442
1486
1275
1296
1277
1832
695
665
630
936
1019
1320
2747
1040
1438
1685
1325
1751
918
997
1321
1488
2332
1021
991
963
1097
1978
1010
1352
3868
1787
1534
8310
8001
10169
2327
5479
1757
3048
8666
1607
2906
1840
1724
1462
1416
2674
2232
1751
2258
1890
2109
2218
4507
1746
1952
1961
1353
1060
1100
1046
1297
1227
1082
2050
1861
2540
1710
1116
1350
1608
2225
2448
2594
1787
1090
1137
1484
1920
2835
1724
1150
1045
1219
1475
1851
2227
1863
2056
2342
1401
1805
1260
3209
1792
1080
1034
1238
3248
1208
1374
1505
2468
6364
5388
1573
1777
1431
1445
1472
1454
2003
2877
4614
2612
2171
1789
1553
1533
1494
8439
1724
3133
1943
1631
3338
3526
2337
2142
2081
2440
1656
2401
1426
1653
1340
2342
2188
1307
1810
1695
1694
1788
1316
2338
1430
1495
3278
1506
1549
1552
1862
1433
1738
1925
1857
4756
1542
1418
1708
1173
1047
975
1196
1168
1505
2482
2483
1100
960
1221
2394
1133
1747
2935
1472
1405
1243
1455
1168
1135
1047
1477
2429
1208
1225
1300
1165
1302
1632
1806
1502
1641
1570
1515
1810
1410
2444
1279
1259
1220
1305
2377
1452
1988
1177
1203
1265
2682
2522
2514
1630
1363
1235
1470
1658
2607
1950
1374
1132
1035
1085
1167
1161
1626
1939
1768
2239
2621
3042
3250
3295
1607
929
1195
1129
1150
1097
2156
1245
1070
1217
1247
716
890
1158
1523
1227
2120
1380
2587
1425
1129
1657
1119
1843
1079
1240
1094
1146
2163
1268
1390
1258
1243
1193
1237
1810
1131
1483
1515
1009
2369
1089
1284
1613
1353
1524
1298
1555
1167
