3005
4237
3260
3264
2510
1943
1765
1452
1205
996
990
1159
1384
1649
2017
1189
1900
1054
790
868
1761
1902
1219
1783
979
1161
1491
1122
2451
643
555
622
581
830
579
685
862
1783
2063
1685
855
590
619
692
581
1200
876
1013
1030
1028
1902
944
1130
1623
2259
1445
967
1271
624
1013
888
1098
951
698
608
630
561
1063
602
1028
607
902
2184
1033
1357
635
569
543
567
1204
599
764
689
918
1050
1024
1197
1250
1427
1477
1516
1376
1081
1213
986
909
1117
1271
1470
1666
1860
2116
2345
2489
2738
2809
2635
2454
2286
1653
1494
1315
1149
969
837
740
615
1514
698
939
639
548
641
615
611
756
996
1277
1535
2327
561
586
567
605
1334
612
552
587
588
1127
608
573
613
573
892
588
1366
589
617
568
614
888
560
607
750
792
1399
1004
1789
687
595
552
606
807
613
611
639
557
1277
651
813
581
566
599
587
1297
618
545
620
613
962
632
695
611
644
629
605
778
626
1029
567
663
610
599
744
616
590
628
591
1007
685
635
648
639
600
621
877
682
926
831
1003
1947
601
1365
1121
1457
1318
1132
2359
1015
1274
1620
1915
2696
583
1073
638
589
617
619
602
656
647
615
628
760
604
805
631
588
703
605
899
679
608
646
556
1282
611
883
567
597
906
957
1899
633
646
660
610
675
637
604
631
608
606
593
1855
904
695
1005
738
1580
633
601
619
613
639
623
968
615
715
610
644
634
601
652
593
675
600
589
1097
632
622
596
1604
627
661
603
595
636
686
666
996
644
729
1631
682
1508
651
702
720
674
2639
651
719
761
717
2030
627
1017
631
534
650
584
1165
589
576
750
661
626
569
1332
620
597
639
646
612
602
573
600
571
777
610
541
714
597
863
635
594
566
587
651
619
960
582
1015
642
586
631
828
1102
1047
958
1083
1065
1671
932
1216
1040
1126
2465
951
785
698
637
866
633
2425
717
2625
923
867
990
918
2446
1017
778
854
1034
1123
1157
1320
1477
1629
1779
1653
1547
852
692
567
656
653
584
1263
616
590
566
591
1265
669
869
604
578
1303
616
1287
626
568
645
592
1100
639
616
586
608
1330
631
586
620
568
1068
778
1156
674
597
609
593
1267
679
611
632
607
1179
634
815
612
611
664
646
1386
598
578
523
590
967
661
1501
641
580
588
565
834
603
614
586
861
1187
681
676
635
836
802
852
1195
955
1105
1317
1620
1839
1907
2071
2082
2347
2374
1414
1267
905
841
1017
1031
1302
1265
940
1212
929
957
1082
1203
1407
1552
1752
1877
1852
1206
1386
914
933
765
750
1526
1570
1255
1460
620
662
627
576
597
603
608
555
1446
634
583
595
608
1255
656
596
611
615
1674
1363
884
855
979
1116
1190
859
935
907
957
854
1017
1113
986
855
928
1122
1267
2281
1470
981
970
1107
1098
923
1130
1085
1329
2730
1215
872
879
702
1278
723
621
620
1177
746
706
669
612
1031
589
1151
572
553
742
599
1049
578
556
571
651
1307
1319
1716
681
591
640
572
617
751
637
576
649
811
605
1312
622
613
630
626
621
596
972
651
739
1300
1065
1287
593
625
569
566
1054
623
636
626
583
650
639
826
662
819
717
639
663
619
667
650
1899
1136
853
909
973
1048
1154
1308
1358
1493
1616
1683
1770
1830
1963
2064
2180
2297
2397
2486
2722
2936
3094
2980
2509
2308
2366
2478
2620
2792
2978
3072
3138
3256
3409
3314
3090
2924
2761
2634
2392
2294
2186
2488
2692
2586
2491
1761
1383
1237
1021
890
785
674
561
637
606
601
603
604
643
1045
629
618
750
626
823
594
595
580
1374
1703
713
676
588
600
587
650
988
571
1339
563
544
741
746
889
694
964
728
604
555
606
2186
1059
1222
1217
976
891
563
772
858
576
1300
948
1045
737
586
580
577
842
670
1659
1105
1173
1218
1167
718
940
973
1015
1221
1630
1726
1519
1347
1245
1235
1208
2259
781
948
1102
1296
1080
1095
1208
668
737
835
992
973
1107
1081
1151
1316
1348
1267
1443
1582
1598
654
639
628
1678
1240
913
2029
1016
907
759
585
1448
719
606
860
952
2852
1165
2012
646
605
803
564
1898
984
1843
959
1219
874
1003
1544
930
1289
1607
1185
1320
1348
1633
1657
1999
1993
2054
2332
2319
2583
2312
2510
2760
2967
3172
3008
3179
3604
4050
4319
4406
3979
3350
3443
3525
3169
3119
3265
3492
2096
2155
1541
1650
2070
594
2019
1144
1262
963
1008
1202
1361
1510
764
633
1142
642
2681
602
594
675
605
2472
1284
923
895
892
990
1098
1281
1473
1606
1757
1912
1995
1837
1741
1181
1073
1022
966
1320
676
1425
1654
893
1266
1000
1313
1556
1569
1606
1140
1297
1598
1581
1345
645
1020
588
566
947
586
1717
1195
844
1048
1180
829
582
636
609
584
1508
546
958
605
539
857
637
982
615
606
614
1695
1756
1360
1815
958
984
1104
1302
1427
1605
1757
1915
1796
1713
1085
952
634
604
1134
938
2237
1229
881
949
876
974
1106
1195
1344
1506
1725
1645
1784
2008
2256
2368
1913
1798
1169
1115
1530
1653
1513
1048
688
649
654
622
635
622
612
656
955
609
836
674
605
678
718
1224
660
1805
1484
1205
823
609
627
605
