4343
4462
4371
3822
3391
1968
1566
1545
1015
634
601
618
533
601
690
593
1424
873
969
899
931
1097
1147
1213
1265
1404
1635
1902
1907
1691
1868
1009
1267
1299
773
701
746
1252
814
727
1765
854
795
890
949
1179
1142
1016
952
1063
676
648
1428
631
1121
953
1099
1081
1068
891
985
901
841
834
1056
1007
909
603
997
903
641
605
1035
921
637
857
806
713
652
630
635
654
1053
770
738
1846
624
629
590
595
605
577
828
596
977
597
572
582
799
1148
576
652
609
798
933
1074
1238
1152
1193
1307
1416
1512
1638
1751
1841
1958
2040
2114
2264
2313
2428
2363
2450
2405
2495
2632
2695
2824
2772
2851
2948
3103
3178
3324
3403
3529
3639
3687
3797
3909
4082
4053
3900
3646
3518
3287
3121
2461
2436
2323
2343
2253
1341
963
772
669
536
737
648
581
591
555
638
1053
608
899
619
687
603
556
1016
585
602
582
603
730
585
672
593
614
958
581
580
628
596
887
617
578
607
584
585
603
1206
595
621
589
568
754
831
1027
797
671
840
580
594
567
617
1059
624
887
589
565
634
619
551
553
589
584
587
1109
553
518
654
531
1305
523
560
543
603
1095
555
1029
576
544
567
533
1275
615
578
630
577
977
610
1253
613
530
567
510
963
579
541
571
560
1041
560
1205
569
566
669
600
980
538
561
612
527
1194
581
538
593
519
1182
624
936
548
673
708
546
822
564
1304
580
595
572
678
1422
533
543
521
595
1042
617
1413
914
950
826
762
571
539
967
564
522
556
722
1381
627
577
564
563
983
563
1062
561
647
588
568
1565
830
723
649
640
820
541
1352
594
568
572
586
1112
617
520
565
620
1018
622
1211
608
559
675
562
984
600
604
645
543
999
563
1179
719
519
647
555
1211
533
563
551
627
1112
666
1154
625
617
841
690
1577
823
816
840
773
649
617
719
558
558
559
563
1373
673
556
583
543
1086
585
1430
571
580
522
629
1220
583
596
549
620
1233
621
805
511
564
670
642
1349
747
609
507
835
1206
692
712
619
808
609
541
938
527
1361
716
679
638
703
923
698
670
683
703
991
715
938
815
792
920
965
1471
942
1746
837
809
754
662
1416
589
537
546
559
1138
602
803
596
589
606
596
964
666
1076
532
590
520
581
1171
656
525
563
519
1123
542
1118
504
772
787
658
1846
571
612
627
584
862
546
1260
621
527
684
630
1120
580
581
573
575
1195
629
628
598
564
1019
618
1044
589
643
778
580
934
584
641
618
616
1049
622
563
596
514
1061
574
1293
570
570
572
590
1124
593
600
546
577
1137
588
1037
589
551
649
577
1265
525
569
559
551
1160
590
568
544
556
1035
535
809
555
495
670
511
1021
589
1055
508
586
510
583
1083
567
604
603
544
820
539
1294
574
658
1072
593
1121
660
649
779
596
951
584
1091
598
544
894
605
1032
566
619
566
618
794
551
1252
567
568
554
562
1207
653
619
691
602
1573
585
1164
566
585
538
558
1010
736
558
602
952
816
1058
1484
1367
1100
953
1481
1030
784
780
736
738
778
1051
1904
1185
1150
1169
1222
1493
644
623
624
717
1428
728
757
650
595
660
620
1335
736
712
691
796
1424
675
1179
599
611
518
548
1282
614
603
678
658
1309
611
713
625
676
718
626
840
609
1343
642
598
604
502
1057
642
589
578
591
1275
569
591
571
584
1208
573
941
632
523
581
543
1226
589
659
939
850
798
564
994
547
552
615
587
1081
572
537
572
554
1115
807
1187
620
554
561
519
1125
573
564
604
563
1155
631
533
648
598
1110
579
858
564
584
590
538
1208
559
686
873
578
1261
591
1087
663
544
567
575
1257
571
542
553
618
1008
577
1121
623
556
590
573
1048
584
544
571
600
1234
589
556
555
532
1230
562
1175
564
564
572
575
1150
582
599
545
691
1231
611
1279
602
649
569
546
872
798
612
562
583
1050
561
1248
593
537
634
583
1000
561
542
659
618
782
545
1304
594
578
632
510
1203
984
969
853
758
1280
943
1329
666
593
801
960
601
720
953
983
880
653
655
1414
1057
836
668
899
1024
771
670
682
1657
678
783
768
843
828
702
658
545
611
837
940
1485
920
879
987
1013
953
961
1111
1124
1171
1202
1287
1219
801
824
568
599
901
862
784
623
802
638
688
1000
807
684
830
1346
946
858
1035
1257
1503
1680
1880
1954
2150
2397
2685
2522
1960
1839
1620
1496
1352
1453
1217
925
818
949
1195
1491
1880
2239
1966
2086
2183
2256
2123
1208
1406
1163
1111
965
1032
1812
1389
1918
994
985
1182
1344
1800
1121
1975
1525
1543
1367
1072
1019
984
1086
1126
1221
1297
1111
1659
1852
1787
2277
2244
3237
1173
1447
613
660
563
576
841
542
1665
613
604
579
513
1062
568
1141
1157
1194
861
856
648
547
1312
608
594
590
579
1396
638
1196
590
568
570
598
1053
604
1178
1072
1582
854
1022
2251
640
619
525
613
847
533
1055
619
575
591
578
1125
595
1052
562
607
1328
1411
1673
743
1105
694
777
614
588
