3385
3721
3522
3388
3305
2974
2907
2626
2232
2161
2049
2202
2408
2567
2982
3112
3194
3256
2907
2259
2352
1418
775
719
647
690
726
636
747
629
922
623
1169
630
581
724
1686
2650
1153
1048
882
828
910
1123
1216
987
1040
1292
1515
1712
1974
2203
2736
3211
3582
3728
3105
2620
2103
1314
1348
856
674
937
943
993
742
1033
958
702
669
805
2198
1716
1885
711
642
635
625
708
589
1459
703
628
637
629
1281
610
1387
812
1221
1267
1149
1113
723
638
662
577
656
661
1197
703
1243
606
686
679
670
1114
761
1343
890
1442
1279
1584
2587
747
751
829
647
781
607
1246
635
1471
716
1053
1080
1339
2153
1014
1897
1069
1321
1619
1212
2506
793
759
714
709
899
736
1444
709
740
713
690
1214
734
1017
717
734
687
727
1228
702
975
710
726
723
709
1243
857
963
749
732
727
722
1201
685
1009
750
772
791
739
1157
770
954
697
635
614
668
1101
667
1295
633
746
634
648
1059
728
884
964
1138
940
743
739
631
1443
806
671
590
651
1861
677
629
634
611
586
600
1442
598
720
575
650
1142
604
1375
588
640
574
666
1359
677
1097
611
620
614
623
1293
645
1375
690
649
627
613
1258
565
730
607
610
1190
652
1400
648
576
645
569
1315
595
1117
724
582
639
584
1475
640
974
657
674
622
631
1332
680
1572
1058
863
1061
1173
1308
897
1902
1198
1251
1420
1838
1539
1156
1110
1323
1385
1019
1096
1519
1173
1430
831
923
737
746
1540
636
1419
654
629
763
741
933
592
1168
623
610
619
709
1500
671
921
593
613
819
631
1149
999
940
785
796
578
607
1053
639
1158
689
628
607
659
1427
609
895
582
718
625
583
2019
695
731
661
621
656
619
1196
587
1459
670
654
652
648
1393
704
972
625
594
610
596
1122
618
1118
612
631
634
598
1617
657
1039
640
584
696
596
1525
980
1107
1208
1156
1397
1776
680
615
613
622
655
717
625
603
601
682
1266
626
1173
638
625
662
620
1351
667
629
658
1280
1915
683
684
671
683
673
644
1212
682
663
642
634
893
703
641
627
639
1065
704
904
954
1033
1133
1180
1385
1190
1164
1195
1260
1286
1049
720
785
726
1486
969
1417
844
865
873
891
689
818
814
623
667
1402
948
941
887
972
1121
1266
1409
1558
1687
1749
1871
1936
2054
2211
2332
2394
2610
2745
2914
3059
3070
3248
3364
3366
3263
3125
2822
2708
1911
1839
1737
1667
1632
1186
1202
1211
1083
1617
975
1219
1307
1213
1317
1483
1732
1883
2121
2062
2277
2429
2612
2791
2674
2844
3043
3087
2993
2812
2904
2566
2819
2868
2451
2313
2223
2085
1366
1221
1206
1087
993
658
621
590
726
1386
670
1188
655
572
639
682
1257
665
736
641
678
1219
738
862
590
679
793
660
749
617
1385
599
674
896
668
1230
664
1073
1015
1157
1310
983
1175
652
605
683
607
1104
744
687
741
1094
2009
712
1147
661
620
672
629
1644
939
659
651
748
899
611
1377
668
616
601
620
1231
624
763
705
634
1333
650
1075
596
651
579
578
1229
589
655
632
691
1316
616
1085
596
535
765
659
1069
595
616
590
626
1070
624
1207
602
597
600
611
1293
602
618
705
803
898
691
1142
772
931
625
601
794
694
699
645
750
1322
655
897
680
688
718
694
1430
725
725
684
713
1311
751
1283
714
776
746
667
941
717
730
672
587
1443
679
710
651
624
1388
706
852
695
664
772
1082
2189
700
624
638
618
1419
683
1230
732
646
710
642
1243
683
700
593
716
1404
1016
1277
1159
1335
2534
632
1201
817
903
1093
971
1529
981
769
1027
1014
916
941
1535
712
843
943
962
1184
672
784
992
1062
1229
998
1313
599
859
963
1065
1777
821
667
906
677
2018
959
1034
1087
1384
1420
717
1084
582
861
930
667
1390
1194
1129
1259
944
970
1135
1454
925
1077
1071
1127
1178
1404
1729
1819
1829
2270
1414
1121
1155
1269
1497
1580
1647
1211
1131
1090
1044
1068
1093
1137
1180
1156
1311
1632
1635
1611
1165
1196
1336
1821
1301
1232
1130
1017
1534
1078
2175
1084
1171
1572
1088
1975
1085
1251
993
1331
2567
961
824
699
794
774
737
814
934
1137
2066
1411
1748
1214
1935
1156
1148
1319
1185
1165
1164
1368
1379
1582
2763
1127
1075
1124
1135
1153
1327
2817
1096
1177
1297
1150
1142
1219
1077
942
1142
1309
1298
1463
1629
1915
1981
1871
1888
1513
1009
1053
1144
1183
1316
1069
752
922
612
703
803
633
1407
637
669
771
742
1294
706
650
709
633
1267
595
1253
658
636
622
713
1285
620
659
656
574
1182
652
1039
662
638
1033
1104
1704
693
1174
677
648
827
651
1119
770
722
654
656
1180
630
1694
954
1173
1388
1337
1241
1116
1065
787
670
1074
675
1218
596
656
712
632
1477
684
675
847
594
707
886
754
745
691
670
593
1137
740
1246
674
576
714
647
1101
589
704
689
590
885
678
1596
765
708
1605
622
890
641
587
622
632
1072
639
1334
681
659
592
612
1231
652
652
631
642
1246
659
1182
655
629
948
628
869
628
806
1097
1105
1295
960
2710
944
1074
963
820
595
661
606
677
666
1169
627
1167
956
970
679
671
1782
706
