4568
4784
3193
2961
2348
2217
2442
2083
2733
1663
1252
1249
1266
1202
999
941
1448
1229
1083
1134
2884
1903
1710
1387
1038
2772
1406
1266
988
1256
1388
1238
1110
797
668
937
2106
1963
1388
841
842
947
814
842
840
772
894
929
1490
1265
983
1040
2335
2696
1891
1994
1206
1025
1092
1256
1210
1111
1286
1034
901
906
1009
2223
2198
1492
1142
1784
726
2248
699
673
2192
720
2480
848
1091
1081
1008
1076
1278
1501
1019
1222
1431
1122
1259
1263
1281
1064
1236
1345
1259
1505
1527
1039
1047
1272
1829
1087
1069
1292
1033
1035
1128
1595
1029
1176
1483
1394
1923
1209
1049
848
930
3121
1260
1167
1232
1211
1063
876
953
1120
1398
1713
1498
1116
1093
1349
1620
1972
2303
2100
2382
2338
2575
2804
3266
3281
2705
2282
1528
1539
1494
1709
2127
1442
925
1011
1296
1624
1923
2071
2341
2610
2825
3173
3505
3860
4186
4566
4918
5259
4386
4676
3652
3874
2642
2823
3130
1872
2558
984
1369
2367
1022
1558
1045
1335
1033
996
1858
718
1987
955
1250
1533
1297
2439
1040
1332
1066
1184
1962
1019
2378
1110
1155
1358
1667
3069
825
710
748
702
1939
1056
1383
958
1329
1052
1005
953
1053
1398
847
913
1141
1368
1568
1748
1663
1744
1961
2131
2192
2419
2130
2337
2602
2795
3068
2693
2494
2598
2703
2891
3076
3337
3011
3242
3295
3203
3439
3442
3706
3615
3929
4182
4183
4368
4016
3907
4151
4332
4237
3562
5026
4599
3794
3358
1338
2049
2798
2492
1284
1181
1325
1406
1420
1227
1148
1077
1052
1558
948
1135
1345
1623
1503
805
950
1173
1455
1703
1795
2026
1655
1935
1919
2185
2388
2244
2419
964
2488
1050
1054
1163
1229
2058
992
879
735
648
599
593
626
645
1194
691
616
697
565
977
638
1142
723
879
1068
1241
1454
1376
1273
652
590
676
580
1147
627
1287
978
1166
810
926
962
902
738
768
899
1223
1020
943
1081
1997
960
934
693
1185
878
715
910
585
626
693
569
1256
664
1238
961
1191
1489
1474
1776
1369
917
1006
945
1011
1109
1400
1596
1767
1298
1413
1658
2005
2184
2172
2155
2257
2460
2485
2848
2676
1694
1322
1130
977
1740
1004
1683
936
1273
835
1059
2230
1002
1949
967
1268
851
1145
2440
921
1782
955
1319
811
1091
2316
968
1668
940
1341
774
962
2147
955
1900
993
1380
949
1142
2825
849
1483
1152
1353
1382
1520
1710
1385
1572
1756
1980
2262
2492
2656
2183
2574
2906
3243
3583
3859
4087
2302
2539
1570
1699
1140
1323
2427
875
1307
1061
1283
1442
1319
1576
1150
2093
1072
1362
1559
1841
2738
1046
2037
850
2173
1142
1184
1414
1536
2495
1007
1176
842
853
2234
1214
1375
863
968
1120
843
1950
1059
1209
1496
1364
1270
1041
1531
643
1928
1613
836
931
945
3235
766
2994
1199
816
888
1030
1028
951
1103
1240
1142
1544
936
1546
922
3125
1177
2266
1251
2041
1355
985
992
1034
1356
1969
1060
2837
1320
1129
1334
1538
2028
839
1032
1077
1153
1015
915
1013
991
984
1299
1645
1841
1970
2368
757
1388
1264
1151
896
870
898
920
884
911
1134
1058
1140
1090
1408
1863
1858
1685
1594
1520
2083
674
714
922
645
2691
983
2103
1014
1041
957
963
932
967
1491
944
1040
937
890
2661
1078
2597
1215
1025
1049
1544
1255
964
1171
1383
1027
1036
1027
2374
1065
1380
1508
1604
1457
1730
1751
1818
1274
1144
1023
1156
998
1001
1111
1242
1833
2968
1062
1126
1354
1351
1255
1959
1083
959
1120
1046
1413
1480
1409
1350
2108
2936
1417
1448
1279
1168
1562
1239
1543
1427
1736
3375
1121
1578
1319
4407
1256
2099
4309
4196
3029
5394
1796
1420
1153
1321
1215
966
1062
1165
1272
1532
1719
1609
1513
1588
1316
1115
1204
1346
871
754
913
835
870
835
836
1082
1373
1362
1082
1191
1387
1374
1259
1119
1050
1068
1084
1106
990
761
838
782
877
902
936
884
949
899
1092
1135
910
831
794
1919
1201
874
742
724
717
723
748
735
1080
1050
1364
1646
1445
1401
885
717
1189
1049
1185
964
718
1245
588
1265
634
851
655
687
1156
597
1405
612
619
601
655
1158
626
589
635
679
1134
671
1190
622
558
584
545
1344
629
792
1113
1522
2311
588
1256
565
581
547
638
1174
637
961
658
592
1078
603
1233
569
565
531
577
1137
672
681
639
583
1031
591
1354
653
589
610
581
1029
633
540
626
677
1162
569
588
584
642
1121
581
1115
601
543
604
640
1248
578
699
596
607
1191
572
925
671
564
568
603
1339
624
685
606
560
1398
608
1001
552
568
576
582
1238
597
550
614
569
1413
693
742
594
598
574
603
1243
671
624
626
608
1031
585
1285
557
659
620
600
1121
593
984
630
657
615
561
1275
597
606
614
812
1936
608
809
559
673
903
906
602
556
1086
586
597
656
628
1434
576
567
595
631
1063
640
1646
605
568
577
542
941
623
609
558
530
1123
585
1103
562
576
550
584
1223
528
579
564
560
1017
620
1940
605
518
688
582
1292
537
579
537
572
1167
511
966
598
550
622
575
1372
534
696
533
596
1067
557
989
581
576
559
595
1003
515
1249
663
515
678
519
1231
537
561
564
553
1071
512
1275
735
942
1197
1090
2032
584
524
580
525
1417
610
838
557
552
643
528
1067
563
1131
555
580
633
543
1411
624
689
664
556
1155
588
556
621
602
1372
617
