3035
2634
2245
1935
1518
1012
1078
1040
1015
922
701
1157
1625
1452
1262
1196
919
1087
715
972
698
727
955
792
754
649
772
786
908
1029
1187
1504
1917
1811
1990
981
1033
928
717
1013
792
929
661
641
689
594
654
574
650
603
644
713
1681
1332
1554
1176
1192
896
1058
948
945
971
847
925
1221
970
1137
1339
1093
3354
1635
1335
1158
710
628
627
589
575
582
879
612
570
557
570
581
582
570
536
581
547
602
970
1634
1188
793
1044
617
559
567
553
558
537
599
558
578
800
542
579
524
543
531
543
538
576
562
556
544
554
1033
959
931
878
590
544
558
539
545
526
552
542
591
609
657
544
593
579
568
562
580
536
586
543
548
523
549
539
552
515
898
740
602
566
554
561
541
538
554
533
525
596
526
750
841
947
1131
1313
1499
1661
1834
2014
2149
2342
2531
2731
2992
3227
3419
3626
3822
4012
4191
4230
4392
4612
4486
4402
4301
4215
4079
4027
3885
3809
3715
3515
3416
3246
3191
3039
2907
2818
2606
2483
2302
2186
2105
2008
1896
1884
1807
1704
1600
1426
1338
1239
1132
1047
934
908
872
7013
8406
6383
6883
5282
4719
4023
3619
2659
1809
1559
1276
813
693
2782
2037
1183
1259
1376
1225
953
688
607
643
665
625
655
591
673
612
670
588
664
668
641
653
692
619
712
624
665
573
973
698
511
560
495
541
500
481
524
490
502
532
515
502
512
556
491
525
497
763
835
1035
1239
1421
1627
1796
1959
2192
2398
2561
2753
2974
3175
3362
3585
3764
3972
4286
4502
4684
4887
5100
5313
5485
5700
5921
4982
5221
4290
4501
3694
3837
4030
3171
3343
2141
2361
2531
2130
2284
727
519
505
554
996
533
670
501
449
495
434
784
441
1087
517
448
543
478
791
475
461
433
495
674
468
1079
446
482
503
466
813
471
851
488
477
523
459
938
467
462
457
486
897
501
721
443
497
503
484
898
521
711
441
485
496
524
868
494
932
480
470
501
437
723
486
1068
491
430
492
465
779
432
557
453
483
893
459
651
427
477
534
446
1001
493
645
466
410
650
518
657
470
1048
522
442
482
444
787
444
533
510
493
954
535
678
496
467
478
424
933
455
1042
447
473
472
522
727
470
1380
475
472
433
466
786
470
887
476
511
649
461
1094
483
472
491
469
804
466
688
507
448
473
461
774
437
1188
930
815
770
727
813
916
1185
1434
1576
1578
1530
1614
1378
923
837
841
1049
753
1134
922
808
1028
1052
1114
838
624
657
763
633
623
2448
872
758
730
738
762
798
804
953
1108
1061
845
710
697
649
644
580
577
610
551
550
528
548
543
558
534
554
541
609
528
532
529
533
584
536
569
524
593
665
555
731
525
545
563
536
772
534
605
555
554
536
542
528
563
563
533
534
1048
639
662
664
715
1100
1130
684
604
689
608
672
614
628
638
799
708
619
624
621
666
822
830
1001
1197
1165
1225
1054
891
651
1209
884
771
940
1122
1328
1646
1838
1508
1706
1970
2124
2169
1855
1960
1936
2074
2266
2476
2730
2266
2457
2680
2805
2997
2685
2613
2610
2588
2113
1317
1156
920
831
807
817
911
1088
1194
1243
1742
1716
1019
770
751
763
1709
679
1033
819
795
782
922
820
843
996
1037
1044
1069
1296
1000
705
687
545
659
1112
797
1244
1120
721
746
594
1334
572
823
753
565
2021
913
905
789
857
984
1019
1111
1222
1347
1523
1573
1479
1210
1028
636
603
693
653
699
798
707
620
803
798
866
790
829
835
694
832
876
984
932
843
831
1708
1539
1038
942
1070
1322
1382
1151
1457
1719
1454
1740
1724
1708
884
1029
900
699
557
565
761
1084
943
940
952
1130
1281
1596
1817
2074
1515
1732
1921
2127
2436
2131
2282
2397
2478
2678
890
1826
471
521
1506
469
2120
550
553
631
869
1190
1033
1481
1532
1405
1084
568
2279
563
526
646
507
2106
703
641
743
679
702
666
735
626
685
935
1431
850
660
724
702
738
685
775
663
704
803
863
687
688
653
740
868
673
664
594
743
825
632
1121
1293
711
660
741
851
918
1694
613
579
842
913
1047
655
985
666
716
622
589
535
550
694
1409
1616
1300
801
726
887
1219
1252
1329
1516
1704
1760
1586
1589
1481
1413
1321
1349
5231
3768
1124
1143
1066
946
809
831
1013
836
760
972
1222
1141
1503
1256
1482
1463
926
862
1060
1227
1125
933
1011
1166
1215
1581
963
1050
877
1185
1584
1542
925
1139
906
924
1201
1814
888
900
864
1014
1220
1382
1385
1018
740
1010
758
2350
1186
863
938
859
937
1050
1128
1192
1135
1536
1210
1061
1256
1310
2047
1286
1238
1103
988
1086
1029
1270
1081
1126
1127
1145
1133
1350
3238
3116
1892
1944
1236
1246
1175
1101
1407
8091
1239
898
1135
1113
983
1024
1114
1114
1142
993
760
781
986
880
2609
2789
2190
1792
1603
1677
1749
1866
1961
2181
2447
2485
2216
2052
1630
1261
1058
1063
549
537
523
489
1910
1048
1730
591
492
454
515
785
529
494
497
456
942
467
790
493
458
512
539
968
502
480
510
481
973
507
1948
1348
1121
1440
679
517
453
660
449
500
627
627
1495
635
765
814
