6949
7290
6989
7228
6319
6108
5489
5026
4577
3904
3653
2692
2550
2412
2649
3540
3080
2850
1526
1493
979
1040
1244
1111
1440
1694
1454
1821
1039
2360
1313
934
1103
927
2666
1314
2850
1199
1122
1275
1088
1318
1426
1486
1217
1186
1128
1010
1191
1044
1180
1499
1427
1861
2765
2361
2151
1235
1244
897
952
1097
1265
1707
1864
2931
1517
1334
875
737
1795
1065
1009
849
711
626
606
1249
670
853
947
955
1907
733
634
669
590
1388
649
609
671
566
1219
588
1344
750
883
658
594
1320
943
769
615
646
841
578
676
796
736
1205
622
666
630
636
1478
639
598
724
626
1112
656
1187
722
620
726
595
1107
601
669
675
650
1143
607
1151
581
628
673
681
1387
632
585
695
626
867
810
1165
644
634
831
567
1148
602
605
616
616
1213
622
637
621
571
1428
639
829
591
691
662
584
1026
582
1213
562
650
555
673
1185
573
623
657
606
1183
621
1146
602
579
795
556
1431
608
617
570
618
1113
656
761
675
575
1332
589
600
593
612
1204
594
1016
647
620
612
654
1171
605
619
565
543
1338
634
973
596
606
771
630
1337
620
566
588
550
1217
596
894
626
710
768
613
975
580
621
654
623
1424
598
1090
847
621
581
677
882
640
606
602
599
1253
598
604
559
574
1201
654
1073
591
795
1190
617
1454
626
639
656
639
1418
601
1073
559
717
667
582
1328
670
565
638
600
1417
1104
1041
1163
964
833
1212
1481
640
638
629
582
1458
573
619
610
670
1212
602
576
607
596
1553
970
1219
625
649
638
667
2066
667
668
626
592
1040
670
1270
669
637
1163
899
806
688
691
879
594
790
579
1666
708
561
612
662
1204
601
608
625
633
1433
716
855
961
679
798
633
1604
630
675
577
754
1280
626
609
672
693
1381
667
1255
633
722
638
659
1280
717
550
701
663
1393
584
862
638
695
902
686
1262
730
735
633
637
1180
669
713
931
1010
947
687
875
662
661
715
636
968
665
1022
621
660
623
653
846
640
620
623
623
971
824
1185
658
656
619
664
857
609
647
649
623
864
640
670
647
711
801
640
1177
689
625
820
637
864
648
643
621
616
1115
712
949
981
1160
1250
1321
1473
1574
1723
1815
1963
2207
2144
1973
1687
1470
1414
1352
1303
952
864
779
672
950
652
1051
616
709
662
622
761
669
636
669
631
842
811
2061
675
609
642
602
1327
654
534
669
676
1407
600
1368
1838
678
606
691
1098
614
691
661
656
1242
636
1076
599
548
623
622
1291
682
637
623
594
1510
647
898
687
632
645
618
808
631
1138
541
611
522
598
1035
600
665
573
586
991
639
1005
650
634
575
692
774
598
646
645
622
825
612
1012
683
599
658
612
663
599
653
678
654
813
616
1227
694
650
848
815
1029
1303
1319
1442
1632
1834
1694
1984
997
964
2090
788
835
569
545
868
539
1346
624
634
703
630
599
617
618
632
612
805
639
1082
651
563
596
601
1001
653
606
589
616
605
639
718
735
711
1139
619
1227
597
606
673
626
598
596
580
633
616
1224
655
619
664
612
1037
621
809
615
620
595
634
1325
627
588
625
701
871
641
624
596
645
840
606
1245
641
653
603
628
629
621
666
606
616
1082
628
1107
631
648
636
614
623
574
626
602
626
1229
607
619
634
610
1092
658
634
603
615
608
602
840
640
1272
603
642
621
616
793
617
583
631
612
1095
594
633
821
845
638
627
617
593
647
606
611
1022
608
817
603
619
600
680
995
618
1032
588
640
681
631
790
598
1255
601
626
608
641
865
609
631
642
594
833
623
928
604
624
613
602
948
666
1155
715
690
687
1015
905
868
757
592
677
1391
1010
778
614
896
1075
675
1553
1203
1120
678
581
1059
748
625
720
869
792
658
1579
928
579
633
977
1589
850
791
595
1036
1247
1072
1150
1220
1151
1163
1016
1031
1121
1205
953
666
844
672
798
909
1622
854
1039
972
944
1113
1302
1541
909
678
678
659
1713
1113
769
758
708
746
692
1390
1055
1332
1613
1963
2247
2427
2794
2334
2495
2732
3000
3236
3430
3542
3610
3659
3836
4003
4005
4149
4351
4582
4602
4677
4797
4923
5117
5338
5490
5731
5866
6048
6276
6083
6786
6601
6441
6339
6148
6055
5538
5311
5168
4809
4674
3762
3700
2127
1869
933
709
2561
1132
1493
1203
1124
1028
991
1360
1324
1320
1747
1449
1259
950
938
1076
1284
1449
1637
1749
1572
1480
1182
1060
973
966
883
924
1505
1244
993
975
829
1814
636
652
670
696
1222
641
1430
833
618
687
777
958
672
2237
1110
887
919
678
840
714
852
621
768
590
646
1341
776
1005
641
710
826
644
1394
1302
1855
1003
981
810
688
1870
663
621
669
697
1268
629
1077
624
721
626
619
1306
704
1885
1171
981
918
782
1739
632
910
688
576
1034
643
798
660
1424
589
684
689
589
1882
1205
1622
735
668
638
683
935
607
700
761
608
756
609
1387
775
622
585
603
926
610
1728
1494
1021
1242
1494
1813
2007
2275
1480
1515
1697
1901
2076
2296
2558
2764
2777
2690
2551
2537
2219
2435
