4369
4660
2657
2547
2357
966
1055
1113
1056
903
766
1670
905
870
1006
1341
1217
914
1715
935
596
551
567
583
636
1025
859
1858
1297
849
919
733
746
756
635
650
665
630
704
736
1062
1164
910
811
847
867
624
625
583
916
1163
1775
824
1112
1230
1235
1385
672
1171
619
572
722
611
1384
686
1555
1009
1072
1207
1365
2161
1562
1126
866
615
648
636
1100
613
652
607
586
1453
620
1055
791
988
837
707
1186
636
1200
608
560
619
580
1124
595
1371
596
570
629
589
1298
810
560
656
641
1100
777
1092
586
513
610
810
1224
582
805
631
573
713
580
1031
618
1181
569
566
622
604
1397
622
605
561
644
1333
567
835
517
582
641
530
1220
646
1074
540
585
655
601
1207
586
1534
578
584
781
559
1273
628
1028
575
583
564
603
1302
596
508
587
569
1312
529
878
527
603
698
549
938
699
1204
586
538
679
501
1372
593
553
564
541
1272
765
682
536
598
692
789
761
591
1210
566
537
614
596
1102
583
1162
655
592
553
580
1076
543
539
516
537
1177
574
1214
575
525
610
571
1096
638
968
558
561
592
534
928
614
1254
559
533
518
532
1152
546
558
528
552
994
567
1106
577
540
649
543
1394
564
951
591
601
692
564
1208
589
553
571
525
1026
632
559
545
574
1027
608
1076
588
550
753
552
1229
590
538
534
585
1074
620
549
555
599
1280
561
548
558
553
946
567
1183
549
599
804
587
1271
597
535
664
567
1083
540
592
573
534
1167
510
660
629
556
1120
545
621
625
550
896
603
1243
551
608
646
573
1068
549
596
610
528
998
563
1187
549
558
548
539
1143
542
550
622
595
999
624
1214
562
597
669
548
972
533
562
611
554
1205
653
525
537
509
1195
538
868
555
617
588
527
1019
543
1171
584
646
568
593
986
546
539
545
569
1093
529
1246
573
581
578
515
1231
655
552
590
497
1063
631
628
577
574
1138
581
539
542
536
1150
614
841
573
530
576
587
1176
600
526
584
529
1335
567
985
607
538
559
542
1341
570
550
635
606
1047
553
967
514
597
605
581
1173
593
530
858
658
1073
665
921
581
552
586
524
1315
708
722
635
595
988
539
559
511
573
1258
568
982
560
583
723
579
1209
550
618
516
540
1170
557
1163
602
596
706
591
1163
543
561
534
536
1149
551
553
499
593
1133
769
782
570
517
636
514
1500
832
923
1006
1211
1408
1503
1761
1865
2050
2092
1674
1600
1050
932
1025
1299
1118
866
734
651
690
685
682
829
599
615
721
634
845
560
551
599
576
1309
1113
1504
1305
1001
1199
878
1102
1266
1387
1251
1201
1442
1261
986
1275
1296
1975
741
795
603
563
667
578
1634
578
581
498
809
1339
699
1167
742
637
606
580
662
593
660
617
642
1206
609
727
585
610
648
867
1231
698
667
828
569
741
601
925
625
597
582
607
1028
582
563
582
513
1369
627
1040
598
546
552
592
1139
643
523
570
521
1041
547
2010
674
577
543
624
794
532
547
702
577
1484
618
533
565
546
834
622
1504
567
576
583
576
952
1014
1190
1180
831
1872
973
963
919
1027
2001
726
1837
665
549
1032
951
1002
1004
1304
1393
1316
970
1088
1777
1080
1551
1307
958
948
1010
1446
962
831
1503
958
2050
887
782
959
897
1872
1115
2215
1020
949
1105
1397
1761
883
1165
792
837
1153
828
1138
650
650
558
791
886
1048
957
789
980
2200
945
1481
915
1235
717
922
1957
980
1229
770
989
2285
940
1843
953
1168
914
953
1932
943
1682
931
1155
1889
978
2135
1012
887
837
697
1789
640
2359
656
665
1568
1063
2155
1022
953
1063
1357
2906
1675
1581
1176
922
1051
1281
1144
772
1158
944
646
1252
1040
2087
1108
1281
1351
1028
1533
950
1275
1634
1353
1235
1208
1127
1027
1099
1757
911
2509
1191
1633
783
758
2646
1067
1140
1024
962
1954
1037
1110
1176
1299
1986
1253
1526
1105
1085
847
712
1406
1475
1238
956
1080
1295
881
940
1319
1313
1715
926
2221
873
918
2093
1239
1693
955
1348
1165
1155
2288
1035
1288
1646
1118
1528
1492
1574
985
912
967
1347
1219
944
978
1269
1334
1230
1376
1489
1305
1465
1551
1473
1688
1358
1866
2135
1991
1855
1355
1583
776
1098
2497
1119
2599
1184
1755
1174
840
1480
1111
1128
1062
1258
2334
1166
1334
1111
1006
2276
1187
1493
1922
2319
2517
2924
3324
3106
3435
3187
2971
2943
3324
3831
3466
3684
2035
1129
994
1048
1186
1123
1443
2346
972
2094
1125
1291
1412
1339
1610
1250
1447
1048
1147
1271
1250
1631
951
1008
867
892
842
854
912
819
1279
2559
1691
1296
1296
1290
1079
1486
2051
2321
9612
1128
1390
1086
1132
889
815
847
744
1215
1005
1275
1605
1984
2437
1353
1044
1167
1373
1367
1299
916
807
837
756
766
825
787
785
771
695
984
766
1072
1464
1441
1166
1054
1910
802
743
760
782
1951
985
1201
1431
1621
1824
2076
2112
2081
2019
766
1008
2091
1091
1795
1204
3475
2715
1747
3896
1819
1291
973
1256
1080
1075
1016
1043
978
1088
1032
1021
940
1009
1217
1283
1187
1081
993
893
1218
923
1052
1179
1338
1547
1701
1932
2127
