4649
4481
4561
3686
2540
1830
1250
2250
861
804
849
1243
2419
1196
2352
1181
1166
1051
894
3084
1419
1726
1217
1645
1257
1204
1581
1953
1885
1758
1505
1374
1337
1501
1203
1148
1962
1274
1805
1378
1569
2020
1689
2045
1146
1147
1297
1147
985
1079
1251
1973
1161
1085
1135
1308
1250
1513
1708
1728
1509
925
614
665
667
631
618
1388
593
1381
2294
908
2105
786
723
865
750
2782
740
664
928
785
996
1497
2173
737
650
1949
694
2141
760
743
839
706
1654
637
935
970
1449
2023
1049
1124
1099
1104
1135
1073
2013
910
998
992
740
2681
1538
862
754
774
912
853
826
839
737
789
795
873
871
907
1078
939
1083
1309
1709
2310
2640
2142
1741
1688
1423
1676
1727
2071
2190
2494
2747
2313
2404
1659
1531
1515
1318
1286
578
1448
1410
1240
1753
956
1214
1046
1104
1053
1067
820
751
599
649
635
611
667
632
577
871
2175
999
1094
1059
1192
1357
1551
1659
1629
1526
783
690
745
613
1425
640
602
585
628
2078
1222
1284
1466
1774
2088
2448
2682
1991
1863
1779
1369
1048
944
843
787
598
583
591
990
643
932
1562
1069
1162
1277
1503
1324
1614
1665
1903
2103
1859
2106
2086
1983
1916
689
585
1416
1314
1565
974
1050
1061
965
1103
952
738
700
801
1101
1231
920
921
924
905
1426
1467
954
909
923
980
861
997
1033
1041
979
850
694
647
604
637
617
621
753
617
920
1607
1222
877
1080
1124
1335
1455
1679
2279
1126
942
638
629
710
634
628
679
680
1504
1402
1269
941
1032
1150
1278
1446
1397
1544
1647
1678
1744
1914
2130
2259
2460
2509
2195
2141
1545
1886
1737
1008
1060
1268
1395
1571
1862
1879
1653
1413
948
677
620
636
1505
784
853
1069
1700
1932
1234
1682
1071
1040
1655
1210
1023
777
807
830
670
1115
757
1329
1224
1051
1321
1323
1556
1229
1397
1720
1986
2200
2241
2415
2177
2015
1957
1297
1181
795
770
925
1320
2012
717
685
995
770
2261
782
789
1067
722
1923
670
716
793
1426
1130
902
1885
1029
1003
1312
1184
1020
673
628
559
662
656
594
608
569
585
598
757
2677
1273
1054
1225
1527
1721
2038
2318
1708
1958
1384
1283
1025
852
1857
675
905
1731
1534
1026
1051
1215
1341
1518
1668
1726
1797
1286
1218
1317
1180
1369
1541
1758
1897
2307
2509
2532
2803
1434
1495
1612
1710
1448
1012
1356
1063
1284
1402
1298
1252
931
896
587
580
1302
615
1308
1254
947
1929
1032
2402
870
984
1463
700
2465
688
634
604
904
2665
742
2515
774
690
1605
786
2549
666
668
759
637
648
842
2843
969
841
881
1006
2426
1008
784
985
606
2000
598
566
589
580
830
1593
2366
1162
1091
1345
1196
2406
971
1184
1453
1738
3181
934
1896
1353
743
673
695
2764
767
1035
1010
771
2212
1026
1495
1094
1699
2352
1440
1189
1076
1094
1166
1285
1388
725
1738
625
562
615
660
1495
1398
913
939
1153
1168
1248
2114
657
746
1596
673
2229
623
542
570
527
980
1209
2216
1215
1018
1080
965
960
1060
1144
930
911
666
842
908
949
1160
3001
2391
1945
1441
1096
1335
1277
1912
1295
1081
1062
1166
1734
966
1182
1330
1114
1515
1082
1370
1103
2220
1187
1151
1153
867
1909
843
984
1584
1251
1421
1282
978
1093
1075
1073
1336
1407
1210
1062
840
1012
760
1350
1682
1979
1099
1019
1442
1412
1339
2002
1226
1063
978
1011
1988
1467
2591
1234
1385
1537
1387
1552
1469
1174
1209
1166
2343
1657
3314
1462
1277
1267
1401
2072
1192
1935
3333
1479
1575
1403
1791
1243
2053
1172
1630
1275
1377
2739
2659
1171
1108
1008
982
931
919
902
1717
1054
1248
1283
2787
1865
1354
1375
1315
1108
1127
1086
1306
1585
1908
1235
1075
1188
1547
2055
1469
1294
1512
1441
1581
969
1117
1273
1486
1722
1786
1982
1409
1222
1236
1048
908
958
1014
1496
1229
911
739
653
660
1585
1008
1271
922
1129
1458
1708
2027
1565
1782
2083
1856
1876
1762
3703
1414
1173
1122
1172
1460
1490
1768
1364
1101
1155
1230
1117
1507
2107
1270
1328
1113
941
2980
1189
1117
1237
1566
2725
846
662
1260
1330
1566
964
2523
1116
697
909
709
2211
694
2650
1116
1616
1686
1092
1947
1123
1013
1198
1304
1354
1417
1631
1521
1614
1746
1793
1933
1604
2977
939
1114
679
617
717
596
565
599
601
1454
648
659
661
697
623
630
1134
984
1830
1076
1070
1232
1483
1625
1913
2076
1999
2209
2238
2136
2005
1343
1207
1246
1164
1197
655
967
625
632
897
1190
964
1154
1318
1305
1256
1099
1292
1943
1179
1172
1254
1185
1505
1295
1146
1209
1284
1160
1206
1831
1192
1580
1022
1068
1068
1055
1526
1046
1765
996
1081
1646
982
1631
954
991
1045
1139
1648
1122
1902
1161
1126
1151
1026
1068
937
1039
1041
1010
950
1141
1402
1082
1306
1168
1315
1558
1806
2318
2631
3050
2833
2461
2476
2523
2596
2591
2168
1956
1537
2332
1122
1244
1030
970
2053
1071
1983
1103
1095
1131
1137
4143
1072
1116
990
942
2164
981
1683
1495
889
1271
3394
3022
3037
2985
2894
2103
2062
1009
1397
1041
980
1998
864
872
4171
917
4688
4389
4039
4055
4061
4121
4203
4367
4308
5215
4959
4879
4870
4938
4930
5022
4818
1226
1327
1934
1760
1135
2110
1205
1586
4918
4887
1468
1241
2759
4815
1273
1328
1597
1899
1139
1148
1152
1184
5843
5554
5026
4822
4879
4974
4913
5184
4741
1090
879
1123
4651
4677
4644
4733
6643
6707
