4025
4204
3941
3980
4004
3091
3648
1880
2248
1072
938
840
532
707
939
889
1032
1046
1084
1066
1258
1535
1909
2241
2334
2326
2064
1930
2111
1043
781
647
552
599
599
846
536
638
1176
1493
1018
881
1067
1161
1391
1617
1508
1414
1316
1230
706
627
647
605
890
651
1675
1050
1001
961
958
2093
845
1094
1256
1346
1178
812
1172
705
650
1353
889
1936
744
643
667
592
585
597
1877
941
716
606
675
1158
585
605
638
631
1313
853
1233
616
929
1043
935
965
935
856
1133
994
960
1065
868
627
596
624
571
852
688
736
697
938
1588
1475
1686
1183
1335
1549
1256
1064
1161
2242
1003
1165
1258
1183
1050
1084
1248
1092
1117
1160
1210
1209
1300
1628
1394
1232
1728
1169
1086
704
630
647
634
857
1112
1037
1023
1188
1442
1592
1759
1635
1896
1974
2126
2311
2150
2310
2239
2187
2129
1604
1536
1362
1371
1160
1199
1561
823
677
701
650
1747
902
1062
969
1207
1350
1522
1433
1213
1630
574
616
551
599
883
546
583
702
782
1085
622
1090
611
583
573
552
1396
588
976
543
693
672
636
1213
598
874
556
600
595
839
1992
618
857
642
622
679
589
1189
596
1026
622
622
601
580
1161
604
787
673
605
618
600
835
577
1356
648
599
626
600
934
667
867
568
603
632
589
1051
550
1231
653
589
568
607
783
615
1045
593
596
654
637
1030
573
1270
600
599
626
602
828
630
1204
581
578
549
536
1360
624
597
655
543
872
610
1071
586
1122
618
533
606
567
952
541
1359
583
591
540
814
761
544
604
566
747
1551
1012
2195
1067
1284
1101
1217
2348
1424
1903
685
694
957
1550
861
677
783
685
701
754
1520
1788
1898
1549
870
924
788
649
597
1022
659
561
614
616
590
1121
675
783
682
603
611
595
1678
734
1790
996
1005
962
820
2001
658
1960
663
645
790
693
2574
1294
1842
1272
990
1019
1165
1346
1369
1536
1288
1467
1791
1845
1855
1098
912
1268
1580
1658
1106
973
1043
1013
1248
1214
1445
1645
1935
2250
2384
2497
2602
2538
2482
2328
1767
1629
1879
2240
1590
1007
1098
868
835
853
827
1650
914
895
821
667
1563
672
1317
1052
1457
1042
773
685
750
799
831
804
771
724
713
753
1317
1020
1171
1243
1382
1476
1607
1605
1846
1939
1640
1460
1431
1499
1727
1933
2278
2466
2216
1849
1102
947
934
817
728
662
1769
823
1892
664
614
674
627
1098
677
1208
669
651
674
678
1573
629
840
684
659
654
623
1100
672
1071
1119
658
608
579
1145
649
919
672
746
726
713
2546
692
900
662
684
581
618
1347
687
785
933
1211
1037
977
1174
681
1471
1074
1010
897
935
890
887
837
1052
1120
701
1000
869
1046
903
1007
1189
1475
1511
1619
1845
2059
2268
2448
2604
2765
3002
3197
3379
3336
3263
3228
3119
3156
2544
2439
2141
2033
1984
1413
1250
1196
1141
1086
828
1298
678
660
602
641
1504
625
535
787
966
981
620
609
598
574
1290
667
839
581
715
727
551
1349
610
552
574
556
1093
630
598
564
585
1131
820
1351
555
643
610
585
1115
569
560
589
617
1226
673
1017
606
818
593
542
1318
608
605
602
618
1202
563
911
673
616
569
605
1032
566
1321
623
590
541
568
1151
575
704
631
590
1400
579
785
545
613
648
693
996
596
1371
628
866
772
708
1531
611
557
542
571
1434
630
735
541
610
720
624
845
1354
1277
731
670
598
530
1324
618
560
561
583
1075
598
1375
674
556
609
599
1077
643
1156
584
566
619
956
1132
567
617
594
679
1279
623
1053
560
611
624
602
1236
566
622
584
606
1307
663
1155
738
602
632
595
1267
967
1299
1095
1208
1188
726
1170
878
1120
676
722
1340
943
1062
744
786
940
717
983
941
927
654
683
1647
1006
1015
1082
1379
1151
817
1448
616
622
1189
823
978
659
1358
785
879
962
992
1156
1370
1546
1592
1681
1970
1960
1757
761
837
942
771
2086
680
681
806
651
1655
876
1586
874
881
1018
1197
1316
1425
1610
1880
2113
1805
824
2362
884
955
1579
865
2220
593
633
707
579
2325
887
1046
1037
1236
1128
1234
1278
916
865
873
819
918
980
1295
911
906
930
956
1193
1003
936
891
799
850
978
1075
1365
1005
839
822
859
852
688
586
568
619
615
540
616
823
1711
671
792
614
576
584
564
1211
562
595
580
936
1892
951
1242
1101
1058
989
918
836
994
947
877
1299
927
1056
961
932
794
726
694
1621
559
607
670
546
828
628
623
629
553
1620
833
1360
630
645
611
823
642
562
584
576
594
1225
677
862
538
598
798
647
1259
735
600
606
550
1678
592
650
618
562
563
527
1443
596
621
585
622
842
859
609
582
568
1105
895
1150
555
585
581
588
1133
523
673
580
591
1212
592
544
581
581
1014
617
1179
549
601
534
623
1085
663
861
572
558
1382
604
928
550
490
585
531
1125
575
507
614
553
966
549
1134
533
607
722
579
1610
583
685
766
651
1754
542
1361
618
544
604
581
965
546
551
611
738
1136
530
1130
556
512
597
544
992
546
587
613
549
948
510
1121
582
505
631
510
1085
551
581
536
584
1471
543
