4574
2841
2966
2422
2302
1766
1586
2289
630
2059
960
995
824
943
2402
1084
674
562
572
606
606
791
608
571
574
584
1316
569
723
529
1210
1255
1845
2423
1150
1651
1014
1006
1141
876
999
901
1595
1783
1308
1628
859
857
1010
1283
1509
1698
1778
1660
1528
828
840
963
938
986
1440
1578
1983
1883
818
599
1003
594
554
573
553
1064
586
1057
623
591
575
561
1013
978
2069
931
907
586
614
884
863
979
1197
1353
1544
1494
1675
1617
1791
1901
1817
1725
1193
1069
889
815
960
916
660
604
1509
563
576
585
543
1005
574
1094
615
585
583
557
974
567
1256
565
595
1097
1091
940
660
578
561
594
1131
577
789
524
594
591
552
1318
605
843
567
532
634
594
1039
651
576
586
569
1172
519
571
588
540
1403
552
1137
561
558
758
582
950
571
595
560
581
1150
612
585
590
547
1284
615
584
575
601
1059
572
602
581
574
1034
652
589
596
582
1069
586
654
575
663
742
601
978
595
572
669
589
959
608
609
593
584
946
585
595
566
590
1003
563
563
627
633
1115
618
938
620
579
618
593
925
590
616
586
599
1013
586
666
583
576
928
654
762
607
626
582
616
919
574
1031
682
600
585
596
852
583
712
848
1014
1565
855
1414
775
969
982
850
1160
862
940
950
963
1070
1051
1015
1133
1152
1190
1195
1263
1372
1401
1417
1235
1288
1232
1315
1371
1327
1382
1367
1248
1306
1403
1475
1316
1138
1027
975
820
749
1338
590
623
605
542
1182
581
1229
619
752
1082
574
1650
576
559
503
622
1074
663
1180
565
633
583
564
1011
558
643
565
598
1029
594
1186
602
628
621
615
1159
572
630
630
675
811
672
1092
638
592
650
946
726
659
633
578
629
699
634
956
626
543
633
667
654
648
673
572
628
1033
657
664
667
626
637
676
779
634
557
620
667
826
630
1144
860
647
598
607
605
899
652
570
599
547
569
1119
579
660
567
732
820
555
649
582
633
924
603
1103
711
601
610
685
703
629
646
608
561
971
553
956
616
613
625
615
849
632
645
613
591
816
715
1135
618
591
549
923
663
594
607
579
598
1232
648
860
712
649
585
605
1294
634
601
964
611
609
705
614
644
591
626
587
646
894
665
596
668
584
637
832
578
638
588
637
826
590
1121
607
693
574
675
576
1574
909
959
1094
1259
1428
1588
1703
1915
2077
2257
2224
2000
1860
1316
1141
1004
790
629
665
585
669
592
1500
736
822
711
845
627
608
739
677
549
664
844
959
860
1006
1161
1386
1507
1518
1684
1664
1767
1961
2105
2327
1963
2101
2281
2479
2640
2832
2928
3095
3163
3266
3018
2948
2774
2665
2011
1654
1491
1385
1277
1187
1038
1136
1380
1124
657
820
611
585
601
547
1431
681
638
894
897
593
686
626
550
600
607
617
1071
605
1075
911
855
1011
942
1126
847
1145
1470
1608
2082
704
584
796
614
1038
635
886
1110
758
742
754
1670
700
2148
1021
988
978
1074
1462
644
611
748
624
824
580
1619
699
560
574
553
840
731
590
509
576
1295
733
1314
943
901
1029
1266
2398
707
677
748
1029
834
633
1368
626
570
600
616
956
570
1151
915
708
612
866
960
1104
2223
551
561
655
575
960
568
536
570
588
960
561
1064
653
656
715
557
1268
562
556
643
647
841
586
1248
636
648
750
661
1887
612
577
582
537
988
575
1059
547
604
709
545
898
547
578
945
671
1398
659
1022
606
570
746
558
1274
585
593
585
614
1089
584
793
638
625
583
794
799
580
1591
618
572
617
537
951
628
570
551
548
999
570
1064
564
534
551
609
1129
590
566
584
577
1032
570
870
573
539
636
575
1037
564
980
577
542
586
556
1187
592
529
567
539
1245
554
713
556
635
559
573
1184
600
582
574
525
847
565
1270
583
522
542
545
820
623
1455
594
523
548
506
743
588
573
580
557
1141
680
659
588
580
637
567
1612
1123
629
1052
966
1311
1645
2508
707
959
1063
987
917
967
1056
1118
1338
1436
1767
1965
1983
1870
1816
1329
630
536
622
627
1402
920
624
940
943
1013
934
587
594
645
915
1064
653
1012
1067
888
1037
1239
1432
1323
1493
1616
1283
1134
630
604
1029
956
629
614
1400
1008
984
730
1185
728
602
1226
840
835
744
671
1478
1010
1983
756
649
973
678
1992
990
1256
1194
1246
2107
969
1802
979
2074
986
1073
1315
1583
2819
916
1826
587
837
1065
1238
1568
635
601
624
577
1146
586
1159
586
596
500
670
1112
592
849
576
524
578
563
1172
585
851
896
1016
1168
1361
1578
1549
1743
1620
1777
1503
1452
1270
991
1081
668
556
649
593
1098
638
711
580
550
557
580
1145
586
804
602
591
802
576
660
628
1144
626
576
573
573
1165
565
803
580
603
595
584
1149
613
1179
672
581
557
531
826
576
553
572
550
1075
646
1074
540
576
546
559
1200
596
806
557
538
625
590
995
562
1129
554
548
577
564
1037
627
580
551
523
961
564
1280
562
568
552
644
812
588
1138
587
590
620
557
1071
592
786
585
