3402
3026
2530
2131
1604
1183
1241
1512
757
1034
892
1132
1513
1699
1823
856
1028
1315
1651
2004
1796
1947
2258
2444
2282
1247
1321
800
816
1726
1101
799
755
769
720
741
699
826
876
1018
1179
1132
1059
927
622
631
610
583
547
716
1080
1110
1507
1029
2259
1209
1421
1048
1245
2030
626
1616
884
596
623
586
2307
1133
1483
1551
1420
1933
614
1142
618
629
580
587
1062
628
1343
599
575
555
536
1494
1037
1933
685
585
570
605
582
639
1343
640
554
619
559
738
604
1331
612
893
1101
1400
2712
615
650
549
554
581
544
1021
568
1338
542
686
963
1233
2285
541
927
540
544
584
568
1148
766
749
539
573
587
506
1021
594
1078
601
567
537
578
1098
578
994
524
568
687
632
896
1007
2343
582
578
522
541
699
576
1308
567
583
706
549
1054
577
640
566
562
1389
960
1494
788
536
558
591
1034
562
989
602
544
558
539
1302
550
568
568
572
1274
526
789
552
607
714
541
847
585
1248
544
555
524
528
1327
576
560
532
593
1128
656
828
572
537
573
541
1236
556
1163
581
632
578
548
936
511
1324
536
534
531
533
1115
547
566
539
565
1237
573
932
631
580
530
614
1270
602
812
932
984
719
550
1000
582
1050
573
532
606
569
1035
548
1108
580
556
578
558
1005
551
1213
578
559
579
611
1113
601
561
568
562
1272
557
791
582
629
596
583
888
635
1030
546
560
602
656
1130
615
556
561
532
994
566
1178
517
587
979
1349
2292
556
951
538
556
591
614
863
584
1213
611
592
654
555
1204
558
531
584
535
930
633
1114
511
566
551
555
1086
583
1227
544
575
541
554
1224
510
1099
571
547
654
546
1247
556
607
595
561
1023
582
585
598
560
1142
555
555
558
548
1101
505
1174
584
502
633
536
1044
541
583
590
541
1186
535
532
554
579
1001
598
1136
578
507
692
602
991
533
590
641
556
1217
553
584
610
562
946
560
1120
519
575
750
566
977
534
547
563
517
1165
569
590
589
516
1162
580
785
519
571
697
555
1019
530
545
522
555
1847
616
767
553
651
559
569
1325
714
599
657
592
963
621
774
904
611
621
550
1236
628
575
589
637
1155
580
1077
576
582
596
614
1074
873
1088
1082
1303
2326
606
802
532
538
668
614
1000
577
557
555
569
1113
565
1056
622
542
585
611
1245
567
560
627
565
1086
558
750
516
566
534
555
1193
613
558
554
551
1087
612
733
489
554
529
724
1073
547
1059
540
532
595
524
1082
645
552
622
542
1118
559
978
601
580
547
577
1150
546
523
560
489
1122
595
884
512
578
568
578
1281
557
1155
557
625
634
567
957
534
491
634
501
947
536
1099
555
611
696
541
1015
556
553
565
488
1185
620
497
573
499
1221
499
1201
579
535
679
546
994
571
540
571
573
1381
538
723
588
567
550
496
985
496
1237
544
606
595
529
1037
491
548
543
527
939
491
1227
896
860
1293
692
1844
993
586
583
687
1118
1157
1790
962
1005
1104
1183
1300
1424
1427
1189
1249
1309
1303
957
849
779
895
923
1176
953
1015
1091
1277
1481
1359
1257
620
1243
1037
1025
1360
1414
1218
1163
1249
1601
1229
1628
924
808
1106
1015
1283
1332
1210
1651
1148
874
825
903
1015
1213
1847
1630
1367
1276
931
841
746
714
972
829
945
949
1196
1459
1770
1523
1763
2091
2325
2587
2034
2133
2220
2343
2447
2118
2069
1394
1120
1279
627
812
725
591
593
620
1141
916
634
600
632
1260
618
893
562
713
775
590
1247
750
829
849
788
1395
1023
766
835
834
1345
749
1145
788
811
798
719
1197
751
777
751
762
1234
763
1281
759
1022
863
1152
1245
1033
970
1117
1460
1727
1694
1865
1469
1441
1363
1279
920
925
1004
948
994
953
878
659
891
1132
1053
925
1155
1024
1043
939
1717
1675
1411
1146
1292
1163
1178
1645
1289
1336
1279
1286
821
1154
1104
1077
770
1000
1587
667
793
1028
809
1289
1260
1950
1188
1254
1262
932
1078
1684
998
917
1173
1087
905
1275
1231
1234
1294
1171
867
1028
984
1156
1052
1609
1294
1205
1006
1013
1220
1090
1379
1263
1034
1077
1079
2251
1001
1009
1127
984
1274
1044
2312
1238
1220
1828
1252
2362
1169
1327
1003
1157
2233
1067
1056
949
1079
2349
1193
2039
1134
1432
1301
1608
1787
1883
1785
1889
1797
1423
1576
1459
1302
1143
1008
1007
1071
1349
1158
2576
2660
1814
1059
1802
1228
717
677
619
1861
864
1023
1269
1400
1388
871
1034
1354
1130
992
926
1740
605
635
786
882
1132
816
773
783
761
817
748
763
751
1090
1222
1063
1860
1173
1169
1478
1817
2130
1941
2136
2102
2097
2280
2402
2737
2104
2546
2787
2809
2935
1685
1385
1353
1288
1152
1077
1119
929
1003
974
992
1085
1238
1486
2959
1030
1958
1612
1189
977
1153
1963
1023
2282
1328
1231
1155
1947
2059
1420
1875
2421
1127
1558
762
665
1008
696
2183
1190
2491
1041
1068
1031
1028
1370
1075
2536
1721
891
1050
936
1680
1033
987
1210
1440
1352
961
891
859
889
790
899
865
1070
1269
1372
1624
1787
1727
1610
881
957
1173
1152
1583
2001
2361
2302
2711
3153
3587
4087
3640
4024
