3734
3423
3411
2900
2534
1772
1696
1756
1577
1731
1374
1565
2338
629
568
623
547
1052
640
1112
595
602
675
640
1275
1050
1207
1734
957
2011
976
1386
1297
1168
2292
912
617
575
589
836
647
2004
1170
1342
2063
1104
1395
664
599
590
586
1143
522
605
609
673
1344
625
569
764
658
1987
926
1821
1381
1518
1293
972
1025
1088
1187
860
635
1096
612
1281
604
763
1435
1490
649
589
606
681
686
1098
569
1326
626
625
669
805
1100
598
589
604
586
1223
623
543
676
1055
877
583
1286
568
562
679
582
1066
563
573
584
556
1303
575
581
596
535
1060
646
844
573
725
950
625
1258
582
653
560
584
1382
1000
682
620
568
616
578
1078
628
1047
698
695
560
550
1325
620
650
540
581
1071
577
1132
618
561
605
552
1368
570
569
532
635
1632
756
680
591
638
613
577
854
561
1495
577
564
520
619
1177
574
566
612
542
955
602
1168
578
598
676
808
978
596
555
904
581
944
578
1369
965
1281
1699
902
2013
585
679
529
602
1304
678
559
562
520
1015
589
1198
572
587
559
608
1298
627
582
590
553
1120
598
1210
589
605
557
717
858
549
718
972
1270
2564
582
1013
656
631
585
704
1387
618
633
668
651
1053
591
1110
635
590
596
541
1384
611
613
550
597
1104
618
912
628
579
615
663
1366
620
1139
637
565
584
540
1410
645
583
556
552
1057
599
1153
634
601
613
603
1554
683
625
659
644
891
654
1345
620
641
623
663
1072
647
732
664
661
1163
656
1120
642
649
584
582
1124
685
661
700
697
1252
831
1179
628
642
630
716
864
602
1261
660
594
605
586
1055
700
900
990
581
648
589
1207
664
939
543
640
1132
598
594
604
781
1468
634
871
735
676
571
649
1298
600
533
542
648
1097
587
1150
611
503
631
548
1287
611
843
847
993
1034
1033
931
853
823
819
800
808
923
679
531
593
850
592
570
573
663
1206
572
1313
546
573
573
573
1047
560
1175
572
573
565
562
1187
547
581
634
555
1031
580
1155
526
601
760
916
1410
831
972
882
829
1687
897
1107
957
1144
1156
882
1085
1169
1481
1607
1696
2141
1118
1045
914
1065
1335
1746
2170
1294
1383
1054
914
993
944
949
1152
1561
2061
1115
1206
1207
1186
1444
1330
1977
1511
1532
1453
1570
1246
1835
1722
720
652
667
665
677
612
690
617
640
639
617
650
626
644
810
615
649
629
645
1188
1294
1482
1375
999
886
934
1150
1407
1516
1766
2004
2232
2481
2349
2228
2093
2037
1320
1103
743
752
1150
1601
1888
1471
1457
1537
1721
1878
1800
1762
972
873
937
794
840
864
830
817
828
816
764
997
905
1217
1534
1045
1200
940
1213
1567
1782
1856
1953
2387
1616
1357
1056
1134
1194
1131
1901
1269
845
1119
1051
1233
974
1054
1035
1283
1387
1243
1505
1268
1305
1458
1406
1205
1245
1409
1663
1933
2299
705
1095
755
713
2035
1075
1023
1211
1367
1506
1845
2844
1101
1220
908
901
1159
705
1744
616
631
631
628
995
825
1024
1610
975
1821
1026
1195
1198
914
995
860
2095
752
714
1458
704
3182
1494
1572
1763
2162
2559
2940
3432
3024
3374
3560
3657
3591
3209
3229
2861
2531
2317
1326
2198
903
991
1452
937
1632
964
1356
889
1005
2092
1025
1987
1200
2465
977
947
1080
1294
1228
1247
1344
1532
1774
1860
1812
1754
776
825
777
785
796
1299
1259
1093
986
665
641
578
641
591
619
618
920
626
1069
609
598
637
649
1226
870
1074
1167
1487
1891
1843
1827
1350
1743
1689
2080
2502
2860
3269
3135
3534
3929
4423
4684
4451
4761
5097
5519
5823
6201
6695
6687
6903
5791
5746
5110
4735
4601
3983
3748
2838
2498
2269
1870
1675
1814
1198
1187
1412
1298
1430
1253
912
1228
1172
1078
1488
950
1002
1250
1236
1059
1195
1798
2260
2058
1200
1256
1025
1034
1104
1206
944
1026
1088
1156
1145
1149
1084
1451
2797
3885
2261
929
690
837
1045
1024
932
3198
1534
2322
1520
1561
2087
2485
2015
1243
1143
1175
1043
1157
1313
1320
904
1277
1277
1076
2171
1084
2599
1117
1272
2137
1293
1836
1693
1841
1016
1010
1510
992
1885
1043
1059
1416
1305
1548
1097
1890
1920
1806
1225
1006
1112
1077
2160
1083
1317
1198
1175
869
754
2766
1691
1184
1140
1098
1347
1078
1068
847
750
2012
1041
1078
1167
1262
1198
1458
1602
1013
1941
1165
1140
943
675
1721
672
1051
802
652
584
597
929
701
709
1654
1288
1089
894
1096
1389
1583
1745
1553
2247
761
1038
619
630
680
619
1127
590
2448
1183
945
1673
698
709
708
1357
638
580
632
628
1076
587
590
644
634
1178
601
1512
1735
1041
1361
1271
1723
715
862
629
581
819
659
1248
611
600
583
593
1175
638
963
1327
2444
1706
1500
2078
853
1565
1030
1304
1725
1667
1632
1149
1228
707
1021
1749
871
1356
658
598
633
630
871
637
1282
562
632
589
621
1115
646
855
625
628
597
641
1627
954
1884
661
613
729
553
765
594
583
630
551
1222
589
1095
584
592
638
602
1463
581
1673
1274
1316
1389
648
1009
631
611
618
552
1285
697
590
597
630
1076
603
1198
613
658
748
561
1396
1029
1227
1507
887
2213
656
662
639
559
1289
614
599
593
573
1069
573
