4427
5305
4295
3709
3464
3174
3080
2956
2878
2852
2876
3015
3138
3081
2660
2500
2080
4077
6427
6169
2299
1470
1151
931
1427
897
1238
1733
2429
1089
955
916
793
884
940
1043
1399
1749
1074
1201
2903
4657
2330
1087
1465
1279
1099
1887
1389
1161
1203
2305
4292
1216
1291
1311
1676
2908
1102
1427
955
929
1838
1630
2692
1150
1064
1114
1207
1119
1005
1096
1060
1157
884
1028
1246
1444
2442
1055
1027
1097
1244
2038
1129
1759
1049
1248
1141
1125
3264
937
718
747
706
2974
1019
1777
1110
951
873
912
2755
1149
1483
1494
1701
2045
1027
1929
1079
1581
884
1059
1316
1775
2025
2041
2271
2622
2842
3030
3072
3260
3455
3710
3958
4067
4194
4242
4408
4620
4847
5080
5366
5629
5761
6032
6331
6604
6872
7189
7386
7513
7834
8043
8051
8221
8274
8335
9209
9189
9311
9407
9577
9840
9888
9606
9546
9342
8591
8142
7994
7860
7749
7572
7401
7102
7276
7323
7233
7121
6586
6031
4380
3825
3231
2864
2779
2925
2942
2589
2653
2462
1582
1230
1078
2053
1165
1097
1026
1026
1869
1219
1402
1146
1240
1053
1182
2839
1577
1281
1335
1361
1834
1284
1249
1107
1074
1469
997
1692
1119
1243
1097
1315
1448
1025
1085
1139
1228
1197
1312
1011
1040
1129
1016
1248
1507
1792
2144
1079
1086
1225
1142
1092
1117
1185
1759
2192
3831
1916
1302
1348
1747
1549
1130
1277
1447
2778
4491
3895
1911
1443
1102
1119
1086
1092
1254
1069
1087
1185
1367
1451
2076
1087
1196
1355
1074
763
1518
1150
1488
1331
948
1789
1203
3358
1155
1252
1545
1799
2786
1017
1191
1240
1412
1529
1660
1939
1916
1880
1618
1507
1470
1054
1169
951
1078
1510
1823
3642
951
1165
1390
1335
1601
1679
1575
1549
1630
1834
2013
2139
1869
1718
1195
1111
1116
1122
1040
1038
1162
1147
1269
1490
1294
1489
1293
1434
1642
1750
1920
1964
2153
1986
2115
2358
2491
2609
2555
2726
2360
2463
2641
2883
3086
3137
3270
3064
2550
2345
1689
1638
1221
1390
1583
1774
1952
1920
2208
2181
2253
1910
1665
1869
1861
1763
997
917
899
915
1020
864
1200
963
1109
1275
1458
1598
1653
1558
1019
912
977
864
889
982
950
988
908
844
876
1118
982
1099
1345
1437
1680
1701
1804
1774
1891
1932
1884
1785
1081
928
863
906
1498
962
1101
1302
1416
1640
1510
1560
1542
1750
1924
1924
1790
1088
1061
851
987
1271
966
1134
1336
1475
1647
1139
1200
1430
1341
1467
1348
1463
1704
1708
1595
959
879
928
939
961
828
1046
980
693
684
649
1547
1233
1125
1024
917
1084
1304
1661
1894
2071
2196
2400
2676
2559
2617
2863
3015
3418
3190
3374
3557
2173
2216
1681
1559
1570
1492
1440
1370
1345
1313
1326
1244
1132
1072
1095
1171
1219
1098
1274
1474
1732
2062
2251
2491
1832
1949
1980
2211
2494
2820
3079
2554
2645
2927
3165
3421
3437
3641
3003
3153
3485
3717
3923
3677
3955
4194
4574
4845
4730
4943
5147
5323
5383
5295
5325
4918
5142
5251
5318
5535
5614
5854
5937
6107
6334
6255
6432
5956
6180
6407
6779
7132
6641
6510
6335
6246
6219
5521
5455
5286
5119
4998
3159
2704
1230
1102
1602
1002
2218
1049
1352
1240
1379
2537
1222
1912
1106
769
779
802
935
943
710
1014
1130
1664
1115
1098
1113
954
1055
1191
1209
1219
1078
1169
1227
981
1318
1335
966
1492
1865
1494
782
1069
1234
1275
998
1323
1165
2161
1104
1036
1047
1182
1055
801
1258
1036
1243
1593
1113
1307
1000
1107
1930
1305
1921
1072
1128
1302
1499
1728
1948
2155
2014
2404
2707
2999
3170
2416
2602
2138
2314
3082
1086
2050
1113
1332
976
1056
2495
1323
1282
1306
1318
1608
1716
1390
989
1011
1004
1080
2551
1578
1377
1396
1072
1603
1213
2432
1702
1487
1384
1028
1026
1140
1433
1481
1063
1144
1144
1352
1213
1052
1056
989
1032
919
1035
1007
1016
780
865
1222
1519
1401
964
986
1193
1067
1384
1784
1533
1544
948
1293
1013
1299
1585
1861
2079
2173
2480
1991
2096
2390
2567
2730
2819
3135
3485
3721
4092
2546
2866
1567
1780
2129
1072
1168
1052
1211
1065
1133
1255
1377
1339
766
1059
997
735
3077
1065
2093
1294
1167
1175
785
1839
986
1127
1301
1480
1775
1719
1824
1874
2012
2196
2043
1932
1762
2072
1999
2204
2648
630
604
646
584
1681
627
710
693
632
650
576
1462
651
744
765
1119
2148
687
875
581
634
846
626
917
642
1418
726
629
609
698
1279
657
620
661
1016
1952
625
1380
643
681
581
672
1220
693
622
680
578
905
652
1277
587
723
646
637
1306
599
642
609
640
1170
591
938
663
619
616
695
1234
603
626
611
566
1357
604
873
586
899
805
588
1135
602
1217
610
672
669
662
1678
585
638
646
633
988
684
1496
677
643
618
584
1111
694
639
651
610
1344
644
917
710
656
746
641
1180
671
601
571
668
1178
604
1393
778
1392
767
683
659
713
1311
666
642
678
640
1269
681
1227
792
688
867
753
1221
1155
754
700
675
1009
734
1528
734
709
718
613
1305
717
708
735
678
944
711
1536
693
775
694
988
1345
733
733
649
687
1307
718
1270
738
633
627
588
1261
758
707
666
609
848
819
1680
737
597
729
726
967
728
700
720
569
1495
688
898
792
691
693
736
1188
707
1352
968
1031
1178
1402
1601
1833
2003
2085
2020
2157
2044
1904
1173
977
893
683
722
667
643
698
776
681
683
700
673
726
693
692
660
733
1013
669
694
663
730
994
688
725
694
