1437
1417
1506
1650
1862
2338
2055
2533
1816
2405
2017
2417
1697
1717
2191
2226
2345
2374
1684
1622
1659
1691
1492
1578
2322
1517
1947
2170
2127
2259
1683
2342
1928
2573
1942
2237
2475
2065
2331
1573
1369
1882
2390
2477
2144
2487
1821
2432
2249
2579
2230
1885
2061
2268
2418
2367
2108
2230
2336
2094
2460
2281
2477
1272
1792
2052
2338
2178
2417
2401
1770
1921
2259
2302
2572
2246
2423
2328
2497
2565
1496
2342
1888
1650
1596
2060
1766
1866
1800
2307
1937
2177
1697
1414
1512
1487
1585
1572
2305
1958
2458
2014
2040
2361
2084
2797
2059
2225
1854
1823
1363
2058
1517
1381
1173
1608
1688
1682
1485
2296
1944
1874
2158
2193
2221
2296
2545
2078
2459
2370
2042
1622
1957
1684
1365
1422
2048
1887
2622
2048
2234
2524
1810
2353
2069
2278
2366
2024
2491
1999
2376
2217
1395
1892
1503
2294
1980
2363
2659
1924
2044
1927
2440
2555
2036
2421
1979
2368
2545
2057
2520
2035
2504
1922
2139
2078
1825
1742
1695
1562
1661
1520
1617
1519
1958
2117
3005
1602
1865
1740
1262
1617
1824
1733
1858
2048
2160
2308
1948
2547
1968
1921
1995
1985
2332
2068
2458
1792
2185
1549
1307
1758
2083
2233
1727
1507
1868
2118
2455
2227
2017
2363
2593
2565
2214
2459
2273
2345
1579
1395
1927
1895
2463
1914
2552
2561
2213
2614
2260
2258
2473
2193
2699
2176
2542
2190
2103
2556
2305
2651
2462
2566
2500
2507
2745
2185
2621
2078
2283
2433
2229
2469
2188
2114
2682
2116
2699
2279
2531
1926
1511
1962
1891
2695
1592
1567
1724
2008
3032
1587
1527
2148
2400
2557
2422
2743
2052
2530
2437
2734
2666
2021
2520
1907
2418
2709
2112
2482
1781
1750
1549
1507
1469
1755
1734
2112
2373
2413
2211
2037
2256
2052
2255
2084
1682
1620
2080
2128
2122
2361
2054
1411
1609
1641
2088
2309
2642
2364
2497
1975
2611
2594
2379
2605
1964
2217
2450
2334
2461
2063
2532
2202
2519
2075
2246
2375
2095
2191
2568
2384
2562
2119
1715
2092
2034
2581
2204
2587
1832
2510
2412
2170
2595
2637
1537
1788
1948
2098
1845
1581
1113
1976
2618
2532
2557
2114
2277
1698
2075
2289
1851
2235
1869
2583
2474
1999
2432
1893
1829
1493
1764
1608
1460
1538
1363
1729
2369
1299
2198
2051
2441
2786
1868
2601
2111
1913
1874
1941
2660
2081
1706
1638
1569
2024
1793
2268
1640
1335
1937
1862
2240
2106
2243
2135
1876
2151
2287
2089
2323
2128
1674
1922
2138
2185
1919
2150
2044
2327
2192
2397
2182
2316
2532
2024
2363
2094
2331
1850
2435
2061
2567
2342
2082
1903
1962
2134
2202
1646
1905
2202
2332
2371
2441
1589
1370
1880
1946
2447
2391
2104
2385
2365
2347
2301
2352
2405
2417
2212
2543
2396
2286
2354
2509
2332
2557
1480
1388
2226
2169
2680
1900
2055
2142
2529
2669
2144
2600
2205
2244
2074
2521
2257
2325
2399
2442
2236
2641
2128
2353
1981
1549
1481
1554
2298
2121
2361
2323
2674
1921
2164
1642
1405
1948
2104
2286
2451
2623
2237
1898
2466
1588
1783
1765
2422
2286
2033
2175
1942
2432
2159
2425
2728
1656
2114
1885
2500
2398
2146
2535
1799
1753
2016
2088
1336
1616
1762
1232
1604
1469
1599
2485
2143
2505
2262
2407
1968
2334
2400
2173
2314
1961
2112
2002
2611
2399
1917
2339
1758
1569
1660
1603
1456
1490
2156
1876
2325
1968
2392
2408
1951
3175
2194
2526
2089
2349
2666
2056
2423
1952
2092
2500
1813
2298
2059
1739
1515
2043
2414
1859
2239
2053
2331
2067
2323
1368
2127
2189
1982
2328
1914
1860
2185
2127
2465
1896
2327
2328
2375
2726
2086
2379
1953
2561
2009
2216
2477
1762
2034
1781
2110
2516
2115
2784
1943
1710
1724
1973
2163
1881
1569
1695
1735
1392
1541
1788
1710
2435
2124
2853
2307
2618
2119
1768
1661
1299
2074
1865
2582
1384
1596
1464
1454
1555
1443
2175
2144
1748
2332
1926
2636
2406
1970
2554
2047
2214
2173
2141
2408
2381
2670
2215
2584
2148
2564
2490
2366
2457
2193
1498
1567
1862
2482
2467
2562
2169
2562
2237
2332
2622
1641
1546
1530
1604
2430
2414
2453
2416
2376
2435
2484
2481
2501
2447
2389
2334
2605
2501
2596
2392
2555
2488
2449
2468
1402
1849
1329
1445
1502
1621
1693
1992
2558
2307
2469
2457
2406
1718
1510
141382
1511
1418
1403
1347
1398
1444
1972
2494
2351
2616
2535
2539
2170
2931
2050
2425
2497
2399
2482
2622
2420
2677
2322
2561
2371
2570
2355
2367
2660
2465
2665
1550
1452
2247
2063
2690
2536
2299
2516
2116
2345
1923
2105
1965
2272
2314
1935
2262
2001
2118
2263
2091
2262
1856
2122
1978
1852
2114
2087
1917
1987
1898
2197
1903
2095
1437
1866
2043
2126
1724
2061
2159
1930
1951
1861
2427
2084
2170
2314
1652
1333
1935
1923
2243
2027
2286
2153
2082
2217
2132
2213
1762
1580
1557
1375
1414
1580
1701
1391
1284
1374
1476
1424
1623
1868
1358
1268
1189
1117
1156
1745
1887
1973
1612
1779
1554
1317
1179
1324
1653
1762
1405
1625
1719
1085
1195
1178
1377
1343
1395
1408
1046
1932
1243
1362
1293
1676
1560
1451
1370
1761
1456
1412
1406
1697
1710
1394
1580
1396
1589
1311
1617
1908
1538
1488
2015
1767
2097
1336
1452
1400
1545
1571
1688
1556
1498
1934
1527
1687
1682
1275
1367
1186
1285
1846
1567
1960
1688
1391
1653
1326
1965
1631
1778
1685
1537
1636
1416
1799
1556
1794
1729
1431
1865
1955
1785
1652
1899
1489
1563
3052
1544
1658
1893
2137
1346
1688
1320
1709
1787
1408
1330
1526
1652
1473
1518
1426
1609
1610
1672
1669
1553
1640
2028
1856
1718
1442
1341
1582
1551
1505
2362
1991
1613
1737
1957
1988
2452
2038
2243
2178
1982
2037
1836
1790
1921
1987
2455
2345
2292
1947
