1659
2145
1828
1862
1784
2171
2070
2142
2600
2579
2986
2780
2708
2560
2503
2722
2035
2190
2393
2379
2634
2734
2744
2106
2608
2099
1612
2226
1617
1937
2077
2010
1787
2069
2652
2283
2629
2383
2617
2088
2681
2595
2538
2757
2890
2519
2666
2296
2770
2412
2782
3007
2432
2924
2542
2738
2012
1658
1586
1625
2220
2124
2009
2198
2016
1667
1844
1802
1548
1917
1723
2159
2429
2592
2561
2643
2650
2710
1962
1648
1961
2227
2222
2045
2677
2813
2511
2919
2520
2694
2380
2927
2499
1847
1687
1859
1440
1495
1785
2205
2048
2900
2074
2057
2737
2493
2788
2291
2871
2347
2752
2370
2543
2720
2430
2364
3156
2095
1988
1660
2516
2191
2988
2827
2555
2997
1760
1881
2011
2746
3012
2161
2673
2561
2152
2664
2714
2721
2556
2280
3321
2288
2632
2491
2487
2484
2873
2757
2688
2946
2201
2776
2452
2414
2792
2078
2813
2634
2589
2502
2433
2697
2454
2677
2400
2950
2642
2482
3058
2500
2423
2362
1858
1652
1658
2381
2375
2894
2803
2563
2964
2307
2801
2228
2293
2528
2122
1756
2368
1424
1593
1802
2508
1935
2376
1613
2057
2569
2488
2833
2317
2671
2628
2435
2535
2340
2916
1994
2372
2249
1733
2300
2534
2597
2968
2248
2560
1899
1651
1690
1524
1577
1965
2020
2155
2407
2622
2891
2634
2591
2830
1532
1519
1640
1512
1906
1760
1586
1591
2173
2297
2390
2891
2304
2973
2156
2510
2532
2432
2675
1919
1699
1746
1818
1645
1831
2374
2044
2810
2081
2819
2661
2383
2239
2266
2752
1910
1567
1790
1755
2295
2041
2699
2295
2953
2783
2151
3221
2347
2832
2420
2062
2445
2134
2479
1978
1696
1535
1786
2453
2045
2474
2192
2240
2433
2159
2613
2324
2680
2013
2469
1562
1615
1688
2195
2566
2347
2416
2211
2729
2596
2842
2694
2410
1789
1599
2070
1987
2167
2749
2466
2837
2119
2160
1757
1583
1873
2046
2432
2383
2356
2675
2730
2285
2275
2167
2793
2327
2748
2220
2712
2235
2543
2628
1829
1773
1722
1478
1781
1945
2289
2488
2987
2151
2686
1973
1816
1658
1745
1621
1751
1608
1882
1819
1474
1734
1565
1847
1729
1675
1796
1580
1884
1726
1820
1727
1705
1855
1400
1653
1607
1798
1562
1753
1640
1469
1665
1586
1658
1490
1687
1564
1466
1693
1678
2196
1520
1412
1992
2443
2211
3097
2830
2819
2423
2950
2701
2414
2555
1540
1526
2244
2492
2512
2227
2844
2158
2564
2152
2502
2662
2151
2824
1673
1634
2337
2934
2045
2414
2733
2445
1673
1713
1634
1690
1673
2009
2038
2706
2019
1909
2291
2138
2736
2238
2810
1903
2461
2959
2075
2938
2136
2604
1978
1904
2239
1746
1591
2048
2485
2343
2643
2950
2042
1733
1759
2385
2619
2597
2443
1670
2164
2078
2009
1890
2396
2950
1722
1914
1982
1621
1652
1676
1567
1383
1993
2119
1670
1541
1854
2311
2183
2727
2639
1629
1687
1712
1517
1640
1760
1541
1716
2203
1764
1620
1560
1920
2280
2291
2051
2484
2340
2260
2674
2193
2712
2571
2735
2581
2592
2669
2582
1735
1676
1535
1556
2027
2237
2766
2940
3000
1666
1762
1535
1507
1514
2342
2377
2231
2667
2336
2579
2758
1921
1999
1875
2500
1507
1741
1562
1640
1760
1656
1992
2185
1547
2016
1637
1644
1628
1802
1605
1913
1513
1603
2210
1524
1640
1770
1735
1764
1568
1664
1662
1873
1668
2021
1785
1533
1769
1648
1892
1815
1413
1778
1609
1757
1939
1542
1620
1598
1909
1709
1828
1607
2265
2179
2421
1599
1528
1547
1597
2594
2381
2324
2499
2639
2671
2388
3083
1843
1736
1489
1912
1564
1757
1469
1850
1792
1490
1727
1652
1831
1766
1524
1934
1681
1774
1721
1488
1467
1531
1762
1594
1633
1778
1466
1737
1600
1690
1605
1697
1783
1588
2011
1642
1847
1792
1414
1783
1706
1776
1550
1493
1693
1615
1651
1523
1622
1621
1770
1686
1453
1641
1524
1800
1570
1870
1914
1585
1676
1579
1838
1767
1578
1797
1519
1755
1542
1791
1799
1747
1532
1486
1658
1533
1639
1885
1976
2072
2263
2174
2235
2532
2019
1709
1717
1854
1271
2278
2524
2014
2628
2297
2601
2543
2177
2571
2076
2789
2284
2399
2823
1639
1835
1612
2403
2415
2312
2665
2170
2634
2297
2550
2692
2087
2995
1946
1931
2301
2085
2413
2016
2560
1504
2154
2294
2295
2511
1879
2142
2476
1900
1598
1318
2255
2047
2438
2317
2077
2262
2261
2265
2073
2034
1410
1858
2256
2446
2261
2654
2017
2703
2043
2160
2643
2268
2458
1489
2045
2653
2110
2718
2044
3039
2501
2769
1455
1805
1743
1655
1589
2076
2157
2424
1970
2921
2191
2398
2739
1605
1449
1566
2161
2324
2143
2938
2152
2740
2356
2669
2519
2427
2802
2310
2587
2713
2406
2680
1933
2739
1900
2341
2413
2133
1518
1844
1703
1457
1810
2319
2020
2654
1978
2500
2103
2335
2396
2223
2297
2183
2321
2395
2307
2366
2299
2074
1454
1685
2244
2077
2366
1605
1450
2268
2023
2489
1541
1901
1911
2061
2092
2277
2212
2119
2222
2130
2284
2332
2521
1860
1393
1994
2426
2252
2699
1786
1510
1533
1407
1738
1728
1993
1531
2261
2621
2021
2540
1754
2287
1700
2791
1523
1533
1641
1629
1513
1734
1844
2367
1929
2622
2145
2076
2606
2085
2620
2423
2684
2252
2088
2318
2019
2541
2128
2406
2420
2108
2031
1728
2027
1534
1906
1619
1574
1936
2168
2287
2533
2503
2672
2093
2241
2656
2214
2610
2073
2733
1584
2001
2211
1675
1681
1462
1671
1816
2234
1984
1982
2138
2050
1609
2001
1967
2306
2179
2183
2544
2240
2449
2166
1603
1728
1652
1639
1452
1750
2168
2277
2944
2458
2458
2781
2848
1620
1541
1628
2027
2272
2140
2544
2372
2507
2708
2228
2545
2004
2008
2479
1695
1531
1871
2823
2210
2846
2871
2184
2728
2241
2050
2557
2198
1966
2084
2347
2262
2291
2698
2100
2448
