1900
1679
2761
1572
1726
3169
1695
1486
3053
1980
1769
2842
1265
1843
1818
1251
2024
1605
1467
2189
1250
1403
2553
1896
1429
2458
1170
1688
1316
1241
2482
1274
1294
2396
1232
1810
2559
1621
1771
1921
1410
1543
1221
1264
1511
1293
1265
2047
1391
1550
1722
1529
2054
1413
1416
2374
1282
1402
1848
1419
1576
1713
1392
1176
1303
1207
1710
1413
1683
1440
1236
1497
1344
1293
1364
1236
1305
1348
1353
1240
1485
1423
1378
1483
1624
1359
1473
1318
1471
1487
1634
1505
2156
1357
1719
1406
1317
1366
1249
1230
1312
1350
1971
1625
1881
1448
1280
1833
1445
1735
1545
1537
1381
1523
1478
1592
1777
1546
1659
1532
1593
2009
1445
1522
1685
1482
2246
1324
1339
1262
1277
1737
1767
1609
1507
2142
1609
1608
2112
1264
1516
1665
1241
1268
1243
1975
1435
1767
1196
1446
1628
1523
1537
1770
1799
1365
1283
1675
1459
1697
1433
1433
1714
1557
1376
1427
1750
1476
1579
1529
1563
1493
1625
1896
1693
1474
1691
1637
1822
1958
1391
1253
1748
1571
1395
1438
1726
1215
1258
1297
1229
1223
1476
1412
1412
1319
1235
1820
1385
1355
1241
1618
1631
1819
1558
1826
1826
2107
1695
1992
1741
1821
1640
1556
1550
1411
1749
2188
1383
1572
2360
1468
1258
1495
1564
1673
1456
1509
1774
1684
1608
2068
1722
1616
1601
1618
1721
1605
1757
1702
1629
1645
2392
1489
1593
1915
1773
1879
1575
1551
1948
1420
1739
1998
1720
1419
1935
1664
1681
1583
1364
1890
1501
1599
1685
1315
1606
2180
1701
1837
1425
1657
1829
1561
1788
1537
1695
1797
1687
1407
1408
1939
1501
1673
1563
1384
1912
1775
1565
1442
1476
1836
1943
1836
1741
2915
1200
1979
1362
1257
1353
1853
1130
1768
1864
1434
1425
1688
1176
1195
1199
1545
1298
1825
1658
1505
1435
1774
1728
1894
1565
1772
1640
1379
2091
1852
1853
1892
2196
1606
1414
2219
1583
1234
1609
1236
1417
1379
1470
1801
1938
1471
1478
1836
1563
1539
1594
1796
1578
1800
1853
1363
1752
1301
1469
1686
1599
1828
1448
1693
1727
1323
1822
1613
1397
1351
1537
1450
1561
1621
1568
1483
1448
2002
2501
1995
1541
1683
1501
2096
1873
2359
2110
1681
1943
1600
2698
1847
2289
2382
2511
2754
2027
2504
1652
1570
2205
2021
2575
1952
1630
1654
1523
2117
2009
2203
1660
1408
1610
1861
2296
1923
2413
2014
1472
1798
1691
1479
1552
2491
2057
2309
2554
1540
2004
1845
1651
1896
1956
1571
1592
1332
1707
1431
1370
1224
1245
1124
1238
1653
1704
1242
1549
1422
1333
1437
1204
1412
1403
1349
1286
1650
1471
1184
1159
1342
1382
1255
1163
1189
1308
1222
1255
1179
1606
1425
1382
1546
1210
1754
1661
1486
1948
1690
1665
1589
1418
1578
2251
1193
1881
1710
1160
1550
1815
1328
1434
1182
1270
1905
1480
1529
1449
1194
1714
1370
1890
1493
1714
1537
1828
1664
1803
1571
1455
1614
1794
1618
1462
1498
1698
2057
1686
1870
1564
1677
1814
1573
1620
1532
1717
1688
2062
1388
1795
1543
1381
1546
1517
1739
1561
1817
1570
1764
1654
2164
1664
1727
1488
1579
1389
1458
1523
1237
1893
1482
1652
1901
1601
1989
1621
1532
1660
1773
1460
2278
1618
1473
2036
1368
1857
1598
1587
1813
1439
1497
2272
1444
1451
2241
1706
1750
1739
1424
2001
1334
1768
1921
1392
1541
2084
1535
1644
1430
1687
1974
1652
1444
2101
1703
1518
2251
1475
1626
1895
1800
1596
1538
1597
2044
1368
1987
2663
1476
1793
2624
1487
1424
2252
1280
1670
1437
1362
2406
1388
1287
2573
1535
1396
2239
1528
1527
1445
1417
1609
1316
1388
1709
1294
1673
1963
1559
1208
1521
1418
1364
1769
1570
1694
1447
1700
1682
1341
1607
1568
1797
1874
1188
1501
1152
1434
1406
1596
1541
1437
2098
1502
1262
1511
1523
1820
1632
1420
1927
1646
1488
1620
1723
1585
1656
1567
1475
1754
2017
1815
1753
1322
1441
1359
1628
1247
1749
1476
1228
1193
1306
1321
1339
1371
1229
1319
1254
1142
1285
1246
1586
1612
1439
1781
1622
1452
1680
1426
1620
1609
1516
1983
1881
1890
1849
1833
1615
2028
1196
1334
1418
1603
1436
1834
2641
1636
2431
1352
1312
1446
1641
1872
1675
1783
3264
1526
1815
3707
1365
1687
2270
1476
1524
1475
1406
1371
1563
1427
2683
1598
2557
2946
2034
1476
2730
1229
1271
2958
1712
1698
1304
1384
1970
1343
1421
2210
1448
1542
1903
1264
1300
1416
1409
1856
1675
1462
2222
1498
1738
1886
1315
1336
1314
1412
1282
1477
1399
2162
1760
1431
1890
1794
1501
1655
1482
1488
1491
1720
1995
1397
1665
1901
1722
1778
1583
1925
1378
1732
1510
2024
1872
1373
1800
1336
1591
1804
1756
1713
1329
1705
1565
1674
1562
1805
1948
1532
1871
1381
1767
1835
1604
1762
1458
1739
1595
1363
1812
1942
1695
1434
1950
1733
1291
1655
1520
1651
1708
1310
1742
1500
1323
1852
1823
1950
1422
1644
1674
1759
1590
1980
1702
1469
1820
1443
1821
1671
1372
1751
1414
1860
1387
1556
1572
1528
1525
1443
1598
1606
1489
1315
1474
1446
1607
1405
1810
1410
1697
1447
1839
1692
1449
1749
1452
1666
1333
1498
2010
1462
1470
1402
1662
1289
1409
1581
1271
1406
1815
1597
2008
1818
1460
1337
2440
1727
1616
1323
1344
1415
1439
1294
1726
1433
1819
1639
1694
1845
1513
1602
1402
1428
1337
1721
1541
1413
1854
1911
1711
1466
1519
1740
1353
1836
1592
1553
1752
1347
1603
1425
1749
1468
1421
2073
1477
1780
1675
1480
1539
1612
1451
1416
1552
1479
1688
1645
1501
1554
1357
1678
1402
1740
1447
1308
1581
1396
1575
1536
1370
1307
1646
1647
1422
1778
1647
1499
1802
1483
1472
1855
1296
1926
1675
1265
1186
1203
1235
1189
1737
1991
1548
1530
1205
1249
1259
1228
1203
