1336
1336
2108
1575
1696
1257
1898
1457
1611
1770
1574
1505
1547
1165
1505
1235
1438
1297
1763
1365
1285
1603
1342
1277
1175
1300
1278
1371
1869
1585
1395
1774
1210
1723
1536
1603
1630
1461
1395
1383
1477
1450
1591
1649
1411
1860
1510
1207
1967
1402
1799
1308
1402
1297
1747
1373
1406
1369
1314
1801
1824
1392
1422
1440
1336
1871
1100
1430
1350
1602
1485
1201
1906
1268
1625
1403
1641
1394
1747
1611
1386
1771
1316
1710
1654
1377
1712
1360
1308
1273
1506
1394
1453
1651
1446
1698
1596
1252
1560
1243
1237
1262
1196
1159
1440
1625
1416
1732
1687
1239
1621
1328
1934
1674
1238
1375
1187
2945
1505
1548
1520
1492
1753
1578
1618
2219
1824
1595
1325
1582
1224
1443
2251
1539
1407
1629
1255
1201
1277
1376
1371
1306
1614
1551
1443
1558
1581
1328
1678
1512
1411
1592
1357
1730
1638
1297
1300
1279
1841
1696
1270
1699
1669
1307
1154
1104
1544
1152
1464
1285
1489
1612
1291
1570
1338
1927
1366
1617
1317
1449
1528
1320
1652
1581
1324
1579
1275
1661
1313
1604
1579
1377
1538
1317
1656
1308
1929
1498
1473
1292
1258
1396
1313
1316
1595
1506
1655
1386
1640
1740
1383
1644
1463
1588
1598
1338
1587
1340
1605
1362
1607
1788
1411
1810
1468
1672
1681
1160
1629
1286
1612
1301
1557
1595
1362
1635
1256
1713
1629
1334
1614
1405
1765
1708
1383
1663
1553
1465
1315
1644
1562
1260
1687
1328
1718
1745
1212
1579
1282
1796
1323
1700
1473
1458
1652
1621
1898
1810
1235
1444
1287
1342
1602
1387
1700
1589
1923
1481
1428
1317
1501
1485
1424
1646
1718
1516
1558
1670
1310
1269
1519
1525
1525
1782
1502
1588
1359
1750
1847
2136
1821
1546
1975
1686
1820
1634
1564
1527
2048
2120
1789
2109
1864
2270
1893
1740
2351
1949
2329
2022
1741
2284
1840
2373
2036
2583
2345
1907
2567
1994
2308
2481
1920
1984
2259
1649
1469
1249
1737
1645
2264
1504
1475
1655
1397
1690
1705
2072
2442
1996
2424
1811
1697
1512
1682
1968
2105
2190
1920
2316
2435
3429
2413
1818
2513
2366
1810
2109
1863
2664
1898
2282
2507
1683
2266
1594
2137
2545
1847
2528
1887
2620
1740
2320
2709
2012
2613
1842
2334
2289
1963
2467
2225
2607
1574
1322
1820
2088
2033
1593
1517
2300
2239
2271
2060
2496
1929
2396
2559
1747
2777
1957
2393
2471
2097
2386
2181
1933
2139
2054
1946
2495
2492
2279
2423
2781
2414
1762
1302
1631
2105
1841
1635
1770
1457
1956
1861
1647
1622
1491
1386
1522
2337
1824
2170
1887
1579
1528
2049
2070
2217
2049
2115
2174
2046
2089
2428
2108
2310
2271
2121
2337
2095
2674
2089
2170
2492
2318
2117
1986
2501
2409
2301
2139
2078
2298
2322
2263
2339
3267
1538
1535
1727
1567
1633
2025
2038
1889
1574
1486
1927
1761
1801
1496
1813
1451
1523
2208
2353
1684
1993
2190
2095
2334
2672
1936
2099
2140
2455
2520
2468
2690
1978
2711
2179
2374
2065
1937
2192
2286
2443
2087
2508
1456
1570
1983
1638
2286
2126
2934
2508
1902
1279
1592
2190
2333
2268
2443
1988
2450
1617
1488
1628
2436
2393
2428
2343
2313
2417
2495
2279
2372
2178
3933
1978
2064
2307
2316
2464
2328
2492
2489
2402
2169
2108
2262
2381
2351
2464
2553
2407
2434
2262
1566
1674
2585
2202
2519
2164
2558
2652
1599
1554
1918
1855
1357
1457
1714
1570
1859
1387
1882
1997
2503
2750
2453
2457
1948
1871
2612
2199
1640
1588
2484
2171
2612
2408
16342
1582
1467
1427
2119
1960
2424
1396
1485
2015
2232
2520
2229
1483
1774
1668
1565
1581
1968
2171
2735
1714
1948
2033
2235
2431
2530
1498
1766
1598
1717
2189
2676
1818
2579
2015
2127
1628
1855
2289
1837
2361
2215
2315
2555
2386
2624
2237
2447
2335
2316
2599
2306
2351
2182
2507
2462
2767
2275
2168
2558
2196
2367
1660
1370
1837
2112
1503
1823
2289
2408
2232
2192
2226
1500
1464
1579
2056
2448
2427
2510
2245
2435
2409
1940
1771
1839
2276
2460
2248
2350
2278
2113
1932
2075
2116
2459
2310
2365
1494
2042
2303
2143
2379
2634
2314
1832
1559
1381
1602
1471
1464
1913
1888
2133
2384
2268
2185
1867
2348
2342
1513
1398
2094
2454
1852
2040
1840
1988
2115
2364
2244
2289
2289
2231
2184
2222
2093
2143
2122
2306
2432
2126
2470
2568
2672
2480
2070
2062
2341
2502
2026
2481
2339
1998
2481
2245
2629
2164
2515
1734
1507
1706
1884
2257
2087
2092
2334
1528
1593
1661
2005
2341
2566
2382
2563
2714
2284
2671
2278
2340
2406
1790
2537
2276
1999
2569
1489
1477
1678
2273
1516
1836
2546
1644
2343
2112
2436
2488
2350
2491
2387
2346
1924
2535
2513
2328
2543
2010
2550
2474
2163
2621
2013
2481
1768
1295
1828
2173
2108
2049
2173
2233
1862
1955
2339
2285
2503
2159
2518
2445
2427
2244
2269
2495
2129
2653
2400
2103
2481
2103
2495
2419
2412
2759
2386
2554
1417
1630
1317
1690
2341
1889
2550
1871
2206
1983
2324
2123
2889
2085
2061
1563
1391
1791
1627
2469
1969
2516
2553
2021
2445
1674
2363
2067
2472
2313
2032
2150
2376
1694
1771
1510
1445
1466
2059
2397
2009
2626
2161
2321
1851
1624
1863
1573
1912
1976
2324
2088
2423
2400
2021
2155
2473
2265
2668
2097
2567
2006
1694
1635
1824
2226
2079
2205
1918
2272
2231
2278
2619
1924
2556
2523
2200
2572
2271
2339
2175
2172
2590
2085
2297
2414
2119
2406
2205
2613
2232
2539
2078
2411
2055
2188
2284
2238
2148
2250
2259
1814
1517
1871
2210
1663
2461
2344
2023
1463
1557
2002
2046
2348
2213
2538
2382
2170
2628
1962
2403
2161
2062
2410
2151
2772
1957
1308
1345
1804
2460
1915
2101
1981
2594
2405
2214
2503
1509
1580
1270
1639
1466
1718
2598
2073
