1411
1201
1943
1538
1580
1773
1889
1875
2248
2489
2373
1628
1626
1826
2379
2186
2455
2180
2342
1867
2342
2635
2105
3156
2050
2333
2013
2231
2516
1783
1944
2384
2480
2602
2251
2418
2157
1611
1375
1862
2228
2584
2649
2386
2601
2239
2447
2640
2174
2633
2375
2331
1975
2775
2567
2537
2656
1801
2496
1829
2308
2448
2430
2594
2515
2545
2182
2379
2337
2357
2600
2111
2414
2743
2496
2710
2632
2415
1872
1385
1614
1780
2448
2041
1705
1692
1733
2228
2391
1969
1384
1361
1533
1515
1392
1534
1754
1599
1297
1694
1714
2452
2172
1732
1728
2161
2009
2307
2313
2191
2218
2618
2378
2763
2086
2227
2185
1846
1731
1862
2220
2249
2570
2136
2769
2311
2152
2197
2220
2392
2406
1804
1626
2098
2329
2580
2328
2362
2455
2372
2383
2338
2526
2353
2421
2530
2552
2008
2262
1601
2550
1986
1984
2387
2410
2394
2400
2314
3261
2278
2498
2001
2450
1922
2171
2529
2528
2546
2347
2412
2536
2556
2127
1976
2532
2364
2593
2445
1973
1470
1409
1445
1601
1905
1378
1628
1713
1665
1521
2342
1164
1722
1836
1953
2188
1318
2271
2131
2160
1982
2021
2277
2170
2027
2078
2128
1979
2386
2072
2048
2360
2065
2415
2440
2208
2106
2468
2260
1961
1963
1916
2196
2335
1903
2120
1891
2503
1468
1267
2448
2058
2692
2151
2550
2158
2629
2232
2257
2058
2378
2062
2319
2075
1445
1607
1406
1365
1643
1325
1552
2189
1123
981
1758
2475
2232
2315
2353
2380
2598
2431
2372
2612
2177
2312
1533
2185
2375
2172
2673
1940
2571
2593
1979
1641
1423
1733
2043
2286
2523
2582
2108
1962
1682
1341
2017
1939
1342
1556
2240
2231
2077
2424
2127
2268
2606
2189
2512
1794
2398
2569
2366
2530
2151
2747
2177
2479
2374
2004
1892
1808
2011
1682
2494
2340
2600
2496
2276
2446
2019
2581
1397
1490
1849
2458
2528
2525
2374
2478
2070
2313
1829
1543
1307
1789
2354
1548
1716
2364
2393
2295
2026
2436
2245
2625
2576
2329
2547
2605
2495
2769
2476
2688
2202
2451
1912
1561
2518
2055
2279
2211
2541
2529
2458
2190
2237
2225
1923
1718
1628
1330
1728
1625
1653
1714
1579
1590
1656
1634
1381
1300
1167
1073
2171
2291
2401
2723
1720
2568
2296
2032
2009
1587
1282
1699
2022
2560
2550
2570
2248
2212
2507
2082
2617
2381
2393
2611
2826
2862
2147
2647
2201
2303
2492
2264
1786
1495
1426
2059
2485
2487
2046
2584
2478
2681
2664
2370
2815
2414
2381
2344
2463
2568
2500
2205
2475
2334
2451
2426
2739
2174
2589
2423
2164
2550
2368
2574
2742
1938
2646
2278
2528
2462
2089
2574
1795
2064
2226
2448
3082
1499
1437
1990
1828
1506
1667
1542
1412
1888
1961
2388
1562
1933
2577
1991
2524
2347
2596
2482
2678
2332
2037
2630
2618
2031
2820
1968
2481
2257
2462
2865
1898
2292
1838
2380
2499
2581
2598
2092
1883
1722
1944
2753
2489
2166
2211
2601
2307
1657
1615
1796
2015
2488
2371
2692
2617
2462
2003
2380
1965
2453
2469
2638
2637
2544
2442
2541
1994
2571
2253
2759
2301
2761
2617
2436
2593
2248
2468
2499
2464
2671
2486
2441
2613
2566
2619
2257
1576
1945
2643
2476
1553
1298
1533
1595
1724
1642
1501
1515
1929
1999
1641
1719
1708
1493
1768
2336
2306
1606
2382
1976
2743
2356
2603
2557
2427
2915
1746
1715
2275
2356
2440
2096
2589
2360
2104
2455
2197
2202
2518
1958
2240
1951
2504
2171
2481
2083
2288
2148
2563
2132
1847
1900
1393
1579
1914
2031
2470
1753
2275
2227
2212
2245
1678
1620
1877
1825
2320
2033
2375
1779
2167
2239
2069
2418
2183
2450
1864
2391
2287
2102
2283
2047
2156
2056
2178
2090
2062
2131
2023
1957
2231
2303
2361
2225
2457
1429
1660
1594
1901
1529
1785
1304
1449
1568
1607
1718
1561
1372
1734
1991
2255
2017
2126
1987
2114
2196
2646
2167
2696
2276
2390
2571
2299
2186
2013
2344
2353
2120
2583
1952
3012
1695
1879
2198
2077
2206
2295
2381
2001
2356
2378
2262
2360
2053
1926
2235
1474
1607
1669
1995
2101
1942
1669
1871
2222
2604
2648
2261
2243
2385
1638
2081
2298
1814
1869
2320
2074
2624
1764
2133
1999
2091
1533
1808
1629
1278
1581
1725
1961
1751
2616
2558
1920
2091
2046
2042
2097
1866
2242
1735
1398
1672
1616
1472
1533
1469
1508
1934
1968
1615
1802
1801
2139
2039
2128
2390
2133
2145
2050
1974
1985
1893
2090
1969
2394
2912
2013
2184
2227
2572
1417
2140
2357
1976
2627
1688
2626
2745
1990
2697
1945
2234
2492
2336
2496
1862
2643
1921
2507
2400
1722
1533
1716
1681
1643
1422
1976
1946
1456
1783
1994
2150
1802
2344
2435
1798
2304
2080
2464
2131
2287
2397
2153
2650
1965
1914
2407
1966
1967
1954
2427
1945
2619
2865
1914
2142
2471
2340
2562
2195
2664
2144
2439
2073
2276
2593
1806
1596
1391
1362
1761
2227
2626
1506
1693
1888
2772
2556
2090
2751
2082
1442
1505
1533
2176
1972
2538
2167
2370
2348
2082
2471
2220
2490
2350
2440
2616
2114
1950
1827
2357
2351
2652
2392
2252
2692
2584
2476
2541
2331
2483
2353
2217
2039
1599
1869
1444
1687
1949
1957
2032
2107
2166
1954
1775
2012
2113
1948
2340
2374
1828
1951
2361
2051
2175
2238
1874
2412
2039
2151
2094
2154
2002
1787
2299
2118
2547
2106
2085
2255
2104
2518
1973
2677
1829
1932
2052
1831
1647
1372
1450
1414
1440
1590
2087
2208
2342
1417
1433
1575
1611
1969
1929
1958
1895
1906
1907
1744
2127
1856
2413
2225
2381
2125
2071
2167
2164
2087
2282
2126
2240
2424
2688
2112
2393
2432
2272
2064
2243
2013
1611
1943
1957
2237
1992
1830
1893
2053
1505
1633
2005
2557
2023
2209
2247
2492
2040
2421
2151
1851
2151
1637
1798
1978
1938
2416
2190
1908
2219
