1385
1674
1567
1513
1899
1539
1429
1814
1917
2312
1872
1430
1630
1607
1945
2241
2624
2177
2252
2429
2180
2271
2128
2350
1365
1717
1404
2031
2580
2158
2425
2563
1929
2185
1683
2046
2317
2404
2467
2385
2827
2227
2233
2068
2285
2465
2503
2478
2757
1454
1845
1531
1574
1464
1503
1911
2119
2415
2222
2589
2007
2615
1960
2349
2629
1862
2178
2124
2476
1322
1934
1517
1503
1567
1800
1738
1413
1665
1567
1460
1560
1931
2146
2169
2111
2484
2637
2315
1828
2259
2547
2604
1619
1539
1922
2028
2346
2509
2495
1456
1502
1806
2167
2865
2412
2378
2672
2579
2849
2258
2735
1637
1707
2548
1998
1972
2141
2353
2377
2504
2650
2623
2487
2745
2600
2374
2364
2066
2377
2394
2723
2484
2855
2219
2465
2244
2419
2282
2397
2586
2259
1840
1901
2160
2348
2385
1607
1361
1880
1843
2543
2209
2752
2479
2135
2526
2358
2277
2512
2394
2463
1869
2145
2243
2442
1975
1805
1737
2139
1782
1581
1268
1880
1728
2072
1946
2670
1926
1897
2141
1692
2111
1880
2197
1674
1448
2285
1955
2839
1862
2052
1931
2146
1564
1429
1953
2227
2072
2082
2511
1573
1403
2179
1869
2492
2015
2489
2292
2225
2318
2468
2251
2541
2037
2620
2023
2392
1829
2389
2481
2101
2470
2241
2413
1843
2716
2351
1893
2818
1504
1859
2697
2432
1822
1499
1442
2238
1476
1425
1574
1574
1917
1442
1756
2092
2136
2100
2097
2209
2321
2489
1806
2459
1665
1785
1768
1497
1485
1322
2080
2114
1494
1595
2110
2304
2064
2477
1931
2579
1990
2240
2496
1739
2127
1963
2391
1822
1561
1634
1866
1872
2158
2161
2327
2048
1875
1707
1511
1990
2138
2495
2036
2466
2080
2332
2101
2441
2353
2195
2051
2033
2503
2023
2091
2631
1518
2022
1969
2159
1915
2390
2449
1686
2079
1977
2217
2573
2046
1920
1959
2388
2066
2168
2115
2062
2509
2111
2383
2393
2243
2483
1764
2372
1624
1267
1596
1901
1921
2011
2314
2165
4358
2219
2217
2445
1717
2585
2022
1794
1275
1554
1504
1449
1669
1441
1844
2267
2291
2135
1722
2638
2626
2373
2400
1945
2550
2123
2486
1472
1396
2193
2173
2622
2486
2331
2318
2569
2491
2102
2712
1493
1435
2237
2621
2692
2338
2436
2279
2033
2397
2015
2503
2145
2373
2019
2112
2496
2270
2216
2392
2044
2457
2309
2376
2404
2008
2440
2137
2219
1904
1869
2129
2249
1751
2204
2169
1882
1883
2077
2055
2000
2290
2256
2381
2006
2098
2773
2037
1431
1396
1800
2353
2403
2677
2118
2356
1995
1926
2005
1626
1689
1662
1332
1516
1599
2097
1546
1587
2137
2292
2115
2193
2280
2415
2005
2519
1914
2020
2257
2367
1637
1398
1854
1918
2056
1949
2323
2316
2052
1912
2378
1628
1669
1732
1704
1482
2077
2354
2677
2597
2529
1818
1662
1541
2441
2180
2723
2224
2855
2179
2542
2683
2608
2484
2508
2228
2449
2372
2597
2393
2815
2427
2525
2402
2455
2489
2475
2552
2906
1564
1555
1609
2313
2347
2459
2193
2781
2387
2460
2468
1602
1342
1600
2146
3222
2262
2197
2603
2313
2433
2096
2050
2263
2068
1433
1260
1591
1457
1483
1417
1499
2417
2153
2468
1724
2370
2263
2077
2518
1848
2408
2457
1538
1786
1917
2569
2030
2415
2487
2485
2511
2173
2420
2664
2215
2389
2024
2432
1436
1657
2204
2287
2515
2442
2487
2334
2372
2493
2459
2205
2383
2300
2489
2266
2700
2532
2305
1931
2040
2280
2212
2641
2257
2080
2305
2193
2584
1979
1887
2474
1916
2059
1798
2241
2471
2575
2657
2220
2322
2582
2236
2415
2393
2735
1739
1606
1490
2159
2349
2193
2498
2065
2402
2352
2442
2684
1775
1528
1436
1345
1646
1608
1272
1353
1124
1319
1275
1237
1311
1387
1403
1710
1412
1109
1477
1515
1254
1716
1441
1565
1745
1684
1199
1337
1166
1693
1536
1724
1360
1564
1597
1409
1843
1486
1778
1624
1375
1595
1409
2626
1447
1492
1527
1195
1406
1415
1760
2673
2013
1742
2272
1903
2768
1960
2548
2545
2111
2359
1782
2250
2275
1676
2165
2107
1868
1977
2247
2499
2415
2487
1563
1665
2010
2087
1973
1714
2407
2105
2362
1478
1555
1639
1729
2185
2054
1686
2265
1744
2333
2568
2284
2694
2589
2363
1675
1704
1923
1944
2134
1904
2276
1992
1673
2004
2098
1835
2379
1459
1947
2186
2329
2223
2215
2589
2219
1789
1976
2182
2197
2008
2462
2028
2225
2032
2027
2204
1449
1531
1703
1936
2420
2232
2432
1985
1377
1625
1695
2360
1993
2210
2468
2393
2529
2231
2480
1975
2285
2075
2089
2261
2278
2274
2219
1696
1888
1804
1782
1699
1705
1683
1390
1436
1700
1829
2112
2120
2165
1967
2332
1919
2181
2165
2184
1414
1609
2016
2158
1967
2091
2241
1770
1635
1387
1769
1799
1535
1861
1315
1416
1493
1533
2306
2294
2260
2255
2098
2287
2269
2100
1485
1752
1767
2184
2257
2586
2540
2210
2823
2357
2053
2244
2412
2501
2413
2314
2461
2392
2611
2321
1519
1772
1541
1636
1528
1815
1317
1402
1587
1772
2177
2492
2401
2411
2434
2406
2160
2601
1972
2289
2022
2411
2267
2412
2425
2217
2275
2518
1897
2052
2136
1684
2102
2112
2281
2333
2261
2396
1761
1986
2225
2629
1948
2750
2211
2130
2340
2488
1692
1393
1694
2286
1805
2066
2089
2119
2262
2092
1562
1763
1503
1405
1584
1598
1899
2396
2095
1973
2137
1965
2490
2111
1459
1556
1699
2166
1977
2509
1814
2448
2607
2522
2719
2328
1675
1684
1460
2277
2198
2685
2606
2452
2834
2394
2351
1539
1400
1789
2432
2568
2267
2633
2351
2449
2589
2330
2406
2704
2396
2600
2394
2645
2230
2149
2554
2572
2745
2390
2637
1766
2729
1482
1477
1647
1618
2282
2405
2769
2256
2486
2164
2570
1955
2692
2367
2666
2514
2353
3045
1584
1660
1435
1382
1736
1637
2034
1995
2259
2283
1812
2056
