1915
1530
1866
1740
1791
1874
1686
1650
2013
1779
2048
1612
1705
1694
1682
1766
1880
1698
1689
1590
1650
1632
1885
1835
1895
1993
1694
1710
1702
1653
1677
1897
1911
1640
2224
1960
1902
1694
1990
1890
1964
1964
1847
1778
1721
1759
1766
1996
1946
1700
1797
1975
1792
1768
1657
1707
1737
1643
1781
1747
2033
2037
1778
1737
1861
1926
1854
1937
1903
1739
1886
1785
1731
1994
1879
1686
1697
1986
1850
1854
1759
1335
1949
1753
1863
1629
1816
1860
1870
1744
1892
1856
1957
2018
1893
3389
1959
1693
1779
1732
1632
1534
1823
1811
2029
1939
1618
1438
1621
1502
1649
1858
1902
1588
4074
1765
1555
1651
1634
1708
1814
1838
1757
1655
1553
1892
1796
1982
1674
1692
1485
1577
1564
1549
1435
1455
2009
1520
1577
1650
1499
1803
1831
1760
1589
1827
1661
1712
1665
1308
1344
1584
1584
1388
1678
1416
1664
1708
1441
1321
1474
1293
1475
1287
1344
1349
1547
1451
1377
1494
1275
1350
1196
1253
1313
1236
1220
1212
1156
1375
1237
1362
1341
1220
1277
1248
1109
1238
1586
1103
1199
1201
1099
1153
1427
1242
1508
1853
1678
1735
1400
1323
1312
1606
1506
1630
1330
1856
1560
1326
2028
1606
1583
1895
1353
1720
1776
1235
1647
1577
1283
1260
1334
1666
1327
1608
1652
1430
1572
1209
1265
1265
1245
1596
1243
1139
1472
1514
1761
1435
1470
1310
1798
1506
1298
1239
1506
1363
1317
1180
1186
1110
1064
1147
1137
1113
1034
1171
1259
1255
1417
1344
1176
1268
1389
1265
1131
1600
1473
1410
1504
1684
1240
1213
1382
1740
1713
1602
1626
1889
1588
1533
1548
1295
1455
1630
1215
1569
1499
1569
1404
1239
1348
3006
1198
1154
1171
1494
1295
1278
1422
1326
1849
1371
1581
1327
1363
1433
1424
1447
1288
1599
1771
1470
1397
1336
1269
1739
1416
1319
1391
1362
1434
1260
1343
1541
1451
1690
1344
1458
1812
1705
1407
1617
1249
1169
1482
1110
1805
1418
1364
1353
1370
1794
1142
1731
1487
1257
1695
1423
1366
1313
1322
1313
1351
1456
1264
1198
1145
1084
1305
1401
1473
1392
1245
1120
1402
1691
1149
1324
1151
1126
1512
1344
1389
1292
1204
1354
1385
1538
1488
1239
1299
1128
1240
1237
1133
1396
1125
1353
1397
1848
1575
1316
1477
1329
1175
1245
1560
1318
1903
1628
1649
1539
1363
1597
1528
1333
1344
1334
1191
1353
1445
1408
1284
1459
1333
1428
1514
1448
1438
1090
1223
1563
1348
1361
1237
1331
1481
1340
1557
1369
1681
1383
1594
1435
1385
1496
1283
1486
1543
1486
1369
1240
1384
1437
1322
1450
1288
1513
1203
1421
1468
1675
1407
1376
1407
1425
1208
1437
1495
1346
1448
1474
1350
1405
1586
1608
1637
1650
1438
1298
1385
1312
1475
1465
1443
1734
1556
1537
1474
1400
1340
1307
1222
1681
1737
1424
1518
1211
1211
1529
1261
1495
1299
1470
1748
1341
1500
1406
1768
1234
1276
1425
1353
1512
1484
1329
1338
1385
1518
1321
1600
1324
1274
1370
1366
1435
1369
1411
1298
1269
1639
1264
1789
1253
1486
1555
1310
1561
1356
1331
1545
1408
1382
1372
1377
1334
1488
1508
1384
1531
1472
1489
1317
1296
1446
1433
1244
1414
1292
1416
1337
1565
1568
1203
2264
1229
1664
1304
1449
1406
1658
1797
1436
1484
1636
1566
1393
1800
1387
1306
1267
1355
1649
1713
1653
1722
1710
1296
1583
1257
1535
1170
1268
1743
1664
1466
1292
1264
1360
1302
1425
1333
1216
1842
1259
1477
1419
1376
1328
1640
1629
1393
1396
1444
1262
1491
1393
1412
1613
1607
1465
1565
1451
1780
1611
1500
1295
1475
1221
1365
1469
1313
1415
1473
1707
1465
1612
1413
1339
1160
1273
1508
1796
1421
1474
1359
1483
1538
1469
1266
1410
1796
1441
1437
1394
1202
1304
1309
1507
1360
1508
1223
1158
1442
1561
1382
1370
1381
1343
1748
1573
1402
1409
1430
1369
1439
1323
1419
1474
1227
1424
1594
1447
1317
1276
1719
1378
1838
1567
1528
1642
1724
1649
1483
1496
1487
1444
1565
1426
1535
1301
1491
1385
1295
1838
1600
1691
1415
1639
1672
1632
1703
1711
1559
1402
1317
1595
1425
1463
1676
1472
2003
1448
1511
1601
1347
1371
1740
1411
1402
1737
1497
1393
1547
1451
2027
1859
1625
1994
1480
1719
1485
1713
1408
1549
1594
1617
1502
1710
1414
1304
1254
1353
1285
1444
1418
1479
1529
1510
1448
1464
1414
1351
1483
1343
1383
1493
1385
1360
1472
1404
1304
1745
1170
1492
1401
1512
1573
1325
1388
1535
1400
1500
1339
1604
1465
1531
1536
1397
1553
1372
1376
1420
1417
1481
1389
1457
1298
1655
1357
1427
1430
1311
1494
1275
1398
1474
1429
1436
1349
1415
1290
1320
1443
1338
1441
1346
1421
1399
1257
1369
1286
1356
1154
1346
1475
1249
1411
1567
1300
1318
1339
1425
1258
1410
1373
1471
1698
1433
1363
1423
1393
1507
1740
1493
1644
2259
1671
1410
1679
1697
1859
1628
1811
1940
1509
1713
1474
2134
1601
1581
1508
1689
1790
1392
1389
1273
1177
1232
1351
1801
1453
1772
1467
1649
1397
1470
1698
1485
1563
1733
1704
1581
1626
1680
1718
1457
1313
1449
1455
1698
1532
1555
1701
1687
1687
1996
1715
1772
1435
1480
1346
1578
1437
1316
1635
1709
1405
1351
1475
1641
1453
1324
1235
1390
1458
1773
1699
1294
1649
1259
1294
1273
1204
1532
1387
1651
1659
1244
1658
1522
2014
1735
1491
1914
1685
1783
1926
2074
1792
1759
1974
1464
1783
1458
1592
1639
1666
1623
1714
1730
1560
1538
1442
1470
1820
1555
1617
1562
1827
1525
1605
1913
1742
1543
1443
1795
1373
1702
1543
1491
1644
1643
1675
1574
1912
1552
1629
1894
1505
1783
1662
1533
1497
1721
1714
1826
1879
1540
1726
1735
1446
1374
1445
1792
1742
1804
1664
1412
1718
1456
1518
1242
1520
1536
1758
2240
2034
