1373
1408
1956
2134
2001
2358
2538
2337
2405
2239
2657
2299
2495
2397
1468
1768
1545
1777
2180
1879
2256
2105
2524
2268
2460
2416
2405
2523
2642
2377
2454
2637
2437
1998
141705
1551
1354
1330
1376
1701
1859
2190
1886
2002
2166
2409
2471
2382
1687
1277
1679
1361
1933
1742
1539
1823
2196
2076
2330
2281
1809
1264
1550
1625
1533
1710
2358
1788
1988
1969
1916
1944
1869
2178
1974
1931
2222
1849
1941
1566
1509
1922
1595
1698
1506
1444
1682
1639
1464
1377
1839
2052
2301
2401
2612
1592
1611
1498
1554
1853
1928
2416
2127
2441
2627
1642
1432
1496
1714
1566
1231
1656
1770
2396
2285
2461
2324
2496
2751
2577
2671
2120
2618
2580
2074
2561
2198
2183
2477
2288
2367
2306
2302
2402
2256
2519
2149
2434
2155
2572
2525
1493
2107
1633
1409
1557
1550
1728
2023
2331
1982
2185
2584
2400
2585
2164
2521
2409
2242
1902
1898
2003
2351
2519
2441
1997
2372
2160
2484
1822
1891
2380
2128
2486
2222
1893
1542
1678
2059
2194
1368
1481
1805
2001
2492
2466
2391
1787
1661
1455
1967
1478
1415
1667
1826
1194
1272
1906
2253
2413
2441
2273
1993
1869
2313
2183
2397
2494
2310
2545
2525
2205
2190
1981
2087
1944
2021
2397
2015
2281
2028
2251
2402
2461
2131
2288
2224
2303
2254
2171
2052
2073
1901
2170
2387
2153
2551
1566
1557
1568
1770
1888
1985
1798
2202
1664
1581
1508
1888
2216
2384
2362
2003
2439
2168
2617
2264
2566
2500
2581
2600
1986
1909
2425
2170
2417
2704
2437
2366
2206
2513
2151
2300
2031
1968
2043
2125
2737
2338
1734
1655
1746
2627
2270
1354
1395
1865
2539
2435
2148
2264
2632
2108
2433
2342
2376
2365
2255
2435
2453
2574
2547
2033
2590
2046
2419
2618
1496
1411
1455
1585
2086
2094
2093
1926
2302
2214
2456
2566
2208
2381
2326
2086
2364
2343
2451
2392
2749
2079
2487
2601
2552
1787
1717
1779
1733
2133
2640
2294
1742
1183
1730
1636
1654
1604
2089
2148
2453
1614
1622
1371
1488
2089
1988
2187
1467
1720
1917
2304
1933
1945
2441
2276
2079
2549
2247
2551
2275
2384
2591
2426
1831
1398
1669
1997
2386
2094
2443
2478
1423
1536
1883
1786
2113
1461
1700
2023
2214
2641
2530
2586
2597
2477
2442
2424
2607
2089
2523
2410
2329
2226
2361
2293
2540
2001
2406
2103
2523
2139
2409
2461
2600
2188
2443
2472
2200
2355
2719
1656
1487
1354
1955
2143
2407
2577
1528
1635
1512
1736
2093
2260
2435
2244
2321
1970
1762
2102
1986
2235
2459
1877
1513
1911
2402
2456
1623
2163
2102
2530
2046
2252
2399
1871
2363
2228
2543
2225
2278
2615
2168
2241
2522
2223
1644
1252
1938
1983
2940
2549
2259
2234
2182
2107
1437
1386
1822
1921
2184
2151
2210
2293
2077
2449
2247
2352
2318
2041
2201
2284
2181
2441
2089
2505
2198
2061
2149
1966
1947
1739
2205
1895
2095
2183
2024
2341
2336
2506
1905
2385
2097
2045
2158
1861
2048
2089
2338
2264
2571
2581
1585
2080
1530
1560
1418
1477
1473
1919
1590
1908
1924
2466
2094
2040
2268
1774
2447
1910
2478
2053
2298
1349
1807
1740
1264
1739
2193
2069
2498
2172
2281
2518
1838
2202
2265
2535
1609
1499
1543
1732
2035
1918
2010
2200
1979
2253
2227
1876
1495
3210
2361
1493
1529
1434
1693
1920
1865
2327
1897
2689
2352
2406
2470
2293
2546
1711
2456
1926
2417
2619
2044
1929
1495
2260
2059
2017
2613
2249
2618
1920
2164
2193
2514
2536
1941
2330
2494
2110
2650
2195
2712
2169
2627
2218
1587
1474
1475
1755
1851
1436
1435
1537
1580
1470
1334
1811
2167
2200
2195
2478
1897
2265
2447
2094
2569
1953
1599
1544
1687
2154
2100
2212
1813
1973
1882
2324
2477
2282
2620
1424
2047
2203
2560
2663
2016
2433
2191
2345
2625
2134
2531
2029
1669
1580
1501
1940
1904
2419
2216
2479
2452
2649
2634
2290
2457
2375
2392
2282
2543
2534
1882
2569
1842
2468
2490
2415
2473
2118
2504
2249
2438
2567
1888
2171
2143
2083
2193
2069
2549
2248
2545
2443
2480
2437
1986
1227
1221
1556
1547
1538
1520
1552
1907
1829
1672
1855
2066
2392
2037
2387
2078
2300
1856
1925
2428
2049
2245
2172
2353
2557
2177
2449
2066
2527
2306
2133
2455
2474
2499
2146
1459
1404
1762
2073
2340
2491
2231
2444
2149
2008
2504
2079
2258
2076
2113
2491
1503
1689
1364
1946
2736
2473
2564
2350
2360
2336
2373
2628
2305
2169
2095
2073
2367
2224
2070
2128
1949
1844
2085
2235
2238
2604
2260
2435
2026
2361
2290
2352
2135
2001
2302
2212
2309
2478
2223
2220
2144
2415
2196
2260
2375
1436
1698
1877
1848
1585
1638
1548
1680
2158
1860
2519
2407
2343
2394
2255
2286
2074
2485
2348
2208
2554
2164
2419
2398
2079
2491
1845
2389
1977
2188
2497
1718
1547
1957
2411
2454
2358
2446
2449
2476
1932
2574
1894
2424
2477
2442
2625
2084
1918
1395
1316
2031
2602
2387
2595
2505
2528
2428
2524
2517
2633
1910
2394
2298
2337
2623
2210
2657
2359
2931
1352
1509
1645
1586
1903
2070
2212
2379
2034
1578
1391
1498
2376
2498
2642
2090
2546
1948
2440
2407
2287
2588
1632
1524
1783
1766
1361
1735
1536
1590
1667
1511
1474
2041
2526
2693
1958
2344
3130
2192
2486
1869
2551
2522
2456
2584
2146
2114
2409
2105
2538
1845
2505
1513
1890
2667
1921
2601
2041
2438
2398
2103
2720
2050
2339
2465
2050
2860
1982
2416
2447
2131
1457
1514
1713
2171
2028
2692
2113
2471
2213
1911
2477
1959
2332
1699
2516
2048
2199
2708
1968
1945
1607
1700
2261
1957
2402
2235
2337
2419
1801
2139
2253
2172
2227
2289
2514
2179
2408
2641
2385
2543
2338
2302
2543
2308
1611
1798
2028
1664
1377
1578
1725
2053
1801
2137
1879
1546
2025
2119
