1568
1500
1751
1520
1919
1960
1879
2210
2276
2655
2052
1795
2337
2256
2523
2314
2240
2233
2096
2490
2291
1971
1605
1999
2265
2110
2726
2313
2294
2126
1890
2240
2484
1339
1706
1453
1679
1441
1858
2076
2431
2367
1691
1916
1937
2351
2108
2363
2156
2194
2609
2087
2378
2489
2424
2318
2262
2395
2536
2036
2503
2380
1963
1856
2557
2621
2322
2614
1540
1465
2190
2205
2606
1957
2526
2667
1823
1902
2026
2357
1634
1285
1927
1875
2340
1967
2151
2492
2267
2755
1988
2467
1454
2462
1472
1580
1801
1720
2165
2644
2304
2593
1884
2241
2276
2111
2614
1968
1987
2261
2040
2227
2240
2196
1599
1370
2209
1833
2334
2057
2297
2589
2174
2454
1892
2077
2287
1351
1588
1508
1755
1521
1528
1684
1810
2095
1932
2239
2384
2032
2196
1989
2385
1883
1641
1773
1775
2523
1963
2623
2448
2063
2324
2113
1617
1481
1360
1462
1829
2410
1434
1489
2081
2259
2132
1905
2583
2200
2183
2510
2165
2271
2297
2112
2192
1657
1453
1907
2261
2490
1921
2338
1966
2317
1967
2465
2697
1711
1460
2060
1451
1909
2437
2538
2112
2655
2303
2574
2182
2570
2465
2369
2383
2867
1559
1927
2466
2352
2087
1588
2143
2190
2380
2249
1762
2137
2472
2493
2495
2401
2329
1522
1443
1712
2179
2519
2331
2181
2398
2095
1857
1937
2279
1966
1943
2239
2318
1997
1983
2325
2185
2293
2172
2621
2287
2532
2477
1524
1548
2321
2133
2175
1454
1395
2102
1526
1509
1668
1943
2096
2248
2193
2018
2074
2227
2053
2311
1913
1886
1740
1531
2052
1927
2516
2512
2253
2487
2285
2752
2029
2658
2805
2464
2645
2399
2414
2139
1862
2336
1879
2626
1984
2372
2425
2535
2394
2227
2473
2135
2290
2578
2194
1661
1481
1925
2100
2178
2283
2038
2672
2035
2562
1565
1670
1647
1523
1525
1572
2163
2384
2134
2567
2251
2573
1888
2004
2397
2057
2440
1876
2626
2030
3799
2352
2111
2551
1763
1560
1372
1672
1813
2196
2247
2015
1722
1479
1976
2902
1734
2528
1979
2657
2220
2253
2343
2471
1509
1366
2002
2124
1959
2469
1788
1526
1626
2351
2608
2200
2422
2230
2504
1870
2698
1334
1636
1722
1179
1513
2723
2252
2569
1985
2639
2141
2421
2467
2372
2606
2533
2081
2067
2531
2301
2030
1908
1833
1666
1814
1986
2459
2067
2604
1902
2146
1901
2681
2281
1794
1350
1626
1731
1399
1342
2213
1384
1862
1805
1641
1318
1509
2123
1853
2136
1968
2015
2178
1963
2336
2131
2693
2010
2366
2522
2603
2058
1835
2125
1656
1541
2061
2241
2514
2124
2448
2012
2428
2606
2477
2425
2014
2440
2000
2448
2461
2066
2350
1927
1590
1465
1997
2711
2239
2649
2171
2391
2428
2475
2485
2374
2589
2582
2178
2587
1911
2417
1951
2414
2061
2534
2297
1579
1133
1720
2187
2169
2508
2485
2232
2549
2133
1560
1649
1863
2181
2196
2378
2326
2442
2517
2306
2463
2253
2064
1724
1403
1477
1863
1758
1150
1697
2099
2323
2507
2045
2445
2315
2159
2575
2342
2484
1915
2283
2293
1681
2279
1873
2219
2539
1977
1351
1702
2105
2506
1793
2431
1896
2092
2216
2075
2144
2010
2274
2102
2005
2171
1868
1747
3038
2209
2286
2214
1363
1754
1653
1245
1583
1532
1795
2146
2512
1991
2645
2123
2387
2554
1773
2317
2039
2507
2649
2291
2580
1977
2155
2450
2274
2624
1748
2457
2387
2035
2532
2817
1678
1384
1966
1351
1470
2258
2067
2586
2119
1612
1432
1734
1563
1416
1793
1249
1539
1722
2066
1704
2310
1944
2707
1978
2544
1965
2620
2607
2247
1919
2133
2232
2514
2002
2430
2457
2611
1898
1437
1620
1815
2275
2369
2527
2550
2435
2016
2274
2265
2598
2238
2714
2169
1921
2034
2480
2541
2251
2578
1536
1329
1482
1787
1798
1719
1776
1388
1701
1970
2086
1938
2344
1975
1433
1730
1166
1070
1514
1525
2023
2099
2283
1943
1913
2258
2276
2266
2542
1814
2209
2387
2575
2057
2164
2211
1505
2022
2231
2359
2657
2363
2452
2510
2553
1419
1803
1653
1586
1456
1484
1572
1576
1661
2088
2323
2598
2517
2462
2441
2541
2706
2330
2268
2633
2307
2688
2244
2357
2279
2143
1600
1393
1547
1945
2028
2041
1991
2477
2378
2337
1522
1957
2399
1742
2391
2289
2392
2312
2544
2568
2743
2659
2445
2339
2738
1358
1539
1613
1402
1698
1485
1785
2345
2179
2449
2205
2259
2130
2080
1898
2198
2297
2506
2329
2563
1936
2320
2297
1936
2139
1950
2007
1627
1943
1998
1936
2451
2204
2106
1568
2053
2085
2065
2782
2266
2562
2254
2462
2426
2420
2804
2241
2585
1828
2062
1575
1367
1994
2016
2374
2275
2288
2425
2072
2444
1308
1509
1549
1897
2382
1964
2120
1701
1662
2062
2282
2806
1879
1553
1526
1663
1986
2249
2428
2230
2173
2602
2387
2425
1951
2496
2086
2506
2487
1609
2139
2451
2450
2630
1701
1604
1909
1556
1553
1830
2374
2169
2151
2431
2183
2590
2220
2611
2173
2468
2457
1710
2468
2030
2265
2318
2123
2512
2394
2469
2277
2032
1992
2264
1764
1600
1553
1478
1737
2593
2179
2252
2288
1978
1946
1794
1589
1381
1560
1635
1457
1576
1580
1657
1763
1618
1463
1389
1590
1701
1946
1941
2390
2426
2458
2436
2458
2545
2496
1630
1843
1590
1588
2390
2505
2190
2302
2128
2440
2246
2511
2377
2546
2371
2521
2691
2418
2575
2433
2470
2544
2106
2281
2465
2294
2460
1923
2244
2619
2616
2602
1640
1358
2014
2438
1533
2441
2536
1977
2507
1556
1518
1481
1484
1587
1393
1627
1439
1427
1287
1648
2197
1863
1937
2178
1936
2344
1823
2468
1575
1432
2235
1569
2120
1958
1864
2107
2486
1453
1735
1332
1502
1453
1617
1603
1889
1677
2266
1598
1422
1437
1330
2159
1865
2420
1937
1956
2062
2029
2521
1979
2523
1671
1873
2397
1752
2160
2473
2049
1735
1812
2331
