1459
1579
1326
1682
1644
1936
1894
2387
2296
2101
2265
2454
2268
2342
2251
1784
1574
1723
1820
2395
2469
2025
2067
2176
2435
2405
2490
2421
2646
2312
2692
1981
2489
2267
2497
2346
2548
2136
1835
1920
2375
2387
2654
2108
2481
2474
2423
2509
2108
2346
2605
2404
2620
2431
2211
2185
2146
2516
2114
2222
2128
2182
1643
1554
2477
2294
2383
2316
2481
2450
2317
2309
2351
2389
2574
1905
2648
2286
2460
2449
3096
2326
2645
2730
2573
1431
2176
2149
2797
2045
2410
2824
1829
1835
1543
1480
1901
1924
2077
1977
2307
2488
2248
2726
2076
2309
2439
2098
2124
1512
1498
1734
1520
1496
1839
1646
1879
2294
2411
2218
2604
2011
2473
2102
2552
2383
2153
2515
2158
2478
2494
1866
2672
1988
2732
2144
2511
2115
2469
2350
2464
2379
2451
1948
2579
2085
2509
2581
2475
2663
2060
2226
1593
1639
1574
1532
1622
1703
1858
2164
2230
2536
2412
2555
2407
2062
2486
1843
2538
2118
2129
2481
2321
2579
2154
2510
2247
1715
1651
2001
2475
2088
2739
2371
2263
2516
1454
1299
1275
1730
2361
1968
2437
1994
2469
2550
1560
2063
1837
2451
1965
2528
1418
1935
1503
1674
1621
1349
1643
1830
1942
2485
1845
2256
2237
1618
1749
2080
2259
2200
2055
2156
2129
2682
2042
2093
2359
1851
2509
2141
2704
1800
2519
2592
2228
2384
1949
2479
2513
2198
2587
2001
2101
1685
2491
2620
2271
2106
1959
1632
1531
2099
2626
1894
2512
2641
2179
2487
1861
2524
2101
2588
2549
2248
3193
2100
2295
2564
1394
1539
1680
2390
1873
2531
2520
1964
2498
2174
2252
2097
1923
2424
1924
2576
2013
2485
2597
1931
2396
2080
2493
2463
2089
2681
2036
2548
1664
1457
2079
2120
1295
1327
1769
2282
2088
2226
2054
2242
2336
2105
2490
1950
2436
1602
1923
1978
1982
2419
1979
2333
1906
2126
1894
2013
2233
2052
2446
2160
2558
2655
2377
2559
1883
2210
2210
2359
2693
2147
2384
2017
2154
1453
1386
1682
1761
1699
2036
1984
2455
2041
2345
1830
2460
2853
2272
2637
1502
1955
2013
2350
1413
1408
1891
2201
1948
2154
2295
2396
2244
2345
1913
1854
2370
2153
2582
1955
1489
2177
2078
2449
2010
2287
2198
2561
2161
2442
2263
2021
2102
1418
1765
1689
1503
1886
1387
1763
2425
2101
2398
2190
2220
2425
2420
2586
2225
2226
2187
2209
1939
1756
1907
1852
2561
1918
2744
2061
2119
2179
2352
1992
2173
2148
2145
2136
1906
2582
2342
2680
2084
2667
2276
2153
2299
2103
2273
2261
2185
1466
1518
2063
2055
2172
1848
2150
1873
1918
2399
2080
2188
2141
1980
2263
1539
1632
2360
2584
2519
2029
2627
1882
2188
2049
1384
1648
1802
1452
1561
1402
2133
1845
2125
2425
1779
2217
2183
2230
2075
1758
2349
1827
2280
1399
1537
1653
1639
1342
1384
1637
1468
1931
2327
1808
2272
2058
2321
2318
2347
2173
1890
2160
1765
2089
2347
2262
2571
2459
2434
2609
2423
2504
1968
2368
2435
2291
2702
1953
2648
2230
2129
2342
2353
1999
2240
2194
2514
2003
2401
2154
1813
2168
2288
1569
1370
1594
2144
2277
2673
2189
2611
2175
2611
2305
2221
2401
1694
1849
2039
2547
2394
2181
2609
1529
1621
1390
1577
1364
1548
1815
1762
1882
2169
2041
2249
2225
1872
2506
2224
2083
2222
2155
2113
2260
2340
2176
2562
2003
2241
2478
1638
1676
1526
1684
1982
2619
2607
2331
2534
2296
2627
2397
2458
2192
2046
2102
2005
1886
2144
2283
1949
2251
1899
1934
2194
2247
2295
2237
2378
1968
2301
2189
2464
1575
1887
1525
1439
1224
1650
1870
1948
1993
2359
2281
2247
2202
2102
1627
1607
1985
1938
1944
2400
2046
2059
2784
1724
1431
1773
1613
1318
1885
1929
2325
2544
2047
2730
2328
1930
1731
1274
1852
1715
2095
1819
1957
2271
1894
2573
1804
2116
1951
2036
2105
1601
2194
1648
2102
2288
1934
1615
2131
1619
1413
1699
1612
1581
1623
2014
2396
2074
2427
1772
1873
1909
1834
2277
1365
2033
1328
1597
1781
1990
1790
1903
2018
1954
2129
1812
1941
1967
2173
2137
1828
1942
1922
2224
2128
2085
2433
2140
2161
1837
2287
2348
2471
2308
2276
2169
2130
2145
1472
1544
1841
2353
1744
1939
2227
1815
2283
1932
1646
1436
1860
2313
1988
2493
2007
2352
2390
1804
2030
1908
1868
1969
2359
2370
2449
2618
1897
2627
2085
2680
2450
1975
2569
1895
2005
2377
2439
2606
2160
2093
1558
1301
1666
1213
1602
1698
1640
1712
1564
2134
1974
2133
1975
2506
1564
1446
1668
2350
2456
2003
1398
1616
1995
2538
1834
2221
1868
2147
2130
2184
2517
2003
2452
1822
1726
2139
1951
2127
2180
2926
1830
1929
1768
1861
2502
1685
2311
1978
2725
2619
2280
2369
1759
1638
1945
1618
2406
1888
1992
1887
1440
1671
2006
2051
1992
2231
1875
2126
2580
1683
2012
2043
2480
2318
1765
2333
1837
1983
1935
2308
2272
1872
2236
1958
2241
1640
2069
2391
2212
1393
1745
1450
2132
2000
1400
1594
1538
2248
1209
1314
1634
1367
1861
1283
1145
1143
1286
1155
1200
1625
1242
1557
1350
1248
1453
1294
1455
1294
1337
1149
1186
1204
1324
1225
1201
1150
1208
1183
1365
1390
1435
1193
1272
1189
1357
1112
1374
1164
1218
1192
1147
1344
1305
1517
1492
1277
1315
1595
1616
1456
1479
1672
1595
1487
1806
1508
1938
1521
1572
1757
1648
1693
1462
1636
1236
1166
1254
1255
1586
1782
2058
2299
2303
2279
2085
2463
2484
2389
2399
2523
2658
2580
2563
2352
2278
2532
2303
2063
1480
1735
1477
1378
1746
1990
2296
1806
1641
1294
1906
2166
2505
2071
2698
2547
2653
2678
2419
2390
2409
2615
2520
2539
2660
2300
3014
2460
2551
2327
2639
2261
2411
2589
2388
2656
2610
1652
2259
3164
1369
1706
1404
1370
1627
2183
2263
2492
2575
2364
2511
