1355
1468
1554
1634
1769
1447
1562
1579
1362
1680
1379
1623
1362
1690
1681
1553
1368
1490
1364
1730
1387
1704
1398
1687
1276
1662
1630
1390
1711
1445
1608
1421
1930
1796
1301
1763
1434
1956
1678
1360
1524
1521
1578
1380
1715
1863
1361
1787
1452
1277
1369
1323
1274
1223
1676
1426
1645
1441
1841
1803
1590
1623
1684
1570
1731
1598
1629
1492
1768
1455
1779
1614
1456
1528
1403
1715
1339
1539
1350
1336
1358
1517
1634
1525
1536
1635
1388
1598
1524
1655
1671
1393
1698
1416
1689
1488
1347
1336
1418
1770
1580
1617
1441
1815
1628
1483
1522
1403
2394
1671
1376
1450
1437
1779
1514
1287
1420
1139
1602
1471
1303
1704
1457
1765
1445
1551
1909
1419
1686
1416
1620
1777
1385
1502
1314
1621
1351
1237
1655
1292
1316
1306
1720
2143
1533
1402
1460
4913
1499
1437
1613
1262
1641
2001
1477
1559
1412
1210
1375
1451
1305
1272
1349
1542
1308
1742
1288
1274
1315
1723
1940
1306
1942
1523
1949
2038
1321
1652
1354
1401
1727
1392
1195
1324
1620
1365
1584
1686
1389
1654
1428
1817
1332
1691
1710
1410
1717
1405
1433
1300
1421
1647
1261
1489
1267
1171
1481
1419
1442
1560
1572
1721
1377
1514
1379
1584
1411
1697
1573
1411
1520
1523
1708
1833
1308
1655
1476
1770
1423
1694
1694
1334
1355
1211
1290
1471
1351
1387
1443
1767
1257
1269
1514
1645
1736
1866
1633
1883
1491
1545
1507
2049
1598
1392
1451
1339
1699
1742
1425
1849
1662
1833
1626
1435
1318
1406
1911
1366
1510
1267
1173
1573
1416
1892
1486
1656
1658
1390
1873
1443
1816
1746
1291
1666
1316
1750
1366
1606
2054
1440
1683
1482
1704
1627
1390
1584
1463
1727
1578
1334
1327
1403
1367
1389
1387
1356
1353
1631
1363
1699
1775
1312
1820
1338
1597
1426
1633
1768
1344
1605
1533
1653
1715
1358
1606
1514
1611
1726
1585
1628
1485
1688
1397
1368
1612
1463
1529
1486
1657
1709
1313
1731
1439
1671
1617
1395
1319
1725
1724
1430
1735
1607
1457
1684
1429
1732
1580
1397
1568
1396
1383
1571
1764
1506
1514
1498
1467
1710
1847
1438
1380
1463
1643
1492
1424
1677
1403
1619
1377
1635
1667
1465
1736
1409
1889
1646
1428
1826
1375
2094
1367
1890
1861
1581
1589
1335
1676
1728
1285
1398
1586
1856
1344
1356
1592
1510
1931
1486
1374
1584
1360
1785
1358
1880
1387
1805
1678
1318
1619
1386
1762
1485
1592
1720
1352
1790
1416
1797
1391
1428
1690
1509
1599
1709
1290
1685
1384
1802
1349
1614
1703
1356
1528
1527
1792
1717
1359
1802
1454
1650
1495
1639
1413
1578
1585
1417
1352
1526
1289
1079
1283
1923
1802
1431
1442
1474
1837
1494
1785
1947
1297
1607
1276
1512
1828
1304
1633
1396
1701
1847
1480
2048
1363
1586
1445
1735
1655
4555
1854
1382
1263
1275
1330
1293
1336
1645
1336
1638
1667
1599
1572
1402
1359
1630
1513
1653
1231
1495
1274
1957
1963
1430
1756
1572
1795
1539
1480
1699
1364
1708
1313
1677
1387
1394
1625
1470
1512
1324
1585
1587
1499
1684
1467
1792
1811
1443
1584
1462
1759
1449
1903
1656
1273
1709
1492
1576
1704
1407
1637
1646
1481
1416
1388
2105
1285
1343
1246
1233
1653
1203
1411
1494
1320
1196
1250
1163
1311
1296
1353
1155
1245
1098
1264
1361
1302
1307
1271
1326
1390
1184
1245
1152
1261
1144
1197
1338
1241
1312
1185
1292
1316
1274
1525
1318
1382
1188
1170
1407
1242
1330
1150
1262
1302
1159
1304
1140
1263
1206
1130
1250
1225
1261
1520
1629
1469
1778
1608
1464
1562
1393
1606
1447
1270
1500
1405
1768
1477
1656
1466
1560
1543
1555
1735
1414
1552
1395
1464
1429
1871
1488
1427
1551
1283
1323
1576
1320
1652
1708
1477
1697
1446
1664
1309
1325
1438
1438
1332
1432
1556
1564
1320
1659
1445
1875
1500
1307
1665
1372
1674
1662
1706
1639
1415
1449
1757
1401
1759
1394
1674
1486
1767
1546
1772
1372
1313
1167
1248
1141
1157
1515
1888
1597
1384
1874
1884
1705
1613
1457
1216
1190
1467
1853
1235
1772
1225
1441
1616
1487
1655
1310
1610
1337
1449
1441
1777
1550
1572
1881
1521
1394
1407
1734
1635
1443
1666
1341
1564
1709
1403
1692
1507
1487
1346
1656
1531
1394
1590
1409
1768
1364
1648
1412
1326
1806
1399
1672
1383
1690
1517
1420
1512
1295
1611
1432
1511
1481
1257
1511
1435
1807
1573
1362
1718
1392
1722
1345
1607
1706
1329
1903
1407
1780
1398
1680
1495
1520
1598
1394
1736
1646
1526
1515
1483
1718
1530
1729
1455
1396
1675
1438
1652
1637
1410
1520
1450
1691
1412
1400
1474
1306
1755
1397
1705
1531
1284
1563
1509
1308
1476
1727
1648
1362
1249
1291
1246
1338
1720
1171
1341
1459
1359
1674
1616
1474
1727
1588
1423
1786
1300
1115
1151
1453
1317
2330
1554
1483
2018
1358
1480
1254
1458
1966
1445
1436
1360
1776
1528
1446
1586
1747
1569
1279
1477
1371
1391
1414
1350
1749
1426
1542
1319
1339
1324
1169
1222
1218
1566
1275
1527
1827
1357
1673
1249
1638
1241
1274
1147
1332
1281
1324
1369
1322
1480
1592
1298
1722
1421
1764
1678
1397
1793
1441
1953
1729
1472
2233
1646
1488
1876
1161
1287
1403
1418
1497
1819
1690
1287
1968
1550
1517
1262
1342
1264
2155
1450
1282
1953
1335
1708
1581
1517
1532
1257
1366
1204
1172
995
1794
1722
1405
1785
1515
1150
1319
1225
1375
1237
1539
1202
1821
1835
1485
1501
1525
1747
1536
1546
1813
1250
1580
1335
1728
1585
1712
1453
1444
1713
1442
1614
1162
1518
2057
1480
1652
1304
1977
1288
2248
1169
1570
1460
1321
1383
1595
1288
1521
1488
1790
1297
1624
1414
1412
1750
1453
1588
1181
1364
1743
1300
1470
1522
1479
1611
1338
1646
1489
1601
1296
1459
1229
