2812
3407
1117
899
1010
1019
986
1634
1721
803
817
845
583
684
1572
985
1200
865
840
683
869
846
895
585
599
1121
1083
1644
789
596
612
883
974
894
1636
2398
804
696
930
1019
668
996
780
1143
1071
747
991
1927
879
643
630
661
723
2024
680
631
652
832
713
646
1321
688
643
3838
1029
1019
836
774
622
658
618
651
621
2445
668
651
645
606
734
1254
1337
642
699
920
686
844
1920
734
614
626
597
840
1089
2013
1090
726
636
665
803
918
1265
853
697
924
1078
888
881
631
617
847
704
853
1036
968
885
691
976
1420
1014
826
665
899
605
890
764
803
707
840
666
860
693
837
651
875
672
850
849
606
861
747
848
637
872
854
714
849
614
887
732
911
850
662
824
650
900
739
892
619
845
655
805
871
663
835
759
927
681
865
721
901
727
826
626
865
649
842
622
900
732
860
675
866
672
844
964
1037
766
800
597
639
803
1219
863
639
875
615
946
1179
625
669
649
973
730
663
876
928
773
863
887
864
826
837
889
790
930
700
894
822
914
886
907
879
925
838
747
794
968
989
790
938
705
743
845
859
898
900
832
794
802
817
817
908
913
1048
1298
1142
904
1199
907
882
817
955
1214
770
710
1131
1228
1354
722
826
968
1426
938
1288
822
907
632
683
634
1052
1024
1110
1136
984
722
675
665
682
638
628
1024
683
1089
919
672
1260
725
685
640
696
848
634
656
697
828
1083
748
896
848
820
977
720
657
613
700
1383
1086
984
631
635
765
752
1252
682
722
1163
1137
957
641
622
665
718
726
1048
928
1023
917
1068
816
741
761
1241
803
867
1091
1106
706
1397
858
1001
665
647
1752
1300
648
1024
673
960
1169
722
657
843
697
732
932
1051
1869
1451
753
1047
963
1624
1057
1004
1005
859
844
1670
1444
906
721
1266
816
1412
1251
840
846
872
1285
1793
1280
833
1111
748
1003
1230
1756
1436
1151
1132
857
1000
996
776
1041
837
875
966
1127
1059
1023
902
1274
1440
1259
1153
1235
820
718
752
860
950
786
1409
920
965
2038
2258
897
686
1624
1501
1301
1209
1914
1834
1073
982
1013
995
681
856
1406
877
713
1168
1360
1420
706
729
1290
1161
963
1111
724
991
1123
1105
1260
828
2044
2363
1446
1451
1955
1086
954
825
1460
701
994
966
664
1337
1693
771
675
648
670
782
1208
1455
2320
833
677
1004
762
1723
1564
1070
672
1225
796
709
1003
1129
608
633
655
629
669
995
1108
638
644
618
640
654
1074
1098
608
672
620
644
776
874
1049
623
648
604
657
996
726
1396
702
950
885
630
631
1323
653
669
605
643
642
1107
1181
702
684
612
620
1140
1109
661
645
625
631
607
1058
956
645
650
634
618
652
1131
911
618
629
713
711
679
958
943
866
658
635
641
707
895
1131
622
746
662
665
720
889
1123
625
641
636
655
654
1280
1089
623
629
806
644
645
1004
1318
635
645
681
641
762
1935
707
665
702
664
614
641
1298
670
837
1029
770
936
735
1011
909
671
652
648
1719
684
893
885
859
1021
844
928
881
904
1076
648
837
1059
689
702
1685
1076
659
796
676
701
628
2230
657
669
672
682
949
1196
2129
688
823
956
718
657
903
1007
710
696
820
671
1016
713
642
735
845
724
816
872
632
1193
879
834
1683
2029
886
834
643
841
1390
774
898
653
658
777
845
3958
948
1314
731
1228
700
707
935
636
609
975
655
1613
716
752
731
749
725
1302
1164
714
868
661
1002
758
1601
1113
887
943
1576
712
851
1893
856
998
671
852
816
838
816
856
609
1491
916
681
690
641
641
653
1121
743
710
1270
929
1047
852
814
1041
764
680
1020
1667
1095
727
642
922
751
643
658
635
676
664
1101
707
697
683
675
662
868
624
623
669
737
1008
725
1005
661
682
660
660
639
624
623
617
1061
650
1103
638
681
665
632
956
621
667
637
1134
1177
645
612
685
622
644
619
899
616
618
634
1149
693
983
626
823
600
821
735
1305
678
1022
717
610
1429
1495
678
641
659
597
1433
2153
940
709
608
855
684
1159
614
682
651
663
2027
1143
642
687
629
618
1257
1116
847
824
876
1125
1426
817
604
596
709
827
988
1291
764
989
1180
888
1602
1560
876
885
950
938
1315
825
722
682
823
958
875
848
905
1132
1369
1066
829
2166
929
872
948
669
885
1952
691
619
617
655
717
871
1369
657
615
956
741
972
1324
624
613
618
760
809
1585
1035
671
635
758
868
1195
616
611
589
716
1364
1314
777
593
612
613
1776
1086
648
622
1201
649
616
1843
782
621
648
638
627
682
2096
835
639
682
632
687
622
803
1133
682
644
1421
697
615
608
1171
639
599
734
641
627
962
1544
1061
1139
798
643
666
716
706
887
1029
806
767
715
663
708
630
631
662
641
625
705
1040
1057
759
937
622
657
671
678
657
665
1631
1319
813
645
704
683
633
652
655
659
904
1115
774
842
754
698
786
2044
990
666
660
619
996
708
663
700
653
