2957
2448
1425
849
660
908
655
593
636
669
1224
1897
1201
771
627
632
649
599
673
610
614
598
1907
1711
798
819
829
1189
944
1000
1030
1977
992
836
918
1071
1075
1038
742
1898
1131
2036
638
1228
962
713
2066
2569
768
877
729
773
852
952
1072
964
2002
907
1027
774
863
755
728
812
880
2406
699
678
698
827
2035
2398
1388
858
931
939
1246
1164
894
792
982
788
1202
1055
908
1031
796
683
1511
1035
2031
878
929
847
894
1977
1091
861
701
763
696
1475
1564
1459
918
736
736
775
1405
652
702
748
684
2483
796
719
709
737
769
984
966
946
1006
1165
780
889
1542
834
799
788
781
848
1422
827
736
822
800
892
926
713
852
731
742
1918
1389
955
931
919
890
1019
890
905
1811
749
703
841
838
874
742
843
1168
834
1454
687
712
715
751
720
1000
1865
960
1756
1052
1470
864
794
834
855
872
1381
1530
1358
1021
773
779
834
2065
2309
1264
999
1091
1064
925
1646
840
772
928
811
1919
2029
697
802
983
904
1556
1472
914
1121
970
1035
1537
2039
903
1399
1141
909
1302
1125
910
895
921
902
778
893
883
792
962
641
803
708
787
746
645
613
753
1166
849
763
940
642
625
869
819
662
704
689
776
639
631
621
627
693
672
952
832
988
825
631
620
595
630
629
635
597
748
1382
667
782
783
658
924
1166
653
631
656
641
683
1076
710
631
605
662
963
907
697
818
1024
936
1436
1294
961
934
1120
941
932
1714
1141
707
977
819
1770
1397
1003
934
1528
785
1561
769
1247
1826
1241
705
1496
1916
1243
930
864
750
1115
1021
999
1283
1213
807
888
752
1124
1292
1572
1087
2442
979
1368
1279
976
1032
1511
1725
1527
1582
1233
2547
847
1382
876
976
1286
1576
2309
1150
1284
1368
826
948
2823
810
1166
1068
919
1208
1431
1366
1969
960
953
1443
1298
1035
868
949
1385
1179
988
2039
1105
1153
702
2074
807
744
1887
685
696
771
2078
1044
1096
1210
1223
715
695
892
2686
1190
694
758
669
644
1933
1653
805
1069
713
738
747
713
680
1118
1350
822
1089
678
1530
1774
647
770
1477
1235
1038
1536
2386
735
1881
1299
1277
735
929
768
701
706
704
2739
1856
1647
1380
1370
879
720
1231
962
977
980
982
959
980
980
934
815
853
725
744
675
693
713
735
701
786
770
1483
1067
908
1129
945
1266
10544
17507
4721
25758
21924
18169
14931
11993
10658
7799
4654
2148
1471
853
798
776
880
1371
915
1005
1052
1038
1052
972
972
1067
1112
1116
1051
1085
862
1179
835
811
814
875
1046
876
733
753
788
755
879
710
672
817
696
782
728
653
824
723
709
662
661
653
671
675
673
638
656
721
684
625
857
1014
881
950
782
733
725
780
1305
917
802
740
731
799
763
773
706
792
772
743
705
770
761
796
791
804
772
741
760
751
895
1295
774
669
701
658
1204
1374
642
631
639
636
1563
1677
663
897
637
732
653
1476
656
655
653
757
893
1562
655
631
652
1100
1676
1255
777
719
1104
708
1272
927
855
773
1103
1265
933
908
1152
967
959
1054
938
1857
1003
1003
750
2151
680
1152
917
1252
745
757
662
658
627
670
775
1423
1418
1726
781
862
797
657
646
727
696
847
830
1044
660
696
677
751
1674
658
627
621
669
1741
1142
741
620
685
742
1167
644
644
624
674
1382
887
651
661
695
653
746
1510
609
641
900
655
1290
1025
667
635
666
604
2061
641
1072
699
636
809
652
639
815
637
606
654
1165
620
1460
663
679
683
626
577
636
628
848
1087
1195
1134
806
662
876
653
766
592
608
596
853
665
1331
878
729
836
835
867
830
851
850
861
862
1235
979
818
634
796
600
1508
817
958
782
756
1031
1827
1058
858
885
663
829
922
702
682
1360
689
823
844
834
881
848
860
856
859
760
1189
611
603
597
604
610
621
686
653
1073
790
1611
654
774
750
1148
857
605
681
895
1432
1162
630
605
649
1328
782
610
589
628
762
772
1738
812
637
611
757
776
1306
648
613
644
1398
643
1657
627
641
614
824
808
1225
594
618
761
825
654
648
825
614
619
678
1089
802
646
1450
847
639
622
826
869
604
629
718
604
1053
608
1094
701
607
704
666
632
1274
646
637
666
672
1105
735
632
600
664
701
583
2141
1063
600
1040
774
670
795
996
1922
639
779
617
651
1069
643
703
660
641
643
637
784
1715
1438
915
934
627
644
740
813
625
582
585
627
603
1314
1183
620
948
619
580
609
655
782
608
615
657
1110
645
1105
1331
615
602
593
631
854
2700
1058
906
711
701
867
1462
1271
1739
808
800
976
1370
2512
748
720
1337
770
934
1928
2500
865
649
615
1100
766
1233
644
644
634
627
631
779
1907
904
1068
869
631
661
637
620
565
738
761
654
1418
1063
696
681
610
703
639
688
1182
810
822
692
879
865
851
615
644
683
610
621
722
1154
606
638
1238
1024
1633
852
607
632
644
697
617
609
1173
1208
856
671
678
657
734
841
602
641
641
697
1316
1224
654
623
698
1356
644
