3501
1977
1130
958
1847
1340
882
1081
1024
840
749
1066
785
811
1048
1506
849
735
1718
724
757
676
914
2224
1216
779
659
677
936
934
1122
759
1879
1850
810
1000
959
780
870
741
1371
978
1087
852
964
711
645
751
776
946
1416
728
686
714
677
695
1099
677
915
911
1015
1329
750
761
970
678
941
670
860
672
671
961
668
834
780
1878
1378
720
674
749
682
770
1708
844
663
694
667
651
655
1389
655
914
1187
812
738
1567
1283
935
942
995
960
1520
771
749
754
699
745
994
676
656
728
808
1408
874
730
662
685
1290
640
925
892
916
664
1021
884
669
916
970
616
645
749
868
898
695
888
892
691
725
673
877
656
657
693
666
2020
833
1565
829
844
656
753
687
1577
649
651
692
623
1230
789
682
658
673
737
1244
768
726
660
659
807
1139
656
671
681
716
1128
1415
902
941
908
923
898
918
975
617
644
638
699
912
886
893
769
809
675
1116
1012
1048
948
1012
952
919
930
974
875
943
869
779
796
1151
868
1077
1083
1059
1061
1195
791
743
781
890
736
813
857
1016
984
1479
1124
1045
1033
1079
1057
1463
804
1053
798
871
2249
2520
1009
1443
1134
1105
1743
1313
1329
890
765
685
1041
1744
689
664
694
671
805
2114
789
1031
759
778
718
1052
1444
677
873
699
790
937
1430
665
672
680
716
1610
683
678
678
694
776
1536
685
654
651
681
728
1220
641
638
633
666
728
958
1209
640
665
709
655
2590
1786
712
642
704
650
2027
1141
640
688
669
664
1221
1349
667
646
720
722
1223
1355
675
639
674
751
729
1530
827
647
652
722
684
654
668
681
794
677
971
966
704
703
684
664
689
839
1050
695
1199
868
1000
1032
940
812
793
978
814
948
760
1037
813
1182
1175
995
1499
892
852
938
788
794
1584
837
1067
865
1092
1685
2461
701
934
756
885
910
1072
1659
903
689
981
1106
1517
1714
1004
1148
995
820
2029
1194
1021
1128
1127
975
1321
1972
1480
1389
1374
966
814
2364
908
838
721
796
853
1304
1223
1301
1050
979
843
1366
1680
1017
1572
828
708
886
2707
2238
717
1128
781
877
868
2087
884
858
1369
1123
788
972
1053
2409
1196
1530
1051
926
1579
1367
2594
951
1133
1115
1023
780
2601
1892
1022
1856
692
745
790
1003
953
740
723
687
691
734
1944
710
800
803
698
819
1088
1355
791
741
1112
690
703
1170
1322
736
976
904
919
939
891
657
675
899
929
891
944
925
904
877
1006
662
946
641
931
758
958
690
880
648
933
630
731
680
634
645
1966
1029
712
656
745
701
674
698
1352
825
805
679
758
651
1254
1183
672
652
654
729
704
1773
1120
706
750
634
756
670
1119
1157
744
766
738
795
741
959
1396
773
673
646
657
1097
1224
879
670
641
745
667
703
937
868
670
945
739
681
726
1155
925
655
671
715
662
699
783
1197
728
689
686
693
669
1358
1285
743
641
688
684
1112
1453
686
673
736
656
1660
1561
776
709
765
679
998
770
777
775
870
989
1278
839
748
722
763
1238
1305
750
740
792
728
1196
1287
899
1035
970
869
782
899
855
1121
824
849
787
813
990
882
1007
1212
1529
1838
1777
907
1384
791
733
887
1096
793
885
728
1120
708
899
775
716
1456
815
934
1014
1049
719
858
930
842
823
968
814
748
899
833
775
717
725
717
708
1134
1417
739
733
655
822
690
945
1688
675
749
692
992
1449
2762
1024
1448
1240
742
1360
2072
980
775
840
712
780
1265
943
1420
745
723
736
1161
697
705
647
879
1573
1478
815
1095
734
786
752
1405
673
799
1217
714
751
1310
823
786
638
658
930
1239
1130
673
628
715
1498
1069
736
664
649
663
2208
1642
755
798
668
862
922
793
759
660
1238
1057
699
719
702
685
710
673
701
690
1069
1438
671
672
935
695
684
701
698
657
1290
1593
698
701
834
708
1189
712
751
773
685
733
1070
752
784
716
673
641
679
673
741
707
1530
1050
748
776
905
701
704
968
734
636
1532
714
720
788
710
791
747
693
872
1046
1361
757
658
721
826
1303
720
699
694
728
833
1598
840
839
663
789
1094
1279
710
705
679
786
1237
1445
820
810
764
664
980
1714
847
1070
925
705
1096
934
1019
1065
728
724
834
1189
828
1609
847
841
892
871
845
802
841
868
1228
1356
796
883
773
694
684
709
783
776
1602
1156
1122
999
1238
932
932
857
850
1260
1394
767
677
706
743
1238
722
681
781
1972
1241
710
693
689
971
904
966
665
1098
1880
823
838
876
761
745
788
885
1327
1148
1045
805
1048
859
846
814
854
1073
682
1064
1660
1238
884
800
825
1001
725
1032
1203
1272
962
846
739
707
1363
1459
864
1066
1195
783
864
917
1355
927
720
736
685
1298
1279
1024
834
835
685
859
1016
1358
856
1001
1098
1185
715
732
889
671
683
768
668
1114
1322
1120
1018
753
699
747
963
1441
1060
691
687
820
790
798
1296
701
712
729
774
716
986
2002
698
785
725
747
699
656
980
2029
793
682
674
684
834
