3331
1308
1309
2123
784
707
688
718
821
2506
725
981
847
690
886
1032
648
699
1204
1236
713
1229
884
633
619
703
1124
680
756
1051
1179
1147
2146
1305
833
744
1543
1183
876
742
648
849
666
1188
2430
1057
645
899
636
902
612
782
614
672
1366
1667
1151
661
723
824
653
833
604
655
1730
946
707
1161
817
814
814
629
941
1659
762
630
766
700
769
1261
765
605
1099
941
658
937
888
664
840
1211
682
756
1610
774
987
679
692
1989
652
826
660
643
1286
1461
643
681
711
708
2021
1167
666
966
928
673
656
913
782
848
691
652
655
2852
788
624
647
757
849
657
1163
651
711
1449
888
898
1330
1097
658
660
713
811
1445
1217
1300
1127
812
690
871
666
873
749
1257
1515
1255
873
716
664
968
905
612
1669
1304
874
904
834
854
876
621
851
849
1277
1247
1031
981
859
863
1031
813
912
833
1326
1586
1131
1249
798
773
752
774
941
1579
1172
1440
1211
1180
1242
1129
1549
827
1423
1296
1148
1364
1516
1372
1416
1286
1368
1346
1164
874
1995
1887
1246
958
936
959
882
2034
1363
2084
793
1279
795
706
1175
1426
1694
706
1038
839
1067
1039
2293
1652
1026
982
777
918
736
1747
1944
1298
995
930
783
771
938
858
2577
834
759
725
952
2033
689
677
1202
1182
954
853
1919
1133
678
643
668
1378
895
966
647
641
687
630
681
882
1428
968
779
851
665
683
784
1740
853
652
1373
959
628
630
1509
682
653
641
633
780
1137
1899
924
703
1597
906
650
718
1450
952
685
864
664
912
1501
709
695
848
930
758
1385
1142
1217
723
928
701
1092
902
1114
939
1271
1478
1166
1114
2932
1195
1349
1558
908
936
1034
1654
831
760
1474
1123
768
764
1298
754
873
874
1113
2028
748
1137
1170
646
1457
1980
1629
952
777
721
1378
1109
1186
939
1035
1039
1056
840
820
1194
776
716
773
702
799
1191
884
792
764
714
1498
804
763
793
735
733
989
838
810
766
866
1405
1374
1343
1329
1266
1059
715
769
867
967
812
921
1405
1427
899
657
1131
692
1500
762
883
999
733
1057
1036
1357
1093
1446
988
1326
1205
906
1320
884
848
952
947
730
775
1005
1047
1330
1158
1928
890
912
1225
911
887
1538
1023
956
888
1563
928
937
730
703
772
1069
1493
919
943
679
927
684
855
744
659
738
721
1490
1311
637
667
639
797
914
2524
1057
866
1052
889
1041
1121
1351
699
1120
1122
1082
812
665
668
641
678
638
754
1603
1094
974
608
902
644
887
880
856
883
856
731
616
881
641
733
671
2045
2584
1013
1283
749
732
1016
1403
615
702
775
648
917
1571
1544
1209
723
733
784
1162
1523
884
1180
745
876
2410
2387
766
707
782
738
988
1374
982
660
703
921
1856
1899
709
740
1032
1030
898
924
800
735
666
814
1231
1039
880
891
846
1092
979
1167
971
747
888
1147
1838
1630
938
889
865
871
914
874
925
861
862
1268
773
721
920
710
941
896
924
1449
1289
898
1634
941
962
1183
870
1159
757
774
1592
1091
1195
1364
821
938
1543
2206
764
900
832
899
2300
3111
1081
977
792
1030
974
843
987
935
4691
1288
760
747
1121
1049
720
1759
1106
1035
1028
803
721
707
1185
680
832
825
1115
1610
1451
979
898
676
637
799
1540
667
685
627
823
1326
1146
762
696
663
1075
941
708
676
690
644
639
1500
776
720
884
1071
958
1164
923
925
692
657
902
650
1421
622
615
1078
1021
792
805
770
690
1144
1261
990
1250
890
847
611
621
615
1266
772
698
951
701
652
863
849
800
712
614
628
610
1368
1529
892
638
645
691
651
1141
866
667
608
708
633
655
910
1226
688
629
672
648
658
821
643
696
633
707
684
981
981
693
640
635
647
661
1255
728
794
730
643
845
1073
935
655
635
659
648
668
931
772
653
630
649
668
1060
1167
759
723
608
683
1637
995
693
624
1080
887
845
3172
1122
1601
786
641
726
1383
829
600
682
667
651
643
1099
978
817
1025
892
767
665
660
690
654
741
658
667
912
1228
660
715
651
664
803
861
622
693
708
1005
932
666
628
657
641
677
632
951
1666
650
620
899
680
832
851
869
829
662
592
570
771
714
625
678
658
849
725
637
617
611
642
1266
695
662
617
656
779
631
602
622
602
1090
606
630
691
663
608
919
847
635
649
608
621
632
632
1033
995
872
849
782
621
799
874
860
856
825
586
783
671
843
843
836
844
631
804
826
807
833
626
616
861
849
836
890
653
608
808
838
739
708
701
755
1018
1851
614
608
607
623
1150
1215
585
578
630
800
1011
1383
615
605
593
769
1661
604
609
684
585
1262
933
611
622
718
818
1242
1178
679
719
636
659
1250
1259
666
643
622
767
1435
686
664
660
582
1198
1160
602
634
590
688
1632
1480
626
957
886
784
1069
599
612
745
694
1165
1220
606
811
651
645
1187
910
650
653
755
831
635
970
782
626
613
855
932
1262
662
613
621
611
1435
1011
652
758
750
683
718
1051
844
668
682
708
699
621
737
