2655
731
626
932
645
700
658
624
692
823
1156
1285
1936
976
666
632
573
732
712
634
1578
735
1297
1044
1761
785
864
658
652
2866
1274
765
836
1198
768
869
1426
1525
832
666
712
628
1966
988
626
1048
615
640
675
988
2079
648
620
598
647
2325
1419
789
822
787
934
774
801
828
872
1454
764
609
593
624
595
708
890
595
617
1294
769
1378
959
703
920
1154
822
795
613
599
607
812
1313
1241
1044
651
582
861
1181
944
857
657
625
725
804
979
797
600
821
853
825
795
818
770
1010
699
686
1347
1233
642
643
589
699
1812
779
1116
744
692
852
1140
639
624
575
757
1141
633
626
691
659
1100
1059
618
661
1066
635
1334
985
966
640
595
720
1077
811
624
643
791
844
1127
785
797
612
801
606
1717
788
625
594
808
1557
797
810
983
891
849
1738
1263
1355
1579
1012
579
1805
634
628
602
584
634
604
616
902
844
633
766
614
1185
660
670
758
809
844
1214
1005
708
767
758
708
1954
827
863
895
888
751
1984
866
1127
1032
1132
1071
1976
789
1501
1307
694
690
1377
656
638
1064
702
814
805
754
772
800
800
1187
1367
925
864
774
812
734
2333
1168
1095
976
659
675
1398
1641
1007
792
653
874
2081
1538
707
1327
1452
727
1496
1914
737
644
591
696
1007
1345
699
781
639
596
1249
1643
575
621
651
618
820
1682
586
605
750
1142
1023
824
650
594
665
648
577
665
647
1132
822
942
1425
1334
994
1000
1203
1247
1700
2362
1268
981
1183
1042
2190
976
935
912
976
932
937
968
1126
821
768
697
894
1469
902
972
1302
937
1628
1250
1168
1003
978
1182
949
718
1452
1401
1341
794
1497
885
862
666
859
1289
1354
969
886
986
1345
1224
1012
1620
962
865
1926
1599
1551
1289
1566
1013
1437
1886
993
949
1387
1245
1168
2450
797
1704
900
1187
1024
2680
653
649
1300
1111
1215
1401
1078
689
1011
2614
1125
2386
1140
903
879
1027
1689
2078
722
1302
1501
1162
1341
2515
871
1355
998
866
1666
2246
772
942
883
743
2792
1105
1177
976
609
795
741
1760
923
954
1058
1074
658
617
653
616
613
952
2346
889
946
673
634
737
1108
1469
997
749
1156
934
715
680
1921
871
594
1023
697
2140
1571
673
843
758
638
724
1828
1336
1194
1179
972
607
848
1465
1048
1282
935
1149
964
716
1554
806
949
1592
1100
954
1823
2612
894
1043
1577
1223
1152
1155
1218
1072
912
1881
1199
1149
1136
791
1228
1051
976
1203
1340
981
714
764
693
873
1073
1901
913
1257
884
878
977
1587
771
673
955
1624
1060
1291
929
1016
903
1457
1223
1383
1316
704
807
727
1908
1816
1328
1556
856
1325
741
643
926
877
687
1716
1263
954
887
646
636
902
719
669
1313
1025
730
1319
801
1076
699
860
1207
1162
876
1090
714
848
1101
1701
865
1162
1187
879
1031
1240
649
660
794
847
918
2220
811
1273
882
1321
1181
829
1940
1450
759
1140
766
861
2379
1273
997
1179
1204
896
723
1818
2414
740
705
792
696
1263
1215
916
926
1232
1169
1221
933
895
864
1194
910
919
1183
743
648
900
1001
887
873
750
932
1322
1205
777
914
715
1011
981
950
892
1103
1005
883
1227
1008
1205
777
741
1321
1190
1025
902
962
1015
1704
660
1163
733
856
1556
1593
2290
2048
827
1412
1187
901
834
838
859
946
2080
838
1232
1099
1190
770
722
1045
881
1109
923
1255
1295
851
814
1313
1096
980
1033
1906
996
668
689
965
1233
1155
608
614
633
993
652
2390
821
1324
688
624
1761
598
771
665
1279
886
649
620
597
624
772
673
1186
607
729
901
762
1154
1985
653
796
615
686
1904
814
988
766
656
599
840
882
653
670
636
1413
778
826
666
635
628
1347
1059
579
578
630
628
936
1805
615
579
689
633
1055
1423
584
618
620
612
1318
1428
751
794
969
995
995
924
985
1143
1245
785
826
939
1023
923
970
1020
1418
753
731
1112
656
1261
1299
617
624
599
748
1711
1472
1170
949
970
886
1804
679
655
1576
1399
697
1328
1536
699
718
597
924
1306
1425
952
776
857
988
863
2391
1065
975
684
691
950
2194
639
1202
848
1445
785
1763
764
583
815
651
605
1676
832
757
611
560
623
1383
1536
642
630
644
627
1936
666
631
601
589
780
860
598
728
590
572
790
793
721
670
1079
857
697
1166
852
865
722
1135
1195
1111
876
636
591
1003
1604
816
930
1372
997
726
1287
900
743
683
807
1670
794
1132
800
848
915
1432
1055
1735
1352
1135
1344
1619
1477
1036
1572
953
819
2293
948
1126
1163
2200
958
911
991
843
1194
1449
847
1825
1018
855
929
1120
978
797
666
1454
1657
1119
839
2013
1290
765
681
1688
2210
1254
738
905
1010
1064
676
2658
1228
1553
1191
728
643
743
1390
2639
1399
1138
995
635
705
798
685
691
2069
1883
775
1010
1207
1042
944
782
2626
1124
1148
1020
855
644
972
767
2635
1314
1192
974
706
673
714
1382
647
1955
1467
1122
1091
617
845
963
654
829
1604
1465
902
1254
767
894
635
622
657
729
2402
928
1439
889
744
628
632
618
638
644
2163
1107
1258
834
759
