3414
2817
1514
1199
749
767
2013
680
1135
977
725
1699
1462
778
774
635
689
1443
1732
1157
1685
733
743
864
1117
1263
708
755
1182
1428
2567
2104
890
741
1885
1125
706
1248
748
777
675
964
1435
1100
1344
683
915
1109
753
917
918
878
949
1526
840
776
802
722
681
1642
801
680
1015
707
843
822
1482
732
647
1060
703
653
749
1784
716
730
806
900
1286
774
964
645
835
1065
850
674
653
670
825
1571
725
703
733
625
654
1800
690
669
699
720
757
709
678
651
739
814
682
840
1109
636
720
1374
675
640
1652
655
756
795
841
818
639
641
718
736
627
1012
872
660
673
656
654
1305
632
685
658
634
661
2315
625
689
636
821
1252
850
783
697
633
718
906
1151
630
702
785
659
1201
1113
634
624
619
665
1106
880
673
621
640
916
630
843
878
865
944
611
841
1122
716
671
875
822
623
810
883
886
884
656
816
659
624
693
888
706
1250
681
678
802
837
928
1234
837
882
851
770
741
2072
892
862
697
762
933
1908
747
607
658
677
608
893
1539
647
613
649
621
872
847
2174
653
653
714
647
1963
785
614
646
594
647
724
1082
898
623
665
626
623
651
1511
1375
677
649
660
636
1838
1378
1960
614
602
691
687
1872
1682
741
607
608
640
722
2131
1452
735
612
634
616
681
2125
682
696
631
755
887
1232
711
629
595
632
1263
1389
1571
675
643
659
628
1522
745
681
658
598
633
724
1423
597
580
753
884
654
1412
977
652
616
702
640
2005
700
591
615
579
621
641
858
1373
591
580
684
637
1843
604
625
619
695
729
640
1620
592
618
621
629
787
1613
1466
1059
821
794
1059
948
994
730
886
693
918
919
1130
1453
1373
1153
1137
1345
1423
1158
1236
1411
767
1067
1613
2629
2181
2299
1521
2608
4422
2641
1133
2989
1953
1185
1910
1832
2590
2706
2159
1473
1231
1055
1293
954
890
1363
1240
1201
1159
941
804
1329
975
986
1071
1747
1274
1845
1157
1561
839
1101
1558
1012
1568
1339
1374
1294
1720
887
855
690
965
1928
1260
698
601
702
642
668
1648
1712
2129
1119
761
702
1210
936
934
684
649
1378
962
847
765
739
608
795
705
1032
780
1822
833
805
2321
1178
783
1761
1433
1551
788
780
738
686
1589
914
1647
1329
809
848
760
915
966
889
844
810
939
851
828
823
836
857
1234
929
905
865
1512
837
987
787
1877
2798
732
715
706
703
810
2500
2427
1054
1152
914
832
1971
2462
1344
881
864
858
859
914
817
859
809
1703
897
954
1034
915
907
889
874
950
1541
801
721
725
956
768
748
688
713
815
1045
1055
745
914
762
972
935
1224
984
12599
5390
3206
1303
1206
1246
4154
1391
1205
1092
880
782
774
873
918
1211
850
882
1117
1225
2014
1438
1101
1117
1139
1137
1247
1336
1148
711
779
668
909
969
663
963
778
798
682
672
671
684
890
887
777
791
800
766
774
741
845
760
781
781
825
748
784
953
778
706
673
648
708
954
1297
917
922
645
704
1153
1162
931
699
655
690
1183
1167
677
787
674
651
1229
1396
896
891
900
966
655
915
899
851
736
695
1553
1637
904
1148
1002
1014
980
872
876
1169
873
864
953
2882
945
690
683
2124
1308
2459
1038
754
708
662
1410
643
678
685
722
2188
972
880
927
767
701
812
1391
891
680
1308
926
2547
1038
979
705
655
871
1222
1365
704
716
645
694
946
1509
913
719
724
1147
832
988
786
708
652
686
642
939
1265
666
1181
1171
886
892
890
977
679
1010
642
633
665
1425
794
638
989
863
857
861
747
662
667
678
1367
695
837
1867
813
683
663
726
692
1403
2211
663
629
652
637
1122
1182
924
838
716
879
1014
1340
918
642
662
692
642
776
866
2438
618
628
714
646
753
2081
685
616
1584
697
797
894
1703
799
608
651
629
730
768
2242
684
940
869
852
867
866
870
863
849
858
635
661
590
577
735
614
647
582
1859
1820
1012
613
637
608
622
1107
599
643
622
621
632
1447
1120
669
656
661
637
748
655
1940
608
723
710
638
808
757
1517
625
628
596
635
604
1552
611
651
625
575
923
711
508
542
517
550
1770
1010
555
591
569
523
1188
624
603
947
558
561
560
1422
748
693
703
1364
584
640
814
578
542
1206
645
756
582
612
592
656
940
573
514
542
536
804
760
821
567
528
574
630
1675
562
615
567
565
568
1307
912
679
647
549
538
553
529
561
659
557
543
700
1330
687
987
727
658
984
994
550
630
592
655
1020
1447
639
564
537
544
543
623
576
575
564
773
1185
702
1070
818
690
596
646
642
658
666
649
632
1107
634
914
676
631
1623
582
646
621
719
626
713
672
955
819
686
1856
955
885
594
603
627
587
719
1403
742
592
631
591
600
596
634
605
627
687
1334
700
604
653
730
588
590
589
593
587
562
754
1968
747
631
581
769
981
922
679
746
659
675
1033
1520
1300
763
642
696
818
652
666
685
616
632
886
785
713
651
652
1089
595
814
822
690
