3637
3246
1033
1288
958
799
708
650
734
1172
1710
1692
1473
882
822
697
654
2756
1499
1007
1211
661
807
670
2854
2333
1156
709
1223
1140
3069
2208
930
919
845
1236
928
2153
1269
960
649
724
686
682
1525
643
883
1840
723
625
1460
1599
905
616
763
1876
1283
1607
649
616
710
660
2060
615
1459
607
932
2087
617
607
661
630
751
2685
865
628
854
729
783
710
768
719
724
974
1617
1014
640
779
2041
1892
697
627
1789
968
617
1972
764
662
732
684
941
1190
2295
706
746
741
884
670
1107
696
622
686
2709
847
784
618
638
713
1532
711
717
645
990
1447
745
602
617
701
869
668
1407
683
740
1725
725
761
632
780
654
637
745
875
673
6682
1450
1757
782
973
1985
949
795
633
675
574
591
650
619
1959
930
695
806
666
647
1000
628
662
1550
917
770
2172
1016
737
685
792
2343
1533
1040
704
754
800
795
1318
2099
790
1008
882
1018
904
818
649
1915
1435
780
1611
666
626
657
763
1380
1849
1018
1071
989
1257
696
893
730
834
1612
864
712
767
819
814
697
782
1031
749
1151
1169
784
948
724
761
642
646
693
1384
1048
1427
720
633
758
1342
662
844
807
664
903
1580
819
650
766
746
1188
1188
613
734
1412
1221
1479
1030
689
603
635
656
880
1187
626
1377
681
1106
1150
1795
640
646
662
1881
723
865
717
641
635
670
1286
705
633
605
1453
630
681
645
629
644
900
742
667
706
648
1381
1091
643
616
641
760
732
621
694
1350
1036
1892
886
857
607
647
876
613
640
1314
1589
1277
891
1175
1044
1028
1088
734
1230
997
902
1002
1258
979
935
822
1115
1310
976
759
691
1341
922
2378
849
1684
1337
1392
947
1758
1069
1072
2552
1430
1625
2118
846
724
2043
1267
1025
1114
1057
988
1877
1287
1134
731
743
782
873
801
1002
2590
1456
1092
810
1570
1943
953
3092
1163
875
1025
894
1013
1284
1529
1878
1074
1325
889
692
661
659
877
685
1819
893
990
710
665
635
688
629
860
2998
961
1117
752
677
662
1163
1174
627
1968
1086
1099
1000
723
893
900
712
2124
1165
867
750
2220
962
795
667
2097
3224
1443
716
934
689
1448
1328
657
1195
639
672
831
664
861
3361
704
718
660
796
682
837
1290
790
2129
966
648
620
608
1961
588
627
686
1832
865
1397
1099
635
668
626
683
815
3383
815
686
613
615
941
757
1507
861
889
648
1543
1510
1860
1360
668
598
899
646
850
2538
820
945
671
811
857
640
968
587
840
1461
748
1209
778
785
611
649
649
623
851
1297
1118
1172
692
867
621
873
1000
671
636
672
631
1375
1393
757
913
987
752
1796
1318
825
1303
875
623
661
827
1419
653
757
654
631
883
1666
664
617
998
967
760
1827
767
850
1071
770
1601
1095
961
977
953
1018
953
879
912
1008
640
689
664
640
611
675
823
1134
752
630
632
610
1029
1171
1078
945
1185
2637
3347
2912
1166
1698
2949
1333
1328
1406
1104
1069
1382
2466
971
1005
953
1054
823
1276
1772
1304
943
730
713
880
2981
2702
917
781
753
1069
1771
1372
1020
873
672
671
2331
887
965
1249
1089
1554
1820
1937
1120
1345
1292
1035
1302
933
932
741
954
740
1024
2478
1098
986
1039
985
1089
1112
1064
1032
988
973
945
1192
948
839
986
1187
1458
2568
1469
1538
1622
1532
2025
2724
1467
1856
2077
1341
1407
1499
2195
2288
1327
1629
903
960
3106
1705
1349
1349
1051
3448
1037
888
1047
1074
2040
3739
1195
1020
2085
2242
5840
2330
1443
1443
1390
3143
1330
2455
1284
3332
2282
1493
2245
3974
1210
888
792
1982
6059
2279
1567
2977
2222
1235
848
1117
1229
1437
1192
1139
1251
2233
1847
1873
1431
985
1810
1092
943
807
1288
1013
869
855
883
1084
945
1049
1181
1610
777
1363
1153
1338
1490
1059
1226
1432
1237
2328
1838
1100
1084
2053
1269
1632
1341
1163
1114
909
2491
1740
950
815
1172
865
793
1317
1904
1203
1148
984
959
960
1460
1101
788
781
2990
2442
1315
2243
1037
1059
1132
1326
1087
980
2278
1225
1018
2471
962
1053
1106
1821
881
781
776
927
978
918
918
2649
1009
789
803
973
1898
676
854
1805
1007
1035
754
697
873
802
1684
1131
978
1248
1323
902
1143
2819
1621
1019
967
783
1315
735
688
1621
2012
758
812
1312
1303
1097
968
1063
1764
889
4112
1444
1314
1488
1559
938
1748
718
1079
1240
3898
1145
759
992
774
705
1161
2064
1000
1073
761
1277
683
934
658
875
1803
759
937
2516
1054
632
897
648
637
1691
1620
673
904
852
852
932
607
919
1094
988
1030
1004
1667
1201
764
937
892
792
2295
2042
685
740
805
1059
946
2383
1027
1016
1068
1275
806
2191
3161
1191
1045
1019
1332
999
1717
2694
1154
1219
775
1822
1494
1492
1245
993
1441
1798
717
670
937
871
1738
913
882
695
777
1397
882
694
620
651
1965
872
646
682
609
668
798
1367
858
1251
894
652
715
1565
919
1031
967
1128
1695
887
760
848
676
1119
766
1008
998
1093
1164
782
812
670
783
1446
881
940
1419
1185
1146
1655
1301
725
1184
1977
937
1138
805
716
800
922
1231
1226
1248
1722
693
670
603
687
766
2868
1949
825
621
674
1038
