797
1049
830
768
781
781
1306
827
682
574
2271
873
661
910
657
939
685
755
1086
1875
1448
866
854
705
859
754
722
767
872
1375
724
1032
1527
773
712
717
718
869
2083
789
764
765
712
817
1200
757
642
999
1605
891
2623
893
687
1095
1153
958
1611
605
659
635
630
689
1055
644
1578
940
773
919
927
665
610
668
689
776
2383
661
624
666
645
717
902
652
635
894
1662
718
1261
869
675
660
891
886
878
822
653
1401
705
872
918
850
902
879
855
793
642
664
1196
669
718
660
674
707
634
667
1620
1389
1234
1009
719
684
661
616
1266
769
635
642
948
879
689
1287
700
644
667
680
2019
1383
1266
907
1011
742
709
638
1270
835
797
788
1265
700
1690
810
595
623
703
608
786
916
1404
737
636
642
764
1382
989
1040
607
733
684
851
637
1242
1072
915
601
672
640
766
658
1110
612
761
590
693
625
618
1105
808
644
638
658
635
1217
1126
805
610
643
639
637
986
1132
706
711
596
659
674
998
2606
874
854
882
839
670
878
937
776
671
760
691
678
657
701
706
737
784
1015
945
1114
911
832
723
747
889
886
668
713
1038
880
994
1038
1350
698
735
809
698
1573
2043
2361
758
695
690
898
2411
831
832
639
654
908
1834
968
627
636
620
1271
671
734
646
674
781
642
668
718
732
679
677
846
639
691
632
735
621
700
738
663
637
1039
758
2207
630
630
604
640
765
1140
664
670
622
639
735
868
1321
760
671
801
709
635
605
628
628
630
627
813
882
638
629
889
636
884
1359
1041
635
668
627
636
792
637
635
757
610
638
626
1051
647
706
638
709
1058
975
702
616
642
647
762
1106
586
1340
951
680
1538
944
764
654
1147
858
661
1004
743
955
665
736
1634
1052
852
982
1173
1191
1229
825
837
1047
735
1234
1500
1109
715
752
678
908
1468
1558
710
650
718
986
1736
948
1032
970
714
1352
1103
1056
1021
818
979
806
1737
1338
1003
1162
838
705
1260
867
920
754
745
769
790
2023
780
1176
1555
730
750
1458
925
961
910
981
1316
923
910
896
851
794
832
880
850
896
1285
1070
677
1343
2048
1000
701
920
1207
849
741
787
704
771
709
831
1348
971
1388
1048
834
1952
1364
788
845
1062
1234
952
1277
1485
1359
1121
1422
1066
1950
1049
1200
976
855
1138
846
632
642
653
669
1144
783
752
642
636
1149
993
630
656
619
638
740
1204
652
767
644
686
688
1263
677
742
645
705
762
1203
639
904
865
685
666
682
1523
661
806
662
800
874
1355
633
754
626
751
854
1202
673
587
642
771
1228
694
874
619
617
808
1774
1249
673
685
649
601
1944
854
722
650
662
808
1205
674
690
702
1111
708
665
704
644
629
722
2324
1019
701
710
643
663
871
648
698
703
640
610
1010
631
818
677
638
606
778
1107
631
681
654
648
847
1087
865
745
640
664
901
1139
637
669
602
590
755
1106
1226
666
639
675
684
880
1037
656
610
823
852
658
843
682
681
614
645
629
919
1129
608
641
668
693
662
923
811
659
619
681
636
655
898
1243
751
699
603
672
745
967
629
695
608
610
706
1028
684
678
657
1329
711
685
850
723
632
1008
780
651
1471
974
795
784
656
656
789
1495
607
668
726
1022
1038
907
991
717
1034
996
1037
926
902
1113
807
796
848
1343
1205
812
709
727
669
714
718
888
662
737
664
646
626
667
1038
675
628
640
684
672
1049
606
638
674
650
1126
1267
1441
708
758
622
1264
1827
1557
1502
1085
1142
793
682
819
637
623
703
668
2061
736
661
721
1173
644
867
692
671
1322
1251
669
842
882
654
645
879
637
844
858
1616
705
648
732
671
633
667
658
611
631
1459
653
1354
678
752
1177
600
651
605
640
608
1364
651
1526
691
685
902
626
650
656
673
668
970
610
1166
708
631
771
1405
758
683
617
617
626
730
771
763
698
737
719
615
742
754
648
648
1310
1636
705
612
649
633
1572
682
713
618
657
615
1910
662
775
605
663
1174
1187
610
755
898
1589
1359
1745
861
957
874
888
1130
893
1722
1046
775
1015
1053
927
992
867
713
1508
1090
730
805
617
827
1030
2145
628
642
1134
681
1479
799
654
634
673
952
1216
1094
1067
653
667
714
1241
649
662
728
672
850
641
1424
638
640
692
1229
616
677
597
624
761
886
1258
706
653
679
666
1364
657
668
613
645
979
1586
927
667
625
665
1359
667
632
683
645
778
991
1137
651
825
926
800
595
593
599
616
615
1361
1899
767
658
601
779
1077
1106
578
589
636
681
1589
824
645
661
820
806
924
726
711
609
652
955
1602
700
824
610
672
676
935
796
654
649
906
1275
997
778
770
612
808
1045
1246
674
654
974
644
1514
1089
769
780
631
868
947
1382
1085
705
660
791
723
1336
593
747
605
602
1262
643
1296
642
614
693
1453
706
692
629
614
1084
1124
1050
704
734
1216
1964
703
604
649
951
1302
836
604
624
623
606
854
