3000
852
914
1807
702
703
669
733
2161
878
663
606
612
632
1346
1099
609
642
633
1210
665
647
2604
846
659
610
660
643
602
632
979
758
968
755
1016
795
1006
837
1306
709
1208
689
1897
838
952
705
942
721
643
669
1264
672
839
659
623
642
634
567
645
633
584
828
1228
766
630
661
753
662
1139
676
670
606
694
940
1580
687
625
610
647
633
954
1181
630
723
596
603
1377
882
861
824
601
636
623
1134
595
687
632
1102
708
892
762
711
702
623
640
597
794
1337
1144
872
677
596
747
979
673
691
607
587
841
1681
1008
653
667
635
617
587
2235
879
1364
1070
609
632
622
656
611
925
1184
1139
874
1009
914
874
878
1389
706
1050
702
950
901
670
1207
665
669
641
1057
620
670
642
740
738
1051
620
810
680
683
781
1363
653
635
592
600
1069
1070
824
660
649
622
1016
1182
701
591
577
604
1283
764
627
645
613
622
888
1133
621
597
676
641
1116
717
708
631
601
612
1244
768
593
677
632
777
929
896
760
687
688
692
672
739
724
711
711
758
683
1290
1226
801
710
737
739
728
792
755
742
848
711
731
896
1046
811
704
747
710
740
865
839
721
755
741
731
781
772
814
751
745
703
759
744
820
737
747
754
753
737
971
922
921
734
677
678
635
1070
901
836
625
870
610
677
1094
1263
676
614
625
641
1306
639
861
639
626
676
1140
609
760
705
630
721
1496
604
629
820
772
974
1751
767
815
915
1041
638
1181
637
984
1229
663
1211
645
612
621
657
634
610
754
705
900
711
793
676
1037
651
700
582
668
1039
642
667
665
627
1848
1213
856
656
655
683
1225
580
841
649
615
675
1174
885
615
645
631
689
1457
612
621
628
627
1193
969
602
659
637
908
1375
1076
641
834
768
823
1634
1113
756
907
1032
688
918
925
646
767
670
968
650
955
769
881
685
758
1165
730
838
650
733
955
753
1157
883
848
1011
2199
926
837
1133
798
1176
1910
2001
867
982
1256
1037
1198
842
985
708
996
933
898
1026
939
772
1383
1118
1371
969
1573
1214
1533
2382
1748
721
674
741
1307
2309
675
1164
748
737
872
849
968
935
931
1053
1198
877
1721
868
1016
752
790
2084
1693
738
712
796
724
1175
1097
1978
1516
1181
1173
686
1017
1098
1056
1093
807
1506
1151
652
711
859
717
716
638
1961
2413
742
1237
1075
897
1089
2854
1110
1225
943
996
997
1256
1018
1168
863
904
619
687
779
1371
772
698
609
619
623
1419
561
632
618
637
612
1175
839
724
595
600
668
925
716
1556
646
631
596
888
1603
1046
647
636
790
769
802
1210
1978
663
585
650
626
928
1943
593
635
633
648
984
700
635
644
615
1205
756
662
1140
613
913
704
651
1187
872
679
868
1035
628
642
1038
1296
640
727
756
624
709
1648
994
690
589
691
878
875
1026
622
699
604
609
633
1362
699
671
613
614
687
1117
1147
680
659
882
634
609
1780
843
676
614
630
613
1147
1367
665
611
608
601
827
925
683
593
610
689
943
1432
1013
780
622
597
928
615
591
650
625
893
1367
922
636
665
606
1412
596
606
639
599
853
1367
692
745
643
625
1556
993
742
833
662
758
947
1282
799
826
800
804
1201
774
786
621
632
800
985
823
821
605
762
1217
924
787
793
706
796
690
958
1456
877
1023
738
1485
2288
680
680
737
735
1254
1851
854
842
934
1112
1052
825
1613
897
932
769
750
1219
1314
670
705
690
657
658
799
631
664
622
640
1218
634
627
624
682
624
1207
616
651
644
761
704
1235
643
720
643
612
606
967
850
663
1147
1085
930
1088
1128
664
804
675
745
935
1232
675
694
629
1830
863
916
597
629
670
677
899
1365
598
975
684
1094
1404
2249
639
671
621
986
1266
1737
1108
894
821
812
730
706
645
653
658
632
1213
788
632
969
637
618
687
831
610
648
675
1380
835
651
695
650
635
689
778
1168
884
627
1717
788
712
726
688
736
794
656
660
674
673
1509
757
627
1215
1221
616
588
693
608
653
836
1149
710
705
642
639
1091
640
631
600
722
1166
1167
692
599
659
637
1173
604
615
785
744
2067
674
610
608
652
583
964
600
718
580
636
604
2252
600
600
647
603
609
735
619
820
957
842
1185
1021
709
771
1255
692
631
1789
605
1091
903
789
651
642
1132
639
639
602
646
1029
633
1619
714
699
790
762
614
631
620
655
634
1133
1212
803
675
642
895
808
644
632
614
625
1160
1348
643
641
621
687
1094
1106
660
670
603
635
1280
796
760
1238
657
724
653
1076
653
627
683
697
737
684
1200
695
678
614
621
802
1040
597
1548
678
630
733
985
783
624
678
661
830
802
1192
713
868
722
645
668
659
1126
675
678
704
1182
742
631
618
675
828
611
640
635
615
605
637
1018
1048
1223
657
2075
682
781
941
693
1571
1206
682
875
810
744
834
780
858
1376
1180
610
842
688
1505
679
670
616
625
777
1596
780
