3149
2174
1911
1381
1200
1459
701
628
1598
2604
1061
814
651
699
791
633
664
1008
1364
849
1685
661
641
663
695
649
1390
635
689
700
998
1194
2369
1182
824
747
805
2794
1043
960
961
699
608
859
735
874
864
857
848
890
881
843
832
820
839
627
829
851
846
820
882
587
852
832
825
821
670
773
763
849
951
625
841
794
790
800
818
846
710
788
836
823
819
817
800
818
829
890
578
834
649
627
605
582
872
622
627
582
577
575
674
829
805
593
690
1537
641
602
587
621
791
1127
1140
639
651
636
580
1841
738
608
605
615
641
661
977
858
604
606
703
1071
630
654
613
691
616
627
598
719
623
662
725
639
624
861
821
1205
637
827
661
904
898
1614
1644
702
634
632
622
776
788
723
656
653
615
661
934
776
627
669
728
677
732
694
646
652
706
744
638
658
632
1159
670
741
645
1024
160487
607
544
565
940
951
942
971
961
905
881
939
930
959
913
884
573
585
513
782
559
514
616
934
962
929
936
590
580
549
694
962
739
576
558
636
742
790
663
589
567
606
610
617
958
598
612
577
640
633
618
584
647
685
646
651
804
776
728
764
731
719
736
719
743
728
666
724
608
574
680
638
620
624
584
678
611
598
647
565
600
790
640
702
672
640
629
604
789
818
1026
751
1063
658
926
788
845
681
604
768
798
989
641
725
829
933
849
681
819
665
825
853
614
2413
1157
1031
1003
921
2041
1147
1196
923
956
825
1139
957
887
805
907
1180
1756
1202
1174
1049
985
1049
703
2128
958
975
731
1320
1520
883
1072
1050
1399
1051
762
797
753
732
1015
1014
799
1088
670
1374
859
980
706
1076
624
635
633
887
1157
1394
819
1061
743
919
1245
839
860
877
856
1403
809
1022
985
650
631
666
665
846
600
773
1177
1127
1038
672
806
921
598
855
648
623
599
856
1722
779
768
762
662
879
1193
677
688
1273
1393
1087
1018
704
716
704
685
1761
1350
662
638
644
950
704
1359
681
608
609
1080
840
1149
641
631
603
673
1182
641
614
947
605
1143
1158
603
627
652
607
1351
810
692
769
601
659
1153
1006
600
627
618
552
1323
1149
623
607
599
596
1450
1215
594
598
629
658
1291
1334
613
609
622
642
668
749
1165
648
661
577
973
1686
1197
825
589
590
628
1923
805
953
630
589
642
970
606
829
814
796
628
680
683
603
820
636
612
675
614
773
589
631
611
584
905
619
913
617
696
583
606
607
615
849
649
680
615
714
751
1451
688
718
604
603
619
1286
739
651
723
680
881
639
923
645
624
673
789
737
1086
678
669
636
693
632
889
668
607
646
618
805
948
1429
603
673
615
611
1887
1298
573
567
752
690
671
1641
1506
669
610
613
555
2139
844
694
613
612
714
1423
1637
637
636
619
641
818
1313
1760
722
571
607
598
1146
678
587
577
622
752
866
636
2454
602
1288
664
672
665
625
666
594
609
637
836
1602
1313
725
661
597
633
791
1153
1846
688
667
736
613
830
1109
654
646
627
786
1755
1336
744
600
585
767
1521
628
629
701
591
624
1062
547
611
638
1020
1636
638
712
777
731
1672
659
564
595
619
1807
623
762
692
595
1248
1264
616
600
557
734
1448
1492
631
725
596
597
1824
1144
693
579
579
568
882
1558
628
626
561
754
845
1979
653
633
594
751
1246
655
552
568
561
732
1580
619
594
614
651
614
696
568
580
588
625
753
1341
667
714
954
618
684
812
599
585
569
625
635
1812
573
551
665
579
1351
681
576
626
603
671
1079
1028
596
572
697
576
1483
737
575
612
683
603
841
1453
578
573
634
588
1073
1159
578
615
629
647
582
1827
603
747
633
591
1183
795
558
603
616
591
754
1481
677
608
598
622
621
1907
1596
606
602
575
593
1348
1801
574
576
559
565
986
1368
589
574
604
569
2200
781
602
607
581
575
749
1957
546
601
715
601
623
1057
568
617
626
650
752
1002
580
585
607
684
1082
734
916
654
601
624
593
654
1001
654
671
648
697
615
609
608
641
622
668
732
672
683
623
652
657
994
607
626
631
615
654
914
1030
697
616
626
623
841
1060
641
591
619
651
985
1017
615
774
626
606
619
945
614
601
636
623
622
1517
663
764
631
601
587
600
1240
622
613
813
822
971
1223
677
601
585
601
1433
601
604
633
661
725
802
1080
640
609
630
645
682
868
612
583
612
629
703
633
708
631
627
614
627
753
682
637
620
616
595
942
945
639
687
617
629
640
998
641
626
592
668
637
762
554
621
590
632
1642
1061
624
579
594
627
637
670
1358
654
606
587
643
611
590
1143
636
640
600
627
621
1884
1297
634
635
631
649
1158
590
1097
625
625
673
584
744
656
705
627
741
732
575
648
1182
1102
600
631
1048
688
1011
1104
1079
903
778
943
681
702
1919
888
627
629
652
588
819
817
577
666
708
635
