2664
1898
921
1421
956
1444
701
653
1407
1115
1124
835
968
1066
853
847
1087
874
603
763
1210
937
1222
1027
638
872
881
656
997
1628
734
783
1181
1428
1031
923
943
1721
932
1157
1025
1248
967
1632
672
708
1190
765
815
811
1242
670
643
612
660
1367
754
1446
845
847
790
808
1058
1199
632
662
658
1173
989
677
644
853
632
752
1313
627
661
620
662
1148
909
650
624
667
673
831
1172
634
741
661
887
1461
759
655
648
711
710
644
1265
753
616
984
986
757
1366
775
668
645
622
1106
1103
636
693
1128
762
1943
831
645
636
621
656
612
1170
2213
707
731
722
873
610
1017
619
646
640
637
1829
756
667
627
605
811
632
814
591
608
644
1187
1004
979
637
657
641
632
602
908
632
618
635
1252
633
991
737
643
598
603
584
1053
614
621
687
1051
975
1177
606
595
716
599
640
593
580
598
929
1039
680
1066
584
599
609
664
1281
872
586
629
1231
1038
740
1604
869
877
1050
798
692
946
1179
1056
990
1266
1159
1078
2016
905
1291
863
954
881
2220
730
994
744
906
1196
1725
751
747
727
975
794
2295
769
1182
777
862
1424
1412
778
743
764
997
1425
1389
681
744
744
873
753
1595
628
628
684
1115
706
1696
703
649
641
616
657
945
1903
650
688
681
880
1375
664
642
633
605
672
1126
602
609
644
632
720
861
1430
633
681
643
797
880
1461
634
640
602
812
1038
717
860
808
709
1165
1706
670
663
647
786
1260
856
695
638
649
628
1864
912
616
681
759
763
1186
983
652
651
606
665
1796
1489
658
667
639
663
1469
1291
652
602
632
620
653
1695
709
704
657
601
646
1751
607
727
633
616
619
1782
622
663
641
607
1753
1264
704
763
761
851
742
720
752
965
786
692
1882
824
905
626
832
692
1448
2021
1158
877
887
1103
1395
693
1083
712
705
1523
1232
1068
1021
670
845
1733
667
715
716
1071
700
1728
903
879
844
885
946
1018
1107
1046
1240
1388
1231
1495
711
661
741
753
1534
765
2213
2313
725
917
696
1356
969
925
935
1099
934
963
937
1088
1499
716
736
691
658
888
1354
952
975
814
1153
1202
821
782
797
922
764
766
742
1277
1312
1219
1396
1321
1036
642
1457
2343
947
987
1525
709
958
1073
668
1641
1271
1457
5741
1103
857
1012
908
893
1067
747
849
822
904
1106
774
633
637
914
639
627
623
624
1490
1773
619
668
661
652
665
1235
595
671
830
641
793
912
1491
660
720
648
616
1184
948
662
860
803
648
632
1270
974
641
635
647
729
977
2284
2430
659
687
835
957
813
977
815
701
645
655
622
2117
827
770
726
656
613
1221
988
1031
794
670
629
1315
804
612
626
615
649
651
881
2110
612
596
613
626
1574
732
610
592
634
786
924
595
592
600
565
1152
714
645
587
624
624
852
593
617
620
647
1043
674
648
593
608
1297
1557
616
610
597
772
1491
597
708
697
609
1050
1194
639
581
617
645
1542
1241
645
628
686
628
2059
1361
617
634
587
773
1392
654
608
622
717
673
1911
641
633
595
572
601
1007
663
620
614
620
1637
914
620
673
600
577
1817
603
668
704
629
825
1610
641
686
797
698
824
619
608
633
665
833
1235
1375
610
594
611
700
1167
609
652
585
603
720
963
607
650
606
694
623
748
631
631
601
628
1461
1036
601
617
782
856
2131
640
629
648
601
600
1601
604
657
704
633
1015
1122
606
609
609
619
888
1291
671
602
626
663
1255
1895
566
625
598
609
1113
756
789
713
1009
1179
893
1041
622
603
637
914
3055
766
639
654
609
853
1741
714
604
620
1063
1198
1424
900
718
670
620
963
651
644
894
1418
718
1486
686
634
631
738
981
970
689
603
947
663
1720
606
613
603
773
693
905
1437
1189
676
675
637
1661
1138
644
614
563
721
1254
1223
650
617
614
882
766
622
604
647
666
642
1048
1030
684
630
615
661
1002
688
631
601
621
737
1940
672
614
636
589
2150
623
618
593
623
644
2588
599
657
664
677
753
1272
814
661
639
1269
1627
615
605
619
587
601
2135
568
588
919
710
1087
1350
611
633
626
596
1952
1556
1224
890
700
696
1483
1032
609
592
623
639
644
2266
839
687
640
679
1551
1668
617
649
1195
817
1396
939
614
625
658
643
1319
869
1466
683
585
585
652
934
830
658
608
572
590
601
1509
619
814
802
595
817
879
836
841
879
929
1094
936
623
879
855
873
821
830
826
840
1454
1175
845
831
641
823
849
867
852
868
1284
939
781
622
621
621
609
641
663
728
1020
657
645
1355
690
647
663
658
630
621
580
577
582
702
654
650
1322
684
727
760
817
1206
654
645
636
639
637
1148
907
625
730
621
584
1523
1089
604
644
1176
685
635
1381
633
659
630
575
711
1198
2429
626
581
599
637
1908
1095
612
635
1435
642
707
1234
1788
631
660
618
604
2348
1166
701
894
592
602
626
1140
1099
633
694
1132
663
620
755
1371
684
573
640
603
1238
