2448
1626
619
944
1587
873
637
1572
557
604
498
505
615
582
8476
6190
730
766
571
612
726
1319
1883
823
847
1299
627
633
978
2113
1006
9261
743
2027
626
554
981
895
739
701
876
858
789
702
2037
535
498
511
560
484
504
512
501
528
489
479
481
524
486
589
770
1039
509
486
495
558
625
1664
606
725
681
579
1090
1832
534
523
545
613
1055
976
579
532
520
596
2178
618
594
548
557
797
521
578
500
543
549
552
1039
1966
522
487
492
499
940
895
528
513
514
505
932
514
511
1286
571
517
512
657
549
495
591
964
931
491
598
503
999
574
582
748
520
517
500
502
732
465
524
485
554
570
522
700
494
1124
573
565
2044
1898
643
1270
694
586
2035
1490
583
541
545
1217
556
804
1290
521
668
534
581
650
1446
648
1351
683
612
630
1494
789
632
615
609
639
1179
747
1158
731
616
561
827
581
1200
1520
1262
561
532
548
1082
1107
599
543
559
583
644
1340
896
819
899
922
832
842
961
919
1167
935
657
844
604
596
578
610
687
832
835
1308
784
526
705
664
640
821
709
752
760
765
1307
622
623
781
778
593
601
534
517
558
560
542
1493
616
551
737
759
752
553
552
624
513
571
589
1068
568
570
597
548
554
719
670
653
637
635
720
756
1256
612
562
486
548
860
788
732
774
683
681
675
685
722
677
553
496
1256
492
524
485
572
1027
1482
658
499
465
530
515
506
471
539
435
464
460
473
473
506
747
1021
466
705
540
496
501
479
481
459
478
458
1341
594
504
645
589
889
606
612
623
541
1065
985
1173
729
493
607
1052
798
450
485
479
535
1539
1383
704
447
510
607
1225
482
481
505
478
995
1848
743
561
525
502
873
1543
599
452
473
2123
989
1405
482
461
476
605
1183
561
471
1115
856
765
792
920
829
502
840
658
1131
789
1305
724
794
610
1184
953
875
753
612
1334
1197
680
1329
809
784
873
584
656
1026
1517
844
973
784
848
781
719
1278
734
754
1321
1556
1043
850
914
822
973
1003
839
1242
863
951
936
861
1233
856
721
700
1196
870
1327
1339
1139
1058
791
951
1233
1991
1001
738
887
816
906
781
787
1262
966
858
771
751
740
545
711
1568
2308
972
818
790
817
817
776
747
745
693
924
1668
890
1081
1263
1040
776
773
581
769
469
901
791
877
947
564
492
479
1372
1058
665
735
1195
967
1109
1087
529
687
698
552
1466
1424
518
1152
791
804
1330
1356
997
1154
564
495
3157
572
525
669
517
547
1106
609
480
749
453
469
785
587
474
583
477
1533
491
522
567
529
588
482
1791
523
510
875
573
1637
501
723
625
575
938
1797
544
525
569
708
1416
1236
569
562
648
815
987
524
554
678
555
1176
1243
554
735
544
689
560
1669
571
698
572
678
1062
1150
567
530
635
525
1575
1389
535
510
542
660
1469
1307
530
567
560
696
744
1645
508
536
690
541
923
755
526
564
537
550
1648
791
529
742
685
503
680
1118
1131
515
747
495
620
545
1795
545
531
545
576
1028
728
1513
888
626
880
1548
602
1697
646
503
600
523
567
557
1247
698
504
476
512
498
1407
1197
516
662
602
658
624
501
651
488
732
549
691
675
712
883
501
674
465
491
454
857
1227
472
660
696
733
516
734
903
632
657
745
697
931
541
534
1077
496
741
718
706
878
441
452
678
716
459
824
1198
805
650
731
545
559
920
563
462
478
508
496
502
873
682
492
477
483
467
752
504
488
514
508
627
601
571
566
614
571
571
570
620
575
597
598
587
570
575
585
581
582
602
570
580
575
571
577
808
847
776
702
535
675
736
511
647
610
659
601
603
635
509
502
680
660
746
673
683
693
683
575
652
683
896
576
530
500
474
484
469
538
499
481
489
458
471
526
519
828
1062
671
717
1182
799
636
753
542
701
804
799
797
822
958
496
469
589
561
559
579
580
582
594
628
1096
1002
603
576
716
687
723
688
553
766
1796
527
1476
633
588
1811
758
717
831
570
764
1186
1828
747
729
759
763
686
707
700
715
685
708
781
1709
618
608
581
580
1050
928
674
557
581
721
1716
1269
919
864
746
670
628
1222
915
758
712
760
1229
931
644
730
672
940
607
792
1020
659
647
647
673
1410
1122
771
805
776
623
1080
672
706
656
622
925
1148
648
677
688
709
782
1078
1079
737
805
578
707
1436
971
696
648
679
682
805
1176
727
709
550
580
1501
980
548
676
598
577
988
962
764
710
591
628
1846
723
715
564
575
557
1018
634
691
717
656
642
2185
603
670
566
660
677
871
605
679
671
711
838
1474
627
658
559
660
644
607
644
597
524
588
745
636
1112
997
772
782
567
638
596
602
656
605
902
618
747
1150
570
720
985
717
522
486
726
1208
1218
548
819
615
784
1256
765
744
562
570
950
1264
1361
837
631
619
1171
1343
881
582
831
1088
