2196
1950
1032
1289
934
1540
1173
1076
633
632
606
1125
723
538
536
538
740
1166
2062
1394
682
545
506
587
1490
1025
2341
1019
559
529
522
1070
739
546
625
810
579
1180
1096
809
794
757
719
579
672
946
780
1173
814
577
733
553
610
738
743
752
718
742
925
576
877
650
589
563
554
1088
714
564
541
555
652
766
745
713
816
560
535
744
777
772
747
722
731
834
559
732
793
642
552
766
780
777
603
611
545
764
661
779
785
754
836
601
766
792
754
734
774
752
740
750
746
640
758
627
615
540
741
725
714
746
936
717
746
550
720
770
754
573
714
721
727
716
782
582
535
524
717
708
735
707
761
761
701
712
742
707
728
755
744
760
795
763
727
777
741
722
569
733
750
724
721
781
721
749
751
835
535
730
739
767
751
743
765
752
713
746
751
739
747
769
752
746
814
654
791
901
814
821
745
870
726
701
701
663
742
725
727
755
732
737
764
739
758
733
818
609
742
765
762
540
741
739
770
734
721
767
767
653
744
754
713
759
725
564
737
849
558
773
614
806
722
776
820
740
676
717
686
650
665
720
658
896
865
1038
692
631
620
921
706
642
612
635
636
696
695
641
693
666
635
665
631
621
856
633
568
592
719
520
730
549
550
570
567
576
572
552
642
755
561
602
642
643
573
552
555
561
548
573
560
594
533
534
541
534
555
589
510
512
809
487
503
496
503
503
583
554
567
597
577
607
870
588
549
555
691
599
604
579
602
1644
694
603
646
601
838
731
1917
721
645
698
719
1654
740
971
637
615
716
1867
728
733
606
629
722
1868
677
632
572
627
565
2022
762
603
601
736
2044
1517
836
965
674
637
645
1119
584
730
661
608
1170
593
562
685
604
773
569
782
597
538
618
1234
746
499
506
538
519
714
1106
677
510
528
555
736
1228
508
549
535
535
981
719
718
571
718
572
1286
608
532
536
584
645
541
574
602
670
570
685
1667
781
546
970
741
1176
1188
819
896
653
1161
688
1400
824
577
835
602
1551
799
638
799
603
1161
1191
870
666
630
658
1229
1844
698
1026
659
891
648
1845
890
1251
1096
1233
867
941
782
1078
738
1006
1755
974
869
1069
1140
881
1416
994
938
1120
1192
943
1130
947
746
924
1145
1126
1114
652
922
860
951
982
686
650
621
666
767
1233
806
591
909
1199
858
1211
1643
635
566
890
936
2161
554
549
572
716
565
508
1932
1429
746
591
536
719
1056
983
720
738
734
746
989
740
768
688
731
693
707
760
700
715
693
688
705
718
615
602
542
567
568
675
607
697
714
700
696
728
574
749
699
711
727
742
1128
781
805
585
544
605
550
603
553
585
535
548
571
751
568
615
751
567
568
835
574
1145
1563
855
602
541
543
742
1077
522
541
555
559
603
1100
617
627
763
557
516
722
1019
519
532
533
499
660
497
1218
733
507
793
803
837
1059
525
612
581
535
525
768
556
913
674
548
555
1066
808
811
564
544
710
870
1118
584
767
756
793
544
537
756
745
715
742
746
756
928
790
586
576
731
536
546
697
689
540
553
621
572
732
1329
794
633
539
576
775
738
779
614
657
912
1216
1407
705
551
527
768
945
530
538
543
695
788
1603
602
540
547
590
1350
509
532
547
521
902
1633
516
512
557
522
1587
1429
522
514
526
586
1455
502
565
547
563
755
1009
508
541
522
522
822
1606
561
550
617
617
807
1284
569
544
530
556
1268
1041
570
516
561
641
1060
842
538
608
556
586
605
1247
557
618
558
589
687
1291
610
598
666
592
696
1011
1176
583
599
590
688
1309
714
643
592
627
613
954
759
667
605
644
622
2917
1186
1872
1004
908
3264
750
1022
672
675
627
614
596
538
579
677
603
594
1088
769
736
736
541
724
811
623
585
759
923
578
954
516
520
504
630
547
725
525
933
630
532
737
843
596
578
652
626
655
582
634
661
638
777
839
594
571
618
606
600
646
632
658
605
604
564
617
744
580
847
568
634
627
573
572
631
630
911
585
621
791
682
594
621
636
953
1109
564
561
562
554
703
1008
607
600
562
575
610
565
571
530
566
584
617
618
535
704
622
866
2191
570
585
574
569
784
562
547
549
539
603
872
590
766
569
757
554
536
597
745
641
550
801
808
576
775
566
782
796
597
769
558
600
610
1424
1063
554
575
555
542
511
1728
503
554
549
532
494
1743
489
536
526
522
517
1299
482
507
564
570
695
922
574
547
572
563
592
884
588
600
576
606
611
1068
588
583
743
641
1114
648
697
669
691
660
1395
1286
718
667
627
668
713
1860
642
802
764
773
703
829
721
702
1288
816
2488
716
685
986
949
875
911
1051
721
945
1032
1021
906
1387
1554
1126
1094
877
874
840
991
1376
1062
1097
1187
1073
974
998
879
878
