6696
3859
2188
861
1012
769
1596
627
1024
903
678
918
585
734
624
575
589
645
644
776
1253
701
624
612
605
614
679
632
874
906
590
650
703
766
617
605
696
976
786
762
1937
3069
758
761
735
918
614
982
642
691
690
895
657
1350
1113
820
597
603
617
2091
948
1206
662
714
605
577
1803
662
734
595
738
1318
844
811
618
605
603
574
594
1596
618
721
1280
642
851
596
810
594
791
811
829
1009
769
1124
937
576
720
619
685
1034
582
649
625
762
717
1728
1150
1126
762
1044
1063
995
854
613
624
1006
632
1320
1183
631
746
819
754
930
1882
1880
656
624
611
660
921
1469
620
618
725
1128
1136
699
694
803
881
630
626
995
1135
1233
914
926
949
802
681
638
811
595
618
610
870
1026
697
599
589
725
1134
1688
674
603
642
630
703
705
661
634
680
622
630
1488
1001
706
740
808
760
1847
643
657
652
619
642
608
617
1668
714
647
648
645
656
1462
1253
614
606
770
886
983
1824
693
661
683
784
725
774
807
874
798
760
1156
1674
695
689
719
960
786
862
672
971
992
934
996
1002
965
906
1078
697
646
688
692
1602
2227
718
773
740
857
2168
654
711
669
646
941
956
740
693
621
707
615
1003
669
713
625
676
605
681
683
621
606
705
600
1037
616
602
642
1667
1434
1285
675
624
587
761
773
1324
567
649
621
868
1152
689
614
582
594
597
1827
607
593
625
723
1318
756
592
668
632
1142
1039
831
852
927
587
579
1684
618
581
769
603
598
847
1142
563
656
673
588
1574
873
631
595
641
667
769
1919
899
612
637
583
650
1228
585
612
633
623
632
672
709
620
650
597
661
1010
650
620
591
636
581
589
595
653
630
595
728
1911
620
577
654
753
1037
712
1356
597
603
704
861
784
1072
767
734
1154
1283
1071
1178
1045
676
796
601
925
811
816
841
941
672
1428
1770
1032
714
764
858
1168
884
1068
612
900
687
1942
719
872
1097
883
1300
860
1203
756
1112
1076
1370
1132
1075
1223
920
889
1009
961
986
1110
992
1150
1368
1385
2092
1267
1833
1094
900
907
924
892
984
1080
702
1233
1378
768
673
706
722
785
1036
1451
729
1368
1134
771
807
761
717
752
703
744
798
1184
1557
875
1614
1196
1231
934
1516
1138
902
1472
962
1271
1118
714
647
1054
1019
928
2209
697
678
700
686
1023
1237
1122
798
782
1090
2391
1526
948
791
1015
669
884
964
957
854
841
645
880
904
983
617
862
608
616
1012
636
725
654
600
583
1258
737
988
632
644
863
607
876
898
844
656
865
847
865
816
715
647
603
846
1568
1198
621
647
593
656
1028
1611
1371
677
654
588
643
625
1952
782
673
643
607
603
1384
1440
1417
626
641
628
635
621
1534
1427
653
620
622
758
674
1205
835
637
655
614
630
613
827
1484
588
616
641
679
643
632
831
752
1083
844
895
872
1442
727
702
993
615
595
633
696
648
611
597
594
637
642
1238
745
643
650
737
798
1461
1270
762
666
817
844
749
1409
1549
710
738
690
651
693
1916
827
691
678
644
1030
801
1267
834
849
695
835
931
738
618
617
766
684
967
799
862
779
764
821
888
801
784
719
964
933
987
908
1160
846
834
954
709
865
1048
1099
948
1262
1124
716
906
1090
971
715
961
771
800
726
890
906
695
664
638
618
645
680
782
902
1330
782
773
620
583
778
923
952
768
740
668
639
802
1420
818
794
816
672
613
1845
763
742
779
595
1048
1265
820
802
672
636
2053
958
756
705
607
694
1196
802
753
591
574
841
1303
681
731
610
609
871
1601
856
1125
999
1033
997
1228
1266
643
1934
854
680
627
1737
660
603
677
634
1384
1443
654
683
693
638
730
896
1028
756
664
622
1176
624
641
615
577
774
700
631
933
642
937
944
638
629
645
611
712
669
633
615
876
1480
1006
635
610
622
1507
1149
597
634
587
610
2809
1416
704
644
632
637
1355
1014
556
583
657
1065
624
1028
554
581
779
630
651
1177
632
664
606
1314
771
1012
606
887
641
826
710
729
573
630
649
1425
846
638
639
829
682
621
838
1255
631
626
716
708
1550
661
696
621
760
718
607
884
791
718
602
1155
698
638
594
609
618
961
1416
671
584
629
666
1588
1026
626
759
664
694
874
1230
668
699
612
776
1675
614
641
594
744
665
619
616
637
647
669
1201
942
743
656
598
705
795
1177
635
721
632
690
1808
939
629
664
612
620
737
752
773
786
809
1321
859
779
1634
713
688
734
657
760
901
1313
1031
881
691
742
704
718
803
691
795
1338
1226
1305
1097
842
858
630
598
633
608
611
976
2168
656
807
615
858
853
873
849
665
831
840
1103
624
840
816
830
845
636
919
589
836
830
1237
1129
847
752
683
674
787
782
1690
830
744
1192
696
837
751
983
751
798
608
617
597
1182
788
1192
674
791
991
1280
739
745
712
754
1051
2130
683
637
616
811
627
1146
618
605
