3131
1601
1287
1106
890
1664
1148
2376
2379
659
643
1505
1046
688
854
654
862
720
861
862
1797
957
1093
1024
1072
1243
1076
1533
977
651
722
853
2056
1095
947
1222
902
1184
1070
2438
1112
868
1478
779
637
1066
646
757
699
659
620
1474
1090
890
825
700
783
1042
697
677
680
691
676
2118
785
697
829
690
720
645
631
625
701
735
2278
1002
1016
716
702
646
1637
1021
666
1610
728
908
1517
1121
926
894
978
982
997
901
767
762
772
844
748
1208
773
757
1074
1250
2514
1256
1168
872
783
773
1793
1198
755
757
723
781
775
959
1930
935
1571
807
867
2406
2569
910
697
1005
960
946
939
946
925
933
983
1920
1830
967
826
669
907
1150
1545
1306
1143
1384
807
705
884
735
760
1137
1059
930
962
949
905
1085
1120
1851
2264
2410
777
734
1528
918
1775
1002
1050
962
1007
1811
1714
1084
1021
1031
1079
951
937
1186
919
782
802
824
781
1260
849
1193
1987
1875
3768
1125
1278
1117
1070
1486
2380
1016
1067
1276
1507
2842
1112
1194
941
1086
868
1253
2201
701
779
798
1317
1061
2151
1027
717
756
1215
1523
2001
1054
1016
631
709
1803
1229
725
744
703
709
709
1550
708
721
743
661
719
1803
902
738
642
636
834
1687
677
645
658
692
2035
960
691
652
658
662
669
1077
710
640
759
682
1336
1295
878
871
935
919
630
932
692
813
644
956
931
650
703
649
688
733
1196
938
1122
874
731
1880
741
948
1212
1091
1065
938
1682
782
1485
1083
868
1057
852
1100
1087
1049
826
1091
1731
1062
984
1182
1156
954
1618
1705
1202
1375
1204
1160
984
825
914
990
833
807
1209
1013
938
956
991
737
891
867
1359
1176
878
750
686
782
1928
1201
1437
822
1374
683
652
1133
1058
1194
869
831
759
717
1634
1254
1015
1094
989
963
1104
1090
1551
866
880
1074
781
1914
881
732
761
1098
784
2255
753
1033
929
721
1491
993
1493
1657
1082
892
888
840
2627
1329
1024
938
905
1011
1289
1507
1605
1141
997
804
1166
2234
2434
2063
1285
1722
881
943
919
1113
1010
1152
887
674
1007
1362
813
809
694
991
874
884
1392
685
765
644
883
937
1097
736
1202
913
697
892
1612
777
774
653
673
656
1247
719
672
691
641
772
1116
1099
719
657
870
658
1115
1251
1319
675
667
707
803
1325
1635
754
645
711
645
1159
800
692
652
797
990
808
764
726
700
669
850
638
679
718
811
1239
1076
782
683
692
706
1025
654
656
677
715
730
1032
649
760
832
666
1246
653
662
655
863
631
1053
916
883
687
852
829
1456
828
915
746
684
1308
860
678
785
1009
980
1417
749
865
1013
969
1066
1729
832
829
795
781
821
890
801
801
852
847
700
648
664
641
647
846
1216
815
799
885
652
1142
858
800
792
787
696
1216
1072
850
922
810
810
849
735
864
820
647
674
1747
829
990
892
727
832
1204
904
668
690
774
1085
1347
1049
715
871
897
763
844
825
816
863
701
748
1031
659
651
675
754
1485
643
712
886
863
916
798
655
620
644
636
782
1330
852
694
719
755
1148
901
947
662
1060
918
2314
903
730
792
870
1291
1073
679
730
833
664
689
1162
794
691
817
1029
741
1220
701
1148
1039
861
1158
1152
1092
967
707
630
647
646
652
628
692
674
2616
818
638
669
675
714
1204
661
829
647
1011
1829
811
736
714
613
661
892
1161
816
639
893
671
902
640
664
638
656
778
1233
772
848
1009
1006
719
736
658
629
619
779
758
968
1253
721
632
631
637
1078
594
695
595
669
2510
894
717
658
656
777
925
734
666
630
687
2150
748
690
641
658
761
1439
657
666
611
668
1524
712
786
666
607
689
675
862
639
657
614
612
1580
1303
648
674
878
670
843
886
604
599
857
935
780
1307
853
683
633
588
684
1258
653
662
655
1080
1232
824
662
625
622
694
675
786
890
671
1167
855
940
935
626
859
866
879
856
800
1345
683
799
639
831
916
931
860
872
623
889
1185
674
633
642
875
878
880
611
895
869
903
1216
718
670
663
642
1199
859
635
657
625
653
753
2295
663
673
642
653
698
699
1017
683
634
658
1408
926
958
1250
769
817
640
677
918
649
2073
750
626
657
653
639
1071
1053
632
703
633
954
641
760
1377
654
660
626
806
1321
909
835
1031
832
808
708
732
759
730
668
665
627
1156
1368
635
704
606
723
1247
968
689
625
693
1542
695
821
1210
606
638
619
608
1525
793
688
580
721
712
645
1032
1042
642
585
641
583
711
1142
1056
624
604
661
650
1119
1120
651
593
662
613
1383
646
589
623
607
620
809
1287
765
685
683
622
926
792
703
691
634
691
669
685
725
1369
720
1201
650
645
914
1299
620
618
650
653
1252
683
765
670
627
742
1202
879
623
670
647
1116
1966
746
647
655
639
1163
683
621
708
636
865
1889
734
645
678
650
961
1180
713
619
616
621
1883
1181
887
629
655
637
1441
822
618
629
615
1142
1504
884
712
763
635
824
1156
1084
747
639
1075
942
826
