3240
2419
1220
1311
693
1182
1587
764
927
837
1177
1058
678
681
602
584
1502
868
1584
1598
1246
754
643
732
683
619
604
626
634
1085
718
677
880
1046
936
747
1060
815
2386
776
702
869
1061
787
1228
1714
810
963
676
661
656
1328
686
868
617
642
630
637
607
891
1249
694
617
667
642
848
1143
876
708
619
611
665
786
850
978
777
653
651
727
637
914
666
703
770
652
726
1257
893
837
640
652
631
676
693
643
639
643
640
699
1016
992
609
589
634
655
636
932
1192
662
705
598
611
855
1196
630
623
706
632
657
585
969
621
616
637
583
677
1356
590
645
766
899
1047
611
615
596
597
1018
1377
600
625
776
648
857
1175
654
730
639
621
884
1115
623
645
713
643
1113
634
632
594
596
684
746
1358
609
621
732
669
881
1482
666
735
672
680
1141
965
725
651
1008
841
968
949
957
649
713
626
750
671
669
872
779
797
645
804
884
859
845
644
887
825
859
851
885
636
768
821
813
834
620
603
766
903
846
597
712
958
647
610
683
642
696
671
894
2312
1563
841
860
842
861
1174
1307
1184
911
997
989
958
969
1498
1576
1968
864
681
692
1064
2865
1869
1437
1136
1635
676
703
641
764
1259
1641
680
697
931
739
1561
1888
642
617
660
636
822
867
2255
713
645
607
778
1421
620
592
599
779
747
1164
1901
644
634
598
774
1146
1830
726
684
743
749
1519
972
635
636
607
603
638
864
650
645
600
632
638
724
598
617
621
604
607
809
930
711
608
688
784
893
1810
675
587
596
756
930
614
600
739
627
649
992
647
675
740
617
698
2124
685
718
641
605
632
954
629
722
766
630
595
1859
668
642
595
579
1114
1590
724
667
594
611
1917
1275
664
648
951
658
1860
730
953
658
864
698
921
1385
837
887
971
721
1477
1213
1052
896
682
936
1282
1030
804
868
1016
683
1432
2007
1043
1058
1133
944
1639
932
1098
826
976
1279
1817
1806
1029
1038
1563
1193
2446
1487
886
764
745
814
2404
2617
1020
1477
1083
1176
1266
1637
1922
1043
866
1900
1093
1174
892
1108
876
1004
2257
837
878
951
674
598
891
1784
732
756
1337
1148
852
644
827
663
819
1042
766
664
758
1077
658
622
849
837
849
848
1392
1007
1063
821
738
718
720
724
603
1181
993
1244
808
1015
739
883
655
644
677
643
1076
1109
1015
990
1199
1175
912
888
859
1592
831
743
755
741
1819
1144
670
632
659
947
844
1684
914
590
634
662
619
662
945
1266
955
694
646
671
636
842
608
609
631
636
620
1159
2061
617
619
612
602
654
1269
613
688
633
848
678
1776
1673
621
618
632
597
844
1514
850
862
649
641
634
1400
682
696
662
607
656
1102
1901
632
599
591
631
874
1796
631
630
775
665
647
2026
921
660
650
645
615
652
1425
1161
609
640
661
631
1440
1317
630
605
660
638
617
1647
700
623
658
615
616
951
1640
556
658
593
630
891
1365
592
602
608
597
624
1213
905
603
595
692
583
1287
1142
674
2196
714
776
1132
640
621
598
737
799
596
606
638
594
846
1065
608
681
644
615
1177
630
602
623
633
1234
664
863
859
831
821
819
654
705
735
698
694
670
683
673
606
683
1223
1113
653
626
676
894
608
613
663
620
634
633
1167
630
643
615
1027
977
1876
827
739
690
681
626
914
635
916
823
640
843
856
844
927
812
622
851
840
880
970
810
845
866
895
630
850
817
956
598
806
828
647
804
779
629
616
835
877
823
823
864
822
668
703
601
834
846
638
790
776
644
622
853
825
797
668
710
586
677
624
633
646
685
616
643
615
604
616
615
595
640
609
750
770
1794
659
677
728
887
2199
667
1145
790
1014
766
821
705
613
656
654
649
713
629
614
630
618
889
1199
665
609
644
678
1331
652
966
604
631
877
640
892
645
620
654
623
1230
619
608
675
624
838
880
866
618
845
898
608
871
848
871
840
853
858
905
594
820
903
607
850
818
930
872
903
826
825
762
599
849
845
847
810
863
834
933
629
822
833
928
609
893
830
851
802
646
981
960
891
842
795
784
834
803
805
810
782
619
771
792
790
789
816
817
824
811
815
816
712
803
1098
816
792
836
870
866
683
833
840
634
838
826
838
824
624
628
848
839
813
853
1117
744
749
675
1451
869
679
652
629
609
626
667
614
633
652
651
637
643
620
644
622
600
763
627
589
722
612
606
643
627
635
635
684
603
630
647
679
658
608
621
645
634
621
635
611
628
621
643
620
666
668
646
720
682
1012
661
1093
641
868
1092
624
851
736
967
631
1148
640
1119
626
1086
665
1102
679
1045
762
671
926
693
696
646
686
630
1150
621
692
665
1073
639
854
877
602
1140
637
720
610
1004
882
684
619
851
838
676
833
770
752
652
691
1005
695
983
647
769
604
826
858
662
632
871
992
715
655
616
677
626
982
