1166
1250
685
682
714
880
1085
921
1198
742
696
662
851
668
926
626
867
1485
1352
1207
662
891
868
851
691
873
865
694
1305
673
1202
690
1026
902
764
1006
718
2673
1074
726
693
873
975
1245
702
723
1361
721
1422
1039
914
756
664
644
706
1236
1266
835
628
886
884
885
628
821
709
852
1084
1204
889
649
715
757
1466
982
635
659
653
970
1237
1282
772
748
747
765
1306
936
1178
823
665
935
1472
717
654
676
641
1081
646
1347
681
775
807
1919
813
810
788
643
1030
863
665
663
642
728
667
737
793
866
846
796
1612
1296
754
717
659
730
728
962
1299
971
693
644
649
1154
1245
902
842
717
803
1216
664
710
717
799
680
795
668
654
772
942
1037
836
800
694
705
754
673
748
835
680
619
1101
923
678
713
733
629
664
1068
1211
624
1035
1041
931
1342
1827
642
648
778
782
1105
1988
823
1023
681
664
744
976
1233
928
1309
778
737
732
995
713
829
706
732
740
1326
761
748
839
745
713
734
1072
704
718
858
1478
745
745
715
832
790
764
715
673
847
1418
854
723
797
735
741
841
683
695
817
714
740
1095
1400
899
865
918
961
926
909
950
1020
1016
959
967
953
1129
842
651
713
662
669
650
846
900
666
688
674
872
668
734
1024
721
1107
1361
1388
961
841
1272
825
1442
2368
1014
1002
1031
1107
1170
767
747
921
939
1164
912
1171
1308
920
959
819
843
1119
958
1046
727
872
846
703
855
954
1091
825
838
651
884
1268
1667
677
796
801
754
1417
1225
687
692
1199
1097
929
797
1054
1494
1329
879
1057
1014
1242
1388
685
672
717
664
1135
790
664
1344
1013
777
956
1202
1066
975
1124
1088
1228
1393
1208
687
893
955
843
774
688
1014
769
1201
713
976
999
766
1149
1230
1655
812
1302
1128
1164
2166
1805
1036
1204
1011
977
1295
1019
836
910
1120
2637
1507
1135
1535
1418
1324
2152
2599
1673
1038
1228
984
958
1545
1204
1350
1119
1117
1767
988
1400
1247
1536
951
1559
2204
883
1130
894
1118
2455
2552
1004
1659
975
1611
2179
863
1173
1099
868
2299
1044
1084
1058
1096
1402
1875
2906
863
896
998
1926
949
1204
1379
1421
1124
1526
1697
932
848
951
731
868
1481
716
1049
1001
999
982
1014
1013
1054
987
974
1435
1267
789
937
851
888
1830
1732
959
791
782
1165
1685
2934
4807
1162
1041
1065
2560
992
789
788
930
994
1025
884
817
775
1224
1462
1315
927
941
2039
1319
1329
2275
1177
1213
1596
1278
1282
922
672
918
697
1044
761
1018
790
672
729
938
1054
1128
847
677
708
986
772
1211
685
646
673
1044
947
989
680
993
703
705
937
984
675
925
1053
719
926
1295
825
760
815
1425
942
657
711
706
1170
834
923
675
670
706
659
1365
806
723
657
662
922
788
980
734
647
658
1116
1058
1992
783
700
691
694
719
1264
804
853
641
653
715
1005
1290
937
667
679
740
1720
1849
897
1065
815
1067
843
4085
673
613
627
782
1845
1935
661
604
1476
1017
2263
880
678
627
655
864
2261
623
1047
707
640
2067
1667
724
648
605
580
2274
606
612
653
642
782
1950
603
640
681
823
1861
1045
709
701
647
900
1861
682
842
966
1097
1137
885
1395
698
794
808
760
1160
866
1074
1177
879
741
843
673
640
652
834
693
1983
688
655
689
910
632
936
620
614
655
681
808
1947
1215
976
885
806
848
788
1084
1337
1144
1187
1222
896
1102
1326
1041
655
749
1381
666
631
991
709
657
647
2077
1439
647
1298
703
655
1709
1022
642
610
651
609
1287
1765
663
673
626
661
620
1094
1370
687
725
1217
765
670
839
663
716
692
653
688
682
639
1488
745
622
630
643
1382
675
622
652
695
623
1335
1143
640
705
735
652
755
1498
1721
650
1213
645
648
1887
1182
686
651
1980
1261
844
651
606
632
597
642
719
1091
1342
667
602
1462
734
693
650
846
662
661
697
663
763
1170
1595
642
648
711
930
953
1100
661
663
684
1413
698
706
1292
675
673
673
839
809
648
891
1505
724
654
701
671
1268
704
633
637
641
647
1610
1219
753
728
650
689
2120
779
778
785
1175
774
664
629
670
671
656
638
640
822
636
1144
765
712
1338
674
608
663
641
986
742
681
1294
810
649
874
648
1348
1000
880
1004
885
1204
1084
2075
854
656
769
677
629
1720
1390
758
780
677
643
630
893
766
675
631
1481
995
1352
645
648
665
632
942
1224
650
587
1031
653
1018
646
618
648
679
785
1336
633
827
745
694
777
1110
681
681
666
627
702
1562
1085
714
636
704
928
658
652
630
666
669
1051
1091
856
1910
721
647
986
750
635
686
1099
959
842
1232
641
673
654
615
622
1256
725
1010
1054
690
1384
664
739
669
670
631
668
661
644
1084
704
665
728
621
700
672
655
714
858
739
1265
736
728
741
788
1106
628
655
680
634
665
1392
756
688
625
758
1082
1067
708
633
635
1364
704
879
657
622
662
665
848
942
743
615
1438
664
680
1108
710
769
679
625
1136
1040
981
1589
720
722
695
