2664
2465
1811
919
963
680
667
752
826
995
1114
1013
894
1088
801
625
636
674
775
1003
1128
1063
760
662
795
1320
626
734
644
693
1188
1232
921
1044
706
870
1501
2163
1018
1266
1173
960
850
663
635
780
667
1140
1783
883
617
612
667
898
801
639
672
990
1027
972
901
927
1052
675
707
662
637
978
1178
716
647
671
1262
651
820
635
653
978
2230
642
667
1019
678
630
651
797
1360
1017
869
1761
633
655
611
634
646
1024
1569
852
731
993
619
782
1318
675
981
666
862
635
1213
906
683
815
834
846
989
1000
878
1166
778
754
688
988
746
816
628
677
956
1346
956
815
607
601
715
1383
672
862
641
798
902
827
810
686
616
600
666
597
646
627
891
911
740
657
696
855
843
604
883
606
894
801
836
874
1157
735
726
720
746
1842
1040
591
909
703
919
911
673
876
861
860
864
820
839
692
946
1115
926
866
843
1003
777
654
856
1305
731
802
858
1096
994
936
886
911
1379
876
795
1681
1410
1864
940
909
1104
937
2067
763
990
671
896
777
741
673
645
644
641
1468
1033
701
702
1108
670
690
618
732
613
694
849
1520
767
599
628
703
780
1074
1170
820
626
720
768
1839
639
915
781
1286
1687
775
590
834
608
1168
678
864
629
820
1657
1052
1556
867
664
691
669
730
952
2337
741
760
638
701
1464
1166
889
932
924
965
1218
853
1009
665
651
620
1067
949
637
1058
929
1133
1079
842
750
635
811
1181
1251
940
1485
657
598
793
1296
1254
887
607
1525
933
895
905
778
915
692
620
1368
2090
854
610
981
655
1039
740
1229
597
962
1158
739
634
734
971
1134
707
847
948
837
984
1553
813
794
854
783
2060
1397
1590
867
702
1074
636
910
692
1093
749
805
1235
1215
800
2092
1147
1393
1210
1460
1096
1086
899
1344
1303
785
1505
1308
903
947
933
1071
1275
1176
2521
1001
1437
1072
1193
1079
1436
1261
1450
762
934
1159
1013
981
678
949
1030
1559
917
1076
745
893
737
1522
2185
1177
1362
877
914
730
700
1836
2975
1561
1050
635
803
964
1491
642
614
2542
1112
716
941
947
635
712
604
845
1604
1118
953
746
710
730
631
953
1611
1387
1362
872
1159
1053
1698
1157
693
1390
1113
783
698
642
657
714
991
836
1179
961
987
681
641
1322
1236
984
892
661
1263
1584
943
864
925
697
848
786
625
1002
1086
1287
1410
643
901
674
700
972
863
639
868
1071
670
752
1119
628
857
699
650
1107
621
1328
982
915
997
1218
869
993
1110
1001
1373
1053
818
742
621
650
783
1911
1157
1392
844
1047
647
1912
716
723
700
690
1199
675
928
851
634
799
624
1338
1111
734
2093
1043
664
779
839
832
749
635
784
1324
979
797
746
674
880
1287
930
812
861
685
785
790
851
874
1032
753
907
842
842
980
1166
1009
905
1100
660
857
919
850
1081
719
837
777
702
878
978
684
862
909
858
838
600
824
999
642
919
949
843
912
603
825
933
641
906
1005
874
909
673
583
845
869
907
631
847
881
617
1247
987
789
732
727
1003
665
821
613
825
662
950
687
940
694
962
698
614
610
1238
1144
1188
917
969
666
650
1077
888
671
647
989
817
668
784
664
998
608
857
769
613
660
717
899
1164
967
863
1065
872
868
609
860
875
926
1492
1044
616
611
598
615
659
723
906
1291
847
1182
650
731
835
1323
962
922
875
1364
1565
1562
1334
807
630
649
1207
1120
830
897
859
909
1509
993
837
752
731
728
1551
1662
1142
1091
930
759
711
1287
846
990
696
932
1484
1923
719
821
909
848
876
962
614
913
1567
1004
721
648
635
628
664
787
1336
650
1629
976
727
825
1015
809
824
836
839
919
958
1094
662
609
671
2089
875
619
610
1578
1121
1011
660
1009
697
611
814
1040
871
867
1053
782
1096
933
829
833
660
649
674
1038
2096
1243
736
859
1028
763
885
907
699
620
1218
778
617
1953
604
818
676
626
693
2514
1811
770
784
691
624
1374
1058
679
951
745
674
1134
1183
1364
808
831
817
671
1734
800
790
718
847
614
633
631
841
1407
617
648
815
599
656
1614
634
676
628
614
770
1680
1427
637
638
662
639
825
894
1999
668
1274
703
649
1333
1519
626
640
640
596
1461
823
804
720
688
678
670
672
838
1646
1941
857
805
715
724
910
714
695
706
721
708
1465
1172
789
742
880
719
676
727
1006
739
843
959
851
847
1443
805
731
1537
1655
1561
911
753
694
706
696
722
829
778
934
1405
947
894
896
784
1264
1130
1037
1998
1160
839
791
762
714
749
842
2072
911
765
731
750
820
820
770
762
851
1393
1166
799
819
755
775
925
829
786
860
1318
957
841
785
885
845
785
739
775
875
1488
864
761
775
1108
668
613
751
671
672
785
1397
1091
908
786
764
766
896
856
1118
947
974
1203
834
783
871
768
815
1243
902
1433
948
862
802
929
863
904
906
776
805
1213
1105
907
814
829
782
819
863
822
904
1357
1123
1075
1194
998
840
958
