3196
2626
2258
995
747
1850
648
636
642
725
689
621
903
2061
1274
1085
699
664
917
1175
735
628
1433
1130
1357
1196
697
595
644
706
846
1461
1616
726
1094
719
1351
1323
853
821
1344
1094
985
2268
615
599
646
596
1802
1892
857
607
653
626
1929
1417
604
644
594
988
1746
1153
581
634
596
632
1097
1566
576
953
829
701
841
750
568
585
636
643
787
846
1119
1051
785
714
748
1162
705
631
589
674
1041
1645
632
764
598
590
822
1454
852
598
827
1250
983
920
1015
636
645
604
821
1095
665
827
855
635
610
1347
841
846
853
709
936
698
990
725
674
729
944
953
1030
654
638
664
874
828
1126
644
633
640
635
1106
859
638
653
882
755
905
850
623
616
693
664
980
626
863
914
850
937
790
659
612
617
755
779
822
865
673
652
767
663
629
641
645
759
718
640
649
643
644
611
702
942
651
674
596
755
972
1078
875
851
845
827
828
657
838
879
1025
633
959
643
831
928
650
935
2634
897
906
932
869
854
863
904
879
903
806
913
893
884
867
742
852
1220
1198
607
635
676
663
1312
1260
607
794
826
814
858
638
913
610
841
858
621
602
679
630
631
679
810
760
919
707
660
620
900
608
680
629
637
734
1219
637
703
702
869
645
618
619
629
619
683
1201
618
624
1003
768
1508
2005
926
643
612
640
805
939
596
603
604
647
1118
636
629
609
656
675
1080
843
897
647
612
657
1117
604
612
607
629
619
1083
1289
616
670
655
593
1377
781
807
825
625
673
845
751
1193
888
586
648
659
1179
847
680
584
612
714
651
697
1116
664
645
579
599
1071
1280
773
600
603
716
651
880
569
633
591
705
790
750
616
697
615
597
655
753
1240
625
622
640
761
809
777
1159
678
618
655
716
642
928
1259
873
792
676
969
718
1155
1070
677
975
731
691
1382
2152
707
1011
933
742
2115
950
682
918
660
940
1120
1672
1127
1312
781
832
1147
1985
2081
795
1200
1277
813
742
1588
1669
848
809
768
1286
1612
1310
871
1173
1183
701
1775
1615
862
974
1715
928
837
835
1020
925
827
738
744
1176
1272
704
1045
1219
655
686
1703
2352
1227
700
641
666
622
1896
1495
913
1694
971
641
585
1829
629
610
608
2355
996
1223
875
943
657
823
1158
1239
2362
922
626
586
784
1323
2074
705
687
1360
1240
1700
1365
838
955
746
940
1440
899
1317
1001
1261
690
695
617
597
877
625
786
827
938
654
782
754
1303
661
847
619
935
1390
634
617
616
642
612
1604
590
670
594
626
1107
718
613
664
610
627
1868
1292
600
592
605
713
1322
1434
980
654
654
615
2090
960
975
778
653
654
653
808
764
606
638
640
659
1228
680
660
595
672
664
897
1249
671
672
630
625
1128
929
702
678
595
645
1515
718
711
605
773
632
1053
929
868
694
640
695
1298
616
588
839
637
650
1324
622
625
597
889
842
796
660
723
706
650
679
898
814
629
595
658
654
1104
1268
826
612
613
743
851
1497
675
634
601
647
1050
1204
812
690
802
615
1107
1298
838
620
638
603
1452
991
604
613
1026
658
654
1015
814
603
599
594
640
1082
831
591
702
625
664
1014
592
586
602
580
1235
1052
576
574
593
569
826
1311
638
611
601
590
1250
760
793
663
661
580
705
1079
859
606
594
800
1200
1534
801
636
622
630
982
645
617
573
628
607
895
573
734
857
633
632
650
592
614
655
858
623
591
596
584
651
637
657
682
639
621
604
649
634
672
614
614
629
909
649
613
613
629
625
623
1166
606
644
606
632
747
1114
608
607
594
584
647
1131
686
687
761
1052
1174
1519
969
903
695
713
840
3234
941
860
610
680
728
834
611
716
877
1374
1056
914
605
652
715
875
776
1406
843
599
1312
737
769
1281
575
611
585
586
1040
603
610
1030
729
860
952
602
836
848
875
841
860
891
1367
658
677
639
653
630
747
608
624
642
861
842
1245
992
653
622
651
650
955
1166
778
625
619
600
1461
1162
973
813
787
726
844
742
975
600
657
1264
653
830
967
1121
755
658
591
867
813
1170
1374
754
644
628
630
893
1774
811
635
693
574
2049
657
573
632
643
639
592
921
1977
640
1056
889
793
860
1295
674
585
605
630
1075
1139
667
1308
696
617
704
896
1091
592
588
634
667
597
2730
713
667
662
628
603
847
1623
630
625
1349
681
672
855
671
671
643
587
659
881
1200
1314
804
640
589
771
796
1318
607
635
608
1254
1615
622
589
697
587
611
717
868
571
611
607
974
651
813
939
731
631
590
651
662
859
1198
1250
912
656
668
995
957
667
704
809
699
2130
1133
1081
680
646
630
630
1211
640
610
704
1232
874
700
628
607
706
811
890
785
736
607
674
1201
764
674
685
709
632
1186
611
679
628
642
1084
1808
701
696
678
653
1158
667
600
658
604
634
1772
710
704
608
640
757
1324
718
634
623
598
1389
1542
709
