3874
2973
1767
859
752
697
861
1581
674
658
690
615
1802
1238
1028
738
660
716
1224
631
764
1146
1457
1066
679
848
674
801
869
978
1479
1903
1082
683
965
1834
1703
696
698
1667
1167
664
1024
651
630
682
677
738
1441
1205
754
656
648
1346
799
647
605
683
611
1168
1876
867
715
869
623
664
1174
1084
847
641
633
1298
718
1399
638
755
633
815
817
1527
814
1011
870
603
623
1253
595
664
596
696
715
879
1700
854
642
694
725
609
1121
1135
774
606
676
927
648
628
586
636
711
603
630
639
1257
828
794
893
776
674
1147
1188
617
644
652
648
757
1626
1302
845
612
623
659
1331
842
828
598
630
889
1053
975
614
683
646
589
591
1213
712
667
1387
838
1039
1337
1975
1005
818
1030
863
2575
1934
870
683
815
921
1160
1752
898
668
734
699
845
2140
895
861
1273
1356
867
893
932
1937
1731
1165
1107
916
1259
1360
927
1884
881
783
2647
2150
1140
1424
1003
684
855
2119
2370
1055
1086
1031
1131
1023
1621
1071
1103
1299
764
929
2295
2442
633
703
1153
1452
1597
1165
992
919
884
1160
1380
1818
773
673
714
723
1363
642
633
764
620
925
1025
602
859
643
862
875
866
1074
788
756
736
693
654
624
661
604
1152
597
845
986
613
832
969
881
862
607
637
758
1119
679
614
664
632
884
596
822
847
657
879
610
1101
615
588
886
872
888
615
692
695
646
964
806
809
1156
912
1766
883
986
1317
1706
918
785
667
751
1236
1096
914
959
690
689
1233
1399
635
853
640
610
1169
1330
627
731
747
1154
834
1303
912
661
683
816
1137
1255
831
645
865
732
957
1151
1086
640
622
1107
1053
1498
770
930
650
945
876
1265
1164
1016
947
755
914
964
771
842
688
887
867
1318
1974
969
841
982
720
1221
1064
1022
698
845
1293
710
1011
722
661
947
761
2154
2236
1291
1337
1594
1075
1014
2481
3007
2375
1198
1216
1316
1109
1155
883
855
1095
1763
1624
1647
1142
1088
1407
2759
1075
1347
1116
1333
1198
1738
1034
1224
974
944
1824
1518
1322
985
1785
1137
1069
1043
1069
1049
815
730
903
2184
1446
1176
825
678
2636
2113
1178
1175
868
1234
1497
4188
1636
1197
782
749
840
3458
715
702
655
684
703
2144
717
607
769
659
856
2119
657
620
769
692
676
2302
716
676
698
729
723
1172
855
909
881
1007
926
902
1308
725
715
809
944
1415
900
882
884
750
706
1251
751
695
698
749
1044
1540
899
1015
923
777
854
1372
905
959
948
1028
756
944
882
895
857
863
877
1175
684
678
1096
829
1044
1298
936
843
843
886
900
880
1270
898
726
903
2083
766
811
781
954
986
1141
916
937
912
808
838
1099
742
813
765
931
864
1798
762
795
1170
971
1547
1089
1617
776
751
982
915
870
892
974
918
1353
932
995
1211
1221
994
999
978
1090
1200
911
839
842
822
830
875
862
1043
917
1077
2762
1310
857
1190
1128
1112
985
1134
892
924
921
1024
980
915
965
1339
1243
1912
1311
911
865
663
842
912
1212
1622
1109
1133
1010
840
2102
1878
708
663
758
671
867
1117
1078
826
678
659
696
664
1802
1322
705
723
740
626
655
1655
719
708
689
618
873
1959
1861
1038
1190
1119
1025
851
1106
1253
627
921
1013
790
720
921
707
675
708
987
829
1304
769
795
819
702
651
765
1136
856
617
731
1968
741
624
730
1586
805
734
641
665
771
836
1286
814
636
665
874
854
637
974
735
1043
1457
595
617
593
942
670
604
601
609
635
583
981
1183
1104
590
602
959
655
640
605
606
609
559
659
622
1553
716
859
641
732
734
767
688
595
679
612
637
1018
965
616
633
582
642
662
666
593
643
662
607
796
624
1067
729
594
1161
1066
621
635
662
690
1441
675
1395
726
841
683
655
784
636
628
874
605
634
742
1034
616
658
670
1350
716
672
673
596
668
1173
805
940
694
580
653
598
677
809
672
739
637
1924
800
722
698
596
677
2024
690
644
602
709
945
931
657
610
681
691
675
588
604
631
579
1224
873
603
639
589
627
767
613
1475
609
605
619
1146
1099
991
759
656
620
594
671
1071
588
697
987
998
656
603
626
600
769
593
1523
598
618
599
1061
627
1476
618
569
603
622
589
1152
563
576
1211
724
567
1865
575
625
610
620
854
1587
552
970
682
604
608
605
663
596
606
584
801
599
1167
755
630
712
1117
632
611
655
704
889
1760
1081
795
615
765
723
621
612
631
638
650
653
651
1399
736
682
853
997
594
640
642
609
617
1073
1312
700
651
638
842
1013
607
645
646
605
679
1671
730
683
645
629
680
613
660
910
633
714
1720
1019
704
631
679
643
1060
704
657
1073
636
1536
1242
860
665
596
646
930
991
776
612
613
868
1061
1036
713
660
647
668
633
848
1057
886
729
909
832
1825
661
630
677
630
624
641
807
1293
745
652
612
617
2049
639
648
627
591
1258
1639
907
877
631
707
611
1079
1168
863
1261
710
598
689
1116
1082
680
591
598
631
903
1639
790
