3490
2343
1179
997
728
703
913
748
736
766
722
632
663
651
1210
626
1002
1255
867
947
1216
1138
1036
686
841
1928
1582
1021
999
933
1139
1176
1327
1703
872
822
707
624
863
826
619
641
584
1169
852
1394
683
658
633
803
952
614
618
635
727
693
928
1007
1417
1046
858
1478
900
964
688
1566
760
1523
758
647
601
615
576
1170
837
605
1200
680
590
781
597
621
639
639
1249
1736
608
1285
627
654
1805
621
624
590
630
639
1625
1012
628
978
742
652
1118
1164
641
586
611
1322
646
1862
632
608
708
845
1646
1568
1559
1217
857
782
1635
1852
953
919
1103
1222
1819
2810
1291
1090
1156
1244
1059
876
705
617
625
612
671
1790
1229
629
658
638
674
628
637
587
664
633
1258
759
634
614
677
795
855
2118
606
723
754
615
970
600
615
781
580
840
1177
817
602
827
827
1345
1218
1024
1431
917
964
3042
1005
856
795
750
1478
1819
847
819
1065
1458
2045
1392
1624
800
725
1771
2703
1960
943
840
867
1888
1513
1192
1151
998
1020
2349
1149
1522
663
682
988
981
942
1499
1030
879
839
994
2382
2603
1242
1553
1087
848
1045
2258
3647
1573
845
1019
1076
2881
2628
931
1321
1024
695
879
1238
676
733
612
624
954
989
608
627
643
628
831
1370
619
621
606
669
669
1292
1717
615
888
593
739
1225
1544
635
604
597
626
583
2003
553
600
607
591
636
958
1172
850
886
868
811
826
848
810
909
713
635
627
1359
2569
937
621
627
896
862
2146
1516
986
937
793
724
1002
1668
801
2099
1169
1182
1073
922
1012
1234
1777
1070
1014
970
1547
989
1201
969
1160
743
1990
1378
1119
1084
724
1074
1004
1035
1040
717
1185
1064
765
741
1913
1363
1037
2155
737
995
1245
2006
1081
1172
1148
1145
1435
4179
2079
1360
1243
1900
1761
1491
1518
1530
1498
2603
2497
2446
1548
1706
21245
3286
2862
1375
3244
3831
2261
1724
2216
1293
1221
1323
729
1536
1037
1059
1012
982
1369
1411
1567
973
1191
761
761
756
732
1252
1341
919
764
1446
1733
2203
2159
1370
1380
1404
1619
1287
1229
1295
1194
1289
993
676
648
720
1854
1288
1000
690
949
706
980
727
947
1986
765
778
796
752
687
793
654
756
640
789
1283
1063
1124
1129
1259
918
875
870
800
1204
1425
908
987
660
618
639
1478
772
793
676
840
1533
997
710
694
657
699
787
1158
760
702
681
629
1114
1033
644
652
658
977
1055
1359
715
1002
1020
672
726
1128
640
714
648
630
638
1164
1044
640
642
728
896
851
679
647
686
628
959
1636
690
1067
899
860
813
1391
602
627
621
671
1458
1002
610
623
616
793
1703
1616
1236
1358
1239
1280
1146
2617
1119
708
655
639
2890
669
652
591
691
695
660
1169
797
758
1216
675
911
670
619
653
924
694
741
1220
633
1174
854
1040
891
1622
780
1251
1091
832
1962
1333
560
612
742
643
1889
1547
638
727
668
643
1889
1066
722
821
632
827
704
2070
594
754
605
581
1087
662
597
615
614
744
1117
629
647
604
613
1038
1121
919
711
1238
1224
1828
1086
1384
1059
671
669
1313
1188
628
1518
1320
845
1998
1125
697
624
781
956
786
614
586
600
661
696
675
1334
972
945
665
1339
1338
1331
1234
1180
632
606
635
2622
1036
685
689
811
967
1134
658
626
937
942
1542
1019
649
655
622
639
1190
1291
861
1515
960
643
668
834
1055
1064
938
850
849
1277
708
702
666
1554
2431
757
771
620
824
907
987
1118
953
1149
1165
634
851
989
1205
792
1147
1005
795
664
599
668
711
1119
1753
668
587
630
584
1314
996
640
618
942
647
884
1058
624
638
661
641
650
1069
1513
1071
734
690
686
967
1101
792
806
625
606
1089
1739
914
862
678
683
800
1076
907
1014
1735
786
802
1174
1692
612
669
620
1427
1069
1262
2214
963
641
613
626
1056
1846
1050
756
696
619
644
1140
1243
628
907
954
640
632
842
1240
731
600
644
595
674
1046
2320
627
855
822
839
836
641
819
863
670
608
1336
654
596
674
583
600
604
1199
650
724
608
976
648
1566
1126
1024
681
591
700
1107
820
1470
809
628
623
627
1420
596
697
592
621
1312
1189
1610
623
629
615
616
645
1252
607
664
977
662
808
800
1403
898
597
600
821
857
629
1561
694
807
835
852
623
609
629
608
717
615
2328
851
640
669
806
620
672
1098
981
664
675
1418
693
651
631
1230
763
631
677
653
838
647
1295
686
644
792
645
633
623
686
848
1083
618
854
786
1456
713
613
619
624
589
912
997
699
1104
1265
658
880
613
618
683
655
614
1076
584
1308
1254
627
766
1226
732
632
599
633
576
836
637
1204
673
952
596
825
824
822
811
941
592
1213
662
633
621
630
560
1323
1074
628
587
564
1413
674
709
565
609
622
585
1025
1191
623
588
619
1049
941
2187
600
604
585
645
812
1386
618
1180
724
749
935
1507
640
589
584
653
1252
1275
1091
642
650
578
780
1504
595
704
844
607
842
1864
591
629
671
574
783
1607
971
968
866
1216
1282
818
598
624
890
582
607
1413
1599
626
1179
