2903
2038
1231
2001
1005
843
921
642
649
619
1253
603
888
1323
971
729
883
610
635
672
614
673
2508
968
847
704
631
797
960
1200
742
683
2721
891
1539
2014
903
729
745
695
2551
812
887
713
674
922
681
951
653
883
1563
715
670
944
701
686
673
640
640
1790
1504
700
614
717
757
957
836
708
644
623
665
1853
721
768
634
643
756
1023
1271
657
687
704
1151
679
880
804
615
639
626
763
1290
680
649
1255
715
830
704
698
655
651
631
624
1041
663
1324
685
653
1467
1289
798
830
653
641
859
966
1038
768
828
616
872
872
1172
778
755
799
1332
1639
784
807
764
846
662
809
936
756
635
1383
822
650
1362
653
727
751
684
741
1049
1732
817
802
1285
914
607
624
606
617
698
873
748
843
790
1373
1105
1018
903
1290
859
1168
2137
798
889
705
668
1206
849
631
656
677
710
776
730
1137
646
614
669
642
663
1206
1125
617
711
725
849
795
866
762
895
1202
810
930
1061
914
1265
774
781
1141
789
899
1518
930
967
955
945
919
990
1262
820
848
1218
830
790
731
1046
743
837
844
807
737
1580
1156
1129
1139
1205
1027
1435
1414
1813
1580
1107
1131
916
1023
1824
819
1018
804
1052
1020
891
1146
1199
1017
1017
1059
864
866
861
826
858
892
841
979
843
820
910
891
908
1082
941
978
1048
910
886
928
939
1047
995
966
966
1080
1031
924
1011
1594
1356
1287
905
996
800
686
677
619
634
764
913
789
669
658
694
814
728
672
653
1085
1432
749
686
729
630
699
786
1379
663
771
633
654
639
1263
1670
730
630
639
643
1403
1877
617
646
666
661
1978
1253
719
1038
1001
1306
1283
900
1106
1104
778
1841
2438
1142
1146
934
972
1794
1160
942
1012
1173
797
2023
2209
1142
1155
1086
1079
1134
1325
938
1210
1049
1104
1427
1663
1299
1263
918
877
1112
1220
2806
1159
932
1145
1105
2406
2183
1174
1491
1374
1116
1214
1014
1784
1074
1173
1037
1030
2010
3255
1621
1180
1170
950
2545
2516
1832
864
841
817
886
902
879
842
1824
912
986
2806
980
1005
745
865
1683
2941
695
786
1025
1268
1194
1215
780
980
953
947
907
1441
2124
1009
1347
1407
1443
2137
1296
655
737
677
2367
2070
1638
2502
2066
1217
1320
1052
976
939
1012
893
1081
974
2146
803
805
977
1414
2078
1550
1148
1190
1235
1030
1750
882
775
724
692
955
891
901
725
741
806
1006
1295
769
753
673
795
1001
693
653
622
732
709
1376
728
1054
625
659
790
1572
713
936
635
645
883
1425
656
959
1092
1069
1443
1470
669
962
661
885
956
812
641
658
671
940
776
655
650
678
882
913
1221
656
962
725
635
705
1218
831
926
659
696
675
1022
922
685
653
614
743
1365
713
735
1104
938
1082
1224
750
960
651
670
875
1392
739
665
910
850
856
850
902
661
615
847
1025
632
619
617
703
668
924
1418
861
617
850
673
681
1027
758
659
698
1052
805
1723
1342
1040
774
658
871
698
1215
670
758
828
822
853
1383
807
795
647
826
1005
984
714
636
654
644
630
918
883
646
862
913
779
642
650
678
634
687
646
865
742
604
648
634
737
1018
603
713
692
670
689
1125
606
896
675
669
860
898
888
874
877
872
648
868
842
677
741
724
833
710
714
695
691
711
764
710
724
776
938
1064
995
980
1178
1479
1970
1684
874
700
1195
691
660
1185
1296
2176
870
650
710
714
1170
1133
1115
667
1260
758
636
922
641
893
924
619
848
858
1521
657
672
727
683
678
641
636
671
675
626
656
1083
796
649
1249
637
900
884
619
899
903
884
1680
724
665
700
814
1068
914
668
650
715
773
678
1738
1245
895
610
643
620
665
941
764
677
729
672
672
684
856
994
601
592
604
1099
836
739
1172
848
613
656
662
907
1489
1751
638
855
880
852
870
965
630
620
878
1494
665
620
619
623
610
653
853
814
1019
1225
1085
657
633
660
1113
1206
698
630
642
607
609
1691
821
613
630
608
662
855
833
899
584
840
842
609
653
617
606
598
699
890
1187
596
615
593
1485
1564
806
620
628
646
1155
1078
639
613
1325
661
605
1163
611
853
871
863
696
825
860
1583
703
629
1663
1705
695
655
645
667
734
1927
637
885
857
876
616
845
630
644
797
842
1408
981
806
651
605
622
616
629
960
827
664
634
799
805
937
1383
614
649
883
600
819
859
847
1237
749
745
1630
1040
592
856
872
912
854
1428
679
624
655
862
620
843
844
581
637
671
647
612
1076
718
641
655
1190
687
636
647
647
884
879
1325
931
628
663
759
976
752
664
651
637
3245
745
645
657
628
687
683
662
676
673
1038
690
1261
676
858
631
917
617
885
886
970
617
1743
688
858
857
943
607
861
850
923
902
1267
867
808
725
813
725
695
720
704
722
763
684
724
1050
858
743
732
682
800
1232
680
628
645
669
852
2024
777
639
743
668
1208
685
641
654
597
618
598
1921
684
640
643
685
625
636
650
706
653
660
709
1683
