3534
1846
966
658
652
640
1297
1834
882
621
649
632
759
807
1275
619
600
1262
758
667
1451
604
641
597
620
631
1568
1433
929
642
631
835
1455
1205
598
770
1738
1939
1250
870
671
994
707
874
818
1019
693
643
643
608
614
585
593
973
1375
690
1661
762
611
1351
665
643
574
633
1655
909
599
958
742
712
1129
787
604
576
687
784
762
1942
713
591
607
628
825
1240
1662
592
601
1106
975
609
620
570
598
695
964
602
591
580
591
1213
808
567
592
584
593
758
1330
719
691
594
815
1023
774
608
711
584
622
938
1427
772
919
1323
1311
736
1866
1007
831
960
998
1724
2516
1061
788
769
875
1338
792
1082
982
897
999
755
1275
653
725
693
719
1812
725
649
605
656
752
829
880
604
587
639
1089
921
1265
692
675
610
616
1081
1217
739
770
616
902
1652
1178
666
654
599
841
627
2094
688
672
617
601
662
1384
895
673
649
597
607
956
1010
863
919
894
908
907
888
952
902
877
982
947
871
1315
905
831
750
930
761
725
944
736
851
1984
843
735
718
763
802
722
868
863
1139
1183
1102
1205
1331
1178
1165
1574
1494
1264
1339
1502
1718
950
1354
1548
1101
986
876
839
1482
1149
722
751
1004
991
820
736
1917
1202
1057
1012
1078
846
838
867
954
892
1039
648
618
582
605
622
649
719
804
1290
1151
899
892
832
1550
834
897
963
935
781
1734
2814
1022
1410
1106
892
843
1706
1087
887
698
623
872
1280
820
683
622
649
931
1857
687
626
612
622
654
1047
1306
846
595
749
629
820
1268
738
694
603
713
953
967
717
726
615
613
724
824
601
572
734
628
642
1296
624
710
679
728
1024
966
1017
969
833
1028
1123
784
1125
1148
869
822
935
794
1915
1055
1089
1031
1232
1282
904
872
1583
836
1446
1136
1198
907
2115
2629
1342
1297
1275
1177
1226
880
3159
909
835
886
1317
1152
1200
2539
1332
2200
1235
1447
1472
889
854
1547
1206
1334
1044
915
955
1738
1249
1242
1439
1440
1711
1058
963
1024
1765
1166
1099
1290
1354
928
1023
2228
1451
1016
1120
856
912
802
1298
1479
887
2295
2287
685
690
1587
713
742
694
806
692
775
715
818
843
1675
1408
801
751
971
909
949
1526
1501
1324
948
931
2406
4546
1292
850
1358
1571
1353
1794
2164
706
691
687
688
712
2425
1292
2129
1038
884
890
1613
1137
1686
1519
1202
1095
1286
1139
1086
2259
958
712
830
717
1151
1404
1308
821
690
675
982
683
630
905
875
636
694
702
752
1009
1050
716
745
697
718
622
839
1031
812
892
719
725
637
1361
1254
830
750
614
749
755
1390
880
624
653
652
1394
870
869
670
672
769
831
673
686
1201
710
713
1377
610
652
614
642
1335
1158
887
1116
712
844
1243
1234
827
671
605
676
1453
1078
743
622
716
645
656
1676
845
637
595
1140
752
819
1742
667
867
637
898
874
948
618
853
811
639
723
1172
696
657
622
618
681
1355
1198
949
913
956
721
712
1340
690
741
628
638
1823
1265
699
740
672
677
609
1760
861
657
670
615
1405
1151
726
680
638
692
762
1608
822
634
618
608
921
1324
847
681
628
626
1123
1324
694
724
617
626
1240
971
740
650
592
677
982
1323
847
633
596
610
600
1873
829
726
594
618
770
909
648
765
610
593
751
1369
782
599
596
619
1325
1051
783
631
954
703
1105
1441
867
908
820
773
810
808
664
779
874
926
926
899
804
823
1076
1070
816
706
1219
1673
2186
860
772
652
667
635
849
812
3876
1083
940
787
1093
1060
1344
998
1621
1023
960
873
884
888
614
626
624
871
1617
683
607
627
673
1137
627
642
613
621
726
1996
670
725
718
631
616
1166
806
595
603
666
954
1579
596
649
622
703
740
1415
629
637
679
1434
687
618
609
579
633
609
927
1192
656
586
1465
666
828
1389
852
609
713
622
1394
1018
660
652
615
615
713
659
601
637
643
635
733
1254
1459
604
602
614
662
654
1118
630
610
920
851
1169
888
671
651
870
952
1003
1876
883
863
815
1221
1040
975
2851
811
1190
708
708
608
605
586
615
886
1154
1761
610
708
649
616
1075
1735
614
620
663
749
847
2261
770
561
639
630
601
624
1610
1454
1368
723
594
592
598
1035
1314
999
831
709
733
978
610
956
653
569
602
591
682
795
1029
648
585
958
682
601
803
1573
614
578
585
628
838
617
1414
610
833
573
821
818
787
784
771
809
780
1155
640
667
639
625
600
618
599
604
635
617
638
681
1063
629
629
611
705
628
656
584
661
1017
683
1405
713
665
633
729
803
1195
1044
731
783
1830
862
1574
931
605
816
821
607
605
696
1472
1001
731
625
567
698
1993
791
589
621
798
1112
648
813
955
637
590
571
612
609
607
1164
1214
776
846
901
650
774
597
610
603
612
593
1263
698
1464
717
588
603
688
647
908
743
646
655
618
613
1962
617
616
588
645
796
688
1145
685
614
599
1497
742
1606
1450
553
614
611
638
1610
666
1477
684
644
1324
1660
624
574
