4323
3864
1706
1074
764
675
872
636
1289
670
698
1129
867
686
993
691
627
629
668
827
848
599
1203
697
675
745
825
1211
731
608
618
593
1413
1684
1192
1515
1304
1025
1207
865
1347
1193
742
687
1144
1760
1048
624
671
1534
1060
704
818
644
625
617
1243
1459
848
1591
755
850
616
711
918
649
627
642
1172
2219
655
596
624
611
1271
1025
876
659
1724
625
1103
1183
828
588
611
598
1185
1197
1417
1242
611
629
624
886
781
577
642
616
740
2185
601
580
634
649
1245
1082
577
615
573
595
1622
1464
818
596
578
609
992
1414
840
589
604
608
1832
744
850
841
626
870
652
615
604
606
587
714
2018
799
801
653
592
608
1212
642
619
1189
615
784
2127
653
599
604
680
1698
619
619
820
663
593
692
597
619
642
589
814
1081
643
956
678
695
1481
968
716
722
585
822
817
1318
639
590
605
1551
647
599
668
620
601
602
1874
805
721
674
657
620
590
620
660
831
802
1629
1813
901
875
810
859
851
1121
770
718
906
1415
737
1659
889
888
878
924
910
670
880
1046
849
1053
1679
894
673
707
730
679
1249
828
1010
907
1045
982
995
798
1002
1005
793
1860
1260
564
616
588
864
1218
610
683
1168
852
840
937
634
610
675
630
1524
1261
589
625
688
659
629
1558
617
597
611
604
800
655
1425
743
628
598
609
1280
1257
631
622
639
651
634
870
1127
627
687
638
643
790
1380
577
646
601
618
761
1466
603
624
613
604
624
1503
843
622
678
597
746
1276
1106
741
603
640
605
707
1351
935
610
752
621
654
639
604
1276
647
665
631
619
804
1310
655
646
631
623
583
815
1237
609
698
645
596
670
968
604
619
679
614
673
887
1561
598
608
679
689
769
1176
580
597
1100
1447
1591
1125
1533
1195
936
725
1337
2360
1690
1267
1180
1396
1157
22584
1260
1886
9379
1421
1157
1071
2048
1321
1246
1225
1321
1210
2222
1923
4654
1744
1077
1122
973
1310
2169
964
1360
1002
1339
2037
2140
2396
923
843
1319
3192
1835
1059
1287
1222
1232
1976
1405
1536
1069
833
985
875
1279
1147
917
926
1082
1312
1091
1144
1119
988
909
1835
1546
1580
2693
1716
1001
1733
1805
2191
1775
1391
1066
1508
1373
1870
876
884
674
690
661
1339
715
1515
995
921
1126
706
653
618
1245
1772
1787
665
802
825
673
1012
1372
2225
959
837
690
784
1236
638
641
1381
1015
913
1124
1374
1045
1085
873
1610
1456
807
677
637
731
1411
656
637
1043
1227
684
718
1305
632
620
682
618
1225
1187
937
661
658
908
611
848
922
629
855
624
774
1711
1097
639
1072
1114
1284
1347
938
1115
767
794
808
748
754
648
634
597
1256
2138
786
694
618
634
1335
908
738
585
603
611
2020
1241
624
635
655
642
804
1215
620
850
882
891
774
1191
786
846
608
626
1150
1306
893
690
749
617
828
1619
648
613
635
654
883
2509
927
657
593
632
619
1128
676
608
797
631
800
977
1417
605
652
651
621
996
1000
630
663
665
644
943
1010
616
636
604
598
985
1096
630
606
644
755
1399
612
640
625
650
631
1323
901
622
941
909
818
2383
1032
1201
1435
1030
715
1877
1484
860
797
937
794
1202
878
609
621
1146
750
1175
618
619
632
755
1560
1162
642
595
702
635
883
907
638
596
592
810
696
572
675
679
665
1147
897
1021
668
675
743
686
1297
624
668
687
634
1153
1353
771
776
594
790
981
1265
842
803
874
879
796
881
712
839
618
619
635
630
716
722
632
641
643
811
571
681
653
709
707
820
933
599
734
614
822
662
596
875
568
666
885
1428
605
596
1281
854
818
743
797
786
978
1183
920
895
1018
771
646
1404
801
601
640
670
1344
749
974
578
699
614
627
1124
754
1946
677
1126
640
610
716
837
592
613
614
622
760
759
1573
686
735
637
606
886
1163
1176
746
566
599
638
1406
686
846
839
615
590
821
841
848
630
826
1019
923
728
839
754
680
690
635
693
1315
853
973
882
624
626
690
1074
652
617
633
606
692
2334
1043
854
630
983
953
886
951
838
630
1016
656
678
1103
630
650
600
626
632
893
1993
626
748
701
641
869
825
639
879
858
597
1261
960
791
785
1021
674
630
1149
688
2655
2225
877
641
595
915
1040
864
850
1224
1493
638
647
983
614
607
596
606
599
1353
615
1066
697
599
827
577
986
613
605
635
653
845
939
1237
669
589
614
732
947
1215
789
591
623
876
1279
1449
637
592
672
621
705
1707
1891
966
600
637
589
590
1100
657
621
593
621
633
2243
602
831
638
787
817
859
816
820
835
587
1543
633
802
601
820
816
607
871
608
807
786
842
1101
758
671
611
643
603
585
696
624
977
950
648
600
861
603
611
1301
604
868
860
591
825
763
722
928
713
726
727
853
654
628
663
660
1134
625
1250
1050
632
608
811
1280
815
604
692
609
1257
618
1345
673
677
628
1284
653
798
642
611
801
1017
846
623
665
613
590
1205
616
853
850
838
894
1334
