2195
1244
1053
808
864
723
773
1045
976
1027
816
1258
729
673
621
636
1214
2738
1277
950
663
837
935
1185
634
604
1592
801
935
687
1019
688
968
1122
4063
753
946
1066
712
1272
809
618
617
1022
664
796
827
621
630
659
648
1036
1186
897
993
723
1330
1145
607
746
722
611
1614
1829
746
668
649
680
1374
1249
888
618
653
902
1256
1345
784
654
701
674
1010
1261
861
815
1451
1034
869
877
2153
3058
914
1614
705
736
641
831
641
785
723
747
665
721
1379
1669
883
653
627
620
1131
1438
1628
1416
1002
860
824
1873
1512
789
710
874
1129
1217
727
741
805
669
856
1373
847
1072
875
720
869
1016
658
649
631
653
746
888
865
756
609
738
967
1441
637
757
651
808
1268
813
839
836
634
698
1555
715
681
635
753
1566
1022
922
652
661
655
1253
743
735
616
629
829
664
854
637
1118
706
1696
2343
1029
735
1089
1025
914
1519
845
888
837
921
1170
1452
953
930
808
1089
1508
1692
908
837
1023
807
1569
1658
738
743
815
731
2153
1343
742
820
756
752
1395
1493
1156
805
985
1129
1266
1102
2201
1160
784
944
859
772
971
871
876
842
930
804
819
1013
744
702
791
922
832
1598
877
1085
819
814
739
670
908
1458
683
1007
685
920
761
668
932
678
952
662
895
685
869
948
729
706
836
647
1341
893
675
949
672
947
661
801
1833
704
975
680
659
647
968
1143
660
698
667
647
686
1101
968
679
658
659
628
639
793
1393
653
713
643
648
1050
686
689
653
690
694
672
1077
762
803
658
708
675
886
1426
676
668
622
640
2653
868
877
818
859
908
1048
937
1485
959
656
634
645
1317
1183
1055
880
681
942
691
1679
1379
759
775
912
1042
737
2236
1765
1009
1073
729
976
972
884
968
671
1038
947
1031
2052
1025
1013
966
901
1091
714
1457
1134
887
970
675
1015
957
1061
831
1078
964
1255
1735
1261
1205
1124
1150
832
986
1621
1114
1222
1370
1175
1696
1240
825
1041
1040
973
1010
956
940
1122
1318
1830
1668
933
839
1044
1238
696
1374
735
747
739
2169
2732
1137
1295
741
943
953
1062
789
1041
945
713
996
1311
1107
1297
1144
1048
1316
1338
768
745
1554
1204
748
1485
664
1331
812
812
2528
1560
949
878
1221
894
775
1520
882
880
789
756
1069
1075
812
915
694
685
817
2170
812
792
754
719
1274
1097
915
705
780
690
951
1364
940
664
651
739
696
1556
1301
675
675
708
787
847
1328
763
670
849
983
750
659
944
691
849
733
1419
678
663
682
661
637
1221
1216
662
1042
647
845
1031
1174
662
660
635
664
1093
1353
827
662
634
900
783
1469
653
664
698
887
892
937
915
934
909
912
928
878
848
691
651
874
889
887
767
771
758
849
1056
631
628
673
649
933
1416
619
641
644
648
880
1064
658
616
641
632
1409
664
647
629
580
623
1331
658
637
604
625
728
1101
608
631
659
696
660
868
638
622
674
637
689
884
672
895
622
900
857
848
848
874
724
687
901
623
847
874
891
915
877
859
868
776
708
735
1237
893
666
640
620
613
888
913
665
849
951
1017
1299
1047
659
1009
1002
961
1249
772
966
620
691
1147
635
651
687
677
601
1163
653
654
681
659
861
781
853
1004
862
765
998
1342
620
625
664
641
869
1120
632
652
617
655
1193
1218
619
628
653
605
1377
643
672
601
598
676
1072
630
609
682
661
834
1771
625
644
710
787
948
1955
699
849
768
967
2137
924
1364
988
668
666
636
1121
702
623
668
607
2275
945
676
654
680
671
622
889
723
649
1499
796
773
776
722
685
673
656
609
633
986
2426
688
864
664
645
626
938
615
869
752
914
1314
1159
878
691
658
618
715
1136
617
661
746
1349
702
1316
993
678
686
714
650
683
665
1109
1300
663
684
647
881
897
618
718
630
630
879
1686
1394
683
655
713
646
619
743
1351
653
743
709
879
705
1201
846
657
610
603
635
1733
1431
753
856
661
643
655
705
835
691
622
1032
1928
786
698
808
689
903
634
885
615
692
918
1397
696
640
700
657
686
862
653
800
785
1044
782
1064
684
712
888
641
638
643
610
782
616
3082
687
607
683
630
652
636
1561
630
695
1372
754
869
1113
1055
812
784
675
607
733
1840
1150
644
677
661
990
624
689
919
662
663
1506
1078
1816
686
698
622
701
1046
1315
763
1224
669
657
1238
714
977
656
582
878
1393
752
1156
735
646
1186
672
624
621
937
872
1162
635
1042
713
631
810
1444
765
735
613
638
1018
1352
1111
639
648
641
1310
690
625
693
686
699
1170
1261
737
749
770
1200
1050
757
658
660
769
1148
1705
706
760
788
659
761
1233
663
659
640
701
1122
1300
668
645
632
660
622
1184
1183
679
731
650
1027
754
1270
792
820
631
730
1192
1274
799
1660
812
838
1316
885
625
618
613
685
1005
967
1229
745
652
640
2074
664
603
659
1070
993
667
625
646
627
636
782
1776
754
1317
697
1005
1059
975
1418
620
644
