5323
926
1513
1224
717
994
688
675
744
689
633
1377
894
1424
733
596
824
874
653
681
637
1122
1262
836
646
649
662
658
621
669
719
701
1381
882
1094
1023
1399
736
1047
834
749
1386
666
646
662
654
613
1190
1138
845
611
626
614
938
1047
695
800
756
634
774
867
1175
1254
711
656
647
624
897
1520
599
897
849
852
839
892
639
639
874
838
828
791
833
842
836
828
906
882
841
815
876
628
828
837
789
779
782
771
829
830
811
795
804
805
826
592
833
593
844
843
857
799
630
800
789
827
794
801
784
806
834
792
625
752
787
797
856
776
767
814
816
828
826
856
819
820
804
813
839
572
640
597
800
770
776
779
630
798
782
841
624
796
804
783
799
824
807
831
625
795
848
824
1044
969
872
852
684
594
898
724
601
869
632
630
630
608
643
600
628
601
638
618
649
630
600
647
631
681
881
1326
615
616
666
598
1076
1377
831
628
683
677
1091
1388
632
607
612
631
945
1594
608
590
719
730
1287
1686
825
844
841
658
1186
802
839
930
872
784
824
794
845
796
828
996
1299
1438
825
660
892
768
1633
1094
796
628
679
696
904
1236
851
645
641
714
1113
676
720
629
852
831
833
853
882
844
881
857
867
862
838
829
822
813
819
787
631
858
607
773
770
792
806
773
778
771
848
836
820
846
865
847
813
822
818
815
819
838
604
787
786
803
817
795
785
781
800
823
929
806
818
836
838
799
857
799
797
812
884
819
794
799
801
915
786
782
816
821
830
856
861
845
969
802
831
825
821
867
654
884
612
858
835
817
872
629
849
843
880
859
871
596
883
677
823
823
841
838
903
883
592
838
865
867
861
816
852
813
844
917
592
872
842
853
710
834
783
849
879
809
915
781
799
797
800
657
1023
1005
701
996
723
889
800
919
839
727
1210
875
1483
704
881
839
1034
819
659
978
755
1211
975
1033
1198
944
1061
1364
1171
828
1242
1128
1248
1078
1106
944
925
711
893
771
1257
777
1158
1412
1331
1138
795
729
729
767
769
785
773
1364
1110
1178
957
721
1045
1114
1953
1485
1011
876
857
1173
859
686
783
651
1514
917
1112
720
682
660
633
620
677
732
872
1449
1158
741
881
790
685
740
781
704
695
686
1517
920
981
745
816
747
765
764
1017
923
707
1481
933
971
1532
833
1364
1053
1012
1794
857
993
699
1293
1678
1140
17906
7365
5820
11190
1288
4306
1181
825
788
809
1728
3455
1177
1153
2193
1134
1177
1109
1282
720
992
671
680
699
1297
943
676
657
629
692
1486
988
914
660
777
680
628
1203
1188
870
702
649
595
651
1145
1284
834
666
701
787
878
1041
725
739
616
687
647
996
1199
913
640
638
949
912
1199
1237
834
651
634
646
940
1355
888
740
653
694
636
1186
1048
731
706
721
686
901
1794
617
650
666
916
1173
638
663
741
618
1016
1450
630
647
692
793
824
1386
611
631
748
846
1102
1059
617
623
615
614
1511
652
624
696
623
601
1104
1446
620
624
606
620
1076
1142
746
757
616
607
1015
1080
588
661
611
603
673
1288
651
832
724
628
679
1139
1175
614
644
601
624
843
1163
751
609
624
659
623
897
610
610
606
663
617
863
609
646
600
621
632
966
663
695
823
899
795
1551
605
634
605
810
1169
1067
674
699
617
1031
921
1269
619
639
637
632
2058
1156
786
687
653
807
818
1367
606
635
624
745
1237
1127
623
625
862
588
1426
803
615
628
581
608
683
1905
1015
989
986
1068
760
1139
1271
990
1022
1003
719
852
1124
810
790
828
756
772
1030
776
766
753
783
750
687
672
743
673
802
1422
1802
585
629
704
608
2139
705
666
671
685
744
2134
745
649
610
663
594
821
1864
602
547
610
607
619
1532
1756
582
684
653
632
1189
651
627
597
671
624
686
583
581
597
587
681
1291
875
952
632
627
702
606
649
638
612
645
653
627
601
669
1043
867
895
900
887
676
730
648
678
625
655
659
668
671
689
1286
835
590
600
629
977
1073
769
585
821
628
817
1155
620
599
669
662
1070
786
636
593
644
841
675
1557
843
632
853
1001
711
832
857
838
1300
994
1021
1576
861
1012
694
875
1843
1372
873
666
630
736
857
1431
852
657
693
1221
859
850
734
1254
778
605
1143
617
622
979
712
1162
1432
939
843
604
1008
860
1500
1119
719
960
869
914
1493
1725
663
595
586
897
646
866
668
590
624
605
2254
668
622
603
823
895
921
1208
784
761
628
799
829
1506
859
796
1220
872
888
1903
879
858
1508
705
909
1668
979
596
713
689
1038
1037
921
882
1114
755
996
912
913
1143
1484
878
1057
684
885
867
832
1219
847
838
1065
886
973
867
835
854
832
1048
925
1271
1384
1071
979
945
976
1057
1134
888
2055
951
849
696
1855
825
966
640
777
2097
1297
1312
738
668
674
1380
3081
1179
1278
898
861
657
648
901
1516
1146
954
739
926
