2684
1389
1815
1689
1411
1550
1075
994
865
1223
993
651
658
588
503
752
643
1439
1488
974
511
567
897
1060
517
527
526
707
1208
1109
511
573
675
677
736
708
626
1239
663
895
626
571
715
802
580
806
1315
712
700
721
717
775
661
548
713
757
723
710
731
727
770
738
534
735
726
787
807
770
721
763
788
790
795
789
769
727
786
775
732
746
781
820
774
726
811
596
577
609
822
554
658
567
557
547
556
556
1374
763
595
537
725
1663
776
619
530
571
573
1085
908
1057
779
748
598
899
1115
551
588
544
557
788
993
580
550
555
567
669
1284
592
543
574
598
619
1684
698
549
537
577
1132
793
580
589
583
565
765
568
577
571
623
587
723
787
572
608
559
553
673
1614
589
556
551
511
562
698
551
634
616
538
556
707
607
622
643
646
840
711
623
657
643
626
593
678
760
654
655
801
583
572
640
728
558
545
571
584
622
990
608
677
1051
574
590
585
591
736
576
568
875
764
580
691
574
585
586
639
622
593
621
613
572
662
625
641
581
557
578
576
640
556
762
790
751
687
986
1359
706
702
744
716
670
789
734
692
761
703
958
756
708
687
680
732
765
697
698
682
753
733
931
613
624
568
723
735
691
574
529
712
716
674
542
503
711
688
726
662
674
524
688
661
713
664
692
778
541
792
569
516
684
515
710
723
744
709
743
737
704
746
777
690
808
651
722
705
760
546
744
710
737
761
735
721
751
790
737
754
748
593
722
688
695
697
763
731
778
816
555
724
707
745
707
743
746
576
715
726
719
701
707
739
751
700
705
726
702
615
707
732
726
703
718
746
730
727
730
526
758
584
814
550
710
701
693
752
769
757
740
740
788
726
874
760
742
728
771
761
795
1065
1031
693
868
774
767
724
1135
686
645
864
1028
867
881
980
1139
872
911
833
651
719
704
775
620
716
1133
925
866
820
880
845
876
839
886
751
741
710
708
707
767
705
736
762
712
754
762
865
1081
868
1015
1040
839
764
881
838
1189
1167
875
708
612
1022
673
971
968
918
1001
1464
936
2616
1256
1267
1147
1150
1276
1167
1290
939
1084
1028
936
913
1293
892
1137
1233
842
1163
1002
1344
1391
1250
1056
860
822
841
731
704
974
1021
698
710
914
670
605
559
580
885
1014
1187
1765
724
1498
909
1411
1142
1428
771
672
711
1465
2165
737
825
799
956
906
819
747
1050
831
770
900
712
888
712
763
738
714
732
735
813
986
668
677
658
665
657
684
998
670
673
628
639
1207
1033
841
1048
684
627
630
809
627
701
611
684
718
774
685
732
751
793
771
1433
1229
631
680
828
987
1281
1223
734
818
1156
771
624
1451
609
642
642
652
830
1306
1493
1475
2035
874
1135
1243
2126
916
678
618
911
580
2179
699
657
1298
917
1096
1234
775
744
812
766
866
933
873
608
572
595
1441
528
547
609
754
571
812
592
573
587
557
532
1728
540
819
740
929
617
921
535
586
568
552
596
724
1532
585
530
742
640
1028
884
586
571
551
572
1158
1026
550
736
694
666
1538
768
584
628
593
510
1937
657
974
997
935
722
647
548
577
566
537
545
581
615
535
803
683
599
574
1363
791
746
879
871
922
1194
742
663
568
539
616
1416
587
597
565
577
588
1431
1077
677
589
626
624
1342
1047
663
610
599
614
1315
1233
626
625
647
617
1916
830
700
615
589
773
1200
953
795
914
750
707
1171
1213
926
908
1978
624
769
674
933
932
1018
1979
1074
586
599
562
672
791
1111
843
744
1223
1141
583
780
594
557
534
557
563
1599
605
654
729
586
566
1611
573
587
568
564
552
1932
579
653
667
593
633
1675
585
531
570
648
582
1499
528
981
868
995
1152
609
533
723
735
517
563
706
910
608
560
517
769
635
571
605
853
653
526
525
542
646
696
668
656
1003
526
518
533
534
527
526
545
510
547
1212
643
555
529
615
593
563
702
550
568
552
583
655
1531
915
652
596
607
616
567
982
592
668
758
872
902
750
763
664
729
687
610
1392
1289
586
603
625
769
568
727
571
569
555
578
553
555
989
582
616
554
705
946
734
559
616
588
597
621
635
1032
602
588
619
741
600
939
723
592
611
605
919
686
1795
1271
650
553
634
622
1780
1369
586
554
522
549
592
1785
616
565
552
545
602
1797
907
593
531
542
517
601
1940
559
558
565
556
853
943
807
684
655
671
863
2039
1918
786
780
649
704
579
1086
690
704
573
591
715
896
1036
568
596
671
570
884
930
968
692
569
589
607
1145
714
578
602
578
680
541
517
590
549
648
524
568
518
514
589
688
509
514
642
867
676
634
588
544
584
843
877
638
546
546
576
699
944
666
716
540
566
823
1131
606
579
593
598
637
607
611
596
610
734
677
581
624
703
680
953
730
696
570
723
