3352
2056
1068
830
998
824
800
718
676
645
667
1185
1167
1409
747
790
755
1510
667
966
1965
1344
1420
1174
781
1625
1299
1355
1397
1648
951
1116
674
837
929
620
1244
1302
718
616
617
1146
886
601
638
658
608
765
1981
684
712
609
629
648
1299
644
918
589
611
661
2089
639
723
680
626
694
619
1069
615
669
680
1156
680
824
746
707
767
638
628
668
600
640
1161
678
658
689
639
642
648
638
660
678
639
1609
808
698
896
770
650
654
618
737
632
608
659
1110
650
685
634
651
734
740
1032
648
708
639
1275
846
1643
982
680
701
630
705
696
1170
663
1449
737
946
693
688
879
632
655
631
725
931
748
706
657
754
618
621
690
1210
613
828
1151
701
921
907
877
899
881
883
906
878
685
862
635
640
673
682
1135
1209
659
633
734
680
750
1256
866
616
633
640
641
709
1397
627
629
673
630
695
871
1199
712
860
955
705
2147
1422
837
686
747
881
1598
899
814
732
951
1703
947
949
753
1028
1385
913
1014
777
724
1007
1893
982
798
733
871
1567
947
1024
1023
988
1264
928
945
1080
715
892
963
2237
667
617
653
851
1355
816
687
825
759
1088
2120
898
922
1071
953
1908
1063
1062
1135
1204
994
853
817
899
904
774
805
820
883
799
1094
1069
991
996
959
816
811
885
1911
2125
701
654
711
878
2481
2199
627
645
626
863
2203
2427
1013
1105
1129
1005
1466
1578
2847
922
932
1008
824
1070
880
928
716
793
2370
1432
858
944
981
630
652
906
650
631
838
1244
1334
1108
796
741
906
866
1189
1337
1131
984
827
662
1803
1192
729
980
976
1336
690
1003
806
746
727
861
1012
1457
1038
1182
1084
1056
985
987
1001
1080
1050
1089
969
766
1082
803
894
733
954
1211
1476
914
1132
1252
1312
1075
1100
1203
1195
1065
1011
1703
1440
1451
1168
5036
1211
12882
1276
1244
1134
1429
2073
2689
4802
1731
1422
1619
2433
2249
1390
1442
1125
807
828
804
791
916
1084
882
1594
1403
1060
996
812
1992
863
935
893
914
890
906
897
1187
940
731
903
898
879
920
881
1352
789
774
770
810
767
795
682
884
1082
1017
972
1572
699
1853
1911
686
710
853
753
1765
1553
788
743
803
931
885
2263
1548
3816
1186
1337
1682
1400
776
816
1010
935
1150
954
692
1195
1334
1477
2726
1974
1598
1815
926
964
1098
655
978
788
688
848
1031
647
679
628
645
1361
1165
606
707
638
793
1467
1644
662
747
658
635
1082
1944
643
726
663
727
1095
1876
709
712
1006
707
1181
1697
659
755
646
689
1939
1136
923
958
1292
712
1154
694
617
636
607
652
678
894
1321
696
685
620
1024
1730
1139
776
650
955
869
874
682
1045
747
651
863
1102
1931
872
703
637
647
725
1464
1599
682
731
650
662
741
1353
1828
768
642
633
629
1244
1760
628
620
707
649
687
1261
1900
665
747
940
995
913
1146
1424
608
663
662
623
719
1169
2169
663
631
614
616
1597
1186
662
629
583
889
1264
1048
892
1043
870
699
680
1048
710
2268
990
697
829
757
1618
604
602
604
598
1683
978
620
618
640
594
664
1179
613
706
615
1658
921
581
1263
637
713
615
599
608
1497
653
959
673
617
643
1193
1129
859
643
723
1046
1602
1056
1123
659
648
690
648
650
1311
625
699
1184
780
726
754
611
658
674
712
688
794
1346
1637
826
680
620
1549
1620
687
658
666
689
1186
1186
628
658
667
638
1243
683
642
602
795
1211
1198
681
584
607
616
1163
608
651
651
1421
674
629
643
604
651
661
1147
663
632
621
1019
1137
653
639
660
669
688
652
654
668
638
774
843
682
668
645
715
663
695
877
1001
702
1039
757
704
667
854
793
910
697
672
663
752
2190
913
663
648
650
1176
1129
861
632
635
627
1572
1673
653
719
640
673
1113
1220
663
651
836
1252
685
980
615
630
719
644
889
1507
654
644
1327
863
972
1226
642
594
693
616
830
1770
1051
745
661
618
986
1143
657
609
658
625
1141
777
1219
669
886
670
681
902
945
634
635
655
654
1420
1477
738
640
613
680
1431
750
668
635
652
1146
1095
2001
681
727
645
677
720
996
739
632
950
630
776
1249
900
640
664
858
899
1373
657
1017
738
646
2109
813
639
631
729
759
1323
1056
695
670
643
648
1265
658
658
679
657
1002
1485
634
749
1002
940
883
868
630
636
612
1168
806
1146
694
736
630
640
734
1163
822
585
1180
707
655
698
591
612
611
634
599
1025
733
639
689
656
628
1149
745
697
627
604
609
1141
1464
679
632
655
625
1158
724
661
662
705
801
797
1106
861
603
697
680
1109
1011
801
591
595
622
1538
776
653
641
621
658
1335
661
682
632
641
656
2050
707
666
652
640
678
1192
764
764
624
659
1979
682
668
783
687
674
612
1216
872
610
649
1478
1146
1146
730
764
838
822
1607
674
591
1346
676
623
1482
603
624
635
599
830
1897
609
898
689
632
752
782
626
614
622
583
606
1091
1218
731
668
611
626
1284
1041
746
782
597
