3821
1797
1084
705
683
2134
1228
645
708
659
618
2661
687
665
697
662
709
1054
1158
664
684
719
810
745
1884
755
692
686
748
771
2373
952
790
728
1058
1417
1433
809
1834
1075
1300
1048
1016
818
1036
1162
1621
1182
935
2844
1282
1315
686
677
2550
921
830
735
707
949
736
1365
856
1896
719
722
915
751
1262
779
708
698
1442
682
982
936
979
772
987
975
951
1085
934
767
736
1802
1303
745
681
1117
1172
836
1926
969
815
747
803
1378
906
1126
864
1167
761
695
1867
721
690
712
1708
1225
835
710
669
827
658
657
1277
1185
1306
698
683
797
1504
753
678
706
680
983
903
1263
898
721
638
698
673
1232
907
937
944
777
693
827
990
985
870
759
781
795
898
2451
1198
1179
958
769
685
1130
1440
631
1556
1205
653
664
1591
991
698
674
649
1348
1109
1896
1086
970
936
884
913
805
1536
1263
890
968
977
970
987
989
970
987
1028
937
972
985
1022
1065
975
969
1114
982
1034
981
945
966
1013
1249
1189
1009
1205
1266
1872
957
1073
941
2000
1622
800
732
767
762
896
1117
973
1541
935
850
908
862
886
839
754
830
861
884
773
851
884
840
861
871
882
854
689
835
706
873
912
853
864
839
864
866
829
855
849
848
834
832
862
819
890
843
789
856
814
712
690
851
1583
1415
958
808
1361
943
844
715
1023
722
1472
772
702
717
683
882
831
726
738
1127
747
717
905
788
765
838
817
675
719
1180
725
732
683
833
981
1160
1094
787
713
662
635
803
1335
929
677
958
905
929
906
895
908
1134
1340
1676
1552
974
1296
1522
1362
1178
1195
1679
1238
1012
1179
1933
1187
1561
1049
739
789
2024
912
1580
996
936
1314
2589
1317
819
2386
1437
975
769
1902
1045
1041
1139
1530
1512
1446
1932
868
1150
1217
1790
2537
1457
1860
1645
1469
1436
1196
2444
1194
1052
1036
1351
1716
1607
1213
1251
1075
1601
1365
2483
1167
1691
1018
1288
1288
1076
1040
1927
1080
980
1295
1150
1447
1097
1093
1084
1169
1020
946
900
938
1440
1153
1137
1769
1616
1377
1285
1368
2579
3012
1543
1120
1588
1131
1888
1811
760
718
778
1125
2302
901
1498
1193
1008
1060
1248
1408
811
776
688
658
1106
1449
1115
697
742
1043
939
1034
722
689
661
660
1484
1763
1270
741
1143
1004
1338
1078
728
680
764
915
1848
777
696
720
753
665
928
700
702
1123
728
993
1292
707
710
751
700
925
1470
699
719
691
721
766
1364
867
746
765
981
1752
781
710
696
716
1229
1243
717
673
740
704
736
1194
759
677
713
779
1272
1444
1281
734
1335
1619
1093
1246
940
708
1390
1589
823
720
768
707
742
677
749
1142
716
1243
716
734
1043
1226
906
742
959
928
713
1380
906
928
652
708
929
702
941
650
975
655
679
954
739
704
926
902
929
1091
701
929
901
927
938
906
937
971
779
787
1721
2122
1613
799
948
856
2492
1901
719
1789
712
705
861
1506
954
678
758
1401
1023
1246
1133
915
965
796
1400
746
1268
856
830
839
1091
871
1233
961
799
1222
883
851
1335
794
684
742
774
798
1502
751
733
669
831
838
1405
877
690
684
1075
1587
1292
984
1154
901
711
711
2629
989
1092
835
697
679
676
1028
1060
686
725
666
1137
693
1325
1306
650
655
708
715
678
1511
1661
946
684
660
690
696
1622
1137
669
694
667
685
689
905
1404
912
691
672
697
683
1371
923
696
687
700
770
1228
1551
747
751
1177
1294
759
1708
2385
747
694
639
697
681
911
1169
862
714
694
728
698
786
1129
676
979
737
711
667
974
844
721
657
668
657
748
852
1082
649
668
704
797
940
925
884
931
881
713
974
879
686
919
694
927
691
688
898
678
1032
715
702
666
681
721
658
688
688
651
863
1013
1304
736
1266
1135
1517
881
928
697
714
667
1981
989
831
926
725
693
650
752
649
731
959
769
812
848
727
681
718
742
674
685
723
754
776
666
684
929
669
725
900
712
694
774
714
879
738
758
1412
819
785
687
704
712
1261
933
726
681
944
854
1753
938
948
976
1082
1337
797
848
1146
913
972
677
2186
693
1748
1193
771
817
997
837
796
742
752
1242
1462
699
985
693
1055
702
969
940
1174
1355
1108
978
1030
1538
992
1061
803
743
1136
824
802
759
755
796
732
781
724
812
715
654
1055
708
768
808
1367
895
884
1495
782
780
1101
733
797
2362
768
743
956
1091
1355
762
665
747
762
690
651
885
894
1107
765
686
743
1769
945
886
1145
964
1680
2677
810
782
790
1197
774
1766
669
820
729
707
1402
1033
671
685
721
660
1297
1451
707
694
1324
1047
747
1527
946
1064
1028
1238
1315
2090
832
762
682
659
703
2494
1242
723
672
641
700
1146
1374
645
827
773
648
876
1481
703
715
698
672
698
855
1660
979
802
664
848
887
767
1213
1428
847
1369
1137
1099
890
993
805
759
1246
1105
966
750
882
1037
690
1008
1231
697
717
824
1142
775
829
960
1295
1003
725
793
814
905
1438
1774
1768
1017
912
864
750
932
773
1171
913
940
889
939
