993
1198
938
714
633
885
774
716
781
761
698
699
677
1317
639
647
637
599
863
558
803
849
615
600
641
1232
678
1056
729
760
613
640
763
683
843
935
2203
1082
1119
1034
1065
1045
1167
1191
1260
801
752
199603
1048
969
960
922
909
880
819
831
796
835
801
862
805
884
795
842
805
826
820
948
848
850
807
965
1045
923
1156
885
844
811
939
904
683
919
942
920
941
930
952
946
893
950
1905
1038
880
931
1039
2142
1069
967
953
1078
1086
1161
2031
1347
1185
1360
1951
1313
831
1286
898
825
1434
1313
1121
1172
3094
679
679
770
611
669
639
663
769
762
699
691
634
790
832
1239
637
677
788
917
621
1097
681
641
620
616
918
1540
742
900
713
684
1512
1142
844
691
656
650
1280
887
597
758
613
1353
1137
592
634
596
776
1162
1072
945
713
642
649
1412
832
606
675
1085
915
926
717
971
682
698
981
834
885
835
896
1265
741
987
878
872
740
646
594
634
845
608
650
706
659
1029
1026
670
728
592
621
911
1221
698
659
858
731
714
671
617
617
647
943
1206
630
823
1174
848
636
1896
843
666
889
688
1784
794
704
839
1194
736
1108
1669
1032
1272
1048
1181
1912
833
1129
1261
804
772
1956
899
886
616
953
751
1628
717
731
1210
1088
1515
1065
1038
951
957
924
1128
889
783
739
819
1057
947
883
1031
1395
2063
1537
1098
1179
968
981
929
935
1119
1145
1475
1090
933
1106
765
770
926
1446
952
1430
1769
1049
1527
1386
1305
1440
2066
801
882
1556
1490
1880
1291
1079
1051
1408
1245
2088
1079
1021
745
908
687
1905
1500
804
686
739
1247
1217
2018
1735
962
896
695
847
857
881
586
854
865
629
2156
805
760
940
1412
1177
2139
2172
1197
684
746
653
891
2005
2081
926
1085
710
941
993
998
1003
1096
1070
757
702
731
724
700
686
796
693
706
703
1085
1010
802
681
1492
1321
670
669
640
658
1126
841
636
682
645
632
1004
644
1252
627
845
685
664
1066
1547
643
678
642
623
650
2137
869
618
819
961
738
1349
2544
742
639
655
622
663
1624
1237
612
715
711
676
643
1792
854
856
691
601
856
860
2266
651
604
605
618
1297
794
664
692
648
609
872
1060
751
671
610
631
800
640
963
636
633
653
593
678
1373
645
617
655
585
822
1593
1217
653
601
647
632
696
1255
1793
621
745
959
677
1764
1781
629
613
642
692
586
2248
1161
581
607
584
630
1588
599
667
623
630
799
1788
607
701
593
623
1794
655
572
860
596
1171
768
726
586
718
989
1183
837
626
624
1800
967
905
674
851
593
796
613
763
604
810
616
1181
779
722
637
847
577
1154
1065
730
739
697
822
1039
1132
796
666
600
806
583
824
608
695
607
915
955
819
637
881
634
850
608
832
658
848
593
871
940
899
635
650
688
941
1229
895
856
662
845
897
1549
1075
1133
1074
815
1568
621
948
946
941
1961
1180
823
638
788
769
784
637
619
622
678
833
1032
632
1223
631
763
759
748
1924
1041
706
1291
633
609
1148
885
629
661
638
644
745
1634
888
819
727
746
1777
1257
708
693
653
1421
815
665
807
662
819
605
848
598
821
823
574
1389
742
824
606
1014
730
733
724
775
984
757
724
955
986
1531
933
796
587
780
630
812
667
821
871
1338
831
654
685
836
631
849
602
843
870
612
932
1097
670
653
858
697
632
649
767
1375
1743
1428
686
723
887
658
1682
594
620
607
676
1766
1250
811
792
609
814
846
654
612
670
809
636
1295
1302
700
702
611
644
931
1413
619
660
748
1535
814
806
1197
1134
819
812
1672
1346
835
956
715
669
752
826
759
750
768
649
647
1109
699
874
636
606
831
621
622
938
596
851
641
1205
761
772
928
658
696
703
718
805
746
841
1271
671
647
1102
700
808
703
668
1018
1212
857
1218
1055
876
629
638
885
865
817
1029
744
1016
1347
1094
675
691
884
1559
873
773
1203
1161
1177
1596
1964
869
857
902
863
1106
894
722
813
907
1084
1046
1027
1603
1321
1086
1076
805
647
2432
821
753
1159
802
984
945
1547
911
930
620
598
1317
944
695
1702
804
707
706
728
803
712
1884
959
606
623
622
629
1309
613
612
596
671
1304
954
886
1401
604
650
858
1055
910
3207
603
641
613
587
609
1229
1766
586
659
1379
731
660
1512
1449
605
687
639
603
630
1967
1090
628
626
622
620
690
1178
1056
608
612
681
977
714
756
691
649
740
609
699
1332
945
675
1297
664
788
739
1293
808
614
635
944
726
799
1752
843
831
845
904
846
846
646
825
821
1044
717
646
894
604
864
864
601
872
830
852
1403
690
645
643
622
619
595
610
649
622
606
596
767
1485
680
723
633
686
1040
928
629
645
649
663
1216
698
598
1057
1382
676
591
667
599
842
1945
820
806
685
677
627
1782
1342
830
636
1284
874
676
1027
821
672
635
627
1218
778
622
809
719
604
790
578
660
628
635
2181
1291
594
1235
637
605
987
1343
766
655
