15933
10269
8286
4415
4823
6060
4671
1232
1263
1391
7407
1571
1326
2382
3191
1621
2024
5713
7348
3136
1694
2343
1698
2087
5186
1426
8115
1878
11819
1915
1882
1581
2717
2538
1479
1329
2312
1767
1523
1708
3567
1481
1732
1372
5158
1563
3747
1691
3230
1667
1603
1461
1729
2681
1600
1473
1710
1400
2853
1562
1618
1322
1325
2003
2073
1522
1775
1579
1963
1438
2405
3984
1992
5422
1979
3277
6262
3757
1586
3515
11751
8350
3158
10295
6470
1767
4512
3584
2003
3267
7446
2370
2000
9352
1974
8830
2164
2217
4239
25629
18293
15779
12724
3767
1495
4168
2069
1782
2120
1509
2659
2121
4261
3191
1658
1857
2285
2409
4088
1720
1654
2699
5816
1360
1360
1311
1233
1460
1843
2046
1164
1241
2005
2010
1172
1354
1237
1540
2921
1478
1488
1224
1381
1779
1429
2106
1330
2103
1358
1381
1261
1342
1043
2643
1295
1405
1236
1246
942
1688
2875
1524
1309
1351
1252
1276
3949
1254
1193
1332
1268
881
1190
1442
1540
1288
998
941
847
871
1954
1189
1141
1360
1178
1210
1244
1157
1695
1403
1121
1192
1139
1287
1224
2062
1344
1698
1093
1037
1305
1641
1326
1345
1118
1446
1151
1578
1181
12405
1772
2130
1458
1404
902
1017
967
897
953
2002
1213
1113
1048
1265
1544
1070
942
1328
1148
1008
1034
1196
921
1014
1813
1440
2503
1501
1272
1378
1940
1018
783
822
1388
10204
1321
1347
7941
1496
1275
1635
1392
1426
1210
983
3146
1369
1409
1310
1157
1240
2719
2073
1267
1154
1158
1929
1539
1148
1606
1201
1101
1623
2162
963
1331
1299
1254
1405
1823
1617
935
2253
1423
1116
1724
1813
1304
1243
1683
4489
3569
4613
1520
1297
1182
966
1056
1074
1118
1181
1061
1382
1421
1344
2956
1577
1046
1837
1320
1347
1747
1510
3415
1718
1536
1487
2077
1218
1892
1311
1369
1363
1572
1449
5188
1251
1521
1598
1276
1971
1229
1013
1012
2260
1202
957
1199
1190
1041
1106
1277
2811
1076
1220
1032
1741
1469
1370
1395
866
904
805
1043
955
772
2417
1441
1568
2003
1043
841
1155
2711
1158
1830
962
903
1030
2942
1919
1751
1554
1243
798
854
1132
1918
1106
1087
1117
1085
1314
2319
1889
1143
1359
1358
2228
1252
1549
2935
1662
2551
932
1599
1760
5248
3282
2302
1298
1838
1287
1439
2047
1609
1954
1203
1324
1009
1049
1663
3286
1270
1321
1332
4520
2104
927
842
836
1382
3361
3340
1284
1408
1483
2098
1340
1179
855
1046
935
736
2865
1790
1258
1035
1994
1039
1036
1635
1191
931
859
799
812
954
826
1043
2668
1230
1280
1395
1290
1851
1344
919
976
1145
1276
1673
1500
908
806
878
956
810
790
1246
1593
990
907
1471
1289
967
1068
831
2788
1221
940
819
1145
860
1480
1663
1437
1112
1096
951
1079
2043
733
798
1534
766
999
801
759
1334
890
830
3330
999
1276
1021
704
792
1395
663
664
1158
760
1022
1046
926
827
789
2407
1741
960
871
828
1211
2026
1083
855
828
1004
753
1071
1199
1016
1962
833
965
745
848
809
1237
1317
1262
2516
1118
1668
1455
1445
1324
1157
1395
2458
2364
1331
1437
1763
3038
1671
1589
1541
1759
2402
1667
1165
1408
2583
1672
1668
1218
1116
2304
1215
1952
1438
1110
1443
2015
1487
1058
823
795
802
830
1514
1236
1947
989
1122
993
988
1037
1070
1920
1719
846
881
910
763
749
730
4009
2126
986
931
1050
2074
1437
1482
1099
1623
1074
1132
1465
1319
1036
1194
765
662
810
713
739
1574
1112
816
1010
761
822
839
1061
1521
1240
737
776
765
1360
1627
1102
883
676
909
993
884
1758
1888
1003
897
1002
1562
903
1088
1788
1481
1077
803
856
861
862
878
1579
890
1081
1058
991
1113
1042
936
1583
1313
1041
1043
834
1369
1072
1217
1141
1437
943
1783
675
706
644
1006
758
717
1239
752
878
891
944
890
839
712
901
2179
1879
686
1216
1020
836
710
635
1184
1209
1045
1398
2333
1765
1668
1258
1008
1410
938
778
5612
1434
1377
1194
1394
1576
2390
1420
858
1251
1544
2110
2434
1481
1286
1069
2684
2213
1289
1194
1368
1023
3632
1669
1283
1219
1018
1149
3093
1228
1129
1137
1072
1063
1175
1755
801
1055
765
792
808
3482
1512
1967
963
793
903
811
2284
1814
1106
814
766
698
1095
1842
1956
1506
1362
1044
983
1448
886
2721
1255
1423
1047
810
742
855
1438
1516
838
849
782
1325
2003
2006
859
1780
968
1171
1174
1174
1153
1134
1046
1092
847
1095
834
799
763
774
678
1021
1116
1717
814
684
755
733
1023
1465
1832
946
775
715
898
2259
1217
1324
1028
701
857
1378
1337
968
1338
1303
800
939
995
882
817
877
1026
1426
871
2528
675
814
988
1177
1260
2288
2233
883
780
854
699
1237
1485
916
1014
986
931
940
990
951
1010
1636
898
752
1025
1062
979
1064
974
1454
831
1784
924
1003
962
958
831
1402
2019
1092
782
850
746
1046
929
1015
1218
1101
819
928
774
903
1146
736
975
999
1098
1084
1092
1171
897
686
669
1148
2838
939
864
980
1046
1254
796
760
1066
1159
687
2519
767
813
923
1012
820
1766
852
1072
679
998
1880
1361
825
1269
832
817
835
1237
1258
842
829
867
2023
824
767
1952
1444
1516
1585
1234
1374
1632
1562
1080
828
729
913
1231
1006
973
1103
1307
844
729
698
714
990
1198
829
1422
1531
827
805
846
952
780
1175
1212
1481
790
768
845
903
1122
1861
1233
1302
959
806
1289
1145
828
795
1114
1190
1086
985
1234
1056
1040
877
