3355
2252
1052
795
676
1188
1011
671
586
578
637
1313
944
1003
838
639
618
666
1181
1194
618
639
644
1198
1566
723
576
640
627
714
664
652
727
819
955
677
1043
890
1391
767
931
867
1471
1198
718
980
723
680
649
822
1064
1367
1007
831
812
620
858
903
952
906
686
1247
1649
746
846
750
821
788
629
763
1011
790
785
659
1123
826
1047
1122
973
948
661
913
691
782
1048
1068
665
681
613
664
659
617
600
1026
878
623
1210
657
611
621
719
635
642
677
954
735
1093
1229
1254
780
996
682
665
645
612
1212
1225
831
654
726
1437
1264
1959
773
1649
734
676
1036
1743
835
609
645
704
1140
2020
675
625
650
697
931
1238
886
667
796
740
1014
998
683
653
724
696
985
664
694
657
646
632
974
627
667
661
647
649
669
631
672
649
645
799
1061
607
643
653
613
1300
876
617
607
620
631
978
613
650
786
627
632
627
661
629
670
747
845
992
634
722
630
626
944
635
798
647
720
1055
1326
832
817
897
947
932
983
938
969
971
967
1177
755
873
895
850
906
963
701
868
909
1189
792
758
737
1043
735
719
1005
804
998
812
708
855
771
801
796
814
851
784
1154
792
817
920
868
807
795
797
824
800
934
771
713
660
666
669
628
692
704
665
657
957
655
668
666
637
691
761
744
1043
688
1115
1266
1046
1413
1357
715
1512
1419
697
720
617
609
710
631
642
2212
648
717
638
652
677
1860
1158
760
957
687
668
1138
1747
645
626
627
635
1665
1628
605
718
638
626
1699
636
662
610
656
742
2184
687
697
632
601
651
1824
592
863
677
628
1598
1134
613
656
613
614
650
1789
697
694
605
651
1741
617
614
588
607
605
2031
651
614
921
1026
1629
1511
633
984
1023
1128
2002
899
1332
921
1425
1867
1314
1810
935
1040
1185
906
1259
1939
880
1029
709
1169
2032
1063
898
1011
986
713
1021
1023
756
702
759
1941
1480
741
921
681
980
738
1246
1025
851
1314
1002
1116
1051
1074
942
1054
970
1441
843
804
882
1037
1724
978
1071
1630
1036
1119
1447
1378
1031
1943
722
1672
865
952
1001
952
917
918
720
1121
913
794
2051
968
948
911
896
896
2057
1124
1549
1563
2306
3202
1842
1325
1176
804
679
707
1263
1886
1150
2078
859
809
950
1696
1222
1142
793
712
700
715
3392
1598
746
972
1454
1155
759
2483
1526
829
956
650
628
646
682
1267
2015
680
636
655
798
706
978
1037
2817
658
704
661
910
979
1377
671
664
631
810
696
1689
676
612
632
642
667
2146
1179
695
664
616
677
1168
1259
661
618
665
663
728
1895
1458
658
676
616
938
1237
1512
1025
1181
837
765
728
1012
2285
786
647
964
681
1093
676
883
918
866
636
649
843
663
845
848
1098
650
866
643
722
679
633
624
697
1940
683
940
599
660
681
653
1594
621
630
838
803
612
1268
1086
633
636
616
645
649
1194
1038
700
913
917
1440
847
657
639
813
881
1507
614
642
643
647
1592
1264
565
630
638
619
1672
603
697
636
645
656
1101
615
635
633
650
1927
1027
648
612
615
619
1501
1680
631
634
983
590
2110
1070
684
717
718
617
1610
1545
639
613
630
589
1567
1356
1025
1028
901
750
867
1622
844
860
843
1012
1875
1888
954
849
693
733
669
683
663
652
707
691
840
762
837
891
825
872
862
592
841
853
672
840
809
596
909
861
804
861
831
829
590
816
829
649
827
962
825
822
849
594
613
847
854
607
847
838
855
1033
771
736
841
1023
986
1377
1320
660
715
1902
1109
757
1436
618
633
596
625
1543
1633
649
629
634
644
714
1247
693
655
590
1190
966
1192
637
623
635
662
1292
652
674
616
1378
778
1215
709
620
632
669
606
1250
661
660
1379
651
731
961
605
640
726
608
1700
806
1315
840
645
613
1714
712
681
629
643
711
2715
720
722
662
650
892
2015
828
712
891
686
699
2089
761
636
631
707
2167
1872
664
682
633
737
1689
712
642
674
607
1004
1482
636
594
672
648
602
1688
607
658
1072
654
828
712
871
683
639
695
1504
1160
847
1295
1000
813
648
862
679
807
583
619
1386
887
626
1115
815
909
625
843
608
813
649
850
609
627
1298
946
1040
700
1192
817
723
675
633
1056
1318
656
645
615
655
1016
1048
709
720
907
1114
1380
899
627
631
664
950
704
746
757
1332
1399
1060
831
821
976
619
890
1116
2072
975
1049
831
753
1927
905
1290
941
775
1134
714
835
671
643
686
863
2023
1278
692
1282
715
706
632
1165
934
629
1125
1263
993
744
605
590
590
1000
650
826
1089
1882
1089
895
988
619
601
1366
1255
1332
1099
704
1749
1528
735
717
637
1375
1023
1186
625
623
698
698
733
1170
1324
1153
749
901
704
841
1567
1341
1060
1670
679
1151
915
2404
898
1313
698
1163
1284
1004
809
982
1027
979
657
1824
854
2108
915
894
855
786
2186
1354
1241
1047
896
989
1027
888
1089
641
628
1057
994
759
893
1067
1021
944
939
1728
1556
1192
996
935
923
1033
