3230
1366
979
884
1738
909
928
1156
651
831
997
730
738
734
605
945
1167
1210
725
946
861
670
1317
784
649
630
673
749
1230
858
896
979
1395
1556
1216
1862
1160
928
1719
1299
1134
1976
1106
1094
1053
975
724
979
958
962
1571
786
743
739
665
794
683
694
677
620
598
1409
716
819
882
649
599
869
656
785
848
617
917
1895
813
636
669
613
883
886
616
614
666
964
1098
696
649
686
637
638
646
2116
642
603
1148
706
635
909
660
629
628
609
965
1258
663
644
814
868
1159
630
624
642
625
840
870
603
1060
607
604
835
818
1040
715
717
627
900
1168
659
649
662
578
860
888
611
611
593
647
2694
714
674
659
682
626
1016
1136
602
834
827
1477
1104
686
815
840
638
815
826
868
592
844
1144
846
646
707
739
748
626
839
1194
588
645
641
670
1973
973
688
617
646
711
621
628
595
588
781
2027
1227
641
569
657
776
1735
1825
717
787
1145
2791
2163
975
963
863
908
1715
996
852
837
810
845
850
863
785
924
1767
768
697
671
672
662
1067
903
876
902
919
1103
945
771
1043
863
840
897
1046
863
1472
1079
821
702
692
707
717
795
688
684
814
740
1478
712
582
603
631
617
638
619
640
894
1580
947
1282
856
797
861
764
796
769
751
696
630
769
1237
938
805
749
776
776
772
983
763
755
622
640
1143
705
1045
1141
776
763
776
711
722
981
754
1730
780
635
718
1756
926
572
654
643
710
1122
697
1864
773
871
737
677
943
703
2147
821
987
699
1016
774
798
689
795
756
755
1096
918
1335
2940
875
893
650
628
663
843
863
603
594
612
1188
574
729
624
606
737
1029
1098
604
617
647
691
1129
1179
595
871
620
613
828
611
1045
631
834
737
928
693
958
699
715
787
795
925
751
819
835
756
1067
681
610
722
1797
1056
1047
768
699
1496
1525
828
712
1072
737
957
1752
1498
668
723
647
765
684
2271
1071
827
1033
1123
1087
639
2345
909
1399
1080
969
2242
1092
1126
1202
1183
1055
977
1080
1024
999
1004
971
1499
2019
1810
1174
937
888
885
1719
766
1422
1746
1273
739
749
791
1112
1449
667
1378
737
799
1071
1357
732
931
735
1474
810
1462
885
1235
955
1016
1492
1474
1075
1830
1309
687
1042
825
735
967
1121
711
677
1192
689
830
661
615
650
1355
939
807
703
833
1395
1517
869
951
840
837
688
682
1050
625
634
635
754
1600
1971
690
731
839
689
2294
1235
690
736
850
666
618
890
628
624
600
639
594
959
594
631
644
608
1099
1784
641
610
677
684
1866
1385
631
589
646
704
597
744
578
591
611
595
755
1158
583
597
639
592
625
1229
568
598
622
590
823
1478
608
630
635
596
608
1091
622
698
643
669
605
884
613
641
590
597
1136
1309
579
657
1196
774
754
1252
612
615
601
666
907
1868
659
604
621
707
1037
621
602
647
612
1392
1255
597
589
631
648
1768
1202
583
585
617
701
1260
984
580
582
565
635
1015
1085
601
569
602
901
798
595
708
606
618
620
1817
1143
617
569
797
1120
761
642
606
630
618
1105
794
655
580
643
915
1379
1876
743
601
648
907
1471
602
605
781
846
648
2477
830
766
1586
710
880
876
642
962
681
790
660
1389
616
599
597
660
1183
1849
605
600
610
597
1462
1620
589
571
596
713
1532
570
641
561
651
761
1411
583
755
568
592
751
1316
586
591
583
599
1514
1645
590
568
569
590
1534
1784
574
587
561
1003
1245
578
573
637
601
549
2883
678
571
604
635
1254
1518
646
589
638
571
550
2100
590
618
848
861
1017
1589
1404
1138
1271
1394
1507
1051
873
723
911
927
786
915
1009
2335
616
636
628
593
696
1776
612
768
1474
720
721
1345
635
603
633
637
618
1131
888
1497
948
608
576
1427
890
640
596
999
631
599
2083
724
649
651
633
694
653
1162
1110
672
584
1071
757
632
1212
919
903
953
801
1040
1929
1352
691
1045
987
930
951
1517
954
1318
1025
785
694
817
875
626
611
586
869
1354
669
868
638
650
1004
855
2371
817
1132
666
660
668
1317
1880
640
620
607
613
988
1022
672
669
637
601
604
1690
859
658
1475
776
636
860
835
744
801
824
820
858
1434
718
728
661
667
624
636
1120
1368
652
602
749
1004
699
1905
726
630
615
616
610
2056
928
1258
681
673
603
774
1440
589
620
591
676
1339
788
1379
926
848
865
770
788
731
652
702
1044
710
1255
624
576
656
656
1127
643
675
842
747
688
1537
633
604
670
577
1169
619
601
1458
700
1201
1044
622
588
616
640
598
1644
1175
694
617
846
644
1532
592
612
613
667
961
3403
670
647
622
678
637
608
632
621
653
613
1230
778
636
621
656
633
1073
1140
633
639
688
1000
789
806
663
638
622
642
658
1114
645
676
620
1140
651
837
627
844
891
597
850
877
638
866
995
684
629
713
685
649
622
834
641
1005
614
798
903
701
2070
856
596
607
695
571
1413
1148
1366
689
644
631
