3631
1104
644
880
629
732
647
644
570
528
549
923
1643
1108
1314
542
580
586
1291
576
578
1187
951
798
522
506
733
653
545
542
793
1374
534
519
991
646
1534
2020
550
945
1165
987
1306
902
823
1083
651
537
759
780
540
787
592
603
1017
919
719
600
598
585
701
715
1409
571
567
1037
639
1473
848
601
565
651
655
1298
657
621
964
555
586
1099
1049
598
593
568
618
1039
708
847
629
629
605
573
1644
526
561
542
537
518
1781
506
522
558
581
565
1218
799
541
764
548
583
973
1125
610
650
617
551
707
901
615
619
583
632
1182
806
860
840
887
607
838
1000
1068
868
677
658
863
866
636
874
1065
880
913
900
893
869
920
658
880
604
843
1354
666
653
662
738
729
639
632
693
656
651
633
688
641
824
838
1496
930
919
864
906
762
1173
938
833
926
683
649
776
610
673
820
574
560
798
1383
760
587
554
541
551
629
1052
874
571
574
538
892
602
567
946
598
588
556
559
568
1106
860
681
633
567
601
849
823
1166
1125
844
675
570
703
1086
1202
913
804
666
863
1604
1974
864
644
822
726
1011
1136
1472
629
545
650
609
1696
1207
1917
628
491
538
529
882
773
713
578
549
536
545
1365
654
1130
575
618
582
852
1048
1187
558
545
557
558
871
785
891
726
690
718
722
765
707
752
672
737
698
746
779
1103
732
683
700
610
643
1390
911
591
697
1148
827
926
726
757
703
721
709
1014
940
1355
827
828
781
794
903
708
904
679
759
936
1414
1424
1209
736
609
592
1300
642
586
591
1462
1009
656
551
524
555
576
572
555
538
545
527
1176
1124
584
685
517
522
532
554
583
1614
567
573
1985
898
589
642
608
609
659
616
653
1690
1478
1103
693
739
650
1094
1328
609
622
687
970
948
1802
605
605
613
654
997
1946
715
1017
926
740
710
646
919
1270
1359
977
829
825
830
841
885
579
720
1151
1315
653
587
561
686
696
1259
658
583
571
963
714
1840
626
1007
677
847
855
769
795
647
777
676
1097
995
913
834
906
863
901
847
857
852
917
774
981
1097
722
878
969
718
895
839
624
1157
728
874
1171
2159
1221
675
859
1399
1860
651
753
955
564
516
1454
549
545
855
889
564
1394
576
902
749
544
1151
1548
563
575
549
822
1314
636
558
539
599
656
718
720
597
617
608
1057
1008
560
634
592
562
1009
1075
587
558
521
525
1000
1517
637
624
560
646
586
1091
590
505
522
574
1867
639
765
519
584
506
520
553
524
572
581
772
560
799
976
738
541
709
948
824
532
563
561
583
724
532
564
843
586
741
695
719
663
606
605
635
665
1099
742
773
860
755
727
757
751
754
725
769
1168
742
826
663
759
636
740
638
676
868
888
619
643
642
616
604
646
1139
838
864
769
697
704
651
601
633
644
597
608
5534
916
959
909
591
580
541
611
556
670
580
552
562
543
584
524
529
506
515
498
510
504
662
712
950
632
616
639
624
643
700
631
650
550
566
536
598
837
544
1252
1112
1077
639
809
820
900
746
642
876
1010
861
954
647
849
2256
942
1330
825
780
977
1067
893
1142
763
688
598
794
751
845
903
646
925
909
809
804
1481
916
862
1008
1026
1231
966
551
632
543
544
659
607
606
1074
569
778
868
613
873
1380
891
1240
883
579
619
564
567
757
573
898
559
584
617
551
582
518
544
568
539
577
539
535
651
606
536
526
537
678
1075
875
601
595
524
562
641
1125
667
631
609
576
877
1145
771
613
606
612
586
598
806
852
649
595
646
568
577
560
916
567
582
645
584
1467
1216
547
621
592
574
565
550
904
532
526
524
600
569
1171
1074
594
549
847
980
1070
1025
546
565
535
1013
708
642
760
600
494
544
539
533
858
554
549
535
537
849
547
549
535
585
818
1087
574
587
564
560
960
1004
561
631
704
1035
1220
1319
651
769
847
761
906
659
1219
908
913
866
848
1228
921
611
621
1187
922
716
692
588
697
624
828
787
712
682
803
976
805
2098
615
680
804
1057
837
1179
2504
1343
1146
1251
952
886
625
587
1472
707
901
923
651
838
855
839
814
842
1734
850
802
708
717
745
782
736
660
631
1047
1125
1403
818
652
603
708
1386
1085
562
555
1122
1223
795
786
552
762
726
713
704
696
719
691
1546
908
731
797
803
759
509
554
554
846
563
543
518
955
849
879
775
656
595
561
522
637
585
800
1296
683
689
1574
1081
629
640
583
661
950
618
681
643
540
549
890
1239
824
807
905
589
603
548
591
663
623
556
1206
1688
869
679
685
840
1789
904
723
751
974
784
819
989
594
572
591
637
1133
945
573
520
546
593
603
804
1130
527
494
521
721
820
523
549
486
508
549
823
511
532
541
508
543
995
569
538
515
528
592
1022
578
514
509
529
565
1013
526
525
519
608
541
1049
544
596
513
618
1316
