2799
1089
1320
827
867
2762
1701
990
1467
1090
895
970
3330
1532
1178
2636
2027
3995
2101
2046
1194
1113
1376
1550
1582
1002
787
1075
1062
1413
2125
673
682
687
1014
1352
1829
697
1093
979
947
907
924
896
889
909
938
968
927
904
884
922
917
911
923
922
967
1086
703
879
636
657
655
666
715
632
691
833
642
1052
1133
839
855
693
612
715
654
808
2237
2397
738
706
668
867
2000
2670
756
641
637
852
2252
2453
1198
866
854
923
955
1137
932
903
849
970
994
687
727
637
709
658
637
643
1172
885
992
772
733
669
644
918
1368
854
875
776
664
620
672
1122
862
836
618
631
609
644
1182
655
625
608
634
608
687
1281
682
604
672
631
618
1683
711
693
686
728
673
1734
1624
642
849
990
777
970
980
1340
920
615
837
892
588
820
671
842
870
1095
834
740
840
1433
867
911
945
914
910
956
2131
683
702
724
749
680
2512
2055
760
666
727
671
866
1745
1304
1195
860
986
862
814
868
812
847
809
887
869
874
867
846
868
837
856
843
850
944
905
1305
833
763
885
661
593
585
625
636
609
607
601
902
621
589
582
655
607
623
648
608
643
598
611
646
666
1154
593
603
614
602
929
927
605
586
990
764
888
2529
1488
926
987
1212
918
1369
1228
726
608
601
769
1177
610
629
601
675
1177
822
650
634
634
592
2249
735
586
597
583
677
2289
633
633
678
917
604
625
834
711
1126
1076
649
1042
749
665
627
585
816
1485
1309
998
714
1142
694
1035
1208
630
937
620
1107
891
860
1177
916
667
663
1634
1875
1501
1057
1159
1138
721
884
5799
1267
797
841
1144
999
974
5012
1718
896
760
1556
2548
2301
1744
1129
995
921
943
5441
1519
6951
1410
12080
13653
12213
10687
11147
1973
1012
1131
1573
1033
1105
1177
4542
1835
1647
1194
938
817
2647
5612
1342
928
1791
1337
1020
3181
2584
1280
960
1336
1678
1679
1697
2274
1019
1288
1600
3059
1733
4600
1284
1172
1381
6730
1346
1242
860
1001
910
1424
1935
1594
998
1150
986
1100
1877
2440
1097
871
935
1014
1587
2518
1154
1096
1044
960
3227
1827
1455
873
984
1418
2120
708
2257
1755
1173
941
932
822
889
1820
2096
1352
1457
1286
2327
1510
1171
1360
2439
2186
1175
1262
1493
1397
947
2468
1448
2276
2048
1156
2056
1174
829
982
1845
1414
2078
1326
1032
801
709
1494
1850
2320
1298
976
912
913
1826
2341
1456
951
1237
1032
2056
794
776
832
1358
1198
1840
951
956
903
1130
950
1001
968
802
1033
985
1728
1495
717
1429
1227
966
791
1132
1013
798
790
724
2740
1151
1178
702
603
629
1503
922
710
685
1239
704
773
1355
619
713
644
637
1274
1037
1012
893
642
643
1271
1071
647
655
636
666
1712
1604
662
607
633
638
1306
910
633
648
1283
868
909
1725
938
711
655
758
757
1018
1199
887
1049
940
1157
930
1140
949
1389
1225
700
917
1008
955
1065
1302
924
1133
955
682
820
1984
697
781
752
697
1349
948
1662
906
990
612
835
641
639
967
1375
944
932
676
918
749
697
743
922
640
967
1167
707
1137
639
645
846
935
1539
958
1586
1226
1110
646
905
942
1075
977
964
1109
1088
1391
956
803
1293
844
766
1181
1665
875
1097
1106
952
644
1544
1141
699
1304
817
693
1567
2434
955
972
969
1143
803
1364
1629
1673
1143
1199
815
3038
1522
950
898
660
771
707
1326
2124
876
1161
1033
1023
1129
756
827
660
2428
1002
855
1046
590
923
690
634
809
1558
2155
1507
863
1026
857
1004
1309
1059
994
623
684
802
832
1086
666
729
1351
736
1376
1098
1748
744
694
918
1110
902
1543
803
653
601
651
954
720
647
1104
988
999
750
915
1150
700
584
756
722
2858
1319
754
662
594
614
642
836
1398
663
1488
1295
685
894
876
699
626
618
829
1030
1607
998
752
849
1285
637
647
611
853
1556
860
649
941
891
604
842
829
855
762
625
1738
1286
622
933
645
623
845
664
618
656
595
2394
1191
756
950
924
956
1147
655
1889
1037
939
697
922
1742
857
728
721
755
2164
1458
654
622
627
611
1200
609
654
607
1587
999
2046
890
873
1055
763
1576
2837
1033
973
733
1029
954
722
693
759
1573
1076
667
730
880
604
622
646
609
868
1014
1100
1354
1292
1482
736
1416
1962
1329
1579
864
650
606
1214
2439
1528
666
838
663
694
1123
1239
1544
1020
625
796
1177
1049
819
593
1693
1530
687
801
637
593
576
873
879
579
833
1605
726
723
1367
803
646
605
660
1078
1603
1071
705
707
616
965
1331
603
730
800
671
1896
1411
789
722
901
720
974
692
615
693
1669
824
1838
605
619
858
918
634
1204
1646
1033
671
810
705
1112
864
677
702
627
2214
639
631
605
596
646
837
895
616
635
631
2285
919
678
618
654
648
755
1153
613
660
1727
719
662
1208
664
734
664
631
666
1318
2184
681
597
645
864
628
811
651
604
640
1911
739
836
1171
1151
735
1216
1957
1248
1038
814
801
1650
600
701
1495
1278
1319
2002
1617
938
1495
1900
1609
717
665
692
615
1163
2341
1088
928
666
631
835
627
