1429
1348
1688
1255
1073
992
1191
1050
742
1445
661
659
2017
646
1662
1657
846
688
611
596
611
694
890
605
621
1440
1192
2022
615
586
659
856
1024
1062
2673
1333
721
696
723
654
1880
1809
826
752
643
598
640
1163
775
1177
1114
1080
859
905
1198
627
732
639
624
1145
2815
1075
736
651
759
646
1197
1095
607
634
1206
794
822
867
662
634
790
859
623
854
666
1629
777
772
714
779
2044
1437
678
758
1179
969
1217
1334
631
630
594
647
609
1144
2097
676
703
635
671
644
2040
597
599
628
1399
805
759
1342
580
608
636
629
628
866
2033
1069
947
837
661
849
1341
1752
633
630
1263
709
590
1874
611
661
630
700
662
914
1259
966
778
698
652
858
1271
640
649
722
645
1739
779
625
711
683
1240
691
653
626
768
1213
2367
1108
961
844
599
1256
637
627
611
717
1765
678
618
647
628
852
1651
749
724
815
912
1861
746
921
814
714
969
1013
965
1182
701
683
1792
2256
685
703
722
823
971
948
878
882
932
929
916
952
1635
783
702
783
1877
621
633
641
684
628
2801
739
740
638
912
1232
878
688
668
626
1117
1854
892
627
623
612
613
1165
1119
618
699
1402
1191
726
707
684
723
679
731
850
913
704
706
817
664
670
638
634
644
642
694
665
1263
638
1123
828
683
683
691
658
671
664
676
717
1131
1201
696
757
937
1402
780
660
635
671
789
1330
751
624
674
657
682
693
1155
693
660
674
1123
875
660
717
641
683
703
668
624
608
723
667
739
627
1312
662
654
708
646
669
1091
639
622
719
680
766
1650
591
618
655
620
1593
597
629
660
585
640
1393
1577
612
619
580
602
1115
1902
1144
682
714
1008
1468
860
672
857
702
925
2320
592
778
885
780
1198
1802
1012
829
1034
1056
1628
2733
847
887
1215
1057
1915
1140
1237
978
994
968
1253
1288
870
766
1061
1018
1009
1424
861
969
1117
963
1956
1369
1173
788
1201
969
948
1645
987
1019
737
1063
1999
1562
718
793
740
1475
1194
1596
1375
1190
689
649
663
1311
657
685
649
753
1523
1991
717
618
625
709
1121
2307
615
626
1788
1144
943
885
868
965
667
813
927
1301
1101
657
679
631
2151
666
619
1341
1208
2282
2203
915
981
626
632
1114
1676
823
924
689
640
1147
1122
642
617
901
657
1392
1169
698
654
604
784
1538
1386
841
636
639
809
1109
1505
667
626
632
738
962
931
694
705
608
600
729
1201
1325
605
651
699
623
682
1405
634
608
660
656
629
854
605
689
654
799
663
957
1689
1143
782
642
668
997
1363
893
638
608
674
649
898
1310
642
692
704
636
682
690
1524
688
626
636
776
661
946
928
717
831
641
712
953
1290
936
768
629
790
665
690
630
731
637
675
810
786
790
665
630
744
664
681
805
817
803
645
641
733
1078
1212
734
793
617
599
1585
825
635
631
613
618
1011
1275
635
847
594
618
685
897
1182
725
616
641
684
763
1764
692
655
595
613
758
958
1035
790
792
636
873
882
843
891
811
820
854
815
1023
1290
586
785
807
799
824
845
826
791
791
843
587
1078
583
863
620
832
908
597
834
649
575
890
588
857
611
615
618
688
622
683
968
752
670
975
1167
696
643
613
683
769
938
599
722
670
970
4054
2962
643
634
607
607
1152
727
764
622
615
724
1005
615
633
602
657
951
1158
583
705
603
613
936
1384
600
618
599
646
900
1156
741
710
632
689
706
620
1023
604
734
955
781
2273
2811
1341
763
1094
935
819
785
612
676
2848
1005
675
832
659
695
636
691
1248
735
1235
1265
917
786
947
846
645
664
660
814
730
2331
700
929
598
1013
600
1002
605
729
639
950
1403
793
599
654
672
666
1600
1184
722
636
1125
887
1171
760
1316
849
1130
676
1491
1329
1039
658
1180
641
998
683
908
650
964
597
991
1351
825
701
692
688
622
684
1409
680
671
637
1577
685
674
645
629
681
611
618
1189
601
612
614
1757
763
956
1136
689
662
620
619
658
624
632
1297
831
1014
758
644
628
835
795
851
617
906
1036
714
856
689
766
892
661
687
1268
754
924
906
606
635
1139
908
645
603
664
629
1185
1928
645
611
759
624
647
1587
686
625
1131
674
676
616
590
687
618
611
595
965
695
1141
716
638
715
970
734
639
811
615
616
1151
1134
676
609
606
608
866
646
606
661
622
624
2040
696
608
745
662
747
851
721
644
632
713
1361
757
632
640
662
729
852
1681
655
615
874
929
641
879
590
704
582
623
1277
1541
661
1150
769
651
678
1734
683
601
604
680
1698
669
1208
620
694
624
937
668
585
604
583
701
895
1238
644
615
590
946
1573
638
648
567
590
1180
1102
622
627
750
619
590
700
1207
709
650
638
1162
1075
1232
618
578
669
609
627
928
1213
567
741
977
679
914
1174
637
629
741
656
650
1719
969
599
851
803
915
579
849
873
610
1173
907
884
703
647
663
652
674
652
627
655
628
649
1491
