2850
1521
997
855
659
695
1049
800
695
640
1017
783
1634
624
624
630
639
847
1812
2080
903
786
849
1365
1022
833
722
647
2562
2243
946
993
727
884
832
2508
1625
779
722
1010
794
1167
945
1581
885
687
631
861
769
682
627
637
1066
974
952
855
751
769
748
1112
894
1089
857
1424
1000
949
1110
780
981
715
697
666
929
694
613
614
637
645
613
648
1038
1177
1013
1536
2113
1058
863
869
871
634
610
639
846
1155
1085
860
712
674
789
628
659
930
653
1124
643
634
881
1277
1069
894
721
675
1104
999
929
687
641
689
1356
864
638
753
627
944
1451
735
748
633
722
1386
866
636
617
659
1384
875
660
628
664
626
1200
859
960
1012
969
823
1378
1296
686
702
613
655
1035
1074
833
829
1001
1424
975
645
646
618
729
598
605
969
822
1163
915
1299
712
1748
827
855
635
608
1124
698
634
630
616
609
676
666
1440
1307
730
888
761
769
1955
1340
644
678
812
850
1981
1472
688
688
769
1062
2391
954
979
1232
1664
941
962
942
639
953
658
652
1822
921
1087
766
649
649
653
635
917
1355
1236
661
646
647
908
1188
706
868
707
654
674
696
1372
894
869
863
963
683
830
928
862
864
1338
867
746
707
722
656
757
837
669
1216
626
907
972
649
770
936
1547
872
669
700
867
663
1064
1854
707
832
830
825
862
934
664
829
639
1666
1040
811
633
710
646
627
823
678
700
709
744
1362
830
602
1929
1294
958
670
652
591
646
853
1624
857
842
1127
741
959
1295
718
662
1065
847
838
622
1612
618
605
634
594
663
2047
889
697
601
876
821
1914
603
1098
676
627
1493
1168
1244
756
1205
671
2305
681
615
1195
1825
1641
949
702
711
906
1891
1508
752
994
742
1776
710
943
694
967
1462
1764
877
982
963
1024
2433
1277
1179
1100
1199
877
1684
2347
1557
1190
1167
1005
2230
2057
1090
1602
913
1179
1885
1000
771
988
1081
1123
1073
1131
1492
1517
1097
891
2131
779
770
732
735
1402
702
1853
1654
1075
1052
1143
795
884
668
904
726
699
894
1422
1000
865
871
1065
640
941
637
685
1878
1357
698
896
964
820
694
936
689
966
1421
1270
939
919
674
969
675
773
592
2571
1020
639
701
948
916
1572
735
697
1982
707
659
2025
735
646
623
653
1512
1694
883
961
1266
952
651
750
1538
1290
944
744
646
634
623
668
669
640
791
2285
1530
866
648
853
773
903
1003
1022
901
1863
1383
815
685
658
660
637
736
1237
644
676
1076
728
904
791
632
667
707
662
921
1118
1154
730
802
920
781
2065
623
688
638
632
793
1031
641
646
695
638
701
1392
672
769
636
970
1125
1095
615
630
696
656
951
1691
905
1309
989
725
977
690
765
985
896
859
1676
1289
863
666
652
700
927
642
624
1098
878
888
880
1387
925
660
663
666
950
1795
1743
731
656
661
736
621
672
657
675
723
1268
1375
723
749
701
596
1036
607
654
669
606
628
1832
640
601
769
599
586
829
595
621
636
632
1321
878
612
637
678
656
1408
1328
800
618
630
1506
6918
7617
1322
5396
1309
1209
7929
12041
6275
4714
3089
1350
948
2292
1259
1264
1148
1430
7603
2317
1208
860
995
1134
1709
992
1359
854
660
678
1283
805
773
666
633
1551
1558
887
1325
1088
1328
936
1725
1436
1491
1007
1055
1233
1145
1163
1189
743
782
767
758
980
795
666
666
655
1193
809
1497
659
921
653
861
894
935
928
1255
674
653
674
619
627
664
714
953
801
1457
960
1782
730
681
911
671
844
678
854
629
1262
1035
830
904
1883
693
635
661
774
1486
1658
1379
942
742
712
706
690
2219
1318
719
833
963
1160
768
1004
1076
1160
953
980
1001
856
902
870
907
889
1177
778
889
883
911
912
876
709
898
874
980
1361
1026
828
1229
625
962
870
892
1262
1274
925
731
824
664
636
657
1267
643
690
1648
1114
817
1080
626
727
634
622
710
1022
666
1391
712
988
696
1055
1138
656
861
872
912
1364
800
999
884
901
914
923
859
875
1517
840
694
622
621
670
694
637
734
730
965
1690
1104
1024
948
797
936
903
641
667
631
613
1569
941
1179
716
655
2012
1119
735
1691
982
684
1114
742
620
657
638
829
1583
1145
942
709
647
1809
1840
642
633
1947
1292
1605
708
959
898
668
765
1309
1305
1195
806
666
788
1424
921
1064
769
679
1455
2036
1084
886
685
728
691
1977
2073
894
1778
791
617
1413
1464
670
632
1126
1364
876
650
901
629
820
694
650
841
1141
957
675
876
1491
2090
713
796
1309
819
1082
1242
722
725
661
631
632
2544
1270
653
619
735
873
1591
717
892
1203
992
1050
1169
1052
947
742
1047
884
1118
1413
685
669
638
704
1207
2159
1018
912
968
598
633
630
634
674
588
1115
863
2123
657
568
633
824
721
667
1852
997
1108
802
620
683
1426
754
627
614
637
2005
753
1152
624
962
989
674
947
642
1143
1294
1097
1710
1049
708
655
651
683
1237
1518
928
1274
1036
649
623
663
652
1084
1223
1403
1125
716
699
626
696
