3034
1681
1133
1413
1270
897
798
798
583
1970
598
582
591
617
1350
1959
1312
890
622
663
793
752
781
1045
1042
693
665
1866
651
576
788
1114
677
1918
887
1371
995
854
1518
826
652
956
808
660
778
634
608
662
616
1492
990
735
584
778
798
827
1370
875
615
607
802
1063
631
605
800
611
1579
1392
862
896
978
812
888
1118
1134
864
774
777
806
1510
859
770
819
573
794
829
874
770
801
815
788
798
578
835
963
821
593
801
824
832
804
809
840
583
793
800
815
984
821
815
815
838
859
843
868
593
839
856
643
650
865
838
868
636
824
838
822
626
839
849
864
836
822
836
614
807
839
856
820
846
698
772
630
647
647
613
643
662
639
779
722
621
693
642
641
683
626
628
635
649
615
660
674
631
610
626
619
624
640
710
797
668
644
617
657
695
665
601
640
648
645
615
658
622
611
648
681
607
848
858
872
741
979
826
765
797
787
789
774
758
634
825
756
731
769
737
678
631
734
990
744
989
717
685
712
714
804
723
717
705
728
764
845
783
725
708
685
733
1017
877
823
819
1168
884
1066
758
732
711
654
714
644
686
1053
741
640
667
659
734
714
666
661
819
756
755
649
645
720
686
640
643
636
619
618
634
695
641
669
653
612
672
680
779
860
651
792
714
672
651
699
607
643
631
635
616
626
871
640
753
630
649
862
823
879
655
908
622
659
614
608
642
675
696
671
951
871
870
634
840
625
864
624
909
693
884
706
903
603
846
722
855
631
843
608
906
880
833
665
819
669
829
691
816
631
828
595
877
658
877
603
692
731
791
613
640
660
627
633
690
881
637
695
802
847
641
823
814
617
830
831
672
823
663
840
632
663
607
835
835
863
835
833
750
683
627
715
647
658
614
632
721
635
611
823
779
731
640
672
617
635
662
662
620
636
645
658
736
881
770
1046
845
1006
1003
736
960
888
971
684
1011
1072
1059
1006
1005
682
1135
1175
1234
1104
1233
988
1270
846
1177
1043
1028
1020
1285
959
1911
2152
1153
1074
986
967
1891
2315
1228
858
981
1010
917
1086
1431
1304
1153
820
918
1474
1091
1330
1187
918
1125
1337
860
858
876
976
1549
1187
978
906
676
752
1151
709
790
636
634
2863
1669
893
748
1038
671
668
1592
596
1432
846
688
614
1012
608
614
677
645
739
1313
1995
891
700
634
1613
1066
729
626
808
1244
1095
1445
700
623
601
685
873
1412
678
1643
698
654
1808
1511
582
622
600
663
1778
1663
695
725
859
887
2135
814
913
990
939
1485
1547
1021
942
939
962
797
1043
745
857
671
701
865
1009
682
634
609
753
732
985
668
597
632
614
798
971
734
672
596
669
1282
1226
607
948
833
828
840
811
614
693
666
623
1364
1124
688
637
623
670
717
949
745
722
667
731
688
1306
1673
711
700
837
661
828
1401
710
657
632
679
663
642
668
749
669
656
729
635
615
631
635
608
676
679
898
1052
601
600
626
654
751
1015
715
670
618
632
620
898
852
811
871
886
856
856
831
844
910
643
604
612
606
636
694
615
601
672
634
604
777
657
623
640
695
1204
896
765
623
629
627
685
963
706
670
620
662
701
991
1180
609
863
856
670
899
665
650
646
671
644
740
977
653
609
624
732
677
948
940
647
623
640
726
663
738
672
611
633
631
617
1029
1056
627
612
684
648
1240
955
752
878
898
764
990
1052
1200
757
865
622
591
855
616
668
616
651
663
640
607
1215
770
760
606
740
755
1125
622
621
602
648
928
604
597
679
631
631
871
736
709
602
757
952
756
708
593
930
702
1738
867
668
651
715
1567
1548
763
707
643
682
1648
632
607
595
585
670
1802
647
714
626
655
978
992
630
583
573
666
984
1153
657
684
592
673
1138
972
751
730
609
649
698
608
621
627
719
660
650
665
1233
738
743
704
787
1162
833
566
579
631
616
1131
1135
602
606
657
686
819
641
646
652
832
639
1063
796
764
603
708
791
980
1301
638
677
869
1152
727
637
655
641
769
619
917
1403
781
791
959
801
868
1181
712
750
709
1102
930
897
995
752
804
801
764
728
1093
778
953
747
631
1290
886
758
1063
928
816
729
883
820
852
828
868
890
911
717
907
631
666
659
637
606
639
633
680
845
959
1424
982
983
871
886
853
642
629
711
917
689
666
610
638
634
649
648
673
851
860
725
839
675
613
652
633
658
618
779
612
644
652
624
642
844
617
621
613
692
745
852
681
624
646
895
657
629
640
638
630
621
618
1362
720
648
621
975
643
675
794
638
638
655
649
1037
590
655
666
619
604
785
619
591
659
648
757
956
751
595
660
652
826
1027
595
635
604
675
608
983
619
621
760
692
746
892
757
787
593
615
635
1010
852
1281
1203
660
634
630
619
610
622
604
619
1183
