3459
2805
1105
1142
1296
1390
714
612
591
685
664
681
922
1833
937
983
671
604
609
1157
618
645
653
2302
1083
722
845
812
822
589
599
934
925
1806
964
1748
993
716
674
723
887
1695
870
891
776
784
841
829
852
617
1063
651
660
618
625
668
646
608
609
634
678
626
1349
718
647
616
612
698
767
608
721
653
653
678
1790
692
709
648
621
601
1127
652
675
656
1206
927
805
1045
639
710
627
739
705
1315
642
1220
666
883
694
1518
834
721
629
623
884
793
861
638
629
960
1074
653
641
610
626
963
1537
674
614
617
632
888
1292
836
825
634
854
599
708
870
815
855
596
673
605
715
619
781
728
765
1127
630
807
646
636
1125
928
889
628
673
607
622
1407
623
734
877
1068
2221
1747
898
1041
1105
935
1476
955
643
929
652
792
678
1397
646
661
612
720
871
1429
609
869
656
799
1415
1660
646
649
610
630
1522
797
738
625
601
682
660
1178
803
788
794
720
1401
957
841
852
902
916
904
885
913
879
965
955
873
924
910
919
881
947
914
946
952
691
955
963
780
755
743
794
867
804
1564
789
838
988
912
1067
932
991
1014
1013
1176
1515
1363
949
907
639
675
1164
1089
639
663
655
753
1110
1362
604
614
642
715
857
1585
634
632
700
661
1201
1187
645
622
912
642
634
1288
921
628
642
612
612
608
1246
615
677
652
668
862
623
1124
674
704
630
636
612
1312
640
644
689
642
624
822
844
1320
614
686
637
635
1162
1157
635
615
633
645
598
1087
872
634
675
858
659
610
1344
852
830
693
624
648
713
1047
1331
662
755
631
638
1301
1153
637
621
691
653
621
607
1176
623
648
742
925
1137
1499
973
939
883
966
918
1458
1370
1215
1738
1382
1266
1523
882
1208
1702
991
723
907
1088
1007
774
1091
1275
1096
743
1459
1706
734
934
968
960
747
1424
2309
978
1045
1177
895
1143
697
2315
1169
653
1136
1137
1166
1398
2346
1261
1069
1336
1127
1296
1399
1125
1276
1294
1439
177981
905
556
571
537
614
537
523
554
830
581
548
544
561
537
559
579
595
557
558
643
685
572
1095
595
577
592
545
672
568
636
586
555
613
566
579
607
683
556
576
588
554
572
707
567
603
577
550
1121
782
566
771
599
746
562
529
541
590
608
777
535
536
589
634
601
571
622
598
609
592
620
629
787
617
593
630
656
573
804
809
586
608
619
590
830
568
602
588
833
960
1125
616
602
681
668
795
1260
644
785
783
877
620
773
629
577
598
594
804
583
620
623
578
558
1206
590
675
608
665
951
1012
595
603
743
731
945
715
591
720
635
586
579
609
649
639
580
602
637
612
599
612
618
609
576
601
602
651
670
586
608
621
581
627
702
606
1110
726
734
660
799
958
1181
1328
853
775
669
621
661
622
651
608
618
644
600
610
643
705
609
641
1028
605
635
736
588
1243
1049
625
632
623
672
802
1466
714
896
653
770
1362
596
647
608
797
1135
1003
639
634
595
616
788
1014
635
702
594
738
600
620
650
661
722
627
738
587
602
626
678
707
1290
620
606
599
649
623
747
756
633
642
1470
1268
1098
1349
1126
929
1344
773
1721
1088
761
990
1096
916
860
798
1738
1174
685
736
632
623
616
621
801
1247
761
1006
835
609
640
1429
677
644
667
619
624
1527
1315
984
841
590
590
641
989
815
602
625
640
621
1844
620
595
629
666
630
1017
1118
895
679
660
1006
1078
794
707
675
616
639
608
1184
1252
741
670
1010
648
1235
812
641
627
788
599
597
612
636
941
691
610
600
675
805
910
621
693
612
705
1226
1140
662
607
620
621
728
799
630
624
642
779
649
1447
822
601
616
676
701
1058
709
711
627
639
1517
1269
921
862
861
666
678
671
739
876
619
1104
653
656
1386
1333
814
804
617
911
698
1208
1004
761
702
641
662
726
1252
848
634
672
1273
1879
821
613
672
626
628
635
1218
617
602
606
1008
644
1218
1395
867
669
612
635
928
2133
758
776
635
605
630
1327
750
577
616
631
641
1459
687
625
614
592
603
588
869
614
797
803
1276
933
870
633
822
806
615
824
856
579
894
647
1029
863
633
621
604
650
653
814
1206
902
654
748
697
675
632
635
609
649
868
1297
822
733
1269
804
907
801
722
650
618
620
1197
706
665
1060
1013
882
706
659
649
711
603
988
1373
713
673
1520
875
892
595
586
642
592
593
928
619
634
721
1363
861
1419
993
930
705
1128
1082
1631
653
616
629
739
901
1544
634
625
626
948
1149
1507
629
631
611
752
1335
1000
613
654
1080
685
1136
1179
632
759
743
858
2130
2672
619
852
809
645
801
594
849
621
825
853
1240
621
744
648
711
655
701
743
671
653
633
691
1830
858
766
983
704
693
1925
1031
812
835
879
1287
835
847
944
610
942
1019
1022
956
1033
663
659
662
684
672
746
613
732
635
630
950
1199
799
698
756
656
