3126
2349
705
676
899
692
738
1373
1448
705
792
716
806
1428
853
763
673
1004
1599
713
959
635
994
715
1792
1712
1863
700
664
916
1105
771
1065
1137
2048
1114
1044
984
1208
841
1045
731
1223
1058
795
823
738
729
1490
981
1038
1241
896
1605
2391
785
701
670
704
1047
1395
900
910
728
933
923
715
715
684
1847
1011
922
1413
949
659
661
888
691
1545
918
653
717
976
1881
919
916
885
900
973
913
658
923
701
674
938
668
704
899
675
667
1599
1171
624
797
694
727
1221
1179
791
792
1182
719
2356
1014
848
812
849
1015
891
1623
1310
750
703
662
853
931
708
646
647
2001
855
775
811
828
821
735
1204
823
782
693
920
867
2124
698
795
823
712
693
921
682
845
667
698
750
860
710
669
934
722
752
685
826
722
694
735
730
702
693
673
741
760
761
1709
768
866
852
1727
863
1010
745
939
1475
1444
955
1834
814
697
723
724
1440
1053
828
934
859
1011
2579
2301
1109
1094
1148
1201
1116
1034
1076
1074
931
859
868
1175
960
970
1002
904
936
894
826
829
1143
1160
1702
1200
1176
832
1346
1249
894
1556
863
1144
1519
928
2262
965
719
771
743
1203
786
1028
876
678
942
931
1451
740
726
724
1086
1632
710
721
679
669
1329
1101
691
997
682
673
1112
1237
707
674
646
685
1293
1248
675
734
639
682
1723
685
811
997
812
976
1346
1186
870
798
949
941
1487
1322
821
767
723
908
2380
1755
831
869
1007
928
924
1439
2939
832
742
822
619
2064
701
787
791
672
839
860
1035
870
962
1073
825
1173
1713
763
821
676
1232
763
908
1136
812
1262
1208
931
2338
1981
918
1090
986
1022
984
1136
1380
1430
1141
811
822
735
1344
1181
1373
1162
741
2286
2687
1334
887
828
805
1195
1487
2089
1375
1227
861
981
753
1390
863
906
729
1723
1656
865
879
826
781
911
945
1450
2331
764
924
788
756
920
2109
1534
1693
924
1160
1258
1669
1754
1072
1206
1100
1731
1343
2155
1037
971
1244
901
2142
1273
1091
2032
1783
3081
1427
1151
1310
1098
1090
1108
2920
1495
1979
1638
1208
1538
1183
1300
1825
1176
1182
2065
1343
892
1088
800
742
836
686
659
698
1290
896
906
1029
1012
801
781
770
2038
2530
868
740
1043
1143
1318
1189
1522
1037
1062
1050
972
758
1262
1201
1230
1348
1878
1446
1164
1055
1492
2088
1042
787
1026
1104
1766
1507
965
1137
1865
1201
1099
2078
1244
995
1092
1304
1457
717
792
928
702
2195
667
684
775
744
753
1891
2050
1154
1059
729
727
858
776
1476
1238
1379
1325
1235
1346
1192
1103
1738
1243
921
822
936
946
1491
1594
2255
803
841
867
1029
1879
858
951
1345
1107
1096
809
1038
1167
1238
1443
935
1162
913
937
1031
994
974
1206
862
1186
755
895
2609
1112
852
720
1105
1197
983
1013
710
754
741
1417
983
1474
973
812
736
965
1216
1268
1317
865
719
708
1271
1210
962
731
743
803
983
1380
680
924
711
916
712
959
911
1148
1111
985
1243
896
1164
1013
721
695
2162
1719
938
749
666
731
1433
1810
2017
846
753
684
891
1879
686
735
704
1374
1771
1181
753
749
809
757
1003
1525
1809
1027
1701
686
987
1081
781
687
744
1198
1390
973
685
705
701
831
910
1450
672
1143
821
703
955
944
941
969
691
687
964
1468
1294
671
709
942
1311
856
789
893
1679
799
912
696
946
703
700
684
1327
1358
931
1186
949
737
944
691
723
674
686
2210
1194
877
716
693
704
1486
737
769
1880
805
719
750
1061
752
729
720
730
1119
1335
714
741
711
707
744
1098
728
698
1423
832
746
1031
681
665
677
728
1525
2396
965
847
731
749
684
1097
685
682
985
1235
1149
943
682
692
759
710
1322
680
3051
1412
1220
714
1713
817
715
1495
997
692
710
698
718
669
707
742
673
1247
1016
718
718
800
2125
771
680
701
937
755
2031
862
837
799
635
1627
2600
748
658
698
686
2217
937
845
678
903
994
1443
1472
862
859
818
683
953
913
1562
1263
910
703
704
1862
1277
781
653
922
715
706
718
765
671
681
680
668
695
1460
905
705
910
685
904
1286
917
1021
967
823
718
740
743
909
783
771
1135
1041
1800
725
790
677
854
715
1531
1378
670
1591
1191
1318
809
907
1128
884
849
666
1171
1116
1508
791
702
682
725
667
2212
2062
716
930
974
670
992
620
890
948
663
1466
759
666
978
655
658
643
725
1167
1470
666
1116
805
850
1893
726
639
762
833
1082
1422
1091
881
892
769
679
712
702
1032
712
1294
1272
961
1074
2082
699
846
696
689
1348
1182
1530
695
684
680
652
2324
2545
827
713
690
646
766
1657
1172
663
679
1168
722
1241
1151
663
660
746
647
823
2246
1881
755
670
760
645
2093
1237
1143
1181
807
943
813
1475
722
698
651
825
2749
1009
1236
658
822
1440
1425
799
677
1065
958
1086
687
700
678
639
648
875
701
1172
768
940
1073
821
651
616
830
716
704
1064
747
682
703
774
696
716
747
678
755
1487
1434
655
663
700
660
2162
1658
1030
1148
708
774
1161
899
1117
756
761
719
1388
1059
1755
