3373
2618
890
990
686
657
794
619
650
628
626
1024
1268
1514
651
611
817
898
639
1122
1160
1312
671
629
623
1270
1410
1596
838
617
864
920
1202
1345
1277
1015
819
988
1644
1396
1406
631
665
602
889
1300
799
620
912
1121
1135
805
605
678
668
609
750
798
632
1169
854
1732
853
649
679
605
654
1051
638
644
1375
845
1857
861
839
657
685
612
643
639
754
1043
649
673
607
1158
634
670
641
606
929
647
996
897
733
814
655
1026
643
748
646
966
614
1165
912
671
690
619
633
1209
636
612
643
684
1116
794
661
603
618
644
883
667
643
609
646
656
1091
749
681
608
610
591
733
1088
602
651
650
1445
695
748
860
645
647
613
656
955
1125
818
1284
921
812
762
856
814
1406
944
1127
1413
823
746
699
934
1075
1049
990
901
714
1193
1075
974
1808
1080
1030
1025
1827
972
1448
970
748
970
932
922
890
944
1154
729
697
714
892
1022
919
1027
776
1513
1849
1060
761
1019
1170
1291
1198
887
783
895
1382
1795
1530
2046
1596
1096
710
752
857
786
1014
939
1661
1231
948
895
885
905
932
902
896
1636
1043
921
1213
1231
979
941
920
913
2129
814
723
628
609
621
632
617
607
663
638
1024
756
2069
2729
674
659
874
965
2221
1248
769
690
752
919
876
1386
880
658
774
678
1969
1853
702
1018
1212
873
902
2475
824
1165
1134
941
1006
666
646
620
642
640
1387
883
791
682
711
777
971
698
919
937
973
770
946
900
972
786
618
612
1727
2476
841
620
654
902
924
1479
806
795
786
812
1007
885
743
808
814
852
656
855
809
813
877
1199
1130
970
1282
1441
1396
1600
1280
15831
896
1052
1088
840
850
1155
1179
1128
1056
763
1121
1209
1119
3196
5654
5520
20854
10631
1274
1231
1194
1258
1352
1142
1386
1110
955
1076
1054
1842
2999
1604
1435
1519
1541
1047
842
775
798
880
879
856
823
1180
1619
852
1484
1028
945
1208
1129
1319
999
930
1478
797
988
740
778
643
1336
1188
727
656
642
627
659
674
644
747
1032
645
619
1007
867
676
871
672
648
679
647
653
650
708
870
1404
842
777
1129
1082
1218
890
1186
632
725
1568
687
671
678
649
668
947
713
905
870
1043
1087
749
1079
1363
961
648
926
652
677
875
1341
677
640
656
3170
682
703
619
632
622
804
638
1250
622
625
677
654
905
683
1361
651
757
651
677
1024
717
1354
713
628
982
957
1293
827
733
684
723
747
1030
892
927
883
1228
835
695
1685
986
937
1048
925
1000
1081
151106
541
532
539
531
706
1192
941
639
557
542
550
631
540
511
538
557
548
1020
527
615
637
632
565
695
577
529
509
565
588
546
653
706
958
667
1528
1647
693
630
614
564
625
566
1147
592
599
643
640
626
591
606
581
638
629
785
682
733
641
954
632
689
610
642
651
602
610
607
610
615
582
597
680
664
627
642
624
624
875
658
1186
759
1081
996
1121
1900
756
655
666
596
698
829
573
596
641
650
765
2159
1111
581
573
556
544
1050
672
658
618
604
764
1224
870
630
599
565
1219
592
702
566
683
845
1610
935
856
574
541
1006
705
581
618
601
604
591
1770
655
628
681
570
576
1373
645
666
607
611
613
1910
675
587
655
572
640
1620
599
599
596
607
864
818
612
612
608
643
635
1209
625
592
636
578
2466
637
608
609
629
616
1571
646
653
571
681
1410
623
634
751
584
628
1706
770
607
575
688
947
1425
592
600
646
609
647
1346
606
658
863
1236
1176
948
735
631
675
939
2347
1198
1510
1040
691
653
682
673
1069
703
693
667
729
1553
780
693
633
656
679
644
664
642
673
618
887
675
975
689
674
607
1289
649
630
692
671
649
1155
1259
761
727
711
681
1002
743
659
696
679
1018
1023
1262
659
661
786
1118
848
716
637
699
734
1755
725
855
663
849
607
840
892
699
871
642
1288
970
825
739
837
786
783
777
1259
841
590
830
1093
868
628
1389
806
639
653
817
1237
1104
1002
999
622
669
692
1136
1342
845
850
616
854
1314
699
1254
1174
905
653
694
1326
618
613
680
722
684
937
1232
710
846
650
629
649
1072
638
896
706
664
724
1299
612
607
789
617
878
709
2599
931
844
667
635
701
1203
656
728
682
692
1062
861
1088
635
645
678
678
620
1229
650
611
1201
782
799
771
1360
631
604
613
675
624
1322
1245
810
688
718
805
877
1447
603
623
647
938
2408
671
664
664
945
718
641
774
656
702
623
1330
925
1581
1121
598
622
638
779
634
679
669
1031
739
638
611
1327
935
608
665
640
620
773
1187
763
588
637
620
612
759
1536
654
742
618
632
1187
1264
666
593
591
641
582
1244
717
587
593
1322
812
607
609
631
614
867
1368
671
852
956
878
947
653
630
627
648
1316
959
636
602
686
974
811
738
719
649
691
789
1356
616
631
784
1093
1571
866
672
609
648
606
1018
1338
1377
719
645
661
1048
1208
637
615
616
635
798
956
1004
898
673
601
