2596
1753
2483
1052
1339
1063
829
572
2796
836
849
596
602
1357
1154
651
505
541
1233
1077
706
602
561
486
513
1314
724
569
560
657
688
1290
1063
793
799
647
972
629
983
1149
766
682
908
841
694
905
636
960
833
995
1054
811
851
918
621
820
764
591
811
790
796
875
877
606
818
804
821
818
799
838
569
806
833
589
607
887
603
749
773
827
849
830
811
873
580
801
798
817
794
822
809
824
851
857
755
786
701
843
815
820
812
778
770
825
790
817
808
806
817
828
636
781
822
835
864
841
816
640
835
630
787
887
787
820
827
836
834
808
816
819
718
632
672
604
590
567
582
553
557
583
613
553
578
562
556
944
810
807
937
583
562
571
568
559
590
607
755
592
682
556
553
670
775
848
815
826
809
799
773
833
775
614
791
855
815
812
805
837
596
815
862
802
787
844
825
819
835
760
798
830
833
839
641
784
801
833
872
805
776
778
790
783
757
649
615
609
596
612
642
563
568
579
560
569
578
577
555
527
531
532
818
597
780
844
793
777
736
771
787
611
749
804
797
783
761
821
807
804
797
893
946
825
785
790
817
870
727
629
699
671
659
668
1910
1770
531
576
533
578
614
753
531
746
599
540
733
750
734
730
522
567
552
636
995
1016
605
649
569
581
934
717
747
542
554
576
544
984
825
717
560
588
559
615
683
738
526
542
538
549
991
726
666
1041
546
549
540
836
737
561
629
537
565
967
1203
612
652
678
551
1712
729
697
577
561
607
768
655
694
526
524
558
742
826
930
599
585
571
577
537
814
1220
791
526
523
542
1124
1176
626
621
533
532
533
950
1051
585
595
590
549
764
1118
752
548
555
532
762
1086
911
591
573
543
583
622
813
714
498
529
566
655
844
1309
618
577
533
537
1349
928
560
580
602
569
569
710
1190
544
563
529
750
516
702
747
540
591
576
556
741
1159
687
573
518
544
550
942
576
780
570
566
904
1688
869
703
727
669
1021
682
961
781
500
1003
1588
591
759
679
683
1128
669
573
818
605
825
806
858
1015
1133
835
1721
890
621
886
885
1574
1378
674
985
623
890
1337
1396
768
815
919
971
2326
2093
647
615
680
634
1863
1090
1224
1149
1343
1034
961
987
8717
1231
1070
957
720
672
2079
1071
1100
1305
1218
2223
2634
1263
1273
1058
1004
1209
986
626
603
679
838
626
598
594
593
573
591
588
587
561
576
533
548
531
515
818
698
602
571
551
568
587
569
580
1018
522
578
519
498
979
880
567
529
544
545
1028
523
544
516
542
967
1203
587
576
562
591
1196
541
549
624
591
591
1220
583
577
560
676
845
843
587
608
618
613
617
788
602
852
631
638
633
1078
616
647
615
593
754
1359
694
642
610
650
641
827
784
614
591
651
606
658
904
798
590
743
695
1082
808
583
612
609
965
838
857
779
958
1212
741
817
689
657
590
637
858
1050
822
660
769
772
1676
791
617
615
652
652
1063
1170
772
586
742
848
1896
1107
658
656
802
651
1332
1104
835
601
594
624
1104
843
830
594
599
582
1272
888
832
730
615
612
646
815
821
929
886
787
883
1113
836
582
612
629
1056
1127
813
631
593
699
1052
607
604
654
602
770
1226
776
597
625
741
874
1088
816
617
680
582
1167
628
604
571
638
607
1276
609
617
595
631
911
1144
1299
574
574
611
864
1075
701
625
522
556
939
668
568
538
595
535
965
671
501
512
523
516
942
707
557
550
539
557
552
969
694
536
525
626
791
738
495
544
560
748
759
854
1177
888
538
551
548
550
603
716
766
710
777
562
720
876
539
783
876
546
871
568
582
644
585
621
759
604
741
615
674
579
567
561
856
579
593
586
870
591
578
613
552
574
548
577
642
567
562
560
567
602
720
580
823
578
631
590
715
1032
788
784
583
588
578
600
597
561
557
614
569
606
968
577
736
836
612
813
804
843
875
864
850
1179
646
883
677
827
585
553
1004
738
912
713
746
686
748
522
671
671
667
645
700
791
712
692
696
661
699
764
586
737
743
685
715
684
718
753
737
709
711
732
709
725
806
700
643
567
590
576
548
553
670
615
588
583
643
584
568
572
584
585
826
574
576
597
572
618
606
691
611
597
610
583
580
570
714
634
596
599
599
603
638
631
619
643
673
575
569
574
594
582
576
565
562
564
564
589
921
545
558
608
573
622
648
570
559
568
526
525
585
568
563
556
1042
569
535
530
550
573
671
603
543
536
537
598
701
593
567
556
663
598
792
524
660
546
547
892
541
611
571
652
551
626
551
531
557
711
601
675
537
565
578
677
671
1236
581
521
531
620
763
1017
527
555
592
544
986
1073
541
582
599
790
760
685
766
569
574
610
796
1116
604
621
588
633
