2813
1012
820
869
599
1051
935
541
1298
564
637
761
472
497
752
901
830
734
523
1232
1061
826
884
669
1179
1573
862
730
1078
826
727
744
617
749
2165
1617
1437
1347
1236
677
1511
1145
614
1567
1000
633
1017
968
521
491
640
537
599
1309
961
1022
568
532
557
1683
728
621
571
542
1231
1819
674
545
577
502
730
798
531
571
527
1679
1328
1288
547
553
858
577
1227
871
490
499
602
1078
1294
808
494
474
525
862
1199
711
521
573
1151
568
1739
1220
605
539
556
541
1108
1073
612
1050
576
550
539
999
548
513
793
543
507
1005
557
524
909
549
546
1066
526
499
540
539
659
749
1161
532
1169
604
584
1341
1415
524
518
546
508
1935
1242
1187
645
569
591
689
1094
573
598
600
645
1330
764
1029
864
579
543
1356
600
563
574
528
547
1363
2053
719
575
531
603
1333
1349
542
551
854
687
2004
610
586
997
793
791
1309
592
603
595
1159
924
671
505
523
628
529
1801
1122
534
563
932
774
1799
603
609
689
891
1870
2341
1110
860
825
1292
1331
670
614
604
740
1554
937
857
1286
1050
740
726
663
1411
1668
1038
938
1053
693
2032
998
1688
2114
1134
1053
1021
761
1300
999
1710
2365
915
742
867
1084
810
775
870
1580
919
568
750
680
564
748
709
824
852
993
1603
959
805
813
975
1337
570
532
620
1120
580
562
558
552
671
579
786
583
776
578
926
1193
1164
809
583
716
597
574
760
770
829
1531
1310
654
621
602
1504
601
719
592
590
563
1619
1908
634
751
607
589
611
1728
1639
904
710
1003
857
1781
865
1125
668
570
540
516
1241
1832
560
531
580
546
619
1046
535
518
535
484
503
2104
597
509
507
543
511
524
1611
586
572
549
1559
832
825
968
914
612
913
690
885
1774
837
979
980
667
776
1025
758
818
659
737
828
2864
609
621
709
672
707
758
1498
1587
1652
972
1085
1033
1197
1170
798
700
792
1536
1219
891
903
830
1006
1114
892
889
923
1191
768
703
917
886
2084
1251
832
1275
1115
1557
1419
1587
695
652
824
1532
1003
915
1733
950
671
964
907
1428
2570
1156
1369
803
765
1070
1374
1408
1293
1232
691
882
1775
1945
596
1010
1071
642
815
736
754
918
755
695
872
906
966
1148
644
636
728
751
674
628
599
615
1206
697
1436
1024
829
580
756
592
821
548
543
587
1421
664
788
1057
1015
769
623
579
555
531
699
2536
1458
839
920
836
810
1237
517
1454
1997
730
1164
1071
541
525
521
557
791
2293
1595
959
631
578
1411
768
524
518
1027
1838
1745
771
551
678
676
693
706
524
499
1578
1579
751
522
507
508
574
488
497
762
482
1680
2079
1406
825
758
787
808
767
732
1933
1875
961
1358
965
1051
984
852
2339
1322
1090
1101
1125
1326
1144
1626
885
746
674
643
823
1345
1105
912
1252
2134
1224
1266
1455
1667
3088
1107
1188
788
1289
1127
1188
797
2240
1330
1415
1554
1141
1099
1015
7304
1210
982
10309
1752
1787
1128
3830
2528
1599
5819
2936
1589
1126
974
1016
1198
2365
1304
1555
3478
5631
1100
1873
1672
2390
1099
897
788
973
1719
1216
2201
1361
1437
2308
1120
1002
716
859
2473
2340
1675
1078
2801
2554
1256
943
1304
1377
2240
1475
1185
576
575
514
698
502
497
2374
1155
559
509
506
478
651
572
600
1096
1905
1599
844
643
759
1502
575
564
3058
1235
652
1182
782
525
550
500
1335
1068
1764
1151
533
741
555
687
484
479
576
594
3447
1728
678
733
645
510
521
964
806
503
1671
1369
812
525
521
484
538
766
551
705
575
2084
1020
822
608
1062
872
573
627
1093
3083
885
874
837
677
572
841
1515
1814
1240
970
1580
899
703
498
551
1609
2601
687
583
542
532
929
994
508
475
1239
1423
537
624
667
552
573
684
636
1088
830
557
515
1387
1163
594
795
565
495
646
764
1318
516
522
983
818
857
1098
644
889
816
508
1326
2610
1627
633
699
1124
760
848
1005
689
687
1473
1665
690
720
1168
1292
567
550
535
990
1996
1982
1213
1486
565
1039
521
505
1411
2348
1613
1421
1044
797
1040
705
1939
2154
1396
767
970
1066
1072
1830
1287
1487
883
740
1113
1088
572
1567
2385
1015
825
750
1124
565
608
562
1408
2411
1572
1244
580
753
716
525
617
670
1423
1350
983
969
558
516
471
1365
578
1186
2114
1346
943
1153
534
618
514
771
1091
2039
1432
1043
547
751
785
573
996
1283
2739
997
848
743
874
582
718
699
1468
2048
957
697
829
960
983
709
1930
1609
1334
1069
1515
567
585
477
510
576
1409
1614
780
964
904
638
1897
1031
1132
1646
1016
1015
865
551
537
524
665
1224
2567
1643
758
507
519
570
669
817
521
967
1674
1345
890
1823
580
518
784
1435
2360
997
1218
607
592
576
773
2333
2482
1269
1105
1052
680
571
629
1623
1774
845
851
976
641
1016
2270
2176
1245
1065
829
866
1710
1108
1641
1954
1569
735
508
723
680
484
890
1219
1446
2064
938
599
550
1677
559
735
1568
2089
1540
643
951
609
486
504
1413
2595
1434
875
605
833
1270
1083
553
1023
1842
1076
1541
940
