3824
1248
1355
1283
649
898
754
678
1521
1179
1833
1015
3183
2208
1193
1375
1166
13946
14354
1249
1129
872
968
1686
901
1151
1655
2310
3186
1145
1109
1634
1288
809
2567
1043
957
691
878
906
2468
982
955
1595
736
628
669
651
820
1120
846
1606
689
1627
737
721
844
1191
690
724
677
1251
1244
815
729
669
618
620
1435
1146
714
664
1047
694
1837
1078
679
650
640
634
867
1486
1228
709
715
907
857
1927
651
854
662
1264
725
1417
705
634
681
629
798
1150
1105
1444
709
712
655
1250
877
736
652
658
708
1696
1131
653
660
629
729
1143
682
658
631
653
1435
1669
789
636
637
619
832
1036
678
713
1281
843
715
703
643
873
705
643
638
2430
6667
1340
1662
1557
1238
2110
1354
1110
946
1272
1314
1244
1816
921
837
800
1296
1854
1555
1348
850
774
822
1565
1401
947
1135
1392
975
648
2090
707
983
902
1009
770
2238
977
883
624
746
680
3116
698
623
644
753
927
1133
671
710
1311
845
739
1064
631
608
694
639
2016
1045
724
972
652
723
946
1099
706
631
626
708
950
1181
894
715
594
838
1357
1106
1046
839
1131
753
1665
720
1283
704
693
905
1695
720
776
1245
867
964
2001
871
878
860
976
855
1578
748
680
648
1423
1177
707
790
674
1040
751
1316
693
745
638
607
1420
1641
1125
811
749
641
685
2036
697
610
627
699
969
895
664
646
669
690
725
1236
848
787
948
945
660
1113
949
765
1071
791
1049
2556
850
1560
748
1010
693
1202
690
886
863
893
769
1016
935
1075
703
1175
1442
1399
1143
1227
1081
763
787
2108
1143
1306
1172
1028
2443
1224
1054
1120
1141
1313
1199
1011
1650
1406
856
717
1957
2930
1257
1194
800
1298
1308
786
2968
1208
857
958
934
746
1230
1424
1441
1486
910
664
2055
1604
645
1485
987
1185
629
1578
705
637
649
906
1424
2209
787
756
785
626
588
848
2531
2098
716
642
627
643
1598
1514
1383
844
847
675
1277
1831
805
670
1253
1133
1126
629
622
746
668
632
646
653
2097
1373
645
657
842
719
1151
1188
647
1172
735
638
889
850
930
648
893
856
844
1569
800
654
778
666
643
971
825
693
677
660
648
1269
1602
873
812
795
641
687
739
643
641
1028
975
659
904
1144
1462
676
647
733
975
819
636
1027
596
606
670
628
921
795
605
650
1110
803
661
1673
666
607
638
661
686
1040
657
642
629
610
622
604
648
1098
1007
1194
1580
637
634
650
633
611
635
614
637
641
992
615
684
599
855
1419
629
671
633
638
667
1415
647
757
644
1019
1412
667
689
599
1062
808
2093
724
622
639
914
1206
595
672
697
613
804
1912
763
653
629
648
923
638
1026
655
908
965
1553
810
653
640
841
725
1331
641
642
622
839
696
901
617
966
706
664
627
766
1044
1062
1222
877
882
951
951
899
712
668
921
982
895
977
954
695
682
668
656
649
874
650
1021
1535
811
690
632
826
641
1004
865
622
653
1001
781
2007
641
641
690
661
726
639
605
714
980
637
910
633
624
800
656
700
2035
858
887
733
819
944
2160
706
677
632
877
828
919
732
1384
808
855
1005
887
1297
1124
1020
1171
829
690
856
1541
2322
1026
841
1178
1455
1093
779
1005
2741
1139
698
696
853
824
2057
581
931
998
692
1548
1722
627
594
621
662
2390
1366
865
624
819
988
634
708
839
657
877
1541
986
827
733
1199
825
623
904
689
667
1027
989
1828
1048
815
766
617
629
682
1307
673
1191
649
1040
831
917
922
606
594
661
710
834
595
982
1007
731
602
612
631
723
1112
745
744
873
1142
953
917
640
684
1073
643
608
810
690
1590
1536
723
1033
675
613
712
867
1950
1213
941
665
1083
776
864
765
621
899
974
2272
964
860
656
682
680
631
906
1268
810
1089
1598
1690
642
717
657
676
2200
998
700
587
657
697
1283
733
654
600
711
1639
1649
771
602
622
792
1424
819
575
816
1240
1259
809
616
959
665
612
1020
971
967
763
861
614
830
1179
628
831
795
786
608
1202
876
875
658
630
1596
943
709
667
612
964
1127
922
1001
781
740
839
674
1261
882
754
893
1101
749
660
1887
851
634
626
609
828
989
1787
860
606
612
752
1025
1154
817
627
986
778
1485
991
990
629
611
763
1074
1277
969
944
655
595
1938
817
602
667
651
960
892
1717
917
952
612
595
622
634
2132
1712
754
756
728
911
947
1024
698
632
629
638
1053
1334
829
691
649
623
767
1483
872
1028
692
1231
934
958
1264
1006
985
658
699
852
2029
1494
712
636
873
874
624
1035
1378
966
1173
803
658
944
1647
710
694
787
1191
2706
1892
1063
727
750
606
746
914
1478
1531
1410
745
720
995
940
1952
1650
1112
1022
809
983
700
719
938
1321
838
631
604
601
923
751
688
850
983
1119
649
768
628
616
951
901
829
1275
735
1015
922
726
862
1366
637
864
667
964
1536
1035
810
790
744
674
1239
703
646
663
924
1259
1816
819
738
649
837
1273
605
631
876
692
1024
1175
720
618
842
623
961
