3475
1989
1067
785
612
753
563
578
548
557
531
524
1289
616
1358
1484
570
560
562
513
524
712
615
1686
917
693
644
768
631
605
584
893
619
677
919
553
638
924
893
740
682
1207
703
630
938
1021
1277
577
706
599
508
542
1354
597
612
656
640
563
928
1586
591
589
665
688
652
718
695
1186
652
571
571
552
536
634
532
893
782
1065
602
557
646
1137
826
1309
573
647
651
655
785
1100
2117
1009
811
680
838
1598
2115
1090
803
1582
798
919
772
668
678
598
595
850
892
1873
958
920
965
773
761
986
885
937
561
530
1515
663
781
687
664
818
683
952
932
633
827
1163
936
845
743
894
1294
725
653
536
655
553
1706
755
961
1045
1335
1141
1036
1143
1774
1427
1535
964
947
1369
2036
1261
1311
1000
797
1429
1392
2995
851
1204
875
1066
1221
1005
727
2044
999
653
793
791
837
715
780
787
794
814
1035
668
757
746
910
848
614
584
912
856
778
1228
1246
1117
723
643
565
1032
820
2058
674
855
1257
1099
1363
2849
1107
1356
656
640
651
661
838
670
664
932
641
609
590
997
633
735
709
840
595
782
787
744
764
605
727
739
760
772
785
749
709
885
785
585
559
566
561
860
547
539
587
508
997
1114
723
717
1663
804
804
1101
630
638
575
715
1330
577
565
608
619
861
1357
594
610
622
864
838
1265
601
557
642
840
917
1718
1054
1013
639
733
1338
772
752
928
926
817
1093
769
754
800
863
811
954
1290
1005
895
866
1141
1303
1481
791
1051
1114
978
874
1156
833
1071
778
1257
2919
551
650
560
550
1151
1062
806
580
942
653
1123
635
567
563
549
700
884
1119
741
700
737
830
2036
786
830
731
794
814
1449
745
1706
922
1251
693
824
1135
2035
596
1339
1452
596
1943
928
628
724
637
638
1120
1477
933
628
572
678
2545
2238
629
938
1198
1263
1094
791
806
1268
1234
762
747
661
597
1039
746
652
1574
1257
1378
1077
1006
760
1550
1341
1141
1284
975
876
1493
1539
1630
1125
1984
961
834
775
787
1476
1203
918
870
1507
1134
1252
1033
1031
907
1114
816
1500
2320
2366
1345
1300
1423
1317
1358
1749
903
1676
1849
1277
1140
2549
2200
1659
1186
999
1036
1371
1380
874
874
881
817
860
785
962
812
782
884
1048
1132
1340
1186
1138
874
2164
608
567
555
539
960
1258
772
783
650
796
877
919
686
802
892
749
1539
606
516
507
483
516
1130
908
659
562
510
534
1241
759
602
738
499
668
568
1092
538
877
543
513
962
954
529
507
513
749
497
1049
529
486
550
854
796
711
875
916
554
539
486
474
489
666
537
644
1625
705
517
522
513
528
764
1089
639
506
811
594
512
573
576
520
515
565
569
937
537
619
622
731
622
2239
551
507
530
504
516
758
777
477
797
718
670
941
1382
748
806
844
610
532
714
592
1098
718
525
1150
930
837
880
1032
699
902
847
914
683
827
676
895
643
1152
983
581
647
729
731
952
605
1171
956
868
755
641
793
940
755
1387
499
544
722
800
935
752
788
678
549
570
1028
1155
842
873
924
589
544
1045
585
538
540
1193
827
750
946
1353
752
561
558
1005
1166
582
622
566
563
549
786
1588
863
615
552
570
1041
1093
621
744
692
840
713
1339
1085
654
845
635
1065
818
1011
544
630
580
589
614
1158
566
567
631
672
661
879
886
687
578
587
620
570
1199
541
541
514
558
566
1081
993
550
484
510
504
896
479
487
541
479
983
495
558
489
485
604
961
522
556
490
502
1060
852
503
549
489
527
1000
487
489
542
556
889
928
513
523
504
555
665
1116
518
501
506
509
678
1281
592
553
672
698
1309
587
640
529
537
548
955
552
707
606
913
519
510
553
517
506
526
546
523
638
519
520
528
531
565
537
689
544
528
538
535
683
505
534
671
529
567
785
542
789
551
525
538
602
524
558
533
612
501
709
503
774
558
504
590
1236
675
750
707
750
558
564
958
891
659
1154
689
742
800
1025
557
536
1046
906
895
803
1194
797
965
1009
1124
773
917
845
1029
1382
1439
856
1328
833
1560
1060
1469
2601
1164
1185
1226
1074
1578
1377
1796
1475
1120
906
1281
1651
1150
829
869
1328
1074
732
716
733
615
1835
1380
1000
1411
746
547
818
971
509
504
540
646
1653
925
535
666
555
670
1565
635
775
527
533
545
975
963
816
798
1238
1468
1239
1399
557
908
877
932
1015
802
814
812
829
838
785
871
1057
1075
919
994
887
854
837
605
609
580
606
1354
572
546
595
557
1018
891
526
563
567
565
839
1146
646
595
567
640
937
1205
518
555
583
527
1762
1200
545
562
562
560
509
1643
528
543
578
540
827
2210
631
604
775
557
1405
1029
525
552
585
542
1328
1328
544
567
1736
1928
2014
1908
1550
1363
997
769
981
1221
1053
1062
717
907
601
517
504
485
541
968
971
552
525
522
561
676
566
537
530
566
555
825
1123
562
637
533
525
804
1407
624
579
587
635
591
