3306
2203
1092
991
903
1225
1397
737
695
1385
929
983
824
664
625
618
659
609
600
615
585
1386
1444
891
704
599
627
1215
1245
864
984
836
727
1585
1232
1087
1003
1014
1176
878
771
803
1048
642
948
936
634
810
690
816
695
854
911
643
637
820
900
872
850
892
1128
799
824
848
846
840
991
835
860
898
875
988
635
844
893
836
668
650
618
613
624
638
981
959
840
631
921
869
639
620
613
594
612
644
620
700
618
629
617
636
761
643
628
737
640
731
896
618
629
686
669
643
1050
620
618
637
649
795
716
617
583
613
635
610
766
1338
628
666
646
673
1124
827
639
686
672
662
631
693
573
584
685
600
723
833
1358
717
694
628
648
880
1323
689
660
620
1058
911
599
581
600
649
639
865
656
640
623
805
910
1216
675
614
781
753
1155
1155
617
863
671
878
948
640
875
835
891
895
856
829
723
624
708
705
695
706
700
634
663
679
1270
657
681
1060
1076
961
1114
700
766
641
1094
1060
756
2415
653
748
934
1191
693
2104
751
717
720
1001
1219
1866
852
740
759
1139
823
682
793
766
901
915
944
1888
1011
980
1028
903
685
1533
1013
671
652
840
801
1265
874
667
616
657
884
1695
720
679
671
639
1135
1579
702
643
708
932
1119
827
859
822
814
694
784
812
857
826
808
829
874
817
829
820
831
796
791
821
848
827
703
824
812
829
822
834
823
846
788
800
772
848
623
773
800
856
597
821
685
656
666
668
609
630
724
620
617
627
629
625
620
620
640
630
674
723
644
652
648
620
629
653
623
647
638
650
625
640
688
625
636
675
664
610
655
638
652
628
1935
595
592
671
748
673
1623
1524
579
648
608
621
599
1374
1622
576
626
605
630
603
1611
1621
555
588
598
651
1062
1507
571
676
634
636
581
1996
1064
587
670
617
616
579
1344
2062
590
909
1010
679
632
1196
871
926
733
637
799
697
1480
793
980
670
813
1310
1200
7266
2750
2688
1168
1316
12824
1045
1057
1053
1267
1128
1293
1212
1315
1314
1754
3107
1637
1176
1361
1195
1240
1087
1067
1321
978
1046
1125
1052
1030
904
1252
1143
1011
1006
864
825
1050
1293
1374
816
821
1307
1201
807
1009
2473
2104
962
731
607
656
764
1223
1287
976
636
521
521
535
526
538
520
560
597
530
531
517
522
537
577
533
629
514
514
959
534
505
553
714
553
532
665
562
563
583
536
542
714
668
568
577
549
718
580
573
592
568
553
567
743
559
566
562
558
529
650
607
573
535
536
531
569
555
625
566
532
532
822
580
549
656
566
562
636
539
541
570
617
583
558
631
546
903
584
591
949
584
638
597
547
565
907
577
600
619
577
601
875
578
602
530
570
735
987
575
650
868
691
566
663
1002
979
894
778
612
582
543
561
571
627
1056
739
569
789
759
626
1100
782
573
544
553
798
1047
570
657
642
578
641
832
566
544
582
644
721
676
727
561
579
622
584
847
781
582
606
783
828
655
629
1079
897
909
618
709
623
652
655
615
983
618
609
615
636
696
827
626
608
593
600
601
1048
593
618
615
651
1003
1041
781
763
776
767
753
736
633
779
766
800
765
791
784
775
752
749
703
775
739
667
764
775
743
798
974
766
762
741
763
783
773
779
769
644
619
623
758
696
680
1104
828
726
768
654
613
1476
776
769
795
795
765
734
713
653
641
650
1605
948
736
910
668
764
910
978
788
787
741
752
805
770
716
784
724
733
785
796
731
648
794
785
783
696
738
750
773
755
1074
643
619
634
620
636
618
632
647
638
681
625
661
621
632
646
649
653
682
1249
664
622
679
786
1028
876
681
794
722
771
626
643
807
789
651
606
657
641
637
1482
618
611
616
621
875
1142
609
717
825
810
1474
800
926
744
637
707
622
708
963
979
956
916
842
850
1597
651
681
696
707
649
655
664
668
617
687
673
679
867
960
933
1123
800
793
747
757
682
975
947
832
1099
992
957
1066
885
924
970
915
832
936
953
901
930
832
1004
621
616
646
607
611
610
623
642
697
678
652
625
638
630
678
604
588
608
1788
748
714
732
693
755
729
882
640
720
643
760
1033
741
642
815
665
629
600
874
667
719
642
607
670
896
1004
705
604
656
655
621
845
1080
608
641
594
627
640
700
621
680
775
618
620
1129
1636
672
737
775
600
1463
625
758
628
597
894
1230
631
598
641
603
1258
703
723
683
606
1288
632
637
622
621
922
691
603
625
621
1035
1206
749
729
796
645
1158
650
641
601
668
604
1097
850
623
599
666
603
796
1251
645
628
630
666
1193
712
668
595
633
614
1057
610
609
641
632
952
961
687
616
636
623
911
1158
598
580
591
649
868
1300
681
740
595
631
1078
620
590
626
613
601
829
1178
630
680
677
752
825
589
588
615
640
686
1100
718
618
584
