2294
1410
1661
950
647
654
657
1253
1444
1577
866
744
616
675
1891
1438
1327
1114
1087
654
605
822
836
687
616
833
1775
956
637
706
600
866
845
643
1530
1410
1732
1221
962
735
1146
700
828
711
608
1202
698
625
596
609
644
625
712
871
827
1085
934
742
614
861
836
850
837
709
744
676
637
1080
801
672
729
917
701
697
773
655
970
662
595
1264
690
730
651
992
672
662
635
770
972
1023
618
938
618
620
732
1179
685
665
927
593
619
611
1059
1216
617
622
651
598
586
720
983
643
613
592
609
648
761
1362
587
603
798
715
847
917
800
950
629
650
832
843
1127
815
773
842
814
843
637
644
747
580
845
830
1008
662
649
637
849
620
830
872
911
677
649
855
825
849
864
882
854
837
622
805
658
843
929
1038
967
905
848
855
664
920
887
874
825
643
837
625
927
610
826
822
832
872
959
1832
621
704
713
741
659
752
723
703
653
674
658
717
696
690
921
1121
821
1208
677
880
861
919
881
963
883
860
787
813
828
785
1078
866
715
645
1420
2232
837
754
706
967
1017
906
705
665
657
692
627
1899
1099
636
632
639
708
958
1279
628
642
666
817
1443
1821
635
625
725
630
937
1251
617
625
654
627
699
1165
854
821
608
606
790
757
1898
681
750
723
758
697
2026
687
995
1230
1015
1348
1569
911
763
1026
2816
2336
1271
1673
1163
946
1557
2245
1189
1042
1232
1100
1247
2868
987
1619
835
851
1071
860
840
983
1163
750
870
1702
2508
2290
1826
1580
1312
1323
816
979
1954
1573
819
845
913
1842
998
2004
1075
1267
807
1144
728
1045
1031
868
1818
994
725
1051
918
869
1578
1532
1413
768
1043
958
1086
711
623
982
1389
1368
834
797
924
1016
1202
1020
2622
1249
995
931
943
1803
2475
1382
1257
1171
1337
1379
1621
1333
1663
1230
1244
776
745
744
852
1345
931
1326
1304
1671
742
651
2561
849
716
1234
1891
1416
2077
2040
1237
1042
1774
1011
1111
1750
1627
1274
925
942
1661
1582
1827
1330
1606
1512
2253
941
1386
1466
1328
1109
1371
679
748
968
1442
1052
1955
2052
932
882
1191
1169
1246
3343
1044
885
799
1368
856
685
749
843
725
697
711
736
746
760
1039
845
961
808
903
813
715
738
710
853
1171
928
723
701
730
693
886
709
643
909
861
888
630
659
885
845
860
883
860
867
700
747
1213
956
805
967
791
875
700
1029
1010
992
645
701
758
1215
639
640
638
642
733
905
1310
626
705
602
631
1151
1050
611
608
590
614
895
1402
843
721
633
627
611
1460
601
599
690
539
640
809
1361
815
725
620
597
569
938
1204
600
722
1220
1064
992
1746
699
846
649
644
626
619
1392
908
1234
692
667
614
816
746
1122
604
713
608
596
1150
1750
822
656
624
651
677
692
1830
2367
867
655
638
773
648
602
1652
602
612
676
1278
1041
611
1049
661
704
661
885
723
1219
1040
1178
919
686
632
870
1323
617
689
664
689
664
1235
811
619
610
627
648
702
1142
943
1339
647
795
1153
1019
665
1118
1194
598
617
651
595
614
1821
761
625
618
591
597
1259
841
631
653
603
598
1433
667
1294
613
611
610
790
614
1331
1149
991
698
982
833
1489
604
617
586
610
601
1208
1017
1902
571
615
601
623
576
1037
1929
922
654
694
623
1047
1149
669
578
635
636
1228
703
901
618
590
680
614
615
841
584
693
652
1703
714
605
601
642
611
626
869
679
672
615
579
1449
826
591
851
964
916
978
977
951
994
1283
771
650
669
829
701
695
909
2043
1814
1240
1082
782
3933
2327
4446
1466
1052
885
943
1772
2092
1696
721
808
1949
2058
1202
1203
1109
1116
1102
1151
12493
2390
1289
1396
1458
1900
2789
1778
1473
1156
1229
2731
3604
2416
1338
1301
1648
1144
1310
1324
1521
1560
2684
793
790
2243
1007
639
638
643
1796
762
730
754
723
826
1558
1122
645
639
1424
807
1840
958
976
698
660
908
901
3105
1046
1032
769
1016
1533
1365
832
1625
980
848
884
936
882
887
1180
3195
1587
828
772
1107
859
743
1609
2603
1062
1077
834
858
1053
2333
1479
1676
1217
1601
1202
990
1258
1089
619
815
828
617
1129
705
668
719
801
1490
1247
886
686
610
787
695
1316
881
689
657
1548
1035
1128
677
648
753
961
928
1470
646
907
839
605
1888
1018
705
624
660
610
612
880
2273
613
618
615
686
1955
593
592
1178
1470
1201
1714
945
632
630
650
641
1066
642
639
892
712
806
701
777
617
625
695
861
628
681
1054
684
603
794
1015
638
604
937
696
754
1362
1041
971
618
837
817
627
683
869
830
850
847
1687
762
709
932
731
629
675
881
889
1005
641
1115
845
824
699
656
631
632
774
620
615
610
732
839
1818
648
761
704
705
732
768
685
637
645
621
1040
1623
739
846
642
639
659
1289
663
639
640
629
1155
2093
960
671
626
646
1626
658
672
630
779
1693
1800
656
615
643
701
628
833
652
721
681
1049
1646
662
622
603
671
660
739
895
742
598
914
607
611
643
