5689
732
657
623
682
731
949
695
902
1739
1264
709
693
668
721
930
665
720
1072
1631
932
735
709
700
660
735
664
645
706
1772
1054
862
746
957
963
1224
2809
1704
1134
1108
1134
730
843
721
682
615
604
1816
1482
719
677
616
617
1157
1110
839
851
1424
816
731
744
901
831
782
747
732
1357
1839
751
937
716
674
645
1319
912
626
624
1147
958
862
787
639
736
797
923
1198
879
685
1082
699
1147
1150
752
668
787
691
1108
1693
899
1513
1298
823
1444
838
739
631
658
1382
1637
1428
626
702
609
797
1185
2269
1100
624
599
629
712
1270
1155
732
667
606
1066
1432
695
665
646
698
618
1122
659
871
599
1029
849
880
966
769
632
628
645
1219
734
649
623
1182
716
604
617
620
649
605
924
1822
690
1176
1314
1047
890
753
841
637
998
651
779
2099
1319
810
708
686
640
674
685
662
662
738
823
653
677
633
660
776
813
856
841
810
1190
920
927
1005
980
1016
974
1049
1079
796
905
784
879
906
917
800
839
846
1167
1074
1302
753
775
982
768
972
1240
3212
859
1038
1072
1060
650
877
875
675
880
652
950
1510
1403
695
898
908
885
880
677
870
992
954
684
691
623
629
667
1292
1199
649
859
883
1234
762
949
629
868
1040
680
926
1116
748
934
1108
932
759
1812
730
726
650
645
1076
661
2540
690
1040
671
807
644
1625
1177
951
720
1166
1300
1211
1216
624
621
863
696
689
848
1086
1340
1249
662
680
1451
896
671
695
1172
698
737
1006
1203
693
643
637
711
644
1765
1539
716
674
846
722
673
1003
639
706
822
799
684
1817
1311
687
664
649
654
915
1892
740
765
1012
639
663
833
2897
1062
1338
1128
1407
1144
1187
706
1179
747
1017
1761
1226
1467
999
1288
802
1072
994
2601
893
1177
1305
1201
1028
817
1268
1299
1202
1225
1543
1321
793
1239
1410
1037
986
1268
1202
838
770
793
1380
1204
1319
1034
950
1102
776
971
1023
2089
820
1146
838
1205
1158
2518
2233
735
1169
1261
1144
1130
3230
1055
847
991
1317
1066
1010
1094
1365
1077
1071
1018
1003
1969
641
1143
1361
1455
805
667
608
684
655
2478
939
803
1005
659
921
940
1094
717
681
1269
2006
1178
898
797
1072
726
635
987
923
1055
992
848
990
669
649
643
1338
1565
765
647
1726
1475
957
2338
741
649
687
952
727
641
668
655
691
691
1455
946
704
692
932
821
817
722
751
628
901
878
641
620
791
739
785
1369
1914
997
733
1044
1259
1548
706
757
813
1005
684
832
722
1512
1160
749
745
1149
851
746
697
702
2510
1158
713
622
662
1403
1167
650
655
723
1041
672
1248
649
841
657
631
1821
1320
937
753
651
942
1283
656
657
636
616
1039
1747
1036
964
1112
821
986
1478
729
648
916
1206
1022
1067
670
945
650
1034
813
680
848
1247
1196
2288
641
921
1048
695
622
732
1288
1112
642
682
657
799
1596
874
877
852
1246
1040
857
870
894
1018
754
949
875
932
994
1060
641
673
752
900
663
632
680
764
831
721
843
957
888
1355
762
700
962
664
1158
1871
865
859
1385
908
927
900
1013
881
1574
1249
1040
882
902
713
1015
885
709
879
1114
673
759
614
784
866
1028
801
645
756
900
1205
986
672
658
801
857
907
619
626
743
1050
1681
695
676
1309
886
1681
1436
1131
921
862
662
1594
854
746
818
1050
824
1269
1150
1221
1326
847
921
883
1031
863
1184
1011
1038
950
1068
1477
1178
1034
1387
1941
1225
710
722
1201
1070
843
867
1446
2348
1177
1418
951
733
771
627
1086
2182
818
903
918
660
1906
1345
672
922
2265
833
1860
787
923
919
941
858
1588
1336
834
1124
786
861
1195
2298
782
1747
992
965
647
1270
1604
727
872
861
1120
896
699
1084
953
691
835
641
1547
1057
762
744
600
768
1330
700
800
673
1230
772
795
781
654
973
688
695
718
750
1204
1471
932
945
654
705
887
861
1070
1365
1266
1239
1230
645
674
734
678
986
696
891
1310
1565
803
968
903
872
844
664
901
1880
1111
777
630
724
968
649
880
897
915
1789
1018
807
790
670
1025
680
640
1084
969
1703
862
838
737
905
673
814
654
697
820
965
822
695
1230
899
828
1002
717
978
1862
1142
768
667
673
772
1026
1201
641
623
1151
1027
637
734
648
620
634
818
629
1181
1834
1143
730
624
673
811
1050
1571
604
626
936
992
853
1018
938
690
644
584
1090
2400
998
767
659
949
641
1965
1110
715
1034
970
822
683
1209
1575
838
845
976
980
1089
1068
666
738
1799
1137
1342
1777
1384
1117
870
1726
1423
1756
1270
1266
1068
1202
1050
928
757
1451
1109
709
640
703
772
776
1000
1161
1879
955
1099
672
707
2013
830
723
648
790
2771
974
852
860
1030
1063
776
1925
810
979
1459
994
1948
1296
901
936
1384
1422
1191
1931
838
955
740
820
1365
2420
824
768
790
619
1071
1441
642
903
1402
1019
833
1311
761
727
886
675
893
2188
965
953
814
815
970
1868
686
703
697
920
970
732
675
964
718
1073
680
2014
1052
1235
730
615
632
1328
663
880
