3667
2828
1397
1342
696
1030
1270
644
631
615
663
628
722
2053
696
661
1102
600
600
1239
808
841
649
615
598
750
2150
1279
703
656
599
760
1400
712
621
871
904
706
737
809
1712
857
826
723
1048
1720
959
631
634
644
695
825
734
1116
767
666
1265
747
615
1296
1090
802
630
876
657
1728
2117
655
679
700
623
642
1419
957
613
639
649
805
882
639
1303
839
707
642
628
1286
1081
584
1783
600
603
582
841
1289
587
585
716
604
901
1211
767
584
945
771
807
1485
603
583
575
579
801
1868
633
564
608
706
889
717
733
832
793
1044
1359
1138
867
694
1384
1311
581
593
1379
806
886
713
620
633
607
769
627
632
665
747
791
850
640
788
645
684
831
1124
675
611
1323
787
1094
1665
645
635
603
669
608
1015
608
951
728
820
726
614
601
568
584
612
600
722
746
822
791
1598
921
593
588
598
615
743
1122
620
610
1396
643
1240
623
615
613
589
636
1064
585
722
1067
758
685
2118
666
691
723
734
979
1285
1423
861
780
779
1008
1198
1549
881
1653
760
913
865
907
885
992
889
945
1365
926
843
1056
804
974
972
922
917
1666
716
809
1193
626
769
720
1047
1135
767
1567
649
642
613
680
1137
633
595
611
585
859
693
1222
685
589
622
580
1230
1140
620
628
652
651
1211
798
610
618
677
593
1221
1232
616
615
787
658
1300
605
592
924
642
1107
1582
1067
1084
1254
770
802
1069
1269
610
609
670
1082
929
828
662
666
750
797
1908
588
618
1234
649
1170
918
617
672
700
881
967
1324
629
766
951
975
1490
664
629
650
667
700
1357
613
650
686
660
695
1045
629
660
627
673
605
1533
1178
615
654
658
642
941
956
917
852
785
713
1455
804
1335
1315
821
1044
1236
1417
1072
751
713
1262
2247
913
1018
1012
1818
1582
740
715
743
1089
1064
661
1828
786
798
793
1165
1090
1508
994
1008
1068
1067
1043
773
795
1255
1196
1526
1430
1096
877
965
1109
1050
1121
787
1263
994
1133
1162
1036
1368
1009
981
2697
1626
18073
3637
2159
1551
1310
1560
1471
4553
6473
1277
978
974
1071
1113
6795
1275
1263
1234
6208
1362
1316
774
783
1139
1203
1345
940
912
1352
1609
1298
2246
742
785
840
1294
691
1274
838
743
938
1200
970
1279
2080
686
661
664
641
1467
1266
750
957
1081
1029
797
1139
1220
702
831
719
725
922
633
841
665
607
595
872
782
890
644
694
845
2445
1300
1313
1213
1480
832
738
1113
672
1389
985
717
604
650
674
649
1710
2236
747
662
669
928
653
2476
875
930
616
608
649
979
607
657
668
632
1121
862
1054
687
929
1292
1207
1432
906
916
1558
705
740
1185
1293
659
728
720
1449
1553
848
648
632
645
675
754
1295
1173
1015
1060
674
686
817
1246
661
648
678
640
641
1892
1011
1046
925
999
1024
1135
792
721
664
831
729
628
849
650
645
686
659
599
1101
883
1094
760
637
631
643
1051
862
649
761
837
668
768
1299
683
922
691
623
1153
827
650
962
716
1458
665
903
619
607
764
1177
942
955
1062
819
1140
1152
685
671
684
770
1261
1013
1009
898
1166
1402
1503
975
932
929
1069
1047
3422
2725
1324
1018
1420
797
997
920
1542
1084
950
2399
1394
978
895
1067
975
976
1295
1425
1314
1515
1270
1067
1346
799
1837
1477
1000
955
3319
3893
1351
1136
890
917
854
821
843
2178
1224
1106
1587
960
685
651
711
2257
931
933
949
641
1037
717
1728
2175
1005
631
677
628
1167
897
868
661
650
1569
1057
623
642
670
681
824
2141
1102
1371
943
1521
779
1476
936
887
727
968
996
1186
2081
1174
1296
1892
2113
3074
1814
1648
681
1166
2343
1983
2485
1087
1406
2010
1794
1604
909
1601
1003
976
2309
1860
1440
1097
1168
1491
1660
910
960
1047
945
882
888
2041
2401
810
897
611
626
800
1692
761
1979
786
781
1126
1457
885
691
722
1434
994
1106
610
704
588
625
1454
638
640
1160
626
649
1556
1687
646
620
619
725
1590
1573
744
625
668
726
1469
1741
710
607
1508
678
902
2126
725
701
634
750
2291
2390
770
888
1105
990
1081
1182
848
635
817
623
1629
1765
837
621
831
628
867
1322
757
778
653
1279
851
1449
862
887
724
862
895
626
817
888
1109
774
809
987
714
635
842
769
1221
934
942
2046
704
814
612
856
752
897
606
703
1149
1058
1605
702
642
707
1239
818
635
644
661
767
1728
881
850
654
632
813
895
795
595
811
1232
1026
1688
613
566
651
613
1805
882
629
1024
713
585
1878
1021
593
618
653
673
829
2556
617
648
645
574
1456
1079
565
570
648
566
2142
1284
568
569
618
613
585
2202
754
852
1127
697
689
650
1218
779
829
830
673
736
803
774
1052
823
890
574
803
783
602
946
605
585
582
583
1303
1003
624
628
621
634
846
1363
607
793
838
870
1058
685
630
661
715
603
670
807
1042
801
811
1691
653
647
902
943
1140
613
616
630
629
932
2143
595
629
637
623
709
1758
1541
592
610
1160
978
662
900
729
591
824
562
820
815
594
1138
766
