2836
2104
1083
780
799
789
1915
834
748
650
576
567
567
615
594
595
2127
865
550
520
541
559
614
652
784
570
555
537
1021
1360
816
560
693
757
590
596
553
698
1007
967
2873
1031
756
640
730
1201
813
643
524
1244
556
1293
1358
494
550
566
633
605
1659
580
654
597
560
583
759
1136
745
548
558
566
539
829
1139
751
550
568
586
557
1077
807
770
600
554
593
702
973
1017
565
570
581
562
606
941
1090
604
576
650
615
568
1072
910
577
571
614
573
593
865
1271
647
655
598
594
692
1164
1630
835
800
708
719
1050
1862
1088
647
653
602
750
849
582
784
767
913
573
750
772
854
753
763
610
532
763
721
795
739
736
541
511
663
538
581
544
587
795
713
529
709
689
685
751
710
688
790
529
727
735
707
726
763
712
768
962
591
792
752
835
775
574
788
740
591
775
726
755
881
530
756
792
742
795
587
607
572
603
569
592
582
552
783
654
677
767
738
750
702
652
624
837
577
552
593
726
603
561
567
570
601
1003
620
604
576
596
678
571
1762
758
794
817
1348
1153
663
652
687
668
1437
1482
674
618
673
701
1383
1298
674
645
760
634
1453
1240
827
596
547
818
1065
830
882
734
576
820
860
1271
792
636
612
780
781
1317
772
615
609
729
703
1101
785
923
763
694
813
813
809
584
564
584
603
1574
1120
586
590
559
608
609
721
587
555
584
560
556
575
601
607
588
582
758
1023
895
669
756
616
576
555
557
583
554
634
691
622
549
639
584
550
800
1099
555
759
731
758
1694
1249
624
768
570
592
581
930
551
578
551
581
586
970
565
554
580
596
619
868
586
572
581
653
692
1788
1233
870
811
747
1609
2313
873
1059
877
991
1529
848
667
589
570
661
933
883
699
771
832
932
587
1919
2503
584
615
598
616
629
902
725
695
639
641
707
713
626
645
726
640
669
670
661
746
694
655
2012
886
1104
986
1181
1304
1737
1851
955
1170
1195
1067
1147
1157
1237
935
1231
972
1255
1124
1189
1571
1208
1530
1468
1203
1132
1164
1291
1152
1510
989
969
1234
1107
1589
1064
1564
1386
1151
1111
882
945
1150
816
943
1541
1666
1030
872
606
11616
10232
1003
1337
1706
1230
1420
1221
743
772
1803
1311
1348
942
714
1549
1505
903
1863
951
1087
2044
2152
1083
973
900
669
918
883
689
939
1077
924
1511
1235
728
702
712
942
678
1479
1021
657
973
724
934
844
1195
891
1039
908
2003
1058
570
1081
711
1608
2019
7230
1358
1993
1248
1186
2852
2487
2043
1321
1641
1146
2119
1632
1145
1089
1433
1231
2048
1230
1188
1419
969
1384
1362
1191
1151
1167
1016
2083
1921
1289
1129
1166
1303
1047
1500
1133
1203
850
1676
2221
1337
1105
979
1013
1465
795
1298
934
1215
921
1092
1025
1278
1482
920
1004
1044
1203
1298
2334
1138
1005
1308
1180
1082
1941
2110
1243
1120
985
715
756
1110
791
804
954
1128
881
840
837
854
783
988
2889
777
1641
890
1385
840
877
1186
816
630
625
569
700
583
674
873
763
652
669
640
635
565
529
1681
678
647
699
573
1153
866
925
619
893
1903
900
661
1329
799
665
773
1207
1059
809
600
817
674
681
1043
1518
948
959
824
892
879
1293
785
664
953
831
856
839
1188
753
736
643
654
705
1438
1289
697
638
728
635
899
1152
1831
847
819
916
885
894
908
878
889
734
663
776
797
704
647
840
570
741
844
1861
751
865
742
778
838
715
831
723
708
664
653
656
872
768
635
962
816
926
670
608
794
914
866
2129
628
896
634
1102
1930
805
694
702
629
1039
1819
889
1096
897
662
765
1079
795
682
820
1267
1228
1012
797
836
776
827
897
954
923
907
853
800
853
855
734
884
2044
1103
798
620
941
945
953
842
834
748
828
756
1414
874
656
798
801
861
1268
970
814
808
1086
932
1001
848
760
631
1263
1991
1851
966
756
828
1002
767
656
682
615
759
1392
947
713
641
874
751
1871
1032
857
845
879
905
967
707
1031
827
823
905
733
640
789
665
793
759
942
840
716
750
821
2228
1607
781
898
740
669
1225
789
645
641
849
734
1690
627
837
674
883
647
1857
782
786
806
666
772
1582
633
817
688
968
1172
751
643
772
815
833
1359
847
845
949
1121
912
895
769
791
732
893
749
695
920
937
834
978
840
739
832
690
771
721
2162
1044
815
859
919
621
1787
689
835
957
1107
968
1174
986
797
1074
1706
915
1392
1127
934
971
1227
1914
2225
873
919
862
797
2433
2124
571
592
608
765
1854
2021
570
587
876
711
2404
592
573
621
850
753
1708
956
977
1098
691
1201
1111
1499
990
654
581
524
902
510
532
539
556
555
707
727
549
573
559
547
944
567
681
564
560
682
538
528
562
597
1075
1601
577
573
562
614
1777
1486
606
572
572
570
915
573
570
576
586
808
782
532
556
566
529
743
740
535
569
668
872
601
1328
571
548
525
528
813
1071
541
699
706
681
714
684
566
625
765
751
