2055
1309
1372
760
665
617
623
647
635
656
609
630
611
1759
1344
949
773
667
609
644
871
609
606
654
1227
841
852
684
680
605
578
1042
598
1020
877
993
652
1403
1235
867
1012
895
791
888
1377
782
923
628
617
600
628
623
816
766
851
1349
612
666
634
680
662
631
631
737
677
623
1454
834
645
618
645
628
603
597
634
644
722
708
1245
689
669
700
662
609
688
696
866
876
1273
743
2222
2100
928
871
738
1556
2042
2304
953
938
905
1103
1114
921
921
790
664
821
644
640
635
591
627
1318
715
677
688
621
654
841
1405
589
615
606
1255
993
1452
630
659
632
622
844
1360
616
620
1090
676
728
1110
654
603
638
578
813
1860
751
879
872
629
1814
1055
600
585
627
868
1254
1242
611
652
657
633
932
833
2079
830
694
631
728
1267
1143
663
599
627
630
679
1292
745
654
650
697
661
891
627
659
652
810
847
793
1188
871
601
710
959
990
1035
926
908
832
830
970
924
908
866
882
1524
1522
828
762
1450
906
923
1038
1230
887
1616
990
867
898
917
952
897
1012
933
954
892
1349
968
1671
836
754
964
863
751
1325
742
837
614
636
631
611
2096
664
702
633
611
645
1252
1845
626
646
602
621
1103
1077
568
620
626
685
653
2011
645
614
613
695
998
738
1648
611
678
626
603
632
1070
652
610
777
646
646
647
1072
736
753
647
792
682
645
718
661
634
628
674
721
1041
627
615
640
629
612
1216
691
559
601
643
638
1656
1542
637
610
607
631
1072
1381
623
631
618
600
753
1734
693
638
1021
634
1862
805
934
709
610
1873
1177
652
793
608
826
1041
770
722
630
676
726
937
677
654
690
741
1134
661
647
607
597
1126
1170
690
620
731
895
786
1098
693
889
729
1015
1161
976
981
1165
679
948
636
1911
729
670
898
1094
792
1562
961
1151
724
1003
1479
1606
1164
1075
743
817
885
1038
731
1061
763
689
1087
2185
2363
1137
1321
1410
1284
1654
2255
1550
1650
1241
1657
1002
1596
1348
1160
968
1534
1138
1904
870
808
1013
1042
1560
947
917
918
1004
921
719
1541
1182
1188
751
925
1604
958
929
907
1077
1650
1407
1351
1359
877
1212
870
2242
1040
817
815
1203
690
663
917
1360
882
932
774
707
2070
860
686
632
641
606
676
2339
732
618
653
629
659
1299
846
669
612
1364
1077
863
800
1110
1012
1115
2190
1959
800
664
673
924
905
817
646
656
627
818
1415
1023
829
641
854
884
946
670
715
676
628
1515
885
615
619
617
591
837
929
878
646
592
974
698
1123
611
629
593
599
780
1210
642
623
683
817
606
1726
637
637
639
624
601
1565
630
678
617
616
842
2041
591
604
607
625
1127
1718
772
631
678
774
639
2164
587
634
590
867
669
1844
592
620
595
614
715
1116
1839
588
612
656
642
1374
576
614
607
602
603
1206
730
601
749
584
600
1164
651
632
632
623
990
1990
694
756
626
599
1494
1471
587
631
583
610
1646
1509
645
707
627
621
1024
1130
631
1245
624
621
1639
609
618
605
841
590
2060
580
589
583
559
705
1131
546
592
576
608
664
1997
615
610
2231
1069
767
676
584
588
661
721
836
1057
1176
1080
729
995
770
870
1361
1562
602
581
649
772
740
1820
668
705
1025
723
939
675
1331
748
628
696
639
835
1348
792
597
633
601
665
1106
900
653
670
660
643
580
832
1443
633
850
848
636
858
633
816
604
905
834
652
821
633
808
840
830
914
633
653
739
598
590
589
621
617
1345
840
624
655
630
636
2670
621
717
713
595
603
799
762
739
660
1497
1459
1334
946
849
650
622
859
2815
975
661
582
2046
585
684
612
631
2227
1445
696
610
629
620
610
1343
869
698
1247
649
669
817
1207
1687
582
569
608
578
1252
1242
1636
582
652
644
642
619
2005
594
1226
632
612
842
1180
1509
597
844
547
543
520
866
607
844
848
816
523
535
1248
630
524
567
516
505
594
610
514
588
554
640
632
539
527
740
2001
923
742
864
906
545
650
917
880
994
969
1161
688
941
581
637
737
576
647
616
614
611
914
673
1192
703
659
680
657
701
697
694
674
705
931
627
549
873
677
632
647
616
1087
624
618
562
580
728
1197
1378
793
697
850
1147
706
629
588
623
591
1112
571
1313
611
560
633
607
639
640
576
584
548
1255
588
594
832
555
536
1306
577
537
644
570
1029
1164
540
797
1118
569
555
559
575
629
602
561
1099
607
644
594
1136
605
591
1156
573
573
556
599
1065
1588
616
646
917
609
586
1127
575
567
568
821
670
1264
968
1396
635
602
587
587
716
613
613
618
1070
568
556
564
1261
637
608
555
572
597
600
691
637
572
571
548
575
1551
1060
633
679
611
729
605
580
612
684
675
1141
789
561
631
600
739
637
604
573
590
609
618
1445
707
593
605
894
741
2315
597
622
1049
637
1228
764
597
582
632
637
1813
1458
1158
662
1053
657
809
1179
602
605
595
