3718
1652
1318
1835
1652
869
1108
920
1307
1340
1651
955
878
987
1311
876
2011
1969
1148
973
1234
1109
2436
1083
916
1166
804
1905
5561
1298
1369
1608
1357
1966
2015
887
805
1528
1813
1479
3441
2536
1177
1084
1317
2802
1585
1095
1106
1023
2387
1720
1098
1049
1069
1045
3267
1557
1328
859
1269
1421
1791
1206
1305
926
1084
1723
2226
1169
1856
1149
1377
5444
1183
1100
945
833
1492
2674
2076
1071
1817
2777
1940
1092
1185
1506
2006
1585
1334
843
794
726
1217
1002
959
2390
1287
1008
1045
1029
1142
920
1897
960
932
1094
851
813
771
744
755
741
748
1583
997
1046
1052
954
1006
1078
1221
1523
1290
1060
928
1307
1329
3655
1328
1060
1023
1032
1055
1465
1371
1637
1461
1696
1155
1013
1151
1085
940
2508
2630
877
684
1243
912
828
2018
854
855
1062
1019
1993
967
828
1115
929
1062
914
2118
1223
1051
1061
843
805
778
785
755
1897
995
1366
1863
880
1021
1100
2004
1430
842
935
1005
748
807
713
743
1659
1368
859
1127
857
816
891
974
731
919
1160
970
753
879
901
851
926
964
1710
834
940
1240
875
716
1811
1051
1312
1036
761
897
1366
818
721
1028
905
1065
1856
1470
800
896
769
893
770
1310
1803
1048
957
1044
791
936
893
2296
1175
935
1165
766
2061
2019
1060
1428
1107
1263
839
1117
1180
1419
1536
1670
1205
1815
1682
1078
1133
1234
1370
1287
1163
1485
1646
1397
1311
1184
2061
3324
1346
1284
1401
1186
2209
2287
2324
1615
1348
1035
3141
1843
2464
1167
1058
1335
1428
2208
2542
1868
1815
1256
2090
1296
1678
1102
767
936
1115
1617
1182
1457
990
795
887
819
1948
1259
1189
2541
996
796
2266
1304
1419
1177
1079
1056
1041
2631
855
2454
1536
889
1035
2600
1650
1553
2029
2686
2020
849
765
1122
2251
2912
1322
1029
1027
771
2246
817
1753
1206
1243
1957
832
1067
1683
840
1023
2244
1005
749
1511
1741
1074
898
1207
895
784
1161
1607
1051
956
931
929
2118
652
1285
789
1098
1016
999
864
853
1582
1164
1727
835
782
748
816
1356
2348
729
715
837
1047
817
931
975
1208
1238
819
1055
1553
1009
1081
918
976
1324
1066
1054
839
806
764
755
721
903
666
1212
1698
1076
746
743
700
830
782
1004
1670
940
834
958
1506
1124
829
937
1446
1023
701
1610
830
1042
872
947
2092
1043
960
1118
1232
755
1006
1100
793
1344
1542
1061
1609
2290
1220
836
1321
1244
946
996
871
814
1027
812
963
1333
1642
1218
875
1038
1280
1484
1098
928
932
1398
1071
890
1246
728
724
1005
2190
948
790
692
774
868
2889
1344
1088
866
1297
793
1450
1531
1219
841
1058
887
820
946
1033
747
1062
1042
731
2015
731
1000
761
999
1019
1563
1018
745
837
929
857
806
692
659
1166
856
878
1919
798
729
966
1254
954
4988
1062
831
754
822
1446
1230
1209
829
848
711
1070
727
835
752
842
959
1801
871
884
848
870
948
910
928
935
1117
769
731
821
896
790
754
759
900
1409
947
869
1044
888
906
946
986
978
1142
901
947
1021
907
997
858
896
910
961
1227
1020
1007
1155
996
979
969
962
926
929
1065
1348
870
962
788
827
2410
1368
1314
1216
1316
1815
1593
2388
1145
1086
1046
1248
999
1772
1599
1654
902
773
4143
2312
1301
1309
1231
1756
1145
865
1079
996
1041
1038
1625
936
980
1202
1128
1567
2639
1156
1177
2400
1494
2119
1760
1222
1347
1564
1052
1987
1688
931
1159
1135
854
2278
1237
1679
1287
930
1015
1088
2398
701
815
770
1086
1656
1178
771
954
758
794
761
2097
676
689
691
785
1210
1355
1890
1203
909
891
913
1106
820
1252
924
1305
767
1737
2813
770
1810
1469
1609
2011
1824
1619
1568
1703
1310
2054
1033
1271
2721
1591
1637
1495
1254
2075
2187
867
1082
2087
1561
1257
3401
2948
1009
3372
1602
1456
1568
5139
1679
1142
1439
1345
1874
1543
2179
6958
2305
1493
1350
3913
1681
1300
1345
2811
1495
1652
1306
3821
1827
1096
1219
1692
3036
971
847
750
724
984
2280
1368
1336
700
666
737
977
3594
1422
1029
1026
946
783
770
3081
988
1001
932
895
1013
812
1219
1922
1115
1330
855
831
955
940
2558
1365
1107
1130
2372
1085
1439
1717
951
1004
902
1417
876
3201
915
872
1185
2143
5608
1298
861
936
781
883
5208
1743
1487
902
1237
1899
1744
1045
811
732
687
1300
1320
4040
1208
793
798
1203
1261
2439
1158
835
966
990
790
745
2025
1104
921
1404
828
776
2633
1437
1140
1321
877
883
2325
1617
1222
1068
1020
1005
1219
2387
1351
1486
940
803
816
850
3005
1598
1172
799
1077
2779
3844
989
1131
1444
1123
1733
3043
981
1331
773
710
5011
3046
1666
1150
1152
2122
2832
2909
1070
1124
2208
811
1347
2554
2592
2393
1089
2086
1330
2677
2636
2835
1541
1528
1326
3092
2052
1539
1102
1002
947
3539
1902
2904
1975
2978
2076
2264
2017
2351
1144
1055
3567
2343
2081
1157
1635
1922
1110
1328
1094
2635
2186
1278
1341
1181
5571
1659
1113
1329
1075
5866
2861
1276
1548
2782
1407
2328
1978
814
2556
1535
927
868
1326
1211
2877
1096
927
922
2955
4693
1326
831
1280
1470
2868
1607
993
946
839
1124
2415
2072
1342
1020
975
1573
2480
1937
1504
810
954
1734
2689
2716
2083
2743
3311
1845
994
4948
1658
947
904
898
1884
2805
1838
1076
1233
958
857
