1694
1289
1488
1646
1101
1135
1157
1210
1458
973
1181
1146
995
1318
1028
1220
1069
979
1099
1196
1372
1100
1395
1219
1108
1206
1400
1322
1239
1174
1070
1088
1180
1068
1238
1183
1232
1113
1028
1187
838
1239
950
1041
1180
1168
1458
963
1219
1075
1066
1231
1135
1211
1324
1088
1194
1016
1044
959
1235
1226
1118
1183
985
1128
1072
1091
1059
1301
1230
918
1208
969
1386
1140
971
971
1082
1327
930
1357
1192
1217
1146
952
1093
1128
1220
933
1055
1219
1138
1614
1067
1259
1095
1017
1063
962
1095
1381
1029
1103
1137
1101
1244
1028
1073
901
1153
1191
1423
1208
1212
1067
1155
1039
1169
965
899
1134
1038
1023
1260
1416
1645
951
1515
1281
1223
1085
1221
1253
987
1198
1167
1200
1203
963
1276
1278
1120
1013
971
1272
1163
1050
1123
965
1006
1066
1263
931
1204
1082
1061
1244
977
1407
1029
1181
1151
982
1159
937
1212
1072
1071
1224
1278
1293
1226
1123
1041
951
1102
1153
1250
882
1029
1024
1236
1279
1003
1115
1258
1178
1162
1187
1194
1492
960
971
957
1393
1088
1289
1010
967
1136
1078
1154
1097
1085
986
1028
2035
924
1154
957
1483
984
989
1040
909
1134
1036
1118
971
1185
1252
968
1068
1050
994
1327
1281
1230
1041
1171
924
1166
1142
1042
1300
1043
959
914
1198
1096
932
1236
1148
1258
1045
1072
1234
1003
1246
1051
906
1165
995
1122
1370
1097
1259
1284
1464
992
1110
1032
1265
1121
1120
1404
1062
1029
1062
1204
1289
1380
1092
1168
1207
1148
1202
1037
1191
1333
1059
1230
891
964
1302
1015
1252
1058
1148
1038
1305
1545
1084
1001
1028
1097
1287
959
1345
995
1182
989
1125
1049
1056
1230
1728
1381
1221
1012
988
973
1447
1280
1026
1153
1217
1363
1035
1272
1075
907
1230
1001
1418
904
1896
993
902
1267
1095
1101
1038
1141
1137
928
1271
1321
1057
1120
1092
1196
1073
1186
1419
1132
1119
1262
1215
1294
1234
1096
1010
1324
1223
968
1610
1229
1033
1330
1007
1237
1124
1183
923
1392
1344
1130
1079
1001
1242
1084
1204
1166
1070
1143
1026
1140
1331
903
1338
1022
997
1271
1094
1324
1079
940
949
1005
1540
1012
1138
1115
1292
1140
1057
2650
1019
981
981
1720
1447
1064
1039
955
1082
2097
1024
1121
1028
975
1297
1137
1999
1212
1077
1096
975
1231
1071
1022
1084
1083
1088
1059
1120
1253
1040
1186
1178
1119
1104
1159
938
1001
1412
1045
1262
1192
1166
1116
1008
1127
860
1139
1197
1134
1225
974
1077
1071
953
1120
1013
1338
1141
1262
1043
2489
1100
1117
1292
1116
1189
1040
1209
1077
999
1131
1039
1283
987
1026
1351
1078
1131
912
1305
1115
956
1302
990
1352
1285
1146
1522
1149
1240
935
1210
1301
1100
1006
1048
1246
1115
975
2526
1288
1641
1253
1447
1385
1328
1393
1033
1909
1319
1227
1265
1479
1241
1348
1003
1418
1129
1272
1113
1096
1034
1127
1249
940
1156
1135
982
1176
1172
1336
1077
1086
923
1214
1543
1361
1204
1534
1131
1185
897
979
1088
1245
1025
1107
1323
1468
1233
1278
1084
1153
904
1267
1080
1078
990
940
1363
1062
1013
981
948
1084
1078
1268
1278
1116
1146
1190
1227
1052
1186
1180
1140
1039
1164
1210
1325
1113
1009
993
1294
928
1211
1040
1178
961
1188
987
1083
1038
1069
1215
2614
1245
1119
937
1256
1164
1292
1542
1006
1313
1137
1305
1117
1001
992
1313
1319
1134
1174
1003
1132
1081
1087
1135
1002
1016
1040
1110
1086
1042
1274
1040
1095
1108
1199
1082
1081
961
1090
1310
1055
980
1376
998
1408
1398
1098
1175
960
1096
1246
922
1162
1039
1055
1151
1027
1530
997
1020
1003
1001
1156
1081
1286
914
914
1023
915
1418
1125
890
1360
1271
980
1071
1041
1153
999
1362
1184
1352
1073
1154
1162
878
1111
1146
1057
1155
1074
1133
1048
1318
1027
1067
1240
1093
1085
1163
1024
1148
1107
1165
911
1340
931
1120
1481
1171
1302
1082
1268
941
1051
1207
1107
1167
1186
1247
1126
1010
1100
1015
1256
1068
989
975
839
1130
968
1104
1140
936
2646
1093
1471
933
1010
1315
1003
1211
1023
1143
1276
1144
1291
1041
1452
1172
1072
1575
1343
1256
1044
1131
1190
1102
1381
1134
1283
1020
1056
1305
1117
1087
981
1248
1265
963
1147
1033
1050
965
1006
1072
1100
1313
961
1024
1012
1070
1056
1186
1010
1065
1243
1135
1061
1173
1169
1104
1129
1280
1183
1178
1189
1158
1025
1366
964
1183
984
1161
1233
1162
1501
1115
989
1184
1241
1298
1278
1255
1046
1223
1363
1163
1165
1138
1292
1032
1058
1226
1093
1189
1003
1241
1200
1249
1185
956
1176
977
1227
1074
1025
1082
1002
965
1362
1540
1207
1158
1178
1144
1187
1170
1110
1243
1191
1234
1276
976
1344
1063
1196
1074
1028
1278
1239
1311
1042
1026
1248
1271
1144
1174
982
1173
1472
1915
1360
1369
1285
1231
1246
1176
1307
1020
1124
1140
1009
1274
1043
1516
1286
1385
1482
1221
1473
1144
1125
1273
1070
1217
1332
1367
1075
1129
1197
1118
1122
1119
1009
1093
966
1282
1091
1363
1173
1186
1180
1169
1279
1190
1387
1228
1178
1090
920
1139
1106
912
1100
946
1432
943
1047
1139
1326
1222
1023
2584
1175
1089
1195
937
1575
1208
1476
1215
2262
1608
964
938
2076
1029
1248
1068
1327
1159
1135
1196
1109
1217
1065
1529
1402
1095
1270
1026
1446
1194
1233
1499
1966
1106
1013
1050
1403
1072
1282
1075
1338
2967
1332
1529
1024
1217
1196
1420
1257
1313
1031
1082
1163
1007
1328
967
1214
2206
1000
1031
1220
1247
970
1295
1120
1127
1476
1404
1185
1035
1205
