1514
1107
1188
1089
1015
1018
1308
1107
1333
920
1011
956
1224
1234
1033
1381
1185
1076
960
960
1480
1137
1333
1283
1079
1307
1494
1253
1075
1170
1217
1140
1193
1248
1210
937
1183
1059
1077
1058
1063
2408
1095
1374
999
1329
1477
1020
1323
1041
1242
1203
1254
1265
1146
1436
1261
1034
1277
1023
1305
1022
1161
1122
1092
1259
1094
1133
1247
1177
1254
978
1169
1104
1200
996
1071
1103
1038
1015
929
1049
1071
957
1063
1060
1932
925
1079
1100
1031
1223
1093
1283
1176
987
1249
1063
1425
1057
1305
1155
953
1079
1215
1041
908
1164
1402
1002
1074
1137
1272
1058
1009
1184
1211
1159
1042
1219
1292
1110
1227
1090
1061
1295
1302
1316
1085
1346
974
1182
940
1080
1073
892
1224
1091
1157
1377
928
1201
1227
1075
1070
1115
1213
1083
1044
1121
1218
1143
1220
1210
1158
1244
932
1038
1169
994
1031
1090
1242
936
1158
1029
979
1092
1034
1008
1023
1332
915
1135
1169
961
1265
1215
1171
872
1243
1412
951
1044
1099
937
1110
921
1065
1179
1230
1069
1068
976
1176
1270
1007
1097
953
1195
1140
1158
1172
1066
1201
1063
1028
1079
975
1042
1043
1001
1139
1136
1328
996
1248
1031
1197
1384
1771
1319
1146
1355
1254
980
1255
1179
1078
978
922
1150
1097
1140
1273
1224
1137
926
1235
902
1044
910
1121
938
1031
1328
1064
1183
1005
1009
1223
1140
1136
1193
1378
1170
1049
1102
1260
1074
982
1217
1086
999
1450
1282
1161
976
1070
1090
1010
1320
1106
1435
1185
1429
1105
992
994
1097
1307
1060
1413
1010
1156
1200
1084
1427
1246
1121
1095
1104
1257
995
1314
1280
1991
1203
1075
1269
924
1330
886
1071
1028
1017
1129
1187
1035
1356
1514
1340
1158
988
1100
1171
1390
1213
1257
988
962
1234
1133
1087
1005
982
1106
1103
1295
1036
1033
1132
1151
981
995
1236
1073
1044
1323
1031
1010
994
1041
1256
1114
899
1161
1014
1131
1082
1111
1159
1036
1186
1065
1109
994
1112
1366
1124
953
1179
1379
1118
923
1255
1357
948
1079
1163
1259
1206
1216
1135
1029
1397
1020
1388
1029
5424
1123
1047
1392
1017
1004
1187
1217
1220
952
1192
1251
1086
1025
1176
1199
1051
1072
1275
1013
1425
1129
1098
1065
902
1240
1016
1132
1094
1044
1181
1167
1215
1173
1049
1038
1045
1436
996
1026
1142
1253
1281
1069
1071
1145
2019
1471
1266
1260
1366
1143
1044
1004
1284
1020
1075
1144
1288
986
1097
3138
1121
1279
1164
1033
1202
1177
989
1028
1066
939
1051
1034
907
1229
1160
949
1270
970
1088
944
1085
1193
1043
1146
947
1099
1079
2133
1136
1065
1203
980
1142
1063
894
1273
1185
1203
1172
1178
1268
1162
1101
1035
1026
1531
1041
1299
978
1163
1034
1005
1197
924
1299
1023
1075
2230
1122
1208
956
935
1242
1227
1060
1340
1305
1142
1115
1047
1044
1293
1142
1233
1315
1177
1196
1039
1313
1315
1066
1166
1188
1195
1351
998
1145
1247
1358
1277
1380
1188
1206
1407
1006
1193
1153
950
1265
984
1264
1074
2423
1019
991
995
1199
1435
1276
1155
984
1212
1189
1224
1119
1115
925
1193
879
1030
1017
945
1247
1117
1155
1182
1203
1332
1393
1071
1062
1062
1104
1217
1210
1159
1432
1132
1087
948
1416
1024
1003
1279
1189
1070
1229
1014
1181
1683
1055
1158
1152
1238
1196
1183
1202
1852
1398
1106
1329
1060
1184
1065
1210
1272
964
968
1346
1245
1144
1490
1592
1081
1201
1175
995
1418
1312
1104
1200
1299
1056
1273
1209
1103
1071
1261
1164
1451
955
1309
974
1360
1126
965
1328
1042
1129
993
1098
1061
1052
1037
1043
1469
1052
1202
1256
1065
1268
1024
931
1210
1020
1129
1034
1105
1059
1091
1247
1109
1122
952
896
1135
1241
1322
1129
1137
1034
1063
1134
943
1182
912
1191
1184
1075
1168
1178
1138
938
1288
1051
1230
1019
935
1422
1089
1134
1177
1035
3250
1610
1742
1997
2009
1977
1781
1680
1220
1517
1599
1124
2139
1422
1471
1548
1294
1308
1272
1208
1050
1377
1576
1155
1499
1019
1143
1117
1175
1305
1035
1255
1417
1059
1430
1277
2107
1450
1393
1159
1125
1394
1192
1497
1229
1177
1431
1322
1190
1232
1094
1152
1150
1107
1133
1330
1081
1059
1172
1156
1247
1161
1176
1432
995
1375
1036
1319
972
1251
2281
1402
2366
1065
1444
1259
1147
1491
1064
1162
1236
1123
1425
973
1082
1148
1244
1106
1169
1198
1137
1409
1091
1505
1705
1164
1372
1096
1086
1180
1521
1034
1158
1432
968
1182
1076
893
1364
1193
1218
1086
1088
1029
941
1279
1152
1288
953
1061
1059
996
1104
1336
1126
1105
1084
1383
1075
1354
1099
1168
1105
1111
1624
1158
1170
867
953
1382
1160
1243
953
999
986
1096
1220
919
1026
1180
917
954
913
1328
1332
1125
1152
870
2465
1021
1063
1158
1126
1180
1081
1248
1244
1331
1257
1258
1400
1302
1296
963
1000
1288
1086
1390
1169
1300
1075
971
1152
988
2035
1064
1028
1100
1053
1317
985
1541
1115
1260
1089
1107
1194
1215
1057
1067
1070
1166
989
1344
999
1083
1282
986
1389
1118
1156
1077
1003
1103
1074
1145
1172
1053
1135
1284
1093
1018
1026
1280
1000
1155
963
1386
1054
1237
1040
1019
1270
1076
1058
1126
2016
1138
1104
1425
1021
1589
1171
1108
1493
970
1288
1197
1187
1113
1114
1366
1176
1151
924
1293
1186
1083
1427
1234
1409
1158
1377
1236
955
1055
1165
1403
1337
1121
1275
1088
1258
1233
989
1179
1255
953
1051
1992
1203
1387
997
1180
1052
1134
1351
1112
1224
1115
1317
1077
1189
1101
1104
1383
1003
1281
1170
996
1346
1226
1226
1076
1118
966
