1364
1175
1171
1249
987
1312
1046
1031
1208
1110
1032
914
1022
1271
1066
1223
1226
1092
913
948
1070
1094
1005
1192
1228
1210
1156
3243
1335
1376
1098
1232
1005
1000
1295
1078
1428
1248
1119
969
1020
1258
1374
1255
1162
1085
1213
1206
1240
1391
1125
1219
1567
1412
1085
1767
1688
1193
1531
1215
1475
1499
1449
3260
1518
2000
1860
1649
1469
1894
2208
1416
1690
2373
1516
1275
1447
1278
2952
1317
1409
1087
1042
1218
1013
1267
1515
1243
1234
1351
3018
1340
1481
1111
1323
1256
1110
1114
1318
1348
930
1153
998
1102
1135
1208
1145
1030
1099
1089
1129
1203
1079
1027
1165
1165
1497
1034
1153
1331
1182
1147
1100
1087
1092
1334
1234
948
1181
1094
967
1070
1237
1221
996
1005
1091
1654
1362
1347
1330
1482
1147
1308
1307
1921
990
1309
1296
996
1100
1173
1165
1025
955
1052
1143
1535
1038
1123
1094
1105
956
1208
1227
1184
1085
1146
959
1111
1152
1022
1093
1123
1227
1053
1155
1052
933
1033
1038
1118
1307
1067
1139
1199
923
1249
1046
1135
1163
1158
930
947
1087
988
1202
1144
1080
999
947
1059
1137
2337
967
1014
1278
953
1211
1031
1041
1183
1051
1154
1114
1217
976
992
1134
963
1175
1140
1228
1235
1031
1192
1170
1468
1141
1133
1348
1224
1180
1350
1007
1114
1217
1129
1205
1105
1176
1025
1221
1028
1186
1139
1165
1007
980
1156
1005
1200
883
1007
1085
959
1200
1219
978
936
1141
1437
1407
1305
1051
1192
1177
1045
1319
1070
1169
986
1319
1028
1289
1084
934
1248
1141
905
1295
2137
1154
1252
1049
1041
1174
2587
1468
1246
1050
1369
1058
1245
1290
1091
1230
1155
1142
1631
957
1216
1000
1045
875
1283
1013
1052
1143
1084
1319
2157
1212
1207
929
1193
1010
1173
993
1373
1145
1014
5291
1067
1323
1072
1303
1060
1052
1380
1107
1274
1020
1015
1263
985
1453
1087
1144
914
916
1160
986
1511
966
1130
1138
1169
1330
1078
1151
1011
1066
1408
1421
1121
1101
1127
1036
1395
916
984
1122
1100
1297
1132
1243
1127
961
1038
1094
1259
1006
1418
1170
1006
1215
1150
2891
1133
2492
1172
1310
1135
1106
1662
1197
1286
1752
1032
1178
1076
1382
1064
986
1087
1197
1287
1044
1139
1009
1064
1193
1046
1185
1169
1199
847
1194
1196
1049
1284
1151
1130
1045
1388
1174
1148
1163
995
961
1134
1117
971
1157
1272
1196
1116
1124
981
1211
1121
1111
1059
1215
1320
1006
1284
1013
1111
993
1122
1283
1309
1224
922
1284
1120
1221
1021
1148
1367
1117
1228
1203
1106
1267
1304
1087
920
1048
1124
1104
1343
859
1259
1168
1157
1238
953
1445
1175
1300
2266
1116
1159
1218
1220
1255
1289
1247
990
1350
963
1475
1124
1022
2094
1288
1188
1179
1259
1089
904
1002
1298
1354
989
990
1270
1397
2901
1220
1425
1279
1341
1247
1158
1040
1090
1183
1039
1404
1238
1148
1174
1271
1444
1166
1493
1034
905
1283
962
1315
1026
1168
1165
921
1156
1109
1083
1069
1310
1181
944
1320
1232
1068
1081
951
1131
1091
1116
1015
991
1109
929
1033
1310
1538
1391
1266
1143
1015
1223
1073
1159
1080
910
1359
1421
1254
1131
1105
935
1131
1133
1125
1456
1086
1079
1101
904
1108
1190
1062
1224
921
1243
1082
1114
1060
1270
1229
1072
1300
1094
1179
1027
1178
1089
1249
1100
1149
1079
1026
956
1241
1044
1418
1123
991
1101
1154
1450
965
1086
1439
1049
1352
1098
1126
999
1152
1064
1126
1217
947
1013
1337
1179
1337
923
1186
1407
894
1113
1060
1045
934
1172
1131
973
1038
1041
956
950
977
1293
1045
1416
1133
1005
1013
952
1113
1224
1081
1322
880
1333
1166
905
958
928
1189
1078
1172
1525
1194
1419
1217
1858
1025
912
1173
1213
1101
985
1116
1114
1131
985
1101
1221
1252
1078
1053
991
1247
975
1190
1168
1026
1327
986
1238
1015
970
1117
971
1196
1223
1185
1193
1164
1190
1011
973
1001
988
1173
1084
1072
931
1071
998
1157
1116
1115
1247
1223
1041
1455
1307
1250
934
1071
1282
930
1067
946
1070
958
1033
1277
1022
1284
1140
946
1166
1111
1383
1096
1156
1331
1055
1224
1115
1207
1175
1205
1160
1125
1186
989
1026
951
1036
1706
1198
1395
1272
1031
1127
1094
1396
921
1180
1249
1582
1122
1227
1115
1056
1209
949
1052
1207
1252
1207
1162
1156
1301
1072
1123
1105
1093
958
1343
1205
1303
1354
1183
1377
1082
974
2176
1204
1001
1513
1011
1335
1303
1308
1130
1215
1208
913
1164
1094
1038
1237
1046
1345
1210
1416
1138
1051
1109
1024
1306
959
1297
1031
1049
1217
1051
1189
1117
1164
1420
1038
1031
1203
1097
1072
930
1238
1073
1462
1233
1070
1246
1081
1443
1038
1325
1232
1187
1251
1145
1286
1036
1302
987
1118
1077
1132
1286
1057
1252
966
987
1133
1145
1161
1354
1400
1342
1005
1262
983
1618
1406
1131
1560
1181
1129
1000
1218
1041
1019
1215
1268
1199
1108
923
1374
1193
1002
1131
913
1272
1196
1041
1084
981
1087
957
1222
994
1096
1163
944
1135
1170
1209
1243
961
1267
1006
1148
1155
1114
1130
1208
1170
915
969
962
943
1303
966
1040
1170
1102
1102
1205
1391
979
1132
912
1028
1315
1092
1882
1089
1101
1094
1162
1378
1268
1322
1221
1299
1783
907
1293
1089
1169
1109
1114
1015
994
950
878
1151
1221
1138
1059
1389
970
1145
1439
1608
1140
1196
1195
1030
2093
1086
1173
1071
1815
1127
902
1064
1133
944
2251
1118
1214
1213
1542
1442
1161
1175
1145
1286
1174
1068
1241
1087
1087
2361
1076
1422
919
994
1185
1369
1033
1269
1304
961
1273
1047
1211
