1564
1203
1446
1520
1235
1275
1097
1027
1397
1112
1618
1286
1111
1162
1162
1741
1092
1274
1091
1000
1238
1025
1038
1097
872
1150
1266
1529
1300
1193
1144
1070
1367
1080
1293
1017
1126
1174
1201
1324
962
1024
1285
1007
1262
1289
1082
982
879
1078
1131
946
942
942
1310
1004
1176
930
875
1193
1104
1031
854
1307
1041
1160
1206
1055
1134
1126
983
1387
957
1959
1123
1174
984
977
1204
1169
1289
1019
981
1272
1201
1177
1532
960
1296
1631
2598
1129
1050
1093
1015
1386
844
1185
972
1006
1186
980
1266
1291
1024
1099
993
1254
1476
1085
1279
1002
1215
1113
1067
987
1070
1017
1154
1182
1213
1051
1082
1247
1214
1378
1207
1060
1248
1167
1002
1392
1079
1357
1077
1117
1079
1228
1263
1070
1364
1236
1149
1102
1293
1427
1008
1310
1015
1054
1220
938
1274
989
1309
1716
1128
1261
911
1245
984
1168
1278
1666
1321
1121
1255
991
1063
1174
1191
1187
1133
1341
990
1188
1188
1160
1209
1148
1155
1189
1103
1050
1136
1298
1221
1183
1040
1145
1306
1144
1166
1253
1157
1591
1227
1144
1119
1097
1292
1027
1025
1044
1156
1246
1224
1002
955
1085
1141
1154
1259
993
1428
1207
1183
1181
1073
1210
970
1262
1078
891
1140
1141
1110
1035
1089
1080
1514
1172
1072
1282
1226
1284
1107
977
1190
1072
1190
1229
1080
1201
1055
1422
1189
1243
1843
1079
1398
1146
1166
1110
2324
904
1050
1314
1164
1108
998
1105
1095
1119
1201
1067
1202
1192
1206
1020
990
1252
1037
2354
1155
1867
1076
1044
1126
1183
1117
1017
1267
1160
1328
1230
1039
1712
1718
1093
1432
1062
1330
1121
1405
948
1209
986
1092
1162
1165
1141
915
1009
1110
1039
1453
1009
1158
1036
977
2993
1038
1038
915
1097
1030
995
1295
1083
1156
2281
1203
952
1140
1274
928
1115
1030
928
1247
1042
1207
1187
1035
1238
1102
1206
1133
1055
898
1092
1143
1188
909
991
1237
1007
985
1208
979
1221
1175
1039
1058
1023
1138
948
1135
1033
1237
1221
958
1162
1255
1152
998
1207
1003
1040
1235
933
1229
1224
916
1399
1194
1439
956
1435
1119
1248
2431
1087
1061
950
1213
1009
995
1329
908
1058
1068
1239
1901
1324
1223
1194
3059
2017
1107
1244
1094
1164
1059
1204
1006
1209
1192
1393
1349
1092
1215
998
883
1191
1032
1393
1036
1166
1204
1040
1200
1047
1256
1248
1381
1259
1400
1159
1050
1322
1947
1345
1075
1066
1289
1114
1140
1103
1080
1195
911
1287
1307
1216
1097
1126
948
1048
1265
1092
1126
1120
946
1611
1226
1469
1058
1221
1374
965
1342
1540
1170
1180
1002
1234
1084
4095
1048
1053
1256
1302
1279
1074
1232
1733
1617
2033
1435
1087
1057
1129
2338
1148
1010
1161
1123
1072
2976
1058
1017
1687
1104
1030
992
1291
1052
1283
1313
1545
1296
1352
1241
1162
1184
1069
912
1150
1060
1702
1252
1209
1359
1230
1381
1112
1006
1399
1035
1295
1104
1103
1218
1032
1442
1146
933
1120
1121
1326
1246
1094
1249
1316
1255
980
1240
954
1221
1133
970
1320
1172
2095
1017
1127
1182
1213
1183
907
1028
1239
950
1051
1047
1098
1205
1514
1128
951
1365
1021
1045
1230
951
1220
1024
960
1086
1142
1184
1109
1041
957
945
1455
1018
1486
1118
1162
1365
995
1248
1001
1150
991
1105
1288
1242
1115
1033
870
1230
952
1203
904
981
1608
934
1314
1218
1209
1067
957
1238
1014
1115
1102
948
1297
1221
1034
1281
1118
1207
952
1063
948
1050
932
932
1196
1030
1063
1051
1017
1477
1120
1230
1251
1155
1103
1103
1039
957
1072
1035
970
1652
1175
1078
1122
1341
1022
951
1391
1027
1264
1140
1065
986
1009
1194
1285
1128
907
973
1167
937
1377
1060
986
1252
970
1186
1443
1113
987
1335
1281
927
1133
915
1203
1044
1123
1367
1071
1245
890
960
1111
1243
1309
1157
1085
1410
1070
1065
1043
1137
1115
1155
1174
1171
1242
1097
900
1209
1135
1260
889
1041
1135
1113
1140
1031
1181
1050
872
1113
1105
1466
1191
1400
1269
999
1427
1051
1225
1217
1102
1034
996
1211
1039
1124
974
1158
2273
1154
1122
1191
1201
1415
1033
1398
1145
1303
943
1103
1038
1093
1356
1112
1195
1311
1226
1333
1043
1228
965
1025
1019
1057
1208
990
1158
1131
885
1085
977
1108
1265
1039
1136
1054
1221
1150
1183
1203
1150
1281
1042
1279
990
1038
1161
1029
1112
1009
1134
949
1119
1366
1077
1196
961
1003
1214
888
1235
951
1241
1007
1041
1195
1014
1181
946
1382
1149
1074
1298
1017
1284
1370
1022
1174
989
1093
968
919
1059
921
997
1163
1109
1163
1243
1389
1204
1389
963
1122
1227
1130
1168
1202
1094
1181
1144
1112
1012
997
1010
995
1176
1062
1076
1207
936
1179
1167
1044
918
1361
1297
1252
1386
1026
1100
938
1135
1242
1018
1191
1222
1088
1147
1353
1078
1041
1433
1117
1185
1218
999
1229
1090
1058
1160
1002
1299
1006
1263
914
1097
1185
1197
1052
995
1050
956
1135
1110
1027
930
1049
1021
1163
1266
1212
1082
926
1347
1027
997
1187
1019
1099
986
1323
940
1280
1157
965
1135
842
1948
952
1143
1160
1258
1122
971
1105
1137
1169
1195
965
1688
2016
1295
988
904
1281
1128
1051
1153
1051
1250
976
1082
1267
1146
1234
1421
1068
1012
1415
1038
1159
1142
969
1283
1212
1409
1304
945
1315
1099
1143
1195
1081
1018
1147
1220
865
1019
1075
1105
1111
969
1088
1154
913
1030
996
1291
1171
1095
1436
986
1303
1062
1243
1225
1076
1408
924
1372
1233
964
1214
899
977
1134
1325
1249
1048
1373
927
1182
931
1159
1037
1052
