1585
1156
1153
1395
1273
1057
1035
1291
1111
1374
1163
1103
1195
874
1255
1168
962
1177
1110
1342
1055
1352
1377
1053
1385
1215
1529
1207
1557
1580
1171
1376
1217
1397
1104
1360
1405
1289
1624
1304
1208
1719
1324
1697
1152
1234
1237
1295
1686
1416
1334
1318
1190
1567
1249
1311
1269
1308
1523
1216
1691
1297
1297
1174
1499
1277
1267
1432
1389
1419
1434
1607
1294
1320
1574
1320
1440
1714
1356
1540
1139
1234
1264
1567
1290
1519
1346
1396
1559
1472
1472
1480
1126
1503
1258
1409
1304
1258
1519
1114
1418
1087
1204
1342
1108
1128
1346
1187
1034
1152
1099
980
1117
1206
1053
1189
1176
1264
1185
1013
1508
1091
1158
1078
1025
1304
1476
1102
1149
1150
1233
1102
1211
1213
1176
976
993
1231
1047
1120
1114
1258
2226
2044
1306
1038
1028
1153
1267
1188
917
1496
1205
1057
1168
1203
1185
1658
1273
983
1109
1014
1235
1436
1484
2112
2499
1142
1417
1188
1265
1088
1205
1090
1056
1457
1169
1070
1083
981
1411
1061
1100
1035
1124
1172
1163
1126
1111
997
1149
1051
1160
1095
1024
1078
1009
1340
1092
1037
1000
964
1173
984
1177
1113
994
1011
1184
959
1093
1300
1064
1059
1155
961
1160
934
1253
1081
1036
1020
1007
1290
960
1009
1305
911
1144
1139
1129
1128
1055
1214
1150
1391
962
1026
1109
1088
1322
982
1396
1013
1080
1194
1001
1099
1224
1188
1038
968
1272
1266
1130
846
1003
1060
1043
1498
1320
1384
1117
923
1234
1068
1226
993
1179
1120
1034
1226
1049
1336
1187
1098
1107
1071
1086
1161
1331
969
939
985
1297
1404
1199
1409
1279
1037
1142
1145
1029
987
1231
1036
1105
1217
1081
1210
958
1220
1165
897
1209
1176
1205
1003
1144
1105
976
1176
1134
1073
1211
1268
1719
1144
1104
1220
1307
1116
1251
1371
1278
1272
1204
1590
1305
1667
3915
1232
1350
1305
1241
1546
1285
1542
1434
1333
1107
1180
1474
1502
1294
1379
1177
1471
1450
1326
1245
1556
1416
1529
1396
1279
1288
1967
1241
1204
1250
1176
1076
1456
1326
1409
1147
1134
1167
1120
1264
2203
1227
1156
1082
1363
1006
1288
1292
1125
1162
1157
1164
1278
1156
1155
1202
1220
1256
1471
1183
1193
1170
1180
932
1060
1179
986
1168
1264
1073
982
901
1139
979
1066
1018
909
1380
1060
1413
1256
1119
1044
1131
1080
1188
1270
1083
1427
1117
1623
1469
1216
1319
978
1146
1193
1073
1342
1302
999
998
1023
1278
1131
1329
1305
1184
1261
1081
1227
989
1120
1000
1198
932
933
2860
1548
1261
1432
1355
1160
1494
1773
1433
1548
1501
1413
1305
1298
1452
1272
1409
1114
1068
1204
1093
1365
1240
1261
1137
1054
1203
1157
1341
977
2267
1284
1071
1210
918
1231
969
975
1388
964
1202
1105
1052
1115
1178
1331
1186
1221
1131
1126
1200
1371
1513
1381
1591
1098
1137
1115
1013
1234
941
1144
1122
1006
1282
878
1164
1164
1231
1005
1072
1078
1011
1250
925
1165
1069
888
1092
1177
1132
1138
1003
1290
1094
1193
930
1062
999
1171
1014
1180
1120
976
1234
1161
1214
1078
908
882
936
951
1009
990
1237
1297
1029
1246
1034
1062
1137
984
1127
1090
1298
1911
982
1220
1057
1373
1017
1018
1351
1110
1012
1011
1156
1406
981
1112
1096
1199
1045
1093
2362
891
945
1041
1119
1189
988
2439
1228
1167
1197
873
1088
1160
960
989
1407
1507
1212
1041
1536
984
1095
916
917
1125
1032
1223
991
1026
1045
1323
1474
1130
1233
1745
1342
1297
1281
1296
1278
1499
1729
1226
1380
1133
1217
1046
1054
2251
1045
1134
1189
1064
1083
1038
1282
951
1140
1041
932
1203
1063
1146
1106
1000
1007
1322
1301
1106
1245
1129
1051
1398
1128
1250
1053
1355
1482
1073
1134
1217
1163
1172
1140
951
1163
1369
946
1178
1223
1064
1265
977
929
1147
958
1168
1103
1152
1051
1230
1168
1079
1267
1076
1202
1095
1094
1080
1205
917
1267
1345
1430
1172
1363
1004
1191
1304
1129
1109
1024
1195
1245
935
1105
1305
1039
1025
1134
1092
987
1192
1021
1075
988
1113
1064
997
988
1145
1080
1119
1120
1003
1067
1124
1172
905
1258
1169
1072
1128
968
2942
1210
964
1048
1201
15004
5171
1535
1466
969
1411
1129
1197
1023
1234
981
1098
1390
2292
1196
1242
1046
1424
1014
2920
977
1288
1376
915
1210
945
1014
1228
973
1187
1230
1065
909
1051
1393
2394
1168
1408
901
1252
1076
1240
1154
1152
1090
1366
1042
983
1237
995
918
1091
1147
1381
1096
1077
1228
982
1025
1042
1053
1167
858
1139
1235
1180
1173
916
1446
999
1171
1128
1165
1309
1060
1081
1102
1331
1096
1048
1370
1026
1109
900
1049
1421
1007
1195
1193
1077
1057
1034
1114
1185
1155
988
982
1244
1035
1399
950
1068
1336
1150
1169
1136
1212
981
1069
1105
1198
1178
1006
943
1388
1286
1199
951
898
1240
1063
1188
1004
1784
958
1071
1167
1112
1308
1210
1135
1034
1284
1321
1199
1198
1016
1076
1387
956
1281
1113
1032
1433
1091
1201
1087
1483
1129
1100
1397
1143
1282
1063
944
1429
1067
1242
1232
1191
1065
1065
1393
1109
1424
1213
1440
1319
1068
1316
1029
1058
1497
1209
1305
1228
883
1069
1073
1399
1249
1562
1190
967
1266
1054
1163
1117
1144
1827
1116
1421
1096
2036
1494
1335
1362
1195
1514
1476
1103
1164
989
1370
1093
1399
1044
1290
1123
1108
1257
981
1057
1134
1019
990
987
1181
1062
1144
1402
1143
1129
1034
949
1455
1246
1315
1099
989
1176
1258
1277
1037
1512
979
1081
2119
1201
1315
1012
1346
1566
1120
1297
1094
1354
1031
1162
1206
1299
1300
1235
1260
1087
1037
1187
937
