1292
1250
1358
1025
1000
1464
974
1219
1166
1172
1186
1239
973
1100
1258
1111
1254
1113
920
1091
1179
1128
1125
1011
1122
1333
2924
1585
1187
1472
1166
1358
1140
1485
1321
1094
1344
1127
1040
1103
2252
1096
1187
1169
1121
1075
1456
1140
1341
1033
2185
1223
1230
1229
1130
1094
1329
1166
1436
1240
1052
1333
1041
981
1019
1059
1364
1128
1185
899
1043
956
1233
2148
1249
1138
1279
1125
1292
1153
1677
1076
1137
1205
1011
1135
1073
2378
1208
950
1041
1112
981
1180
1163
1200
1152
1158
1156
993
1435
1152
1146
1217
1205
1189
901
1120
1226
1019
1032
1008
1323
986
1446
1246
1234
1202
1117
1168
1139
1301
1251
1281
1251
1289
1285
1055
1085
1365
1086
1131
1225
1193
914
1136
1377
1109
1369
1154
1275
1039
902
1205
1032
1090
992
1036
1219
1008
1202
1256
1075
969
1015
1208
1107
1885
1104
1145
1299
1003
1162
928
1109
1377
1142
1198
1173
1381
1024
1156
1293
1102
1161
1029
974
1336
1081
1219
1073
1062
1106
1215
1269
1132
1050
1228
1081
1257
1279
1182
1158
1177
1003
937
1439
1063
1075
1509
1143
1275
1192
1031
913
1067
1117
1071
1530
1061
1077
1004
1108
1093
1109
1190
1119
1921
1949
1026
1206
1024
1239
1357
1036
1150
1244
1162
1130
1060
1203
1018
1181
1180
893
1266
2604
1255
927
1287
1050
1125
1333
1108
1261
982
1284
1093
1108
1257
1488
1110
1050
933
1149
1071
1203
1049
1178
1091
1098
1275
1167
1375
1429
1664
1062
1166
1298
1128
1181
1038
2074
1207
1162
1238
1197
1163
1117
1046
1330
1127
1113
1084
1016
1356
1208
1119
1230
986
1415
1023
1191
1387
981
1312
1323
1331
954
1109
988
1152
1085
2889
1283
1384
1369
1069
931
1141
1007
1493
1003
1044
1334
1021
1097
2211
1245
1002
1009
1170
1010
1427
1099
1121
1222
1042
1166
1222
1001
1147
1142
1110
1047
1177
995
1102
968
999
1080
1016
1211
943
914
2351
1042
1089
1154
954
1288
889
1098
1157
1016
1460
1138
1382
1034
2232
915
1249
1396
1148
1137
1184
1327
1419
2362
1130
1236
1215
945
1083
1212
1114
1398
1097
942
1330
1189
1118
1156
1176
1009
1058
2304
1103
1370
1103
1175
2289
962
1155
1088
1326
1188
1162
1702
1225
1427
1058
994
1333
1242
1080
965
1281
1710
1446
1320
1321
1117
1115
1099
1043
1066
2240
905
1006
1304
1100
1138
1194
1146
1163
1159
1330
1203
1292
2012
1082
1144
2196
1149
1071
1265
1166
1087
1212
1059
1402
984
1075
1490
978
1273
1289
1196
1023
1167
1175
1011
1722
1212
1046
961
1250
1234
980
1117
1150
1090
1203
1029
1302
1150
925
993
1251
1198
1103
1022
1158
1096
1363
1060
1226
1153
1145
970
1098
1729
1048
1119
1546
1504
1475
1391
1572
1170
1006
1088
1038
1122
1089
1121
1233
1357
2569
989
1159
1491
1609
1267
986
1210
962
1247
980
1204
1359
1514
1251
1316
1389
1249
1367
1265
1132
1212
2251
1203
1499
1169
1296
1055
1085
1525
1091
1344
1135
983
1122
1099
1392
1196
1105
1124
1096
1179
1201
1108
943
1094
966
1002
1344
1071
1145
991
1202
1379
1723
1074
976
969
1278
1019
1125
903
1059
1146
1063
1334
1991
2236
1109
964
1151
1087
3208
1145
1280
1407
1291
1303
1223
1313
1019
1118
1395
1014
1668
1657
1159
1393
946
1178
1161
1210
1041
1127
1394
1086
1488
1146
1364
1228
1205
1807
1452
1706
1162
1151
1380
993
1283
1112
1175
1549
1122
1263
982
1119
933
1071
1398
1011
1181
987
1032
1118
1119
1333
1059
1027
1129
1091
998
1029
1364
1170
982
969
959
1148
951
1046
1263
1153
956
1121
1264
1185
1112
1040
1021
1126
894
1124
1263
1045
1087
1105
1180
1195
1154
1220
1049
1327
1016
1177
1236
1156
1324
1010
1063
1001
1236
934
1248
1071
1059
1282
1000
975
1099
953
1092
1069
1168
1095
1215
1179
1042
1153
1087
894
1275
942
1188
1047
1338
1031
1119
1023
1202
1268
885
1310
1020
1043
1102
1101
982
1307
1112
1171
1005
1173
1097
1100
932
964
1116
1340
1101
907
1155
1159
1121
1045
1197
1254
1045
1250
1093
1045
1193
1058
1376
1171
1194
1358
1132
1373
1574
1236
1210
1306
957
1044
1124
1013
1179
1290
1155
1031
1516
1141
933
1196
1168
1127
1306
934
1279
1056
1071
1068
1004
1247
1042
948
1024
1111
955
971
1198
1028
1076
932
1157
1229
1108
1425
1370
1222
994
1091
1206
1008
1121
1114
1125
1133
1245
1265
902
1091
1177
1239
1027
1154
890
1079
1357
1372
1220
1161
1141
1038
1112
1202
1097
1568
1038
1179
1418
998
1336
933
904
1173
1081
1031
940
1049
946
1089
1077
1151
1279
1021
1190
1273
1088
1057
985
1140
1372
1101
2171
974
1020
1247
1161
945
903
1110
1065
1143
1254
914
940
1043
1296
1079
1121
1245
1163
1175
1025
1251
1167
1229
986
1021
1155
918
1286
1380
1299
1236
1336
1445
1192
1341
1292
1314
1523
1036
1214
1302
1260
1179
1137
1132
1155
1151
1002
1411
1246
1156
1440
1052
1346
1025
1085
1227
1204
2308
1277
1130
1060
1183
1368
1780
1337
988
1255
1099
1111
1118
1158
1199
1165
1118
1089
977
1187
1107
1323
1064
1029
1349
1099
1167
1209
1218
1044
953
1296
932
1079
1192
979
1225
907
1355
1382
1209
1553
950
2186
1052
1509
1397
1234
1142
1428
1135
1225
2743
1127
1080
1125
1156
1268
1268
1264
973
1270
1257
982
1263
1334
1081
1015
1193
1224
925
1213
1114
1360
1182
1042
1172
1035
1555
1098
1356
1097
1202
1392
1348
1928
1061
1210
1211
1051
1105
1131
1057
1159
1263
1881
1057
1024
1098
1164
1132
2103
1551
1320
1175
1331
2518
1092
