1389
950
1843
1208
1211
1252
1142
1125
1353
1089
1540
1145
1279
1064
1207
1217
1129
1332
1220
1371
1393
1093
1286
1031
1464
1338
1592
1306
1153
1678
2574
1361
1163
1360
1439
1183
1468
1262
1035
1464
1200
1163
1046
1126
1285
1377
2404
1054
1366
862
1095
1164
1021
1186
1180
1179
968
1190
1384
1142
1173
1052
1110
1113
1324
1080
1323
1255
1092
1187
1399
1219
1152
966
1082
1211
1176
1517
1290
1272
1182
1072
1270
944
1234
1248
999
1270
1146
1172
915
1178
1233
1038
1324
1032
1248
1573
1220
1396
1337
1331
910
946
1293
1598
1515
1170
1558
1549
1343
1773
1479
1262
1195
1420
982
1180
1187
1042
1153
1186
1405
1143
1440
1949
1639
1327
1408
1238
1411
1314
1673
1484
1272
1413
1096
1246
1183
1252
1147
1099
1101
1370
1554
1371
1513
1229
1635
1443
1130
1225
1069
925
1175
1315
1067
1078
2790
1079
1001
1307
1101
1230
1128
1213
1162
1236
1108
1058
1801
1087
1081
1486
1200
1206
1546
1124
1356
1508
1214
972
1538
1150
1321
1302
1238
1424
982
1338
1067
970
1298
1252
1282
980
1153
1231
1078
1219
1281
1280
1234
1261
1713
1151
1298
1389
988
1642
1337
1268
1396
1122
1126
1214
1461
1161
1529
1404
1001
1166
1050
2024
1139
1181
1314
1170
1183
1221
1194
1072
1016
1119
1237
1298
1209
1235
1289
1220
1437
1134
1375
1140
1023
1160
1054
1114
1551
1155
1237
2567
1471
1170
1214
1064
1245
1140
1365
1768
1348
1546
973
1134
1083
1168
1200
1235
1182
1239
1034
1014
1006
1473
1392
1453
1287
1378
1196
1166
1284
1106
1298
1116
1384
1262
1251
1084
984
1050
1057
1307
1183
1148
1168
921
1127
1010
1010
1041
966
1194
944
1398
889
1389
1070
1167
1077
1138
1373
1036
1227
965
1195
1245
1188
1321
1251
1113
1002
1169
1066
961
1077
1062
1561
1041
1199
1384
1285
1098
1046
1275
1055
1079
1036
1236
1381
1102
1219
1153
953
1225
981
1301
1198
977
1264
1061
1343
938
1186
1091
1119
1068
1194
1260
1406
1232
994
1043
1007
1038
1241
1084
1279
1085
929
1332
1099
1182
1355
1129
1374
1083
1385
1161
995
1081
1120
1257
1085
1248
1148
958
1159
2437
965
997
1131
1637
991
1078
1091
1099
1009
1107
1194
1153
2357
1100
974
1034
1251
999
1458
1129
1885
1233
1197
1093
1156
1202
981
1162
1195
1120
1174
1179
1253
982
1074
1067
1191
1262
1173
1020
1140
1386
934
1077
1212
1039
1254
904
1153
1180
981
2340
1204
1050
894
1177
1089
1291
983
990
1209
1034
1211
1069
1017
1271
988
1238
1091
1234
980
946
1286
1221
1256
978
2076
1405
1299
1312
1064
1223
1136
1366
1010
1021
2348
1121
1572
977
1387
1051
1565
1197
1116
1118
923
1107
1180
1084
2773
997
1045
997
1224
971
1181
1251
2069
2111
1210
1456
1443
1238
1326
1228
1134
1072
1116
1213
979
1344
1351
1385
1177
2304
1162
1021
1292
1019
1102
1282
1104
1174
980
1434
1167
1120
1026
979
1273
1162
1166
1071
968
1103
996
1224
1101
1354
1200
1231
1051
1088
1241
962
1101
1250
1226
1348
1208
1363
1184
1462
909
1060
1217
1686
1577
1513
1549
1214
1193
1556
1049
1318
958
1308
1220
1039
1207
1110
1272
1061
2187
1120
1099
1382
1086
1252
1123
983
1219
1183
1376
1036
1048
1546
1262
1385
1080
1067
1093
1043
1228
1222
1168
997
1263
1401
1466
1351
1054
1148
1155
1032
1178
934
1322
2746
1147
1234
1107
1473
1050
1125
1315
988
1074
1183
1037
1436
1096
1222
951
1753
1160
1127
1221
956
1263
997
1131
1301
1239
1248
991
1152
1035
1109
1129
1037
1089
1071
1033
1119
1075
1064
1203
1131
1054
973
1315
1055
1307
1167
1171
1326
1052
1182
1125
1068
894
1026
1180
1230
1057
1207
1064
1300
2354
1385
1060
1409
1114
962
1311
1120
1174
879
1494
1020
1097
1231
1109
1174
1008
1159
1183
1000
1034
1010
1159
1027
1254
1360
1243
1230
1020
1344
1093
1053
1217
1144
1008
916
1089
929
1103
1719
1111
1081
959
1229
1162
1110
1056
2160
1299
1219
1015
1169
967
1086
877
1273
1530
1255
1048
1080
1069
984
1020
1050
1017
1161
1189
1012
1367
1125
1217
1103
966
1658
1177
1022
1384
1346
1261
1081
1325
951
1135
1011
1369
1821
1116
1120
1194
1189
977
1138
1071
1069
1782
988
1569
2106
1396
1345
1203
1189
1069
1048
1158
955
1209
1199
1128
1123
1099
1311
1189
1296
1286
997
1117
1344
1383
1093
1183
1379
1241
1008
983
1329
1040
1144
1165
1073
1107
1140
1046
1217
1185
1066
1091
1005
1127
1332
1400
1280
1202
1346
1250
1130
981
1257
1253
1121
948
1085
1324
1006
1133
1177
918
1300
977
1167
1087
2127
941
1643
1174
1047
2230
1452
1252
1233
1621
1381
1025
1238
1123
1149
1227
979
1104
1006
1074
1077
950
1124
1053
1969
1019
1103
1097
1130
1157
1315
1015
1069
1188
3362
1146
1190
1254
1421
1543
1744
2052
2508
1414
1612
1414
1147
1290
1384
1364
1343
1146
1798
1126
1136
1519
1017
988
1017
1024
1287
1168
1303
1172
1297
1322
1258
1664
1213
1289
1492
1323
1230
971
1145
1152
1102
1206
977
1088
1526
1045
1281
957
1447
1233
1397
985
973
1031
2154
1048
1242
1016
1237
1081
2117
1246
1223
1196
1006
1414
2153
1200
1552
1449
1506
1134
1357
1597
1138
1109
1081
1125
1085
1211
2074
1195
1130
1109
1132
1034
1130
1109
1196
1235
1224
1248
1095
1286
1289
1310
1294
1515
1877
1017
1014
8519
1951
1168
1306
1220
1210
1014
1233
1015
1107
955
1249
1149
1027
1476
1204
1221
1156
1095
1222
961
1431
1032
1209
2450
1164
1412
1045
991
1347
1121
1050
1005
1173
