1564
1157
1155
1018
1272
1087
1180
1126
1124
1230
1161
1135
949
1258
1075
1094
912
1062
1259
1061
1018
1001
1120
1079
927
1164
932
954
916
1059
1191
1016
1752
1167
1135
1085
1079
1076
945
1295
1107
945
1005
1090
1323
971
1053
1101
1018
1200
910
1164
1250
1055
1028
1089
1271
1202
923
1350
968
1126
998
1021
1194
1153
1412
1338
1406
1165
1221
1249
1151
1187
1024
1031
1169
1021
1273
986
1085
925
1119
1515
1054
1472
911
1237
1217
1217
1250
1011
1404
1026
1019
1846
1009
1205
1188
1104
1051
1208
1108
1099
1186
1349
1133
1367
950
1212
1585
1122
1223
1081
1331
1197
1161
1021
1158
1106
1011
1198
2169
1115
1174
1049
1097
1012
1205
1366
1014
1446
1114
1166
1187
1091
1417
868
1037
1118
1091
1016
988
1202
1091
1128
1042
1125
1254
1305
1225
1018
1029
2040
1091
1948
1141
1117
964
1063
1105
2032
1103
1040
1144
1272
1127
1064
1080
1145
962
1081
1102
959
2629
1129
902
1210
1065
1356
999
1241
1045
1749
1702
1400
1172
1235
1127
1256
1094
1243
1033
1079
1245
1049
1451
1082
1132
1073
1101
1225
2099
1345
1363
1023
1166
1035
1032
1097
1223
1196
1022
1070
1000
1058
1139
1062
1201
1308
1034
1042
969
1003
1003
1047
1081
1269
1075
1357
1805
1267
1344
1250
1083
1089
1103
1457
1022
1156
1157
1109
1408
1020
1148
1230
1147
1200
990
1139
1091
1110
1087
1035
1433
1281
1076
895
1028
1194
1093
1183
1159
974
1170
937
1107
1281
1143
1064
1094
1006
1008
1190
1038
971
1014
895
1291
1026
1140
1024
1013
1114
1152
1331
1133
1062
1147
1049
1270
815
960
1175
960
1139
962
1175
1000
948
1124
1048
1202
950
1201
1357
1125
1150
1066
1086
1219
1140
1278
973
1115
952
1300
1200
1047
1181
953
960
1179
907
1230
1123
978
1221
1237
1218
991
1308
1106
1198
1169
1014
1271
994
1036
1129
1159
1143
944
1043
1196
1239
1254
981
1242
930
1060
946
1013
1097
1127
1198
1686
1434
1052
995
1316
1122
975
1084
977
1131
1014
1068
1237
1052
1365
1260
1054
1003
1250
1226
1273
1253
1190
1316
2431
1222
1378
1108
1023
1167
1201
1008
1153
1358
1242
1340
1565
1497
1494
1198
1239
1233
1148
1136
998
1130
1109
1156
1109
1122
1338
1198
894
1085
1037
1079
1035
1228
1224
2311
1473
896
1123
1120
1028
1423
1188
1354
1107
1090
1114
1021
1307
1182
1281
1252
1226
892
1094
978
1265
1189
1225
1239
1270
1336
1553
1593
1244
1505
1232
1543
1174
1249
1124
1222
1086
1151
1273
982
1243
1191
1046
1366
1120
1190
1365
1262
1256
983
1153
1109
1413
1420
1276
1092
1092
1082
1251
1202
1302
1228
1383
1204
1056
997
1282
2433
1255
1289
1107
1079
1141
1270
1066
946
984
1246
1027
1470
1383
1450
2158
1191
1616
1448
1369
1185
2461
1025
1408
1210
1285
1138
1061
1054
1413
1201
1295
2627
1230
1493
1610
1097
1470
1170
1111
1246
1120
1252
1029
1128
1023
1127
1754
994
1077
1003
991
1037
1056
1201
1199
1334
1457
1480
6885
889
1315
1169
1314
1685
1313
1242
1077
1614
1737
1271
1264
1228
1532
1181
1764
1239
1356
1504
1290
2332
1252
1507
1552
1417
1597
1267
1539
1382
1525
1300
1306
1881
1526
1227
1031
1186
1020
1196
1363
1045
1087
1138
1046
1095
1041
1292
985
1366
1156
1105
1141
1068
1435
1112
1024
1152
1194
2021
1062
1107
1278
1140
1203
1009
1171
1104
1513
1156
1098
1155
1175
1131
1169
1285
1064
939
1167
1062
1351
1017
1116
1089
1206
985
1050
1132
1216
1043
1048
960
1369
1071
1280
1320
1013
1243
1152
1401
1279
1170
1009
1194
1009
1071
1080
1203
1249
998
1017
1145
1186
1299
1067
1302
1441
1048
1152
1254
1505
1268
1075
1290
977
1253
1080
1291
1247
1725
1097
1254
1292
1104
997
1038
1085
1284
1027
1289
1053
1252
1143
984
1267
1155
1101
1266
914
1085
1008
1299
1154
1148
1075
1094
2833
1053
1266
1317
1017
1260
972
1130
1217
1328
953
1261
1348
1090
1186
1119
1248
1175
1066
1094
959
1035
2503
1088
955
992
1022
1007
1171
1060
1065
1295
1088
1545
1183
1077
1169
1139
1156
948
1406
961
1215
886
1289
1355
1179
1109
1147
1077
968
1170
1086
960
1127
1094
1323
1234
988
1001
1153
1222
923
1241
1026
1087
1345
1075
1066
1277
920
1289
2224
1362
1321
1192
1405
1443
1312
1018
975
1223
1017
1169
978
1291
1148
1197
1244
1015
959
1251
1107
1122
1070
1223
1372
996
1246
1061
1396
1116
1108
1252
921
1017
1353
1115
1538
1126
1300
1170
1015
1304
1181
1243
936
1083
1171
1045
1248
1030
1051
1192
967
1360
1160
1462
1301
1349
1274
1010
1387
1174
1123
1158
1074
1231
1122
1061
1161
917
1257
1039
914
1094
1016
1337
1230
1160
1208
994
1055
1049
1234
1166
1052
935
1288
1072
1085
1235
1169
1193
1275
1247
1479
1054
1168
1139
986
1390
1013
1094
1111
845
1220
993
1180
1121
1123
1240
1070
1319
1002
1125
1223
1012
1214
1175
1319
956
1034
1178
1139
1306
1049
1122
1276
1396
1230
1142
1023
987
1031
2270
2137
1130
1081
989
1140
1271
1314
1064
1128
1023
1152
1064
1202
1117
1022
1088
1293
1117
1093
1031
1087
1032
1118
1174
1246
1308
1176
1337
1128
1188
1150
1092
1171
1127
1309
1331
1412
1158
1193
1210
1320
1010
1372
981
2348
1025
1071
1341
1242
1144
1208
1160
1097
938
1377
1004
1302
1765
880
1179
1250
1234
1147
993
1088
946
1031
1091
1103
1125
1081
1114
1298
1221
1098
919
1196
1072
1411
1282
2373
1304
1203
1206
1554
1749
1662
1005
1210
1175
1234
1105
1043
947
1007
943
