2548
1273
1481
1401
1242
1278
1155
1323
1070
2062
1420
1068
1656
1264
1446
1508
906
1204
1411
1228
1041
1228
1134
1103
1503
1155
1114
1155
1296
1899
1223
1557
1118
1161
1344
1046
1093
1971
1174
1240
1200
1356
1173
1833
1042
1073
1469
1155
1461
1116
1013
1140
961
1033
958
1062
1005
1046
1034
1224
1080
1129
939
1318
1105
1177
1103
1219
1389
1860
1209
1395
1491
1332
1239
1147
1211
1418
1094
1417
1185
1315
1484
966
1125
1152
941
1400
1352
1379
1258
1217
1162
1056
1110
1028
1079
1066
899
1285
912
1301
1038
1133
1087
1145
1167
1165
1157
1009
986
1325
1093
1090
1068
1119
1187
1154
1096
1241
1413
1121
1122
1175
1086
1387
1194
1342
1210
1141
1086
1231
1377
1019
1022
1217
973
1361
1574
1593
1280
1274
1165
1003
1307
1178
1123
979
1062
1074
1021
1283
1169
1388
1085
1277
1180
955
1051
983
968
1101
943
1107
960
1241
1122
1261
1160
1081
1246
1041
1253
1060
1221
1046
939
1140
1191
1171
1151
1294
1263
1442
1399
938
1125
1107
1108
1187
1119
1240
1312
1121
1088
1065
1116
1034
990
1251
923
1022
1031
872
1296
1043
1173
1114
1232
1036
1040
1110
973
1198
1489
1024
1260
972
1107
906
1048
1190
976
1151
928
1016
1160
1197
1128
1118
1155
1071
1224
1132
1082
1120
971
933
1214
1068
1089
1066
1142
978
1143
1142
1258
1549
1166
1274
1137
1049
1041
953
1344
1143
1188
1063
1187
1245
1023
931
1266
1005
1168
981
1269
985
977
1114
1157
1143
980
1238
1089
964
1032
1810
6571
2831
1839
1385
1504
1136
908
1163
1165
1033
1212
940
1178
912
1012
1406
1339
1362
971
1180
1117
988
1158
977
1125
1186
1020
1110
1214
1394
1005
961
1050
1008
1124
995
1086
1206
1041
1239
1144
1193
1029
933
954
977
1118
1182
1714
1291
1407
1273
1129
1178
1037
1156
1092
1069
1246
1167
1143
1035
1039
1577
1151
1133
1246
954
961
986
1247
1004
1275
968
1306
962
1012
1352
1060
918
2441
1073
1365
1221
2627
1114
910
1069
993
1137
1161
1248
1041
1174
1433
1175
1320
995
1244
1192
1003
1193
1167
899
1116
920
1374
1012
1066
1153
1059
1005
1084
1221
1001
1021
1015
1160
1159
1161
1312
1031
1176
1302
2083
1128
1037
1222
1275
1019
1321
1097
1055
1159
939
1316
938
1239
971
963
1122
1127
1228
970
1027
1263
1065
1200
992
1392
1253
1325
1290
1155
1118
1236
1172
1218
1218
1197
1138
1120
1274
1176
1093
1259
1094
1034
997
985
1123
1105
1081
1047
1141
973
1249
986
1109
1190
1254
1228
1063
1279
920
1128
990
1076
1434
1152
1194
933
1022
1100
1022
1273
1089
938
1294
1006
1053
2272
1222
1020
943
1131
948
1331
1237
1231
1117
966
1049
933
1316
1116
1232
1287
1152
1142
1040
976
1454
2171
1225
1071
1148
1107
925
1327
1007
1169
1209
1165
1181
1147
1258
1531
1141
1256
1197
1359
1166
964
1339
1161
1110
1226
1145
1098
1228
981
1302
2117
1384
1382
1128
1128
1137
1137
1086
1111
1173
1065
1155
1130
1046
1279
1114
1211
1088
1439
1061
1057
1197
952
1211
1287
1126
1042
986
976
1112
1261
1176
1308
1788
1353
1461
1610
1490
1657
4144
1625
1692
1771
4023
2208
1690
1743
1141
1405
1904
1376
1626
1670
2061
1511
1659
1654
1828
1818
1492
1439
1514
1332
1703
1624
1881
1634
1798
2030
1670
1568
1258
3129
1215
1147
1500
1254
3045
1404
1651
1499
1857
1373
2127
1858
1363
1722
1475
1403
1821
1456
1638
1661
1463
1635
1303
1484
1656
1619
1608
1680
1578
1454
1695
1396
1648
1493
1599
1272
1814
1434
1441
2185
2000
1558
2112
2044
2001
1805
1977
1331
1417
1957
1560
1776
1564
2014
1366
1207
3936
1165
1576
1681
1635
1789
1836
1713
1770
1958
1475
1962
1997
1411
1528
1550
1753
1598
1967
1821
1575
1809
1487
1589
1373
1854
1757
1428
2091
1301
1667
1509
1472
1369
1344
1442
1613
1673
1736
1540
1602
1529
1835
1465
1622
1490
1306
2691
1687
1722
1416
1518
1448
1685
1924
1729
1397
1369
1385
1711
1388
1945
1588
1600
1123
1707
1312
1130
1314
1668
1534
1406
1524
1598
1346
1827
1584
1872
2006
1405
1600
1469
1427
1462
1774
1593
1446
1266
1164
1545
1632
1491
1495
1602
1385
1767
1726
1616
1472
1470
1922
2990
1405
3166
1447
1636
2007
4457
1642
1974
2273
1460
1552
1477
1476
2254
1645
1331
1458
1320
1324
1364
1204
1251
1153
1141
1328
1082
1554
1298
1269
1733
1432
1431
247008
1469
1238
1300
988
2065
1255
1442
1268
1034
1212
1117
1279
919
1048
2375
1245
998
1184
1530
1113
1047
1218
1157
1578
1196
1944
1097
1210
1145
984
1110
1052
1011
1455
997
2189
1208
1080
1429
1174
988
1312
1168
1121
976
1224
1175
1393
1030
1086
1314
1168
1322
1205
1381
1044
2795
1248
1038
1332
1003
1049
1466
1203
1169
1431
1178
912
1036
1464
1216
1090
1006
1439
1113
1017
1285
981
1067
1564
1107
1397
1120
1459
1453
1582
1042
1072
1796
1031
1122
1024
1086
1550
1253
1176
1227
1101
1059
947
1260
1329
1323
1638
1233
1646
1002
1154
1164
1081
1270
1151
1220
1124
1494
1226
1213
1644
1393
1482
995
1303
1392
991
1291
1184
1307
1077
1118
1147
1121
1122
926
1058
1322
1151
1024
1144
2164
1464
1106
2155
1084
1673
1056
1161
1072
1214
1421
1290
1587
1463
1317
1610
1405
1297
1379
947
1290
1286
1410
939
1041
1284
944
1423
1206
1201
1176
1117
1207
1138
1300
995
1795
1372
1075
1072
1157
1114
1195
1646
1806
1159
1420
1194
1094
1165
1198
1332
1234
1186
1103
1501
1101
1123
1150
1284
1125
1160
985
1055
1149
1255
944
