3723
858
2246
933
702
2770
940
1761
954
1066
1276
800
631
753
782
685
952
1581
1425
1249
840
633
823
1094
618
853
1437
1109
1204
700
1260
1895
989
1970
1072
997
1903
797
914
624
702
1837
995
1155
684
795
664
692
665
1280
849
1806
949
961
1022
708
832
1642
582
717
1461
873
1535
884
956
709
919
832
1166
1998
1251
1337
1162
807
662
810
628
684
1665
1665
1115
1210
968
896
817
773
621
609
1766
983
963
680
664
704
854
1168
841
617
1250
915
2245
920
659
617
786
826
837
860
1902
871
1178
789
835
660
596
598
595
642
634
1645
1302
1159
630
629
631
591
617
604
613
1045
1711
1279
1311
748
804
612
634
610
632
603
984
3401
1559
1387
843
943
812
764
863
2012
1280
1496
932
1687
837
708
787
1826
1426
1578
945
910
1074
1183
1208
1126
1660
800
785
783
1547
1123
1849
1231
1894
1247
941
2122
1852
1230
1579
1111
1204
1095
1029
1239
1449
1190
895
1632
1062
1688
1424
1126
1012
803
729
1079
842
822
935
1972
933
1362
862
680
2136
887
678
1668
1210
765
602
702
646
651
628
1605
1715
1712
916
616
610
983
870
854
1297
1524
1154
756
606
662
622
613
606
625
1001
2055
1098
984
724
639
1053
692
735
617
609
819
2054
1765
689
591
617
717
1236
1791
1578
852
1408
634
719
586
604
578
598
647
2624
1128
919
838
606
618
1426
835
690
1075
1010
938
1328
834
624
657
654
1360
1614
1141
750
1104
1121
819
873
867
949
1070
1885
1021
1018
1827
1167
724
987
1152
1446
954
717
711
700
1517
803
1042
1584
1093
761
1286
2661
746
878
1211
1005
1141
1912
1093
1185
975
1479
1540
2234
1179
1295
3490
2241
1568
2691
1263
1597
1377
1396
1190
1138
1191
1072
1110
1257
1420
1296
1064
973
1328
1788
2378
1346
1240
1077
820
1582
2228
863
1212
994
1316
1586
1438
703
670
1394
917
724
2347
951
757
679
751
1598
1650
724
1327
1002
841
1057
1137
1274
1294
978
1497
1089
925
767
693
652
628
2122
1330
887
816
1205
920
691
963
620
1017
1202
841
924
801
1028
883
705
633
1148
1686
844
685
746
811
1048
1200
1879
1550
968
647
680
622
1637
813
645
836
1457
776
855
1263
977
643
678
598
677
721
1707
714
617
598
663
634
1029
1232
651
753
716
651
920
826
1212
603
651
580
697
627
1084
1441
738
652
649
600
946
1130
609
639
618
746
813
1256
614
602
621
673
1140
1216
634
628
631
815
775
737
1379
688
674
606
1207
1856
954
818
843
958
972
666
623
657
636
659
660
1099
718
1003
657
651
636
604
619
1009
688
861
1392
614
655
1275
1429
864
623
695
654
1208
725
649
611
606
669
679
613
1275
576
578
594
628
697
994
642
806
699
590
812
780
795
782
831
819
704
783
750
707
575
778
769
753
708
855
1060
639
1888
654
868
955
690
696
1632
750
689
632
582
586
1652
918
909
639
600
996
618
658
595
628
635
929
825
838
1002
611
1356
714
829
605
760
698
1037
764
1034
882
678
614
648
1219
857
728
735
701
930
1519
790
667
639
616
638
1423
576
590
605
725
1290
955
1293
1126
1229
675
771
643
1239
1677
765
1081
1220
1536
1901
1323
1144
1231
1263
839
623
602
891
669
1452
1217
1052
1030
981
637
710
1048
1268
1407
1508
1394
1227
1508
1473
1760
2521
1262
745
1848
1421
648
719
627
2260
1013
1530
805
640
600
659
1350
3238
1139
1020
728
644
1108
1161
898
1148
802
937
669
911
747
614
613
656
884
3006
1082
688
654
652
651
635
1071
1099
857
1995
1304
657
1441
737
665
623
633
3091
1514
644
614
812
668
1472
651
634
1766
1141
683
640
826
662
611
647
1119
1444
1707
1022
628
675
1471
931
647
631
668
1576
2342
1465
588
622
586
591
655
1323
1012
1214
1028
786
1153
833
772
552
665
662
1982
1981
802
1243
576
780
646
1263
1798
1823
914
848
782
842
573
612
597
1697
1086
999
1073
660
616
767
1053
2447
2078
1217
1179
663
626
975
1039
788
2072
1524
959
656
641
702
712
912
1132
2645
1033
645
669
605
687
1416
646
1386
2679
967
747
659
670
669
754
678
2034
1130
1105
682
970
593
833
1243
633
1917
1378
1040
792
1975
666
769
659
2759
1523
911
971
605
598
844
947
2332
1455
1263
925
648
1538
787
753
1473
1568
1142
1124
684
797
721
833
2915
1203
711
667
590
667
1270
987
650
1490
1318
790
617
1434
1697
649
545
1747
1110
818
1481
655
769
869
754
2567
1674
942
704
740
788
2796
1672
1477
806
719
1237
1515
2156
1586
1279
1362
1264
998
1718
1056
1144
625
877
855
822
855
638
1964
1456
893
647
833
840
877
847
2946
1574
2193
949
884
839
4402
1827
1507
1791
7681
1388
1444
1407
8697
1479
1503
5011
4786
1302
4025
4552
1399
5898
1818
1000
1255
885
2954
4299
859
809
859
948
2422
2131
1169
671
1212
1097
1246
1792
1371
721
716
1749
1000
1119
2231
2496
1354
1100
3358
4200
962
961
785
698
2508
2195
1472
1090
996
1008
2552
3270
2396
1035
3829
2183
1452
1267
1823
2018
1685
1416
920
802
1032
913
1670
1742
915
1269
881
