3350
2873
1777
1243
890
1438
1178
643
570
580
557
555
659
567
656
758
1547
972
555
743
722
729
738
840
549
726
732
1145
964
568
562
554
609
599
582
808
623
591
1088
1135
767
684
848
1188
727
616
679
963
773
1003
596
849
580
579
737
612
566
629
624
590
558
733
534
789
551
540
777
574
552
551
557
608
543
549
557
750
565
565
559
1712
845
995
633
623
895
640
1486
628
601
588
564
558
688
822
602
548
568
615
559
574
1466
547
551
573
604
582
769
765
550
779
917
629
726
831
542
590
714
528
999
1040
581
552
556
556
530
1114
707
546
538
524
555
641
903
1051
578
526
552
534
542
543
1046
728
545
548
559
1282
874
604
586
580
585
588
1651
1483
563
604
688
766
1369
1629
630
650
623
750
1473
644
773
658
746
1273
650
665
724
622
1079
1414
806
694
678
645
1711
662
605
625
684
977
631
636
635
627
657
1047
677
632
648
618
928
646
637
765
677
644
952
650
633
611
638
647
797
623
645
625
725
716
999
632
614
637
635
629
1146
682
635
709
643
825
851
849
727
726
1410
1651
684
660
745
887
2480
2135
1226
1229
1608
768
1062
1412
906
911
1053
675
718
682
1006
585
537
532
927
1076
727
526
520
575
785
877
736
681
587
545
742
782
567
533
656
714
696
1163
560
550
563
669
1027
537
556
562
565
544
701
1143
588
664
555
562
1026
1071
625
639
605
606
781
782
560
554
591
564
544
1091
588
556
563
569
691
1041
673
552
575
596
590
629
569
546
683
648
742
791
571
544
579
593
566
984
694
707
585
632
718
1407
526
578
541
561
1620
535
508
547
575
561
674
1549
552
576
539
557
1573
1348
565
573
568
567
1007
542
570
540
572
545
540
527
540
528
617
552
551
535
706
657
605
711
526
498
611
559
539
582
1087
728
566
787
766
762
710
603
599
739
565
718
599
549
576
607
721
661
1619
736
533
531
578
552
695
577
536
615
702
640
1715
704
537
611
718
641
1365
543
645
815
531
693
1146
816
793
590
969
1052
1063
748
829
697
961
970
1546
757
703
807
744
1525
728
718
934
970
1128
747
1010
1057
1026
682
1042
942
1019
708
903
691
837
996
762
1075
748
707
1641
1305
1058
1291
934
758
759
754
709
746
936
743
1446
1216
754
621
784
1322
1528
970
748
711
869
896
590
1178
1040
834
998
1460
843
836
862
1307
652
654
515
586
1090
1040
909
541
539
1157
765
622
524
544
564
551
754
675
531
842
576
758
563
721
722
718
708
702
703
734
706
710
755
734
571
682
726
686
708
736
700
754
797
784
734
785
719
723
750
781
713
608
574
568
741
613
838
853
867
670
680
888
788
903
764
575
552
561
1337
747
697
602
613
548
549
1235
568
554
582
644
577
978
1371
760
542
586
585
1412
797
559
553
559
558
560
1806
712
619
543
541
533
846
1001
609
559
521
566
547
783
586
635
537
573
514
847
801
551
562
557
608
878
799
698
570
616
540
607
582
908
566
612
548
561
580
564
566
701
549
558
611
802
1097
550
603
534
707
816
811
703
1132
961
622
802
584
584
508
546
662
1182
584
573
545
747
1153
752
740
781
722
721
737
933
745
733
866
605
828
658
512
543
748
781
581
696
1118
902
835
842
731
572
669
664
755
847
667
697
567
555
759
1817
643
625
639
608
880
1465
625
613
608
683
657
1239
623
628
732
654
687
1474
1908
929
671
700
656
795
1932
867
637
637
731
1385
1961
651
713
632
886
1490
625
902
683
704
635
1389
667
657
639
619
666
1028
1217
691
619
664
603
1510
1124
685
844
821
765
689
782
696
621
576
601
1030
805
618
579
583
575
713
728
584
699
584
553
573
513
523
789
556
721
582
903
820
516
520
518
596
678
698
525
772
548
558
559
715
544
540
511
510
575
1023
577
553
608
721
2134
1711
576
574
577
681
1205
526
678
551
533
745
547
740
769
546
591
751
1024
549
535
629
619
690
999
644
622
565
641
1016
829
624
559
514
588
557
692
512
588
555
622
767
838
597
607
559
648
814
652
857
683
720
841
1110
697
900
1165
918
753
1095
908
547
551
591
552
572
727
571
560
593
710
1281
957
647
606
606
589
612
1034
609
627
626
602
625
607
616
701
728
612
736
823
611
661
710
868
617
664
681
633
594
655
646
843
636
622
698
606
645
735
675
598
632
691
748
1512
663
630
660
644
1745
965
625
646
587
613
608
1276
616
691
622
588
1250
633
626
644
614
595
615
598
555
577
731
1154
607
567
583
564
532
517
811
528
532
510
521
847
554
554
524
554
523
523
535
779
542
533
541
534
769
1143
600
535
576
533
628
882
1236
472
506
564
567
549
1253
678
555
545
544
604
629
1440
575
548
555
542
526
729
956
555
547
