3001
1999
1611
1244
1104
636
647
862
621
835
628
604
606
1365
1267
905
633
841
615
865
612
878
859
845
861
1628
616
696
597
604
593
848
640
642
872
1477
710
1414
1084
1215
882
852
932
736
1255
764
679
595
1343
1152
756
767
662
595
1124
736
870
625
611
598
944
1366
630
598
782
685
620
1786
620
678
654
550
752
1983
949
649
605
576
768
879
668
598
610
927
972
717
1093
569
727
606
717
1369
1080
561
585
997
688
1122
1650
629
763
686
617
621
642
594
799
613
773
660
753
756
761
942
663
833
785
777
788
888
637
665
932
867
879
764
616
616
1026
654
835
635
657
632
631
600
679
616
658
670
905
905
606
630
751
639
811
720
624
645
606
637
625
1395
661
627
631
660
650
1047
659
650
621
657
798
880
639
634
637
815
664
1265
669
799
610
603
672
759
1365
704
648
606
753
970
1250
716
683
586
597
1150
1236
933
893
665
639
630
614
647
646
608
841
637
674
634
600
673
885
843
928
934
926
913
949
838
898
866
904
883
957
872
916
898
902
1227
1227
1109
1029
949
989
911
925
990
936
964
926
906
921
867
936
896
936
899
839
759
801
788
752
730
767
773
1006
752
725
708
783
734
921
769
817
626
619
610
599
622
593
609
838
780
612
582
659
639
640
1504
746
699
621
705
1651
1200
1327
750
643
652
611
721
1274
1206
628
624
1029
639
1162
1044
1129
812
631
659
634
813
1333
869
647
624
669
702
818
1382
866
640
714
665
754
873
1174
811
688
666
644
720
794
1148
824
642
607
610
753
1208
1086
635
630
644
830
847
1205
1190
672
756
622
836
867
863
605
870
640
594
801
952
1385
611
630
688
841
843
656
595
850
644
596
812
632
1111
842
657
649
596
604
1304
877
796
1048
942
885
654
1130
901
866
895
1053
712
878
850
1638
991
700
825
849
1108
1107
1048
1087
947
729
864
768
1544
1935
903
816
1095
699
924
2082
1604
1267
1009
837
739
807
942
1658
682
680
718
964
817
2523
1060
996
940
1154
1416
882
912
986
903
969
890
1681
1772
1026
1175
1159
1238
1065
727
767
915
1400
750
753
771
1108
841
966
997
934
900
1401
905
1171
1392
1195
826
862
976
1113
1372
817
714
769
1052
1076
2228
1345
1513
1341
1328
1608
1131
1373
1292
10933
1338
1079
1193
1289
1350
1364
846
989
1164
1693
1704
1776
1188
1604
1128
1044
1349
774
677
649
722
669
1208
672
698
819
638
701
2289
1099
640
833
783
933
1373
1768
681
829
712
931
1361
1120
736
710
628
705
1078
1646
696
688
706
882
873
905
603
652
879
874
866
875
938
849
922
649
885
616
851
881
877
714
888
931
733
662
835
888
669
853
738
870
880
939
724
870
1019
645
829
873
862
929
638
864
873
774
749
706
701
753
646
757
731
607
614
608
735
917
1375
952
813
664
711
2054
1612
644
619
634
686
1179
1758
649
602
641
709
1767
621
632
740
616
888
2025
636
685
615
590
954
1519
613
639
604
612
1061
1656
678
612
590
595
1358
1611
573
632
606
662
996
1685
574
585
633
680
1919
1662
703
674
719
896
1153
2281
595
600
646
699
2086
1554
770
624
607
671
1453
1076
619
647
609
704
1472
680
794
617
618
709
851
1179
608
619
654
613
1202
1171
848
716
821
768
1861
1336
595
596
585
572
1249
849
579
632
579
645
612
636
590
592
602
636
704
747
572
603
702
605
595
912
1186
610
626
574
624
862
1452
632
602
1112
1016
1230
1024
1097
1527
1242
769
603
649
626
628
597
717
641
1610
891
1575
1100
702
732
732
660
637
955
1111
848
1232
1228
719
648
629
611
632
1688
1881
769
617
635
627
612
667
1275
663
718
1000
1393
1039
738
1805
613
602
669
612
669
935
1384
924
791
802
605
921
982
1587
613
594
579
589
1183
774
616
620
624
648
597
1789
1473
875
1068
723
609
831
638
879
834
598
585
589
585
839
1519
632
602
605
625
628
1215
843
599
580
588
599
631
1832
834
652
607
604
593
650
940
1325
798
851
1371
699
634
672
824
1571
842
742
599
634
943
689
875
881
852
840
838
653
802
844
736
657
1279
711
634
804
662
676
657
729
659
661
613
1415
698
721
856
911
1026
674
615
675
724
671
837
1980
727
747
668
663
647
641
638
657
627
1466
779
1471
842
615
608
641
640
924
663
1190
1311
906
1032
713
1272
1228
621
588
619
915
1963
1354
665
569
592
586
726
586
574
616
584
894
1508
708
673
591
592
860
1592
730
577
627
1031
953
728
718
629
620
731
659
1105
654
617
609
1163
860
725
606
603
619
592
1105
1007
793
1316
1117
977
653
726
1186
899
638
622
937
697
644
634
853
718
666
667
666
648
632
694
727
654
709
1190
744
699
654
634
664
771
711
828
648
627
1076
1030
715
711
652
640
644
605
597
644
616
614
1752
719
732
657
705
1702
1297
647
627
588
1079
