2344
2167
1663
858
852
604
1348
1911
1482
662
692
598
633
623
886
1339
780
1248
1101
724
869
1314
665
864
708
635
860
1577
690
630
669
866
804
1746
1229
1095
1011
703
1909
1551
672
852
654
832
950
1174
666
647
639
646
1882
679
598
624
1128
1487
1687
665
825
865
866
596
836
848
835
944
761
955
673
666
602
593
660
1343
680
771
1286
695
780
1248
836
669
641
703
813
680
919
873
636
636
632
1198
825
803
679
907
622
981
1262
735
822
848
695
834
903
1012
940
713
714
1327
981
678
587
590
713
1420
937
575
587
626
1172
735
806
625
654
644
609
1125
1504
592
1098
714
587
938
1241
646
703
659
651
955
1455
1502
699
676
673
1147
1367
643
663
638
648
1994
862
652
619
669
638
641
637
653
617
633
1188
1143
2098
929
827
611
621
627
628
737
858
1032
679
668
969
657
694
637
656
660
620
615
1140
737
735
862
897
646
662
620
704
779
1372
1186
1111
801
878
1897
2278
675
707
1031
1205
2050
1074
744
962
911
1291
788
646
709
676
824
2177
2532
991
768
726
838
716
1036
747
740
742
749
1096
1719
675
685
728
985
1504
688
784
876
703
972
1459
891
651
639
718
1087
909
772
647
688
734
1284
1214
624
633
652
672
926
1652
791
690
631
640
1297
732
623
629
649
639
1172
858
716
635
644
785
1214
903
625
636
818
1890
1304
885
793
640
763
1135
1211
843
888
626
611
623
1413
968
828
631
711
1231
766
903
631
648
713
1149
767
944
671
659
836
1031
747
646
696
755
1069
1152
844
669
621
730
1050
1389
834
757
971
883
844
1017
666
859
634
971
855
634
643
660
863
885
1376
741
818
814
680
907
840
858
645
627
694
672
906
1009
806
652
622
717
732
1470
933
763
711
805
695
1694
1308
1145
1222
894
988
1752
2477
1317
1315
1010
1337
1332
2007
1214
1009
1188
1096
1130
1488
1525
1053
1123
1275
1206
1556
2241
1056
1003
1278
1321
1171
3047
1359
1005
1116
973
881
1977
2709
1770
1362
1090
780
1003
2537
2634
1364
1080
884
812
1440
2345
2820
1599
937
890
1127
1114
2168
738
790
830
735
1396
1362
1513
977
1330
1241
795
1087
1323
808
766
1400
1027
845
1866
1884
976
1035
1359
1388
1202
2817
1401
1088
882
956
973
889
979
907
907
1419
771
741
1511
800
829
1841
1033
1146
1262
846
753
781
756
829
1655
904
879
905
916
860
875
2010
705
657
708
925
847
2508
2492
874
702
737
711
819
2542
2275
684
1013
783
781
811
1392
947
1301
1161
1018
1198
1788
808
686
978
777
699
1842
899
884
859
944
928
1259
879
828
868
1043
985
1134
908
1075
751
972
1138
1045
950
697
1023
1372
864
1060
918
779
813
1158
928
2553
1298
1033
2209
1274
737
1227
874
1234
911
1241
965
783
1166
1270
1212
1612
735
807
760
656
1431
801
734
701
665
784
1300
772
714
628
674
1249
957
1568
764
617
653
700
1256
1168
672
929
723
912
970
1180
742
636
646
788
1615
1953
1255
839
956
1334
1124
842
765
1020
1002
1052
1032
968
1199
923
1016
754
968
1423
845
890
1039
1302
1574
1157
1098
1352
922
879
789
1696
784
1103
948
1541
1366
2826
906
1083
1435
1064
1092
1292
1262
1230
1266
917
1665
3082
1048
953
1092
1461
931
1039
1773
1911
2007
1234
1048
1022
787
931
1218
1312
1403
1643
1551
1304
1068
931
858
1076
1146
827
759
833
1202
1756
1405
705
637
643
769
1966
1593
1081
1024
918
915
1142
1232
872
652
809
1231
757
909
703
674
723
648
1599
692
1131
974
942
697
703
1367
640
632
669
924
675
2118
696
732
797
723
1406
641
633
659
776
966
1670
699
666
675
747
817
1363
722
890
1515
822
1066
906
873
824
1328
869
985
1575
767
737
735
778
1231
644
710
667
689
841
2493
747
701
710
943
908
1335
863
638
618
1221
704
1200
645
620
722
882
1034
1283
651
601
1076
895
701
697
687
656
635
671
627
1270
1131
820
641
706
908
1302
851
643
725
651
1178
2027
723
776
640
677
922
1391
877
673
667
654
2022
650
862
653
675
667
650
701
849
650
1331
919
1712
884
686
702
625
633
793
856
623
1419
715
658
637
1161
641
631
667
708
658
841
1074
689
683
659
662
1117
1122
869
639
680
660
811
1030
1412
973
698
637
643
972
1285
850
1319
1667
927
646
745
914
661
802
890
648
754
1186
876
854
728
651
916
740
1314
873
1067
773
685
641
1202
876
660
652
670
648
967
1749
853
766
672
606
784
1386
844
632
678
653
1912
1426
662
662
629
646
807
1549
1648
1168
717
684
697
871
659
1488
660
677
662
891
858
1650
686
614
615
620
648
963
1321
625
1013
671
634
1070
616
628
632
641
920
710
2200
1146
679
633
619
713
657
1885
665
632
639
912
636
631
1154
646
632
617
615
634
787
615
1291
703
628
670
625
1390
827
624
611
633
1213
1035
1150
852
652
639
593
956
1517
888
601
801
602
624
2139
870
643
578
603
663
889
917
880
630
1301
741
1072
719
637
715
