2966
1467
2995
2184
1360
1676
921
795
851
2535
1576
856
1206
806
684
2816
1673
851
646
1091
905
1146
1954
2550
1861
1274
985
3567
1644
1098
1043
948
779
2474
1122
1735
1956
740
1650
1787
946
902
686
706
1033
1034
2943
3079
952
938
932
1163
2448
1783
1789
1046
876
798
2815
1491
1474
790
808
882
2624
1860
2080
2048
1579
3610
1741
2047
3169
2656
1718
1281
1241
2068
3923
1125
1031
1595
1184
2059
1629
1646
1414
1290
1251
1595
10946
1057
1038
1825
1597
1313
1601
1363
1498
1384
1406
1381
1163
984
2114
1375
1329
1198
1350
1354
8037
2588
1735
1123
1259
1305
1149
1491
1383
4289
2917
2488
1371
1432
1709
1977
2513
1067
1402
1666
1696
1561
1374
1444
1391
1378
1624
1566
1356
1938
1680
1557
922
733
1041
1730
917
1229
824
771
861
823
806
772
765
1222
1857
1357
726
752
787
908
2254
1457
1143
1076
927
922
833
1080
1324
1026
1042
773
703
1042
1218
1577
1109
951
1349
920
1087
1151
1084
926
1214
1170
1536
1357
1013
1089
1376
1406
1351
1238
1108
2118
1722
1339
1372
1488
1678
1550
1948
1446
1882
1703
1120
1372
2921
1351
1353
1489
1444
1947
2028
1643
1339
1328
1632
1496
1737
2451
1418
1319
1705
1472
1722
1583
1588
2247
4385
2732
3727
1467
1657
1144
1505
1790
1083
1434
1333
1450
1592
1353
1195
1079
955
2755
1861
1160
1037
1166
1073
836
877
1274
1395
1128
1080
1006
950
1404
1075
891
1858
1417
1152
1029
900
921
1024
918
1437
1080
1212
1464
1010
1225
815
1143
2486
1888
845
1273
1013
890
2654
881
706
673
1157
861
757
814
827
783
708
1996
1678
761
761
648
1138
1177
708
744
663
1078
1271
821
2728
1437
928
1190
960
867
1081
1117
913
1248
1134
844
1444
904
870
835
904
1407
1136
950
659
762
739
1246
1856
1142
763
753
707
1481
1282
804
675
766
1086
1026
1125
830
847
1055
966
896
1466
953
717
643
954
852
1704
844
657
716
1375
910
1373
729
696
673
745
988
653
642
661
861
1005
655
1265
931
946
986
874
1879
2259
1610
817
781
742
858
855
713
1287
1066
1556
1602
844
809
881
1232
1209
1693
887
798
1022
960
1426
1889
957
1078
1600
2609
1594
2043
2184
969
1074
1102
1181
1305
1543
1620
1128
1058
963
2105
1306
1331
1470
1362
1445
874
865
1454
1191
1170
1440
2636
1812
1598
1273
1351
1709
1634
3288
1462
1449
1133
1836
1214
1230
1413
1291
1849
2215
1387
1713
1151
1052
1051
995
968
974
1132
1268
844
758
737
776
927
781
771
827
1211
1274
1043
786
1044
778
811
852
911
1418
1256
1201
1164
924
750
2936
741
762
1313
700
1682
2551
705
681
693
1103
1149
1592
747
1535
722
878
1377
1022
1013
711
764
1505
1158
2209
1011
810
807
1200
1656
1055
1348
1200
1217
1034
1245
2087
1365
1681
1283
1313
2722
1492
1305
1401
729
1125
1680
723
845
729
736
758
1162
1008
955
818
805
998
990
953
937
913
833
924
912
1741
997
780
759
1118
778
805
873
877
1048
920
1047
2202
699
724
683
666
991
1966
2132
1136
927
1458
990
2958
1851
2025
1224
1116
1415
875
1238
1501
778
1457
793
1323
1842
917
884
801
1299
1172
805
1590
2582
730
723
818
1297
914
2427
831
956
773
1240
1492
1330
801
815
796
1488
1010
714
1038
1095
1632
1065
986
922
1703
850
1140
808
725
853
1598
1074
662
662
630
1027
1587
1620
651
919
656
673
1159
2230
1063
1003
751
719
1178
1596
1915
1514
1055
928
882
802
1717
764
1074
634
619
1436
967
787
752
704
792
695
764
990
757
3033
811
944
884
899
1177
734
965
1274
855
2915
918
932
931
873
911
1708
868
989
877
862
904
890
1095
1473
900
1385
1040
858
952
1367
952
660
752
1377
1074
1127
708
937
686
722
717
1302
2731
852
894
865
943
879
999
801
1279
977
1462
1120
824
908
922
1530
1249
938
753
1064
928
710
705
1593
1028
756
997
2618
684
890
1108
871
1914
1932
1534
1052
1295
1279
1794
754
738
1044
837
1715
1166
708
704
726
712
1114
866
1896
951
816
872
908
1073
754
775
809
1128
938
1393
665
593
794
661
1633
832
655
952
708
680
2290
919
978
639
692
891
1549
1068
871
774
696
666
2167
625
675
1127
883
1120
685
2057
605
1354
644
755
1415
1136
712
989
616
631
1358
1007
638
609
676
1162
1202
809
823
864
894
700
817
838
825
1152
790
682
579
615
654
835
611
586
903
2444
1040
970
933
872
968
1305
643
712
632
1071
1589
979
833
654
650
703
1296
1234
767
1007
864
699
814
885
668
843
829
791
644
1301
930
1065
913
670
1185
942
864
668
701
1262
686
724
968
921
869
845
921
1000
1435
1121
1101
1343
907
675
791
690
757
1741
915
1489
853
1002
1061
770
1222
1039
1409
890
861
967
968
1060
1031
1264
705
686
705
924
1205
742
838
660
659
1514
883
843
616
635
609
631
828
1096
632
664
1020
946
978
769
637
667
932
681
726
860
624
1354
1147
876
622
658
847
940
822
624
662
891
1257
870
594
636
688
900
857
631
793
1337
1642
722
634
694
615
668
639
658
1075
699
1215
1151
794
700
648
625
652
643
687
999
962
853
1379
880
633
631
879
878
747
646
628
