3412
1856
1247
730
858
1404
756
642
587
727
767
1128
1453
2679
744
695
768
789
628
689
662
718
799
1859
674
726
625
605
752
807
1260
615
576
596
761
879
751
622
810
1136
804
662
1749
1084
1164
1005
830
626
1541
1227
818
744
1015
950
731
1773
905
856
632
782
944
1485
1151
1112
723
836
879
1384
650
608
624
1426
936
1512
755
915
994
900
834
844
832
676
1180
798
740
1172
910
640
622
786
1103
1144
872
1121
609
732
832
1220
593
685
625
614
886
1228
713
827
665
824
1274
621
615
615
790
1035
1704
860
673
666
612
585
1346
647
611
578
573
1573
822
537
577
622
628
1253
1676
644
557
572
559
1174
1053
658
613
653
781
1431
612
570
597
606
798
1234
583
634
643
574
643
1207
614
579
627
648
733
1153
596
605
863
703
610
839
644
577
635
654
1355
1141
617
682
636
714
743
1197
589
597
611
780
815
1196
800
724
620
565
1077
1073
624
586
700
811
1165
1102
612
597
621
692
1114
1030
667
635
740
830
1796
2254
673
746
1094
981
1130
1032
910
902
865
863
889
884
889
918
638
713
606
944
815
846
668
678
1570
2298
1026
859
965
707
1532
945
661
1119
729
718
741
742
1446
850
842
609
841
906
858
862
612
864
845
842
887
832
847
816
895
815
658
877
586
875
658
803
816
644
633
937
654
668
873
603
823
817
657
847
852
850
869
866
653
742
617
616
1620
742
649
604
604
770
870
1231
648
802
580
626
671
927
990
662
564
628
738
663
1094
1161
588
619
563
659
646
922
1192
627
613
592
599
585
1242
679
619
576
595
632
1418
1130
670
654
576
592
726
752
1213
706
695
583
582
714
1613
1220
643
699
901
653
674
1048
752
588
640
596
584
581
1263
628
595
665
713
605
601
1743
966
706
751
959
839
1042
972
856
1021
1252
618
952
700
862
998
939
866
821
699
720
784
2005
772
1037
1184
884
688
768
960
999
886
1231
893
1112
713
1001
684
1072
1005
694
1024
935
860
1222
788
760
858
791
2541
713
1074
1081
1125
1054
1207
1141
1081
1096
1281
1360
1403
1535
772
747
689
696
791
815
760
713
1638
1093
775
760
758
734
719
954
701
700
735
845
1308
1148
666
677
716
789
758
925
957
1856
1240
924
947
939
952
1020
1008
878
1284
1451
1895
1201
829
620
751
758
1857
992
864
858
1457
941
1014
1472
798
1255
847
830
2994
1023
1167
898
994
1515
715
769
775
673
717
618
672
910
1217
646
659
688
636
789
1367
634
711
750
613
598
871
688
586
745
603
592
901
678
656
613
676
663
777
684
740
597
780
789
799
854
613
597
623
584
801
610
653
607
625
837
1166
883
688
609
613
965
1069
909
835
621
651
745
1195
784
774
633
638
1266
796
626
625
674
635
1417
1366
697
643
617
799
1008
1210
777
765
618
641
754
840
1198
676
632
663
716
687
790
776
649
740
758
669
1106
653
638
605
682
647
810
1101
642
625
624
638
667
610
643
679
723
725
825
726
809
800
797
823
788
662
667
620
667
733
630
651
649
610
631
625
791
1022
788
621
610
630
953
628
618
728
609
614
1139
653
590
631
592
711
1020
1205
711
604
612
623
862
1340
664
599
613
657
1229
634
697
652
665
622
1142
652
607
679
606
1114
1381
636
627
620
656
581
607
580
619
623
635
1475
1150
630
632
912
667
839
1209
635
599
608
661
1595
1394
703
620
618
614
600
852
699
616
618
589
750
1208
780
750
617
659
730
716
612
607
639
596
843
1102
746
805
694
656
627
820
647
619
657
606
603
1197
764
699
612
701
1138
1141
989
752
644
672
1133
693
632
612
622
807
638
605
620
596
640
1318
637
731
585
615
601
1138
864
760
602
597
626
598
615
825
679
688
690
651
932
841
849
938
959
1223
1426
820
913
740
739
816
675
641
614
732
1403
1023
761
707
727
824
790
707
773
769
1162
1332
642
646
663
623
626
649
668
676
615
646
641
1575
810
712
812
733
647
629
935
1268
744
809
1402
1114
744
1253
639
636
617
653
643
889
1314
928
752
587
588
1097
968
661
702
690
621
619
1206
1669
656
641
642
580
1582
782
574
605
603
743
736
855
569
623
618
629
609
1040
1253
612
703
699
645
838
879
660
666
594
606
600
939
906
1096
687
621
646
605
1050
1054
587
590
583
587
1209
1215
620
601
605
593
590
1342
575
571
604
561
720
1170
1269
738
664
633
604
1354
748
664
596
613
1128
694
653
860
683
623
650
628
1469
868
621
887
716
614
702
638
604
637
614
1678
925
833
1198
648
630
594
612
591
724
900
1328
950
664
1345
694
788
1259
607
597
974
651
647
607
666
1403
670
672
681
624
793
830
637
641
646
676
1009
791
664
673
637
780
733
714
754
1734
701
1229
783
737
708
682
647
628
606
626
642
679
653
825
713
597
688
611
632
671
678
648
673
622
