2992
1207
744
724
937
669
953
1050
651
609
619
1362
1376
819
788
796
745
765
776
811
1231
743
1089
1388
657
848
848
770
960
1133
1563
1538
967
634
1047
1301
781
1450
634
1762
767
793
621
936
939
663
775
863
1349
1799
946
938
885
945
817
907
1247
1058
1100
1058
763
1190
714
943
702
762
1629
2003
627
715
681
1181
1593
1903
1140
912
873
753
932
3161
1100
1054
1271
1115
922
1761
937
1323
1272
847
801
1443
2309
871
1552
851
815
896
1293
1521
617
683
761
1097
865
971
710
729
767
967
1502
1505
745
1282
746
655
857
1268
838
981
844
851
1520
813
1029
844
950
904
886
903
818
911
1318
788
915
762
699
847
705
891
735
702
712
1322
968
886
905
901
888
941
887
909
1329
748
725
723
914
1054
707
1869
1003
1578
789
715
714
797
735
824
1047
884
1258
1500
1284
967
816
835
1941
987
1080
1862
1158
826
988
1399
976
985
1013
1146
1061
931
1058
970
1073
827
716
2997
863
906
738
753
889
2398
1222
796
760
799
1211
1466
971
1355
1052
963
1620
2329
964
1040
768
1286
805
943
952
1589
892
968
700
1997
1070
844
673
660
880
790
958
873
613
690
774
704
868
735
748
637
756
897
1149
822
640
636
630
836
1342
619
617
604
1011
621
731
718
667
751
639
921
670
796
613
650
822
613
646
621
610
590
639
1031
823
890
624
606
622
863
832
639
689
602
678
1534
736
881
844
789
883
1963
1021
817
738
835
830
2561
776
727
744
823
777
2523
1098
900
856
1013
1199
1004
1011
680
938
1218
1020
1172
804
1344
798
1064
1021
1436
1129
1010
778
1162
1007
2884
1076
857
1028
1744
1738
1080
1175
1300
1148
1887
1475
1143
1025
823
873
1422
2134
870
1286
1410
1008
1067
1588
2374
1059
746
714
1283
1021
1995
1007
1159
1009
921
1938
1402
894
1161
918
799
985
1371
2374
911
945
1773
962
1460
3475
1475
796
706
770
710
1952
2011
1802
905
784
1005
1086
1433
1016
1308
1335
750
845
2307
2611
662
1568
1220
1042
715
705
707
646
633
621
1765
1720
1818
961
639
686
684
620
3191
2205
1086
1015
862
709
2085
2415
1032
732
700
620
718
991
943
654
918
763
775
1266
1582
702
696
1320
926
896
857
880
870
849
877
992
1252
786
661
648
626
644
669
626
722
654
680
768
1005
690
779
988
738
4690
1264
4128
2356
1217
1257
1646
1215
1092
1300
935
674
638
621
695
798
1285
1239
749
964
1231
1064
1055
1147
3035
2211
1162
1044
957
1003
901
1127
1092
1068
1079
1088
936
719
669
657
663
660
690
641
698
694
883
672
755
944
685
1659
775
755
752
745
785
722
777
813
802
646
767
1235
737
911
1016
781
651
670
675
1029
872
1130
691
666
672
662
671
672
696
650
636
672
684
703
1041
771
810
798
779
773
952
757
638
616
891
2060
969
600
648
633
623
1090
1690
652
765
678
829
652
1992
721
628
623
647
2060
647
656
682
642
1119
1737
600
653
1237
827
1369
1940
934
1072
911
960
916
688
1696
1178
931
963
1203
978
887
945
1469
1252
1231
1266
669
889
792
1395
3922
962
977
677
979
837
610
684
650
626
1148
1211
678
895
790
628
747
822
633
849
1746
797
1092
1124
627
724
740
656
1083
644
654
879
661
1159
887
669
712
667
631
1329
892
1384
906
640
748
839
1154
660
696
608
627
1916
677
640
715
676
614
1176
669
640
633
672
2015
706
638
923
675
670
740
994
620
623
680
1078
918
1331
626
639
610
709
980
617
621
599
976
943
1110
653
905
622
634
727
1312
624
804
676
1196
682
622
843
856
927
603
828
824
830
837
1169
658
672
605
612
590
626
852
1234
1989
1337
876
916
887
675
653
642
632
614
686
930
1336
646
863
853
823
821
839
816
804
1043
1279
762
626
607
610
700
1116
1910
667
680
624
1088
982
614
669
626
608
654
2009
610
628
1219
739
611
2006
570
644
591
627
1134
591
604
1203
672
608
1041
644
623
606
740
664
1896
745
827
618
671
593
1155
604
663
598
622
822
2609
623
746
643
598
706
1058
623
608
663
646
666
1157
627
653
649
648
640
633
771
651
626
672
1169
795
859
1347
627
651
629
665
625
620
1215
1232
908
624
637
1631
1059
625
598
620
597
1049
1298
664
910
666
644
611
851
672
1650
1616
715
1070
636
607
1907
1635
579
594
667
1134
875
1269
932
716
649
601
603
607
1005
984
935
871
650
644
623
629
594
580
615
652
594
781
1245
895
601
588
612
698
1181
1567
595
718
903
869
1605
1805
786
848
1220
1244
1233
797
2197
652
673
706
1044
1833
1913
735
728
673
697
641
885
1285
944
621
646
689
933
1077
668
754
763
754
1978
1412
802
800
614
620
616
1293
850
684
615
1139
655
628
833
1187
837
639
668
616
642
603
613
1216
689
632
640
1245
1076
718
646
642
670
870
754
1168
756
711
638
591
1115
1187
849
650
630
657
988
975
1164
870
598
610
630
1093
665
714
632
1065
813
728
604
592
638
801
