1709
818
999
975
1405
604
596
575
544
1079
698
607
577
578
625
2342
570
562
689
557
556
597
697
550
665
1329
1290
736
623
649
580
586
1002
704
673
887
2190
1088
1091
729
639
1934
762
640
1098
631
554
591
595
595
594
555
562
599
725
637
641
1088
779
570
670
973
566
625
590
574
714
887
591
584
614
671
599
1331
1433
523
569
507
611
644
1615
528
576
522
534
611
1035
1575
539
529
531
494
1676
1604
501
524
546
526
1763
533
540
515
512
685
1948
656
530
551
618
940
542
847
551
674
1006
1303
567
613
606
573
1321
1182
625
588
616
1170
2133
613
607
593
616
1181
926
611
659
638
662
1423
914
676
635
652
754
1480
1380
742
719
693
691
1801
724
609
551
537
541
755
1583
534
550
576
488
496
1051
1548
501
494
495
716
1047
1013
500
498
573
730
846
1606
475
508
581
604
1545
658
647
563
650
696
1243
664
587
932
781
1090
626
1754
962
689
665
641
678
1134
890
737
822
663
986
1181
898
737
1060
1186
1066
1358
1120
1127
1035
917
951
905
1266
1019
886
1044
1233
1036
775
819
777
758
873
766
804
750
1172
840
896
685
816
670
835
644
910
783
615
629
621
670
715
906
681
791
677
655
673
1170
802
707
784
717
675
1316
701
836
723
808
959
826
707
880
1260
729
780
851
834
817
811
796
783
808
845
828
889
863
897
771
674
677
585
593
730
1092
757
1063
929
1165
1153
1008
1161
767
965
716
1309
1268
891
896
829
897
864
1804
766
816
744
848
858
1510
843
760
627
706
795
693
810
704
689
794
754
596
607
722
765
821
847
773
718
600
637
819
821
663
815
637
785
874
957
946
816
787
623
886
851
827
849
688
566
783
738
1661
806
794
831
606
767
617
845
712
714
705
844
792
712
736
756
713
739
958
940
854
737
1185
956
1084
987
793
768
911
770
1062
710
651
833
680
1759
664
736
918
990
810
907
891
943
1008
1012
1745
1373
826
1320
1088
881
1027
1292
1062
1143
1115
1395
977
1063
2310
1417
1093
966
680
1771
2453
1226
1003
1569
996
847
1306
1444
716
935
1057
1515
664
585
618
905
655
598
697
1614
2167
595
575
579
629
679
1976
1662
559
561
605
737
730
795
1591
563
730
565
554
657
1653
541
583
1820
794
602
1737
2052
772
609
560
727
695
2026
1850
580
599
588
1414
1196
1316
1418
786
630
740
791
1337
728
651
566
584
551
735
1086
1337
777
653
590
773
991
1682
769
755
832
943
1164
1718
934
770
878
756
694
822
821
1087
787
768
743
726
718
696
892
671
760
696
699
1229
1133
822
839
787
802
876
882
1063
1036
1130
804
568
791
1905
1121
891
772
755
928
711
1179
2376
632
586
584
792
170269
810
773
658
825
891
706
717
662
798
787
763
646
791
698
671
638
1088
1227
744
706
712
858
767
907
1469
934
640
663
1697
757
584
656
1263
664
1082
1317
634
729
1075
1234
784
717
874
856
810
740
903
905
784
1136
735
1110
1192
1756
1001
693
780
1119
1747
803
933
948
946
980
1220
856
797
793
580
653
733
783
812
833
926
590
736
595
634
627
778
884
1296
641
652
688
1014
893
775
733
774
870
822
708
756
559
731
713
732
802
1051
654
733
737
853
1187
2203
718
685
626
642
2071
2659
829
701
568
2340
1791
652
870
885
783
867
878
722
701
716
766
724
748
697
607
631
666
709
1526
1069
592
614
963
931
1044
686
793
630
646
713
2281
650
957
900
911
927
881
756
884
2365
708
1066
1789
596
604
762
867
2215
2359
686
616
607
877
2326
2626
721
743
935
871
1328
1268
727
945
877
860
940
934
996
885
866
868
1069
977
772
768
698
1056
1020
715
682
709
726
1202
923
962
841
1068
1059
831
928
920
790
1025
2314
2376
611
603
605
807
928
2083
553
549
549
673
1835
1893
600
601
766
819
645
673
688
1112
767
719
1467
761
713
828
775
830
827
804
807
886
796
981
735
723
739
823
699
2306
1989
537
599
677
739
1185
1613
618
603
652
734
804
1434
687
579
1029
794
912
1165
834
670
604
572
1135
1107
1725
755
615
602
787
1474
875
842
812
792
874
1025
673
609
642
690
712
1345
1182
679
633
610
675
836
1635
866
749
702
620
630
1290
2007
602
594
558
559
760
1180
757
692
628
679
904
908
795
761
706
717
730
765
801
842
776
731
1206
780
880
925
716
628
698
660
757
1273
826
1212
736
739
789
776
833
779
735
762
981
844
730
594
585
591
642
920
757
717
757
903
799
927
626
797
650
626
613
630
610
636
1136
741
783
802
840
829
998
1042
805
790
829
957
1429
718
834
720
729
677
734
1270
601
592
602
777
951
1474
677
837
816
848
857
732
737
759
741
798
740
761
614
549
610
567
656
977
1225
2186
600
541
621
569
753
2026
2621
1196
967
811
1092
685
1254
745
824
787
796
1398
2559
602
623
728
817
2101
660
608
