2937
1624
1040
709
1194
895
703
1119
1122
1056
1036
754
851
611
696
644
1145
944
1142
611
787
774
871
614
785
843
1867
771
669
708
1927
889
693
661
842
1727
1020
1721
883
994
964
668
815
818
2370
887
706
709
654
615
867
1170
859
906
854
1198
1057
641
896
863
879
827
952
610
629
661
813
819
659
683
876
842
988
820
664
599
618
620
1369
1363
846
609
643
633
619
856
845
733
612
651
618
1128
783
598
603
644
590
855
1166
919
684
615
612
668
611
975
759
621
883
678
638
597
972
780
624
831
642
618
654
596
1589
925
987
920
919
810
1097
821
795
832
682
876
789
814
800
628
595
626
646
824
850
846
666
703
670
814
653
846
844
845
1050
659
866
874
851
851
823
858
860
896
666
902
596
851
976
924
860
781
796
795
827
874
887
861
1279
882
616
822
658
852
883
863
829
1112
756
2463
846
638
638
673
611
645
606
574
605
654
602
801
590
1042
1730
1644
688
628
673
809
1539
999
791
814
883
906
877
899
854
902
982
982
715
656
716
740
923
1709
2587
1107
989
676
632
891
1888
632
622
651
821
1452
1216
637
673
649
690
611
1563
825
986
899
706
626
1990
1415
552
606
622
593
1238
757
624
630
612
569
657
1633
2058
724
971
783
974
697
2181
740
671
686
842
1467
1550
921
1306
1296
866
1512
1203
1770
1534
1354
1248
1180
1938
2614
1269
1178
1224
1067
1745
1542
1181
1073
1020
975
948
1027
661
962
1979
781
866
803
1376
1244
1538
2939
1974
1530
1122
1009
928
3167
1225
1047
872
1079
1096
1022
1701
1235
907
1283
1048
794
1071
668
2093
744
654
913
1000
1048
801
890
1005
1575
1148
696
1144
760
730
1432
1147
1150
1002
732
1067
2097
897
1219
824
1644
1246
1677
865
1227
749
1387
2243
1080
1385
1250
2248
1746
1416
1386
1416
880
799
780
1542
2017
1014
1019
1419
1141
1027
715
738
1336
740
1267
1597
1731
1438
1669
1480
1105
1079
1747
863
845
1750
2133
1664
1075
1121
847
823
2140
1934
1367
1455
1015
915
1910
1109
1012
825
758
814
1973
2536
1034
1280
1491
1227
907
952
2414
1037
1370
1196
1139
1021
949
1552
961
726
884
931
876
908
854
914
914
1169
811
863
1048
960
1021
919
877
940
962
1060
1114
1086
907
831
817
946
690
680
847
860
917
942
674
868
962
856
864
860
849
901
828
724
906
964
768
950
777
697
742
1050
941
825
759
662
630
617
622
1324
886
677
603
636
605
854
1011
605
620
605
640
1078
881
617
606
591
589
759
837
1066
618
629
628
614
944
1192
932
606
617
813
709
1678
1015
604
611
578
608
963
1394
1608
735
714
1064
687
648
1189
780
600
602
697
853
1075
815
1131
635
659
596
628
640
1078
837
626
1156
693
733
928
827
2144
1002
608
754
939
828
737
1253
656
612
587
640
581
1261
1668
1059
708
677
679
853
744
604
875
654
680
1071
1080
889
605
646
631
631
657
1053
1341
624
936
899
641
598
1209
1118
731
655
635
668
673
639
1426
961
997
714
635
669
596
781
1114
617
584
1085
637
1063
797
616
647
689
596
637
1116
772
620
809
602
709
692
1132
1808
966
581
667
1318
775
1840
1047
819
670
586
570
1112
741
611
1186
1068
712
615
1639
1155
630
620
622
1107
696
1274
631
597
625
727
650
1843
962
906
887
705
823
625
1160
840
592
603
626
652
807
1128
1083
649
610
625
621
602
651
626
641
632
623
996
960
629
804
1049
818
872
922
929
893
1301
1016
713
741
643
1245
1959
682
821
1191
1186
911
813
748
3424
2499
1692
1030
1108
799
1310
968
2188
836
713
2844
6488
1431
1144
1240
11504
1491
1114
1239
1280
1435
14450
1373
1133
1626
1140
1345
1165
1132
2211
2058
2088
3310
5653
4437
1552
1249
1212
1227
1068
1047
864
858
868
692
702
1649
1637
664
1687
655
661
899
754
692
619
617
1203
1130
1745
677
784
1016
709
1391
1059
682
617
941
839
1336
700
810
696
767
1938
2402
926
1127
643
883
848
2060
1761
1408
1096
838
966
895
1042
827
2641
1116
1230
986
1512
1011
1362
1839
1208
1452
1475
1323
1223
737
1430
703
1244
660
671
691
631
680
1331
655
1031
947
708
810
634
612
719
630
908
676
784
623
1069
628
623
591
1412
749
777
629
612
655
1995
732
615
638
623
753
1268
916
621
627
1048
639
597
1978
604
610
582
648
1342
798
1327
983
857
685
793
888
679
643
604
674
1744
926
865
871
808
626
848
1237
627
698
767
679
1654
964
673
669
588
703
1241
868
617
803
602
1236
737
844
835
871
685
812
861
811
844
820
1158
908
869
679
647
884
601
834
851
906
632
1662
664
795
761
700
726
619
715
635
672
652
642
745
764
858
661
614
611
606
632
612
1138
665
764
652
1406
679
797
697
739
695
662
681
950
607
604
1491
989
895
644
637
648
653
632
649
867
682
942
698
653
687
652
635
637
632
1155
1259
1093
952
690
659
639
652
632
632
679
628
657
1012
1386
615
644
604
