3250
1674
788
1062
975
1046
1311
1762
699
1021
830
1462
1171
2106
858
855
978
807
2613
1133
1514
738
861
786
858
1241
1693
1294
1218
1646
1400
1228
942
1589
1446
877
1144
790
797
701
696
1287
1096
646
1370
792
701
925
1027
822
703
677
650
853
2343
752
943
921
741
684
889
665
652
674
1114
655
836
725
692
666
639
1044
1121
788
1161
733
779
821
1430
695
668
705
673
2382
1925
668
652
702
659
1441
1175
628
641
1010
682
2004
671
677
638
674
638
1051
660
1205
828
1151
742
676
664
761
719
711
761
927
1075
846
869
1320
713
784
718
1263
733
718
1213
750
993
946
862
1084
747
1020
993
764
679
828
867
679
895
663
1026
925
650
917
691
758
987
672
1115
837
1180
818
774
679
871
939
1347
641
833
623
985
932
1243
812
802
613
790
904
999
786
759
645
639
913
902
1080
782
826
616
718
645
1350
1158
790
1086
961
1290
714
1981
909
883
795
699
937
1830
2639
682
686
703
688
775
2285
2050
1132
722
675
2021
744
1667
2449
1131
693
765
845
2596
2075
1055
752
685
685
1982
2029
937
692
739
725
1618
2572
658
845
632
711
937
702
2436
731
667
673
750
1184
1011
723
640
638
637
631
1556
718
814
622
611
770
866
1384
920
932
773
607
895
1585
791
771
608
608
846
697
1094
612
674
615
648
624
843
618
631
656
686
644
763
1062
635
624
631
608
672
1081
631
633
881
1024
923
1176
1541
809
762
775
594
1589
1044
830
753
642
659
1213
1244
811
807
623
892
1184
626
631
650
618
1064
1329
667
631
663
899
945
922
856
861
863
892
639
869
886
959
781
915
956
1181
687
1090
863
943
790
714
1217
1336
720
2099
902
1121
794
1096
702
1132
1020
657
729
930
1709
1375
723
1163
800
1069
1089
1696
815
1057
758
890
733
1569
878
925
841
765
984
2231
1123
1380
1207
979
1003
1041
1720
1177
892
1295
1124
1042
1131
1395
1258
1034
954
1651
848
757
727
876
935
940
1785
805
790
1267
720
1926
1574
1061
975
719
667
2624
772
819
765
939
940
976
953
1031
1497
865
842
764
796
792
781
780
1031
1723
891
842
783
1139
1208
1382
1484
1703
1194
1668
1003
1302
1589
1337
752
754
1464
900
1612
1640
809
675
709
691
691
874
854
733
769
1895
1941
784
655
619
689
761
1144
1304
700
915
666
693
1325
883
649
712
676
678
1264
909
702
741
716
890
817
829
679
700
669
822
1264
781
689
679
658
714
966
795
681
906
704
824
1241
719
674
684
678
912
1285
626
645
636
1007
655
984
759
681
722
784
641
1232
641
651
692
697
703
900
902
638
708
639
848
1282
728
641
631
615
1336
1585
860
791
665
910
1417
897
617
1528
694
622
733
1078
2091
678
641
629
795
1602
587
655
613
611
865
1378
681
810
685
748
786
1512
670
644
675
722
1475
1544
735
649
762
608
1934
1479
674
789
784
827
2721
1878
718
804
646
848
1091
2035
722
669
624
886
1683
717
633
682
646
1238
1800
736
668
906
744
1886
1052
628
666
642
824
898
1087
784
814
730
752
994
1836
912
988
1219
941
1057
1276
1582
1012
1082
765
776
704
761
1024
806
841
679
758
1078
1288
865
660
676
652
713
1376
949
877
650
911
639
896
754
903
879
742
679
620
856
637
881
634
883
675
668
1125
3277
652
822
757
613
699
1440
1503
997
784
1153
911
904
869
900
630
663
675
728
1814
1074
647
613
685
645
697
1372
847
637
1377
1003
740
1015
1915
1095
911
636
803
1283
702
687
756
710
716
664
675
680
881
677
1460
720
642
639
861
940
838
681
722
723
881
2067
820
760
690
643
671
1471
818
873
712
852
876
869
1067
1017
764
692
624
657
654
1109
1988
913
637
660
687
639
1040
789
620
650
604
1329
998
1587
652
657
575
858
597
561
613
941
587
535
1872
610
653
1004
971
628
652
547
624
581
544
574
1457
665
580
630
641
957
617
577
594
632
982
841
664
918
742
727
725
705
1036
732
860
812
576
646
1139
621
648
611
1345
740
657
818
633
611
662
1177
813
719
690
676
696
1066
851
651
654
1026
615
830
1230
661
1025
677
656
856
952
746
571
592
582
567
1069
822
1422
667
657
696
646
618
754
713
601
643
1012
1275
695
675
694
588
575
638
650
597
587
610
605
1286
948
1130
723
1066
578
593
604
602
1298
1299
949
602
597
619
884
921
623
633
633
619
1587
1510
852
716
617
663
822
1315
824
594
746
637
1406
1112
827
613
614
797
898
1282
622
598
631
1376
865
650
880
680
666
630
1291
922
686
1934
980
634
764
605
619
663
686
866
832
928
1519
698
643
815
1291
589
667
885
584
1233
612
590
970
631
585
1392
842
623
678
672
869
1595
930
1153
698
660
637
1165
673
656
1203
692
1435
919
654
649
632
1105
1241
666
612
627
821
2207
661
1065
810
820
800
868
1183
670
810
861
1361
837
659
896
1286
1027
889
650
641
738
1018
1065
691
