3509
1323
1294
854
1212
999
835
657
625
1223
968
1074
1068
952
645
817
1311
596
599
2081
975
739
624
680
635
614
614
1193
1455
1128
912
1133
1175
747
1083
1088
1063
1516
1336
1457
1026
676
792
642
892
1454
1269
971
1074
726
623
1103
896
682
642
627
1261
1546
1023
808
876
967
808
644
630
701
846
1147
1910
805
607
711
844
657
873
1023
663
1096
722
729
2371
1138
741
622
871
828
1057
820
816
799
623
668
1082
1023
821
693
1016
781
1913
764
872
625
641
641
1633
1520
982
638
898
949
642
880
882
940
1044
1231
840
775
645
634
626
641
603
858
619
655
621
981
1093
657
723
713
605
751
818
914
601
866
609
1051
1155
736
677
665
684
684
1137
824
844
784
656
919
847
894
640
895
620
826
864
845
885
880
826
753
697
685
772
678
619
816
890
855
850
723
831
846
903
848
897
858
923
639
985
715
893
839
905
862
654
810
836
819
706
808
1579
1453
912
861
875
948
1621
715
755
1369
1254
1012
968
1068
830
845
714
1932
682
825
737
939
809
1128
1181
659
817
693
719
2338
2828
1254
829
619
917
822
2512
669
662
686
650
1830
1568
1007
638
713
819
1142
1824
997
726
677
1061
1931
612
989
681
644
871
856
891
899
817
893
649
1206
1516
725
709
708
1926
955
701
618
618
728
650
1832
889
912
668
640
706
1627
986
652
673
808
900
1464
775
738
657
804
1402
1343
1071
923
731
1168
732
953
995
2639
787
748
789
796
655
625
767
705
764
1955
693
844
916
773
698
1891
1026
719
1622
855
637
841
634
1042
704
730
632
876
1026
1681
862
851
779
641
1143
980
1020
841
1685
1073
754
1576
1686
710
653
710
890
1071
704
1912
846
785
837
734
1114
1040
1975
1085
1106
1140
1060
1031
2054
1239
1699
842
1032
1311
1245
985
1200
1142
1201
1168
1630
1209
1824
1059
980
1025
956
970
857
840
880
1102
1234
1072
1508
1260
720
998
1177
862
1237
1589
1377
993
956
962
1301
1574
1806
1395
1359
1151
954
2369
731
675
630
1481
1083
691
613
669
662
711
657
1815
1877
1075
735
936
702
1419
942
813
1570
1392
1024
849
1274
1190
653
782
638
1367
1853
938
751
1029
1052
911
1085
781
2664
1651
657
772
764
767
1432
723
968
2044
1091
929
739
655
621
796
748
799
895
996
856
943
873
914
638
1059
631
851
651
1126
860
659
850
677
1539
874
817
615
843
1180
940
623
615
714
841
1227
661
729
636
839
1901
979
916
997
1722
1191
816
1887
1267
1064
679
841
677
1646
642
710
971
1146
1327
1746
735
605
679
621
968
804
1929
786
850
688
874
625
1056
595
1024
755
1159
1505
1022
709
636
934
675
1045
800
669
1497
881
825
1093
658
845
664
633
865
919
1365
1027
645
896
857
1017
662
895
884
893
819
753
934
856
941
664
864
908
864
916
702
1174
996
673
988
669
819
837
842
953
699
640
1136
959
632
766
868
844
636
848
1015
644
815
657
854
735
718
633
650
858
887
638
838
862
927
664
996
817
729
745
1697
983
634
874
654
859
1955
1026
739
627
624
1101
776
616
616
636
894
720
871
781
667
765
690
656
1364
842
676
603
1031
1473
936
678
851
849
628
890
1469
627
833
840
1196
1951
979
861
661
855
835
868
647
1509
730
670
713
674
1750
629
654
622
618
1003
732
620
762
617
741
958
894
957
825
1060
1219
895
645
696
745
638
638
855
847
870
1415
2207
1253
800
743
766
632
630
1269
1154
1416
709
677
616
693
867
945
642
737
952
1157
623
876
900
819
980
685
849
716
926
1394
703
602
1234
1156
1077
630
645
685
1984
1228
626
878
633
902
869
846
870
1706
946
787
617
589
806
673
620
610
2335
1011
723
1087
675
961
1203
659
637
634
1001
1452
873
898
983
614
909
655
877
1016
617
656
1360
1142
646
852
805
706
726
868
1104
2476
1132
634
591
666
753
1296
890
645
620
857
899
1002
2065
561
603
601
621
668
2377
1056
959
994
678
637
867
865
874
620
920
652
638
653
731
1326
621
687
607
597
625
1885
706
642
935
634
635
1849
1498
611
744
1144
700
626
1975
1363
632
633
604
707
2007
853
920
595
634
646
655
1853
798
625
2847
881
716
657
615
1062
639
623
595
1561
1140
893
723
724
701
686
725
909
774
685
1069
1085
872
790
1008
750
692
691
688
717
722
1325
1243
1198
953
872
758
1574
1578
1744
1099
779
723
691
700
689
858
717
766
734
1465
1293
1257
1115
1085
1344
1295
829
1289
1098
731
728
728
828
171171
1057
1037
833
780
753
775
732
821
758
785
1005
1065
867
1005
764
741
937
806
727
762
1000
1212
944
748
772
867
762
750
756
793
1168
1020
758
773
1093
923
704
723
605
766
796
1427
1325
984
805
794
775
810
886
862
1079
1356
1303
853
807
821
773
767
867
1079
908
944
1151
836
826
910
811
1017
857
774
1080
1248
990
796
831
774
818
789
807
837
1071
936
919
1243
879
943
804
867
