2684
1322
1635
1206
1090
1900
1341
942
916
784
692
956
1757
973
934
1067
737
859
657
675
723
2053
1141
1370
950
700
855
690
875
980
2352
1270
1282
1494
981
791
736
1071
2156
1043
1130
1024
763
837
789
738
959
1383
955
1233
918
792
867
742
718
1063
809
1875
1064
1158
736
1847
2119
1021
1962
1220
1161
1215
1161
1232
1325
3748
972
920
824
830
832
818
930
1364
1120
853
1088
772
2424
1004
970
1310
998
958
1804
1576
998
765
1377
1387
1579
1098
806
983
1562
1623
1309
1061
944
961
1009
1012
1593
989
1180
964
757
960
882
729
744
1653
971
761
736
1717
1592
767
796
922
1251
726
655
736
684
838
661
937
1221
644
659
1265
707
691
1402
877
729
945
754
920
727
2155
843
696
755
672
665
1844
1678
681
638
955
772
756
1777
1166
688
810
750
879
1404
978
952
1049
677
681
798
1277
1834
1258
1039
984
963
931
903
747
926
1107
1194
661
691
889
1371
986
921
654
847
629
2117
1289
1283
646
887
642
821
823
2026
645
1034
736
659
672
1109
876
1105
683
651
625
1204
1329
1139
940
663
851
653
889
654
945
899
632
1415
671
639
759
1176
1564
646
832
644
813
1231
671
1130
820
657
723
643
612
1614
637
684
957
929
653
1465
1501
670
702
627
636
685
1499
1007
810
732
659
636
627
1308
1795
640
577
747
845
2520
2424
669
663
594
617
697
1216
1170
1028
834
703
1559
1600
1546
851
793
1061
634
703
947
1164
630
1027
1047
1234
824
2171
1899
1497
1678
1283
949
670
1221
846
798
659
793
1275
812
1010
1012
692
810
986
933
875
845
935
986
1311
666
1196
1328
1058
857
1119
1086
1354
1015
962
1641
986
1288
971
746
1129
1864
2496
1165
1072
1221
1204
1774
1616
1231
1243
1176
1096
919
1020
762
891
1036
1094
1068
875
1097
1095
757
872
1287
1198
1339
1029
890
709
643
671
646
673
1466
1219
812
812
842
623
621
690
692
1113
2424
967
657
661
661
992
997
648
734
1007
1499
1142
1236
691
665
749
618
700
1029
1486
1346
909
783
1063
1443
642
654
1280
1429
912
731
786
735
704
737
713
796
1089
1337
912
765
1101
952
983
802
740
1620
1033
1622
755
737
688
683
711
689
698
1095
986
700
722
651
655
683
728
657
669
684
839
827
721
771
698
700
697
686
680
765
698
718
658
818
682
709
721
676
707
667
698
696
745
755
741
725
1061
745
713
680
672
655
700
682
980
744
752
820
1140
996
704
672
609
869
702
728
705
721
714
706
771
709
841
758
732
699
693
1176
861
918
2198
778
792
717
687
676
810
667
749
903
1951
1067
844
708
673
700
807
681
633
708
678
693
786
716
733
689
773
691
688
666
935
725
687
710
766
735
1044
696
782
735
687
669
1085
675
678
670
736
718
948
701
714
712
709
664
960
759
651
660
697
789
1181
884
891
989
950
906
1372
2195
1266
1037
768
749
1018
821
931
842
979
1260
889
763
687
661
696
655
690
735
660
680
637
754
737
663
712
695
653
664
694
650
700
655
790
931
623
942
639
686
871
653
617
690
983
873
1266
801
835
841
738
719
992
739
814
775
884
745
886
994
697
761
1016
771
1044
829
944
1387
853
722
736
731
747
672
716
691
682
698
766
750
711
704
737
670
707
667
691
665
708
750
699
1111
896
711
774
835
737
870
678
659
884
1067
766
955
1265
1262
925
1180
702
903
688
769
1002
854
2469
933
933
650
663
846
703
770
600
895
660
1641
658
602
603
706
603
604
1906
897
747
685
869
1626
657
665
680
841
648
656
1071
629
594
621
977
871
790
1627
617
702
657
641
990
2148
986
675
692
618
879
1309
1117
791
947
1099
972
699
902
1165
693
594
612
682
1179
971
1343
703
671
650
689
1138
637
683
866
765
1157
760
819
729
746
678
681
673
793
684
717
1333
755
1101
917
872
751
772
667
736
913
648
1238
729
642
865
636
780
854
664
630
607
595
589
1292
694
1066
1074
651
588
661
748
1175
608
808
1104
971
765
631
668
639
723
654
962
623
636
608
1192
851
692
641
599
627
625
619
1242
625
641
604
1372
787
657
828
617
639
628
638
617
621
643
683
1026
1341
656
637
623
642
643
849
652
646
641
615
1551
941
808
742
697
689
1345
638
737
617
613
919
788
616
651
630
626
616
863
630
619
606
798
970
713
612
668
655
661
773
623
631
603
594
618
1863
735
678
694
683
834
1129
675
744
776
679
864
1142
718
771
683
688
806
666
699
667
672
1050
1174
909
811
582
642
925
1594
614
625
1015
846
1989
755
631
574
573
645
974
594
697
816
1250
813
719
735
724
718
696
745
716
729
759
946
1030
680
738
735
740
769
853
744
654
728
740
1454
784
741
718
706
740
748
708
760
689
716
707
1208
828
750
683
764
723
731
747
759
696
814
772
1035
764
711
729
787
758
689
696
741
708
783
1160
940
732
741
740
812
733
