2964
1113
884
809
1048
1571
701
610
593
714
587
838
711
847
939
925
891
1185
652
754
614
634
610
1199
2071
598
626
666
611
1486
1578
640
1328
858
1543
742
806
911
819
675
923
1669
898
1563
661
813
610
781
1153
781
726
774
1338
703
654
1514
982
855
839
811
828
819
1571
1165
754
662
664
808
850
879
920
782
830
1196
721
818
645
656
835
842
844
830
848
873
1436
1017
678
836
859
871
845
838
848
869
911
932
751
651
683
705
647
1605
1681
552
583
592
907
1770
1026
565
676
605
581
588
1852
1099
643
635
581
615
1405
1136
615
600
642
662
2682
621
842
842
812
792
791
843
798
784
1336
965
706
712
621
650
630
631
633
683
1058
644
810
678
1018
716
805
627
613
622
595
610
973
709
1357
595
949
601
831
817
764
576
581
611
690
648
769
777
598
601
571
626
973
778
621
661
918
1702
903
632
581
593
1130
1083
806
594
669
567
1848
1154
834
723
867
791
2433
690
714
699
662
1812
2291
607
662
912
977
1216
1418
980
900
873
863
985
646
676
896
679
853
1498
865
1265
1415
1368
12452
7145
3307
1599
983
4725
1067
1195
10510
1161
1119
1335
1459
1548
1504
1455
4069
1226
1272
1345
1314
1298
2255
761
758
704
777
802
825
912
1083
1247
1348
1238
1093
1102
956
2736
1397
1290
1071
1106
1595
1394
1244
1065
1106
992
1188
1137
997
875
1100
931
1290
4344
1506
5439
1419
1739
1360
1459
4330
1750
3665
1485
1554
11452
2002
1541
1219
1386
1382
1357
1252
3018
1412
1305
1375
1485
1325
1219
5221
5171
3699
1845
3125
1330
1207
1332
1519
2167
3883
2073
2022
1351
890
681
1018
1726
995
1274
788
708
802
1503
726
1840
1021
680
1373
1447
692
689
662
1221
2768
919
1005
1048
761
650
802
955
1348
1035
969
694
1234
894
670
885
698
2890
670
851
658
698
679
722
1207
1288
684
743
676
782
1272
664
666
643
868
693
1220
680
723
650
723
759
1087
1333
911
666
672
679
1201
1277
623
633
616
697
1104
1204
636
610
616
816
1579
880
676
631
638
670
1152
1156
865
673
648
672
1052
1341
879
746
773
753
1243
891
623
709
934
696
621
1171
859
668
722
1161
1623
1100
1005
852
704
1057
2639
935
670
659
688
1096
1242
687
829
670
702
644
824
691
637
670
993
980
1011
899
1042
735
695
831
644
865
896
824
898
903
879
846
976
694
675
689
710
662
656
716
662
694
755
636
623
647
665
639
617
654
719
665
671
670
1828
843
695
676
686
664
621
634
620
672
674
790
716
1091
671
627
643
859
1217
1682
1184
878
669
621
712
755
1297
733
690
612
615
613
805
1351
787
643
592
620
622
863
1322
863
620
656
748
702
834
1247
641
686
620
645
913
1273
646
704
721
654
610
707
940
632
625
621
633
737
933
1541
1008
889
741
700
668
1293
644
850
863
860
882
832
876
852
865
855
855
847
842
897
693
830
856
874
846
882
819
839
851
1051
651
745
726
749
657
641
745
662
634
717
678
645
740
689
728
776
843
768
704
1223
1195
1089
1441
707
656
618
642
1457
723
1592
876
608
616
593
721
1294
1416
659
622
607
614
760
1298
606
699
619
539
493
588
764
898
550
522
1104
692
536
707
528
2237
1326
821
643
813
648
748
708
675
782
814
1116
1131
704
949
591
904
656
611
993
649
975
588
995
983
700
736
715
700
707
702
1070
561
679
710
967
572
816
736
574
657
579
1158
1112
603
563
1237
1041
610
573
566
580
572
601
569
643
570
577
552
1043
848
1086
744
565
596
667
879
930
555
581
802
789
926
1031
616
643
589
588
913
939
556
564
668
1421
610
1677
613
643
577
565
578
1028
992
613
832
641
634
564
622
562
552
558
1038
752
609
544
1319
862
1234
620
591
604
608
599
593
600
575
1050
788
580
1837
898
827
806
590
562
768
560
573
1255
702
629
611
604
608
615
582
584
922
632
582
1177
691
1627
908
631
650
584
630
1000
644
583
1398
824
806
683
691
664
640
624
603
1041
931
703
671
657
616
831
579
630
603
626
995
1611
722
667
587
598
965
590
582
598
585
611
612
1408
837
642
583
586
1029
634
603
571
641
857
584
1224
841
624
839
796
615
618
1009
596
768
2227
1000
577
583
581
1196
1193
654
605
601
1171
809
1084
640
614
571
590
1022
1140
631
631
609
1380
1366
1025
629
607
580
727
1028
587
724
599
1061
670
596
629
625
605
639
604
1199
694
598
613
1144
996
747
764
639
661
759
706
785
815
704
1275
734
656
665
688
638
598
653
616
609
838
612
1382
699
642
609
1234
1134
652
636
646
592
1364
1267
1170
610
621
605
701
926
1595
622
597
650
1466
714
685
626
690
637
673
627
728
1557
649
591
1195
643
630
1260
638
719
934
656
1559
610
1273
687
641
645
664
815
623
636
823
746
645
615
1955
805
612
667
600
615
996
807
604
607
617
990
1351
778
687
624
602
645
681
