3071
2030
1263
1778
2098
1171
927
587
593
638
1056
1215
654
1685
868
991
1030
1017
694
659
680
824
869
2009
1003
915
662
682
669
647
621
797
691
1533
1993
1197
1103
853
733
849
1389
3212
1000
981
870
880
869
854
824
907
2243
725
636
658
632
620
622
630
638
606
603
663
982
1114
626
624
614
631
605
638
679
1076
658
612
1321
1182
869
783
873
776
770
694
1135
1251
1274
858
717
655
605
627
809
613
639
629
610
832
1640
622
1268
638
584
1979
775
686
640
1278
617
760
832
801
645
691
621
826
620
641
702
707
612
799
616
653
599
644
825
850
584
622
1083
606
875
836
631
932
590
2413
1485
2278
673
646
615
714
1049
869
597
605
682
659
654
1700
676
662
632
693
643
710
847
788
885
758
1074
1410
737
696
656
698
728
760
688
662
630
593
1334
1564
654
634
620
604
816
976
581
681
639
595
648
1753
635
633
632
769
859
811
1393
660
741
938
663
988
631
639
939
927
689
885
866
855
868
835
818
887
853
873
742
874
823
840
869
901
882
855
870
1180
818
853
777
724
1872
941
703
671
748
672
1282
1179
1004
780
974
933
1245
766
856
734
730
915
623
627
656
654
627
893
1053
608
694
685
662
747
1236
624
653
659
797
630
1174
669
631
647
678
658
1380
739
618
703
651
659
789
905
1393
644
630
653
694
1089
1250
671
650
699
725
635
1169
878
643
667
918
708
634
1459
829
635
622
632
637
695
1200
615
626
663
610
624
1206
1360
656
664
655
630
804
1358
1551
677
650
634
640
876
849
1226
641
653
623
636
624
1269
646
610
686
621
642
1441
1742
628
644
644
641
648
1527
1777
955
847
2093
950
1031
1095
1002
1198
1106
951
1143
1697
2334
1207
1231
1035
1147
969
782
1557
741
994
1087
873
1008
1890
1064
1017
819
998
1114
1162
1052
932
683
960
1170
1083
2173
1083
1155
868
712
1195
764
2157
2182
1073
1251
1267
1326
1416
1642
1187
1133
1315
1349
1162
1505
2268
1537
637
556
539
533
616
559
569
591
529
1491
529
565
596
614
552
566
549
577
580
566
637
660
833
631
558
551
567
1030
557
608
550
583
1009
955
637
671
550
584
577
548
564
602
578
556
563
599
593
601
574
839
587
1085
572
651
617
567
1074
1001
546
591
554
608
1215
780
618
632
581
643
633
650
612
613
624
646
603
1007
593
664
585
577
1294
768
567
571
648
665
1150
635
622
608
626
589
828
621
624
570
699
809
820
812
620
806
814
574
589
590
574
614
623
1130
873
601
577
607
551
1171
643
567
619
573
616
1202
637
638
620
614
584
606
1512
611
644
580
588
590
1194
575
576
614
625
932
1032
599
605
606
598
793
1530
611
618
604
608
1172
600
676
626
630
875
679
927
788
729
728
1120
1508
756
684
611
622
634
937
599
634
629
627
644
1104
597
637
647
617
1459
654
640
657
623
644
724
638
612
814
1020
844
1290
726
621
613
606
837
1026
736
681
654
621
782
628
597
594
620
634
837
1092
663
639
612
617
658
610
602
643
610
772
1119
694
627
607
621
602
962
627
645
646
644
631
3322
1683
1061
1089
1239
1392
1523
1088
1103
1100
1059
998
841
799
938
681
927
2036
773
635
645
607
603
593
591
699
612
607
2486
642
650
742
751
695
891
844
620
595
703
1772
690
625
617
676
818
673
615
856
1187
713
710
900
842
735
1109
675
617
629
602
604
1325
681
1107
681
655
643
1151
916
589
644
602
682
612
1312
876
643
652
642
617
3317
681
663
656
656
1240
921
817
766
818
595
666
772
816
870
843
584
1123
753
860
1205
806
667
582
598
1239
728
840
701
1482
684
652
766
1302
615
620
654
689
908
1024
771
980
651
620
721
954
1439
876
902
616
720
1592
1085
656
608
669
693
661
927
1439
756
825
1047
690
1562
964
833
884
585
594
665
824
641
1142
686
637
616
695
1235
665
641
655
659
630
1807
989
731
722
634
945
730
1682
708
599
1255
671
763
846
639
638
656
619
631
884
1469
1246
801
652
601
638
891
1243
799
922
619
874
912
1075
880
662
853
847
847
586
812
605
804
783
1583
702
695
702
682
753
1494
634
638
662
661
2506
789
1078
820
740
1246
730
737
675
659
647
1283
730
619
649
623
1220
749
763
743
732
860
625
1200
744
632
603
1141
673
646
632
602
661
598
882
891
696
636
610
816
1132
785
613
671
805
799
1722
1087
843
1000
932
963
2115
1159
1685
762
665
1192
904
689
619
674
605
1093
871
1383
756
678
636
1188
832
635
733
657
986
1717
791
653
693
640
778
1461
668
742
693
703
854
842
855
660
651
784
845
617
819
1378
765
638
627
628
656
612
603
598
622
1342
1028
595
781
699
742
945
679
664
674
597
865
849
1375
675
819
913
752
654
871
3474
664
1330
741
773
678
616
655
636
671
756
855
743
641
624
1275
827
1199
631
