1373
1129
1741
711
627
641
598
594
591
1626
607
1280
1207
1393
625
866
826
731
912
617
857
1311
1371
662
1674
692
651
648
635
976
1072
1006
803
951
1014
1527
790
1188
980
650
1166
810
631
1147
861
602
571
629
690
612
766
817
698
628
604
620
1060
1169
879
629
649
682
656
903
1011
620
861
633
629
842
870
869
907
841
635
934
852
852
863
855
850
857
866
875
834
829
882
857
823
670
883
883
844
807
801
789
825
901
833
821
834
821
764
828
809
613
837
790
797
802
899
575
785
802
800
804
825
826
818
825
910
603
838
844
832
821
803
765
784
787
805
792
843
820
796
789
782
647
618
580
763
800
767
793
888
582
806
806
578
775
837
807
786
818
788
808
891
613
873
871
945
920
825
834
725
652
827
838
636
802
634
615
614
630
622
600
601
655
573
575
612
606
675
656
658
656
615
618
611
684
2065
599
621
595
686
672
1657
712
615
636
626
611
1927
631
749
709
629
601
1201
870
920
807
917
902
947
828
867
883
891
1352
1303
871
868
804
1255
795
953
767
758
648
612
668
1629
776
707
635
654
629
938
769
638
625
671
674
1145
845
644
624
607
942
1196
829
854
933
862
823
815
820
825
777
798
797
844
779
789
778
725
611
742
609
777
805
808
804
857
798
776
838
794
759
805
786
789
796
790
789
775
769
678
606
812
853
834
813
843
804
769
761
785
637
819
818
843
815
805
818
817
825
832
822
806
792
829
827
632
855
773
806
829
779
793
786
782
628
808
857
780
788
623
758
643
803
854
865
768
663
865
869
829
812
810
631
819
713
628
853
842
849
929
821
628
787
839
854
845
864
869
842
821
859
641
796
841
831
834
641
844
824
829
796
855
613
820
816
823
841
963
680
796
848
855
663
986
960
970
904
1127
1006
1136
950
956
940
936
813
742
969
742
1098
801
1073
950
1187
884
1147
1246
1195
869
828
1137
875
1062
881
1132
867
828
1157
897
1175
828
1361
1386
1931
1105
839
863
799
907
977
1045
808
1429
1118
1102
717
649
1280
1836
1593
840
900
710
1022
1152
655
698
730
1315
1553
1001
1111
895
648
648
656
689
619
977
1851
947
1071
768
717
645
612
672
664
699
730
1498
918
1032
699
647
651
763
647
655
786
744
1267
2005
937
877
698
663
1132
1024
1511
1178
990
763
7916
1506
1469
1152
10651
1248
1332
1386
1140
1783
1090
796
736
753
1179
1290
1844
3194
1382
2124
1353
871
730
900
686
1226
731
788
652
864
859
1038
689
784
739
674
887
908
1098
661
970
660
629
759
921
1188
672
703
671
654
802
1280
638
663
681
619
646
968
1166
772
729
652
631
776
918
1129
663
691
649
672
731
898
675
684
727
655
962
1066
1292
645
672
688
682
632
1118
1416
663
804
668
896
1171
638
626
651
664
1539
655
793
625
643
752
1285
664
665
661
602
698
1303
987
714
653
598
857
997
654
602
659
696
1034
1120
660
607
609
641
781
1012
674
597
657
600
691
1358
706
657
599
610
1026
970
1083
743
694
597
741
1164
639
624
650
656
606
759
1214
822
757
686
616
725
1054
1257
808
758
639
748
973
1367
813
790
757
791
1053
1295
764
709
691
809
1973
1164
644
791
655
969
1161
666
624
601
693
758
2054
683
681
604
600
781
2052
692
732
619
624
705
1183
713
631
616
634
703
2448
701
657
635
756
698
1883
1150
671
591
652
901
1026
1863
674
793
724
734
1221
874
807
717
881
880
830
955
835
1068
763
806
748
795
751
732
830
751
707
776
841
736
702
749
697
1018
667
644
653
677
782
1493
625
590
650
641
867
1148
681
624
666
634
673
1219
640
636
578
621
588
1966
888
633
597
606
624
855
1581
686
582
628
929
745
1787
762
703
747
717
1001
1003
742
628
672
858
649
677
644
724
645
698
678
1013
597
590
612
603
944
1256
908
841
829
793
664
704
574
587
573
589
831
605
594
593
664
686
617
627
589
613
637
648
904
675
696
643
617
678
1148
691
626
615
592
646
1179
768
700
725
935
814
1244
876
968
684
866
879
865
1268
960
818
937
1393
729
710
749
1412
676
776
774
731
1167
614
638
831
775
865
1099
854
768
900
1361
808
779
1016
782
1507
1775
699
721
741
685
1032
679
721
783
717
1262
1550
683
752
638
668
1519
698
679
889
914
726
670
867
1795
650
670
698
603
555
2451
1036
717
1075
893
2095
677
620
907
1164
1167
680
963
1940
733
744
708
695
1657
1157
910
1020
714
666
1359
874
1584
1139
975
882
975
1058
897
940
949
935
957
955
891
942
828
821
866
817
1023
961
1215
910
1179
884
850
904
848
1464
1202
921
1266
1387
1356
1334
1055
1258
975
1021
1369
1142
848
773
1040
1077
1208
658
627
1564
1665
934
1168
1000
2632
931
889
1422
1038
901
882
1885
784
1020
679
2063
746
1315
702
665
