999
771
645
1318
639
639
988
653
2677
1503
788
650
661
639
639
1464
631
646
1709
1215
758
682
618
634
641
657
1119
627
681
1407
706
1102
998
778
1592
1413
1333
1282
1319
1186
976
634
849
871
642
625
1027
1259
909
849
659
706
671
650
727
884
725
2604
705
631
620
835
723
1030
661
883
1286
1135
1141
1912
840
615
640
635
676
663
674
725
673
620
852
1207
646
676
645
642
690
764
961
651
681
637
659
1291
993
841
808
672
1269
3472
1129
770
756
678
690
1343
1127
818
774
639
843
1226
602
640
600
1473
743
613
877
589
897
659
629
637
1007
831
1021
872
657
1240
1337
629
583
707
804
1081
878
883
771
648
923
650
806
679
590
622
595
1124
1535
1246
602
591
606
1243
1096
808
704
786
899
1596
1504
702
654
655
670
1250
667
735
659
1246
998
1459
793
670
695
645
660
881
744
1401
702
653
661
667
803
703
721
1000
948
1191
1059
961
937
925
915
945
952
894
1246
1063
880
1037
807
795
794
799
779
860
863
1234
983
874
1137
1133
846
1098
982
1136
813
1076
1416
730
856
856
947
650
721
875
833
1168
859
925
898
864
862
946
641
893
1040
706
764
658
819
786
756
683
726
869
897
856
1070
849
655
868
1003
686
892
906
966
701
743
1167
758
701
1011
773
849
968
887
686
665
953
675
961
1212
684
665
766
897
657
949
904
1189
1021
723
760
879
1374
714
688
627
1529
2276
1128
653
711
698
652
698
2061
1330
680
659
653
1018
781
1229
949
632
731
841
754
762
1362
1244
663
620
738
631
1340
1430
855
774
758
713
712
901
781
715
891
960
931
1554
723
654
700
683
1233
1114
1451
1974
1404
914
758
942
981
829
1205
1271
1618
1151
929
1050
774
907
1121
1159
707
1173
1388
1203
1151
862
1500
1323
1185
1793
1178
959
801
1203
991
1296
1021
1006
1376
988
912
2459
1185
1560
1186
1174
1329
1316
2467
1014
822
794
740
1574
1756
888
2232
1513
773
1022
2747
868
848
1667
1003
793
893
1302
1295
735
940
1714
1430
1859
1297
729
691
746
670
2493
1227
979
676
1421
1114
671
740
1999
853
2127
808
842
834
1482
948
696
1525
1201
1197
890
1754
1055
697
625
698
2382
1179
1242
744
902
861
1199
699
627
1879
987
792
3671
1133
1037
1668
989
647
761
661
759
676
633
743
873
676
1128
890
715
936
1396
754
663
650
630
910
2209
1164
713
639
662
1368
661
732
661
841
835
970
1100
1416
1014
690
679
1383
709
654
662
647
2435
1460
662
649
683
970
1142
687
902
1266
753
1128
1084
752
650
638
608
1318
2177
722
635
719
892
1054
638
651
610
914
1619
684
646
834
706
824
819
1272
912
753
1219
1106
1149
1238
673
691
1016
685
1276
1163
1149
1088
680
843
666
928
668
980
664
1397
1476
950
711
889
1169
679
773
792
709
1068
744
1240
901
655
1032
743
892
897
903
1091
717
869
885
895
1074
649
851
879
948
1068
728
692
692
921
703
661
913
623
631
1005
858
776
711
644
946
674
697
846
1023
1022
1233
839
3176
732
1049
728
800
929
900
1379
1293
735
891
808
966
666
928
872
1829
990
678
685
847
666
704
767
1129
829
673
721
1264
707
815
898
702
730
699
1258
844
709
951
752
597
2348
837
740
694
675
1129
1505
650
665
1058
683
1381
2073
1154
645
1123
1154
1513
738
872
936
939
926
865
1485
788
1332
885
833
1361
1381
1302
2417
1398
825
721
973
1156
1081
832
958
1468
1177
775
659
881
942
646
652
614
1212
1655
1517
700
627
700
672
1030
982
978
916
953
931
753
894
953
840
1564
1055
2250
830
738
722
644
754
1305
1576
1688
672
660
768
681
788
981
3384
1093
667
648
622
982
1190
1540
845
1585
764
990
743
1453
629
908
635
878
1354
793
1725
857
627
990
710
627
828
1637
850
985
857
630
774
1240
1398
967
663
760
1588
863
1341
750
741
890
652
902
1022
675
1650
1601
1198
855
924
864
1090
641
952
1844
987
990
686
644
632
733
889
856
877
1717
1017
801
744
739
824
680
1567
884
691
1317
875
713
1273
1227
685
849
654
649
1238
2081
1072
753
785
653
770
1482
1037
902
785
906
1438
936
1636
665
601
601
702
619
3141
1112
660
618
654
623
646
916
634
630
603
1480
986
744
1657
889
863
604
603
896
2898
811
709
608
627
935
1536
1445
598
915
1120
801
826
1539
702
631
618
607
1457
1431
1571
915
663
730
1024
1228
728
1867
1012
1480
790
827
1514
1107
1262
1939
2154
2249
1105
927
972
1140
1911
1660
1013
1020
1105
813
736
2225
1236
1137
643
796
1210
988
687
620
742
1130
1091
946
715
765
754
866
733
638
673
1177
859
690
656
1441
895
1445
823
2084
2051
1135
677
652
699
1886
2588
1226
1304
783
690
680
982
875
659
1129
1077
677
1259
638
634
864
711
814
2179
976
795
658
633
895
1363
709
845
906
1029
1052
748
771
788
880
685
654
1154
2338
1101
701
626
951
1474
1664
686
1131
1088
872
1773
707
817
584
693
999
659
