4344
3172
1984
764
732
1769
979
679
618
1705
1240
766
2056
1138
900
656
906
1584
1604
1665
973
726
705
721
936
731
706
794
893
958
1673
838
923
1172
1176
1103
2388
864
825
927
718
645
1041
787
714
781
926
711
1714
667
668
699
919
1149
641
873
661
656
747
1759
646
765
688
688
1194
1753
653
751
657
689
1805
676
780
697
660
800
2305
673
675
669
980
851
695
637
734
696
688
1517
1834
695
719
659
675
1722
662
774
698
668
679
1496
1847
650
698
670
702
2133
782
771
685
655
816
2216
1352
818
826
722
667
759
1953
1878
744
659
749
734
1907
1404
675
677
661
956
674
704
625
658
678
639
763
1799
871
647
665
613
772
1336
1050
667
626
696
873
1437
1110
674
658
647
2870
623
617
617
614
809
677
876
1436
883
884
664
727
705
832
1576
875
651
672
847
679
1826
1192
636
662
685
733
1023
2643
978
991
963
891
954
915
1425
940
933
983
943
918
949
918
954
916
918
948
948
920
960
950
745
754
666
2306
683
663
694
1019
792
784
776
1012
733
823
827
998
1095
971
1016
988
984
954
1003
1045
954
644
790
688
694
664
1043
661
955
733
637
898
890
791
990
673
910
671
909
639
1077
1038
946
931
736
929
895
699
907
729
703
659
896
878
695
945
679
888
664
914
1476
900
679
657
618
643
789
677
705
803
1330
722
896
698
757
803
705
651
727
886
945
874
903
903
674
886
895
735
694
669
667
892
832
800
730
673
1417
665
688
721
813
688
927
832
644
653
649
772
831
687
675
757
730
727
935
656
884
673
940
1419
717
631
685
742
696
692
1319
750
652
694
620
1254
627
844
870
822
940
958
1174
777
799
716
999
925
712
1053
933
1156
733
1443
1100
1159
1204
699
1650
1412
883
870
766
1140
1235
1632
1166
879
815
849
851
942
1013
986
1380
747
1078
821
1214
798
861
1004
1012
1855
1116
1131
1132
1707
1490
1586
1071
1400
1053
1036
1495
1388
1062
1484
816
795
2430
780
793
1088
1087
2360
1072
1029
864
1319
1211
898
2562
836
1036
952
1038
963
974
1005
981
1089
779
801
2043
2356
876
815
1261
1305
1029
2528
1289
1767
1585
975
2805
1397
1179
775
742
1272
1602
2228
1339
944
1008
1097
803
1779
788
961
708
761
758
1393
797
765
717
934
950
1558
707
724
685
699
1481
783
782
703
825
1504
1263
689
687
635
682
641
1036
807
733
659
659
1118
1234
689
690
724
676
919
1221
725
906
710
644
920
881
775
678
672
702
728
1749
685
646
661
710
781
1144
677
672
692
1187
704
916
669
656
685
696
632
1125
681
644
669
697
1353
1350
681
660
685
675
1502
1418
661
1031
660
676
1211
1453
1008
746
821
1100
2692
1466
1188
1168
997
997
916
1020
1122
923
806
1123
766
771
696
831
756
792
1546
719
771
806
1173
926
1766
1339
932
829
871
881
916
746
703
790
756
1404
1627
618
672
657
689
1911
1501
679
738
1236
997
1568
1076
731
733
810
806
790
995
1345
847
1018
1277
1208
1323
2032
1002
966
870
1164
1786
1925
1043
1174
880
1022
928
916
901
984
898
800
1069
1345
1586
728
1213
929
1284
1329
1519
999
1048
912
944
1286
970
1883
1070
1406
1157
904
1200
1076
1885
1013
919
1216
1112
947
1850
1033
1032
1096
1136
989
1409
2215
1575
1779
1062
795
882
2769
1901
1697
1244
836
1192
961
1957
894
2230
859
1289
1234
834
1148
1165
1913
1155
1174
1065
1058
816
1151
898
1427
1000
1276
953
852
810
851
2164
1463
711
978
971
1162
1032
2104
1733
1303
922
971
1215
1733
1275
1457
1006
915
1080
1178
1312
1256
1068
1807
909
1221
1429
1087
957
1106
1041
1259
883
1043
1075
778
890
773
871
1164
1929
743
983
928
756
896
1439
2539
1096
1117
1054
791
902
1356
776
778
1160
1194
1161
958
816
722
953
1278
1989
930
1002
857
1289
1072
2038
735
1400
818
866
1876
1127
892
841
1550
1111
1179
860
752
751
1260
1138
1923
872
813
734
1910
1531
1073
1138
2692
1206
1517
1833
1132
791
1216
1153
1658
1686
892
938
932
1018
1228
1083
983
735
751
1062
975
1035
803
903
1620
862
1076
962
896
698
798
706
700
2194
673
665
695
672
667
1719
1734
717
692
1180
700
1651
1242
673
854
658
779
899
2485
741
707
691
811
991
1477
736
664
1207
883
1073
1406
787
758
680
704
1100
1757
811
700
689
995
721
779
715
649
675
893
1036
752
692
643
784
681
949
940
936
661
1579
766
756
1453
1255
667
661
711
647
1595
1592
741
730
666
701
1107
1217
766
718
698
1106
667
680
664
635
733
693
763
1230
804
1259
730
663
1806
1103
674
635
635
919
1658
1020
835
937
769
1631
1435
957
1691
1096
920
928
1313
879
900
2536
1230
1288
1170
915
1332
1472
1192
917
862
1391
848
1087
1060
1867
834
862
823
733
892
928
980
682
1743
730
856
1237
2049
1004
1075
780
974
774
1854
1021
849
724
802
1009
1305
702
754
1031
1040
1088
1237
1600
908
1212
814
896
796
976
1003
1039
1192
765
1717
1552
884
827
798
