2900
836
640
1457
1351
763
719
1683
1243
2185
688
700
677
966
668
1210
1524
1484
1001
789
715
2094
742
645
637
1447
1148
780
633
793
789
984
645
1222
1734
1315
1194
1037
827
1006
1156
822
978
878
957
1182
721
649
616
1044
670
1182
2464
1002
781
694
633
1166
1187
675
1610
1281
751
679
642
724
1078
701
881
2783
1235
663
623
897
631
1311
630
589
1140
1012
1005
1442
793
770
994
831
2888
994
746
721
929
1749
1829
895
2743
1700
2889
1271
1043
1154
943
816
1440
1234
859
939
685
940
948
680
887
1119
1477
914
668
1447
2207
721
670
635
1121
943
614
796
675
883
1078
2185
610
1237
911
626
954
1640
1096
707
1104
678
2092
1729
1042
1093
781
834
1137
1183
982
1049
1177
931
776
716
695
670
776
831
1431
2415
822
766
917
800
998
876
697
993
1141
999
888
916
913
990
831
930
2504
1093
876
853
953
683
1411
662
757
1037
942
1381
656
636
737
898
991
1188
933
1239
1253
1177
1376
1199
650
658
652
672
1649
2010
1347
1096
732
735
740
1468
710
713
1520
1125
1075
852
739
866
662
921
624
852
1304
826
803
756
661
648
927
1920
691
676
891
1000
885
1537
821
669
674
613
612
744
1384
1181
638
623
599
1178
1863
898
677
949
858
1185
1160
1024
1026
644
646
608
996
1151
813
1017
995
1010
871
828
828
641
642
1021
781
760
2013
736
695
655
677
641
1496
847
633
619
864
681
722
1884
848
612
843
815
837
924
1328
828
627
650
584
1820
864
689
885
635
889
1119
840
611
970
823
792
717
799
956
1321
1056
956
946
792
1122
891
1443
1245
873
1053
1063
1113
931
1135
1501
1049
1462
1848
1281
1100
878
888
1337
1120
874
1186
962
998
895
1128
1295
1216
1225
1179
1258
843
856
766
782
793
1047
976
1074
978
1149
1138
1720
1414
1621
1013
1116
1256
1049
1111
1010
1243
1169
903
983
1258
1323
780
969
1132
995
1390
978
854
641
965
639
622
2185
1166
924
656
645
629
2334
1440
1514
1317
1244
1063
1595
694
629
683
1780
1027
971
791
1037
1274
874
672
1744
1401
863
813
631
1219
1952
1134
1418
1212
1256
1188
835
626
707
660
684
1550
1288
1829
861
731
855
747
766
702
802
1283
1141
993
1901
797
1098
942
867
1534
2087
724
762
650
789
1067
1494
714
636
1002
880
1168
978
693
787
796
905
1813
1011
1176
1136
1123
796
1170
1398
1243
2033
1286
1424
738
1931
682
666
1078
1069
1602
879
1041
801
1051
820
1392
1175
1137
1202
755
887
1065
689
1058
767
989
1761
1454
1136
737
702
982
624
1220
1261
1191
828
645
764
810
1791
1054
699
810
910
1219
893
656
967
673
731
713
1437
1651
1134
1134
924
784
912
1498
651
952
703
1146
818
1516
700
675
709
627
1277
1690
1005
1116
665
1013
711
912
910
1021
623
786
3196
945
699
666
651
645
1292
931
891
817
941
981
1552
1477
1030
1151
976
1003
730
1285
1112
1301
709
794
939
857
735
782
908
1168
1064
934
1128
632
1271
995
1487
762
1408
774
677
913
743
920
655
656
1488
1368
857
794
678
987
1133
1053
662
729
919
727
1027
1784
773
746
635
687
1019
1627
719
721
1249
1165
649
839
643
680
1145
826
1817
1009
1543
1125
1183
1667
1725
2704
1370
1942
1018
674
1172
748
1056
762
1902
2045
968
1571
842
1152
1896
1177
1128
1766
1126
1053
800
1676
996
1315
894
1034
972
957
976
1090
1300
1150
1194
742
2238
1218
1298
939
1582
1417
1366
820
886
918
880
884
1615
1371
1474
821
874
827
1824
683
987
1841
971
930
908
1721
1048
998
1103
1099
1079
1565
2552
923
1032
2145
836
1031
677
1286
624
903
1002
657
1965
1222
960
841
706
1286
978
837
1470
1295
1092
751
663
1489
1719
787
793
1287
1494
750
2040
671
640
727
722
1649
1317
769
804
728
943
1043
1613
1327
1856
938
977
1117
1424
3203
1083
1216
1145
1001
1305
1807
2902
1071
1079
1123
1201
1124
3615
1032
1085
1008
1020
1061
807
1203
2378
1064
764
669
1167
1247
2097
1054
2331
851
718
1028
1412
1369
679
1028
1124
913
933
862
933
815
852
875
1985
1899
1165
1057
779
765
1149
1825
821
746
699
772
973
1224
1260
1012
1991
1443
1056
969
1123
1320
983
980
2143
1361
1024
991
792
880
836
941
670
2033
2687
787
783
1242
1524
1002
1427
846
1235
966
900
849
907
713
1148
752
1032
954
696
2231
675
710
739
1095
1221
2033
696
614
882
1232
1910
667
671
657
1022
2074
794
792
664
812
1228
944
661
632
1521
1568
747
683
661
683
678
925
1230
757
707
1160
696
681
1878
670
685
732
607
1502
1793
641
925
618
893
852
877
660
686
721
1073
853
1073
634
633
692
1040
932
1671
1049
1587
1252
880
1723
1097
714
773
622
774
2647
854
648
614
699
801
738
745
715
650
1170
805
1561
978
679
638
638
785
2479
910
769
631
840
898
1391
773
703
617
755
1088
1078
926
825
698
861
1011
800
1057
1733
1346
1231
930
664
974
1198
716
1334
3095
843
609
628
600
2322
999
788
2346
890
646
2051
620
681
635
637
1992
1776
652
716
781
661
678
1246
657
