5479
1064
833
1027
581
599
581
570
561
569
1261
1046
1175
591
717
752
598
841
1152
780
1174
863
847
734
617
600
735
809
995
2468
3360
932
1142
893
1174
1041
1164
2114
798
853
1343
1644
543
724
577
944
963
899
783
726
728
787
633
701
646
647
607
1246
664
642
653
670
598
606
1126
990
773
766
732
874
776
593
814
658
827
726
1207
787
737
755
1600
741
725
646
675
884
953
898
1549
1100
779
887
883
752
1194
775
706
778
891
941
1410
1042
858
725
903
764
924
2007
894
949
1132
858
752
756
742
924
1048
971
865
664
1871
705
1102
943
638
1013
833
904
895
931
794
833
847
689
602
923
977
989
947
2156
785
712
748
805
661
880
876
870
802
887
923
811
868
874
992
895
795
752
712
779
800
772
715
554
561
543
560
600
599
596
548
562
537
553
575
596
649
837
595
598
567
632
776
1106
1055
791
925
710
984
1161
1788
732
714
671
845
932
842
1661
1694
1559
1015
842
911
1091
1024
1177
1487
1063
1222
2215
1273
1108
1061
1132
972
1575
685
636
832
795
687
838
836
1188
941
952
886
705
650
768
739
621
908
829
799
791
760
1021
744
732
763
1257
847
1050
830
825
809
1179
796
882
990
783
895
837
818
890
840
794
804
766
923
973
1452
901
941
981
919
976
920
902
928
933
1014
957
763
1029
706
1013
1227
993
887
709
727
1523
844
792
901
934
933
952
959
888
914
835
888
881
876
802
982
925
933
823
693
901
965
904
793
1028
940
729
1125
847
815
793
987
1163
868
655
624
609
611
1012
750
733
897
890
637
608
1388
788
679
550
614
626
857
1778
632
777
756
663
805
1442
608
870
806
762
1025
730
1150
723
795
1047
826
1822
899
984
577
837
697
891
560
657
566
786
1874
543
565
723
759
728
1501
683
965
799
821
788
1436
1032
887
1116
863
969
843
1279
1260
983
1210
1007
1272
1746
1240
1237
1470
1605
1214
1301
1106
893
1124
1210
2125
1917
999
737
910
764
1233
1062
731
739
757
687
1234
1121
559
599
756
1149
1057
1007
615
721
687
682
726
575
601
606
535
590
625
906
1052
514
505
561
608
899
573
520
578
549
776
724
602
548
597
577
615
1164
571
611
1467
1181
861
956
1662
604
564
526
631
555
1225
623
596
558
659
1066
1041
623
559
554
595
754
1471
648
573
562
558
1485
678
638
555
544
549
756
947
899
816
613
613
964
1487
751
763
770
702
719
734
756
704
629
768
2488
627
688
781
720
579
527
705
769
530
513
706
566
549
680
696
714
719
767
709
744
799
528
699
708
771
716
724
733
716
772
544
706
542
697
727
696
732
545
571
701
522
525
530
570
590
549
625
818
902
939
1194
788
634
576
525
517
543
551
548
579
718
514
560
605
542
518
523
890
958
585
552
898
535
553
793
1589
617
600
573
654
626
1131
1045
1608
730
793
728
661
660
1122
816
561
606
784
701
1444
1082
785
967
631
591
542
665
1265
544
662
525
521
509
1150
892
642
696
588
532
1326
1024
714
531
598
625
562
656
906
1140
602
781
622
634
758
619
682
596
572
597
710
824
903
883
687
615
675
627
942
802
589
535
531
562
571
1089
808
625
559
541
512
544
1000
780
555
536
534
562
599
677
1089
597
533
557
560
819
875
608
551
615
604
822
785
1099
588
606
551
549
646
1066
574
645
610
662
549
584
744
574
660
659
745
820
786
1202
668
688
674
674
603
1865
770
741
691
580
552
847
1486
592
582
587
648
604
591
624
992
601
625
642
616
631
1037
803
1110
718
608
636
585
607
997
636
621
619
618
603
618
1000
624
687
592
631
721
969
606
639
583
620
647
1088
605
642
624
614
624
670
608
641
604
610
727
592
642
784
716
654
1016
611
658
627
606
617
1125
612
589
682
593
1433
928
619
627
574
656
898
1727
553
689
596
657
685
1409
1487
605
597
604
561
1524
1315
548
591
614
604
1057
1298
1889
561
579
579
698
778
1610
583
630
604
696
1055
1827
878
609
579
617
1296
1143
580
632
577
611
1512
1408
707
616
629
668
1120
1139
602
626
685
648
1071
1254
567
601
583
588
805
1808
598
619
600
669
1016
1714
605
649
604
758
1836
851
582
630
623
620
1246
1074
583
618
592
703
643
1613
559
593
598
679
687
595
588
639
584
608
1088
1070
602
606
585
571
1428
1503
561
608
618
699
1158
1356
731
612
589
1045
1651
618
612
584
596
1077
1335
581
621
557
689
1033
830
591
615
581
694
1171
616
645
674
594
606
629
603
544
544
587
575
931
565
534
528
529
508
576
480
542
570
549
532
540
515
832
619
503
507
1230
497
771
496
516
1013
764
503
588
503
598
1087
735
498
525
544
507
676
1434
533
517
527
555
517
1051
541
582
524
566
1100
1057
510
519
588
565
1022
955
1052
920
726
909
1138
1569
1366
594
573
587
