3043
1192
1483
1989
1025
757
1860
1124
647
1188
653
829
1260
846
837
1011
830
665
666
1017
646
690
653
643
617
1156
658
650
694
665
896
703
1056
689
623
1173
1923
931
909
1110
887
977
698
776
819
714
782
647
626
648
644
610
617
666
647
650
630
642
636
677
634
641
739
625
779
1245
649
646
649
689
783
828
816
780
812
799
796
732
790
817
780
837
791
853
804
765
693
1115
764
797
786
678
632
805
789
1065
818
820
777
843
777
794
805
817
780
806
816
711
924
825
679
777
801
857
731
763
759
741
756
845
823
639
607
613
772
730
759
736
735
758
764
747
759
1497
760
773
706
706
716
760
711
729
762
675
771
756
716
926
1223
704
734
636
727
1124
870
614
637
722
673
889
851
820
807
634
797
875
1229
1889
986
915
925
828
693
652
1098
713
796
856
716
870
737
1167
1952
688
628
695
671
673
2058
691
608
622
689
799
1873
715
702
643
652
722
2334
667
624
621
634
692
1013
860
852
730
683
1153
1737
703
668
725
965
928
943
1006
934
863
887
1585
892
966
937
949
657
2089
854
598
623
650
624
1919
820
641
630
832
898
1147
665
630
619
625
661
934
1231
820
889
856
864
664
920
627
896
682
827
933
779
728
734
635
663
651
840
657
694
705
638
826
1131
812
655
876
858
881
840
652
811
828
800
892
595
813
793
819
783
841
806
788
794
777
811
804
777
778
780
790
795
832
813
869
804
673
813
600
577
577
592
607
603
607
584
615
621
690
1270
595
609
629
594
1430
1105
588
681
572
587
1208
1509
602
669
593
596
1262
593
601
580
613
640
1660
936
673
599
605
562
1472
587
639
606
689
862
982
1866
558
601
635
574
1305
724
569
655
646
648
589
1734
1078
592
632
623
599
1840
1569
701
766
719
836
842
624
869
972
678
647
1000
718
939
633
781
788
1049
771
892
975
959
740
719
3697
1119
1013
1094
908
1373
848
1078
918
835
900
1122
780
1508
1772
1126
1134
1166
1240
1160
1276
1101
1320
1276
1802
1104
748
1319
1613
1543
1325
927
831
713
708
1033
857
803
1065
2663
1333
1172
1295
960
939
691
892
608
1658
772
827
1217
681
964
654
656
659
637
1894
1992
1022
850
721
756
649
1319
1188
1329
1009
1474
1001
983
960
948
1032
1691
1064
1349
1353
803
756
870
777
1328
1366
1951
1065
1121
842
893
685
876
1635
687
676
661
637
683
657
803
1423
725
695
638
1204
973
1047
720
694
625
666
690
1209
1175
682
1039
627
606
1224
1076
686
776
623
647
1291
715
885
704
716
1228
640
593
631
618
875
1246
652
655
741
676
769
611
645
633
646
1354
726
677
628
671
1250
1112
632
931
612
594
945
683
625
675
621
877
918
608
636
640
656
666
893
595
614
664
672
648
874
656
810
846
660
839
851
889
797
687
742
1843
619
846
824
841
831
863
615
821
848
816
852
722
658
617
640
655
683
612
835
1005
627
658
626
747
611
615
643
708
705
1138
610
987
595
854
1034
780
926
632
923
615
958
794
661
641
668
646
680
662
865
643
657
639
975
689
675
646
646
948
1225
1144
932
655
649
633
1351
1092
632
657
618
591
1402
875
836
616
692
665
843
981
649
662
646
628
656
650
621
890
705
1373
737
659
675
643
635
635
619
1204
654
763
667
633
629
715
614
611
657
614
1030
1110
645
605
739
860
851
1029
657
892
717
733
918
1185
864
840
618
776
808
955
796
597
714
849
1310
923
648
637
654
793
1319
813
610
631
657
716
986
641
881
609
662
1077
1116
843
606
631
645
1353
1119
635
631
607
622
1182
1052
652
687
591
776
792
852
573
869
794
622
660
962
652
646
957
866
1681
985
755
778
959
1113
1545
1309
753
621
601
826
865
845
662
792
865
858
845
870
663
797
842
868
867
865
936
786
827
932
711
869
584
842
845
631
1117
650
793
815
681
865
653
902
825
840
894
632
821
841
840
886
800
932
615
863
665
795
743
858
658
673
874
919
627
848
1042
812
838
633
852
853
859
837
853
832
943
654
670
865
871
788
724
1162
905
749
716
634
604
695
1099
825
652
614
631
659
913
1264
814
885
793
633
895
847
816
834
808
843
833
866
821
878
1016
675
694
769
669
743
673
793
750
797
758
780
764
793
658
627
723
954
640
709
625
663
675
876
595
834
764
658
645
627
701
1495
771
591
608
610
1001
812
1017
814
610
612
802
811
1076
627
653
609
878
1112
790
605
607
556
661
658
1043
798
727
662
695
814
803
836
815
795
822
797
872
595
778
829
611
809
859
821
839
574
783
662
902
594
838
862
646
891
596
870
873
859
822
907
825
816
669
936
870
848
850
815
831
664
851
830
866
867
914
618
627
815
824
833
674
615
860
822
861
823
892
841
869
856
840
833
813
849
857
838
