3540
3275
2434
838
680
696
665
776
996
1215
614
1042
1141
927
1360
931
662
680
674
616
637
740
1281
1870
663
813
625
743
892
1325
741
2055
741
1082
163222
602
550
654
1287
669
590
523
574
587
607
611
582
952
622
961
734
1254
678
599
603
540
609
632
614
627
615
537
689
1379
937
565
616
604
634
684
571
616
557
609
722
1315
766
659
1017
711
560
653
645
730
664
644
656
1076
715
626
585
645
620
1135
1066
1134
656
715
897
840
722
677
759
643
795
750
752
770
776
754
996
777
678
616
606
722
710
2010
955
705
761
719
618
2323
1092
712
778
744
807
922
2376
636
649
736
633
2411
684
725
760
822
695
2314
680
668
721
771
767
1367
665
723
595
835
1861
714
639
610
611
651
2289
662
602
672
639
1189
1131
859
929
614
711
764
763
1021
591
808
1025
657
609
722
622
629
628
650
702
680
825
645
646
708
977
1016
682
655
697
720
971
1251
685
642
730
630
705
700
627
621
654
741
1344
705
622
617
648
760
1190
741
646
634
629
1526
1079
679
686
645
783
692
1206
647
739
626
740
1110
620
674
661
650
1159
698
664
889
652
889
593
890
595
902
634
627
596
679
849
630
719
625
938
693
610
666
586
1097
673
948
996
889
860
852
995
769
995
881
916
997
668
1045
702
791
652
1044
686
1056
1039
688
1059
1407
1178
1007
848
1032
1076
1314
1745
1218
908
825
764
851
801
1062
729
918
724
2392
886
1021
1233
747
688
2254
1307
1231
1124
1272
1175
1048
1304
977
2111
1232
1282
960
955
996
745
694
974
1232
1426
1495
734
970
1060
716
2084
1657
848
864
789
822
883
1647
2108
1203
1015
775
786
1303
754
725
756
819
1517
963
1267
1073
873
1117
1093
1432
1450
1340
1312
743
897
1051
1132
2059
988
2007
909
1175
853
1734
1712
1923
1358
1499
852
1241
1199
766
762
769
753
854
807
753
750
768
698
753
1147
1365
1009
969
939
936
1885
1628
942
695
666
666
706
1676
832
802
899
1403
1141
1090
3381
1403
1353
908
850
690
871
861
736
719
858
839
763
869
808
822
869
1075
901
887
870
991
702
661
918
756
1376
793
648
1023
1436
1266
2821
652
722
888
1121
772
1121
1263
861
910
902
844
832
1990
1442
936
811
795
1345
1006
1977
1109
1138
925
927
971
1263
1180
931
1743
1077
1027
977
786
833
855
998
1015
1235
1134
1131
929
903
1595
938
976
1187
1417
1378
990
1384
980
971
1507
1360
1299
1207
1175
1300
2031
737
744
685
1072
2224
2718
1170
875
763
1100
1540
970
1138
1149
1189
1063
2130
2553
902
1142
957
1129
1183
1944
1065
1192
1145
1226
1661
920
895
774
1041
923
995
941
947
1079
926
932
946
961
915
899
919
903
930
928
1039
1114
945
2591
2815
1949
1368
961
1108
877
1229
981
1566
1672
795
2032
12537
1260
1302
1386
1628
12939
2633
1276
768
815
1061
2635
1294
1301
1790
2188
1418
1409
2017
1270
862
789
683
1710
1208
701
1137
743
978
743
1140
674
948
936
1004
685
1242
824
807
720
714
1596
1826
715
705
764
713
2176
863
688
769
721
695
1462
2088
927
1140
1004
878
722
914
679
978
1000
714
726
839
1548
717
984
917
683
643
1687
791
677
736
950
2441
967
814
1649
996
1036
2086
1076
746
734
1415
921
1394
692
676
687
672
788
1144
1448
985
912
982
884
919
1263
705
958
815
685
1404
1130
711
627
676
631
1515
985
684
925
725
840
1209
992
683
685
715
757
921
1205
887
695
622
761
793
1461
1178
689
699
641
849
1074
879
674
762
842
914
2886
1394
811
792
725
1014
1506
909
792
672
698
650
660
2303
662
645
1261
706
666
1115
640
695
637
719
626
1274
1513
731
627
681
720
1175
897
961
655
627
837
1780
700
617
619
640
673
1116
1225
717
824
1417
648
1866
678
691
668
629
633
823
1769
863
743
679
678
727
1296
773
734
633
1402
870
1670
1257
702
767
666
816
784
1186
1251
782
622
818
873
739
1076
708
644
648
1610
865
1217
972
648
644
662
609
725
1718
1191
653
702
716
648
656
1086
1801
678
638
764
658
682
924
1451
771
730
637
683
692
1740
1012
671
910
882
857
846
714
886
849
876
1072
744
841
899
890
923
616
851
856
920
1970
750
664
736
751
744
696
730
615
641
626
1549
761
877
1079
783
741
651
709
871
1110
1759
739
872
756
624
668
1618
702
856
872
727
1772
942
861
848
653
868
660
679
828
656
643
1545
924
934
857
711
688
673
673
618
658
1183
2345
685
641
898
863
663
645
668
833
875
860
1629
731
649
636
668
696
649
683
749
1542
1022
1300
731
648
705
715
1023
1042
754
726
642
653
1317
896
1288
890
661
667
626
649
1499
2188
792
659
665
715
663
1594
1627
631
645
881
1164
1046
1545
659
612
637
647
1543
1200
779
866
683
630
863
636
637
628
708
1415
1090
632
1199
789
1047
1547
1789
673
1086
744
599
1416
1094
585
647
660
732
2832
768
637
691
652
619
1123
1383
757
734
660
