3134
2424
1520
833
692
614
651
2080
989
596
776
599
823
768
713
1458
965
1441
840
590
576
544
543
951
800
627
901
1433
1024
944
580
555
677
568
511
507
591
526
815
1417
813
566
1059
1062
896
576
552
518
555
563
642
1186
857
730
892
520
792
530
522
546
567
593
2263
1025
786
577
690
620
988
558
574
549
647
687
1198
841
527
538
585
738
551
541
559
509
598
1447
989
534
928
886
1262
709
672
663
656
557
1204
1494
1089
1099
989
1064
825
1014
812
924
683
555
2681
1400
1358
1060
797
707
1759
1077
520
1028
723
671
2014
1402
809
591
624
682
1315
871
711
805
1046
904
563
528
682
592
509
1752
757
674
987
777
712
1407
862
741
510
520
1157
860
908
1193
618
501
677
1006
768
670
579
1151
953
944
761
751
1181
962
901
1085
2011
987
650
557
635
579
2118
631
857
1200
632
706
606
601
606
513
544
515
1352
875
585
517
534
963
2101
923
543
568
542
590
1871
859
644
1151
1119
791
733
1182
735
1380
770
1166
1342
706
634
706
815
2084
1774
661
579
621
734
1799
708
554
514
625
517
518
485
504
609
550
724
899
554
575
513
496
956
804
523
518
571
720
729
535
527
514
606
574
779
592
536
744
523
513
948
604
575
792
700
1088
621
522
511
769
925
784
1063
597
797
699
540
536
958
610
607
811
539
676
1280
647
823
687
677
548
715
633
578
952
647
651
822
640
1415
635
617
639
591
618
1355
617
922
781
913
1703
1468
933
787
700
657
680
624
1548
693
570
650
799
1000
676
603
545
560
579
760
1745
565
533
544
541
539
882
1588
546
521
515
519
510
1141
970
596
528
528
513
868
1132
514
539
665
949
591
1045
820
583
1010
609
599
878
1075
571
572
624
589
1059
1051
704
699
528
619
567
567
1155
809
678
642
825
671
680
561
1239
651
535
565
540
833
553
550
617
570
609
779
1098
558
579
605
584
1038
694
539
550
588
562
541
1161
727
569
540
491
564
675
798
1078
512
519
508
855
721
803
643
630
589
613
637
655
884
620
631
654
808
843
607
601
655
802
603
1233
1916
572
578
716
850
2850
1383
1061
826
1270
1851
592
884
660
892
569
1641
682
992
739
943
692
952
988
554
504
572
494
528
514
593
703
1274
716
718
617
841
804
603
562
558
724
709
756
750
978
617
580
601
803
1085
548
562
527
720
777
544
541
616
555
941
1080
637
575
557
559
1123
946
570
576
627
766
810
547
577
574
533
662
1011
563
561
568
584
925
1197
647
610
585
524
772
1210
656
596
533
533
1200
699
564
552
566
552
661
910
549
570
538
545
817
939
589
583
536
534
972
765
602
577
514
692
1110
591
579
563
587
604
613
678
654
825
530
549
542
855
568
574
615
543
673
743
593
610
666
620
675
695
789
648
580
601
636
699
1146
804
642
671
856
1084
1032
794
980
896
895
1393
1753
814
744
685
577
829
556
587
659
566
640
835
624
584
530
527
1131
942
742
856
611
635
782
889
678
754
571
646
598
1313
713
818
582
717
876
1100
597
573
562
647
810
909
558
577
576
699
709
1251
813
610
623
1271
1083
607
570
725
621
924
1032
568
738
590
558
601
741
565
595
737
563
835
830
1344
659
651
591
606
1616
1339
591
635
700
712
1396
771
744
644
760
866
1387
990
642
750
636
2078
1071
687
593
602
1359
1791
1091
763
803
541
496
593
888
548
497
487
1513
1185
706
537
563
538
556
915
948
491
936
1055
1291
985
765
748
768
674
768
792
798
1000
701
1323
955
1160
1220
1161
1003
967
763
4034
1490
1109
1333
1124
690
1009
2672
1313
941
1079
1205
894
931
1056
2072
806
1438
1110
953
646
640
653
2856
2012
1116
1040
626
521
834
942
2614
1190
824
655
729
784
1488
766
1037
967
853
999
1217
811
761
547
2374
1106
1455
790
772
839
809
1536
1134
1046
928
582
606
585
560
616
1261
3757
958
615
566
642
832
1148
1729
1871
1888
721
597
820
830
856
1009
665
1627
1057
2147
1147
1427
796
2416
1119
639
627
781
707
564
743
878
3491
904
642
1083
607
636
4776
1410
722
726
1046
768
640
1589
4398
1143
811
860
786
782
869
2176
1337
1072
832
1500
1321
796
846
2773
1445
899
1062
866
788
834
802
2372
1148
851
648
638
619
657
924
640
701
2749
1278
809
775
719
749
831
777
670
1922
1208
1050
1115
864
653
772
1194
2786
2208
833
684
663
761
1059
5056
1148
775
986
916
618
1206
2771
1086
702
596
1107
1374
1416
1820
1018
891
1214
1073
756
762
879
6008
5971
1100
1259
1099
1449
1087
8035
5184
929
901
938
2237
1059
1296
1269
1359
2621
5280
1629
2208
692
639
918
3654
871
578
555
549
1566
500
552
571
609
1546
652
703
566
727
674
528
719
749
738
2238
983
551
690
1846
544
569
551
578
1775
2329
912
597
585
513
560
783
543
515
633
491
1635
1889
572
526
646
995
