4589
1827
769
1027
692
652
830
1667
609
1373
1134
1260
688
612
616
724
636
640
667
770
1067
1265
723
646
689
652
633
794
693
737
955
728
692
986
724
754
865
1373
1585
813
1528
674
1028
638
759
1169
1250
1377
720
695
659
668
1201
643
634
666
726
1044
1423
681
672
656
689
624
1276
1069
647
622
920
680
1551
1279
700
653
650
628
671
952
2161
664
647
641
649
1458
716
710
649
612
990
833
952
670
729
610
644
683
1043
820
602
1048
630
698
596
874
614
622
607
636
925
660
1804
748
928
685
611
1276
1308
614
670
1355
698
836
1015
1299
602
648
665
816
845
605
846
692
811
1177
699
733
611
628
668
1090
818
809
1098
866
867
770
623
623
713
716
1233
735
666
646
843
959
1221
670
739
597
657
1212
1239
674
646
628
1696
1715
1286
755
777
648
887
885
886
928
998
889
963
847
910
738
898
674
889
633
901
823
940
623
890
669
1225
848
623
839
637
897
1386
782
791
887
913
741
901
897
979
828
803
965
928
903
934
783
748
954
811
868
829
774
760
987
984
1094
760
1018
935
1466
1454
848
850
841
838
769
1918
835
881
704
704
844
2490
685
733
754
825
778
996
1202
879
863
841
735
851
897
829
672
881
983
878
1005
901
641
889
907
674
652
787
713
658
660
726
1200
1353
649
634
651
807
1119
1245
641
621
717
655
1361
838
884
614
883
990
639
637
874
996
597
785
1395
831
635
850
905
951
848
855
648
816
864
634
836
868
860
874
656
673
847
885
881
875
606
821
812
625
817
841
925
618
1267
609
841
817
804
820
605
774
858
1052
855
619
835
807
817
632
601
842
860
849
819
831
898
632
832
844
836
833
881
852
847
850
882
992
1178
1263
811
1096
842
962
915
1011
1003
809
668
1015
672
654
1028
1022
743
694
1426
1015
1094
941
1080
633
845
900
1121
1049
1226
672
909
967
1030
731
1059
920
1097
712
1044
751
674
833
685
1047
971
864
1039
907
1040
1241
1158
1123
1157
1155
1388
1035
1279
1429
1225
867
1774
1551
966
974
1471
1308
1374
1326
1040
971
941
971
993
1683
927
957
981
734
987
983
934
1700
816
753
1759
3111
1269
1206
1807
1262
929
1995
1970
1016
1177
1893
858
1030
2442
1122
1259
836
818
843
3320
956
685
650
712
1034
846
911
1456
1045
1018
1006
729
1474
840
2389
717
824
942
938
834
1747
1162
1079
1028
1046
1090
818
1057
1047
984
756
762
930
1759
1433
928
936
898
742
850
878
1398
868
700
632
590
1665
729
804
758
636
625
660
1124
1129
628
1022
759
619
603
845
1391
634
720
633
603
1273
899
650
800
658
668
891
642
967
627
712
698
738
622
1117
662
652
639
640
620
949
1397
646
636
624
636
737
1101
1061
636
619
784
634
636
1616
738
857
629
672
695
783
730
1045
705
656
658
766
797
1289
928
688
633
806
157420
586
538
609
603
670
575
593
574
574
633
543
584
742
524
643
725
669
566
644
694
686
584
608
777
607
1057
790
739
1031
1223
773
916
695
880
2314
973
777
764
681
687
698
575
620
632
624
1500
1603
632
588
554
606
760
646
611
606
589
590
755
1242
706
705
709
677
670
715
708
700
661
704
696
1012
1535
805
665
603
686
918
1096
773
748
692
751
659
1346
781
730
654
696
689
1363
687
653
667
1450
1638
2366
669
695
3044
1629
1151
1029
785
829
781
1218
853
1073
1234
1081
1073
1118
763
757
705
654
678
1131
622
606
695
701
1001
1564
1254
867
1086
768
673
649
1070
628
638
678
643
689
2590
1542
677
594
628
597
1174
720
591
612
688
1381
642
689
629
583
825
1211
776
620
595
854
1283
669
1347
615
618
620
633
1096
592
600
623
992
767
821
581
603
598
615
577
1371
599
618
879
912
1244
1612
647
596
633
770
777
1317
686
849
590
605
1115
555
597
651
583
774
1093
576
776
878
631
604
1247
586
593
588
584
1878
648
643
1054
619
752
1344
618
613
627
625
590
1210
626
1178
677
640
647
871
620
630
600
588
685
950
962
1013
673
652
1146
1029
582
598
652
627
998
1186
1383
1008
811
705
724
1185
618
617
663
607
1280
1128
1313
951
954
813
680
636
661
691
654
715
2211
678
598
653
618
652
693
1077
666
653
1013
792
690
743
653
656
684
657
741
875
1374
961
1037
666
600
842
1392
730
694
635
660
630
1237
2026
733
642
622
648
1499
1608
814
800
785
912
703
674
667
729
692
659
653
838
1141
1552
671
628
613
627
1410
655
630
633
632
655
2235
636
767
641
657
767
710
1117
695
625
647
1316
728
1011
918
697
693
673
685
823
834
754
1210
801
675
842
1652
629
637
613
620
897
1356
1358
809
667
634
608
911
1482
735
827
1047
653
626
945
1477
788
805
804
825
1267
693
1359
686
612
674
714
1650
792
751
713
686
1510
683
876
950
797
666
682
654
1074
663
707
1178
633
651
1377
764
625
616
653
