2534
1041
966
653
604
650
627
807
1314
808
970
718
649
632
836
869
640
2644
1170
657
665
854
616
1188
638
2464
1241
989
1006
1067
1149
969
1287
1246
1854
1154
785
943
938
969
786
988
1465
910
755
706
630
685
1085
822
711
653
735
1731
788
698
754
716
749
1073
669
711
597
659
1764
699
1172
892
859
653
838
876
851
883
1545
712
848
837
869
881
841
878
604
961
1059
1085
834
897
855
885
836
817
818
834
931
793
752
729
678
745
710
736
685
693
624
789
654
603
1299
683
656
651
672
603
655
1201
1150
625
606
690
647
680
1252
1276
826
871
850
884
894
941
732
690
738
647
654
635
1038
1094
637
626
757
673
636
629
920
651
637
685
651
669
2020
1155
587
633
619
611
748
1097
1786
1385
693
622
623
616
753
1376
640
618
637
602
2103
1285
656
669
610
617
630
1447
691
702
607
602
1103
775
772
1070
630
634
569
658
620
1167
1298
1297
729
766
721
732
895
1271
741
748
710
1955
963
862
744
753
753
748
776
1085
2078
1665
797
1047
953
652
714
1061
693
750
686
735
1736
789
1421
672
587
663
708
1001
853
653
633
1020
677
900
835
1102
1121
610
634
600
638
1664
1864
865
661
747
629
644
1223
1134
625
915
1215
645
854
858
854
888
836
638
627
812
815
839
650
876
859
628
668
659
650
647
667
649
620
1028
713
635
696
672
679
659
663
635
635
701
671
1008
1263
636
689
753
664
1314
1004
637
612
657
704
639
624
615
693
638
645
631
651
653
678
621
700
687
621
685
746
657
694
646
849
615
613
679
766
770
666
658
675
651
752
665
625
613
733
634
906
815
785
1650
689
717
702
799
728
1503
916
710
662
653
684
1493
625
658
918
747
930
1047
996
806
1007
707
818
941
1236
734
1007
947
795
1550
1312
1143
664
979
1264
1665
740
1032
926
1035
978
1268
2471
921
1240
839
1040
1054
2814
666
786
1017
1019
1708
1217
885
795
1010
1086
2225
1080
1880
1063
1272
1495
1982
1195
956
906
1146
3534
907
856
1488
1254
903
813
632
1993
1591
1274
1249
1331
810
691
709
1078
1370
1478
2116
892
607
648
643
649
1157
1260
946
743
642
1610
1070
787
641
612
1225
1098
2056
709
657
604
787
1176
688
660
1076
868
1045
1816
1032
1080
905
838
1473
899
690
959
624
798
820
1948
662
754
682
788
903
1297
661
683
621
695
1026
2422
708
693
715
610
1152
648
714
632
586
621
2107
730
626
594
623
955
1026
1186
713
641
652
822
654
958
656
721
661
854
843
845
874
952
1020
951
731
703
665
688
717
654
874
1121
674
1097
782
692
813
1101
626
649
656
725
1008
915
857
668
655
607
687
802
596
639
1261
768
1009
908
1094
1178
1118
813
964
996
980
999
818
686
818
754
806
665
710
854
816
1218
699
779
982
957
956
888
916
694
631
612
682
1379
733
652
644
636
722
1103
1297
692
810
898
688
856
1222
818
623
611
645
658
764
1292
708
696
866
621
600
812
1418
875
623
590
612
632
989
895
865
627
647
594
604
1220
897
896
885
680
801
843
636
882
894
829
829
630
874
875
884
605
854
868
827
853
875
928
726
737
710
759
776
786
1912
641
859
951
943
981
676
853
898
844
874
770
662
870
703
618
628
656
613
677
695
635
612
734
725
619
684
1248
659
608
690
623
617
1393
1270
1365
1233
1031
895
696
1040
905
1274
617
826
975
633
886
879
823
822
853
918
797
769
965
801
732
600
703
609
1959
1193
649
597
674
834
679
1673
1830
994
894
736
643
3274
1088
655
674
662
631
634
1380
907
658
790
677
665
619
639
1192
848
613
609
621
654
2297
658
631
633
667
690
617
864
637
609
637
1267
1313
932
864
619
615
1338
865
830
653
1013
650
1513
1185
833
656
673
874
814
1770
909
649
652
626
1851
1570
875
615
627
1131
1108
876
623
624
691
851
1270
1234
598
1347
671
665
1380
1136
908
621
779
680
1181
1535
724
610
655
669
836
1309
827
629
626
648
941
1475
965
833
587
584
886
618
1554
851
1306
644
741
650
622
599
639
674
607
702
885
883
640
720
603
660
1213
614
609
602
609
1054
1175
955
910
655
824
881
1471
659
614
1253
860
672
1840
894
633
639
604
624
938
870
1070
1081
765
786
1102
785
752
647
609
858
1425
652
1107
730
642
887
1429
835
602
717
703
1088
1860
667
831
835
633
803
800
812
843
811
623
1340
729
708
674
729
677
845
714
2147
694
720
1334
743
1611
1330
592
580
686
790
1840
825
714
951
677
626
1322
1276
683
593
609
611
602
1176
681
611
603
619
1135
955
799
759
772
612
796
1476
1103
822
635
629
862
1332
949
665
848
627
1002
640
635
664
670
647
729
1052
657
837
888
1443
726
1863
798
623
638
679
690
1266
610
795
1016
658
686
643
601
633
629
666
609
1041
611
1330
763
631
694
1418
633
602
640
645
616
1035
1360
