4058
2375
759
685
616
639
1863
936
626
640
1024
1332
892
619
655
628
665
644
623
1747
970
956
684
629
730
1013
808
1044
943
695
1128
1118
1203
955
723
735
1033
1487
1491
1236
1375
797
1397
864
943
640
676
991
1121
614
645
848
691
639
605
1245
1570
892
681
751
667
1869
832
731
637
676
1137
1268
855
618
692
611
1584
910
873
679
775
620
1738
1059
806
897
1055
814
878
2182
1064
927
682
688
1931
2014
871
1424
1086
850
1713
962
709
792
674
888
1057
732
703
685
661
838
922
711
609
653
749
1227
1615
759
748
624
795
1004
1029
716
685
624
697
817
872
701
873
827
833
833
627
845
895
998
792
814
637
632
628
757
816
646
916
705
1312
868
761
858
834
891
610
901
628
843
829
845
975
1549
766
610
619
594
661
678
1315
1085
747
1635
664
716
611
901
657
651
608
621
689
898
1558
655
623
645
607
721
1846
1602
911
762
731
762
955
792
971
694
769
1069
1000
1015
1527
780
1034
1085
1604
1198
1184
1609
1196
1054
664
699
705
695
668
640
1540
971
777
2076
855
650
639
660
933
773
922
847
674
879
679
659
834
906
752
633
912
779
671
917
2034
624
646
756
620
615
1186
1019
649
628
667
654
625
1415
1368
630
612
673
620
655
1163
1966
677
841
611
1079
164660
786
1058
1045
1062
1185
1068
1215
1405
736
1273
1281
1099
1098
1678
1135
949
1193
1075
723
782
939
973
1669
759
750
1092
751
757
1696
775
634
1337
1367
1587
832
842
1039
728
818
641
1739
1512
1704
1246
1256
792
686
1093
687
621
650
1236
1588
1124
819
619
576
590
1834
674
1062
869
702
891
1512
627
1061
652
597
1842
1191
2028
675
805
610
735
1339
818
1330
1039
702
693
1151
679
588
614
617
609
3100
687
884
681
661
642
874
597
641
593
1422
1239
1106
864
950
1104
878
632
837
948
1088
791
885
873
623
630
867
819
829
661
1479
702
768
680
818
1623
999
709
917
1491
1697
1122
1118
976
765
1082
1092
940
637
602
630
648
665
839
1373
1037
1046
1585
1564
965
709
971
696
645
806
1749
890
727
730
633
889
874
901
831
947
600
1196
762
657
702
668
863
914
612
843
851
860
1005
665
954
958
974
624
991
692
930
683
656
922
925
1654
758
646
627
858
918
1090
600
623
1582
1097
1045
628
624
620
627
827
1794
918
662
604
645
1602
853
602
620
595
691
1691
1482
598
774
813
1024
1392
1685
732
1071
890
1083
984
2233
912
893
699
1350
1677
622
671
713
855
988
1714
879
1287
1119
1184
1055
918
858
859
985
2069
2302
2837
916
968
948
871
2102
1379
962
1204
1026
977
764
895
1447
993
885
960
1246
1204
896
842
1610
889
1313
2055
835
658
841
812
1427
783
1959
614
623
918
739
1899
898
983
1092
1338
881
933
874
725
689
849
1805
1352
1342
1029
905
1140
1566
890
1835
1713
1053
1218
1142
1163
2719
982
1267
993
695
630
688
938
662
1575
1260
723
763
724
732
1178
657
666
668
946
682
1224
662
614
707
876
1415
895
823
1402
1003
713
662
1906
1149
635
654
680
1719
1147
1394
680
622
622
657
664
1095
1967
991
659
634
625
1194
862
651
612
690
662
1517
876
1480
850
615
633
866
868
1280
660
717
698
866
664
1511
616
597
668
619
1034
1682
884
625
629
668
727
681
1353
720
796
976
1050
754
1569
1059
632
612
671
622
2080
2623
748
662
705
626
782
1307
932
1868
764
880
638
765
1047
1142
601
578
673
1286
723
1783
636
624
638
630
1376
1075
1322
981
665
827
1065
623
588
660
625
1177
1907
574
693
789
822
647
669
977
742
837
2364
1404
667
655
690
1562
686
614
661
1463
1174
862
667
590
709
625
1169
1495
616
2026
666
649
1839
770
796
633
646
622
3024
893
994
906
938
999
1013
924
924
1602
920
1129
888
947
940
911
895
865
637
1462
779
786
805
800
764
1011
987
805
1435
1256
1199
797
865
651
885
945
881
881
1811
1211
943
828
665
850
1080
615
944
920
1549
801
738
662
900
671
645
629
622
636
635
1406
803
671
717
656
698
673
2050
597
620
1648
690
647
1936
591
615
623
627
652
2648
1070
700
836
860
894
975
820
986
856
1674
1081
966
804
614
650
602
864
1412
2252
1124
728
664
777
738
1230
637
621
685
1596
1417
702
633
622
667
716
1033
1041
624
1170
978
602
833
1949
658
605
766
666
1292
1032
809
764
723
646
1224
911
673
659
692
677
1616
1265
932
626
663
663
986
1157
954
1430
1227
970
888
1643
643
729
643
662
1065
1453
756
688
1004
718
897
703
651
850
1165
647
636
815
1199
616
626
635
638
930
2018
730
606
622
612
2044
1524
669
630
598
786
637
1716
602
854
625
618
671
1489
635
1171
1523
847
659
1172
1330
635
982
908
1141
2081
960
656
669
656
649
876
638
658
619
1562
1415
693
1856
858
634
637
687
1396
2227
825
705
670
667
599
1803
858
602
1322
709
629
1837
887
605
714
641
888
1573
775
597
648
