3010
1988
1210
916
1209
784
890
771
761
962
917
1282
2024
1337
1535
1184
867
1175
2107
834
813
1174
867
975
5556
3675
848
870
761
1401
1212
1066
735
856
670
997
1063
1103
755
824
965
920
1921
971
694
1238
776
709
1071
688
751
758
954
960
784
996
791
974
753
1515
889
972
724
800
823
891
1518
1257
1054
1141
1200
1257
1798
1071
1057
1043
1181
1744
2215
871
1053
1164
793
1802
1007
834
1213
903
1128
879
2319
776
901
1036
1072
1401
1712
1102
984
1011
1104
1073
769
861
731
853
1252
964
803
813
856
1197
1044
861
777
751
951
830
732
1078
1079
909
805
851
872
2193
993
747
933
695
978
1061
1523
783
761
1156
929
704
736
1340
912
691
663
622
1190
1028
818
683
684
723
722
1400
1524
647
691
631
806
940
1153
959
901
940
946
953
967
927
924
897
905
962
1073
1049
951
939
944
999
693
667
866
670
854
1087
824
648
621
747
887
656
654
619
695
669
630
603
716
651
634
1130
1392
642
619
626
655
1242
906
659
702
771
673
739
1065
741
622
637
633
604
914
1438
694
999
983
968
831
863
882
636
612
624
637
611
1159
635
599
722
830
871
848
680
794
865
846
850
622
615
816
830
863
839
815
830
848
935
687
844
608
616
630
595
593
590
614
692
618
608
624
700
656
705
1247
687
615
589
602
600
1069
627
605
724
625
989
1205
641
646
741
873
629
851
851
651
828
903
621
848
838
858
977
628
636
870
883
924
871
864
634
657
856
688
635
859
874
675
794
658
665
656
866
844
891
886
834
839
749
722
721
759
689
715
723
620
654
624
1152
1409
711
622
872
940
1143
1407
792
720
761
784
717
1026
996
842
1224
935
725
1219
945
925
757
910
1169
1263
1095
1237
1100
1051
2139
773
1062
788
1189
1077
1002
1124
1366
906
996
1341
1116
1553
794
898
844
1234
773
1765
974
780
1549
1471
875
1968
1188
975
1370
1441
1347
1778
1378
1094
874
698
623
2236
1083
881
1081
718
693
1381
1057
671
655
1317
916
1146
744
650
917
661
644
910
989
1673
970
1118
660
841
904
1403
660
993
1455
935
1918
790
616
623
657
632
2195
1235
985
942
1045
996
1030
677
644
717
1353
751
1410
934
782
638
592
2219
611
588
672
620
585
2264
592
582
683
712
638
2114
769
579
629
654
650
1762
578
613
579
661
1062
1496
607
616
599
689
745
1222
1826
601
721
688
628
1473
1709
640
685
653
622
1606
1694
631
586
635
625
1320
592
630
615
635
690
1448
1747
593
602
608
620
1356
1639
592
586
657
568
1372
1176
578
708
600
856
822
829
835
865
612
821
813
618
1178
776
715
730
1461
1143
1050
810
681
874
1185
1010
770
788
689
612
1190
672
590
617
642
620
780
582
604
641
625
606
631
616
612
744
714
1188
1410
606
635
594
666
1113
1196
603
626
680
690
1018
622
617
615
673
698
1422
747
615
663
606
608
807
1224
611
754
904
856
634
656
652
574
648
604
611
831
833
633
713
662
614
594
606
1241
630
610
632
643
988
1226
634
727
668
637
630
1116
1026
755
913
746
954
704
622
1493
750
735
635
667
670
849
1657
775
753
682
612
632
1134
661
671
760
619
642
983
1531
633
638
645
628
631
783
1143
607
694
718
603
751
1537
616
662
598
663
616
955
965
621
639
619
654
623
771
1215
612
618
678
876
816
809
633
697
629
717
672
859
923
624
591
612
678
638
664
920
864
740
716
1127
1188
1195
1293
817
1228
760
1205
723
687
635
634
651
622
704
2151
1215
873
712
921
672
883
685
2271
694
611
723
603
681
2101
677
753
975
728
1248
1900
520
516
515
503
1135
746
577
584
542
592
1524
612
829
619
630
1704
667
601
549
598
853
920
1286
575
559
544
527
595
616
622
533
533
542
549
550
823
695
694
595
779
600
656
620
614
588
612
1133
570
546
737
633
613
586
621
579
559
561
622
1249
587
540
622
609
563
627
650
663
655
602
638
1046
555
546
568
599
741
1529
663
655
702
647
1081
1728
699
704
604
670
730
1624
627
645
568
621
972
2087
613
562
587
564
571
700
626
566
598
594
964
659
637
596
575
582
828
683
662
560
771
673
588
641
537
546
636
1909
1163
666
553
583
629
1871
946
619
562
610
561
603
1818
678
608
593
577
846
1667
635
591
724
859
964
1716
779
723
592
566
902
897
604
624
765
644
1243
578
556
623
579
573
586
662
606
645
589
759
599
597
619
661
611
623
997
567
574
582
668
1225
1131
601
601
601
571
776
604
585
799
715
591
1362
615
587
593
617
897
1498
535
582
606
597
1045
539
616
600
580
572
933
559
563
561
598
571
1816
590
1006
795
735
1314
657
638
575
566
617
1100
957
821
694
593
615
1387
1049
570
580
723
634
760
1021
736
619
579
659
1072
631
691
588
637
621
881
605
695
600
651
935
622
689
718
582
609
718
