3499
2127
1297
1152
658
674
1200
1474
671
629
645
682
685
629
768
1911
1427
1387
634
657
628
1542
660
770
643
678
1560
719
683
705
627
717
2016
1764
1090
1296
1156
1076
1818
2667
709
1149
667
915
926
1452
655
824
703
654
1104
1232
671
757
669
985
771
1318
658
765
687
651
1609
1084
641
753
635
789
910
1347
735
678
675
652
672
1080
853
806
716
644
681
705
1222
648
650
693
650
1048
1637
858
758
715
859
2744
818
738
869
712
680
736
733
751
621
648
701
1378
849
736
787
646
973
646
1372
840
778
629
915
696
1574
664
673
621
627
1274
1259
657
647
665
644
864
914
675
675
939
835
2154
1430
719
824
866
641
817
1558
710
659
683
638
884
1551
709
695
640
618
663
1325
712
706
725
732
706
1054
1198
938
934
730
659
1437
1057
675
748
700
669
664
1978
599
630
688
633
751
2068
598
688
669
607
741
1562
656
625
768
672
995
1667
635
853
767
786
833
1091
916
1252
1034
966
893
1696
2104
1110
1141
1047
1245
1255
1080
869
904
1024
840
1217
1896
813
821
751
708
827
821
731
725
810
821
1033
1448
1725
791
920
858
1044
1378
1347
762
808
1019
1035
617
1453
918
655
661
639
785
1940
2137
951
641
651
659
838
687
806
1065
660
649
720
699
628
795
1287
741
795
731
683
655
794
1294
659
678
735
673
672
818
687
673
924
783
716
680
638
1131
798
891
782
650
672
1232
737
669
693
714
663
956
1095
702
695
776
667
706
1188
885
695
685
668
687
677
1115
1105
760
775
673
696
691
1065
1317
700
698
1202
705
714
1633
642
656
673
654
642
905
1266
640
679
617
654
643
1246
659
630
657
648
601
2156
1022
688
1052
716
895
694
996
1379
1008
767
968
705
874
1103
2032
701
1059
767
1308
749
1763
1704
906
938
1172
1156
1073
1215
1135
1019
1220
961
716
1113
917
1794
877
810
934
910
1272
1603
1484
1084
980
1082
1011
1034
1386
1425
1668
1050
726
731
878
1864
1258
939
970
1052
1065
847
2167
956
916
913
1224
1376
1016
1085
976
980
981
779
715
693
1022
1060
934
915
902
931
923
1297
1225
1137
776
821
839
836
1447
1320
925
1593
1233
1010
926
1157
1247
1282
1112
1320
1043
1032
1767
870
1220
1002
1613
1183
2445
1281
1235
991
1023
768
2187
722
764
659
687
676
1346
749
699
697
792
972
1099
2244
639
644
680
683
2409
981
636
691
704
735
1538
955
749
680
808
704
737
2061
659
663
695
681
784
2213
676
673
694
711
762
3328
942
697
670
659
784
2082
736
703
721
666
673
1788
673
658
668
656
1463
1124
667
712
751
698
1159
2091
1346
734
746
953
884
1096
912
783
664
646
748
671
673
719
749
688
912
736
638
634
741
693
1177
1299
659
686
678
912
2205
1394
940
981
942
881
2171
728
723
724
807
979
1003
952
953
912
936
941
677
620
696
705
648
766
1254
895
663
715
652
1097
1301
648
670
683
698
1010
1455
898
928
676
935
648
950
909
686
979
656
675
910
902
914
901
915
730
638
921
671
889
1063
971
1082
1073
695
1074
719
1429
889
1118
987
738
667
776
879
702
682
673
688
1581
909
730
725
889
951
835
778
2342
725
765
767
814
935
929
645
665
672
668
705
720
676
688
813
845
676
767
701
724
674
1182
1499
678
691
684
696
926
1406
862
704
664
694
1403
1025
1001
1214
1027
926
1222
783
1622
693
1495
730
681
933
730
692
685
809
1812
2224
674
759
671
694
724
726
695
667
691
881
667
734
701
650
924
698
654
1364
720
1164
734
701
692
1552
1208
701
664
639
1327
918
1251
1863
694
671
639
743
887
1284
2035
690
735
681
668
685
1222
1345
672
697
1095
685
999
685
1000
683
945
962
673
908
1183
728
1103
706
686
667
800
1036
1284
724
1119
940
722
1482
1320
682
664
658
742
968
1492
738
660
676
691
760
721
975
1366
780
683
1569
660
919
964
943
885
971
707
918
929
1152
814
920
895
954
1037
1130
1080
1152
1142
705
685
688
936
727
828
683
941
898
1704
928
662
678
667
682
699
667
763
1330
962
1001
754
685
710
721
1244
1150
656
739
728
1107
1373
922
2021
702
696
652
749
1128
2656
738
699
641
676
683
1327
1408
650
645
1194
714
1175
772
1908
710
734
723
1165
1264
783
690
686
804
775
1172
1518
2644
760
728
712
908
788
1685
2219
894
869
714
1217
690
665
674
836
1043
1066
1152
903
1222
769
706
1400
791
686
1461
807
694
693
774
695
725
821
714
1078
924
973
1024
828
727
860
709
661
667
808
1002
1031
680
691
721
741
710
888
703
695
1167
759
675
869
1224
683
708
662
695
791
1233
951
724
962
933
956
698
680
919
682
984
1319
906
1438
670
686
780
677
1170
1243
678
660
956
650
917
922
888
701
891
908
890
694
1171
734
721
672
729
778
692
692
684
691
2036
1311
828
695
738
715
761
677
705
752
1509
738
639
654
889
869
780
865
1211
822
770
1198
