3369
1764
2188
963
881
1263
731
1092
1101
678
729
667
628
705
687
1952
1584
926
704
683
667
882
641
1001
638
1570
777
1096
682
1239
727
1025
752
1026
3106
1267
982
1029
1336
962
1333
2268
1720
925
961
775
701
702
816
711
1027
1046
681
790
1027
1635
719
1040
674
689
1188
1093
652
701
678
689
676
1407
1017
701
898
688
1101
1230
911
688
659
636
1330
1678
669
661
668
720
1228
665
677
636
871
1016
1163
990
975
931
655
1842
673
743
1127
674
1054
727
706
682
647
674
936
1412
1451
752
652
970
1126
968
1046
1056
631
651
1265
871
1008
723
674
632
695
1238
694
979
716
1195
1306
676
655
709
682
924
938
677
915
710
1473
1070
794
689
671
662
683
1373
921
695
948
1391
790
2828
803
643
674
697
690
1882
1315
693
675
703
691
1417
664
635
681
749
703
1187
652
875
634
655
939
653
887
890
1065
930
713
2067
782
720
838
886
794
1099
950
917
867
904
908
919
900
895
837
895
935
759
976
943
937
927
946
982
1102
825
931
1147
1278
776
1077
1050
1117
795
815
756
778
767
872
2484
1878
767
822
810
929
2197
1806
955
866
708
671
1168
941
682
721
736
669
696
1100
645
662
678
793
807
676
664
679
642
735
652
685
637
702
632
965
687
677
676
666
673
812
849
674
621
671
671
683
678
650
701
632
644
641
661
654
681
686
647
710
1023
694
669
632
743
623
1422
699
780
605
987
918
1188
1533
732
764
633
748
880
1339
720
914
647
706
1138
1110
765
729
676
614
1062
1424
666
651
674
668
998
658
632
715
654
644
898
641
784
643
734
662
1048
630
635
649
654
867
629
651
749
707
1614
1350
1151
697
905
737
1257
1064
1057
753
1098
733
1518
837
1043
682
873
1013
1203
811
832
748
828
1735
1730
1722
975
697
995
2818
1697
1254
1282
1075
1149
788
1848
1062
1134
879
1370
1741
1973
938
1016
1252
1002
985
1943
1394
1580
1012
1401
817
1392
2124
961
758
786
739
846
2728
1699
745
762
811
689
1944
1384
1517
850
1056
963
1336
2049
1347
1804
1053
954
1038
1002
1015
976
1002
1039
1457
997
942
899
760
702
687
1145
1746
958
926
1445
1192
1282
1080
796
1051
1315
898
904
836
783
897
1342
1311
1629
750
939
1020
676
715
666
738
1879
852
762
811
766
798
691
1391
1182
644
653
624
683
2102
819
828
697
673
637
652
1095
1268
910
1050
701
958
1161
1262
663
882
884
674
689
1138
1112
916
613
711
650
699
1100
1281
642
672
758
1055
1343
1087
862
649
697
658
671
1150
1091
700
711
721
671
929
1794
1658
657
677
659
723
1511
1688
673
682
669
664
787
773
1861
686
674
655
652
1550
1625
667
676
771
695
702
1328
623
601
636
707
1336
1673
976
601
661
1319
1103
648
637
648
769
1586
741
650
644
671
1771
1058
664
643
628
669
2214
644
621
625
993
1339
664
676
635
717
1687
1347
604
680
646
638
681
1971
644
705
640
783
1678
1606
606
656
644
613
2017
1124
657
628
633
777
1349
646
668
606
808
804
1481
628
809
808
644
1886
1612
652
648
593
651
912
1752
792
621
970
677
2108
799
713
904
682
846
1302
667
649
696
651
1216
1780
660
626
662
665
631
1644
1631
688
688
662
711
867
1600
591
655
613
1292
1617
718
619
632
616
1093
1327
596
673
594
613
1050
1552
1344
968
855
1094
961
850
1119
1365
925
852
590
667
1372
626
662
655
608
2058
774
720
766
630
688
1011
1087
715
768
627
1517
1375
877
888
846
872
836
864
662
903
1509
731
853
891
635
865
675
823
878
909
620
1783
798
771
722
1769
668
658
677
611
1220
1389
733
696
651
649
649
2129
661
706
1067
783
681
640
626
692
674
679
1087
1013
899
985
660
693
995
994
661
669
711
665
814
1007
1112
692
731
675
890
667
689
672
738
913
1849
690
869
626
682
1945
879
1583
736
971
717
859
875
662
738
918
869
836
863
1124
663
856
655
863
652
1411
886
870
621
612
2456
894
700
626
673
809
1576
661
624
972
720
689
1366
629
606
635
744
777
1503
1024
751
630
698
1390
847
640
616
645
896
684
2360
681
894
857
881
685
929
664
884
854
629
1406
1491
957
689
698
672
699
1101
680
624
879
1452
669
1746
689
626
705
640
1017
648
715
1205
742
633
981
625
667
670
624
674
844
1023
1155
876
630
675
848
859
908
617
884
630
686
1731
874
772
655
652
848
684
1296
865
674
1412
721
787
904
669
645
655
730
677
942
1274
1254
675
693
679
661
785
1290
701
697
665
725
1761
694
642
651
668
675
673
2369
851
715
825
742
637
667
1491
829
777
666
618
690
1188
678
871
639
649
614
803
945
1894
611
1258
718
629
1097
1371
643
705
647
611
2121
1828
735
686
630
647
737
1788
639
658
639
1150
1003
890
1355
747
684
714
846
770
854
714
1191
667
663
668
650
1009
665
631
656
712
759
2035
653
1006
906
662
727
1369
644
616
664
