1839
1272
1581
1205
1007
936
673
780
913
655
646
1380
924
1395
1033
757
791
737
638
656
1898
1426
1347
1140
972
11126
1319
3188
2077
2023
1042
1147
710
1036
664
652
866
958
1028
810
748
672
625
754
774
1475
662
620
642
1042
649
695
1189
765
605
652
822
665
1025
644
1363
712
695
668
657
675
735
639
642
689
912
1146
749
666
659
647
661
1489
670
623
666
672
1317
997
657
627
686
647
697
798
814
620
655
652
1271
683
669
742
660
626
692
633
1167
874
736
1321
845
875
632
1146
1216
656
603
618
632
977
1243
858
901
680
711
639
858
1378
670
638
664
1318
845
2158
699
727
641
656
653
914
1243
1676
723
625
612
659
853
1427
638
648
702
901
649
987
897
878
849
864
879
897
929
852
1091
1019
712
602
623
881
639
676
645
639
2311
1464
709
619
654
636
691
1384
1415
648
707
694
653
1959
1843
627
656
642
859
880
1454
831
767
852
717
1075
2076
891
914
708
1232
1864
943
717
729
758
1504
780
746
684
799
1876
1587
912
910
720
987
1682
909
888
777
942
1339
762
985
734
954
1368
978
764
754
620
785
1370
1768
678
661
673
699
1798
1605
761
861
880
841
2104
822
1095
918
913
969
947
818
875
836
906
755
833
851
1086
1190
829
1072
980
1089
737
1015
754
832
3072
711
1000
873
799
2615
657
707
668
753
837
2414
643
737
669
942
1309
1026
975
912
825
940
1076
1184
1210
1126
1239
763
748
706
1583
838
2061
1093
855
971
692
979
655
625
782
1439
777
919
757
1014
932
1169
769
971
753
987
1065
1042
713
872
798
694
939
888
1230
786
694
754
665
1861
992
837
646
835
1128
876
1192
1045
753
839
786
994
757
1129
1189
685
1046
2057
1225
991
1053
1200
1239
2218
2698
1344
1367
1204
1181
1963
1244
1131
1065
3100
1409
1679
3296
1196
1393
1584
12025
12928
1154
1553
1242
1819
1407
1446
2619
1493
2381
1832
1516
1261
863
850
747
798
897
2382
1029
828
1259
1311
1737
1831
2460
1706
976
976
922
1059
985
953
2334
1007
1085
939
969
983
1006
1045
1039
1099
796
737
802
785
2410
1469
939
1167
1103
1141
1679
862
735
719
813
952
1121
2177
1069
1128
862
893
1436
1635
1221
886
1374
2512
3063
1286
1161
1200
902
876
2088
1015
1121
1039
764
2203
2961
1088
1263
1309
1054
1542
1286
1135
1120
725
1359
830
1587
617
719
657
786
1754
1671
884
702
657
848
1392
2080
665
639
806
903
1369
1974
664
656
650
837
771
1577
615
722
639
881
864
1647
677
735
653
807
1258
642
699
1545
1031
870
1216
982
650
852
620
654
614
1464
707
769
616
614
695
1174
838
758
641
1008
807
1807
1867
908
727
632
966
672
1501
900
785
716
654
1796
1140
724
658
647
665
771
784
1678
597
612
618
735
775
1781
1662
589
654
676
662
1852
1496
613
685
634
723
949
1525
1880
768
662
671
668
777
1557
915
636
648
606
747
893
1461
644
638
641
610
736
830
1916
1034
912
1249
1032
847
1746
648
658
769
1031
1434
681
646
603
651
618
605
1096
586
583
1494
860
591
1154
1108
607
597
636
1019
1694
1128
886
643
615
731
598
839
1340
653
587
620
588
2038
664
686
615
624
674
627
1431
674
942
1398
1056
760
700
642
728
685
697
680
850
745
1338
720
682
664
786
654
1154
854
657
702
786
1057
1238
831
892
801
686
837
747
1272
1501
719
641
731
1360
603
653
594
754
1265
662
1257
680
911
768
1144
596
620
591
599
1364
1240
1149
709
646
651
806
767
636
627
624
940
969
1228
683
690
678
673
1273
680
698
658
674
871
2134
668
674
663
639
999
693
709
671
734
697
2035
865
673
683
696
699
689
869
651
665
667
897
677
625
624
649
662
709
689
808
650
647
1165
669
691
907
753
646
758
618
704
1158
1244
1012
651
650
824
1293
674
655
627
647
812
1487
888
636
673
639
659
1220
618
683
1029
675
1341
860
617
636
651
652
672
1158
599
601
724
596
1067
682
1367
810
664
666
676
835
1037
610
662
1179
730
624
1013
691
656
702
701
664
968
1511
1001
731
711
855
675
1343
655
656
608
722
1878
855
658
639
753
702
908
661
679
648
650
1563
1382
696
659
1038
639
620
1362
637
633
1056
841
1296
1165
858
644
703
767
1127
902
714
1293
734
816
1303
1047
819
804
650
634
833
1746
940
661
702
637
850
1285
696
669
640
626
811
1994
753
659
731
679
1528
1226
691
670
586
626
2479
905
795
605
636
659
1056
1156
701
718
668
1171
858
768
823
605
658
602
883
1323
628
638
1379
692
665
693
609
604
719
643
607
932
809
664
1498
893
617
726
825
644
698
740
1013
1073
659
970
759
846
616
1264
837
643
661
719
943
741
792
915
753
642
1325
860
668
629
620
656
940
902
916
653
696
654
842
804
699
632
663
1196
1294
653
656
638
624
1240
1320
643
662
607
1231
635
1211
864
622
683
639
1024
1187
757
703
1090
887
1510
1138
806
619
679
610
613
986
