3501
2492
1231
2238
813
789
628
617
634
1566
630
615
650
1216
1360
1175
843
598
639
697
633
611
1270
708
1357
677
602
795
801
1331
716
659
661
693
2222
696
648
767
1597
1001
979
974
1396
1627
806
863
681
1717
1524
646
676
718
1386
729
628
944
643
653
716
670
1091
631
905
1280
678
644
650
705
1270
650
654
617
662
894
1844
777
664
646
616
787
999
680
1142
652
617
1284
703
608
716
645
618
602
622
1369
677
670
1287
680
634
730
646
638
631
793
1063
1065
829
1939
1353
953
2096
720
663
673
703
1380
1351
1203
687
739
795
1652
808
800
1023
767
625
688
978
891
701
1094
600
662
671
819
775
698
729
790
669
839
690
1200
679
624
739
662
685
1156
652
659
668
628
737
1053
641
676
723
760
786
1122
605
608
665
593
1060
585
655
637
673
698
639
594
597
692
860
636
810
596
822
632
697
1186
971
624
644
607
616
821
638
716
640
618
708
1074
596
592
661
711
715
1676
709
1096
961
982
891
886
873
871
959
961
898
886
1138
1203
855
934
957
893
937
941
982
921
933
1119
767
691
768
842
817
769
821
747
786
821
890
810
781
773
792
788
792
764
844
781
778
870
905
882
812
762
800
754
924
673
711
666
710
671
664
635
716
646
637
720
644
628
631
709
662
703
843
709
1047
1670
1207
1090
1730
1087
826
1500
1074
872
633
614
764
1057
863
1493
757
898
675
1275
823
644
631
647
992
1262
888
889
707
684
843
1156
833
639
850
688
1154
1627
812
639
638
583
1897
945
679
651
688
721
1277
1047
837
648
603
963
1296
896
794
601
589
774
818
1294
823
593
576
1206
1110
839
614
590
679
1156
1113
610
596
792
639
1333
1075
796
653
650
775
1921
1358
1575
1014
1089
2095
1132
1524
1534
1546
943
1197
1969
1037
1068
695
1211
2321
991
1022
917
1137
857
2206
798
981
1044
920
1144
973
1111
694
1269
985
870
1433
894
702
982
1036
1123
1764
806
1076
1011
1056
839
1184
1079
1062
857
721
1054
1571
880
806
1063
795
837
1103
2025
2014
1612
797
772
898
1612
1494
1017
1061
1078
1033
1019
939
2342
783
1030
1004
1001
988
948
987
996
1388
1550
1006
2632
1679
1339
1375
1412
1184
949
861
1479
1650
1618
1455
1049
881
959
980
1934
1173
1165
692
718
2258
2363
1934
1187
876
1433
1569
1387
1183
1695
1006
667
779
699
1272
1775
782
2068
1076
642
801
1327
1573
759
705
768
718
642
765
858
797
675
723
748
879
1227
1008
643
647
696
1348
917
854
723
662
704
1043
1422
833
675
651
607
712
1208
1082
896
670
650
651
932
884
955
943
945
1012
1098
1252
825
724
750
1566
1019
638
761
1157
925
725
839
849
841
887
660
645
907
608
897
876
669
841
653
844
656
635
1870
866
634
685
827
642
1148
1254
584
566
657
571
1885
963
613
600
642
628
583
2141
1373
616
610
1023
698
1888
703
794
956
664
1672
972
622
591
604
685
1243
817
602
638
604
1302
1225
638
599
620
805
796
1424
881
710
617
796
1098
880
620
641
692
659
1137
628
678
781
612
894
2168
727
662
665
875
742
1556
630
604
607
633
864
1589
696
655
878
1013
934
1584
833
1214
1188
809
1066
844
911
846
990
997
983
1183
1460
723
683
832
786
838
1351
865
831
942
905
864
867
812
644
804
806
666
830
972
633
853
846
840
822
843
799
646
818
855
866
587
862
851
873
839
633
798
581
834
614
796
815
809
1262
923
674
811
1175
916
1089
960
661
595
2303
1067
1304
711
672
566
2026
630
605
1434
692
646
643
616
608
616
690
602
760
682
1464
663
627
745
634
629
630
746
829
624
1230
992
650
645
642
613
1256
678
887
677
633
1408
1157
782
709
619
640
2375
605
593
672
767
1476
1940
711
617
649
830
1424
1209
627
1001
719
652
1755
1176
632
601
642
659
2229
1388
617
598
661
757
1322
616
632
648
918
676
1598
638
613
614
682
1632
865
599
1231
649
669
2141
1324
610
648
608
667
2197
1607
641
941
608
710
648
634
598
610
670
765
1156
641
1024
625
837
616
701
723
597
624
660
1484
1545
626
733
636
972
632
995
580
703
877
1048
1141
1437
872
743
1055
751
1678
669
657
1102
701
697
863
649
644
641
707
901
594
647
1111
902
862
1052
1278
1061
1101
872
672
727
1869
1102
688
651
921
752
602
672
646
1638
951
1694
991
880
675
1237
3259
1892
680
739
720
643
620
1086
992
672
906
801
1069
967
949
629
601
840
685
962
2112
1477
838
668
620
634
1445
1298
682
1366
1418
1230
952
2175
651
684
698
1302
1357
1013
922
752
872
673
629
691
1449
1081
771
637
618
2289
791
598
668
686
1161
859
774
747
721
1194
854
773
1411
820
2635
1406
900
1318
1145
958
3063
1029
1553
774
801
948
1065
688
848
1293
922
815
916
831
690
993
685
2008
1020
944
935
933
1005
943
904
631
2974
1085
929
985
1037
1136
889
957
1600
1457
1424
1234
924
894
864
