3200
1691
1134
923
968
1078
993
696
693
1224
1202
1436
911
675
658
617
651
597
627
618
627
969
784
648
1192
1636
596
592
632
672
1933
759
937
1120
667
1082
1334
771
800
1094
759
1450
959
714
674
672
593
1201
1318
792
596
851
615
882
639
867
834
827
834
859
663
852
846
858
868
842
611
847
831
820
842
620
859
866
890
652
653
758
727
684
718
1221
820
926
663
736
682
765
689
775
675
731
663
685
674
719
722
722
672
759
678
628
1279
1704
612
629
714
622
1150
1083
614
761
599
697
1141
1124
616
751
606
675
1109
1117
732
777
615
659
620
777
591
599
773
619
868
859
1299
737
742
682
663
1313
734
614
595
591
590
627
880
661
605
585
614
621
673
612
806
630
729
1189
1203
606
757
661
684
1348
714
640
613
593
629
1258
782
642
616
691
891
662
826
851
695
837
850
879
866
844
897
964
661
633
611
600
632
655
614
621
680
630
584
590
1776
1492
903
897
982
655
2065
2111
1273
755
618
704
817
1965
665
724
631
783
740
1424
755
797
749
755
768
1513
652
713
681
918
1597
1295
841
663
733
856
957
1431
658
710
819
961
668
675
631
864
604
635
820
734
782
777
625
670
628
1999
645
625
623
612
915
1635
726
668
625
582
803
816
807
612
781
809
800
811
894
836
827
782
799
773
789
771
831
841
826
837
584
807
792
812
808
763
820
802
795
793
831
797
611
839
812
629
819
837
672
844
664
647
597
592
607
674
635
607
606
630
607
634
596
630
689
685
634
713
653
648
620
731
670
680
660
681
656
625
633
705
700
607
646
660
660
777
654
683
652
592
1807
1233
765
706
640
630
607
1402
784
855
616
583
666
1112
1076
1072
787
607
626
589
1005
1243
817
751
618
603
718
1095
1136
607
585
606
573
727
1250
949
585
602
609
707
862
1085
1354
811
1036
662
905
1142
1336
937
658
1171
639
698
1184
1827
907
956
1317
3626
2736
16190
1206
1185
1349
1008
976
1083
1165
1570
1103
6526
5088
3474
1795
1340
1211
799
1218
1101
2553
1035
2013
1424
1258
803
1065
1404
853
1144
1185
1215
914
1163
967
971
1445
1064
914
764
895
1232
1333
1105
995
1203
1372
1083
861
1418
889
647
682
1718
170995
531
566
532
544
554
546
536
537
819
558
543
655
560
521
517
528
712
518
536
573
496
520
748
546
586
560
523
549
697
564
557
615
546
567
1057
593
581
558
570
588
657
775
593
569
577
562
544
1094
569
620
650
643
562
565
565
552
528
541
776
557
567
557
558
599
560
585
608
543
566
568
564
1006
572
568
650
578
726
580
688
571
571
562
618
579
561
553
564
596
683
905
678
664
575
566
562
589
583
545
618
718
585
635
611
596
600
1000
640
612
645
620
597
593
1113
580
599
574
648
776
575
674
620
602
797
1160
617
587
768
611
682
995
594
552
552
578
573
598
1180
600
710
544
595
882
1211
613
812
819
834
582
562
806
910
690
923
837
862
651
623
574
701
1098
615
692
615
604
607
1178
644
611
610
626
630
1271
593
725
651
628
760
988
711
706
677
642
639
608
615
635
707
684
685
641
649
693
657
617
628
676
607
608
659
661
603
604
634
694
731
663
615
634
634
636
621
663
641
677
716
684
1225
1134
665
634
598
647
709
980
673
736
639
613
690
644
609
618
899
686
1198
724
714
621
659
880
720
691
628
630
594
661
639
626
653
606
643
627
949
649
680
605
638
630
607
667
621
668
602
635
753
614
656
697
849
734
982
785
718
748
743
764
800
1210
879
755
731
750
756
767
648
625
632
693
1242
1157
840
949
814
779
1257
1054
614
609
607
684
636
603
1058
651
844
640
651
604
588
601
623
600
735
777
640
1550
1000
826
756
739
1488
598
782
710
618
649
608
639
587
637
985
888
842
691
644
637
743
911
713
632
675
622
651
654
728
910
969
727
798
1024
673
702
1194
722
831
1047
711
992
846
843
824
840
866
863
912
882
938
845
842
845
763
745
774
776
774
770
774
745
750
826
808
742
628
605
665
671
657
678
680
660
686
658
1106
892
698
614
637
661
830
843
652
837
659
737
742
1311
656
720
643
673
737
1154
696
705
633
610
698
1492
906
676
638
615
623
886
778
1383
674
615
650
736
652
895
651
677
637
626
639
609
677
647
616
667
1025
717
693
642
690
630
1176
599
637
629
642
864
728
671
633
651
1198
673
697
594
664
1077
640
644
661
651
604
807
722
636
600
646
1061
1251
626
605
726
653
794
1184
766
685
640
592
728
971
659
607
623
995
706
1216
635
617
647
643
1202
642
699
585
623
724
1320
653
635
608
595
586
1079
604
608
619
616
601
764
647
609
621
612
1033
791
577
666
591
594
706
969
584
610
600
619
1076
922
671
634
567
622
973
1132
