2983
2518
3116
945
1572
992
690
639
810
787
607
2122
1086
1409
866
592
814
642
812
638
882
1962
1035
694
631
948
848
590
850
911
892
1553
812
938
1293
821
847
721
942
1856
1542
646
1037
856
634
626
1015
634
1630
669
860
623
743
617
671
1013
624
816
659
1417
844
1672
622
611
614
604
678
1068
746
1237
874
1102
858
803
977
595
748
685
1817
1520
654
612
738
728
1660
1034
634
624
1089
1121
657
1295
653
838
833
600
966
1048
625
1172
714
629
646
862
1348
631
636
626
656
989
1926
650
651
633
680
724
1447
705
616
609
1232
763
638
737
694
661
605
666
618
858
1915
725
729
684
637
620
614
1152
624
660
713
1577
1014
1589
662
618
664
614
646
822
1153
661
797
731
587
898
685
599
688
665
675
662
1375
1233
874
866
829
701
676
636
640
635
675
1646
875
1048
985
703
676
611
671
613
622
660
1464
843
673
645
766
895
810
674
872
1050
1531
991
931
901
877
874
887
879
937
1265
846
754
736
688
715
790
747
702
740
709
746
1254
834
751
705
860
2353
1853
710
772
706
738
1351
2269
732
721
725
741
971
1776
2060
749
749
676
759
668
629
672
743
642
661
653
640
605
745
625
651
639
648
822
863
626
704
663
696
628
1067
873
771
682
662
643
659
694
623
659
633
629
650
663
638
746
856
652
640
661
650
656
763
620
692
637
637
799
669
603
641
680
631
936
618
627
644
660
626
1080
763
668
643
656
629
913
612
642
636
643
831
658
670
643
658
686
949
1153
622
669
595
612
1132
1026
803
661
646
864
786
634
642
624
637
886
986
636
638
609
629
1621
953
742
702
676
631
1455
978
709
601
1833
3100
3537
1742
768
754
643
812
664
623
994
6851
1224
1100
6257
1017
2577
1272
1340
13811
1273
1118
907
935
1015
1218
1231
1522
2079
1328
23042
1098
1106
1120
1007
1034
1106
984
991
754
1310
913
831
1249
803
819
1145
1239
851
766
950
704
958
1298
1053
1356
817
727
1304
1393
1231
1209
1009
978
2020
1512
1526
823
773
668
673
693
797
1122
1280
1091
1167
1210
976
1782
950
1305
873
838
1070
1290
691
829
627
699
2006
772
671
653
676
909
909
880
908
919
1079
771
1081
706
637
661
967
685
1393
895
1082
676
704
832
1055
762
640
645
650
844
2020
716
681
648
850
754
1137
651
672
666
1105
1164
1145
767
679
637
677
1015
930
1219
1217
1078
879
1012
851
2860
926
1291
1133
866
1384
1106
684
654
907
641
1357
1271
1045
788
682
918
1281
592
613
748
615
743
1530
615
634
679
688
934
1713
585
629
677
645
1102
603
656
612
641
676
836
609
629
626
617
1224
1792
585
635
627
638
1058
666
670
625
616
660
1697
587
609
649
634
744
1566
640
1256
1118
1057
843
1606
962
743
746
846
1313
1491
996
981
795
960
1726
859
898
1046
795
633
667
1044
1200
690
661
609
637
659
1911
609
610
626
591
696
1044
1189
586
623
621
670
1507
824
573
662
618
626
1680
1348
700
830
642
609
1462
940
710
602
614
603
1229
1028
697
636
921
668
723
892
1343
633
690
620
658
1216
1181
794
617
605
592
682
1152
846
638
638
609
759
799
712
1007
740
674
641
698
1113
995
729
595
714
833
1000
1064
1223
724
696
633
608
1033
1381
689
616
591
588
605
1448
1694
631
599
699
638
1010
1655
659
670
602
619
624
1463
1234
651
684
647
594
610
1244
1817
655
616
795
609
717
952
618
624
669
623
612
828
883
626
630
675
712
624
646
913
727
589
661
637
674
1757
821
978
989
1194
1093
1200
619
734
623
933
1463
995
725
804
737
748
795
751
1267
660
716
1085
946
733
808
773
764
651
954
671
729
635
803
1040
690
651
604
592
819
663
627
635
634
647
1491
1114
772
882
645
698
864
630
637
707
706
939
1496
648
759
639
627
901
895
804
819
689
1265
1190
831
619
730
662
604
648
1118
615
598
980
1017
801
635
602
644
615
633
717
602
572
620
1277
625
1348
642
647
659
602
818
1130
648
639
1530
650
668
595
599
700
610
643
1079
592
654
728
807
823
608
626
624
632
619
685
1228
804
627
1138
743
641
739
1326
695
635
655
708
922
601
776
1018
638
824
921
681
669
602
640
897
860
604
1100
642
646
617
719
667
657
634
678
668
854
1535
1023
694
726
909
1117
668
633
653
621
602
917
2253
656
601
677
651
1400
1754
623
624
634
1476
1060
847
676
604
606
622
1507
1173
624
611
758
597
1857
759
710
619
607
988
1010
714
1308
693
652
917
1240
790
644
637
658
619
794
1244
756
625
622
736
631
652
656
620
708
805
1739
840
740
622
623
1117
881
630
604
643
639
1324
1210
961
622
587
641
1656
661
684
630
623
614
1140
1114
764
616
664
598
1486
1281
686
597
634
1249
1136
860
740
658
643
884
860
867
615
900
1081
647
1754
1076
590
639
679
582
1293
620
575
1021
3080
778
