2488
1849
708
1211
1254
666
620
624
678
595
636
1281
746
1258
1330
748
766
1071
667
729
625
896
930
1290
825
668
655
611
609
619
619
1304
1086
964
933
1199
1341
1294
1265
787
1209
671
1033
915
726
993
608
820
1039
824
653
1032
649
601
631
814
1186
619
1454
649
647
793
700
703
637
657
624
628
653
1431
1008
696
613
629
634
2108
616
620
627
620
1299
1148
817
600
653
761
1254
634
660
614
630
2287
617
575
614
629
1182
625
629
630
602
1071
1048
603
623
596
578
1225
900
599
636
641
583
1089
750
661
596
638
598
673
816
819
584
565
630
961
1224
851
679
596
637
1036
629
657
685
594
2134
664
603
632
645
580
701
1308
738
656
1250
804
756
687
993
1052
786
835
716
627
755
868
771
962
1520
1650
811
900
799
832
2160
715
773
617
719
945
1087
652
717
809
704
1279
2185
871
766
761
637
597
1400
851
592
630
706
880
648
663
671
919
648
766
598
1145
677
645
662
1072
830
972
695
749
869
779
787
785
778
740
752
781
732
791
775
732
665
717
1559
1705
694
696
731
837
702
2076
646
615
653
759
630
1192
652
770
665
1259
669
645
640
623
642
622
633
884
700
591
655
665
691
640
743
628
610
796
641
644
692
627
633
632
630
638
1021
627
611
664
731
649
1087
674
623
609
660
888
1002
609
673
1004
738
659
641
708
708
637
614
987
1410
663
681
655
615
575
1503
794
605
591
682
634
977
625
657
641
614
695
689
1737
600
651
601
626
1216
684
601
603
697
641
734
855
578
593
605
836
714
652
677
761
866
678
851
1840
643
784
606
618
1053
1124
615
655
604
638
670
854
597
639
630
665
640
965
1845
598
599
573
597
1384
1625
573
609
576
573
1279
1359
563
597
637
660
817
1133
659
947
629
709
1149
981
872
792
706
838
618
863
764
965
714
764
988
854
875
993
622
1068
1076
1167
826
1699
1031
848
3843
1815
1197
7209
7998
1167
1092
1213
1345
1310
1345
1124
1104
876
1186
1012
1012
1034
1056
937
962
1294
1724
2153
1249
1137
1104
1394
4412
1356
1112
955
1344
1019
977
1348
758
1017
2506
2770
1197
1252
1230
772
2034
2549
770
739
658
1318
893
872
1211
953
1112
784
1499
1290
775
1089
670
764
623
632
630
2201
1023
789
752
797
749
869
908
1284
663
959
1312
744
663
820
1259
770
683
632
671
1205
1796
1040
932
809
1218
790
1442
1189
646
1573
1305
713
729
649
711
732
760
638
670
1497
714
671
639
644
632
840
844
1261
815
695
720
1101
894
640
656
658
641
686
629
728
1491
916
845
872
885
845
871
894
984
756
866
659
855
904
651
938
648
1075
997
1316
866
666
926
870
861
918
871
885
834
907
936
861
695
645
655
616
608
628
647
636
695
605
830
765
715
911
683
727
848
869
855
873
875
1077
896
1119
1065
958
759
813
727
618
592
1777
1730
1080
696
639
821
1334
1546
606
759
665
567
989
1226
844
678
644
610
672
931
1275
710
655
751
844
667
828
639
680
616
600
788
1480
908
763
779
603
745
837
1193
704
665
578
713
921
1164
730
672
628
1202
1297
1114
629
667
643
660
614
783
585
639
691
683
650
1869
612
680
615
599
602
801
601
650
684
619
623
928
579
662
630
637
615
1555
893
632
626
614
733
1047
600
618
607
592
673
1454
637
659
592
669
794
1160
613
625
619
640
706
1928
693
616
629
631
868
1426
619
579
607
701
1481
994
707
839
622
812
821
1170
711
746
667
664
616
778
921
917
877
681
1484
690
656
575
621
926
1096
649
620
597
681
1636
1783
1003
1095
1217
904
660
675
638
621
800
897
915
733
1632
697
621
1286
1045
661
655
618
593
1696
1532
641
676
664
604
1262
1070
635
628
955
1106
762
783
663
625
692
763
817
583
569
676
1315
682
634
806
605
602
585
603
678
1211
876
623
1129
1161
784
1354
705
643
611
761
1300
793
666
1038
636
705
609
914
584
656
594
695
603
2427
679
636
614
611
602
1221
647
643
623
612
593
1946
755
827
862
876
867
899
813
853
672
806
913
785
626
626
665
662
659
717
715
609
609
610
682
1767
619
685
665
604
607
1037
1164
620
625
578
599
1757
1035
653
616
603
632
671
909
1235
875
866
1578
759
668
690
651
616
612
627
619
634
983
840
1376
822
653
693
664
660
665
750
728
694
713
1551
717
746
701
867
633
673
749
968
587
1028
683
583
688
970
961
652
590
614
619
1205
781
1421
655
644
650
611
631
880
1098
630
598
1154
751
648
755
764
729
834
822
804
1020
1464
1055
894
782
794
870
836
1675
1205
1026
673
624
660
1539
1824
605
591
742
795
608
2021
1240
623
702
680
608
661
1021
760
1528
644
589
635
568
580
1653
1425
1302
810
614
597
1686
790
587
669
590
610
622
2338
923
840
829
826
844
823
632
610
856
875
1044
719
605
721
599
625
586
580
