3382
1726
1466
684
665
1284
1020
1040
639
1834
632
647
622
632
2126
1562
626
835
615
707
1070
1195
691
1061
934
808
1611
1314
1559
1062
1474
2575
1414
2866
1238
4901
3808
1642
1503
743
797
967
679
1125
762
1116
669
656
611
892
1471
1659
611
605
658
636
1385
1482
613
586
603
813
1493
1313
780
623
704
604
1603
621
601
637
602
591
1669
821
695
635
611
689
1639
601
638
616
737
1459
1895
686
632
685
681
805
2133
603
678
728
639
1569
731
616
617
659
716
1891
1096
639
664
675
1171
667
630
684
657
643
717
1281
723
632
677
679
1347
1877
723
722
640
814
1184
1042
781
656
596
592
1076
793
642
615
569
654
1043
607
800
646
625
643
832
1068
654
604
612
685
1000
968
615
635
628
625
1164
620
620
579
787
726
942
623
625
881
687
637
787
1120
641
880
643
656
640
1223
989
935
643
695
826
601
629
728
829
672
611
725
620
769
621
661
648
719
916
749
782
925
855
931
872
857
873
916
883
869
1098
887
812
959
1007
1305
1541
924
903
922
738
1557
1746
684
1012
670
641
1937
669
640
658
631
890
1107
1452
654
606
824
669
606
992
841
602
919
686
1203
1280
6286
4037
1711
1162
1192
1160
1518
1518
1211
1186
1437
1018
1120
715
2365
1284
791
1288
2438
2254
1522
1091
1016
1427
1012
824
850
1165
1622
781
799
1235
1210
878
750
1173
1424
1256
806
684
662
860
2163
617
598
772
918
909
648
1572
677
631
769
622
639
2547
749
686
786
635
693
943
1024
1549
732
721
938
805
1631
1019
666
719
591
738
654
1036
808
1168
891
800
709
989
1055
1037
1244
980
976
1004
1149
897
793
1189
975
907
1309
767
1589
1361
1317
1242
973
1192
1187
1080
836
1473
842
1073
1097
1058
1010
1480
1304
1261
1235
1255
1309
1000
1378
928
869
1008
918
1110
1059
917
984
932
905
803
809
1242
1067
1551
1538
1404
928
1601
2340
1126
1133
1049
1913
2469
957
927
1154
765
898
2271
1478
3200
2175
3044
1856
2344
1330
1451
1537
2098
1197
1428
856
808
1019
2293
1991
1002
2317
873
1296
930
1697
837
2300
1300
785
905
1233
2217
1178
1288
1352
1147
893
4611
1334
1120
1332
1666
950
1358
1959
1435
1354
1253
732
2041
3601
1488
1368
1056
1249
826
1314
2493
1858
1278
780
783
1866
1102
1720
1135
1984
1344
744
1558
966
2384
1269
1650
1007
1492
742
882
2198
1748
1396
732
1003
675
869
915
2217
1817
808
791
778
697
808
694
888
1915
1763
1264
732
996
790
707
823
1507
2041
1806
723
830
850
676
1072
1753
1286
1737
718
761
1150
1936
790
1985
1360
868
866
621
630
622
1111
890
2097
1589
929
832
642
838
830
1144
867
2283
1174
797
685
988
733
669
662
1000
1777
1077
977
843
1133
1717
2426
10600
2162
1323
1242
1319
1261
3687
1827
1290
1321
1277
1315
3153
2684
1551
1901
3583
1437
1734
1691
2344
1279
1601
1828
1693
3597
2067
4208
1607
1460
11127
1768
1831
1314
1696
1152
2718
1589
1554
1683
995
1257
1058
741
1598
1604
1383
1142
744
699
696
657
687
1679
1251
885
778
766
709
709
734
1168
1567
1319
760
658
678
1214
884
697
649
1271
889
1061
731
798
732
685
661
1164
1697
1558
1080
676
694
1018
637
686
722
959
1674
2085
1563
916
747
818
1002
2567
2776
1041
719
623
1768
1049
817
2886
1862
737
1447
786
690
702
1023
1458
1623
1417
642
684
622
838
938
1377
1492
1130
784
652
840
1581
860
1351
1415
1122
879
671
631
872
827
726
1027
3821
1360
836
745
704
1804
1548
609
1484
1263
872
685
871
900
874
867
667
1810
1237
904
917
891
898
894
1007
669
1783
965
1737
908
931
1072
770
774
3326
1946
1070
1182
1045
1141
965
937
2123
1352
1001
1071
844
778
807
1176
1535
1675
958
928
862
833
896
1703
1107
856
895
1441
1070
871
831
874
2263
901
879
891
868
889
901
888
875
1435
819
892
867
964
990
1043
1024
1066
922
921
1004
780
1103
1029
936
790
764
853
2098
813
1093
760
1250
1656
1767
877
821
917
927
720
1131
1440
786
709
663
647
744
1482
649
641
649
648
625
949
1469
1030
762
668
615
783
1049
626
616
767
646
643
954
648
654
707
644
684
1025
1188
655
633
651
725
1031
2055
657
642
627
763
1241
1327
1096
1039
759
724
664
712
1010
1566
840
733
907
725
848
1000
635
1004
946
923
688
712
644
685
642
650
656
1349
912
659
659
736
648
875
1135
669
669
672
737
658
639
1384
873
634
621
650
1115
1104
990
697
658
635
1156
660
646
611
640
1225
604
686
675
658
1067
1568
605
593
601
769
1172
668
637
610
1023
862
571
630
612
614
1330
1007
613
600
633
595
1148
1140
664
688
600
625
1141
1122
629
606
631
615
1289
658
636
653
602
595
1141
595
617
663
625
746
862
656
587
628
593
708
1352
604
619
987
880
1089
1838
639
617
631
637
1000
644
939
620
639
649
1008
601
590
613
628
896
1206
617
629
604
592
1165
595
608
603
571
696
1125
691
600
654
589
884
858
592
630
594
623
1442
1128
611
672
625
635
1174
621
