3597
2579
966
817
990
1345
1919
2134
662
635
635
611
1460
2746
1284
844
640
864
618
824
820
625
608
654
2014
871
703
647
616
614
829
1166
649
785
2533
753
670
1965
1579
1098
753
1683
696
1610
888
642
669
675
625
892
1369
1197
924
632
648
629
1101
828
791
844
734
985
1787
816
628
651
630
1781
627
646
595
619
788
1462
806
644
644
1026
769
895
767
619
668
723
1610
963
641
741
637
718
1117
1178
877
813
661
1014
851
1167
744
652
633
642
1192
997
715
726
1038
673
1180
895
683
658
659
631
710
1262
670
1228
720
607
728
724
681
643
649
619
640
969
1147
717
710
748
856
901
708
590
613
731
931
1213
698
658
633
645
757
857
624
669
607
590
1454
970
810
649
626
613
693
817
870
729
618
1412
708
1308
725
744
604
646
647
1725
717
1147
661
766
684
1168
896
1291
815
652
1048
1489
866
704
696
1031
1056
1700
808
850
808
812
1518
855
982
910
901
881
849
860
897
1264
1092
988
911
992
863
902
906
1345
2155
1048
876
1395
653
1933
858
574
832
1036
651
635
1101
1611
615
610
639
582
2089
1747
809
836
979
712
954
2057
2384
1232
755
655
667
710
1068
560
625
695
671
728
620
1130
622
693
666
630
794
834
1119
588
658
659
724
615
1240
1159
647
654
676
624
613
896
852
585
681
651
618
882
1266
866
590
666
638
629
1299
1098
591
597
662
588
638
769
1512
666
636
590
644
1132
877
653
610
628
664
650
1103
836
708
574
618
650
623
1207
608
625
619
636
604
1257
796
775
597
696
609
645
979
1215
596
582
574
579
577
777
1481
634
600
640
611
1125
795
635
625
633
647
619
905
1708
595
620
659
645
639
1207
864
894
591
717
973
664
814
1486
857
614
647
613
200452
625
689
1301
743
1056
843
880
932
925
837
831
2071
1504
1101
1115
808
900
604
875
812
1736
1064
908
610
881
679
927
829
865
774
1580
1041
847
850
842
1038
837
859
1896
1036
899
882
838
915
865
836
880
1667
1031
884
881
868
905
841
852
930
2082
1043
856
817
853
853
839
812
853
839
1451
1313
800
1150
1510
1039
972
776
713
901
980
802
964
954
960
721
1565
915
1094
729
752
732
856
961
1060
970
1006
1200
1643
1329
1298
1044
1716
1634
2085
1228
1063
976
1670
832
1929
1396
1000
673
853
2662
2876
646
876
680
1960
2738
910
1137
1011
797
2340
2565
688
739
788
1081
1013
822
612
634
637
609
802
1524
1168
633
614
589
663
945
1035
852
845
651
783
1038
683
594
668
634
1529
923
929
748
674
590
1466
761
650
627
612
650
1078
1072
641
635
667
591
1299
917
684
677
643
768
1007
1159
632
649
611
697
1442
607
628
658
680
1215
712
609
636
649
1026
727
1339
625
611
710
680
1254
610
596
618
734
1479
1752
915
755
648
615
1205
829
624
598
766
788
853
854
1042
1118
1295
1063
957
663
1016
602
701
616
841
1244
824
660
841
662
635
629
627
940
639
637
866
1084
721
694
633
1127
854
605
640
633
826
1557
1363
658
673
678
678
1264
1209
627
870
870
965
648
868
631
584
648
622
1578
1213
599
1111
660
593
847
760
1492
614
589
650
624
2253
1568
621
617
606
651
1626
783
582
599
639
682
608
2226
685
615
585
580
740
1223
1622
668
599
646
609
608
1645
625
601
651
1248
712
651
985
933
659
978
598
629
963
1027
2993
882
729
914
1040
1904
987
886
1397
699
1133
1534
683
793
705
737
1055
1734
918
666
725
620
686
768
1128
784
807
724
1146
1731
894
611
640
608
874
654
857
1495
1228
658
652
992
655
642
646
840
861
751
966
2044
2374
905
684
617
618
1445
1253
895
651
641
638
1353
1360
596
653
597
951
1059
1451
939
767
1056
669
868
981
1793
1284
1307
1058
1018
625
607
768
612
669
691
869
917
601
877
824
862
867
881
1676
725
664
676
662
610
601
584
1196
637
593
796
1878
2484
2444
1036
661
633
641
701
2267
752
653
661
694
1142
601
743
638
630
1791
777
649
636
633
889
617
842
870
829
1395
1166
757
956
832
839
1243
650
610
618
1283
634
1195
611
572
605
620
1992
1336
631
1528
653
561
1449
1017
600
607
565
591
1004
1159
1041
696
653
661
936
1256
582
594
583
599
1143
1394
683
656
604
665
1650
648
745
614
693
2449
901
705
715
641
591
748
929
711
755
654
1155
748
613
607
633
646
633
742
995
712
805
776
1591
829
802
857
656
628
734
2095
1489
1723
683
726
699
2038
1243
652
633
642
749
1617
829
709
759
713
729
661
2105
656
582
1145
734
628
607
596
610
620
609
798
1536
641
1689
675
657
848
1409
608
689
592
604
785
1146
2203
721
653
631
639
895
1015
660
649
616
694
845
1617
625
652
629
676
1125
954
648
705
611
584
1104
911
646
958
615
824
843
616
814
867
623
1044
873
620
603
618
667
653
1520
924
788
684
1268
671
610
1697
640
632
700
629
815
