731
1058
1349
1572
787
725
616
651
666
605
974
783
788
1453
1447
850
770
639
666
639
1001
792
877
1546
1083
891
635
761
667
706
697
1451
1265
1657
908
1328
727
1023
730
2156
1091
1189
855
823
627
624
870
1097
911
859
931
841
1473
2292
2416
757
738
680
946
899
691
856
819
596
663
1378
722
642
622
656
743
648
800
654
701
667
622
631
870
853
589
708
602
1079
753
1268
795
763
614
619
868
1063
624
602
602
644
709
1107
816
703
598
600
758
783
1109
688
608
604
573
611
1339
1047
814
570
586
795
796
731
618
590
607
697
620
792
1409
813
554
576
598
1145
758
578
626
712
842
772
1046
633
609
786
627
603
1084
1061
879
687
619
652
932
746
837
594
581
659
600
847
1015
611
608
928
1359
660
608
579
574
1229
777
732
744
622
841
864
804
577
606
618
1412
659
905
918
654
1644
705
597
595
932
824
631
616
615
699
750
601
611
678
620
620
695
637
616
672
813
797
1160
729
673
825
805
1055
831
878
1000
999
1055
1113
927
1875
2391
736
701
842
864
1014
838
777
855
1082
899
817
699
890
652
613
996
1182
863
874
657
808
862
864
839
896
869
840
596
810
827
630
799
818
664
783
902
854
838
877
609
855
791
798
856
875
880
978
639
794
818
856
823
1169
611
647
739
674
643
648
676
620
728
657
599
704
695
575
681
674
696
720
979
676
1207
737
647
1059
607
809
853
804
884
786
660
1149
663
582
587
653
766
1103
588
899
638
609
1049
2007
670
718
611
622
602
636
623
626
628
632
1244
609
764
1078
602
587
1039
1190
618
617
609
605
1366
638
654
606
626
641
853
609
610
602
631
602
1086
776
589
584
603
575
2049
569
626
604
583
976
1603
648
703
623
745
1135
1824
549
597
643
663
1085
1347
590
598
638
636
1420
1448
869
816
829
1241
880
1059
1160
1013
893
1217
1399
1114
1048
948
979
1163
2583
1724
1055
1320
1422
1079
1882
1712
1222
1195
1295
1164
1250
1137
1303
1078
2351
2080
1192
1538
1073
683
2307
2362
689
659
1387
1169
2006
2042
969
981
1997
968
954
1125
1344
948
1041
905
1759
912
939
782
681
675
627
619
614
634
1724
890
2268
628
675
678
701
1954
801
1692
847
939
657
640
1727
595
600
590
751
1188
1594
830
643
878
635
606
751
928
2671
697
675
845
686
675
1544
1304
1050
1060
815
680
934
1145
699
697
645
660
739
1853
711
654
654
641
648
633
1813
1090
646
659
990
683
597
1156
1272
654
640
643
647
595
1692
2049
681
635
571
597
1035
763
1194
657
653
608
950
1756
633
604
572
646
654
774
1129
1638
574
601
698
686
853
1215
1425
567
603
729
982
845
2496
850
646
649
572
643
1869
1395
598
635
677
747
1139
1154
592
593
575
613
660
814
654
771
806
634
713
1169
754
567
603
593
589
645
1740
729
680
583
702
757
1200
1058
595
614
611
945
594
1002
803
676
595
633
712
622
903
669
827
880
658
780
1010
1079
615
583
643
571
793
1306
589
580
636
927
840
851
869
831
798
824
823
862
625
928
705
652
666
813
905
697
571
606
610
729
1352
605
663
579
678
1199
575
842
854
622
818
847
594
664
657
751
657
1041
666
715
735
651
814
692
645
676
691
649
1119
906
1728
796
901
860
1170
824
674
799
652
732
1034
919
734
662
715
714
1268
839
578
807
596
567
2012
840
592
628
644
574
1804
844
593
636
602
594
1893
848
676
715
648
1346
1240
853
674
837
620
855
1486
1655
607
620
684
933
1223
774
630
617
1043
767
979
1444
1045
631
610
613
1204
902
782
723
646
827
873
579
794
798
858
834
658
620
802
850
847
807
821
808
805
823
820
796
1148
745
755
730
639
643
1738
762
650
592
621
613
816
826
857
661
610
819
830
825
842
795
789
806
856
824
655
803
818
603
608
1001
710
810
826
969
746
941
632
648
724
923
1799
1431
875
1040
1169
1245
1136
2135
3136
1893
1037
1121
920
997
991
947
1040
947
913
908
916
1035
1027
967
1087
904
888
1160
920
1197
2163
1102
1121
1938
1103
869
1217
1337
787
957
1948
1160
969
686
922
867
1195
2669
1311
758
1065
925
1044
951
767
993
734
982
892
1327
661
630
656
694
1133
617
639
602
605
743
1429
621
849
599
666
746
1084
600
619
613
582
681
2346
618
658
606
620
1035
1402
917
661
677
1212
1658
1142
885
837
895
606
857
872
727
876
876
861
851
820
912
852
838
870
598
786
984
773
788
1572
1024
623
600
648
681
1080
982
700
633
650
678
1327
804
843
838
805
959
1421
876
891
1327
1368
731
1616
659
1120
1154
923
951
679
747
737
759
892
799
1451
997
993
1223
1221
1318
1460
2144
1079
709
728
678
822
1465
930
1031
710
619
669
1555
1228
672
1024
899
728
1456
895
613
706
632
667
630
790
2048
631
591
790
774
2985
1390
875
933
587
953
1326
668
659
599
641
695
