1808
1295
667
803
577
559
570
912
1441
1098
652
501
521
497
1158
503
501
642
1027
1252
721
533
681
596
595
583
742
588
507
506
1507
909
957
495
502
724
604
1382
804
2833
1072
1130
893
1213
569
847
521
612
1312
942
883
542
509
481
1137
1115
485
607
800
574
951
1410
769
1310
929
856
883
500
531
807
496
649
1384
766
741
759
510
855
1691
470
498
570
503
560
2620
789
642
521
510
517
1080
858
464
495
512
488
939
1900
644
689
572
552
628
669
918
508
481
560
901
560
781
556
558
741
517
697
568
488
495
615
1022
898
1575
629
488
571
527
488
508
917
792
588
539
965
702
584
873
561
517
505
529
543
786
1155
513
482
915
805
800
601
547
527
499
528
491
1070
773
586
544
971
1134
606
750
572
510
518
580
904
801
1009
754
1416
1367
568
544
509
492
741
553
533
558
1009
1250
1499
731
780
581
579
955
845
574
584
570
595
1030
565
1019
1065
788
862
882
742
504
523
536
545
807
1223
1558
979
760
734
543
1362
1263
587
801
1179
1362
992
1385
1637
1007
610
648
1315
1301
1728
1060
599
697
673
705
2059
1242
1028
590
634
947
686
1151
694
536
1378
799
810
2347
1649
914
910
999
980
1751
1078
1611
934
849
1197
1388
1053
995
852
532
2364
1002
550
707
1789
917
780
949
676
527
524
1261
506
490
515
1739
1108
764
625
559
546
669
1040
857
523
513
503
1752
1096
629
551
562
991
587
1588
1087
1844
765
621
684
644
888
624
858
680
718
718
687
1547
913
832
603
625
965
546
581
622
955
1521
1811
816
728
784
751
915
722
528
550
486
586
1206
1675
830
516
508
499
723
995
514
512
487
744
500
772
1339
565
483
515
713
997
492
532
506
1385
566
510
476
848
505
497
960
972
538
515
512
524
824
1304
496
530
574
657
1232
1317
498
616
610
988
656
1183
614
855
784
672
944
752
568
859
780
653
526
1088
676
748
604
606
701
1051
765
509
702
647
944
1135
908
1002
627
618
757
1763
1087
652
524
737
654
687
1559
984
1090
1736
706
953
1763
1155
828
917
807
818
980
878
846
1555
1369
858
1012
1000
1055
995
977
954
1526
918
844
1370
1306
1109
769
661
940
1119
1211
981
669
840
866
676
719
694
667
892
1002
778
991
2128
623
528
585
1019
1451
1794
1045
1227
1198
630
765
985
567
578
526
770
1265
651
1105
708
518
729
1032
548
494
560
708
1019
1106
516
713
512
523
1043
1333
510
709
522
704
1215
701
716
1172
945
650
1298
676
584
541
517
613
782
534
504
485
522
640
778
959
480
483
616
539
954
648
802
530
545
517
1180
888
540
512
515
528
1053
690
497
735
551
770
1083
624
514
511
580
960
766
587
517
600
613
794
514
482
502
495
500
510
1284
696
536
529
567
675
836
1126
719
1008
873
680
847
551
532
550
554
509
1224
618
667
1150
588
712
565
527
681
970
601
557
780
892
596
610
1129
628
905
590
563
532
1063
714
653
746
905
982
619
644
877
1130
532
539
534
738
812
572
630
620
634
531
1048
740
732
645
853
761
1416
506
1159
626
598
584
1623
638
613
694
606
615
2146
2031
769
927
708
645
833
612
1206
522
540
979
926
3312
926
562
656
528
484
531
806
1291
881
759
735
530
684
1402
611
509
504
520
477
1064
2008
814
493
495
543
885
801
569
487
524
506
505
904
962
1032
772
546
652
1098
569
494
571
578
619
637
1253
1852
778
633
576
594
720
1263
751
735
525
716
746
568
717
754
912
508
672
751
578
789
719
627
579
795
1325
698
747
894
542
952
792
784
653
543
626
1168
635
594
742
841
1145
1840
773
659
1119
740
1902
705
567
1057
944
724
868
510
739
879
819
631
618
685
635
774
849
1053
1274
1039
708
908
885
844
746
813
770
809
782
1865
1070
707
771
1038
837
960
1039
939
736
972
919
1801
783
829
1235
1382
1195
2434
839
838
869
771
771
701
804
816
1128
998
1273
741
692
778
653
624
632
818
831
885
837
838
527
559
707
684
729
681
1740
687
878
1062
1311
882
855
575
538
579
534
1700
474
664
552
536
547
1854
551
496
514
507
1069
1179
623
615
620
572
1602
1532
891
929
839
679
1621
1333
723
608
781
621
783
709
619
768
595
571
836
612
623
611
706
567
1398
529
525
571
554
555
1103
524
518
555
503
585
1353
610
504
509
531
516
1362
490
491
522
530
492
1318
518
558
482
513
1638
1264
493
489
475
536
1679
616
628
517
516
662
1686
588
613
528
546
639
1067
1136
764
621
546
552
574
1015
542
544
568
718
1422
1243
772
1216
580
607
695
873
683
587
549
552
756
1041
627
733
579
593
638
1612
603
616
569
550
540
661
631
598
544
506
1020
1322
634
564
584
557
668
626
634
545
663
558
547
1141
631
543
533
550
537
549
537
897
816
956
1208
1132
918
739
798
795
745
565
