3178
2104
1271
729
1242
869
690
781
758
771
748
867
777
747
772
679
751
814
735
825
792
751
653
920
1028
2220
2209
1106
690
624
1286
1539
759
636
688
737
1746
1153
933
1189
1058
941
1030
795
1627
654
814
654
632
653
641
883
600
591
631
725
1044
1212
938
626
597
634
634
602
1248
597
614
621
750
679
1529
1062
1096
1056
1092
850
928
1074
1011
922
940
794
1078
951
913
852
984
663
616
628
675
616
688
700
755
615
594
662
620
831
1035
671
597
634
623
1131
1084
639
686
623
633
1313
603
590
656
656
631
945
583
595
600
583
620
1264
828
649
660
679
633
1113
641
660
630
602
623
1524
700
638
644
637
622
1285
617
626
685
921
920
945
767
679
743
615
610
1053
635
647
606
740
713
1074
602
590
620
625
638
926
1007
619
627
679
759
614
977
613
593
697
621
779
1319
642
648
704
1030
775
795
728
707
653
631
613
1062
689
619
702
631
1259
893
634
668
623
616
1101
775
642
613
654
658
865
791
600
880
1088
934
926
934
904
675
893
647
921
955
897
911
942
826
1471
938
905
917
937
793
936
1418
1207
935
852
810
2508
1052
788
1974
930
978
1100
645
674
646
618
615
598
1970
604
614
645
872
1185
600
649
594
635
619
2248
644
630
604
633
664
1490
634
630
632
778
1761
1677
645
658
699
628
1652
663
657
630
599
652
2028
588
618
685
694
711
2044
622
619
581
645
688
2065
611
648
586
721
1771
852
572
603
581
638
1157
1501
566
617
648
751
1398
598
606
598
584
677
2225
707
602
610
640
944
1807
678
635
620
654
663
2054
575
584
620
590
1286
1821
647
601
659
666
1080
1731
673
582
622
815
642
2190
642
737
744
667
1859
699
587
589
604
938
1983
670
961
649
601
710
1815
688
657
652
921
886
2393
731
654
913
855
1535
608
905
776
739
1821
1748
776
838
984
912
4151
1143
728
651
1133
934
1057
1035
863
1051
1190
741
818
1813
744
831
860
1078
1224
1569
1756
1137
1277
1124
904
837
858
873
1008
783
835
844
1721
913
1046
1473
1764
855
876
878
1059
1511
1126
1765
839
945
731
1316
1487
997
666
720
2324
987
945
1196
903
629
1776
903
610
622
873
970
1283
686
669
675
642
601
815
2542
1587
1245
641
693
661
605
1301
603
618
922
858
1654
722
784
673
745
605
629
836
1180
868
890
878
662
753
875
1049
638
633
728
654
1777
1296
847
805
667
618
685
1461
1162
657
621
978
651
1132
1063
835
653
637
620
1016
1326
1185
820
645
632
641
1363
1044
842
616
615
596
718
843
1325
820
651
644
685
1768
1316
824
700
604
640
660
1114
1545
862
850
617
643
804
1356
787
612
659
647
796
1116
1303
818
787
593
587
832
1151
1138
645
587
605
699
1074
830
595
599
602
1156
1048
774
607
591
698
1027
806
625
750
823
847
618
598
636
619
862
991
1093
1484
792
605
1463
1248
855
597
588
626
1297
2147
885
814
684
666
1103
848
674
625
1331
821
592
1518
836
694
619
688
967
608
631
673
613
1032
1238
690
615
617
594
1065
1162
611
629
615
591
680
850
1280
812
594
643
748
824
1375
603
585
610
621
1279
867
795
592
651
639
1192
845
788
595
699
789
1053
821
848
586
659
883
1084
1427
846
623
588
708
792
1298
815
635
613
690
822
1320
787
872
621
706
783
1381
805
608
590
706
884
1397
805
590
584
700
1252
791
787
591
579
675
1229
928
796
605
611
593
1240
782
875
638
928
752
1229
1125
1002
846
759
921
856
881
672
848
819
814
814
846
823
888
801
890
792
977
696
695
893
1010
881
952
1146
1200
1114
653
651
662
616
562
577
620
678
1677
681
700
597
751
637
764
616
640
668
725
619
596
926
798
601
645
650
1278
631
647
639
638
585
800
615
634
647
657
1664
1027
685
646
626
625
610
1291
642
730
655
598
762
1230
616
702
647
652
803
675
613
610
693
1490
988
742
604
632
655
694
1374
617
677
807
708
1682
1196
1006
628
670
663
1133
849
654
679
683
606
1263
1610
930
853
776
789
767
688
666
779
626
594
1297
1196
605
783
602
583
1298
1036
610
696
618
669
1291
1186
654
627
605
616
1302
614
623
622
659
715
743
784
595
611
688
883
949
635
618
576
602
1294
941
740
627
596
803
939
1019
704
780
590
745
801
917
1970
572
721
604
648
592
581
642
638
676
614
632
1257
1002
600
605
601
659
637
596
1356
610
567
613
613
625
750
605
610
609
600
663
740
763
637
968
889
659
1542
843
841
694
670
826
759
743
1451
717
723
891
810
814
1120
672
859
731
813
802
1819
1385
733
811
641
638
741
1504
631
637
634
690
627
1625
622
617
665
695
659
1075
1253
595
682
648
701
672
1815
1716
608
618
609
605
1636
1763
580
633
660
796
839
821
2130
699
768
796
652
1653
1488
604
627
601
639
800
1278
1983
1012
696
630
622
