5715
1878
2169
708
1080
203777
1258
816
1170
1484
2166
1610
1609
1202
992
1049
3450
1327
1372
1079
1074
900
845
2108
1463
1162
1010
1015
851
1011
2148
1623
1084
913
838
1114
753
959
1976
1021
792
879
619
999
811
901
811
1733
1195
770
712
698
725
1676
927
2645
1912
1149
936
1281
869
648
2385
1336
1135
714
726
677
633
620
1145
1877
1363
638
656
661
898
1374
619
705
645
1365
1467
702
636
656
626
803
869
877
1860
2029
728
857
881
879
827
848
848
2269
1702
745
664
626
705
1087
1364
638
656
1619
723
852
911
1114
808
944
1082
2655
1334
880
744
1051
917
1196
825
1060
1454
1182
1356
892
794
866
841
1017
1293
2078
868
998
834
861
598
837
953
698
1712
978
966
1106
1885
944
822
692
908
2292
753
686
601
656
1026
1196
730
610
1742
960
667
1735
576
631
570
632
1728
2064
703
651
594
1007
575
2077
963
2060
1250
930
1198
2093
933
806
1915
1506
1844
872
652
937
682
935
962
2172
1345
1274
936
1180
1682
1169
1694
1089
1297
1878
1933
2771
1204
1140
3140
1425
1077
1350
1202
1207
1224
2255
898
766
681
709
853
752
782
664
1016
1376
1482
1522
1280
688
1317
1910
2070
2350
1072
890
1074
977
1842
1862
1035
855
1219
1164
991
1379
1543
1467
1022
1168
1025
852
653
1530
1978
1803
1799
833
877
668
1366
2443
2299
745
1098
843
1403
2544
2404
763
1295
895
688
3396
1968
984
1052
955
1009
1772
3778
1114
1256
890
776
1287
1073
1335
1016
968
988
1095
1879
1411
857
701
608
633
1143
1346
914
1091
754
722
816
758
1084
802
614
659
650
854
1001
644
850
623
868
849
813
883
636
823
840
854
695
591
791
835
1050
778
648
839
635
823
806
833
1216
627
871
851
606
844
854
859
873
854
1048
622
880
606
668
916
629
785
680
884
596
598
582
694
618
699
606
577
857
617
600
619
586
1109
1144
834
939
907
644
962
996
1136
875
879
907
624
813
849
885
687
632
755
935
957
1013
1046
2358
2854
1374
1326
8981
1491
2408
3069
1700
8875
1675
1149
1581
2460
2141
1541
1303
1725
2334
1753
1612
1734
1653
1368
1100
1082
1625
2506
1292
1052
1323
1057
1478
1054
1746
2122
1223
875
869
1257
849
1142
2584
1250
619
1244
896
757
1222
3420
1556
1427
1193
1453
1038
2554
1244
1394
9843
1638
2373
8218
1689
1473
9301
1363
1117
1423
9362
1667
1188
2918
1063
945
2300
2764
1777
1162
1168
2008
2131
1908
2274
1232
2342
1671
2165
2220
978
2034
1517
902
1185
2070
1177
3773
927
712
1291
1882
660
2112
832
1011
1837
1218
1074
834
2247
1491
1623
805
931
771
666
859
1519
1172
1079
700
1025
713
991
627
656
871
953
1264
1692
710
685
628
644
1440
669
1860
1159
895
740
1114
797
629
802
640
644
2099
977
719
786
789
628
949
1312
662
878
1479
1140
1235
1373
739
711
681
648
866
2569
831
704
767
753
711
1064
666
667
620
895
875
1661
626
991
1275
1153
2234
1430
1395
1179
1192
1146
1306
1086
1302
1245
1002
1037
1183
1060
1329
2003
1202
2316
1201
1105
1938
945
991
969
841
1641
1430
1012
1114
780
1460
2710
3650
898
1024
1265
1080
1195
1792
951
904
957
4235
3114
991
1181
1965
1822
2341
1521
1096
1372
1261
1714
1241
1581
1675
1375
1191
2136
1689
3396
1980
1836
931
2657
1777
1632
964
961
990
1008
1591
1444
1763
1031
981
960
1059
1486
2415
816
745
748
784
785
983
2096
1114
1581
731
727
924
2008
735
883
1413
1301
1425
1032
621
666
726
682
1673
1596
1186
879
714
784
1105
1688
939
1461
1727
1475
1079
1334
1781
931
1421
1225
1366
1029
1433
1001
1109
1231
1062
973
1110
1144
955
1768
1413
869
731
989
735
751
587
1960
1376
1206
690
681
601
931
678
672
706
1695
1660
1078
828
809
729
740
709
747
763
1437
1105
1199
1160
875
874
885
591
984
1362
1420
999
748
704
652
789
688
622
686
1898
972
989
929
686
774
672
685
723
775
1580
1165
1297
783
890
646
601
935
644
670
1579
1326
1076
775
614
712
1274
1162
816
627
1526
1350
864
1250
736
603
646
595
801
1295
945
1355
1113
796
631
684
694
906
1446
1350
1132
683
600
853
910
1026
1038
1693
1772
965
753
673
688
655
626
643
2306
1011
666
653
627
646
598
710
2122
1976
1090
646
623
654
700
902
1904
1681
1023
1068
641
611
1566
1527
611
794
1332
1213
839
631
722
609
637
623
614
1439
2267
1004
863
655
658
635
868
1830
639
1015
1110
814
882
835
847
822
658
638
630
1857
1742
1327
1210
1148
2039
1317
1818
5425
1904
1367
10466
2772
833
1304
959
763
813
807
1446
1318
1219
4344
1467
1367
1204
1059
969
1726
5381
1709
1040
986
1125
1018
1670
1461
1556
743
670
740
678
2027
900
1599
1209
765
708
1271
1513
639
1367
1162
1068
709
630
629
681
654
644
764
2181
1342
1230
678
1117
833
1411
858
930
1113
1769
2303
1169
1184
792
659
1341
1387
1446
871
779
713
675
1075
730
1555
1022
1023
654
859
656
836
941
1392
2171
4386
2507
1180
2521
2264
1734
1140
1465
1497
1471
1280
962
963
947
859
660
886
1221
1013
1291
1264
667
629
675
622
618
1847
691
