3467
1932
1569
1034
1038
782
740
645
629
813
586
596
1192
1295
1316
1027
727
634
607
611
1066
7071
1521
1411
6244
1516
3128
2740
1692
1090
1036
1476
2943
2498
1368
1177
1080
1211
1468
1106
900
774
1201
1039
774
664
672
758
757
2680
1330
1179
1433
2201
969
789
3730
1057
958
785
986
1061
876
1051
1823
1146
1218
1813
2440
897
1469
872
796
1627
985
971
949
988
1428
1131
841
747
1421
1060
825
813
1017
1316
1205
828
707
684
646
1153
2100
1258
887
1331
669
2747
1711
904
889
657
650
802
2198
707
605
677
650
682
1670
616
641
938
623
689
1838
1914
758
610
607
1138
801
2012
1477
687
635
1206
719
826
1946
673
696
661
726
741
1422
1197
605
1102
772
609
686
1508
1877
598
682
762
1533
2052
1966
1023
678
708
946
1204
1093
926
878
1015
889
908
954
951
1047
1151
782
705
711
957
669
774
757
826
1190
1028
1093
1307
816
742
845
1433
1387
1409
761
722
717
756
1234
1061
705
1013
692
896
981
1377
634
731
689
654
830
1199
1593
660
616
647
680
681
2140
608
655
625
618
756
2151
927
669
706
681
636
640
1959
1045
643
625
632
657
2110
1328
638
666
669
618
884
892
587
735
661
701
752
1759
680
816
833
737
5749
945
1315
1317
1169
1052
766
898
824
915
953
1049
645
620
643
695
635
866
774
683
640
653
1998
890
632
658
684
683
662
1397
621
760
610
823
1217
832
666
624
798
807
760
626
625
625
739
894
1017
659
660
605
729
1597
1046
1064
923
1017
679
882
702
970
849
653
833
693
1013
722
1008
1086
987
679
1258
1510
872
658
1016
1175
1686
1802
1057
1039
886
1252
1892
2455
967
792
690
1203
1394
1007
661
1013
1141
1206
932
1095
941
844
1133
1153
1135
1193
1176
1064
918
1375
1330
1153
797
716
907
846
3117
1039
1108
1176
1037
975
1839
3110
1030
1048
786
1036
1942
3128
1000
803
815
1037
1250
950
991
924
1313
798
937
1320
1307
956
893
1124
3489
1492
1309
1033
936
698
820
1985
914
999
1865
752
968
1261
890
1197
873
748
777
1599
854
1023
1029
1322
882
795
837
772
695
640
1485
912
688
699
708
715
1465
747
676
655
707
668
862
1294
1062
692
658
686
745
1342
639
678
677
679
1214
1398
650
630
626
653
1138
1368
643
661
655
649
1521
819
664
628
638
653
1102
621
627
647
1129
1236
637
632
629
711
696
1225
636
659
633
751
755
1138
612
656
609
655
617
1355
663
684
735
668
704
1190
675
832
654
682
653
1276
659
622
664
639
636
1161
1326
660
638
657
637
1387
641
757
719
660
648
1399
625
646
676
719
734
1119
654
664
615
607
729
1037
619
628
587
637
1110
1232
641
623
626
629
1123
1439
845
673
878
838
657
1293
647
635
632
673
1033
1340
866
687
657
653
668
1690
1148
610
689
634
654
1096
1153
598
607
673
605
591
1043
1562
1027
877
718
630
674
1198
641
646
615
605
619
1005
1217
673
759
629
689
685
1643
944
958
627
855
834
614
846
851
614
739
622
848
731
1411
627
819
835
851
847
840
878
643
838
860
588
848
841
837
812
828
815
826
676
854
845
618
828
828
826
815
820
847
839
900
623
853
840
845
809
842
610
588
820
822
825
657
819
628
625
822
834
638
829
588
860
601
819
611
592
900
750
775
814
962
932
946
969
726
1569
1317
1092
1125
905
642
687
605
626
768
1167
911
632
602
666
704
617
819
4128
1491
895
680
666
663
878
1460
643
1144
658
625
723
1401
813
591
628
644
1473
920
841
629
580
589
629
940
2440
1445
1130
967
997
869
1035
679
631
638
1293
1298
722
691
622
619
701
1228
659
639
1410
646
742
1875
726
673
631
725
1568
647
939
673
612
1500
1574
644
629
609
703
1237
2054
868
620
623
853
892
1233
820
649
611
1373
1622
647
659
614
604
707
1778
1617
1062
898
651
926
862
1230
827
594
602
890
2108
1150
677
631
768
980
1228
592
620
637
735
874
2500
689
982
645
793
1223
949
723
664
633
862
2075
881
620
670
627
616
1830
587
638
853
713
660
1575
607
604
590
610
679
1666
591
832
635
657
655
1201
586
606
672
584
1562
1531
682
626
709
598
1526
608
599
609
825
1429
744
592
612
672
657
1258
890
606
707
1292
960
634
895
620
1022
625
969
793
1502
848
1568
975
1078
994
1403
652
592
666
629
2288
697
617
618
716
746
1557
1615
702
1011
798
649
1668
1809
694
596
701
711
2476
900
635
687
615
1217
1398
920
871
919
1296
1010
1334
636
682
726
659
783
777
657
629
980
705
633
644
643
723
626
649
657
618
655
1220
801
746
2127
1966
626
605
598
695
784
1594
1000
611
610
623
635
921
1278
601
610
567
595
1701
885
634
590
640
619
864
1347
631
591
610
674
1609
1775
1005
823
849
687
1869
798
1154
853
770
830
1639
951
1010
899
1007
2573
1698
815
749
684
709
675
632
695
1419
922
942
686
658
623
690
645
1144
1085
730
1162
709
817
1225
644
