4984
4034
1835
720
1041
2255
1028
991
665
655
605
1562
809
617
1669
1181
625
790
771
673
660
883
755
731
697
1765
1241
669
661
1979
1543
942
883
1994
1043
1106
1415
1644
894
810
2020
822
762
1763
955
674
726
659
668
936
1914
925
659
612
600
853
1383
1543
638
649
1040
785
1511
848
662
681
625
643
630
1369
1951
667
877
916
617
622
873
887
623
640
1476
913
768
1850
642
634
628
592
1354
1833
856
878
625
609
786
1166
927
607
601
936
812
695
1162
1143
665
614
702
637
1380
1016
1137
692
658
598
768
1147
817
623
650
682
1494
1021
953
736
921
629
671
617
619
1730
940
621
637
595
810
717
1280
652
663
702
1416
862
1689
827
776
624
605
718
1324
807
758
1318
670
1149
689
672
690
679
694
1437
819
961
1020
999
1036
679
640
682
828
887
593
766
1087
605
1213
638
728
647
1075
1301
1625
1498
985
934
718
1170
1314
890
935
907
1429
1039
928
836
785
795
801
1887
2794
948
994
903
926
929
904
888
747
710
904
1699
690
730
630
605
1472
1163
626
610
721
684
729
652
631
652
635
664
1649
647
1310
654
685
814
1206
774
783
651
623
773
1232
861
694
636
647
702
736
820
650
699
622
768
2086
699
627
638
644
671
1115
646
652
641
702
1333
1055
690
815
755
717
813
1008
809
659
666
876
859
2185
1076
810
683
606
660
702
604
1149
885
935
769
726
829
642
659
711
742
945
669
772
673
637
662
757
1296
617
645
684
641
658
1405
656
653
682
692
1391
896
647
650
651
633
1091
710
682
600
609
993
1295
669
577
599
758
1165
844
663
591
638
657
631
878
683
779
609
862
825
890
617
823
657
941
1372
1267
656
815
750
846
1598
1314
667
1142
828
934
2127
1026
1105
1007
847
980
2154
1132
775
1258
755
944
1866
981
1041
899
1248
808
1771
906
1070
1195
790
1354
1530
1798
932
1287
1362
1086
1932
1791
905
1199
1089
975
1503
975
1187
901
827
1304
1111
664
1042
721
1416
1469
844
630
643
623
668
636
1044
614
636
1818
1123
635
656
755
611
676
669
654
2369
1416
795
932
931
905
891
622
895
1949
863
785
1740
654
609
624
666
1176
2121
1227
695
1063
1042
823
819
855
1279
942
958
1336
1810
608
641
672
653
2911
640
620
607
622
608
1110
635
605
669
936
657
775
590
654
655
659
775
1567
1181
753
709
633
607
1059
1493
602
641
706
691
747
1793
668
658
757
623
631
817
1090
656
685
664
806
984
828
681
732
939
771
859
826
1135
654
785
669
651
637
1694
1557
575
656
603
636
974
1572
1724
606
670
614
635
819
1083
781
660
1099
660
648
755
1227
714
856
965
1089
693
664
675
707
680
700
660
1214
613
710
669
748
723
728
1213
718
682
718
680
763
865
629
627
640
614
685
1267
603
648
641
612
718
1777
1615
577
641
663
628
1318
1514
624
594
633
656
667
990
1799
637
867
607
597
1899
1348
705
664
616
644
815
1378
833
869
845
852
884
769
791
797
783
1373
658
780
799
805
773
804
816
774
764
869
650
810
636
840
952
794
864
676
804
854
630
921
618
789
683
675
686
699
715
657
631
984
689
608
951
744
617
645
961
652
628
607
736
1077
1555
807
1063
700
802
1025
772
762
602
828
1020
1200
780
759
605
705
1333
782
787
654
629
950
988
743
766
591
588
749
1194
848
788
660
618
608
1361
1141
902
696
855
637
893
621
789
708
742
1090
904
1371
1160
931
662
606
1166
764
1158
683
663
638
647
646
699
636
644
657
1469
705
635
650
650
684
1112
914
632
746
901
767
866
666
856
721
852
645
864
650
839
1120
755
672
677
1602
824
761
748
668
708
757
1289
667
667
647
998
1763
752
693
719
1421
772
855
690
840
668
862
601
795
617
838
1310
1068
965
659
639
902
607
596
749
626
902
1751
1115
799
810
752
724
777
767
774
631
763
1203
1032
1013
799
943
763
804
789
744
810
753
738
1065
1326
774
791
1039
1049
852
881
626
623
859
2272
663
752
690
752
978
1405
1300
733
750
1351
1254
905
780
767
723
616
800
1209
754
795
1880
655
741
1217
1182
780
850
677
752
1248
1870
740
785
777
796
1087
1202
741
753
602
764
2168
833
773
753
651
802
1017
1144
749
750
1223
922
809
1446
779
762
609
995
1104
1081
762
761
937
766
1168
1133
797
651
606
675
1196
1202
981
1134
646
640
764
1322
841
641
644
785
1255
1133
1170
739
757
759
1615
733
728
612
583
1138
1370
626
664
687
607
888
1198
671
602
638
952
1444
1180
747
711
674
778
966
1178
789
717
832
922
943
754
764
595
605
772
1150
724
748
1150
815
856
853
1710
744
753
734
613
1009
1243
1142
751
612
584
746
989
940
695
745
640
619
717
1856
980
641
871
746
701
1306
1303
679
720
1255
643
844
866
827
626
875
857
649
837
673
1395
950
823
779
832
824
860
802
782
727
803
777
1000
