3405
2573
1174
1235
667
1145
984
1526
1272
696
865
852
623
634
604
1299
925
992
690
868
608
837
877
640
605
729
1554
1171
661
622
647
1337
1600
778
934
2147
1307
744
708
754
904
693
1041
636
2335
811
743
896
723
636
588
1184
625
1076
749
623
769
890
1797
634
658
658
750
1370
854
878
1143
866
652
671
608
597
634
704
721
642
1241
896
649
630
637
662
846
1273
904
729
603
641
692
1440
847
653
654
825
862
648
1467
984
630
640
652
674
737
824
1056
1058
839
959
708
644
737
581
636
698
614
659
658
614
678
671
1056
606
733
661
621
642
1104
598
839
601
637
622
744
614
631
630
943
713
631
642
632
754
607
828
639
587
693
655
640
581
639
983
598
856
602
676
662
985
627
632
883
654
940
598
661
605
656
627
683
589
650
611
847
626
953
616
713
703
735
648
645
592
622
666
616
661
613
602
900
1334
645
648
666
777
634
680
655
651
668
635
782
1358
1137
954
731
679
959
989
983
966
1009
976
989
859
988
862
941
706
1121
1058
1023
1040
981
1087
1091
1037
1118
916
946
1027
1021
1031
1039
943
1015
1069
920
843
787
775
779
822
912
845
1125
1209
1070
1009
1338
814
889
858
1585
1219
984
838
1165
1154
1436
664
971
1751
1037
750
1130
655
743
822
809
930
787
1112
986
1104
924
631
636
612
637
647
704
656
688
867
740
710
1204
823
828
791
1069
866
826
786
889
985
1193
1142
739
640
622
1085
792
769
1532
1188
1124
1072
716
694
879
899
705
719
905
872
1558
1044
671
655
665
1373
730
627
665
1048
1257
1641
1127
998
823
796
636
699
1396
863
821
638
822
1527
981
727
656
701
725
643
1734
764
1338
1030
651
653
1234
1290
879
894
1129
1767
784
1938
1052
949
724
1233
1617
1629
942
1119
861
882
876
707
1263
869
948
920
1834
1502
1062
1133
839
1066
1649
1589
725
747
1120
754
1120
1058
2129
679
770
719
995
1232
2102
1306
1242
910
802
814
2138
1578
1696
1828
1190
826
768
709
722
730
858
1263
1863
715
728
751
692
795
2660
5610
2403
1574
1634
1591
1732
1091
1108
1021
842
861
1112
2350
794
686
819
812
814
987
1566
1530
1091
994
967
999
980
2414
2204
859
760
721
1436
1610
1978
1482
981
896
1101
801
941
858
979
664
1101
1118
672
856
1690
938
778
672
670
966
663
961
845
1152
1058
1119
732
1373
1502
667
841
687
633
712
1118
1061
602
614
624
702
682
1063
1050
609
615
623
647
685
1156
902
657
640
653
659
708
1068
1106
842
683
634
716
990
672
682
676
629
689
652
1117
896
616
634
625
1024
698
786
667
705
710
654
608
916
1531
634
633
744
640
617
1219
1336
668
629
631
628
590
1170
1095
802
645
668
669
659
870
1546
632
617
614
636
700
1883
939
633
720
609
643
611
1010
1071
635
623
649
627
648
1519
1435
635
635
634
628
609
1184
1328
603
755
691
623
705
1467
884
652
613
634
761
1446
1711
825
746
1010
684
1030
1127
728
1173
750
646
951
870
1019
659
874
851
888
1670
726
645
877
748
627
682
659
682
855
916
2140
679
669
754
667
1282
1336
774
997
866
732
748
1165
931
668
897
694
986
878
1624
881
797
884
648
650
682
938
667
638
675
737
1425
840
721
784
965
909
891
623
828
1018
650
736
799
1259
804
871
1207
1350
1574
1437
816
773
704
653
648
735
820
707
761
707
749
725
696
657
651
775
839
1383
1264
952
776
1123
944
1665
872
1224
854
1143
851
1423
669
641
860
816
830
830
644
836
1504
743
655
662
681
644
672
792
686
1734
1359
1092
1095
815
936
2073
733
701
726
1415
899
945
611
690
710
691
1116
688
679
1161
884
698
1134
1096
685
630
732
687
1574
610
1365
851
720
822
1839
667
664
648
650
620
997
1172
835
647
608
629
657
660
614
645
684
617
955
1056
715
643
632
818
1110
652
623
599
779
1370
1192
748
655
694
630
899
635
855
663
696
1612
1839
638
609
627
606
1353
973
691
607
592
1040
674
771
584
637
642
648
655
1728
613
636
763
658
734
1201
672
636
620
655
861
846
1153
888
628
724
769
1227
722
854
910
823
665
1437
848
751
722
776
685
2216
837
1083
899
899
700
1114
1334
895
889
915
982
1382
864
773
772
816
893
957
1213
707
1186
692
742
1717
1182
629
707
674
627
827
2674
741
675
660
682
654
1561
631
656
624
1412
702
645
604
646
656
600
835
1836
602
633
1114
820
706
1844
676
699
866
872
972
2560
679
719
707
630
629
958
1231
1665
674
658
750
630
684
1182
854
664
625
611
769
774
634
1860
684
672
678
648
764
983
759
647
662
1654
759
987
985
1845
849
784
664
748
692
1493
910
677
676
612
661
637
678
612
624
715
622
1212
768
728
690
787
636
621
675
720
881
681
1307
725
664
651
668
658
660
620
770
962
879
2306
1132
875
860
790
1591
666
633
667
1107
1027
1131
636
659
