3348
2303
1472
1218
678
759
608
611
611
1253
909
628
1218
914
1323
1922
643
625
605
610
668
1478
1061
961
784
682
614
1234
591
646
625
2275
1109
843
891
741
1164
804
860
832
1040
902
611
650
600
1718
815
644
668
1069
669
1665
814
598
656
618
822
1280
849
1259
652
605
1172
1314
689
609
624
664
675
1650
1003
593
690
625
574
1171
1201
599
838
922
1287
996
1726
670
655
634
583
889
1535
624
1040
715
576
858
850
630
613
618
766
1454
1720
955
738
1179
638
615
770
615
641
682
645
1478
811
722
643
608
892
831
990
673
994
757
1086
1005
2235
729
968
764
768
1335
647
635
663
639
678
904
940
795
778
634
884
648
734
731
656
633
871
629
640
1051
656
623
859
875
610
852
731
653
607
628
806
816
760
768
1009
648
830
828
635
638
597
650
666
658
598
616
611
840
588
652
651
619
1093
637
710
654
646
849
855
895
837
916
661
831
831
770
621
677
818
689
773
693
645
996
922
1021
922
940
887
890
851
1056
1362
916
1021
948
908
1263
904
898
821
636
1039
931
600
601
649
649
625
895
892
867
869
583
658
794
845
922
603
624
876
1436
846
647
616
660
897
1425
601
599
605
1015
841
911
839
636
636
618
1209
851
775
856
686
891
854
817
769
638
592
1402
1516
904
796
640
805
910
1323
888
610
653
603
1330
838
599
686
646
1363
1033
583
779
624
636
740
1263
847
601
627
606
1118
1115
587
673
717
691
586
1281
638
639
645
602
662
881
1280
591
812
602
610
692
772
803
674
643
609
636
1016
1068
845
874
645
597
584
842
640
605
616
599
584
637
1323
592
596
682
681
1115
964
593
605
635
753
808
1263
915
589
597
599
643
1077
826
592
628
568
622
611
1167
1090
581
596
598
617
846
1681
941
776
1063
858
988
870
1638
721
668
670
785
585
2391
852
689
803
730
1032
675
906
1078
1239
1221
838
1400
2076
987
1163
898
1042
1133
1140
1171
843
823
948
1093
1534
1631
956
1213
1243
751
1449
2492
2605
614
1245
1157
1096
1975
1036
802
721
728
1357
805
1799
1665
1302
1796
823
820
1855
707
847
595
607
1572
1200
849
1648
826
612
618
832
2094
1005
700
633
596
603
638
1881
1935
1517
1120
667
640
716
620
1004
1147
909
1447
756
688
643
768
642
743
855
1625
1116
783
896
1104
877
843
628
635
698
1450
899
866
663
700
703
878
1262
640
675
606
2137
1571
680
624
642
610
604
960
814
659
725
639
1556
935
630
672
620
819
1576
1205
825
691
624
695
1047
627
644
614
625
1159
1307
939
628
976
775
1156
825
816
697
845
793
1039
864
1354
739
680
609
631
1054
1167
658
738
752
608
1027
1111
706
683
661
647
696
997
636
602
777
671
1225
706
624
613
624
593
763
1482
806
927
1096
898
671
797
804
645
657
619
1384
888
838
651
635
615
1154
1540
800
740
642
893
911
1452
917
674
673
624
1081
1041
719
639
623
633
625
850
624
617
609
678
698
1099
813
664
627
611
619
1106
631
639
621
634
627
923
618
631
612
589
599
1133
1130
797
591
657
611
1124
1193
816
618
617
612
1382
1290
629
644
626
610
1296
604
617
569
600
637
3431
607
603
579
650
577
834
565
583
575
591
631
672
621
653
568
649
674
671
572
632
848
668
812
650
589
591
649
595
773
867
583
591
613
832
969
934
587
601
611
619
764
1128
624
606
629
623
948
753
708
627
628
828
1019
638
660
629
667
826
1063
742
643
593
622
1094
1117
649
624
606
730
1314
1168
673
635
585
604
1293
1101
622
622
881
785
2614
2197
887
1251
1024
1028
1019
1118
1140
1026
1308
710
698
993
851
648
713
866
627
1002
1335
658
711
848
1018
641
684
601
587
698
929
1290
659
631
616
1291
813
618
721
643
613
1262
1608
657
665
640
877
875
848
830
844
825
1155
1128
667
619
661
684
627
634
682
1214
827
828
1072
987
903
638
896
644
743
657
638
635
882
1257
945
1325
866
772
722
626
630
823
639
692
692
1223
1256
600
665
593
670
596
896
608
632
589
864
1144
887
930
624
634
585
692
668
1023
796
902
725
609
852
776
1163
607
601
583
629
998
1299
875
700
587
574
672
1111
608
590
640
628
799
1564
1005
621
585
597
610
643
1063
1321
615
571
946
721
1781
1101
654
660
578
799
750
1022
1794
615
605
578
575
827
1584
559
576
624
744
1197
834
1005
599
637
604
632
610
848
599
992
638
719
593
988
1087
582
654
609
630
1516
1751
648
571
668
617
619
961
1549
601
632
591
631
1061
649
607
631
633
611
633
1694
2140
622
897
661
667
1070
1351
635
633
670
647
901
1221
1069
631
632
642
1333
873
642
600
634
1121
1221
1311
691
606
630
982
656
636
658
884
666
1188
607
1190
682
642
724
617
601
613
642
1035
1079
637
889
819
602
818
1070
588
648
814
635
799
1320
1008
1034
641
610
