1831
1455
1191
976
1296
1347
1578
2818
1235
1674
1179
1026
1209
1339
1200
1214
1049
1121
1161
1229
1006
1082
1168
942
1285
1104
1345
1074
1028
1307
1120
1186
1119
1031
1238
956
1250
1220
1201
1280
1074
1377
1100
1258
1247
1028
2515
1101
1276
1145
1312
1215
1053
1233
1154
1215
1786
1315
1303
1291
1430
977
1277
1256
899
1315
1325
1305
983
1699
1288
1489
1721
1107
1142
1157
1213
1458
1063
1128
1152
970
1128
1060
1239
1089
981
1088
1185
1375
1096
1399
1242
1108
1237
1357
1371
1284
1215
1094
1098
1181
1060
1284
1001
978
1110
1028
1201
891
1296
1013
998
1158
1144
1460
953
1232
1050
1052
1296
1136
1215
1324
1070
1186
1058
1060
967
1245
1232
1169
1168
985
1146
932
1195
976
1753
1239
897
1272
994
1395
1158
933
1044
1082
1146
918
1357
1174
1211
1133
951
1100
1177
1222
973
1133
1273
1139
1250
1073
1275
1079
1040
1063
984
1114
1386
1081
1140
1130
1107
1244
1035
1131
902
1145
1169
1398
990
1836
915
1149
1040
1163
1171
945
1131
1037
1077
1273
1161
1582
953
1467
1268
1024
1083
1223
1251
966
1237
1152
1198
1088
978
1260
1367
1121
1032
970
1255
1137
1064
1166
961
1001
1057
1259
937
1199
1077
1109
1259
1025
1407
1055
1196
1041
990
1124
949
1160
1095
1124
1239
1279
1125
1254
1122
1068
971
1135
1155
1246
1053
1210
1017
1058
1330
1037
1115
1022
1184
1144
1187
1263
1492
1043
971
979
1391
1090
1292
975
1050
1141
1106
1117
1201
1050
1002
1057
2237
984
1154
1122
1428
976
1008
1100
967
1143
1053
1116
987
1164
1250
960
1098
1048
996
1327
1428
1220
1053
1163
914
1195
1138
1056
1332
1017
988
905
1224
1227
933
1242
1138
1271
993
1082
1247
1014
1306
1079
894
1164
999
1119
1369
1116
1287
1258
1459
986
1248
1110
1241
1207
1119
1404
1067
1219
1082
1260
1289
1433
1251
1174
1465
1156
1183
1011
1170
1416
1031
1226
907
1008
1302
983
1258
903
1148
1040
1302
1556
1073
1001
1036
1135
1320
983
1345
1036
1182
991
1111
1126
1073
1192
1248
1424
1228
1018
953
921
1146
1109
1082
1154
1276
1364
1022
1272
1071
1124
1279
974
1431
900
1178
1011
906
1287
1100
1166
1048
1133
1148
935
1284
1320
1062
1130
1087
1200
1080
1167
1468
1132
1119
1074
1205
1289
1234
1086
1019
1262
1208
1059
1585
979
1056
1358
1034
1212
1150
1189
932
1412
1344
1127
1082
1023
1299
1093
1200
1241
1059
1375
1002
1182
1322
952
1153
966
998
1271
1084
1123
1087
915
1096
1062
1432
1031
1136
1134
1276
1711
1097
2662
1043
986
964
1410
1333
1084
1045
949
900
1360
1040
1069
1029
1067
1174
1156
1271
979
1085
1119
1007
1231
1041
1022
1096
1083
1085
1065
1165
1259
1091
1217
1161
1172
1106
1258
926
1021
1190
1042
1263
1183
1202
1138
1037
1127
872
1167
1071
898
1240
955
1083
1087
1034
1115
1066
1374
1166
1264
1041
2570
1105
1117
1331
1095
1184
1066
1204
1085
1030
1131
1039
1377
1045
1031
1972
1065
1144
922
1315
1119
990
1344
980
1121
1284
1146
1545
1144
1266
952
1221
1301
1099
1042
1053
1320
1095
997
2526
1306
1642
1338
1457
1555
1358
1408
1069
2759
1469
1214
1293
1496
1304
1345
1020
1420
1122
1270
1200
1181
1067
1195
1294
941
1082
1188
994
1176
1211
1312
1122
1068
1018
1231
1534
1358
1206
1534
1115
999
962
1068
1070
1250
1025
1089
1314
1473
1233
1286
1095
1193
947
1332
1077
1091
1019
940
1160
1074
1004
1003
971
1054
1099
1245
1265
1260
1144
1189
1230
851
1075
1184
1147
1038
1164
1264
1374
1187
1064
1031
1380
945
1227
1031
1284
972
1196
1025
1089
1161
1169
1219
2640
1266
1245
993
1263
964
1272
1345
1143
1350
1132
1308
1125
1205
1034
1313
1163
1133
1206
1006
1133
1100
1111
1225
1024
1062
1046
1121
1114
1053
1234
1069
940
1011
1178
1019
1026
976
1109
1367
1106
987
1374
1028
1393
1398
933
1188
1162
1090
1265
922
1207
1040
1220
1205
1058
3196
1009
1074
1005
1068
1151
1105
1287
946
870
1027
919
1418
1134
961
1360
1089
983
1070
1094
921
1015
1178
1171
1350
1076
957
1165
882
1117
1146
1067
1180
1082
1351
1030
1312
1009
1064
1250
1077
1216
1163
1024
1148
1122
1301
922
1201
953
1721
1528
1164
1740
1069
1355
914
1077
1168
1119
1167
1183
1247
1236
1076
1140
1081
1260
1066
1024
969
857
1174
988
980
1184
948
2646
1119
1335
936
1046
1124
967
1212
1027
1146
1238
918
1288
1079
1156
1164
1080
1581
1355
1259
1035
1143
1202
1134
1381
1142
1284
1016
1076
1859
966
1365
984
1258
1269
958
1148
1098
1345
967
1072
1074
1076
1296
1093
1005
1092
1071
1056
1200
959
1078
1243
1137
1046
1174
1162
1094
1112
1280
1200
1190
1862
1192
1019
1364
1012
1201
1007
1206
1214
1168
1507
1128
965
1930
1252
1291
1278
1244
1076
1209
1357
1173
1166
1144
1299
1059
1075
1016
1097
1200
1029
1241
1184
1269
1196
1007
1177
948
1240
1104
1077
1091
1002
977
1307
1541
1182
1158
1095
1138
1239
1170
1138
1221
1194
1109
1276
973
1321
1095
1164
1074
1031
1279
1223
1363
1039
1035
1766
1252
1122
1176
1264
1218
1476
1579
1340
1375
1283
1288
1289
1177
1310
1109
1124
1129
972
1290
1051
1487
1286
1387
1527
1223
1485
1166
1100
1688
1021
1219
1332
1368
1137
1125
1236
1170
1123
1121
1009
1101
983
1282
1074
1378
1217
1195
1195
1198
1234
1183
1388
1228
1174
1094
984
1147
1114
1170
1205
993
1390
949
1070
1132
1118
1238
1036
2594
1186
1075
