1261
1297
1171
969
1149
1254
1448
976
1238
1189
1024
1064
1279
1291
1018
1536
1231
1044
1142
1129
1175
1021
1074
944
1139
1269
1088
1085
934
960
1320
1163
1347
995
1321
960
938
1070
1117
1109
1232
1007
2066
1077
1193
1219
3562
1323
1347
6239
1482
1467
1302
1189
1271
971
1095
964
1235
1319
1124
1389
948
1205
1175
1128
1180
1533
1273
1581
1115
1034
1234
1318
1032
1059
1145
1243
1034
1408
997
1010
1149
1108
1325
1073
1198
1041
999
1852
1302
1428
1422
1403
2723
1323
1314
1473
1359
1388
2080
1716
1033
1204
986
1085
1376
1067
1226
982
1371
1115
1230
1252
1152
1507
1105
1220
1210
1081
1348
971
1394
1301
1427
1114
990
1227
1052
1371
1009
1303
1109
1140
1586
1293
1583
947
1465
1043
1107
1217
1133
1104
1081
2551
1224
1160
1086
923
1372
1288
958
1070
1143
1309
1364
1115
1111
1099
1456
1036
1369
954
1032
1135
1096
1161
939
1398
922
1116
1042
1056
2486
1032
872
1103
932
1293
1045
1581
1303
1083
1019
1053
1416
1043
1239
1244
925
1036
991
1887
2348
1286
1054
1445
1088
1071
1081
1207
1182
1318
1229
1026
993
2387
1155
1035
1189
1016
1165
1168
1010
992
1199
875
1232
951
1014
1021
1124
1410
1097
1178
960
1071
1400
1114
1228
1039
1030
1126
944
1159
954
1187
1010
1178
1141
1079
1089
1137
1033
1003
1182
1301
1203
1190
1366
1245
1130
1161
1176
1011
1218
1114
1314
1388
1124
1745
1128
963
1367
1068
1277
1147
1017
1198
919
1026
1128
901
1108
1082
998
1283
1227
1289
1212
1051
1337
1409
1167
975
1274
1078
1013
1284
897
986
991
964
1087
1251
984
1053
1232
988
4180
1319
1326
1187
1125
1404
996
1197
1124
1232
1121
1019
1330
1164
1229
979
1336
1285
1031
1303
1028
1189
1061
1043
1104
1171
1105
1188
979
1193
1112
1099
1068
1966
1065
1040
1174
1026
1069
934
1016
1158
906
1350
1350
1378
951
1445
1049
1032
1128
1074
1178
1877
1088
1043
1247
1273
942
939
2237
927
1444
1141
992
1137
1069
1296
1111
1137
1155
2106
1123
1103
1162
1428
1206
1316
931
1193
1206
1241
1181
1196
1192
1142
1336
1045
966
1166
1012
1301
1033
948
1269
1053
1162
955
1300
1063
1155
1180
1052
1126
1119
1145
1405
1203
1189
1021
1108
1099
933
1297
1075
1205
1091
937
1275
1014
1165
1042
1308
1281
1555
1239
1087
1559
1154
1398
1080
1086
1118
974
2383
1067
1041
1149
1085
1158
1025
1180
920
1017
1130
1010
1174
966
1083
1011
1787
1099
1049
1062
1119
985
1312
1121
1270
926
1064
996
1007
1122
1107
1069
1059
1096
2706
1222
1437
1017
946
1116
1014
1365
936
1380
1066
1032
1105
1185
1176
1173
1169
1144
862
1164
1243
1413
915
993
1254
1019
1277
1194
1194
1015
1088
1188
977
1174
956
1132
1157
1015
1368
1067
976
1017
1063
1186
870
1191
879
1079
1071
938
1348
1073
1090
1003
1072
1336
1007
2419
1018
957
953
1015
1177
1031
993
1140
1022
1546
1111
1107
1191
1307
1475
1265
1586
1651
1167
1338
1169
1254
1064
1026
1112
1006
1376
1264
1387
1195
1044
1011
976
1290
1035
1186
1094
1192
1287
1089
1579
1144
3152
1312
1202
1623
1201
1278
958
929
1268
1125
1288
1001
1035
1050
1196
1428
1189
1345
1087
1221
1109
1139
1405
1074
993
1261
1019
1303
1096
1283
962
1128
1036
1005
1417
1262
964
1225
957
1454
933
1098
1267
928
1215
1056
1192
906
916
1018
1038
1048
1069
958
984
913
1214
978
916
1267
1020
1102
1091
914
1244
1114
2014
1021
1302
1138
1055
1255
1251
1191
1082
1178
1318
1117
1337
894
1120
986
956
1286
852
1285
1222
1087
1023
1122
1352
999
1160
1033
1252
1220
1278
2027
895
1179
1557
1015
1430
976
1156
1090
974
1113
1171
1371
1228
1039
1013
1279
1194
1200
1310
1126
918
2013
913
1086
1006
1065
1159
1110
1154
1024
1014
963
1102
1419
1290
1102
1352
1061
1192
1092
1007
1095
2147
1119
983
1348
1482
1764
1012
966
1091
1138
997
1224
1287
1059
1048
1329
1002
1275
918
1037
2290
984
1141
1064
1057
890
1012
1085
984
1236
934
960
1069
956
1173
1035
1061
1176
1096
2417
866
1338
1107
1101
1019
1103
2497
1149
1047
1214
1006
1217
1155
1352
1028
1005
1330
1036
983
1227
1113
1264
1173
1096
926
1098
1175
989
975
1011
1213
999
914
1061
1012
1338
915
1100
1225
1134
1167
1087
1143
1079
1417
1184
1074
1258
1086
1031
1200
1215
1168
1360
1269
1002
1064
1142
1147
2346
1018
1001
1055
1152
849
1055
1175
952
1277
1169
1105
1261
1304
1252
1007
1103
1129
1033
1399
1168
1311
1065
1143
1095
1168
1306
942
1154
1195
1042
997
1197
1210
1066
1245
1120
1354
1055
1107
1200
1213
1275
1368
999
1165
1099
1229
1309
1360
1039
1014
1369
1196
1191
1232
1340
883
1120
952
1175
1386
1225
1500
1155
996
1134
1157
1190
914
1056
934
1220
1225
1188
1247
1014
1051
1279
1000
1002
1130
1245
1282
1078
985
1272
1367
971
1199
873
1074
1143
1093
1248
1433
1906
973
1585
1779
1082
1592
1076
869
1368
1030
1263
1218
1259
1461
1041
1193
924
1291
1115
1527
1265
1357
1120
1437
1041
947
1581
1091
935
1229
1008
1123
1161
1166
1085
978
1317
2237
1068
1081
1189
1093
963
1191
980
1155
1539
1236
1188
3074
1651
1181
1367
1656
1341
1610
1473
1464
897
1348
1474
1129
1165
1412
1263
1418
944
1227
1528
1553
1044
1183
998
1417
2145
1149
1075
1525
1396
1165
1299
1120
1022
1511
1309
1003
1167
1008
1452
1007
2293
1046
1125
1114
997
1104
2305
