2052
1452
1159
1660
1543
1724
1538
1185
1560
1237
1265
1411
1127
1122
1274
1252
1433
1211
1433
1183
1370
1484
1518
1421
1116
1677
1222
1148
1146
1299
1215
1237
1263
1267
1284
1366
1361
1461
1174
1411
1186
999
1388
1285
1130
1298
1400
1442
1642
1905
1322
1143
1481
1155
1295
1273
1504
1369
1076
1383
1161
1573
1125
1741
1347
1376
1359
1411
7673
1501
1148
1519
1342
1539
1345
1593
1374
1208
1509
1238
1353
1383
1274
1229
2074
1345
1260
1276
1432
1312
1477
1190
2612
1224
2213
1569
1696
1750
1367
2081
1801
1639
2663
1500
1752
1260
1364
1487
1236
1678
1311
2587
1245
1171
1299
1502
1269
1533
1320
1380
1281
1352
1099
1726
1213
1203
1553
1174
1547
1615
1280
1519
1394
1463
1384
1375
1297
1341
2834
1467
3904
1636
1207
1522
1668
1485
1680
1459
1334
1636
1290
1599
1642
1459
3542
1644
1527
1556
1879
1765
1600
1986
1907
2061
2472
1777
1989
1654
3119
1882
1429
3151
1815
1667
1583
1249
1575
1483
1381
1392
1367
1649
2056
1499
1469
1787
1603
1431
1610
1502
1650
1564
1695
1554
1436
1698
1760
1382
1302
1664
1485
1321
1702
1404
1224
1293
1213
1173
1115
1348
1104
1240
1279
1448
1374
1219
1472
1334
1417
1354
1207
1786
1260
1146
1301
1244
1413
1204
1465
1105
1052
1440
1181
1480
1361
1030
1418
1691
1348
1319
1731
1248
1516
1378
1336
2063
1785
1957
1875
1796
2082
2385
2352
1797
3671
2868
4692
3022
1904
2013
1931
1696
1940
1738
2569
1560
1489
1365
1743
1537
1364
1511
1468
1368
1527
1035
1471
1433
1046
1295
1040
1165
1070
1277
1177
1074
1701
1501
1388
1326
1661
1323
1561
2086
1367
1448
2792
1296
1265
1651
1385
1389
1577
1178
1784
1639
1635
1571
1244
1466
1461
1202
1311
1650
1427
1226
1639
1515
1748
1122
1868
1454
1344
1225
1430
1433
1126
1294
1259
1094
1452
1314
1119
1117
1157
1547
1379
1696
1206
1361
1138
1245
2689
1218
1199
1661
1558
1279
1379
1266
1396
1504
1177
2348
1349
1616
1532
1430
1535
1489
1527
1421
1318
1427
1377
1423
1589
1678
1567
1144
2385
1248
1335
1166
1128
1311
1285
1236
1095
1320
1259
1656
8820
4791
1929
1448
1785
1362
1611
1589
1561
2720
3448
3239
1598
1852
1760
1365
1565
1301
1295
1048
1309
1362
1015
1489
1241
1331
1342
1309
1464
1331
1289
1080
1869
1221
1100
1486
1369
1554
1156
1221
1311
1244
1459
1178
1696
1142
1139
1210
1048
1606
1301
1395
1373
1604
1195
1227
1336
1196
1542
1189
1375
1065
1100
1224
1243
1382
1310
1654
1229
1094
1434
1119
1404
1292
1338
1158
1361
1344
1044
1353
1226
1369
1282
1204
1187
2328
1334
1611
2148
1352
2162
1422
1679
2056
1378
1658
1848
1248
1769
1124
1377
1583
2967
1399
1942
1812
1380
1327
1575
1608
1375
1435
1641
1616
1934
1638
2464
1588
1336
1880
1369
1765
1541
1304
1741
1522
1581
3455
1663
1949
2067
2076
4501
2102
1811
2244
2225
1818
1843
2845
2203
4589
2046
2683
2273
2196
1689
2382
2630
2280
2989
1788
3507
2004
2598
1766
3289
1724
1759
1967
1727
2028
2118
2056
3681
1760
2969
2057
4602
2137
2488
2247
1856
2423
1679
1827
1505
1498
1858
1454
1392
1473
1603
1419
1582
1747
1529
1409
1519
1411
1227
1351
1244
1087
1480
1370
1407
1155
1195
1109
1203
1255
1246
1190
1217
1975
1470
10441
9666
1829
1715
14916
1688
1886
2014
1804
2729
4452
2149
2607
2015
1947
1730
1374
1420
1240
1457
1404
1339
1227
1074
1553
1243
1154
1332
1203
1586
1263
1348
1425
1195
1286
1084
1347
1245
1185
1647
1099
1287
1199
1293
1072
1145
1462
1216
1208
1066
1147
1141
1367
1257
1176
1268
1467
1263
1475
1528
1125
1222
1354
1335
1225
1427
1076
1439
1605
1469
2608
1446
1362
1301
1580
1715
1410
1711
1417
1403
1907
1655
1402
1173
2124
1706
1403
1398
1166
1654
1274
1174
1753
1104
1497
1714
1290
1376
1168
1346
1157
1332
1117
1157
1085
1024
1685
1221
1251
1143
1246
1831
1491
2726
2304
2776
1809
2544
1561
1937
2129
1858
2031
1572
1317
2579
1383
1456
1749
1381
1480
2229
1453
1252
2878
1830
1315
2545
1562
1823
1666
1521
2225
1421
1658
1970
1402
1503
2566
1820
1325
2832
1312
1277
2690
1203
1357
1158
1367
1350
1367
1313
1310
1314
1415
1230
1547
1159
1782
1190
1266
1326
1286
1183
1343
1355
1322
1304
1234
1298
1345
1264
1335
1110
1367
1214
1219
1267
1266
1248
1741
1125
1324
1258
1223
1392
1442
1161
1170
1159
1024
1629
1299
1218
1240
1079
1537
1089
1132
1371
1192
1472
1389
1426
1518
1398
1291
1777
1468
1496
1393
1212
1093
1506
1382
1546
1242
1319
1937
1145
1329
1327
1123
1237
1491
1398
1031
1260
1163
1290
1440
1279
1434
1091
1522
1162
1194
1215
1224
1226
1154
1102
1226
1099
1181
1124
1137
1103
1179
1534
1148
1572
1297
1221
1355
1062
1327
1368
1590
1266
1097
1280
1070
1391
1094
1055
1348
942
1130
1057
1373
1119
1062
1151
1278
1259
1196
1431
1788
1657
1527
1640
1408
1416
2076
1571
1474
1606
1365
1852
1349
1188
1877
1309
1227
1699
1181
1209
1316
1248
1238
1122
1047
1174
1447
1237
1407
1285
1178
1168
1473
1156
1149
1202
1324
1239
1429
1283
1259
1248
1109
1461
1869
1504
1731
1656
1487
1551
1866
1773
1636
1754
4838
9850
2061
8160
2356
4051
3359
2963
2258
7295
2283
2085
8390
2786
2854
2173
2058
6666
4430
3215
1875
7793
5232
2083
5698
2109
2116
4044
4925
2458
3642
1779
4257
2408
2426
1590
2716
2084
2240
3413
1805
5319
2596
3009
7289
2143
1832
3292
2099
2037
1818
5901
2003
2487
1995
4573
12414
3720
3633
4817
2978
2399
2217
2293
2903
2983
2828
8863
2874
