1966
1145
1290
1231
1367
1511
1322
1226
1337
1074
1215
1209
1418
1216
1236
1109
1025
1112
1011
1055
1198
1257
1590
12150
2749
4604
2830
1246
2493
1498
1138
1390
1239
1021
1189
1129
1062
1177
1120
1402
1178
1086
1005
1063
1147
1277
1348
1204
1200
1111
1034
1071
1053
1157
1031
1126
1307
1059
1417
1098
1297
2230
949
1174
1082
1380
1131
1416
1588
1527
1120
1183
1049
1024
1072
1310
1118
1319
1155
1050
964
1128
1214
1090
1342
1165
1166
949
960
1480
994
1066
1261
1086
1308
1504
1269
1176
1168
1224
1161
1244
1279
1182
1069
1165
1220
1082
1089
1071
2416
1101
1374
999
1305
1523
1086
1087
1049
1245
1276
1258
1311
1146
1382
1262
1035
1277
1029
1309
1010
1178
1168
1101
1309
1079
1105
1242
951
1268
965
1241
1098
1392
1012
1071
1108
1055
1016
929
1050
1099
971
1087
1081
1107
1008
1078
1088
1744
1219
1134
1243
1177
1001
1321
1067
1471
1082
1311
1095
994
1083
1232
1041
1160
1169
1402
963
1066
938
1939
1532
1155
1184
1194
1115
1119
1224
1300
1112
1329
1084
1090
1300
1325
1331
932
1340
1178
1294
947
1058
1111
900
971
1082
971
1371
921
1073
1255
1065
1108
1114
1199
1079
1031
1143
1224
1143
1243
1056
1138
1261
903
1059
1151
1015
1041
1090
1341
936
1169
994
979
1097
1028
992
1041
1332
970
1159
1189
982
1267
1188
1193
885
1112
1412
893
1051
1127
974
1085
946
1066
1151
1541
1069
1070
985
1172
1242
995
1119
948
1181
1133
962
1258
1058
1201
1085
1042
1346
961
1100
1043
1019
1165
1136
1356
1030
1253
1044
1197
1426
1781
1321
1150
1355
2035
995
1255
1188
1059
1035
921
1150
1108
1200
1186
1220
1174
934
1240
910
1077
920
1126
919
1009
1351
1064
1183
1008
1091
1253
1140
1170
1205
1413
1151
1050
1126
1257
1061
1011
1217
1087
1008
1477
1058
1254
966
1154
1056
1126
1356
1103
1440
1182
1374
1117
1023
1098
990
1294
1060
1453
1017
1132
1205
1080
1425
1256
1117
1424
1294
1248
977
1330
1272
1245
1166
1067
1410
1196
1318
854
877
1007
1044
1129
1180
948
1492
1482
1355
1376
1003
1099
1191
1389
1254
1255
993
980
1221
1146
1123
1005
1042
1143
1106
1159
1164
1065
1146
1146
1197
971
1234
1162
1033
1325
934
1012
1065
1592
1912
1260
907
1180
1023
1135
1089
1100
1155
1019
1174
1087
1109
1014
1136
1177
1141
1023
1183
1381
1152
929
1287
1339
947
1168
1171
1286
1200
1217
1137
1038
1289
1008
1390
1069
5381
1152
1035
1413
1010
1059
1189
1224
1220
966
1180
1144
1025
1015
1183
1276
1055
1102
1256
1111
1425
1009
1096
1087
983
1264
1061
1154
1086
1108
1181
1168
1062
1170
1049
1047
1004
1443
1007
1143
1142
1239
1101
1068
1173
1042
1299
1497
1360
1292
1354
1207
1037
989
1307
1013
1172
1136
1284
990
1098
2040
1122
1381
1136
1023
1185
1209
1016
1044
1059
945
1062
1028
893
1205
1161
963
1289
1023
1172
952
1092
1225
1030
1108
980
1075
1102
2129
1274
1052
1207
981
1146
1037
942
1246
1168
1203
1177
1101
1250
1208
1173
1082
1040
1539
1082
1321
961
1198
1018
1000
981
939
1305
1035
1094
2256
1185
1184
976
944
1862
1219
1098
1279
1305
1144
1095
1048
1136
1363
1158
1238
1322
1177
1196
1053
1346
1315
1062
1188
1173
1234
1306
1015
1235
1247
1376
1247
1358
1218
947
1400
1045
1253
1125
964
1180
984
1281
1099
965
1010
958
1000
1207
1448
1308
1148
1264
1201
1280
1213
1070
1125
920
1387
882
979
1029
928
1262
1111
1216
1187
1209
1210
1384
1093
1049
1103
1117
1191
1187
1187
1177
1094
1342
959
1145
1026
1052
1078
1166
1081
1232
1022
1181
972
1129
1147
1229
1264
1206
1197
1202
1191
1491
1256
1302
1052
1417
1072
1222
1085
962
1540
1982
1283
1163
1491
1667
1089
1195
1175
981
1419
1035
1102
966
1309
1073
1274
1025
1154
1080
1248
1168
1450
1084
1154
987
1336
1118
962
1336
1060
1138
987
1141
1066
1062
1052
1051
1473
1050
1200
1256
1034
1155
991
967
1210
1034
1202
1072
1144
1071
1117
1252
1019
1163
906
956
1138
1288
1330
1069
1204
1045
950
1141
989
1281
958
1193
1182
1122
1168
1185
1128
932
1288
1010
1029
1040
928
1404
1015
936
1191
1042
3644
1662
1717
1995
2009
1980
1688
1746
1276
1517
1602
1124
2142
1461
1605
1957
1294
1121
1129
1168
1139
1344
1633
1176
1613
1012
1132
1138
1182
1267
1018
1280
1173
1041
1375
1277
1895
1470
1404
1134
1143
1393
1206
1510
1274
1215
1437
1331
1233
1226
1098
1162
1102
1101
1120
1330
1092
1055
1090
1155
1168
1168
1163
1438
916
1358
1034
1344
989
1259
2265
1216
1334
1059
1446
1258
1006
1504
1085
1241
1235
1084
1425
998
1073
1148
1276
1106
970
1222
1141
1219
1086
1443
1691
1173
1124
1087
1107
1193
1523
1023
1170
1179
938
1182
1106
884
1389
1184
1271
1114
1089
1047
941
1325
1205
1274
959
1101
1122
999
1093
1351
1150
1588
1116
1462
1074
1362
1106
1135
1166
1108
1292
1015
1161
868
983
1391
1202
1283
971
1057
1005
1096
1215
967
1013
1145
930
1264
874
1355
1334
1119
1141
955
1204
1052
1119
960
1120
1211
1187
1246
1236
1388
1239
1259
1404
1253
1291
951
987
1343
1056
1401
1172
1245
1066
1041
1153
956
1048
1123
1063
1106
1063
1323
1038
1503
1099
1234
1083
1105
1496
1203
1066
1125
1100
1205
1018
2087
1728
1103
1615
986
1379
1133
1238
1042
1019
1166
1537
927
1171
1121
1135
1296
1119
1073
995
1274
1041
1216
941
1313
1080
1268
1048
1060
1268
1060
1031
923
2026
