1570
1020
1133
1136
1012
1248
1182
916
1191
978
1343
945
1242
1114
1186
1270
1184
1015
1113
1119
1069
1123
1048
956
1249
1029
977
1089
1090
1137
1025
1015
996
820
1235
1028
1295
1219
973
1074
1125
1011
1053
1140
1144
1135
1190
924
1323
1034
955
989
1006
1139
1142
1240
1266
998
1055
981
1366
904
1251
1044
1214
1166
1328
1182
942
1094
1310
1174
1285
1116
1764
975
1086
1460
1084
1094
1014
1143
1177
1234
1040
975
1192
1032
1039
1124
1038
1253
1821
1360
888
1109
1374
1401
1354
955
1135
1189
1122
1194
988
1177
1161
1127
1062
1129
1083
1000
1145
914
972
1423
1511
1141
1007
1111
1198
1141
1089
912
980
1232
987
1228
969
1895
1217
953
982
972
1159
960
908
1075
990
1247
1143
1187
1037
994
2167
1170
1027
1043
1097
1143
1118
1497
980
1225
1048
1139
1117
1012
1006
1008
1242
1328
1013
1183
1300
1211
1275
1440
1357
1114
1208
1361
1090
1300
1119
1028
1083
1159
1063
1279
931
1130
1150
1060
1142
946
1126
1467
1301
1152
1183
1172
977
1392
1152
1030
1187
999
1175
1068
1248
1299
1079
1011
1112
1145
956
1116
1047
1070
1016
914
1205
998
1206
1015
1102
958
904
1016
939
1129
845
1138
939
1082
1173
1026
955
931
1345
1040
955
1084
1009
1505
1001
1169
904
1106
1157
1131
1066
1003
1256
954
1078
1283
1071
1167
1029
1071
1193
965
1250
1026
1262
1045
1175
1037
1039
1056
1014
1218
1042
1209
1099
996
1105
1025
1102
1099
1938
1046
1941
1246
1149
1302
1096
1006
1119
953
1426
1324
1276
1007
946
1176
1739
1047
1001
1375
1120
1120
1172
890
1293
1040
1003
1045
950
1139
910
1353
1218
1028
1434
1177
1237
1108
1114
1123
1158
1132
1003
1600
1211
1205
983
1216
1015
1134
1077
1073
1090
963
1123
1073
1402
1118
1075
1194
1015
1130
1092
941
983
1063
1152
1075
1106
1128
1047
1266
969
1070
974
1025
1131
1161
1058
906
1001
918
1181
1048
1014
1145
990
1059
1289
1365
906
990
1056
1019
1013
1116
1302
1087
1243
1162
1009
1144
967
1043
1051
1053
1584
930
1245
997
2344
1302
1003
1058
1068
1206
1074
1275
1233
1077
1128
1115
1269
1294
1341
1162
1246
1173
1052
1150
956
1002
1097
998
980
1121
1248
1119
853
1186
959
1167
1086
1145
1010
1055
1081
1545
1122
918
1270
941
1010
2123
939
1169
912
1159
1024
1404
1269
975
1285
971
1160
1099
1117
1335
1129
1002
1233
1907
963
1174
1101
1047
1035
910
1072
1019
1194
1462
1598
1294
1058
1252
1585
1121
1430
1262
1213
1253
1402
1471
1356
1491
1194
1294
1097
1011
1293
1092
1245
982
1819
1017
1375
1402
1210
1277
1043
991
1068
976
1034
1047
1119
1145
1041
1405
1063
1092
1087
876
1047
976
1187
1121
1152
5438
1821
1288
1402
1300
1253
1127
2730
1299
1035
1140
1155
1293
1070
1319
1026
1075
1601
1131
1340
1240
1279
1508
1077
1290
1286
1057
1099
1696
1243
5761
1339
1076
1024
1148
963
1015
961
1113
1035
1148
1348
1029
1148
1374
1050
1069
921
1084
1115
1201
1109
937
1039
868
1040
1126
1054
1172
1025
1030
1127
1144
932
990
1380
1325
983
1097
1313
1319
1242
1098
1038
1200
997
1229
1362
1095
1164
991
1279
1105
907
1233
1212
1309
1065
1307
1072
1046
1040
1077
1174
997
1126
1046
1186
1144
1087
1257
1022
994
1161
1274
1209
1225
950
1342
924
1265
1226
1307
1148
1124
1351
1104
2720
966
1187
1191
1039
1242
1158
969
957
1034
1116
1127
1279
1069
1162
1190
1015
1171
1046
1134
927
1052
1229
1003
1076
964
1835
1116
997
1209
1034
1199
1129
1170
1225
1092
1527
1028
1141
1268
1425
1302
1219
1140
1277
1282
1365
1092
1298
1209
1295
1060
1257
1077
1077
1448
1030
1073
1136
1092
1213
923
1104
1209
1202
1100
1167
1125
1108
1095
1314
1100
1337
1127
1069
1090
1074
1288
1007
1071
1280
1132
1440
1183
2706
1211
1032
1318
1117
1457
996
1297
976
1233
1242
965
1093
1208
1069
1250
1074
1185
1084
1132
1008
887
1246
1109
1221
946
1032
1130
1121
1135
1098
1057
1223
929
946
885
1067
1191
1104
996
1238
1229
967
1277
1287
1198
1336
1418
1246
1076
1174
965
1094
1095
1204
1148
1198
998
1137
1102
1236
1080
1282
933
1350
1347
1280
1069
1036
1233
1052
926
1201
1045
1018
1028
1024
950
1038
1069
1091
1233
1273
1008
939
1068
1239
994
960
907
1155
1420
985
968
990
1207
1221
984
1074
1223
965
1202
1136
1299
942
976
974
1021
1183
956
1414
1133
1071
1126
990
1074
1070
1092
934
1249
1160
965
1795
1078
1206
1053
1030
1124
883
1344
1159
913
1158
1017
1276
1058
1153
1129
1175
1104
1355
1099
1197
1125
1239
941
1089
1079
1093
1665
1103
1113
1412
1227
1155
1210
963
971
1144
913
1063
1002
1070
1235
1019
1070
1049
1219
1278
1151
1355
1066
1061
1190
1047
1133
1077
1065
947
1104
1014
1154
979
897
1184
909
1048
998
1212
978
1137
1242
934
985
1230
1186
1270
1091
914
992
1015
1133
1349
1051
1012
1175
1044
1244
1382
956
1038
1348
1250
1252
1151
1238
1299
1195
1175
1013
1056
880
1116
1139
1080
1030
1126
985
1043
956
1077
971
957
917
1205
1031
964
1037
1044
1022
1241
1126
1435
939
997
1164
1112
1143
1105
1255
1152
1096
1074
1045
1348
1172
1181
1207
1072
1196
1341
1257
1542
1306
1564
1081
1314
1181
1124
1312
972
1251
970
1226
994
951
1342
1050
967
1107
911
1173
1192
1035
1079
1233
1120
1155
1180
1119
1065
1064
1099
1121
1017
1224
980
1151
