1570
1148
1013
1227
1244
998
1450
1090
1168
1104
1039
1274
1028
1303
1016
1007
1248
1143
1133
1088
1239
897
919
1121
1236
1584
1563
967
1363
1074
1244
1790
1150
1008
1116
1116
962
1363
891
1210
1114
1119
1217
1389
1233
962
1017
1270
1018
1450
1381
1110
1363
942
1345
1135
1007
1198
1134
1371
1025
1467
1167
1272
1254
1090
1215
1070
989
1502
1020
1032
1076
1233
1113
1104
1385
984
1333
1118
1105
1157
1334
1188
1171
1175
945
1080
1375
982
1451
1188
1068
1209
984
1350
1278
1425
1362
1204
1394
1053
1343
1096
1241
1079
953
1212
1035
980
1306
979
1364
893
1156
1175
1052
1283
1106
1391
1003
1043
1102
1155
7399
1225
1150
1321
1075
1115
946
1370
1300
1017
1039
1141
1208
1083
1173
903
1147
1147
953
1280
1212
988
1014
1286
1343
1028
1196
1211
974
1371
1073
1247
970
973
1326
1126
1352
958
1135
1232
848
1228
896
1142
1076
959
1197
1034
1184
1135
995
1096
1100
1187
1039
1265
1251
1107
1448
954
1153
1018
1083
1033
1122
1364
1032
1328
1237
1050
1408
1592
1308
1113
1007
1135
1073
1263
1140
1259
1164
1116
1405
1137
1158
1153
901
1215
1152
1063
1051
1202
1171
953
1202
1003
967
907
987
1025
1000
1028
1048
1093
1066
1047
981
1019
1219
1021
1058
1207
1165
1116
1058
953
1412
995
1188
1066
2395
1201
1037
1194
954
1286
1028
1141
1111
1078
1171
938
933
1048
1173
1082
1152
989
918
897
1255
926
1021
1090
1079
1326
1146
1004
1059
1119
935
992
1100
1114
1134
1060
1360
1162
1069
1425
1118
2300
1042
1025
1012
1118
1334
1336
1264
986
1182
1316
1256
1142
1062
1021
1205
1168
1276
1031
1126
1218
911
905
995
1019
1132
1430
1240
1131
1506
1309
1152
1124
1003
1092
1166
1423
1066
1316
1094
929
1050
1201
1046
1040
1044
1393
1073
1134
1049
1316
996
1020
1258
1029
1178
1082
1035
1259
1224
1163
1169
1378
1017
1032
1014
1038
1360
1006
1060
1102
1102
1327
1131
1936
910
1005
1092
1009
1189
1017
1164
895
1145
1094
1092
1155
1084
881
1159
929
1231
1063
1274
1064
1036
1173
1015
1239
1133
1126
1921
1211
1187
1284
1222
1378
1009
1050
956
2697
902
949
1278
1154
1424
1131
1254
935
1190
1205
977
1349
1239
966
1287
964
1201
1077
1092
1324
1129
1399
1095
1326
1151
1200
1019
1094
1132
1125
1312
1048
1148
1219
1091
1214
953
1261
1162
1339
1242
956
1330
1026
1956
1174
1328
932
1043
1340
1028
1256
1136
1227
987
1055
1201
1123
1422
1205
1853
1077
1274
1194
1068
1164
970
1261
1053
1018
1293
1065
1130
1076
1271
942
1076
1165
1292
1473
1044
1047
1141
1069
1102
1153
1284
925
1364
1151
1033
1627
1047
1237
1139
1344
962
1186
1229
1117
1289
1062
1154
1052
885
1119
1157
1370
965
1158
1054
998
1483
1056
1159
1074
1103
1057
1146
1100
1247
1028
985
933
1070
978
1085
1321
1277
1832
1200
1195
1350
1116
1056
1278
1171
1035
1092
902
1195
2136
1264
1156
1103
1084
1161
1287
1014
2317
1116
1221
989
1037
1197
994
1378
1322
992
1042
1051
1311
1023
1109
985
1195
1111
985
1134
1168
1294
1215
1190
1815
2411
2292
1432
1239
1538
1464
1329
1094
1279
1273
1542
1626
1040
1062
1121
1034
1347
1197
1072
991
1565
947
1132
1098
1177
1098
1156
1327
1010
1162
1361
1373
1310
1113
1323
1085
1155
1133
1046
1058
1068
1029
1248
1062
1139
1300
1076
1100
1188
1406
1068
990
1207
1146
918
1122
1144
1144
1010
1282
914
1268
1339
884
1132
1130
1123
1111
1131
1011
1184
1257
995
1021
939
956
1320
1052
1235
1075
1169
1222
1026
1138
1194
1337
1129
1136
955
1298
1128
1017
1225
1054
1090
1566
1035
1403
993
1425
1275
1260
976
1106
1362
1011
1240
1125
1028
1279
1165
1130
909
1225
1627
1158
1203
1178
1377
1278
1485
1220
975
1146
1291
1195
919
1327
1210
1033
1075
1074
1046
928
1217
1247
1146
1277
1091
1101
1129
1128
1377
847
1270
1048
1083
1000
1004
1285
1174
1190
1214
1312
1133
1234
1423
1093
1382
1172
1069
1073
1588
1352
1073
1289
1269
1125
1011
1122
1282
1118
1226
1336
1233
1108
1224
1136
1012
1066
1028
1002
1256
1218
972
1104
870
1181
1028
1088
1120
1079
1271
1074
1353
963
1002
1037
1088
1339
1115
1062
1237
1079
1339
977
1238
1029
1047
1308
1045
1165
1300
1050
1192
1114
1305
1294
1082
1163
986
1160
1064
1182
932
1071
1370
1019
1276
1084
1530
1018
1059
1129
1167
1203
1304
1008
1101
1184
1234
1015
1128
938
1271
1169
1139
1178
1292
1123
1110
1099
1221
894
1028
1035
1105
1285
1071
1034
1164
1106
1265
1204
1121
1125
1092
1238
1030
1104
1038
949
984
1324
1096
1073
1170
949
1027
1315
1176
1068
1026
1288
1171
1676
1174
1198
1132
1216
1106
1193
1429
1545
1108
1344
1046
1269
1200
971
1603
1205
1128
4439
1113
1588
1680
1371
1109
1197
1005
1862
1194
1065
1316
1212
1249
970
1105
1371
1175
1685
1220
1241
1284
1085
1051
1224
1249
975
1095
1084
1258
1208
1119
1202
1305
981
1381
1334
2420
1350
1411
1106
1008
1330
1058
1306
962
1080
1265
996
1204
2186
953
1091
1104
1284
1074
1319
1206
1223
1176
1146
1120
1067
1135
1229
1155
1123
1103
1161
1351
949
1091
1030
1066
1062
1164
1169
966
1104
1082
1214
1140
1265
1232
967
1241
952
1082
1093
1132
1235
1153
959
2409
1156
1303
1095
1237
1209
1132
1244
915
1146
1080
1031
1068
1159
1558
1017
1252
2056
1048
1341
1120
1198
1049
1001
1197
1011
1313
891
1835
1166
1069
1047
1321
1290
