976
1183
957
991
1118
1016
2741
1200
1202
1764
1000
1314
1354
1110
1060
1066
1165
887
1312
1160
1012
1045
1114
2429
1017
1325
893
979
1158
1152
1440
1259
1029
1206
1025
1162
1227
1256
1040
988
941
892
1182
1125
1431
1208
1066
1095
973
1091
967
1313
1197
1215
1364
1085
1226
1197
1102
1192
1265
1159
1102
1286
1510
1396
1054
1244
1322
1749
1323
1524
942
1308
1088
1172
1231
1339
1222
1137
1162
987
1438
1006
1013
1079
1186
1058
1016
1080
1011
966
1159
935
1442
1062
1122
1254
937
954
1262
1047
955
926
1207
1065
1249
999
1145
1013
1025
1085
923
2509
977
1014
1219
879
1859
1162
1109
1098
1065
1099
1060
1192
971
1105
1213
953
2125
1107
1245
956
1330
1078
884
1056
1034
1008
1234
1138
953
869
1108
1069
1088
1042
1976
1119
1316
1063
1211
1241
1176
884
1117
986
1021
1157
1184
968
987
1113
1032
1042
1184
1132
1112
906
1056
995
1143
1091
1174
1045
1023
1220
1005
1022
1108
1088
947
1041
1097
1062
1280
942
1055
1049
1033
1156
1006
1456
1092
1135
1289
1060
1147
1183
1067
915
969
1023
972
1210
964
1188
1059
1084
1172
991
1029
1127
1095
901
1618
1105
959
1166
899
1251
1041
1356
1225
1155
1352
1121
1384
1196
1100
1113
1116
1235
1350
1127
1385
1236
1445
1120
1321
1112
1247
1069
1214
1149
1131
1005
1285
1220
1005
1045
1015
1122
1142
1116
1059
1131
884
1101
1052
1147
1270
1015
1251
949
1216
1021
1013
1122
1015
1092
951
933
1143
1147
1104
883
1162
1009
923
1212
993
1116
911
976
1198
1097
995
1030
1115
1196
1073
1251
957
1306
912
1344
1017
986
1153
995
1023
1295
1692
1216
1296
1364
1126
1212
1453
1199
1009
1030
1089
1208
1270
1093
1041
1224
1022
1282
1039
1182
1007
933
1706
1047
1158
1119
1242
1122
1194
1242
1152
1603
1279
1103
895
1098
1508
1189
1427
1237
1287
1317
1057
1170
1183
1105
1183
951
1203
1197
1117
1222
1137
970
1003
1337
948
1163
931
949
1219
1225
1269
991
1053
1110
992
1241
1017
1161
960
957
1247
1154
1347
1064
1078
1240
1088
1186
1127
996
1072
934
1230
1106
978
1397
1121
1058
1172
987
1121
1038
1070
946
1252
1043
1071
981
1125
1114
1298
1095
1204
913
958
1032
1076
1111
1120
1122
1195
1202
1570
1015
1092
1346
1040
932
1270
1143
1038
1069
1043
1234
1123
1249
983
1125
1163
1293
1468
1151
1515
1363
1220
1236
1407
1413
1364
1162
1190
1118
1000
1365
904
1265
1060
923
1239
1269
1537
1116
1208
1230
1122
1120
1454
1186
1285
1087
1018
1143
1309
1062
932
1297
1119
1244
1101
1298
1009
1110
1059
1018
1245
948
888
1451
1134
1067
1302
1394
963
1073
1047
890
1186
1152
1780
966
1110
1320
1025
1148
1024
1151
1332
907
1133
1006
1085
1020
1086
1195
1157
1187
1102
1051
1096
1029
1288
962
1104
1102
1177
1170
6788
1403
1319
1061
1073
1139
1088
942
1102
1070
1062
1068
1124
1216
1119
1303
1103
1049
990
1060
1169
963
935
1142
1008
1288
1186
1088
1104
937
1070
932
1028
1542
1043
1110
1259
1275
1108
1099
1194
1102
1153
1128
1159
1688
1212
1266
1402
1462
920
1172
1708
1129
1052
1041
1178
1021
948
1268
963
1154
921
1141
1169
1015
1117
1061
1051
948
968
1191
985
1125
1252
992
1123
1131
1026
1000
1010
989
1038
1250
1432
1434
1159
927
1292
1193
1030
1079
1362
1187
1152
1158
1250
1324
1022
2662
1104
1344
1246
1222
1224
1279
1096
1185
1210
1345
1142
1852
1091
1068
1030
966
1066
1065
1108
1326
1240
1236
1110
1246
1382
1114
1269
957
1199
1819
1064
1721
1208
1030
929
1141
1052
995
1139
999
1157
1196
993
1253
1263
1265
997
1133
1222
1012
1305
1174
1346
955
1247
986
1070
1077
1092
1128
1127
1197
1153
1053
1096
1173
1279
966
1158
876
1121
1178
998
1131
1156
1192
1043
1040
1144
1001
1101
1182
1029
1177
1211
958
986
1090
1302
1089
1201
888
907
1162
1113
1184
1020
1007
1055
1001
1111
1037
1084
1000
1154
1341
971
975
1170
1183
1305
1028
1238
1206
1178
1109
1244
1362
1272
1151
1424
1099
1059
1200
1063
1047
1195
966
1103
1297
1038
2400
1157
1078
943
978
1279
1248
1087
995
992
1372
933
1215
1045
962
1076
1393
1214
1109
844
1013
916
1143
1027
1413
1041
872
1145
1070
1194
1166
933
981
1059
1141
1074
1310
942
1159
1103
1084
1248
1030
1050
1210
1029
1165
984
1164
1249
1126
1141
1032
990
1100
895
1343
1195
1317
979
933
1132
1094
1195
1057
968
998
1138
1118
1045
967
1241
1057
1382
915
1149
966
1038
963
1139
1144
1000
1205
1156
1160
1270
1042
1111
941
858
1255
1155
1077
1033
901
1144
1123
1008
1235
1177
1039
992
1298
973
1161
1161
1074
1088
885
1215
1024
1169
1302
1040
1054
1062
1190
1094
989
1045
944
942
950
1168
1035
992
1134
1280
1300
1018
925
1758
1097
1533
1028
1183
1039
943
1203
1602
1273
1131
1034
1173
1107
987
1056
1767
1001
1106
1303
1069
1185
1314
1464
1200
998
1122
1333
1398
1107
1034
1440
1009
1086
1324
1024
1414
1107
1231
1164
1153
994
1188
1530
1184
1230
1289
1350
1239
2180
1175
1054
1153
963
1054
1188
1104
1271
999
1016
1017
956
1093
932
1001
1038
1025
1043
1010
1056
1003
898
1822
1150
1416
1312
1106
1243
1077
1339
1031
1313
1024
1186
1321
1037
1305
986
1107
1208
1233
1687
1299
1301
1296
1177
1287
1085
1197
1081
1211
1050
1276
1280
1130
1023
1001
1056
1137
870
1203
948
1041
1092
1163
1249
