1474
1202
1576
1207
1226
1357
1215
984
1355
1168
1180
1233
1041
1284
1113
1184
1137
1703
1473
1214
1381
1379
1085
1565
1148
1361
1477
1137
1369
1289
1250
1220
1179
1177
2180
1561
1882
1560
1635
2029
1333
1592
1859
2153
1792
2034
1971
3729
2772
2932
1434
2016
1600
1062
1775
1465
1295
1102
1421
1617
1426
1480
1224
1340
2374
1709
1477
1776
1815
1545
1464
1795
1083
1940
1928
1178
2008
1266
1547
1379
1403
1282
1461
3204
1176
1401
1306
4133
1356
1376
2058
1508
1459
1642
1573
3358
1858
1541
1575
2192
1520
1420
1518
1308
1930
1669
2079
2289
1382
1496
1881
1419
1426
1341
1515
1222
1673
1303
1678
1668
1126
1804
1367
1163
1644
1120
1548
1201
1516
1093
1130
1430
1084
1677
1036
1275
1421
1351
1319
2220
1316
1180
1138
1957
1123
1561
1218
1069
1081
1126
1079
1131
1412
1317
1358
1919
1062
1509
1263
1313
1306
1084
1064
1037
1110
1553
1093
1442
1065
1292
1261
1266
1275
1173
1229
1115
1247
1280
1010
1320
1163
2393
957
1308
1256
1076
1432
1147
1187
1039
1075
1154
2534
1424
1248
2071
1069
989
1475
993
1251
1201
1163
1228
1743
1170
1263
1139
1134
1377
1232
962
1075
964
911
1023
1151
2189
1061
1207
1165
945
1689
1173
1435
1232
1399
1374
1382
1385
1237
1223
1391
1209
1300
1261
1437
1008
1047
1411
1031
1005
970
1101
1438
1233
1647
1216
1158
1108
1647
1137
896
1176
996
1006
1418
1029
1347
1215
1046
1410
1360
1182
980
1454
993
1065
1071
1131
1161
1211
1237
1177
1129
1141
1118
1272
1075
1170
1526
1215
1401
1150
1187
1216
1283
1400
1258
1401
1434
1373
1156
995
1206
1252
1483
1193
1224
1295
1043
1363
1183
997
1379
1034
1231
1007
975
1337
1431
1373
1218
1067
1148
1254
1413
1032
1336
981
1259
1352
1256
1183
1269
951
1435
1140
1427
1230
1038
1107
1176
1336
2714
1225
1313
1172
1266
893
1533
1297
1203
1453
1101
1226
1020
1064
1112
1110
1313
1323
1481
1283
1416
1163
1136
2533
1059
1276
1149
1262
1198
1029
1442
982
1293
1195
1244
1162
1011
1314
1265
1170
1145
919
1094
1069
1198
1107
1040
1423
1032
1486
1245
1328
1188
1339
1323
1256
2657
1183
1206
1550
1305
1658
1495
1976
1067
1532
1052
1183
1521
1277
1136
1332
1120
1351
1001
1378
1302
1139
1232
1450
1237
1190
1053
2126
1106
1250
1259
1135
1284
1233
1475
1179
1047
1222
1254
1263
1415
1392
1015
1432
1204
2233
1841
1133
1123
1453
1369
1313
1046
1314
1182
1080
1176
1086
1221
1019
1520
1425
1152
1263
1311
1189
1060
1088
1264
1333
1390
1298
1099
1066
1002
1130
987
1136
987
1108
1255
1215
1470
1097
1144
1242
1194
1258
1734
1183
1533
1453
1273
1378
1318
1037
1236
1782
1161
1538
1305
1388
1258
1046
1291
999
1468
1283
1231
1310
1244
1059
1251
1221
1362
1611
2181
1914
1390
1251
1548
1367
1249
1516
1234
1158
1940
1352
1382
978
1263
1201
1167
1186
1411
1490
1012
1319
1162
1055
1321
1120
1207
1157
1072
1594
1048
1075
1083
1078
1036
983
1343
1309
1345
1219
1347
886
1039
1353
1145
1124
1106
1338
2389
1432
1378
2579
1313
1108
1067
1141
939
1190
1018
2031
1223
1280
1472
1122
1390
1047
1372
1373
1199
1596
1548
1095
1412
1124
1453
1001
1247
1030
1147
1171
1276
1755
1034
1177
1301
979
1340
1112
1158
1239
1239
1046
1162
1342
1185
1180
977
1389
1081
1286
1599
1134
1115
1052
1435
1245
1310
1274
1327
1329
1119
1422
1121
966
1031
1229
1314
1226
1113
1235
1074
1435
997
1155
1591
999
1198
1185
1126
1190
1020
1171
1476
1335
1155
1261
976
1109
996
1074
1225
1163
1225
1263
1110
1001
1209
1284
986
1483
1200
1243
1201
1302
1621
991
1325
1211
1243
1380
1589
2513
1266
1259
1114
1181
1583
1067
1258
1122
1396
1131
1025
1095
1125
1250
1170
1041
1121
1100
1171
1061
1138
1144
1148
1155
958
1216
1184
1269
1212
1027
1422
1310
1351
1120
1269
1310
1192
1158
1090
1952
1337
1025
1332
1149
1193
1224
1252
1182
1197
1273
1270
1298
1069
976
1119
1245
1069
994
1643
1008
1067
1334
1168
1177
908
1135
1074
945
1197
990
1025
1146
1008
1213
1115
1217
976
1346
1173
1101
1440
1119
1379
1035
1309
1192
1703
1458
1567
1577
1119
1236
1087
1177
1708
1574
1349
1459
1340
1074
1400
1612
1269
1279
1558
2389
1965
1221
1424
1267
1186
1160
1322
1522
1074
1186
1264
1275
1277
1281
1324
1050
1367
1043
1283
1155
1183
1397
1360
1301
1361
1610
1148
1192
1212
1273
1531
1402
1263
1241
1165
1268
1088
1153
1142
1176
1278
1282
1337
1143
1362
1249
1077
1530
1201
1416
1387
1072
1225
916
1206
1192
1311
940
1031
1485
1064
1309
2332
997
1464
1259
1132
1111
1228
1036
1007
1308
1221
1430
1160
1326
2000
1236
1210
1030
1620
1265
1335
1677
1107
1366
1223
1172
1054
2239
1300
1124
1162
990
1163
1326
1238
1108
1358
1063
1505
1066
1038
1105
1219
1169
1176
1233
1123
1170
1118
1166
1168
1105
1177
1302
2523
1120
1735
1449
1206
1016
1204
1039
1122
1043
1132
1379
1094
1098
1182
1372
1224
1137
1091
965
964
1220
1179
1299
1066
1358
1151
1310
1505
1221
1552
1302
1202
1842
1098
1209
1145
2432
1126
993
1333
1002
1249
963
972
1496
1224
1373
1042
1177
1006
1075
1499
1120
1176
1152
1118
1159
1086
1124
1924
1157
1171
1341
1354
1324
1239
970
1226
1205
1022
1213
1304
1414
1436
1439
1385
1014
1409
1178
1102
1317
1236
1141
1211
1277
1052
1061
1510
1120
1102
1274
1160
1027
1158
1118
1270
1337
1030
1225
1395
1015
1351
1134
1199
999
1377
1302
1404
1342
