1055
1214
1163
1007
1330
1227
1370
1148
1308
1371
1070
1709
1065
1448
1265
1327
1250
1478
1695
1245
1246
1340
1302
1147
1384
1650
1481
1501
1515
1324
1647
1102
1599
1458
1364
1384
1118
1336
1147
1304
1549
1225
1108
1250
1132
1345
1364
1920
1272
1566
1355
1290
1663
1140
1196
1236
1120
1968
1590
1790
2781
1512
1175
1062
1379
1113
1285
1239
1071
1919
1258
2230
1212
1176
1180
1263
2307
1261
1211
1150
1044
1162
1140
1224
1332
1292
1412
1052
1299
1218
1253
1357
1229
1189
1055
1407
1237
1191
1254
1149
1151
1108
1426
1116
1040
1298
1085
2641
1255
1164
1307
1451
1234
1186
1348
1085
1189
1355
1261
1465
1052
1061
1087
1304
1284
1125
1106
1149
1125
1364
1302
1354
1260
1113
1176
1158
1247
1071
1230
1268
1164
1249
1126
1519
1276
1100
1141
1138
1298
1185
1003
1393
1091
1252
1185
1114
1324
1555
1276
1025
1423
1262
1184
1169
1031
1181
1339
1267
1346
1175
1193
1274
1238
1206
1090
1287
1251
1687
1163
1298
1256
1163
1492
1125
1026
1205
1204
1086
1284
1233
1203
1159
1275
1267
1223
1185
1131
1314
1057
1377
1179
1104
1157
1146
1312
1069
1209
1306
1052
1267
1583
1303
1202
996
1122
1184
1137
1211
1024
1387
1365
1248
1099
1606
1298
1117
1423
981
1118
1013
1144
1169
1175
1165
1159
1096
1293
1318
1253
1249
1134
1211
1365
1259
1002
1028
1225
1344
1171
1146
1343
1227
1341
1516
1299
1537
1267
1457
1089
1156
1494
1432
1241
1566
1483
1120
1311
1348
1141
1097
1116
1122
1919
1345
1145
1514
1232
1188
1129
1166
1311
1612
993
1274
1833
1191
1508
1256
1464
1222
1205
1793
1292
1339
1750
1217
1409
1103
1159
1240
1249
1341
1223
1605
1508
2202
1681
1530
1382
1145
1804
1305
1611
1322
1129
2143
1678
1344
2008
1467
1302
1864
1208
1202
1429
1343
1132
1775
1336
1481
1400
1347
1293
1311
1185
1275
1374
1248
1391
1475
1368
1338
1209
2291
1513
1222
1350
1279
1370
1391
1275
1341
1200
1531
1368
1431
1576
1532
1346
1268
1622
1373
1348
1313
1173
1616
1294
1356
1373
1283
1344
1212
1208
1236
1071
1230
1289
1230
1164
1486
1336
1151
1059
1276
1587
1154
1172
1344
1134
1509
1095
1534
1174
1366
1344
1015
1163
1077
1300
1289
1347
1114
1150
1368
1144
1380
1456
1390
1248
1057
1141
1046
1230
1185
1082
1336
1108
1297
1106
1304
1543
998
1434
972
1624
1467
1173
1382
1671
1547
1703
1645
1474
1548
1372
1194
1517
1673
1474
1874
1300
1455
1198
1167
1443
1391
1995
1555
1408
1304
1779
1192
1363
1614
1766
1467
1676
1956
1819
1544
1401
1846
1328
1398
1304
1914
3122
2282
2947
1861
1575
1322
2477
1658
1954
2372
1383
1318
1338
1415
1457
1460
1401
1327
1388
1360
1286
1317
1493
2072
1701
2657
1134
1481
1247
1293
1595
1736
1463
2340
1818
1158
1340
1413
1313
1226
1158
1217
1910
1439
1136
1668
1496
1120
1463
1181
1288
1301
1213
1569
1280
1404
1376
1124
1445
1175
1371
1139
1302
1166
1501
1211
1144
1630
1159
2537
1700
1291
1664
1435
1505
2423
1448
1469
1262
1378
1583
1414
1214
2152
1420
1396
1778
1300
1998
1437
1223
1379
1170
1426
1392
1153
1461
1695
1421
1207
1199
1227
1324
1443
1176
1413
1146
1572
1290
1052
1448
1399
1378
1325
1201
2348
1126
1280
1384
1440
1249
1141
1280
1333
1411
1375
1318
1413
1271
1566
1562
1505
1306
1464
1211
1302
2257
1207
1269
1219
1274
1456
1537
1364
1108
1583
1289
948
1271
1742
1869
1342
1320
1430
1698
1449
1240
1688
1175
1319
1736
1528
8352
2891
2071
2193
3178
4462
2463
4815
2224
1816
2108
1744
2116
2734
1597
1830
2989
1758
2139
2048
1325
1827
1183
1813
1559
1451
1370
2188
1503
1254
2157
1995
3749
3437
1996
2187
2344
3973
1798
1721
6273
2392
7027
5054
1747
5006
1581
1967
1995
2652
2367
5676
2434
3709
2010
2463
4001
1851
2072
1691
2037
1978
1307
1559
2073
1311
1412
1600
1226
1501
1748
1456
1889
1421
1677
2024
1428
1644
1413
1464
1734
1613
1424
1250
1244
1601
1317
1377
1365
1319
1200
1305
1698
1497
1395
1032
1125
1371
1516
1595
1363
1468
1618
1566
1454
1595
1765
1394
1353
2157
1643
1655
1805
1773
1607
1415
1573
1826
1287
1543
1577
1458
2570
1594
1410
1249
2331
1256
1415
1303
1545
1193
1500
1338
1296
1727
1136
1257
1462
1274
1237
1278
1287
1297
1269
1290
1214
1930
1183
1525
2148
1331
1848
1852
1181
1421
1253
1362
1720
1326
1274
1720
1678
1799
1740
1612
1305
1962
1791
1988
1395
2314
2515
1758
1649
1871
2201
1957
1693
2019
1911
2311
1421
1488
1839
1450
1894
1450
2058
2231
1522
1629
1901
3126
1755
1340
1703
1359
1240
1257
1516
1270
1410
1495
1334
1456
1732
1268
1440
1572
1331
1306
1332
1223
1607
1508
1415
1764
1355
1403
1324
1517
1444
1517
1723
1349
1159
1376
1294
1225
1287
1174
1152
1261
1168
1355
1431
1355
1222
1449
1007
1237
1263
1287
1199
1211
1659
1442
1258
1627
1357
1791
1435
1549
1435
1359
1138
1346
1268
1309
1257
1117
1225
1492
1489
1296
1192
1243
1213
1541
1693
1458
1314
1416
1346
1379
1151
1466
1443
1208
1366
1103
1259
1266
1382
1153
1117
1383
1138
1322
1212
1277
1328
1229
1306
1107
1233
1269
1184
1418
1374
1299
1097
1259
1161
1101
1274
1134
1164
1101
1188
1240
1186
1483
1091
1242
1132
1181
1750
1389
1604
1299
1274
1263
1719
1759
1918
1113
1500
1730
1314
1841
1700
1242
1377
1438
1112
2541
1362
1349
1768
1500
1392
3288
5103
1755
1749
1901
3731
4758
2291
1396
1295
1487
1589
1815
1517
1432
1556
1407
1439
1619
1485
1939
1852
2555
2101
1561
2468
1235
1488
2327
