1313
1389
1178
2011
1103
1201
1655
999
1165
7328
1223
1099
1006
1538
1076
1098
1061
1069
1089
1242
1306
1426
1224
1177
1264
1004
991
1293
1085
1292
1037
1168
1148
1133
1127
1005
1340
1139
1030
961
982
1201
1084
1370
1068
1150
1056
931
1218
1121
1091
1100
1203
1369
1145
1129
1301
1319
1190
1452
1023
1201
1335
1146
1215
1101
1155
965
1262
1805
1689
1410
1493
1264
1151
1060
1232
1268
1319
1037
1326
1113
1030
1166
1262
1204
1229
1374
1186
1078
1180
1011
1290
1106
1310
1193
1394
1422
1227
1210
1152
1174
1086
1067
1057
1154
1323
1140
1078
1036
1037
1291
1148
1281
1061
943
1209
946
1185
1059
1011
940
982
1254
991
1979
953
1283
960
883
1224
1145
1065
1004
1053
1007
1221
1214
1074
1211
997
2045
1175
1005
1429
1223
970
1042
1152
1000
1228
1327
1026
1283
1190
1107
1271
1153
1173
1079
1192
984
1149
1092
1051
1189
1188
1232
1207
1213
1366
1222
1209
965
1049
1111
949
1304
1159
1502
1120
1244
1014
969
1274
1009
1142
1129
1188
946
1101
1198
1139
1358
1238
1287
1509
1246
1120
1157
1096
1435
1368
994
1111
1011
1086
914
1188
953
1428
1169
1229
1037
1110
1101
1106
1202
1170
1120
1116
1110
1308
1092
1102
1227
1042
1132
1156
1074
1289
1075
1101
962
982
1279
1204
1066
1007
1095
1122
1001
934
849
1292
1136
1058
1348
994
1354
1292
1281
975
1194
1326
1052
1441
1102
1236
1249
909
1330
1063
1137
975
901
1216
1680
1438
1532
1069
1114
936
1383
1253
1215
1305
1029
1256
1029
1101
1107
1010
1185
1091
1182
1067
1293
1088
1178
1352
1092
1118
991
1197
970
1124
1251
1106
1492
1160
1207
1023
1196
1068
1164
999
1190
1333
1176
932
1184
920
1016
1192
1003
1257
931
1141
931
1024
2330
906
1370
961
1881
1056
998
1872
1010
1168
987
1376
955
1108
1142
1024
1354
994
1152
1288
1060
1231
1044
1262
1064
1080
1435
1059
1215
1152
1142
1026
1003
1169
1049
1173
988
1158
1148
998
1238
1125
1098
1320
994
1135
1078
1184
1046
908
1289
980
1176
1114
1273
1102
1183
1295
1184
1287
1093
1216
1143
1006
1154
1273
889
1345
1391
1020
962
1010
1254
1069
1336
997
1214
1113
1043
1342
990
1136
872
1182
977
1259
1124
1130
1329
1111
1052
1119
988
1153
1011
1030
1180
1046
1400
1226
1260
1264
1325
1409
1200
1246
1113
996
1401
1125
1265
903
1200
1457
1072
1273
1190
1237
1142
1109
1165
1239
1202
1083
1189
1184
1217
1120
1044
1110
1005
1403
1189
1140
983
1104
1161
1051
1063
1213
995
1231
1141
1204
1330
1316
1102
1083
1246
1108
1155
1141
1146
1270
1250
1201
1198
1170
2084
1180
1122
1016
1115
1136
1013
1170
1117
1059
890
1172
1409
1141
1225
1011
1155
1309
1031
2468
1019
1262
1036
1073
1030
1111
1252
972
1320
1046
1054
1346
943
1264
1190
1127
1009
1281
1127
1282
1193
1094
1002
1255
1061
1193
1182
1200
1044
1067
1373
1086
1206
1010
1223
940
1022
1368
1097
986
1069
995
1227
1001
1083
942
1151
1225
1229
1067
1106
1174
989
1005
1208
996
1081
1208
919
1312
2177
1206
1070
1260
1059
1334
1108
1034
1390
1229
1140
1482
1264
1525
1319
2354
1981
1271
1189
1086
1202
1069
1194
1028
1207
990
1129
1695
1246
1206
1339
1206
1044
2804
1269
1030
1167
1379
1116
1326
1157
1052
1275
939
1266
1225
2469
1190
1178
1682
1188
1199
1083
886
1298
1169
1078
1004
1091
1178
1222
1236
1228
1186
2065
1553
1884
1091
1213
1084
958
1321
1227
1206
1268
1242
1313
1367
1253
1071
1393
1205
1276
1081
952
1351
988
1164
1121
1162
1255
2093
1198
1176
950
1290
949
2133
1111
950
1389
1079
1074
1276
1281
1122
2779
1132
919
1289
1508
1220
1164
1026
1127
1136
1255
965
1191
2730
914
1336
980
988
1196
999
1159
1008
1349
970
1138
1141
1126
1274
1156
1223
1277
1044
1286
1097
946
1702
1282
1156
1105
1159
1032
1274
1100
1215
1129
1017
1364
1253
1084
1079
1080
1213
967
1187
1125
911
1199
1006
1418
1304
1176
1114
986
1084
1034
1017
1023
984
1103
1023
1192
1028
1108
999
1697
1094
1207
1220
1058
1077
1255
1053
1275
1026
972
1037
1272
1077
1042
1440
1067
1070
1189
1208
1273
1129
1038
1120
975
1153
1251
1036
1540
1701
1189
1198
1359
1096
995
1193
1260
1114
1112
1100
1274
1090
1172
1068
1083
873
916
1161
1122
1209
959
1237
1229
1202
1013
1123
1064
1120
1033
1148
1294
946
1217
1087
992
1143
1023
1054
1086
1098
993
1377
920
1059
1274
1200
1302
1135
1146
1370
1212
1032
948
1090
982
1220
1072
1102
1221
981
1218
990
1032
926
951
1210
1052
1113
978
1050
2158
1018
1115
1051
1078
1202
1056
1156
1171
1156
1083
1045
2006
966
1121
1217
1032
1346
920
1180
2320
1683
1568
1181
995
1120
2054
1033
1166
960
1080
1170
1058
1566
2206
1114
1112
1047
952
1157
1131
1030
1158
1046
973
1430
950
1080
1114
1062
1063
1032
2359
951
1420
1131
1156
1037
1203
1269
1030
2216
1529
1247
1222
1214
1141
1142
1094
1293
1310
1207
1465
1107
996
1150
1334
1627
1078
1186
1127
971
1399
1322
1181
1175
1308
1436
973
1138
1047
2131
1252
1193
1272
1206
1108
1379
1275
1405
1064
1361
1352
1087
1163
999
1323
1260
1298
1294
1085
1298
1377
2740
1145
1401
1419
1164
1315
873
1228
1452
1813
1586
983
1167
1213
1107
1040
1005
1128
1086
1054
1073
1411
1097
1169
1279
1029
1056
1035
2104
1398
959
1209
1258
1722
1005
1039
1085
1315
1208
1032
1205
1267
1127
1320
1273
1629
1302
1111
