1035
1411
1367
1165
1189
1331
1352
1122
1763
1196
1203
1114
1341
1158
981
1244
1033
1284
1040
1059
1429
1076
1260
1227
1161
975
1077
1231
1067
1186
1220
1250
1491
1256
1091
1231
1075
1178
1214
1425
1017
1368
1175
1014
1228
915
1064
1172
1129
1061
1281
1120
1159
998
1167
1045
1142
1318
1126
1131
1451
1054
1155
1114
1052
1204
1184
1208
1353
1424
1670
1243
2245
1642
1472
1014
2490
1296
1122
1555
1341
1466
1134
1140
1229
952
1540
1045
1371
1496
1088
1426
1027
1071
1626
1293
1134
1409
1260
987
2293
1155
1152
2169
1356
1280
1306
1457
946
1138
2147
1029
1082
1334
1363
1030
1415
1097
1279
1384
1191
1303
953
1015
1414
990
1350
1288
1353
1165
1268
1843
1326
1424
1178
1838
1215
1079
1775
1100
1897
2379
1927
1276
2099
1626
2132
5631
1266
2075
2321
1426
1344
1509
1238
1252
1172
1650
1239
1499
1497
1361
2010
1663
1659
1197
1495
1252
1273
1584
1114
1263
1009
1252
1248
1377
1285
1043
1325
1091
1181
1252
1149
1477
1140
1340
1180
1459
1614
1156
1450
1375
1637
1481
1351
1459
1384
1565
1312
1388
1731
1347
1408
1332
2843
1661
1781
1583
1370
4033
1393
1473
2056
1457
2420
2267
1461
1770
2409
1564
1410
1482
4474
10337
1765
3802
2198
2575
4092
2914
1747
1383
2255
2157
1964
2459
1369
1501
1328
2179
1742
1343
2345
1125
1298
1965
1707
3513
1439
2119
1487
1292
1555
1032
1870
1293
2313
1372
1386
1625
1346
1373
1427
1294
1669
1601
2053
1356
1827
1442
2156
1834
1841
2257
1455
2188
1959
1757
2094
2671
1801
1698
2404
1594
1483
3737
1489
2151
1598
1564
1809
1687
1698
1568
1795
1793
2408
1711
5586
1935
2007
1760
1721
1613
1680
1716
2170
1521
1469
1403
1372
3322
1795
6104
8107
2374
2288
5556
3673
1847
2110
1730
2364
6982
2249
1666
1589
1203
1331
2045
1530
1748
1330
1124
2447
1615
1430
3155
1829
3137
2747
2720
2921
3222
1675
2075
3024
2113
2432
1828
1716
2022
1577
1461
2152
1382
1998
4042
1382
1783
1708
1583
3052
1904
2170
1193
1265
1627
1323
1521
1137
1748
1618
1345
1762
1901
2114
2183
1449
1587
2064
2305
1463
1271
12658
9096
1353
1128
1536
1365
1495
1456
1842
4306
2192
2606
1624
1431
4016
1110
1174
1702
1495
1276
1441
1773
1189
1239
1249
1575
1303
1157
1481
1295
1141
1398
1162
1247
1137
1101
1613
1622
1853
1579
7001
2974
2845
2368
2331
3316
1798
1983
3812
2920
1540
6342
5744
1716
1163
1534
1451
5446
1783
4007
1921
1619
1965
1905
1343
1553
2514
1692
1380
2564
1407
1928
2724
1498
2530
1326
1422
1556
5333
2429
1717
1485
1373
2117
2194
1544
2300
1856
1612
2079
1144
2620
1832
1534
1146
1301
1492
1563
2253
2879
1486
2279
1032
1256
2119
1750
1823
1417
1671
1211
1407
1259
1232
1160
1347
1001
1040
1752
1025
1267
1242
1258
1226
1695
1660
1352
1026
1410
1147
1199
1410
1097
1192
1224
1602
1256
1876
1284
1278
2365
4629
2168
1591
1062
1169
1125
1397
1325
1095
1218
1693
1503
1376
1250
1092
1141
1211
1215
1259
1098
1427
1108
1622
1452
1275
1480
1060
1112
1285
1109
1100
1009
1669
1545
1230
3799
1532
1409
1065
1175
1146
1084
1409
1605
1496
1223
1209
1198
1462
1227
1105
1309
1086
1072
1190
1159
1357
1502
963
1343
1596
2080
1192
1198
1405
1233
1367
1489
1360
1937
1853
1062
2800
3695
1274
1818
1446
1133
1194
1193
1292
1229
1227
1216
1761
1369
1065
1610
1504
2149
1593
1669
2128
1395
1301
1852
1553
1613
2966
1700
2451
2591
1774
1171
2562
1125
1237
1376
1008
1093
1309
1322
1110
1320
1794
2584
1431
1437
1783
1635
1111
2036
1329
1740
1511
1159
1156
1759
1258
1413
2103
1468
1879
2994
2114
3578
1802
1501
3165
1336
1729
1190
1329
1350
1339
1175
1797
1423
1123
1761
2140
1105
1526
1794
1169
1455
1555
1476
1213
2233
1125
1194
2290
1538
1278
1853
1222
1382
1873
1548
1293
1613
1428
1077
1940
1117
1307
1379
1182
1239
1305
1635
1071
1559
1472
1428
1184
1260
1409
1129
1085
1198
1453
1272
950
1163
1565
1296
1195
1168
1270
1212
1409
1404
2183
1585
1115
2465
1030
1312
1709
1262
1271
1058
1126
1204
1116
1352
1461
1279
1111
1251
1302
1111
1365
1021
1014
1442
1263
1357
1638
1340
1248
1227
1143
1279
1128
1082
1089
1348
1172
1658
1080
1371
1555
2401
5933
2486
1845
2252
1982
1935
2270
5057
1640
1518
1577
3235
1708
1258
2690
2252
1650
1997
1839
1598
2816
1864
1287
2252
1682
1468
2899
1477
1443
3067
1745
1486
2181
1465
1550
2209
1426
1561
1548
1362
2136
1583
1714
1622
1487
1814
2752
1421
1188
1614
1382
1294
1388
1179
1449
1961
1206
1945
1415
1185
1428
1204
1507
1515
1278
1215
1322
1291
1314
1875
1230
1448
1269
1411
1578
1277
2125
1786
1375
1511
1369
1485
1500
1562
1209
1284
1492
1372
1568
1407
1277
1308
1398
1467
1391
1746
1879
1268
2176
1459
1593
1482
1193
1602
1297
1364
1186
1597
1272
1179
1597
1121
1363
1244
1071
1265
1157
1159
1413
1275
2673
1311
1696
1363
1307
1291
1193
1533
1502
1326
1269
1566
1228
1201
1194
1162
1145
1290
1353
1515
1366
1286
1629
1294
1482
1399
1333
1208
1465
1221
1252
1594
1415
1227
2199
1672
1432
1637
1431
1694
1638
1298
1227
1280
1365
1746
1339
1310
1543
1283
2304
1395
1233
2077
1256
1494
1527
1327
1669
1586
1615
1828
1454
1420
1432
2212
1308
1437
1402
1344
1298
1182
1646
1667
1211
1120
1761
1366
1037
1597
1164
1412
1757
1231
1741
1183
1330
1720
1311
1787
1454
1040
1492
1842
1397
1538
1275
1337
1738
1476
1167
1990
1289
1673
2376
1732
1443
1847
1383
1705
