1374
1032
1423
1245
1953
1137
1306
1355
1221
2084
1324
1171
1032
1045
1222
1266
1105
1211
1371
1207
1218
1374
1109
1275
1123
1220
1160
1355
1296
1429
1375
1051
1150
1050
1218
1064
1364
1048
1092
1238
1377
1099
1318
1062
944
1332
1090
1389
962
1055
1113
965
1204
1150
1139
1312
1200
1213
1203
1568
1181
1460
946
1067
1252
1128
1309
1244
981
2268
1329
1237
1236
1216
1156
1127
1265
1188
1185
1059
930
1166
1110
1250
1039
1123
937
1120
1217
899
1674
1820
1259
2012
2085
1727
6613
1833
9766
1605
2712
3577
2170
2467
1315
1757
1941
1675
2393
2006
1651
1284
1539
977
1309
1080
1306
1223
1269
1284
1119
1387
956
1103
1507
1371
1659
1153
1153
1049
1282
1456
1090
1309
1274
1262
1484
1260
1188
1179
1060
1121
1233
1526
1202
2420
1064
1094
1201
1001
1411
1269
1669
944
1248
1624
1578
1272
1030
1149
1185
1054
1335
1250
1414
990
1209
1270
1206
1229
1108
1044
1292
1104
1521
997
1488
1179
1128
1258
994
1241
1064
1164
1086
1080
1249
1030
1180
1106
1212
1168
1127
1208
1317
997
1394
1380
1745
1217
1094
1016
914
1311
1054
1240
1200
1007
1223
1106
1279
1295
1109
1275
1218
1717
1114
1182
1091
970
1236
1121
1431
1290
1393
1189
1070
1311
945
1249
1355
1036
1229
1115
1213
1284
1159
1205
976
1259
1114
1147
1354
1014
1270
892
1294
1210
1137
1265
962
1234
904
994
1016
1103
1314
983
1256
992
867
1061
1097
1234
949
1133
948
1098
1023
1156
1098
941
1092
1331
1003
1073
1188
1018
1158
1085
1460
1067
1235
1761
1340
981
1164
1235
1119
1068
1389
1211
1074
1130
1137
953
1056
1173
1358
1587
1040
1415
1151
1201
1198
1119
1409
1038
1175
1242
1051
1140
1302
1133
1252
1135
1127
920
1357
1068
1015
1318
1345
1224
1120
1023
1288
1149
1275
1112
1108
1132
1120
1061
1036
1108
952
982
1299
1092
1348
1105
1084
1031
1015
1291
1204
1107
1075
1154
1405
1033
1113
1051
1126
1221
1301
1228
977
911
1395
1053
1233
988
1071
1107
1078
1167
1000
1273
1288
1241
1320
1020
1448
1323
1179
1198
1020
1036
1013
1291
1004
1181
977
1002
1098
981
1356
1133
1074
1058
1194
1180
1206
1112
1007
997
1747
1160
1939
1021
941
1333
1148
1326
1173
1314
1159
1085
1426
1220
1400
1351
978
1059
962
1328
1151
1157
1208
1330
1355
1344
1088
1165
1335
1026
1235
1106
1162
1290
1134
1634
1237
962
1455
1207
1210
1234
1283
1148
996
1297
1163
1120
1144
1000
1347
1162
1174
1031
1020
1051
1187
1321
1082
1117
1148
1290
1145
1121
1272
1128
1124
1197
1328
1351
962
1251
1502
1102
1171
1269
1216
1376
1247
1106
1693
1056
1288
1098
1296
1419
1082
1257
1217
1180
1126
1168
1028
1097
1234
1036
1064
1183
962
1166
1115
1305
1013
998
1203
1080
1218
973
1223
1085
1195
1103
1069
1128
1282
1092
970
1164
1184
943
1259
1069
1103
1158
997
1183
1147
924
1126
971
1223
1103
1318
1105
1321
954
1010
1093
1310
1187
1205
1385
1149
1142
1286
987
1283
1022
1173
1053
1117
1298
912
1357
1005
1037
1086
1094
1101
1041
1331
1243
980
1285
1101
1126
1697
1130
1016
1318
1545
1106
1418
1346
1074
1129
1031
1085
1164
1179
1105
1252
1084
1045
1059
919
1037
1153
1328
1282
1054
1292
1109
1035
1176
976
1347
980
1054
1069
918
1180
984
1150
1078
990
1144
1228
1129
1124
1278
1151
1303
1176
1139
1204
1073
991
1088
1168
1143
1080
1386
1088
1305
1112
1252
1090
894
1370
1076
2333
976
928
4475
1252
1317
1048
1144
1230
893
1422
1045
1049
1101
1177
1005
1111
1030
1023
1049
1086
1182
1056
1203
2657
1253
1216
1192
984
1203
1067
1235
1058
1347
1255
2052
1342
967
1366
1341
1080
2283
1024
1184
1005
1090
1107
1026
1136
1072
1262
1063
1359
1048
1092
1117
1144
1153
1367
1443
936
1163
1036
1118
1099
1043
1088
1241
987
1006
1110
1030
1144
980
1351
960
1330
945
1168
1045
937
1138
1085
980
1094
939
1267
1231
1078
1405
958
1344
1208
1048
1287
1144
1120
1291
1183
1110
1091
1153
1218
1152
1165
1205
1156
1217
1012
1138
1259
1125
1103
1144
954
969
1560
1063
1231
1213
956
988
954
1043
1076
1759
1008
1251
1396
1375
1162
1208
1140
1153
1320
1087
941
1048
1330
1209
1092
1156
1004
1074
962
1082
1052
1181
1279
1047
1379
1252
1323
938
972
1332
951
1290
1108
1101
1096
969
975
1089
1302
1168
1056
1156
1104
1371
949
1163
1000
983
1136
1036
1233
965
951
1345
925
1098
1040
1081
1139
1062
996
1359
1358
1173
1263
1200
1113
1324
1115
1139
1018
1131
1170
1264
1060
929
1161
1339
977
1361
971
1040
1275
1068
1146
992
931
1114
1073
1053
1081
1145
996
1019
1141
1084
1341
1543
1142
1125
931
1357
1136
1127
1379
929
2329
1054
1181
1029
1057
1103
936
1286
910
968
1012
1000
1291
1283
1310
1290
1002
1406
1069
1317
1229
1131
1042
978
1200
1097
1161
1112
881
1124
1060
1065
946
1065
1160
857
1156
1011
1227
1255
1094
1166
1091
980
1136
1015
1132
1038
1328
1084
879
1026
1040
1223
1128
1208
1058
1143
1211
1078
1259
1012
1110
1128
969
1003
1063
1143
1112
969
1123
885
1180
1141
939
1113
1002
1229
1283
1235
1209
1235
1447
1295
1320
1204
1048
1191
1333
1224
1082
1128
1278
1146
1027
893
1032
1369
1036
1259
1156
988
1265
1200
991
1056
947
1120
979
1156
1419
1190
1021
901
1299
1019
1388
1156
1011
1163
1036
1030
914
1220
874
963
1081
957
1196
991
1088
1108
1333
1081
1172
1144
885
1057
1194
