1008
1088
847
1022
927
895
831
958
961
952
1010
933
915
973
1179
1318
1120
1218
1195
1208
1140
1283
835
993
933
981
1447
849
1050
1094
875
962
895
1169
1014
1116
944
966
900
924
1251
1011
928
1144
822
1039
859
1031
882
938
1112
1009
1059
816
963
919
1051
1327
1305
933
967
820
1058
1090
1090
855
1019
1074
1040
1022
863
1057
900
1567
1853
984
1214
1282
955
1424
969
946
1539
1047
1060
1175
1034
1095
1204
954
1364
1031
915
1295
834
1262
2137
1073
1412
869
940
1353
825
1683
1555
3074
1782
1370
1923
1869
1748
1845
1654
1353
1436
1604
1475
1951
1340
1697
2003
2278
1610
7837
2049
1590
2361
1471
1398
1684
1546
1724
1596
1210
1884
1973
1492
1583
2115
1237
1368
2665
2095
2283
3404
3268
1925
2417
1544
1424
3095
1746
1479
3652
1328
1896
5428
1580
1501
1074
1273
2071
1126
1167
1491
1569
1343
1939
1336
1094
1386
1444
1375
1300
1076
1385
1139
1122
1324
1219
1178
1097
1271
1607
1130
1148
1191
1021
952
1120
1323
2376
1218
988
1146
946
1124
1226
1049
1121
883
983
979
896
960
961
1204
1031
1100
993
2286
1166
984
1628
996
1024
919
838
1339
996
1265
888
1031
1238
1365
974
971
1130
1185
1646
973
1159
1474
900
1105
893
950
1158
912
972
1402
1076
1111
1018
3653
2459
4170
1691
2015
1667
1614
1540
1968
5428
2095
1705
1997
1467
1196
1220
1042
971
1348
946
948
1169
1211
1252
1004
1086
963
1290
1277
1048
1140
1033
1170
1144
945
1043
1298
1351
988
1174
1083
1032
1153
907
1021
1043
845
876
1222
1166
877
1093
1557
1064
1042
1025
1093
969
1262
1071
1053
1030
1404
976
1020
1706
1015
881
982
934
990
922
947
1177
835
917
838
969
937
903
941
948
996
991
989
1031
1049
968
889
997
947
943
1260
862
963
983
1308
1051
1022
990
1847
930
1198
996
1040
1564
1083
868
1248
1058
1061
980
1135
1326
899
957
1028
1191
1030
1403
935
1376
1012
1076
1388
1064
1001
1285
1389
1384
1000
1068
952
1175
950
898
1109
1083
1274
1141
890
973
1169
1141
1128
1014
1242
1076
1265
1148
995
1127
955
972
835
994
999
1064
944
994
787
921
984
824
995
961
939
793
795
960
948
996
1020
974
857
881
1001
908
1225
951
875
971
800
1011
953
863
952
772
875
958
1190
1249
1272
882
999
964
1089
1327
841
1170
1008
1023
888
1047
849
982
849
1009
853
1004
948
1118
1032
900
880
1000
1465
1082
1162
1085
1200
1149
1032
1313
1700
905
907
852
1214
1153
173958
1131
1371
1261
1422
1649
1461
1200
1070
1077
1253
1060
1205
1052
1093
1195
1003
1264
1096
1352
1109
1031
1117
1008
1345
1247
1063
1200
1261
1085
1102
1065
1067
1097
1021
928
1091
967
999
1101
968
1221
1034
961
1053
1031
1227
962
833
949
984
882
867
1075
849
884
1070
856
890
833
1167
1058
1001
961
932
1140
838
1075
1170
907
1075
887
1070
901
964
1016
1344
1533
988
937
883
899
1169
868
1225
1045
1033
915
841
1020
872
845
852
845
1121
1017
962
833
1034
1059
967
930
1284
1342
1014
1127
1091
876
990
938
897
1082
804
969
1595
845
909
856
1063
938
941
1078
1045
1007
926
1051
1162
1041
1219
1038
1212
997
989
1191
1044
1048
988
1212
1434
1007
1151
1570
1286
1013
1144
1002
1104
1223
1278
1254
1672
1320
1328
1085
1250
1167
930
967
1009
1218
1237
1515
1051
1192
1565
1126
1435
1134
1136
1563
1439
1810
1893
1860
2457
1729
1549
1793
2278
1886
4659
1921
1947
1785
2175
1652
1851
1444
1782
1837
1678
1559
2062
2502
2394
1736
2085
2289
1856
1787
2448
1784
2611
1388
5854
1881
1923
1969
1731
2332
3126
1511
1763
1336
1669
1585
1164
1242
1319
1548
1075
1193
1573
1077
1306
1809
1282
2009
1382
1327
1269
1423
1071
1368
1099
1202
2081
966
1130
1157
1121
1111
934
1229
1216
974
1053
1014
1192
1088
876
1082
992
1124
960
1297
1332
1054
1194
1205
1274
1045
1158
1399
1079
1152
1013
922
1001
1204
957
1275
1138
1072
1430
1119
983
1489
1214
1339
1202
886
1481
931
2076
902
1182
948
1135
1156
1119
1143
982
1211
1003
1315
1373
1089
1078
1629
1919
1973
1859
1638
2102
1450
1637
960
1408
2030
1198
1313
1785
1205
1494
2145
1029
1573
1072
1065
2626
961
1018
1748
1291
1024
1663
1060
1073
1048
1202
1274
1183
1328
1259
1332
1011
1168
1201
1163
1159
1144
981
1118
1086
1138
991
1585
1045
1334
1087
945
1023
1031
1009
961
1237
1022
939
1098
1042
1023
964
832
1217
1026
1182
917
973
1223
964
915
1125
1094
1113
1008
1086
872
933
1013
783
843
930
840
871
820
952
875
1102
856
996
828
826
1184
1142
988
1065
957
933
1068
1158
920
820
885
806
1016
831
1165
972
964
1007
1032
1028
1118
867
1036
806
888
785
953
1145
849
846
969
922
1260
1144
1133
955
1080
975
907
1010
812
1110
748
1099
881
1139
896
927
1059
963
1080
1087
896
1012
945
913
1012
966
1158
950
961
944
812
1134
1059
1074
1137
997
986
1106
1529
1041
1029
1235
924
1289
2063
1121
1150
906
1185
1040
952
1332
1708
913
1154
2040
1386
1844
1092
1114
1532
922
1128
1293
1135
931
1332
1089
980
997
1071
1441
1158
1094
1180
989
1072
1207
926
1337
1107
971
1097
1026
1089
1187
1068
941
2178
1069
1019
1008
1044
1101
1078
1140
1359
994
1025
1068
979
