1192
975
1095
820
971
839
1011
973
1003
1046
992
1208
896
864
969
797
832
959
959
851
886
1138
912
984
839
892
976
885
888
766
809
939
733
853
944
935
881
889
912
884
935
869
870
785
901
1028
1064
1051
1032
860
1170
1174
864
1017
915
1207
1003
846
762
1026
1002
1052
1209
1032
850
930
967
851
1087
845
736
960
861
957
1027
782
939
799
906
1008
848
887
813
1077
960
931
874
1012
1111
1404
1178
831
1070
867
903
1037
1371
936
1200
897
1074
1041
982
906
720
877
851
1029
1071
883
989
812
875
991
1010
925
1097
1045
878
947
965
847
964
1008
929
1016
1019
829
825
860
1029
1011
1101
880
934
1106
1198
870
875
928
722
807
959
944
893
780
1321
1001
1195
1184
1124
1037
1081
1072
1147
964
931
1005
1253
1002
1054
836
1040
806
1252
1064
853
914
1002
1046
889
837
995
835
979
812
1188
1087
902
859
749
1006
967
931
916
750
916
1040
876
789
1004
969
814
972
897
1003
997
993
838
1083
890
827
1171
1213
892
1220
1033
841
1081
875
1062
843
1027
818
1130
964
883
979
887
951
860
1046
789
903
1036
986
873
1151
777
1008
1091
934
995
949
1027
954
1016
991
942
809
750
778
934
987
755
977
895
785
994
806
836
983
905
900
965
1298
827
969
845
988
897
894
912
867
849
937
789
895
877
1002
832
820
854
841
2040
731
878
889
1096
982
797
916
967
1101
915
1013
1180
1035
1290
1192
902
1061
1423
1036
1159
1442
1139
1160
1257
876
1010
885
924
1197
767
1484
1012
832
901
731
1019
818
928
1023
1032
1015
799
820
746
727
818
910
809
983
891
926
799
1057
1030
1153
1274
1175
1011
1194
1162
923
1014
901
1069
992
851
799
841
871
1077
994
983
1106
832
875
987
840
969
804
837
864
953
1120
840
991
928
789
913
941
928
940
1218
874
920
932
923
760
1116
1084
1043
1194
878
948
1179
1141
886
751
792
1005
830
885
1034
814
888
786
1067
813
920
1131
1037
807
1091
1023
921
1050
1052
1073
944
884
1112
856
890
1084
864
1032
844
1099
993
927
982
908
861
926
876
968
859
1082
1162
1122
1140
1043
886
860
926
931
1027
955
775
875
867
841
947
903
1000
849
872
970
1012
969
954
926
1117
894
916
1045
981
878
761
858
869
848
921
1137
870
955
1364
2514
1256
1316
1064
919
861
798
888
853
946
874
963
735
1018
904
758
779
889
991
898
854
971
701
1013
908
1064
877
949
878
877
1088
1047
1006
1024
1048
949
788
963
853
976
1034
921
1005
1108
1066
900
858
1050
969
946
945
777
920
928
908
922
780
1034
1069
1020
965
960
1027
1020
837
900
829
899
933
1037
762
1051
937
1023
897
1163
992
856
895
1066
994
909
826
841
886
894
798
817
942
864
868
934
981
869
766
875
1022
951
852
923
941
955
931
768
1124
1042
821
971
1111
900
965
932
805
1024
1030
1041
1029
782
739
966
916
979
787
1044
770
811
1021
1246
854
1298
1090
955
845
1373
1027
1012
1084
890
1110
891
1224
848
766
1252
871
1017
938
1056
938
814
847
971
1023
946
1025
1306
1057
1174
1012
1078
779
854
1139
1039
1035
1109
810
839
963
1110
1076
1117
923
901
926
787
873
1029
892
1044
950
1200
926
939
770
896
923
945
1059
992
789
882
904
1116
827
1087
858
837
1055
936
1041
1065
1034
1059
918
927
861
1068
791
1109
825
1089
1056
1024
1000
854
780
791
837
1009
952
990
1016
799
1178
1083
1028
975
1192
945
819
1042
840
875
883
962
907
807
879
1275
1034
863
1083
930
763
831
804
1024
825
886
717
886
808
780
937
753
993
899
903
886
1072
1112
923
1017
762
885
845
868
913
904
888
817
959
899
871
872
783
923
922
992
958
946
1092
917
812
881
893
799
788
1134
895
1162
1017
1084
1026
1222
902
830
983
826
1194
971
726
889
809
960
824
1003
1024
829
1163
827
810
901
960
1036
827
986
937
927
944
772
1121
847
1139
818
1051
954
1126
1285
2527
893
860
921
1167
1242
1176
889
988
964
936
980
916
814
982
964
884
960
979
844
1038
892
884
796
978
1061
1094
887
991
1109
975
856
1391
751
980
850
923
940
961
866
835
1068
948
924
787
1012
784
987
914
1102
877
921
924
971
788
796
796
906
1091
946
1100
919
931
890
990
795
871
914
800
843
852
965
930
990
842
869
950
824
961
901
849
745
865
936
859
1047
938
963
888
803
1072
974
1105
1786
778
819
1017
1039
964
1060
811
733
860
929
968
816
778
728
861
895
735
1021
718
1025
1165
1111
904
958
950
1061
1292
1039
1146
1029
803
933
933
1045
877
937
1187
1001
998
1039
943
1008
1079
1265
1098
1151
1102
1357
1156
1204
967
1014
1016
833
980
1005
1160
1048
830
808
895
1045
935
1076
919
1352
1117
1217
887
961
976
1010
1300
1000
1216
1104
959
1015
1021
989
1086
1077
910
1103
1019
1303
1076
889
886
863
890
754
1162
944
840
966
922
875
1080
1038
1010
1055
1019
940
984
997
1135
766
934
876
759
1080
893
1072
1011
