1331
903
878
1015
1016
917
1011
1289
1018
1076
1066
1069
847
1042
905
1089
972
828
795
798
1134
864
1151
914
795
1014
1050
973
793
917
858
998
1106
1050
1219
1005
926
817
931
925
986
1115
1096
847
856
998
1104
918
945
950
916
861
860
1029
831
949
1084
927
1157
1048
908
930
1010
949
933
1038
833
930
959
1087
833
954
1108
1009
855
764
973
1049
1108
1192
1078
947
900
949
1453
1025
982
934
716
955
720
882
944
962
853
891
1194
956
928
811
951
963
977
919
871
1047
813
1080
1139
782
888
911
879
961
1048
883
1008
901
1129
958
933
895
938
791
1001
753
933
813
879
1147
1324
860
848
1376
931
1080
998
827
910
978
782
1026
816
932
897
821
977
832
942
746
985
1050
959
1010
849
1100
813
1251
990
862
837
1030
820
935
947
1090
1108
811
781
880
912
888
820
793
755
784
1026
957
1145
907
906
1188
915
904
960
1120
1091
1073
1403
1007
2999
950
832
1082
896
961
962
908
1025
785
890
923
991
1012
1115
842
1097
895
924
792
1026
844
865
968
804
885
902
907
863
928
1070
899
979
1039
925
755
850
1025
1074
826
832
1214
1084
786
860
746
929
983
822
872
1109
1008
1191
859
828
844
901
894
801
863
878
807
884
899
932
983
932
930
857
883
883
970
817
805
854
893
979
844
791
804
896
793
847
995
847
944
1029
1010
1054
835
1003
1030
1308
1131
947
879
1020
858
1118
973
968
1032
824
819
828
828
880
944
777
850
867
936
880
933
1424
1043
1325
1002
1266
1103
1250
1133
1023
893
1097
853
1344
1066
1064
1126
1140
857
967
886
1002
1016
933
875
967
1126
946
1164
991
882
1045
1068
979
934
1092
972
817
1237
1076
854
783
966
874
1117
1105
1151
1010
1010
806
1139
1107
1177
1039
1043
1018
1031
1799
1256
1253
1116
922
1049
901
721
855
922
877
987
1069
1017
874
1006
915
972
1244
969
1033
1039
1042
1450
1082
1040
974
1274
1349
1264
862
991
1016
1070
939
990
1013
795
784
946
779
968
879
889
1067
984
1425
989
977
871
978
963
756
969
1231
1325
1031
842
916
898
797
725
723
864
793
822
851
900
1066
812
887
933
841
751
960
818
720
943
880
952
976
830
1015
1118
1049
996
1041
1120
961
1297
976
1069
982
871
874
1011
968
903
973
910
849
910
858
931
934
775
1015
703
899
1058
1066
966
941
814
864
868
948
823
848
1256
951
1252
992
836
872
934
951
858
1017
1001
1020
795
857
884
1335
879
1132
994
739
947
1001
993
935
828
941
816
1067
846
933
977
881
1020
1006
1074
818
814
875
773
903
838
869
999
714
836
1029
1077
812
765
1070
764
1021
1020
958
1049
851
978
996
881
936
1073
980
926
845
710
810
788
985
1018
970
970
823
771
969
995
1221
920
855
930
1019
1043
841
1022
1177
1009
1138
1024
1265
1375
764
896
778
975
925
893
1364
1070
1001
783
1012
970
998
1105
1175
1010
1027
1016
905
871
1036
926
1218
1026
838
966
870
1118
997
1067
1048
1147
1020
929
912
1071
874
902
833
1175
1169
924
990
856
1245
899
1380
918
1160
876
1070
1060
926
1013
1218
1089
957
1130
959
989
945
1083
794
922
875
1065
1035
949
937
900
1027
868
1133
938
831
892
1082
921
810
1185
1115
1101
1081
848
932
965
937
1221
873
1093
831
815
1025
988
868
1162
944
944
854
922
911
1150
861
1035
978
929
963
908
895
866
1113
842
953
1081
1166
1165
988
895
893
1007
941
932
919
923
854
1470
955
906
1053
897
800
1027
900
759
879
846
1333
916
946
1014
992
1030
858
1083
919
832
1010
891
864
1050
910
981
919
839
918
1016
931
752
1017
1036
718
949
905
839
770
883
899
883
955
971
1058
969
1159
930
952
1202
792
845
999
988
1010
782
923
797
1074
879
977
971
953
1038
944
1057
1079
1067
1102
861
937
1013
729
943
742
1091
1066
1330
953
911
1057
899
1097
952
794
909
1001
907
922
852
857
978
985
965
959
878
1075
987
966
840
839
886
1021
794
1282
1342
1071
995
1325
911
861
1048
844
852
905
1087
1157
918
1076
935
905
910
912
903
796
887
1068
928
970
863
873
780
1001
901
825
1038
865
1045
973
903
1378
1201
1132
985
1040
1090
902
888
1383
2315
878
1245
1107
1004
1023
1061
1675
1787
933
968
1349
899
1452
1059
849
1283
883
861
1768
1230
1232
922
966
1333
1099
897
1638
935
934
1571
1098
1030
900
1104
1354
1066
1028
1932
1159
1543
834
1036
1350
1078
839
1764
830
1143
1039
985
1320
1310
865
1491
1046
1040
1622
1272
1127
938
1507
1855
1130
1650
2215
1015
1176
2142
990
1097
882
879
1057
1130
1100
1773
1091
878
1114
1170
986
1296
854
1236
1128
939
2314
863
974
862
1104
1163
1198
1101
2014
924
916
2029
922
932
1078
1185
1590
1010
1300
1853
1269
1751
1563
1753
2148
1440
1112
1804
939
1035
1984
912
1087
1127
1024
1670
1026
1357
1718
1053
1018
1655
898
950
914
951
1283
965
840
1601
783
1095
2674
1105
1075
1051
1049
1526
1002
1201
2701
920
934
2795
981
1624
1065
1161
2340
812
