1157
1013
944
847
862
939
1094
1031
968
862
929
1108
930
908
878
799
984
822
1185
1077
773
1008
771
919
758
813
805
764
996
831
892
916
861
962
1057
1125
829
938
932
915
1048
863
1012
888
1000
820
942
852
777
902
1241
836
805
913
943
955
930
999
1054
853
1108
1111
837
799
851
1027
1021
934
977
908
925
1002
920
1069
987
1051
1029
895
1163
1082
1184
1040
1075
939
978
934
1227
993
937
1008
1126
1055
1388
951
967
1140
1233
1264
840
839
982
1127
1149
1127
1135
1010
1004
1250
1083
1214
1025
1094
1111
952
982
820
1017
761
867
1055
920
876
902
992
778
925
822
827
940
834
921
841
903
1049
881
1080
969
1003
954
1016
999
1166
1606
1238
1042
1113
932
964
990
910
1174
917
847
922
978
880
895
998
992
946
980
897
1085
784
856
914
923
996
796
1070
783
1134
851
921
835
1038
878
811
1161
761
751
886
930
992
872
852
1027
950
816
833
886
1039
993
1251
1025
921
1081
922
842
759
1030
946
920
1050
799
1014
965
1079
987
995
1008
815
1147
829
955
978
991
1125
868
938
1124
905
1032
1103
950
962
881
940
793
983
888
930
965
789
800
884
1021
950
902
1190
928
1018
823
993
844
828
1007
848
941
832
873
841
844
872
765
1109
893
875
1130
954
1121
936
827
1010
883
976
974
853
818
1011
1041
1012
1016
807
923
952
891
1067
765
1014
921
979
882
968
1679
983
777
968
809
1083
863
1002
1153
974
1003
874
881
941
869
1026
951
1103
1018
1044
967
909
989
941
1013
1099
839
972
1020
1126
926
856
957
756
889
1034
1191
816
801
965
938
871
753
864
851
979
1021
786
1014
1001
911
969
931
979
980
920
911
1081
860
926
2006
908
896
823
987
1011
783
1071
1049
815
1067
806
878
893
755
1094
1046
976
882
868
952
982
931
781
1042
923
882
1077
942
1142
916
923
1023
1104
1039
1078
1074
1278
968
1000
976
1178
993
1054
940
901
803
946
931
938
803
884
963
862
1063
950
931
1031
1045
781
858
867
935
1108
964
993
1028
915
939
893
894
936
890
1078
1038
1184
954
898
1042
1004
1165
946
888
975
867
998
817
1092
944
851
1183
988
1245
1211
1301
1188
965
1006
810
868
795
984
841
772
953
931
892
916
839
937
981
969
790
951
892
745
939
783
950
989
1135
985
840
988
862
1059
1016
996
820
915
973
984
859
1077
851
944
1067
1004
1090
906
908
985
1072
969
964
1026
1023
860
1089
1020
1172
1041
1059
956
900
1134
1065
826
1171
1005
940
1041
926
1240
948
1029
999
847
956
943
1109
905
951
907
881
1078
840
1161
809
960
1128
811
1035
938
963
1167
939
946
1051
1209
893
930
985
840
945
1046
1180
1037
1087
1014
879
986
1019
1056
1038
1151
1141
994
982
900
843
807
1135
1015
955
963
883
1054
811
1038
1259
826
949
970
1129
889
1036
1035
1173
1168
1424
1693
1035
2475
899
1651
2638
1071
2541
3295
1266
2401
3455
1345
1406
2116
1006
1191
1385
1025
963
1100
986
1379
1077
991
957
966
1013
1185
906
1098
1099
997
1071
1082
880
981
1051
1067
1147
1207
1250
1080
909
1146
892
1419
1193
2060
2447
1664
1892
2170
1159
1649
1356
1387
1568
1207
2093
1393
1410
2401
1679
1361
1818
2416
1672
1853
1150
1247
1802
1111
1448
1166
1220
1230
1315
1103
1276
1071
1222
1197
1391
1089
1009
1289
917
1330
975
1143
950
1098
970
1073
1354
1358
1324
1031
1114
1084
807
1063
1127
1113
1214
1239
1062
1241
1011
1032
1263
962
818
920
959
947
1012
958
906
1059
986
958
1421
928
1004
1064
831
973
831
1032
1072
952
956
967
915
1025
1245
906
858
886
981
910
1009
965
841
905
915
1044
1028
981
1056
1014
1054
921
924
876
844
1069
971
1040
1074
886
962
1079
1026
1233
871
1087
865
809
1037
1010
1147
1295
1044
1055
996
860
1019
908
971
1185
878
854
1062
995
1202
897
821
1009
844
1147
989
1181
806
887
925
1106
917
975
1177
968
1032
1162
848
952
972
874
1346
969
910
1133
919
1134
1141
1109
1192
878
1128
1022
946
981
1122
956
1090
1178
1009
847
971
997
930
1081
1078
1092
1004
1196
1066
926
1216
1017
1025
868
924
911
846
863
784
810
864
919
963
868
1084
844
969
1186
1055
898
926
889
1009
823
854
823
909
936
861
953
815
970
1000
780
840
961
1014
938
876
880
816
879
908
828
777
835
803
935
811
977
998
931
900
954
1096
847
919
789
1018
837
1134
986
754
883
1257
955
985
899
828
957
1098
942
1115
974
810
1014
789
910
1083
1205
1191
1053
1059
952
922
955
938
831
809
930
1403
1188
970
1002
895
841
935
947
850
1228
1009
926
1203
1033
860
882
1243
911
788
900
937
1240
1003
996
1185
860
912
807
938
849
930
1048
831
1064
1092
828
945
883
951
831
1018
1228
828
1239
891
1040
759
851
984
926
957
934
991
890
799
1120
1225
1004
991
815
1193
842
1125
1040
927
994
892
858
840
990
1080
1038
980
805
917
793
773
972
1005
966
1058
929
821
1068
975
793
831
1062
1001
1062
922
846
821
990
954
787
