2288
10933
2832
2284
9636
1568
5488
1981
2135
7083
1297
1637
1483
1739
1177
1239
1196
1346
1660
1027
1487
1572
1049
1983
1225
1829
1077
1440
1715
2529
1449
1554
3224
1567
1376
1346
1092
1678
1145
1226
1893
1043
1147
902
1116
1089
976
1103
1473
1267
1112
1577
1076
1108
1153
1120
1132
1004
893
874
826
965
928
1344
1086
917
1198
1366
1402
1060
993
1905
1723
1465
1027
1152
927
980
977
885
988
1208
960
873
1017
976
968
1070
845
1110
896
1123
968
956
1103
1139
814
1020
845
970
916
763
1137
993
1139
1086
970
1163
1142
1097
894
1037
929
1032
948
982
926
1046
1125
845
985
1287
1038
1348
2159
1024
1546
3327
1624
1579
1294
1092
1383
1002
1145
1945
1178
1405
2887
936
1373
1328
1295
1262
2453
1318
1229
1403
1227
1174
1053
1016
1421
1250
1348
1078
1042
1270
1137
1178
1273
1087
1153
924
1129
1161
1076
1221
1109
901
985
1129
1081
1090
1255
900
898
1057
1120
1028
1087
1200
961
1135
988
994
1109
912
1140
976
764
1283
1057
903
901
1030
1140
1003
1400
1041
1389
1001
1034
1077
807
1114
923
1033
1001
904
924
950
1003
1295
838
959
774
1035
1015
965
916
745
1007
901
926
943
915
1048
846
1026
1096
829
1086
927
790
879
957
847
833
981
1220
1922
1079
1123
847
1032
1224
952
1196
2009
1134
1094
1398
1044
1024
1153
948
1557
1203
1085
2855
1005
996
1116
1064
1102
972
1090
1090
929
957
987
1116
1170
1057
1004
1260
1108
1086
1275
1083
1060
969
935
1103
1075
1206
1213
1003
1089
998
1325
961
1045
1214
904
1065
1175
1067
1301
1315
1247
1173
1134
1393
1272
1259
1155
1261
1098
1017
889
896
1100
913
937
1011
839
1203
1234
922
899
1206
1047
1130
944
923
869
1036
1005
1132
964
1059
832
982
1027
944
945
898
909
1132
1514
955
1017
1079
938
1087
856
1038
1354
1027
876
1041
1127
1054
890
861
1012
810
1236
1072
970
968
980
892
967
1049
981
917
985
973
1001
829
962
793
955
773
831
969
1001
1068
897
1687
1547
1382
941
897
1257
801
883
1026
888
917
921
1305
971
830
1268
1003
931
968
916
910
863
868
836
931
1051
1060
1011
1044
1228
858
1059
844
964
1064
1059
1071
958
1027
841
881
946
942
972
1077
899
1063
837
897
977
10122
1456
1215
1007
943
1131
932
1005
1033
1071
1211
909
864
943
868
852
828
1014
925
1196
915
941
817
1078
1067
1003
917
939
1229
976
797
800
940
976
1008
864
1103
1097
905
833
1041
853
992
792
861
932
950
889
927
1292
892
1230
1063
891
1089
1066
1008
959
795
1110
943
923
828
1095
916
953
866
865
905
1022
887
1270
1069
980
866
852
944
1124
951
986
1170
922
1028
811
977
878
860
1844
1220
797
1193
918
896
1006
860
977
952
1087
1049
1056
891
948
792
843
895
1014
847
1121
1042
968
927
976
948
1019
1053
947
875
982
1007
1061
785
1016
986
943
920
918
783
889
1005
920
1037
1011
848
991
817
1036
1109
1222
1110
1125
1019
858
924
1015
1071
932
776
841
1072
860
931
955
840
928
1250
1095
1152
1171
975
919
975
1001
887
1171
1136
1130
964
765
1033
800
997
878
994
1174
710
975
912
1039
1386
793
915
946
835
817
1003
916
785
1089
938
872
1033
1226
907
973
984
957
1122
973
722
917
879
1174
888
1012
934
916
1060
987
1024
892
929
832
913
1071
793
1007
962
1029
886
885
1012
1055
904
998
1025
958
1034
1166
968
1003
933
931
913
904
1214
920
1029
1022
997
923
1023
939
910
781
1052
900
856
826
913
983
802
828
989
871
1056
938
1042
932
965
867
856
918
747
1051
942
975
1015
879
804
1031
1018
1123
1100
1237
997
1077
1170
919
967
927
821
795
819
841
1076
905
1022
866
1253
985
784
1113
938
1160
749
938
889
953
969
808
847
1036
1026
1064
957
1071
844
833
831
847
1027
990
888
1061
1036
956
834
1190
846
936
969
911
998
962
819
872
1008
820
831
902
913
801
1084
852
974
849
934
898
978
1023
918
1131
1392
1040
1034
1033
955
991
1149
1150
1002
1028
940
845
945
1224
1296
1219
970
858
1130
1223
774
993
1024
1189
1171
1352
866
1418
1159
1009
898
1068
1240
1079
1092
855
830
906
883
742
764
911
1028
1060
829
909
848
922
1043
1087
1049
915
1105
1051
1069
958
790
751
1036
787
900
988
861
930
803
1082
838
1068
1062
1080
1036
977
1002
1002
995
943
941
911
1022
1058
784
823
1054
1034
916
1072
862
1120
859
1002
1000
989
763
910
811
773
907
920
833
832
924
971
909
928
955
866
1052
955
865
904
766
1017
976
914
970
1028
863
961
896
736
1015
887
850
1017
956
1119
817
935
889
756
828
832
887
965
849
1089
997
981
1032
1051
931
795
1166
872
913
1128
1049
1075
897
777
1009
1107
910
763
883
868
924
940
1032
927
991
991
914
953
1057
1019
1256
1134
1011
1078
835
1129
825
947
1053
948
945
866
782
967
959
918
1004
821
923
858
841
936
1055
843
978
884
1029
1010
974
908
1057
1121
1041
837
918
1086
931
1001
922
974
1070
951
797
837
1036
927
807
1057
1114
921
866
935
1005
1115
1079
847
1260
954
928
994
