1281
924
1136
807
879
1044
1064
930
1224
973
862
1022
864
981
1051
991
927
754
960
1011
881
862
913
935
846
821
972
872
845
789
1005
786
901
841
782
943
877
871
893
1008
929
1004
946
1040
1027
904
798
947
847
916
807
785
817
1055
1172
1005
955
1002
964
893
1061
1058
989
1020
987
799
989
987
1002
948
861
1042
871
878
794
1028
1006
790
862
927
1105
1097
976
906
963
881
914
833
863
1023
1041
1036
874
1074
735
2423
1154
910
897
783
1002
870
1026
1348
1255
1221
927
1024
873
802
994
801
889
808
1065
898
1078
965
983
989
835
920
960
915
831
944
834
986
891
783
925
912
952
799
973
1178
993
977
1503
812
1036
1032
876
1040
831
837
1104
895
1094
1151
920
1147
903
1132
786
934
866
827
823
910
1050
849
839
888
976
937
1057
993
1030
866
917
911
1117
841
838
1005
825
817
892
1020
940
922
964
948
1047
793
958
971
950
840
827
912
983
1067
1047
942
892
891
719
881
900
841
863
791
852
802
985
943
1085
888
984
1164
933
995
890
1033
1244
821
827
795
1021
938
972
981
973
983
923
1060
915
968
918
828
779
875
941
934
934
1168
1182
1245
904
811
906
805
799
925
997
1252
1047
1115
797
819
977
862
869
998
900
912
952
853
938
943
1070
1021
1096
1144
1258
1052
1253
1005
1665
1175
1035
970
1023
833
855
791
760
1071
896
1276
1139
1091
914
848
1047
887
958
995
1074
1333
879
1024
946
880
943
970
907
1251
1350
1172
1005
1126
816
1035
938
900
1088
1016
1040
1002
937
1128
829
1148
942
1348
956
736
925
965
886
975
990
980
832
993
823
907
775
964
1015
882
859
1005
958
915
873
1040
822
1752
801
839
793
805
1137
1017
1059
866
844
880
1020
983
833
1063
1036
1026
1036
1068
803
1044
820
914
888
818
880
813
1140
1085
1305
1074
1028
1063
978
1170
1062
1052
1126
1500
1192
950
887
953
845
830
932
1034
839
963
871
897
1077
864
1156
928
919
922
791
956
822
926
1001
842
860
741
952
932
1004
988
930
1118
942
1012
1005
920
785
963
953
858
896
1032
928
904
1091
960
891
976
888
970
1035
1124
1057
915
1014
966
921
982
1052
932
990
1151
888
910
1079
967
1073
955
955
963
928
895
794
1081
820
1158
886
1134
1101
1045
1045
785
898
999
898
804
1021
999
856
1090
802
1051
811
741
982
777
877
1229
896
1461
1007
871
896
993
798
1098
967
879
1037
969
821
3574
1037
818
1053
980
889
883
976
758
881
977
1065
902
970
1029
926
834
893
987
983
1050
854
845
800
1044
894
812
817
799
911
835
1108
927
886
908
1126
936
867
935
910
883
1044
920
836
852
1066
1266
1315
1260
776
962
872
789
1115
795
886
777
769
956
941
1109
1033
835
983
824
1029
915
863
863
881
1063
985
987
988
1008
729
929
1036
956
1163
798
827
799
884
1231
869
1036
823
1113
1158
1053
1122
914
1159
820
855
926
913
966
930
926
835
809
996
851
1054
928
870
906
952
1009
1034
1097
925
994
949
793
913
947
1037
1017
959
849
883
865
966
823
844
931
856
1117
813
989
835
799
857
833
813
1080
837
862
895
953
1045
1052
1057
852
940
961
787
1114
1026
996
811
743
782
930
902
917
843
801
1052
1098
895
973
882
1182
1028
857
950
981
1059
1058
870
1066
1145
981
982
1074
979
866
2430
1039
1195
954
1048
735
1189
918
847
845
925
844
769
920
1080
899
1087
801
761
840
959
1016
1047
864
889
787
964
934
1031
1131
1101
1051
1046
1076
1003
1211
1039
1009
928
1031
952
822
916
948
893
806
1008
991
978
1264
1001
942
1152
986
1090
882
844
1024
988
1180
902
987
813
1014
952
825
1060
801
861
983
938
1142
1267
1065
912
873
1145
1081
1368
1136
911
914
1095
955
1079
1157
1213
1189
1060
923
907
805
1049
942
821
978
830
879
906
916
1188
848
842
818
943
920
848
768
1077
914
946
1148
1065
977
989
948
996
1122
1188
762
1057
817
838
803
814
962
842
961
844
889
925
947
1084
845
977
1059
820
1152
1014
1092
1023
939
1131
1091
1043
898
977
860
1028
1002
1178
1383
1075
918
821
1320
1229
1444
1178
1233
1127
1362
1070
1106
907
935
997
977
935
1287
1030
983
999
1324
1004
1177
1181
939
1368
811
877
967
919
992
790
1029
1061
1031
967
1182
791
835
851
874
989
958
910
1386
1086
950
942
925
969
1119
1035
911
1328
1843
1141
985
861
1338
1215
1257
1064
896
887
965
1016
1256
1122
1006
935
1146
1008
1285
1044
1267
1148
870
1077
1041
1488
1193
887
974
1018
1166
926
861
1067
824
1043
1045
1884
1906
2103
1889
2689
1738
1475
1975
1137
1412
1711
1011
1664
943
1436
1192
957
1464
1207
1180
1439
1277
1206
1232
1552
1203
1822
1314
1005
1158
1034
1168
966
1088
1261
1113
1160
1114
940
1148
1047
1027
997
1047
936
1096
1251
1045
1439
887
999
1147
907
1050
1028
1024
1153
895
944
1173
2025
1497
1059
1101
1030
1370
1083
1308
1061
1058
1237
939
1176
1106
1023
1432
979
1242
1280
1138
898
1001
1065
963
