1257
992
1122
922
1107
975
1158
1002
984
1164
1010
858
1296
1003
1044
1066
1197
1176
1304
1036
1114
1379
913
1044
1096
1205
1198
1020
1040
1238
1026
981
1087
1197
990
1132
942
996
1080
1017
1118
903
1117
1177
1023
1064
1084
1067
1092
1020
1095
916
1134
1040
961
1082
1151
1077
1137
989
976
934
1092
1011
1091
1011
879
1107
1004
1260
1038
963
1054
975
1128
1055
1003
1186
1008
1073
997
1028
871
896
1112
937
1053
1064
1155
993
1403
1105
1115
1156
944
1682
1833
1150
1151
1196
1128
901
1053
1095
1016
1011
1050
1123
1117
1020
1072
968
1066
1029
1105
1030
930
1109
886
1091
1000
1045
1665
1124
1123
1030
1075
1040
910
1157
898
1144
1248
1110
871
989
956
1088
1160
1000
1108
1114
1117
1202
1384
1226
1235
3664
1362
1393
1608
1120
1992
999
1111
2578
1116
1142
2020
1060
1590
1058
1016
1429
1011
1011
1482
1310
1158
1070
1249
1112
1529
2118
3301
1132
1113
2638
1144
1080
987
1110
1172
1079
1127
942
1273
976
990
1486
1121
2390
1007
1206
1389
889
1358
1403
1143
1548
1516
2161
1318
1234
2878
956
1532
2249
1239
1163
1293
1184
1092
1206
1030
1718
1125
1132
1182
1037
1294
1163
1152
1480
1176
1095
963
1220
1094
1112
1076
1247
1130
1036
1353
1133
1058
1080
1001
1034
1298
1026
1658
1111
1105
998
986
1204
1050
1240
1692
1027
1162
1190
1212
1068
1073
1171
1368
988
1009
1259
1155
1180
993
1089
1467
1084
1140
1633
1102
1240
998
1181
1416
1099
1067
1582
1050
1068
1145
1036
1054
990
1125
1130
1044
1034
949
1041
1036
938
1163
1024
1151
982
893
1219
1206
1012
1048
1168
1001
1060
1108
993
1004
1092
867
1059
970
1040
942
1011
1158
1197
1312
1046
1001
1100
1069
992
919
1037
985
1014
1133
939
1143
916
921
1091
1051
1010
1205
1114
987
842
1133
1010
1246
1001
952
894
948
984
1063
1147
988
983
1305
907
1006
1181
982
1081
1170
1080
1133
1041
1110
988
1236
1269
1246
1063
1118
1236
1392
1102
1006
942
898
829
1153
915
947
977
902
983
1041
1157
1027
1012
1100
816
1081
1217
1167
1076
1107
1058
1003
1190
899
1059
1046
922
1112
1130
1076
937
1166
1242
1180
1305
993
1079
1008
972
1069
1071
1123
922
1238
1082
920
1015
934
1124
1189
1124
1230
1337
974
1051
996
1112
1065
1190
974
1100
1173
1120
1263
997
972
895
884
939
1119
1048
915
1131
1135
1191
1010
1100
1048
1124
988
1132
1051
1085
1048
1067
1228
935
1165
1212
968
1098
972
1103
1012
976
1216
1173
1147
1041
1235
1058
1012
1075
1040
1185
965
970
1060
1018
1117
912
986
1029
1113
921
913
1138
912
1189
1243
1306
978
1056
1234
1066
1084
1262
1103
1234
1061
1110
1343
1093
1083
1195
1164
1117
1010
1096
1051
1063
989
1231
1115
1223
1108
1219
946
1075
1324
1156
1071
1072
1231
1187
1223
1132
993
1203
1114
1082
1080
944
1106
870
1134
994
1109
1122
1026
1219
1115
967
1094
1044
1143
1053
1353
969
1118
1021
988
1119
1120
1176
1422
1481
1021
1366
1391
1206
1281
1099
1212
1150
1014
1123
1264
1332
1265
1220
1053
1581
1439
1748
1248
1048
1029
1046
955
1225
961
1086
1042
1106
1175
1002
1080
1040
1753
1230
1219
1312
1100
1086
1169
1238
1036
1023
1139
940
1034
1067
1088
1103
977
1145
982
1076
1067
1080
1017
970
1051
1011
1181
983
1055
1291
990
1199
986
1027
872
1006
1053
936
938
1009
1009
926
1015
967
1025
1131
925
1148
933
1062
913
944
1102
1030
976
1011
1146
981
880
1006
1055
1062
959
902
1210
1063
1076
928
857
934
995
1112
894
1199
1160
1138
1409
1273
1381
1183
1491
1766
1485
1358
1241
1317
1097
1386
1430
1274
1336
1455
1405
1327
1374
1183
1055
1279
1333
1440
1090
1109
1180
1300
1399
1173
1409
1151
1378
1421
1435
1502
1286
1316
1210
1410
1319
1257
1197
975
1082
949
984
907
980
991
1004
1139
1064
1116
1021
1108
1217
1006
1243
1312
1000
1130
978
1075
997
958
997
980
847
1150
1068
1158
927
955
1251
1261
1169
1107
919
987
1001
852
1190
945
1063
881
991
978
873
925
986
913
1037
1111
1100
1327
136944
1097
993
995
980
993
1017
1149
1033
1039
1282
1313
1367
1090
1075
1095
1108
1136
1156
907
1162
967
1154
1295
1020
1002
1466
981
1010
1048
1018
1050
1103
1059
1271
1060
1074
1287
2173
1329
933
1141
936
1050
1083
1547
1126
1141
1074
1154
922
1492
1164
1570
1123
890
1241
1018
1094
1043
1077
1284
1107
1031
886
1170
1034
990
1148
1131
1228
1072
1108
1135
1119
1217
1016
1118
993
1188
1137
1073
984
1103
1197
2395
1384
1871
2227
1132
1565
1052
1492
3431
8092
3072
7238
1880
2639
3968
1564
1106
2051
1083
1101
2003
1182
1121
1093
1092
1912
1183
981
2172
1225
1136
1109
1008
1496
1027
1328
2204
1036
1617
2044
1130
1712
1036
1078
1658
1167
973
2244
959
1377
1575
1137
2220
1075
1044
2842
1003
1285
2498
1080
1539
1039
1087
2097
1159
1639
2110
1121
1177
2651
1329
1137
965
1235
1626
1045
1201
1528
986
970
1242
1105
1083
956
1059
1322
1076
1009
1117
1116
1060
1123
912
1136
990
1069
1401
1036
1128
896
1171
1082
861
1053
1476
1045
914
1050
1108
1668
964
986
1543
1075
1068
1470
1100
1057
1082
1095
1569
1149
1148
1005
1067
1070
881
1396
1064
1160
1001
1265
1188
944
1203
1251
1104
1018
1060
1083
1026
1066
952
889
915
939
906
1043
1212
1221
1257
1109
1112
