1643
1104
905
1090
1098
1045
1015
920
972
902
1139
1017
1061
869
763
863
823
958
852
960
777
1085
981
1018
1116
806
973
962
768
1029
907
876
1182
995
968
996
1145
1020
923
816
1048
922
1084
1056
1062
908
1044
1072
1012
754
941
1114
843
1134
809
928
914
936
933
1128
911
995
1223
910
865
880
1090
1152
896
1156
1914
1599
1062
1075
1062
1922
1271
1398
948
1065
993
1177
1184
941
1168
1242
1005
1061
970
1222
981
1079
1205
1139
1228
1063
1031
1214
916
1007
1212
907
914
861
1026
792
921
1242
883
989
1010
1002
1036
945
913
964
938
821
947
954
946
899
955
1124
929
926
908
979
1072
983
1012
789
1069
972
1178
1057
1077
1201
820
887
1233
828
1047
937
843
1019
904
926
853
998
827
732
1034
973
1062
1094
1363
938
807
800
825
919
945
964
863
753
973
722
1199
905
979
827
852
1260
972
1606
1589
933
1070
851
1082
1172
1261
1167
879
946
1034
961
1149
1099
951
915
970
1143
1247
959
972
1004
955
1067
1094
1073
801
852
899
964
1001
1156
1163
971
1206
1061
1033
910
1327
1192
1223
1115
919
862
873
7226
1100
957
1041
992
1020
997
939
879
864
950
948
946
1053
1090
1018
1253
1060
1065
1048
897
1031
984
1225
897
940
855
963
1144
945
849
1091
934
939
1155
1076
902
1031
1017
967
882
973
913
1058
907
1094
869
960
969
845
1145
811
827
1014
832
888
938
1014
894
1068
1231
974
842
1326
835
948
1049
1041
1063
833
1051
1000
915
1020
1003
1053
1186
828
978
1046
1087
927
966
1330
1074
1052
1192
1171
920
898
966
1004
951
1133
929
975
948
952
1057
902
893
1151
1088
864
883
1014
838
1089
942
894
1065
876
914
781
941
1235
1157
974
1175
856
1008
983
896
851
1048
1028
1191
858
886
1256
1118
1115
1088
966
1158
944
1154
1174
1377
919
896
899
1435
1125
1057
1267
1220
949
926
1076
964
852
1109
1099
1432
1249
1071
1125
1062
1070
1363
931
818
984
1001
1090
886
880
1042
982
1031
803
946
906
882
920
988
1013
737
1123
1487
940
1097
934
1013
1031
1070
916
880
1091
1085
949
885
951
1066
1038
1118
797
844
974
973
1070
944
840
1197
832
988
828
915
917
864
1160
987
988
824
846
1019
837
1017
922
988
976
1001
866
927
929
956
803
1050
833
1292
810
926
977
841
1084
988
869
946
817
1004
946
946
826
814
999
817
1017
951
1042
940
965
967
760
873
975
780
1033
960
1050
915
786
979
1077
1045
997
824
983
827
880
931
1180
1012
790
1101
943
973
928
1158
960
793
931
932
919
1005
928
1071
1020
1186
1027
910
881
898
1069
1041
877
770
819
1388
898
933
953
842
964
869
962
1028
797
1041
1021
1211
1021
977
938
1000
920
1011
922
862
852
1004
972
934
757
854
1037
1083
1097
1005
919
883
760
1075
1398
1043
939
924
1143
1037
1148
895
1088
992
1162
1030
951
1234
870
1063
1196
1076
1050
1055
1260
1128
895
1092
1104
957
864
1030
1013
1009
1070
1031
924
858
894
1061
899
910
899
925
1247
874
1156
1218
933
897
1012
1169
893
942
949
1080
842
806
1005
844
871
932
820
941
1043
911
1001
1091
1005
884
1190
903
986
854
1063
1009
938
954
998
773
920
868
1095
927
828
803
969
868
896
1020
761
860
940
979
860
976
985
867
938
940
947
1287
1097
1197
1262
992
1178
819
917
916
1016
1020
967
1086
1308
1150
1064
1015
1099
1171
1015
1396
1071
950
974
883
1090
970
981
930
1102
1036
1018
811
976
966
887
879
1097
978
1028
1146
975
887
834
1047
1024
1007
810
1077
1101
828
1043
1066
989
1046
947
1145
1138
929
984
1112
2696
1154
949
858
845
946
911
896
982
1091
960
906
826
800
1025
985
1028
897
982
1166
912
1025
1148
1032
884
934
988
956
970
906
1422
939
924
978
874
1053
802
908
997
963
909
1013
1045
1084
816
922
1055
886
844
731
900
973
1055
1012
890
890
836
974
967
888
788
799
1023
799
1018
798
898
1075
921
894
912
941
1109
838
999
822
1076
959
1025
1169
901
1335
1082
951
805
931
1288
933
1131
907
886
889
761
925
951
860
1160
916
1208
1028
1116
977
808
1024
1069
1232
825
849
1061
973
967
835
993
853
1022
885
863
1029
1212
939
1025
991
891
925
962
1010
807
880
822
1015
1105
1176
1014
857
1069
1085
1036
1277
903
1035
963
1018
946
876
1059
1159
1021
1007
1004
1041
946
1034
864
873
1124
1116
1107
965
989
874
959
834
942
813
917
1056
939
856
997
981
799
1173
1050
1058
802
891
1017
915
1207
860
908
873
967
1164
930
1069
910
924
907
906
1064
1005
923
1092
915
967
920
1267
950
1119
951
813
1018
829
1008
837
1023
895
785
1055
844
1051
1038
1010
869
1025
1061
969
1129
815
988
1238
854
1059
967
1293
1037
912
1389
1183
1018
1106
1034
952
1044
870
976
872
964
971
967
936
1169
1039
928
855
959
1365
827
979
1003
789
1027
752
1101
1156
1046
1076
961
967
818
1314
1039
792
1013
948
1071
743
926
1195
943
981
822
993
1053
872
858
994
1005
948
1068
1069
1093
1128
1075
1020
770
911
