888
1173
1694
1386
1032
1052
1028
1019
881
843
1432
989
1102
927
1000
991
1048
1006
1013
868
1404
1079
1917
1198
1009
996
1208
20350
10577
1497
1483
1884
1559
1299
1689
2211
1288
1025
1285
1088
973
1240
1046
1137
1293
986
1208
1272
1236
1520
1408
2027
1353
1101
2391
1276
1441
1675
1169
963
1128
1105
1168
968
1241
1159
1138
969
1004
966
1125
1181
1066
970
1072
1014
1251
1438
1054
961
1529
1287
1095
1122
1818
1479
1242
1238
1193
1046
878
1163
1066
1155
1353
1059
1219
930
918
937
1045
1252
898
1300
1199
862
965
1094
1357
944
1477
1856
1124
1300
1807
1389
1326
993
1089
1089
1004
1231
1174
978
1089
1225
869
1116
1000
838
1112
871
1182
1036
1039
924
1643
927
1077
1543
1213
1554
2205
1044
1318
998
887
1192
1179
1045
1090
875
1080
1164
1165
1143
1190
934
1085
1122
1222
996
1208
1136
1260
1227
1111
1535
1566
1616
1109
1385
1950
1250
1082
976
1213
996
1166
1099
1138
895
1094
1180
967
1167
1024
969
1157
898
1301
1008
1066
1045
1136
1468
1148
1335
1550
1744
1220
1029
1130
894
1081
905
972
1052
1039
1157
1144
922
966
1046
997
968
992
1113
859
1085
2370
1550
1132
923
1897
1010
1749
925
1458
997
1036
940
1050
1195
895
919
1091
873
1109
1225
1011
1122
1043
1050
1056
1317
1014
1422
1367
957
2829
1642
1122
1149
1256
1352
1004
1119
1157
1018
972
1013
1121
1054
1130
858
1077
1137
871
901
857
1175
913
1038
1248
1100
1072
965
1232
1153
1394
1342
1084
1001
1041
1220
1223
1000
1135
867
990
1292
1798
1653
1484
1374
1524
1531
1368
1099
1531
2014
1895
1703
2232
1821
2306
2275
1250
1130
1876
1154
1398
969
1135
1805
1151
1100
1493
1300
1042
1510
963
1181
1264
958
1958
946
1077
2099
1083
1233
1889
969
1343
2012
1156
1491
1318
1233
2054
1193
1040
1540
1370
1039
1641
1500
1939
1240
2252
2965
1880
2042
2066
1245
1131
1179
1072
1449
1157
1321
2071
1031
1159
1844
1176
1788
1016
1220
1409
1115
1032
940
1209
1108
1301
1135
1049
1022
861
968
1371
961
1350
963
995
948
968
1024
1508
1092
1037
1243
1117
1433
1132
915
1044
1330
1035
1436
1140
1632
1127
2231
1183
1165
1195
1084
1091
1740
1049
1104
2200
1515
1570
973
1396
1693
1055
1238
3917
1082
1462
3382
1234
1239
2457
1378
1240
1136
1337
1429
1192
1597
1993
1957
1782
1434
1021
1451
1280
1005
1280
1200
970
2383
1119
1091
1423
967
1517
1197
1530
1657
1504
1126
1647
1494
1365
2204
1103
1495
1077
1132
1535
1140
1239
1961
1148
1149
1869
925
1301
1098
1040
1341
1195
1356
1728
1114
1128
1451
2037
1085
1420
1153
1042
1453
1363
1601
1373
1127
935
1004
1101
1032
990
1147
1035
925
1619
1071
1063
1197
864
968
1590
973
1120
801
973
1065
939
1305
1151
1269
1698
2173
1044
1302
1724
1457
1049
1064
1266
1129
1168
1033
903
1034
1194
1269
2207
1270
1185
925
1060
1045
1100
2300
1026
1179
985
1382
1305
1120
1703
2137
1120
1776
2355
1455
1188
1300
1437
1313
1176
1052
1114
1310
1005
1002
983
1023
1037
1052
1494
1134
1238
936
1079
989
1017
1553
1048
1243
1286
1902
1453
2133
1693
1332
1246
1101
1138
1106
901
991
970
1016
997
942
1125
1110
921
1096
908
1102
960
1190
909
1102
1125
1078
948
924
1247
1123
894
980
931
1423
1050
1054
1727
1577
1462
1337
1497
1124
912
1728
1310
2232
1160
1270
1192
905
1137
1170
1042
1111
914
1090
953
1229
1448
1092
998
1094
1066
1139
942
1074
1138
1296
1000
1437
997
974
1357
1757
1031
1072
1048
1736
1621
1175
999
1590
1046
1230
1135
1203
904
1047
1213
1148
978
1089
911
1109
1206
968
1257
970
1162
1079
1056
1312
1276
937
1041
1079
1014
1231
1028
1046
1017
1037
1154
1001
1087
1105
1241
1082
1051
1019
860
962
894
1031
1015
1046
874
1160
984
985
1099
1010
1205
1137
1125
1041
1242
1273
1735
1014
1000
952
2081
1282
1215
2090
1135
1231
1334
1571
1513
10272
2333
2008
1320
924
1819
1639
1327
1841
1264
1411
1431
1417
2600
1487
1208
1929
1218
1542
1554
1030
1189
1195
1268
2114
1315
1432
2174
1103
1343
1170
1446
2388
1115
1399
2292
1787
1172
2437
1259
1103
1159
1484
1103
962
1219
950
1219
1392
1679
1843
1229
1917
1215
1307
1276
1012
1495
1345
1328
1537
1844
1312
1475
2014
1233
2181
1510
1773
1521
2123
1367
1251
2236
2782
2448
2151
8361
1618
2045
11838
1765
1528
1580
1701
1668
1484
1420
1723
1280
2376
1905
1830
1775
1970
1575
1806
1675
1387
1178
2151
1187
1348
1368
1921
1193
1330
1410
1259
1271
1266
1342
1078
1257
1687
1273
1229
1099
1222
1004
1202
1143
1198
1183
1203
903
1247
1098
1114
1272
1361
1216
1028
940
1110
1155
1235
1139
1103
882
1038
1006
1054
966
1010
1031
909
1144
1081
1289
920
1037
1250
1120
974
945
1344
1016
1250
1044
1183
1309
851
1093
1287
923
1394
1102
1148
1337
1015
1027
1679
1131
1257
1957
943
1246
959
1917
1533
946
1642
1203
1232
1472
2248
1204
953
1081
1003
1234
1169
1353
1217
1151
1030
1300
1017
1173
1312
1007
1066
1097
1402
1393
1101
1119
997
1094
1010
1008
963
1649
1076
1102
1702
1141
1114
925
1070
1343
966
1371
1308
1169
1038
955
1113
989
976
1180
1182
1468
1419
2325
2283
1274
970
1294
1806
1669
1309
1482
1274
1125
1303
885
1044
1055
971
1219
1208
1133
1173
1181
1013
1245
1914
1274
2420
1544
1244
1656
1174
3628
1043
1649
1951
