1329
924
1256
1010
921
1230
906
1098
886
1104
1099
1044
965
1117
940
837
1147
1243
934
1162
1059
1159
1261
996
1251
1147
1259
831
984
1182
1049
1024
1127
1013
888
1019
901
1077
997
900
1037
1068
998
1347
945
1108
865
849
894
861
1184
1199
883
1055
835
922
996
1098
882
1351
1001
857
1004
916
1087
969
1001
1005
944
1177
1353
1152
999
1031
860
994
894
1007
1167
1026
1040
991
856
1081
879
1212
1143
948
1050
921
1113
960
1152
867
1189
1247
978
1333
1062
913
1082
1040
1025
1053
1002
1075
873
1049
1079
1061
930
1022
1230
1625
956
1050
1174
1013
1117
919
930
1418
959
1017
1333
1110
1029
928
1029
1017
1096
973
1148
1112
899
1101
860
1407
1145
1185
1270
1035
997
1309
986
1276
929
1113
1206
1042
1114
1257
1223
1009
966
937
883
1478
1052
1295
999
896
985
1251
1356
1120
1070
1254
875
1028
1118
1025
1171
1003
914
1436
808
887
1242
1123
994
961
997
969
1135
876
1283
834
899
1123
955
976
902
1082
1385
879
1121
934
1071
1149
983
1070
1213
893
949
1201
1110
853
1106
908
1238
1054
1137
1223
994
1080
958
1003
1143
1115
1163
1435
953
1124
886
1080
1279
1118
1002
1329
985
967
1147
1044
924
1124
890
1196
849
988
1053
1053
957
947
1029
1116
863
1236
1168
968
1026
1196
1240
1006
1196
1096
1509
1016
870
865
1059
992
1031
891
1271
840
1143
943
1103
1137
1074
1111
1319
1128
1036
1183
1189
868
1001
894
1179
862
944
1213
1000
1136
888
962
884
1215
995
1258
1070
1028
848
916
981
1087
957
1333
1103
1045
900
933
1040
978
1098
1019
1081
1019
1118
1185
897
917
951
873
985
1011
1567
1011
1025
1186
831
988
826
1001
1267
1037
1062
1171
1070
1154
896
1030
1208
1012
1123
1174
1045
871
1057
879
1095
951
876
1308
1104
1064
973
986
1627
919
1183
1348
936
912
952
1013
944
1175
1033
1053
983
1072
1141
1275
863
881
971
1189
877
1248
1266
876
971
899
1097
1116
799
952
1034
1040
1044
1076
977
1040
1218
852
1541
887
974
1119
1132
2160
933
1112
1230
987
1140
977
1123
979
1053
969
1062
1229
1041
1154
1079
1128
899
891
1247
1024
975
1133
1075
992
854
973
1013
938
1115
1287
1066
845
1107
983
881
1189
1031
1144
969
921
1008
969
1110
833
1069
1012
950
1116
1357
1137
947
1022
1011
1079
954
880
1370
960
940
1041
12283
1885
1686
1527
1187
996
1328
1147
1060
947
1078
1225
933
1076
1382
1084
1015
893
1311
1267
1189
1103
1348
1147
1128
1142
1209
1156
874
1221
1171
993
947
1063
1071
903
841
1067
1049
949
1113
1044
976
1021
1063
1007
987
1337
935
1605
961
1066
995
886
1181
1122
1234
1189
1055
1191
1037
1134
1173
983
1130
1060
941
928
1213
1085
901
1019
967
1033
885
1043
1245
901
1285
1098
1041
983
1101
934
1134
1069
1006
1054
1723
955
939
884
1189
932
891
830
1025
1094
1042
1043
1108
1261
1133
1905
1098
1052
1047
1251
1042
1171
1101
1283
939
872
1044
1082
1000
1191
1028
1336
996
1126
967
1067
987
809
1103
1113
928
919
1119
1098
1140
1126
919
956
898
998
1082
874
1061
932
885
1023
1196
973
1375
1149
957
870
942
1028
1239
1200
1000
948
1132
1158
928
938
1194
980
933
1114
1018
1355
941
976
863
868
1215
1028
1136
1040
923
918
970
959
843
976
986
1107
1013
1054
1036
933
996
978
1062
1354
998
1099
1265
989
1220
952
1088
998
840
914
1209
918
928
913
1057
1036
1174
890
1537
1030
958
1018
897
1248
1046
1212
1295
876
1178
952
1259
967
1280
1101
1233
1378
1260
1665
1245
1333
1100
1162
1429
1309
997
1230
882
992
1078
1150
1281
878
1126
1243
1234
1140
1524
1284
1000
1123
1054
995
1213
911
1293
993
1054
859
1082
960
1017
1192
1436
1161
1068
1168
1184
1018
913
1171
1168
1258
1316
1367
949
1036
913
948
1098
1027
1115
1170
877
961
1006
1243
916
809
937
1153
1365
1266
1272
1144
1115
947
1119
1428
980
972
1079
1136
1048
1081
1032
992
866
1010
1051
1130
1040
932
1067
935
1152
873
1186
875
1024
906
884
1043
847
1135
1274
877
1011
956
1221
917
1155
965
1037
1015
977
1244
1068
915
1013
986
983
1017
1078
1208
1131
1180
935
1189
1222
1146
815
1275
1112
1059
1144
1093
1134
1005
908
1164
979
1041
945
1098
1058
1097
1123
1072
913
1091
1274
1026
933
1064
994
976
1056
1017
1261
1051
1128
1120
1059
879
1106
1164
1233
1151
1165
1599
1014
869
1000
993
1155
1035
1066
1353
994
990
842
915
945
1079
5062
1550
1175
863
1001
1146
956
1010
895
1172
1026
952
1142
1108
1084
993
1155
1112
1155
1030
1505
1160
1021
1010
1042
955
1046
926
1361
1042
910
915
990
976
872
1133
954
953
930
967
1048
886
1196
917
1435
1056
1125
1457
853
951
1084
832
1133
936
1065
1216
1123
918
818
976
981
1009
1019
1256
1130
1157
1121
1022
1010
1096
888
992
876
1105
1126
1011
884
890
913
998
1062
928
1382
941
952
1209
851
1126
1133
1191
1071
837
932
973
1081
1050
994
1052
1107
1105
1011
870
1046
836
897
958
1004
916
1134
1115
857
1023
933
1022
956
1128
968
1176
1166
873
1151
952
1045
1088
898
1185
1114
1115
862
1034
989
828
1186
1078
1073
1167
1175
1048
1021
1203
910
1135
