1488
888
1053
970
1135
1119
1175
1105
1076
1012
952
961
834
743
919
913
964
988
1071
777
871
976
727
947
941
809
904
830
1011
845
1069
775
939
928
837
1012
918
849
974
988
1251
1165
1008
957
979
918
979
1162
973
1198
1105
1004
1405
1190
842
933
1182
981
1034
928
951
1230
1041
1214
1089
933
876
905
906
881
835
969
862
916
903
1010
788
918
873
992
887
1030
1015
903
740
1155
1014
1101
794
959
1104
1006
1347
842
1098
1369
1316
957
825
899
922
812
831
1003
903
995
1121
944
1111
1035
1356
991
978
1067
807
964
857
872
1004
3481
1185
1140
1086
976
1064
1184
823
870
834
993
1069
828
922
976
1045
982
945
1058
794
1183
762
1034
1017
981
1641
1454
1668
1599
1504
1457
1137
1194
973
1077
1143
1291
982
1187
1413
1042
1063
951
965
999
874
1042
956
1058
926
969
1067
960
1050
800
1035
819
866
897
1113
1151
968
1161
1037
1166
1232
970
1047
905
967
830
929
947
885
1064
822
800
1030
834
902
920
1065
790
800
836
813
1130
775
1049
1154
1091
995
1110
1223
1269
1121
1100
870
1013
878
1401
890
1071
884
876
1115
796
984
886
836
989
900
1055
889
914
904
1037
863
881
916
1044
1184
1069
1038
902
853
884
864
952
1001
813
898
809
776
960
959
774
982
827
2189
1534
1201
1397
1582
1486
1547
3073
1061
958
1152
1042
1075
1044
823
1007
952
986
850
955
834
1010
1069
846
985
1103
1003
933
903
1188
1111
1289
1066
913
1138
1006
931
981
1019
1196
797
1067
833
943
1077
815
871
799
933
1107
854
936
961
880
842
956
827
957
864
918
782
929
994
1025
917
846
906
817
950
841
853
816
801
1031
870
973
940
858
961
983
945
805
1070
889
881
961
905
1156
943
952
875
1024
969
873
1011
864
885
884
892
1124
947
855
1075
1000
1137
877
859
1046
986
994
810
884
1024
1009
1012
841
1067
932
850
834
730
892
1044
1131
886
1300
946
854
817
819
893
749
1073
1056
776
902
1186
1088
934
943
1083
1026
856
878
962
939
841
1050
1089
1077
1129
1069
1111
1080
1087
986
906
1032
960
1373
1153
1350
910
854
881
828
1067
981
953
1039
830
867
976
1054
786
899
886
955
1116
1015
1004
1207
898
911
891
2199
1324
1104
944
940
1082
963
1097
1009
971
1049
978
893
987
762
1047
1471
1123
1125
884
982
874
1048
909
958
951
975
829
911
1078
825
933
848
894
1136
784
1108
971
1009
937
966
886
962
828
904
810
862
763
839
783
835
860
1005
1140
4341
1022
1097
1026
1195
925
1022
945
983
1033
1067
1013
852
983
953
907
935
942
946
898
836
841
960
915
868
891
856
872
1213
907
1097
1063
761
1122
886
1027
912
1015
850
829
831
1023
1305
1014
1002
1030
839
1010
1100
967
972
1017
967
989
1126
931
826
798
768
1142
943
951
897
960
890
900
1080
920
974
931
810
884
1122
1022
935
1066
1168
858
1131
975
936
944
792
920
869
969
830
794
871
951
838
727
1061
1054
941
1097
995
1065
1078
1001
852
974
798
865
872
901
851
814
835
1184
870
811
874
902
909
882
1231
1038
1458
1038
887
1074
937
923
909
835
1185
1087
1058
903
830
986
817
897
1032
1113
1027
1067
1064
942
931
945
952
1055
853
895
952
1046
852
797
1016
1056
1045
932
1108
830
896
858
851
931
878
952
1147
1043
861
1010
925
934
1016
1074
885
907
934
1158
916
809
861
1115
882
944
1081
786
989
951
860
711
840
882
739
1152
794
951
862
1044
930
816
914
1098
980
907
913
894
948
917
1066
815
1009
956
1015
851
916
1131
855
1056
936
819
1021
775
1060
783
829
816
946
1022
977
952
873
913
1021
836
896
844
891
905
782
1091
821
983
999
933
957
879
1030
947
1015
808
1081
982
810
944
1033
1041
1155
912
1158
923
806
861
783
916
799
960
787
953
973
852
818
783
933
826
993
990
807
877
820
974
986
979
1043
958
993
802
779
898
941
896
817
934
834
738
1093
1078
1293
1055
962
1173
915
902
790
732
777
845
953
926
966
1049
812
889
877
1018
925
974
804
774
823
788
759
883
871
1023
927
929
816
956
1142
825
899
839
801
1050
1025
969
1038
880
948
832
871
851
928
837
836
866
901
1056
1037
823
847
1002
1071
879
992
858
903
863
789
883
757
756
822
873
1096
1085
956
949
1058
880
871
896
965
1088
893
896
1155
967
992
849
954
942
879
973
937
952
917
1150
1103
1038
1056
888
1024
939
853
841
777
908
818
879
938
958
922
973
964
824
894
946
918
1026
1028
892
895
1055
994
907
1182
1270
1112
1284
1085
1026
951
824
1016
1338
873
960
1054
866
1133
1009
1190
1024
871
931
820
911
758
984
855
944
963
908
1042
769
1014
910
818
999
823
1069
1021
960
964
896
1040
1261
921
774
901
949
796
897
849
1036
813
744
887
894
833
900
947
873
855
842
945
970
920
868
987
902
1118
1032
891
955
743
949
778
804
1084
979
936
973
911
1087
976
869
866
876
928
1003
877
926
787
863
855
