1377
1178
1290
997
1046
1908
1281
1847
1354
2291
1560
1275
1588
1033
1371
1135
1091
1054
991
1172
1259
1345
1619
1580
1883
1442
1225
999
1910
1025
1318
1070
1215
1044
1267
1085
1287
1161
1882
1019
1374
1526
1499
1176
969
1331
1049
1107
1123
1130
1028
1115
1064
1050
1095
1039
940
990
1061
1108
883
953
1066
908
1197
1131
1043
1031
934
998
849
1251
1143
1042
925
1043
1089
1118
1101
1197
950
1060
960
1104
896
940
954
1005
1076
1174
936
1195
1052
1104
886
959
898
1184
1063
1111
1059
1007
1093
1057
1379
1047
917
1077
769
888
1003
1257
807
1003
1084
1073
1086
1112
1130
2200
2501
1957
2590
1681
1879
5905
1978
1775
1499
1760
3203
1116
1261
1734
1271
1653
1447
1742
1601
1801
2151
1412
1413
1329
1121
1456
1719
1384
976
1007
1343
1239
1117
1224
1445
1024
1115
1401
1128
1422
1163
1269
1213
1014
1132
1422
1839
1147
1266
1161
1161
1006
946
1198
1499
1181
1494
1034
1234
951
1510
1138
995
1371
933
1070
931
1318
1090
1460
1007
1070
1258
939
1288
1561
951
951
951
1006
1105
1079
916
1150
1289
1641
1563
1188
1896
1650
1253
1054
1238
1218
1300
1028
996
1338
1379
1283
2215
1903
1466
2228
1647
2956
1651
1520
1378
963
1066
1089
1184
1157
1246
1013
1414
1046
1205
1167
1491
1461
1508
1332
1418
1480
1424
3103
1256
1480
1553
1174
982
1211
1155
1187
1212
1041
1295
1343
1337
2432
1076
1176
1230
1062
1084
1266
1334
1554
1054
1122
1288
1048
977
1163
943
1053
1042
1465
1786
965
1154
877
1212
964
1088
1484
1346
1345
1150
1059
980
1034
1126
978
1896
1267
1057
1798
1023
1228
1013
1222
1881
1024
1303
2325
1125
1023
1924
1091
1094
1151
1094
2249
1667
2633
3634
1875
1444
1263
1184
1214
1557
1625
1631
2839
1269
1732
1102
1166
1439
1491
1720
1272
1063
1178
968
1022
973
1300
912
2054
1072
938
1122
1255
1057
1197
1088
1261
921
1144
873
1290
1156
1058
946
1081
867
1202
831
1061
1047
1140
1045
1119
1316
973
1085
1264
1206
1027
931
1134
822
1037
1026
965
1233
1138
1134
1036
849
1146
964
1100
1059
1023
994
976
1112
993
971
935
1017
934
958
951
1225
910
821
983
4311
1181
957
1198
1087
1006
1191
1106
1069
909
996
1290
872
1128
1031
1064
888
996
1204
893
1095
929
1022
1317
953
1090
1189
961
1084
827
1073
1069
770
889
824
1003
850
914
993
1059
977
968
1018
978
894
801
1085
910
963
1060
1152
1310
1245
1042
1097
1006
998
989
1003
1052
933
999
1189
837
857
832
1136
790
970
949
1077
1045
1465
981
1372
915
1052
1035
1066
881
1005
848
903
1103
809
858
1055
855
847
957
1035
1046
942
1330
841
1096
994
1074
800
1053
1092
1227
919
1121
930
1435
988
921
1042
1063
1613
1030
957
980
1060
1053
959
1035
1110
932
903
911
1004
915
865
836
1007
997
754
1023
1032
1066
877
1451
899
1042
1253
936
1091
944
996
1659
994
1017
1055
839
900
1173
1035
1434
952
918
2081
1100
1040
1157
1114
946
1043
983
1488
1135
1773
3107
1364
2242
2060
2039
1446
1369
1353
3247
1433
1808
2035
1700
1222
2264
1534
1747
2784
1530
1054
1039
1315
1053
1003
1240
1101
1539
927
1136
1286
1157
1104
1055
1043
1001
1115
1006
1090
1095
1015
1272
956
1160
1024
1029
1029
980
1202
1111
1135
1094
1069
1127
1059
991
1191
959
1086
1096
1356
939
1179
967
927
1129
964
1038
954
976
916
1048
945
1237
1008
1044
915
947
971
1104
978
1076
1246
1255
1281
929
1022
790
892
1062
772
1353
901
886
913
959
925
817
882
1000
1043
884
1104
1031
1075
1191
1065
915
1032
736
1021
866
809
1240
1067
1074
1039
1238
932
986
1045
896
1060
1048
948
1118
1063
1334
839
795
1154
1001
1030
1087
1213
1035
891
838
837
1005
1005
842
1041
969
1186
903
861
948
772
1153
874
1055
1124
967
833
943
1096
1061
924
1055
1069
969
840
941
775
1105
978
966
911
859
935
998
1142
978
897
1090
887
1009
886
941
1005
839
1049
903
1011
1117
918
1020
948
1106
873
973
1037
1033
861
819
849
1014
886
1162
1017
1178
822
1021
931
962
1131
794
831
891
936
1086
844
976
1597
1024
873
1055
1074
866
1270
970
1081
1533
824
987
1035
1005
1298
930
1110
867
1034
897
914
957
1063
1032
947
895
924
958
1092
973
1107
993
989
866
924
951
930
1405
1087
988
1076
1143
927
981
934
943
808
855
880
955
984
798
979
998
1345
1452
978
1127
1128
1032
1189
1127
1178
1129
985
888
1015
980
1067
973
809
939
1153
1016
862
833
1242
1159
1348
1194
894
1216
890
1812
1485
1066
1142
980
906
840
957
1049
958
819
854
1240
1065
1183
1017
860
1128
871
1066
1027
1018
1012
1129
1025
1101
1001
862
1123
937
911
1362
1041
1060
1083
995
1152
1047
1087
958
1122
1061
1255
1332
893
1134
1066
833
1315
1107
1007
1005
936
962
1135
1920
1936
1588
1191
2180
1429
1505
1475
2179
1191
2087
2539
1135
1571
1418
1539
1715
1053
912
1124
1065
1055
1345
1113
1038
1031
1121
1032
1097
1112
944
1044
901
896
886
1170
860
774
1102
798
1128
1028
787
959
881
1106
1091
1235
925
1012
1032
1192
1195
1125
910
1426
976
960
1110
924
1077
859
1092
936
995
995
898
982
1205
946
1090
938
969
1086
957
1119
1136
1025
1145
1018
1161
1061
