970
891
1128
825
1064
959
902
1210
1000
996
899
917
1029
967
973
790
1032
1069
931
1047
774
1212
1019
1038
966
921
1060
973
1154
1096
1044
1473
1251
1002
1011
943
1116
934
1128
1038
1131
989
781
957
894
1001
987
917
1158
950
1062
1203
926
1590
846
1149
992
1052
996
1039
1213
982
1043
972
983
1184
938
1190
1160
1022
1491
916
1134
1195
1156
1332
1218
1098
800
945
865
1006
946
1158
1292
1011
1044
1056
931
1086
836
1110
906
1060
999
1174
1313
973
930
780
1069
1155
876
957
985
1208
967
1059
1042
870
863
1087
797
944
1238
1055
900
831
1218
1021
1627
1493
1192
1354
1148
1304
1239
1173
1293
1059
924
974
1055
1032
1003
1036
1201
1501
1251
1255
1055
915
953
871
1011
940
1089
1272
1224
1006
1054
1188
1165
1022
1122
1088
1139
1421
898
942
874
845
874
849
882
831
1047
859
872
889
1052
897
1125
1190
890
1189
1049
1119
993
926
756
968
1117
1148
923
1091
1036
978
1025
955
959
971
890
1102
831
1068
946
804
1047
973
1065
827
1102
925
928
1073
974
1098
941
998
975
851
1022
944
893
920
1065
1122
1033
1017
994
1028
883
897
813
900
1097
1112
1052
972
809
1010
1005
1096
861
976
1129
937
1228
976
1014
797
849
1077
830
2064
1241
1020
1020
873
790
844
952
954
1012
958
830
1286
950
956
1032
949
993
834
967
990
1083
983
986
932
7115
1337
1278
15360
5048
6762
1423
1230
1368
1110
1201
844
1076
1371
1075
1176
1147
911
1010
848
1017
856
939
947
1303
1067
975
930
1006
820
1050
1169
1129
957
1127
1068
1092
1066
978
1005
926
1070
882
932
1001
1064
1076
830
991
900
1422
1433
1037
1419
922
1808
929
922
886
924
1080
974
902
864
1032
1131
1395
1512
5279
1387
1443
1207
1743
1178
1127
967
968
1804
929
1027
783
930
915
848
952
938
1046
841
999
1002
792
1012
1123
1080
790
984
834
841
917
925
920
894
917
1001
815
1049
948
946
794
766
1035
827
1141
1062
1059
1088
875
867
915
1078
1007
948
975
889
1072
926
1013
1070
1023
1021
983
1013
976
899
784
1001
916
920
1008
1132
1357
1232
1374
990
962
1014
986
1263
992
911
993
841
992
979
894
996
893
1065
942
1126
966
810
946
857
997
1013
894
799
823
1025
1001
946
973
816
907
872
1042
821
948
1102
1126
1072
1111
996
801
1088
854
787
936
767
1068
929
1340
926
972
915
1076
1035
813
881
924
831
850
916
1795
1126
1036
1264
1119
1118
1065
974
1198
934
838
822
1075
1042
1081
1071
796
1087
1034
1081
994
1118
937
944
992
811
978
854
737
991
1012
885
1079
1392
1031
1011
1049
828
1163
1117
1169
938
902
1116
1216
947
1079
1009
892
1115
1197
1291
1095
1245
985
873
1112
1195
888
995
1053
803
1065
1268
1548
1754
920
859
1075
1341
1101
1010
1198
1035
1282
790
1319
1002
1286
975
1054
993
984
1019
1041
882
1076
1168
1126
972
957
1191
997
1069
847
786
1029
879
1064
961
972
1035
1004
1321
1043
905
937
875
1076
904
1077
974
750
1079
985
1000
796
1098
963
1082
1036
1012
951
1085
925
1114
903
1055
982
1323
1029
950
997
988
803
950
842
1047
958
1065
904
892
1185
1390
1149
898
1105
1135
847
1044
1076
907
881
913
1097
925
819
1256
845
1074
872
1022
922
1106
1544
1136
1186
1013
1144
985
907
975
985
1354
927
1406
1362
1145
1029
1116
1068
1114
1276
907
960
893
1168
928
1121
1151
1156
989
1047
1033
868
974
852
1521
994
785
914
1030
1243
868
955
864
970
1015
997
1086
925
812
896
1000
1041
862
961
885
982
989
854
958
912
1080
1009
980
845
925
902
879
1065
922
820
897
1102
869
1096
926
1021
794
1112
952
979
1038
843
1133
1000
894
1126
778
822
976
898
1109
977
961
1587
1311
954
1111
1133
1060
994
1162
1280
887
815
1062
939
1039
1075
1097
962
890
888
1030
995
894
889
1155
1016
1742
1404
876
1771
1045
974
1087
1120
861
1106
1200
944
1101
918
1016
992
840
883
1069
1058
829
920
1073
873
957
1073
843
1102
1064
910
1113
926
783
781
979
961
940
975
921
916
981
1059
896
1032
1013
991
900
1024
963
983
1101
1124
1167
1016
978
1050
1113
1151
879
1069
1029
821
1074
977
1129
996
926
1048
1007
877
1106
990
975
885
1016
1107
761
1087
1014
1050
924
835
1039
920
1010
882
996
877
820
1003
1098
1135
927
1024
1174
1021
893
1081
1197
1122
957
1015
1208
1069
1031
953
983
811
993
1201
994
871
1051
895
909
1010
854
1551
955
784
959
1144
990
1265
1160
1096
1043
978
1073
1041
1054
1073
1104
1300
1275
809
985
914
1244
937
1097
1367
864
965
968
1027
1029
929
857
907
996
1051
916
803
852
976
1051
837
1091
1012
829
1030
1132
999
977
1153
991
909
1147
900
1101
865
969
1039
826
1006
1064
910
807
797
1035
966
918
1128
931
862
1072
920
1013
957
1072
1148
1148
811
1009
933
963
885
774
929
1034
967
1302
935
1031
912
870
980
941
931
1012
1110
911
927
1246
947
951
1002
1069
1036
973
1013
1033
921
1181
1119
1304
1087
1120
1157
944
926
900
1054
1158
1022
897
904
854
857
977
961
903
976
1073
