1016
1417
1116
1022
1120
1041
1266
1221
900
993
824
920
1076
888
1174
1076
1106
1729
1033
948
1307
1084
1090
1812
1128
1510
1297
1052
1148
1198
1030
1616
909
1071
997
893
912
994
1114
912
1012
977
1142
1006
995
1133
903
1038
1133
861
1328
896
1019
1295
942
1185
1134
1116
1049
1007
1013
955
1110
898
883
1123
1044
1091
882
1132
995
1063
1140
867
1101
987
869
1109
1211
999
7716
972
928
842
1063
834
1071
836
846
1162
1034
1130
1121
973
975
968
976
1040
1242
1177
1087
1220
1260
1127
1098
1001
1152
1086
1139
1005
1035
1019
1038
823
1011
1196
1141
1264
1032
1086
1378
993
983
926
1075
958
879
1081
782
1044
859
793
1039
838
1000
840
1074
882
855
988
927
880
1063
971
1019
957
1249
1748
1071
1127
879
1054
943
959
1387
1394
854
1109
1030
959
1313
1131
1600
898
1167
1068
1094
1184
865
955
1191
869
1021
885
1028
1136
884
845
1087
1019
927
1274
1317
1090
1063
937
1015
996
1057
1065
988
1261
1265
2071
1013
1159
1045
1141
1587
970
1502
1178
989
1112
1062
1855
1064
1121
1093
1044
1076
1141
1278
974
831
1053
1198
893
1035
1254
1078
891
878
913
1166
969
855
1052
931
954
1114
951
1096
1107
933
952
1465
999
1299
1512
1434
1082
1013
1995
942
955
1145
1317
1456
1035
1338
920
1011
1100
890
1242
1125
1049
917
1015
1260
854
1136
850
1064
884
968
1114
1062
982
967
1003
1079
1052
856
1086
1085
962
1187
1012
1216
866
1051
1148
1057
901
1133
1137
1908
948
2607
1135
874
1865
889
1325
909
972
1547
1033
1244
1878
1153
957
2111
1068
1315
1101
1058
1416
1102
1086
2587
1144
1355
2236
1111
1342
1993
1144
1722
1076
1218
1737
1034
1018
2492
985
1173
1165
1121
1907
1009
1253
1635
986
1349
2175
1396
1460
1395
1096
1352
1155
993
1685
1252
1240
1691
1054
1052
1419
1249
1497
1180
1295
1418
952
1080
2140
1056
1295
1277
926
2048
896
1007
1203
1186
909
1365
1130
1515
1211
1211
1392
1202
1164
1190
1136
1104
1071
1108
1184
1008
1702
2627
1969
1405
2727
1702
1942
2792
1748
1599
2450
1281
1405
1321
1358
1137
1430
1367
1251
1273
1193
1309
1201
1045
1481
1207
1092
937
1158
1409
957
1298
1210
1187
1155
1038
1019
1066
1093
1018
1837
967
1095
1114
1064
926
1131
911
986
1063
1063
1180
2127
1804
2145
1548
1445
1339
1069
1273
1185
1036
1626
1291
1415
1615
1337
1396
1482
1719
1217
1761
1912
1717
1296
1358
1590
1044
1156
1310
1205
1172
1173
990
1085
1096
1058
1397
930
1133
1149
1046
1115
1109
1191
2042
1385
1153
1091
977
999
1122
888
1021
1136
885
1215
850
982
1186
967
1249
878
952
1155
918
1031
1173
1005
1237
1030
1121
1377
1046
1106
1069
939
886
1135
1038
896
1172
927
1117
791
1739
1102
1137
1191
928
1114
1032
1094
1217
1153
1201
1728
11541
1730
5902
1717
1185
1470
1859
1479
1655
1528
1529
1291
1604
1261
1091
1391
2682
1883
3010
3027
1968
1929
3797
1676
2000
3031
1374
2711
1263
1478
1895
1155
1669
3710
1675
4747
2675
1097
1044
1527
1200
1415
1383
1421
1150
1256
1281
1401
1484
1992
2718
1748
1768
1930
1643
1767
1615
1319
1503
1195
1339
1265
1087
1312
1158
1117
1304
1296
1348
1046
1372
1179
1333
1235
1130
1223
1014
1086
1055
1192
2436
1259
2010
1477
1701
1841
1810
1279
1217
2184
1341
1577
1956
1381
2567
1347
2400
3214
1444
1355
1748
1157
1471
1373
1688
1366
1561
1881
1841
2062
2490
2730
1563
1292
2440
1414
1969
1920
1729
2263
2455
1296
1761
1563
1216
1055
1063
1242
1293
1073
1261
1838
1162
1031
1307
1193
1061
1394
1298
1015
1507
1577
1448
990
961
1183
934
1108
1087
1098
1282
1189
1206
1245
943
1022
989
1057
886
1025
860
1242
927
997
923
852
956
1125
1181
935
1189
1168
941
1170
1066
1004
904
1047
1128
868
987
1064
875
935
999
949
868
865
1143
993
1145
885
870
901
933
1052
1008
978
913
919
1104
886
978
845
1100
994
825
930
867
1183
853
874
1141
957
977
907
1698
1063
852
998
970
1113
905
823
949
1038
952
851
1128
1092
996
1237
918
1125
1090
1031
1220
1085
1048
1062
985
1029
942
984
898
1181
1075
1146
949
855
942
1053
1021
1143
987
1121
1459
1016
874
1064
1121
804
1072
847
1183
869
968
1106
964
956
1004
997
892
934
1289
1201
1157
1033
766
1065
1037
1252
3603
4043
2462
2060
1592
4220
2488
1978
2186
1285
1353
3093
1235
1280
1573
957
1210
1723
1131
1457
1082
1069
1855
1096
957
2184
1195
1055
1452
1298
1258
1006
1052
1689
1300
2082
1329
1002
1549
2207
1565
1469
1281
1134
1188
1254
1282
1176
1273
1343
1621
1284
1079
1222
1454
1044
1106
1315
1288
1074
1075
1185
1176
1372
1123
950
1180
1026
1288
914
1011
983
1039
1145
1160
938
1184
932
1055
940
1131
932
1159
1349
1154
1362
920
1083
1446
943
1098
873
923
1075
925
1132
921
1013
1059
1177
1069
956
1074
930
1044
1104
1094
1044
850
1041
1082
933
1007
1164
1117
1243
1503
872
989
1156
1034
1268
990
940
942
1049
990
1057
944
939
1070
907
1054
1123
818
1157
899
1316
1330
1737
1103
1175
1498
1525
1270
1264
975
1203
947
1343
1507
1302
1811
1366
1067
931
952
994
1388
1766
1089
1255
1183
1419
1294
1019
1157
949
849
1125
1084
915
1204
970
1097
1233
1233
938
999
1220
1212
1126
1264
1139
882
942
