1402
961
1073
1098
792
1040
1161
1190
1162
965
906
1005
941
1054
919
1053
942
918
1157
898
1045
1029
994
1012
1384
1267
1016
951
1174
989
1022
803
877
834
731
1122
908
1140
1061
1050
877
1104
996
933
795
889
1030
884
1041
1182
885
783
936
1036
892
788
815
841
718
834
866
1156
805
804
1062
811
1021
845
814
811
832
913
823
984
919
815
795
775
1165
853
1148
856
1150
1174
906
1078
814
892
1187
974
878
835
764
819
832
1204
1030
1226
930
853
914
1031
842
878
824
1077
922
969
936
915
849
903
1070
1154
962
928
819
1128
803
911
844
974
1295
868
924
880
1136
776
829
852
806
876
856
896
797
803
1007
890
848
839
733
873
790
1023
800
806
803
1117
824
982
961
746
830
929
786
878
840
971
909
804
886
739
1003
782
804
1006
1011
926
911
898
1003
1025
911
937
1313
1043
1077
1164
1085
1032
1008
908
944
947
923
930
998
852
871
818
976
1254
845
1018
949
933
1001
914
860
1057
974
960
919
884
846
870
922
978
889
844
1076
735
879
901
898
1087
915
773
956
1109
1040
1100
1148
1193
940
1057
871
853
923
877
978
1120
813
869
794
823
811
831
817
862
789
850
881
743
856
995
774
984
935
1053
868
1047
1083
861
865
919
856
774
842
1118
885
1074
911
1019
1094
975
854
816
907
966
817
1037
795
824
913
756
883
791
1082
869
849
928
877
1001
858
1006
1058
870
807
854
885
722
845
938
945
847
793
1009
1061
1320
832
813
1098
830
928
814
810
981
899
985
1049
842
840
815
851
931
849
861
761
1096
1087
1091
860
727
897
761
847
1038
968
898
1254
4471
817
863
822
807
901
952
1393
1189
990
1062
954
1222
933
894
808
961
1022
876
1058
947
922
785
743
906
812
857
1176
938
908
902
911
1280
1079
1126
1278
1048
845
1121
1052
929
934
910
956
912
874
924
1114
799
781
1240
949
1081
1123
843
1011
882
858
881
898
801
932
958
890
964
800
865
801
853
879
949
824
803
819
801
727
957
1012
1006
874
1015
924
884
898
1033
1190
985
967
865
762
1015
912
992
934
929
975
942
988
992
897
862
827
1136
1051
1141
865
1138
894
1045
900
937
967
928
1045
794
809
976
1010
1031
893
1100
1055
907
1012
906
1099
941
1066
864
857
941
942
1187
853
964
790
843
1227
991
943
822
850
996
937
1005
895
1004
927
1014
885
999
1036
1023
855
886
863
1021
788
817
808
924
878
886
819
886
899
809
962
938
908
960
927
1027
969
917
895
919
826
796
886
905
1058
936
936
1058
866
862
939
826
1021
905
827
833
798
874
895
975
759
828
933
827
1079
1058
1096
1074
764
826
802
855
997
854
1074
1153
870
868
1021
757
1358
1013
966
1023
887
1047
910
825
995
724
968
892
1006
941
965
976
868
838
1082
1037
1023
1089
1095
890
1029
1110
1235
1323
1020
1214
1065
980
910
949
1082
925
1118
946
909
1014
1024
982
1083
1007
931
1050
1063
882
904
931
925
1167
880
971
942
1053
1100
968
1025
1042
1068
1216
979
1025
1136
1086
970
1056
1019
982
967
1019
981
836
1032
786
892
819
1004
1141
1121
1109
1178
1001
865
922
968
799
1065
1181
1300
799
941
991
848
1043
767
989
1005
891
959
768
846
748
780
1101
878
991
868
965
957
1031
860
745
946
1087
812
1077
862
960
795
1043
1118
889
1324
954
940
1089
921
905
911
1050
1060
1062
1185
1451
1367
879
855
1175
972
1044
926
840
1017
904
891
1113
1101
999
884
927
919
935
1056
798
846
763
850
765
728
1060
1020
1000
955
923
864
1032
846
911
1288
890
895
1061
861
1036
1162
851
1010
843
897
877
820
994
758
801
886
1015
1149
816
1019
768
1019
934
1018
956
745
820
886
905
819
748
934
907
944
771
946
898
965
954
822
790
1001
896
872
735
1048
1189
1356
1133
947
1087
792
1043
840
1048
1091
1278
1075
1031
1124
896
801
783
836
1224
1086
1151
1306
982
933
838
933
749
731
909
856
1216
904
787
984
1134
1217
958
838
912
966
1116
1240
1189
1539
1188
949
933
836
921
1100
806
722
838
925
1058
846
1162
906
953
1048
949
870
998
992
1246
950
906
956
1047
1508
968
1183
1407
2226
1363
1265
943
981
1236
821
1243
1203
907
1504
795
1091
848
898
1044
1134
1179
1084
880
897
1222
1307
1107
1308
865
1032
1564
1001
1766
942
934
996
1224
930
925
890
983
794
1087
954
1064
1298
1386
1661
1185
1402
1184
1222
1131
1050
1485
1280
1202
1147
1053
1516
1200
1430
1541
1175
1122
1998
4370
3023
2298
1651
2072
1760
2995
5546
3862
2225
1779
2672
1626
1474
2671
1396
1684
2327
1455
1715
2431
1986
1564
2233
1358
1695
1232
1233
1967
1321
1174
2778
1138
1166
2190
1428
1070
1089
1315
1394
2451
1256
1727
1121
1098
1450
1054
1110
1165
1132
1648
1136
1998
1926
1225
1236
1475
1668
1380
2041
1173
1480
1237
1149
1770
970
1020
1905
1016
1159
1178
1210
1259
891
1017
1049
1188
885
1591
1004
877
1084
879
1257
1167
936
1462
1085
1483
1133
1319
1308
919
1329
1036
1236
1977
1391
2205
