1341
1054
932
1129
894
1001
1660
1245
1158
950
1135
1311
1079
1045
1680
1259
884
1003
1383
1134
1076
991
1011
923
915
1285
969
1168
924
889
1110
956
912
968
1151
1191
1451
1913
1004
1034
1034
1925
1145
1217
1949
882
1045
986
1048
1547
1169
1239
1957
1096
1471
1072
1375
1067
985
1122
1535
1591
2175
1759
1172
1441
1210
1068
1150
1064
993
1140
1023
1015
1022
1289
1026
1188
918
1171
874
1144
1095
1192
1085
986
851
1298
1070
1210
1077
1252
938
1155
1268
1375
1231
1202
1329
1034
1408
1372
1329
1023
1156
1153
1215
913
1197
978
1310
1175
1106
896
868
958
899
1438
1031
1247
1335
887
1433
1361
976
1080
911
6901
1190
1011
1173
939
1339
1067
1036
1026
1202
952
1180
1173
1212
1366
1073
1577
1255
900
1271
1172
1018
1044
971
1281
972
1145
1186
1088
910
1096
1120
965
1187
1105
1216
1043
960
1129
946
1019
1022
1631
1256
1174
1026
1180
1022
1063
1663
1937
1255
1081
1792
1100
1018
1180
1016
1025
1191
1024
993
997
1264
1154
1044
1098
1104
968
1051
1213
1430
1274
1111
1254
828
1241
974
1986
849
1228
893
1160
1095
1301
1362
1292
1050
1314
1021
1595
1669
1175
1127
1313
883
1080
908
1022
1135
1011
1060
1030
940
1412
1067
996
1351
1113
935
1058
1178
1142
970
937
1320
1030
902
1088
1183
1189
1303
1077
1062
1035
1094
1082
1052
1009
1331
1917
908
943
1112
952
875
943
1068
1183
903
1347
890
1334
1371
932
1073
1123
1110
1098
931
1278
1195
1179
1149
1016
984
1123
1063
1151
1057
940
1106
1193
1044
1220
1008
853
1008
857
1018
1013
905
1043
1029
1241
1104
1002
1080
954
1088
1234
1136
1024
1066
1033
913
735
1139
1024
1031
1000
1062
887
1148
1045
1052
1078
953
1036
969
1066
875
961
976
1145
1003
1030
931
819
836
1129
930
1697
1059
1081
968
1104
859
1023
1041
1118
888
837
1058
1135
1144
1055
870
983
1135
929
973
966
857
881
865
1034
1012
859
1015
1310
913
1356
1146
921
1285
922
938
948
955
1104
798
1138
880
1039
938
882
1001
895
824
851
802
870
962
919
978
898
821
896
1081
870
873
828
1049
1019
816
1148
968
939
1128
942
1038
808
960
931
948
1073
888
964
864
977
1014
874
1023
806
1016
1119
835
905
852
1162
968
994
940
1142
952
1090
1084
817
1165
916
1430
1768
1030
1444
1431
1170
2147
1316
1237
2567
1500
1268
2980
1154
1230
1178
1171
1574
1224
1215
2118
1106
1141
3030
990
1160
944
1154
1426
959
1129
3169
1236
1372
2968
1171
1569
1094
907
1834
1186
1137
2338
1192
1327
2395
1052
967
2216
1561
1440
1043
1104
1847
1474
928
2329
1171
1136
1329
1198
1588
1194
1243
1777
1025
1205
2373
1025
1076
2932
976
1132
1104
978
1569
949
1076
2609
1180
1174
2236
941
1210
1248
1345
1104
1179
1112
1182
949
906
1212
1278
919
1091
1145
1315
934
1024
1009
1028
1145
885
923
906
986
1181
1037
1107
1063
892
939
868
972
823
879
801
948
925
1028
1052
916
1064
985
783
1028
1125
1083
845
916
1164
1123
1004
875
1066
963
1004
1311
1089
997
1206
994
937
898
824
980
2406
962
1039
850
1277
1105
2263
1323
973
888
991
1117
917
928
945
1027
997
1025
828
1081
987
861
1049
1044
1038
1053
990
1343
935
945
949
1006
931
791
848
862
1057
780
875
862
927
995
913
1191
830
790
1046
826
1049
977
1010
970
890
919
896
931
813
891
1106
1226
1363
820
918
817
893
816
1040
1373
872
858
1123
980
1204
1100
1147
941
1104
898
1002
1078
926
932
1158
1147
1122
952
933
835
812
1095
828
925
1067
1094
958
868
889
1051
1236
1124
1148
1507
1055
998
1156
1259
863
1032
993
1445
1152
1016
821
927
1037
997
943
1481
1062
1054
1706
925
1194
1040
1226
1964
1233
1110
1935
1006
1049
906
1317
1463
1201
1147
1722
952
1049
2079
1363
1168
1314
1267
1471
1054
1047
2163
1149
1184
2109
992
914
1171
957
1629
1087
974
2313
1119
1345
1648
1073
1425
1000
1048
1774
1276
1025
3134
993
1119
1137
1016
1148
1028
1203
1976
1030
1069
1682
1100
1232
1031
1147
1601
1056
1090
1387
1227
1252
2223
1015
1184
1371
1175
2477
1539
1787
2687
1071
1481
1269
1700
1342
1374
1213
1291
1136
1112
1028
1244
991
1249
1229
1159
1114
919
1207
1079
1039
1069
851
1073
1000
1233
1117
1078
934
1108
1013
1155
1358
902
967
1247
1194
1013
890
1193
1310
896
1450
1025
2435
932
986
1487
1359
1460
1216
1840
1877
1252
1922
1159
1383
1071
1040
1107
1221
1182
1099
1136
1225
1235
1062
1054
1290
960
1246
940
1525
1596
1024
1393
1101
1337
1117
1224
1597
1330
1124
995
918
1178
2482
1451
1234
1251
919
994
1652
1120
1024
1429
1291
1220
1089
1360
2462
1384
1207
2594
1082
1305
1155
1122
2009
1129
1236
2083
951
1211
2072
1406
1125
1610
1318
1486
1113
1255
1606
1126
1119
1386
1231
1254
1127
1385
1337
1308
1361
2566
1003
1277
2603
1105
1102
1441
1069
980
1048
997
1208
1210
1041
1843
1150
1307
1335
971
1210
1038
1243
1327
1435
1407
2746
1391
1080
1121
1504
1382
1318
1449
2305
1291
1250
1935
2047
1510
1283
1611
1182
1396
1456
2457
5227
1659
4382
5047
1583
7966
1423
1272
1211
1628
1255
1604
1823
1806
1685
2462
2171
1623
1133
2826
1366
1548
1596
2160
1424
1773
1328
1186
1455
1781
1213
1129
1353
2309
1429
1609
1671
