1142
1114
908
993
1150
895
968
1090
1162
1183
1098
2819
1684
1320
1405
2211
2074
974
1151
1206
1060
1060
1039
1071
1069
957
969
1109
1420
1082
1091
842
915
1375
1095
1346
1009
1002
914
1075
1053
1086
1423
891
1030
1064
1015
965
907
962
903
1294
870
1067
1190
1016
1118
879
1070
1084
970
892
1163
1071
949
905
1142
1053
830
1145
1390
1131
1431
1050
1475
906
1095
1180
946
1161
1168
1123
955
1217
1100
900
976
879
854
1265
958
1019
900
1129
859
1205
1082
1327
980
936
972
935
908
974
948
944
1308
1197
1169
1011
1194
1543
1089
1227
1185
1266
1323
232589
1347
1196
1278
1616
1428
1300
1535
1545
1344
1396
1512
1562
1621
1425
1346
1434
1565
1209
1369
1583
1219
1306
1143
1039
1160
1179
1120
1182
1519
1356
933
1001
1125
1127
1108
1153
1018
1085
984
1049
1220
1006
1076
972
946
1201
874
1210
982
989
957
874
1105
980
923
1388
1074
1212
858
1016
1120
1035
951
874
1031
954
1127
1173
1043
1076
997
1115
1065
939
1115
1225
979
852
1272
902
821
941
1071
1198
968
959
1121
889
1011
972
865
1002
789
957
874
954
846
828
1227
843
971
1033
953
855
1007
1017
1143
1077
1047
1313
970
1068
938
993
1084
1303
1147
1448
1099
890
1111
932
899
1054
1186
960
1030
1058
895
956
942
1045
2167
1079
987
1038
1168
926
987
1015
989
1220
1166
934
1400
984
1077
1023
1022
933
1235
988
1284
1183
903
1198
1061
1129
1148
1051
1132
1021
1000
1264
1021
1020
858
979
1123
1021
971
1177
925
880
839
1157
1102
1211
1038
1372
969
1110
1103
971
991
1202
1085
1156
1108
923
991
1292
1093
875
1000
1193
1133
1266
983
1023
919
928
760
1050
980
811
1310
846
1045
899
994
1086
807
1049
1076
991
1064
953
1195
846
900
1039
909
1069
1032
985
944
817
1105
831
1091
1034
809
940
963
1057
944
834
983
837
996
929
1136
1035
809
1052
976
919
1180
1150
1052
1063
939
923
1024
759
868
1280
951
862
900
858
1004
878
1191
935
1166
1139
939
1293
1096
992
1086
1039
842
1004
1149
1119
1189
933
970
1017
873
906
1034
917
894
860
1130
887
959
872
1027
1095
973
1073
926
1085
1229
1004
1333
1316
1031
990
993
1058
1203
954
848
997
872
867
1056
859
950
967
921
990
972
1230
1080
1132
924
880
925
841
947
1031
827
985
936
927
941
873
1015
1093
966
1014
1055
1080
835
1015
948
1267
808
880
1090
882
1188
915
828
992
967
1118
1093
1135
961
825
937
1017
1098
1170
1118
1131
1116
1154
1081
1159
1212
1090
1312
921
1282
925
906
1314
1048
967
1149
970
1041
766
1164
888
907
1002
994
1129
828
1311
997
885
1024
1139
1181
839
975
1311
1043
1251
1096
918
1528
994
1478
1209
1172
1209
1060
1145
948
999
1059
900
1118
1010
1154
905
889
966
862
1088
984
1137
1146
1044
1060
865
959
936
813
1054
1662
1275
1397
961
1120
917
984
1013
1160
837
835
1877
1250
1014
960
1050
1170
942
1021
1457
1088
990
892
1073
1024
932
852
1543
907
1130
1845
987
1969
1040
837
1382
956
1724
1816
4797
2964
2890
3388
1799
2112
1934
1486
1340
1208
2049
1746
1924
1414
2386
2235
1732
1521
1870
1645
1445
1191
1133
1422
1539
1423
1182
1438
1183
1123
1210
1971
1786
2257
2125
1644
1835
1596
1805
2918
1733
2103
1719
1861
2359
1226
1380
2798
1308
1533
1153
1409
1155
1217
1368
1506
1090
992
2014
1545
1445
1675
1816
1464
1172
1249
1613
1162
1306
1268
1237
1213
1206
1266
1058
1278
1181
1921
947
1103
1353
1096
1000
1141
1120
1312
961
1622
1090
932
1186
1044
1055
985
1177
902
1258
1437
1035
1399
1129
1400
1121
920
1802
1066
1339
1172
984
1113
1111
984
1201
960
943
1194
1106
1328
1478
1010
1159
1114
1356
1561
1089
1230
1036
1005
1096
1097
923
1111
1178
964
1301
1107
963
1177
1445
1469
1287
1973
1604
4534
2357
6782
1947
2243
5700
1989
1439
2162
2013
1558
2107
1081
1186
1528
1464
1671
1542
1229
1457
1179
1028
1711
1102
1446
2014
1085
1237
1248
1240
1218
1191
1221
1091
1236
1012
1646
953
955
1121
963
1021
1110
1091
899
918
1200
901
1079
965
1097
991
1704
975
889
902
992
1092
1318
1003
1037
913
1123
1432
1020
961
1071
1052
1197
1060
1208
1051
1151
1063
1173
1054
1184
1151
1161
1287
1012
925
1282
978
1161
1005
1148
1147
815
1095
1074
1259
881
1027
1010
1172
959
903
1061
857
1076
1221
882
1104
999
1115
996
1023
924
1154
946
895
1121
922
1039
1166
1052
1307
956
1135
1364
1231
1086
1129
1213
921
1136
1028
1013
1201
1009
1093
1040
1121
842
1313
1007
962
1113
992
798
881
954
867
978
1238
960
962
1230
1089
1140
1083
848
1024
1059
1110
1056
1007
871
947
998
993
1146
1276
1091
987
848
903
880
1017
826
1137
860
1133
1199
840
1091
832
996
901
858
1135
852
1231
852
1136
891
1006
937
1036
1243
956
841
1051
886
1309
1014
1144
1485
1087
1165
1099
1145
1196
992
942
1446
1002
1005
1089
991
1027
950
889
1502
1065
1247
1884
938
960
1104
1146
1107
1138
871
1041
1120
1056
1131
968
968
1260
847
1060
826
1034
823
8282
1011
1036
952
1171
948
1020
1281
1331
1168
1078
928
952
986
918
1172
1208
911
970
1171
956
822
990
986
1047
1082
1000
938
981
969
941
