1296
1298
1142
1233
1166
1315
1206
1112
1297
1040
1005
931
1008
980
941
974
1235
1135
1346
1031
1085
1114
1213
1405
1618
1224
1250
1706
1243
1255
1388
1292
1311
1178
1210
1540
1203
1271
1122
1070
1121
1044
1320
1557
960
1374
2124
1299
1259
1475
1388
1281
1231
1177
1111
1209
935
1118
986
1103
1016
906
1261
915
1001
1235
1243
919
918
1002
987
1050
1074
1088
916
899
1052
897
1251
850
865
929
983
961
814
1218
967
786
882
1012
1223
1065
1460
1106
1635
1315
1565
2068
1678
1259
1580
1165
1282
2023
1381
1319
1285
1488
1358
2003
1126
3915
1058
1566
1629
1371
1084
1968
1658
1580
1374
1728
1309
1478
1934
1623
1445
1441
1430
1230
1410
1455
1324
1244
1092
1186
1262
1216
1312
1422
1433
1344
1311
1137
1177
1039
1220
1312
1104
982
957
1179
1104
1096
1133
1218
982
951
1249
1351
1141
1027
915
1383
1164
1462
1471
1108
1110
1108
1127
1025
1332
960
1353
1333
984
1134
1076
1264
1060
1048
1299
1209
1070
1757
1142
961
1039
1041
1143
1076
995
1314
1413
1125
1262
1185
1977
1127
1298
1014
1038
1160
1192
917
973
1075
975
1068
828
949
1047
968
907
1075
1222
1037
1127
1495
1765
1090
971
1620
1009
1212
1433
1264
1304
1015
1192
1629
1307
1379
1086
1063
1865
1080
1086
1342
969
1197
1620
1105
1261
1049
1152
1242
964
991
1079
864
1129
1427
1049
1589
881
1065
1453
950
974
1576
922
1139
841
1077
1609
946
1254
1253
1562
1047
1679
1226
1151
1297
1027
2250
980
1381
1653
999
1134
1100
1181
1416
975
1358
1861
992
1075
2039
1014
1072
1181
1274
1560
939
1007
1129
1061
1216
991
1040
1003
958
1264
1466
1210
1021
2209
902
953
956
1022
1082
971
1291
912
1059
979
1196
971
908
979
1089
1015
1124
1018
1119
870
943
1005
1010
1244
940
1108
829
805
1077
1035
1108
855
906
867
1109
1073
953
1366
859
1553
1038
857
1075
1035
1102
1252
962
1109
1085
1134
956
892
1014
926
1014
981
1344
920
873
880
770
977
1035
833
1240
1003
1090
963
1047
1074
1139
935
1236
1111
889
1096
871
817
918
960
1003
998
1045
870
995
1144
1808
982
832
825
867
938
998
786
931
1826
1088
1108
899
1191
1134
1098
958
947
1051
1365
886
1157
920
1082
1051
924
991
883
939
931
896
952
915
1051
1007
1187
831
1212
984
862
1226
1022
1105
1013
919
982
957
920
1021
844
1224
1133
952
885
1050
984
1240
1091
1055
1249
1183
972
1308
1063
1255
1009
1088
1057
988
948
985
1073
1081
1093
1160
1138
1184
1038
1102
1183
1044
963
1154
1101
1085
1225
1171
981
1267
1278
1462
1008
1095
1418
1579
1028
1146
1192
1024
979
1941
1008
2603
1495
1339
1337
1381
1639
1513
1208
1635
1956
2136
2439
1927
1746
4637
1986
3113
2014
2517
2285
2596
2234
1634
2587
1785
1892
1208
1155
1266
1379
1126
1343
1416
1269
1528
1295
1428
1028
1882
1379
1129
1352
1764
1472
1250
1923
1177
1424
6020
2142
1794
3130
1585
1773
1845
1396
1326
1266
1349
1573
1221
1846
1604
1330
1376
1627
1733
1888
1561
2132
1640
1638
1944
1390
1113
1932
2112
1442
1512
2062
1387
1701
1646
1608
1565
1479
1304
1244
1331
1410
1980
1168
1552
1495
1198
1056
1310
1268
1029
1422
1283
1308
1231
1652
1572
1282
1087
1301
1181
1079
1052
1259
1021
1110
1474
1442
1564
1317
985
974
995
1359
1148
1656
1042
1162
1428
1054
993
1069
955
949
885
1076
1222
1308
1456
902
1198
1173
1134
1173
1040
885
1152
1114
917
1244
918
904
1110
918
931
1016
1024
977
929
1093
872
896
1027
1144
907
1039
904
1152
1357
920
1295
1296
1044
1127
1284
928
1323
1234
1426
1160
1108
1182
1221
1523
1230
1250
1354
1119
1433
1358
1376
1161
1072
1605
1637
1204
1257
1482
1451
1256
1454
1268
1535
1994
1851
1191
1209
2444
1341
1276
1061
1103
2058
1216
1362
2005
1037
1214
1860
1254
1217
1600
1297
950
1230
1257
1231
1079
996
1143
987
1033
1321
1585
1401
970
1116
1116
986
1007
2005
1327
1463
1527
1198
1341
1223
1223
1310
1021
1298
1454
1963
957
1076
1077
1088
978
977
1136
996
1295
1112
1315
1441
1112
1046
1753
1091
1106
1253
982
1297
1089
1135
1052
2064
1121
1067
1047
1118
1237
1186
950
952
947
1421
1276
1546
1645
922
1091
903
1016
1321
1125
1343
1151
1129
985
1039
975
1001
955
1216
1599
983
1583
1622
870
1351
949
1067
1145
1165
1340
1227
1015
1325
1417
957
1302
1179
1447
1159
1068
1285
1665
886
1391
1018
985
933
1106
1169
1106
1156
919
1246
1083
1016
1031
1045
1153
1127
988
889
839
1218
1115
1591
1246
1013
1086
1436
951
1002
1407
1285
1100
1011
1008
1157
971
1022
1073
1140
1042
1484
951
921
1119
1162
977
972
947
1301
1175
1328
1084
1220
1318
1139
1193
1771
1122
1044
1116
1362
956
1167
1027
1345
1463
941
1312
1183
1175
1093
1228
1038
1171
1142
998
1130
875
1038
897
914
1363
926
1132
1236
1143
968
981
1062
1032
952
938
832
837
1020
885
931
893
859
986
806
951
962
813
979
806
1150
1161
965
940
842
913
964
878
978
969
1124
923
1022
1038
1526
1035
911
999
1284
1031
1531
1237
1573
1004
1320
1170
1047
1010
2059
1160
1322
2171
1133
1488
1115
1110
1129
1311
1355
1785
2509
1296
2067
1182
1472
1385
1444
1340
1096
1499
1365
1026
1652
2669
1496
1133
991
1403
1034
1231
1143
1464
1143
1012
1840
1116
1078
983
1347
