998
1352
982
1129
1061
1038
1033
815
963
945
1230
995
913
978
935
1214
1365
937
923
834
978
867
1150
955
763
813
813
994
986
839
997
1027
1111
981
1058
999
891
1069
1069
1015
961
890
929
975
894
887
1353
923
895
925
897
1074
1016
1083
1152
1089
1565
896
976
1059
989
963
978
1023
1013
818
1103
1011
1175
914
1019
977
995
966
915
1093
1021
1016
867
837
1072
900
1072
896
1071
1017
859
1106
813
833
987
815
1074
1133
1130
1075
1220
1284
1082
1176
946
1237
953
1012
990
988
955
785
923
910
954
1209
1298
1141
1099
1223
1140
935
877
1147
941
1115
1082
1191
876
811
860
935
956
1001
909
1057
1104
937
851
960
839
821
975
951
1056
853
911
963
958
1004
965
970
1044
993
1228
1053
1340
1301
1280
865
993
1011
846
1124
1425
967
1096
878
1006
1178
878
1012
1100
1020
1302
1498
1318
1024
1291
1569
1227
1384
1487
1872
1001
1632
983
2581
979
1425
2007
854
1081
871
940
1339
1182
1264
1499
1222
1119
2380
1006
1062
852
1008
1249
921
1129
1399
863
975
768
1233
1626
1173
900
1265
1011
1010
2401
1108
1490
1028
1101
1558
983
1070
1654
1168
1297
1321
1111
1214
1063
1122
1771
1113
871
2092
857
1155
846
918
1264
1064
1059
1475
1056
1077
1139
1110
911
1015
1147
1256
1035
965
970
1004
870
904
1017
945
883
978
1217
920
933
955
1046
912
1001
934
1312
1002
1003
928
985
1036
969
932
943
989
1046
1148
1061
898
788
1123
990
1299
949
1121
1038
1411
1015
1105
1095
1302
1137
1014
1130
1268
1027
986
1022
1076
1087
1059
1240
824
1029
762
738
947
959
1099
900
885
971
854
877
1067
1069
926
920
915
963
951
837
863
739
929
866
868
1054
820
874
770
925
1050
819
1315
1070
1133
1024
847
1040
1292
1066
1269
1141
921
960
1011
812
1054
1031
1103
1415
1007
1171
1041
1101
860
1329
853
1186
895
822
873
822
844
1096
910
885
976
1053
1002
928
968
1169
1020
897
982
898
1035
1207
1276
1080
1069
819
828
901
1165
927
979
980
928
1393
958
1068
1056
1274
959
1235
1308
1485
1154
1123
1357
1260
897
1700
1102
1526
1628
892
1618
1162
1127
1353
983
1925
2389
3288
1864
2225
1414
3525
2532
1610
2434
1363
1338
2186
1678
1276
1416
900
1133
1900
945
1348
951
1000
1435
894
937
1368
790
918
1553
1140
973
958
869
1510
1153
833
2113
1077
1231
898
1000
1647
938
1008
1285
970
1104
885
890
1759
906
989
1820
862
971
2209
980
1197
983
989
1120
1026
1046
819
946
855
917
1110
1015
1219
939
1016
893
1028
887
923
1032
1205
1035
1065
1112
1042
1128
896
953
802
815
805
809
846
898
985
944
771
867
925
1007
788
952
998
959
1018
916
959
852
821
1019
921
868
905
916
1163
808
848
1031
1142
1361
1057
896
859
844
1088
1082
1065
900
981
962
889
1031
898
967
862
797
1064
965
922
1294
998
1174
1080
1174
921
1062
893
966
1050
1113
890
801
825
884
917
1128
820
946
977
906
856
977
1074
920
932
1053
833
1243
1309
808
1451
1024
986
1067
1064
1064
1264
1132
1083
951
921
980
1138
938
1136
822
966
962
1124
1193
914
1058
922
1018
952
1111
1063
827
1121
900
1125
1260
942
1032
904
1022
1083
958
1036
954
1049
967
899
1028
970
1026
879
945
947
837
797
867
853
1106
875
985
1060
957
1008
1080
984
1242
1053
903
1019
934
929
959
1056
918
975
889
1015
871
996
895
1060
918
961
1415
1415
1242
1061
811
1033
957
856
1086
1041
911
789
877
1124
875
862
772
1008
882
1342
1464
875
978
1194
828
1013
1036
862
829
1233
841
1028
979
759
1230
1091
1190
813
1230
1060
878
935
870
1182
977
1008
1014
715
835
974
1033
1004
833
1034
1068
1052
1381
893
1254
1088
848
1348
923
1172
948
1385
969
1003
887
1189
1067
814
862
1072
1003
845
880
994
917
874
982
864
926
800
742
1046
933
929
1101
1078
952
889
904
846
933
1072
1049
880
1048
840
858
1158
971
1047
1469
1193
1475
1024
1154
1228
1249
1177
1230
949
1003
980
980
899
1045
1038
1077
1186
1378
1192
1057
1202
1091
779
1029
800
1042
974
817
854
827
927
1076
1152
1055
878
959
961
1168
824
931
1089
1034
1041
837
1014
1028
945
876
1083
913
845
792
970
793
1021
2809
1019
905
1012
875
1210
1364
1125
1048
1204
1040
953
980
1079
933
1053
1259
1001
841
889
748
1337
907
1206
949
1170
1156
1168
1126
1070
977
1124
1143
952
998
1008
1006
862
1015
825
985
858
859
1076
1336
1086
1053
1198
1334
2224
1076
1021
955
990
850
1459
949
973
893
1040
1186
1039
1299
1193
1092
1109
1096
1247
1198
1446
1063
1182
1286
1128
1378
1133
1901
1009
967
1070
1558
3191
2657
1205
901
857
960
1055
1001
812
829
961
764
1243
971
923
1088
795
1071
855
954
919
807
785
1009
819
846
940
767
1104
1061
1173
1095
982
891
961
1014
6714
7163
3309
1509
1344
1440
1356
1565
1046
1074
1258
1052
882
896
849
863
735
827
953
1087
990
985
1767
1576
1496
1226
1529
1226
1530
1550
1431
1424
1201
977
1050
899
888
1004
864
1001
871
849
1006
1122
1007
853
973
902
1033
1056
1094
1145
963
934
877
1010
