1399
1279
1181
997
1654
1078
1032
1160
1160
1106
964
1018
1665
1106
1525
1334
1009
1266
1066
939
999
1255
1089
1233
1147
913
1237
1110
1223
870
904
1656
1089
1084
1056
1175
1163
926
1114
1149
1105
1092
1401
1038
906
1147
1004
1223
1062
1364
1596
956
1094
1043
1047
1214
938
947
1231
956
916
1008
1060
885
1224
1268
1474
1051
1091
1495
1142
1194
1033
1216
1356
1024
1060
1186
1172
997
1387
891
884
949
1263
1224
1071
1376
1571
939
1316
944
1104
1013
1202
1101
1256
1012
1044
1284
1177
1351
1035
1043
1057
972
1111
1414
1227
1230
1031
1005
942
1025
1063
1253
1052
1030
1021
1050
1127
1065
1112
1309
1003
1232
1460
1000
902
1072
1170
1004
1136
1144
1553
1149
874
1080
1014
1111
993
1038
1614
920
1289
1384
970
1069
1028
964
1298
1171
1078
1714
966
1021
1335
989
1157
1023
1130
1272
1012
1125
1302
987
1141
1710
1642
2290
1217
998
3732
1241
1107
1156
1063
1070
871
1117
1075
969
1155
1631
1186
1058
1051
1105
1163
1009
836
1310
974
1209
1446
1168
998
1249
1271
1485
1056
956
1720
952
1145
1149
1019
1062
1208
973
1307
1284
1111
1075
993
962
901
1065
1119
1354
1151
1323
899
1253
860
896
1036
926
1191
1293
1136
915
1008
1108
994
918
1172
1570
1163
1057
1282
1127
964
1033
877
1294
925
1091
1211
1015
1094
881
1133
859
917
946
1381
918
1004
1041
1115
1029
1044
1049
1236
885
1102
1067
1003
1534
982
845
1390
911
1116
1311
925
1050
971
1188
1559
1271
1002
1431
1104
1154
1125
1124
1390
1254
989
1287
1077
1251
910
961
1181
1055
1040
1190
1226
1018
1759
1110
1012
919
902
1285
1072
1014
1632
1093
1046
1105
1135
1095
900
1188
1088
1020
933
1491
1186
963
1074
968
1078
1053
1036
1368
1139
1031
908
1117
1506
1022
1030
1314
857
1027
1071
979
1165
1097
967
1284
1092
971
1009
941
1087
1246
1237
1678
1117
1171
1301
1260
1442
1285
1213
1006
859
1118
1239
1062
1063
1079
1147
1047
1092
1051
1074
1097
1069
1238
861
1130
995
1253
1043
955
941
1324
964
928
898
1168
988
1230
1057
1285
1140
995
1439
1000
1150
1042
921
973
973
1252
1176
976
893
978
1229
1017
1072
922
1300
1016
1059
1043
926
1242
963
954
1155
993
1066
1089
980
941
945
1130
925
1263
885
1171
1098
838
1138
996
1000
924
854
1428
829
1055
1131
953
1075
892
913
1220
972
1117
1722
1066
1126
1125
1091
1003
886
1039
1292
954
1213
926
1005
1083
1042
1139
1037
1105
993
916
1044
992
1026
919
1067
1237
957
1216
1031
1047
1020
854
1217
941
975
1186
861
1052
808
952
948
897
1063
1188
1098
1082
927
1097
999
1049
984
1256
1004
1155
1055
894
1101
957
999
1235
832
1125
1456
1158
851
1006
1164
881
939
865
1175
1053
1006
1146
1215
1139
966
892
1270
962
1067
817
972
1071
1072
1080
1151
1164
1143
1170
1071
953
1269
1116
1193
935
912
1563
885
1005
1266
1000
1269
1234
994
1271
959
941
833
1059
885
3218
1138
1056
1277
989
2006
987
1190
1145
888
1346
1115
1211
1336
1251
940
1669
1036
1070
985
964
1086
862
1142
1156
1208
1070
1163
1142
1052
1036
1374
1414
936
1257
912
1285
1126
1045
1059
1226
911
1033
898
1087
1114
1176
1139
1068
1074
1081
963
1011
1070
919
1001
1081
884
851
1297
1064
1056
1001
891
1328
936
1004
1129
1152
1006
942
1271
1032
956
994
1195
1060
986
1854
1120
1207
1062
955
1590
1051
1238
1411
955
1101
913
1205
960
969
1031
1037
948
872
1380
889
1208
872
878
1558
1073
1105
1208
1018
1116
985
1049
1419
893
1101
1472
992
1062
924
996
1023
987
906
1138
1033
972
1181
841
1048
974
990
1009
1248
995
1438
1025
1055
1059
1080
1073
908
1060
1404
1176
828
1154
972
1287
1107
994
1069
889
925
1028
938
1039
994
994
1246
872
990
889
1276
944
992
1121
1049
1089
1188
1360
840
993
1120
871
1078
1052
1055
1418
853
1261
975
874
971
969
1016
978
1039
939
810
1117
877
907
1017
1060
1132
892
1540
966
1026
1023
988
1060
987
983
1220
994
936
913
988
1207
1112
970
1319
1048
1152
909
948
1089
1096
923
1437
937
1241
984
1399
1134
1011
1269
1092
1000
1018
1428
995
966
1038
1128
1103
1381
983
1312
1043
966
1149
1003
1006
1023
1167
1337
898
1263
1209
1207
1041
1024
1582
1200
1777
952
1222
965
1014
1094
1013
1053
1092
1017
1320
911
1207
1206
1113
1053
1093
1204
1016
1145
1269
1263
1104
921
1134
1069
966
884
955
1109
972
1170
1076
1222
980
1000
1317
1169
1245
1163
1870
1238
1085
1259
1047
1350
1209
1263
1462
1214
1340
1098
1373
1262
1212
1133
1037
1300
1007
1551
1046
1085
1170
1022
1210
1161
1037
1203
977
1234
1318
1138
1261
1097
1144
1020
1264
1044
1455
1193
1017
920
1155
1040
931
1033
1377
1077
1138
1178
1155
1055
929
1116
1097
1125
1116
1268
879
1154
1156
928
1168
1051
1214
1368
1148
1227
1102
1051
1047
964
1134
1067
908
1013
1327
1119
1387
1028
1111
1354
963
1235
1297
950
977
999
1087
1121
1099
1043
1372
1118
1049
943
1108
1225
1042
865
1333
1048
982
1090
1051
1120
979
977
958
1217
1053
1413
1048
1207
1095
1172
1015
963
876
1128
859
1090
968
1150
1094
881
1042
1237
1103
1313
1059
906
862
922
992
1261
992
912
1159
954
993
1007
1220
1040
1052
1219
1222
