1923
1063
866
832
990
830
889
862
1011
932
988
1134
917
1073
1021
923
1138
985
930
995
1038
983
988
1000
1012
1068
964
777
1082
838
1086
776
1018
1054
975
989
939
1226
990
1179
1159
1026
1408
1403
1321
1031
947
1108
1231
1140
916
1326
869
1001
1056
1057
1039
851
1048
1055
1355
859
916
1125
986
886
850
1087
875
994
1059
842
1023
790
938
1023
890
843
968
1069
1363
1158
992
900
1038
893
1009
812
909
973
829
1025
946
862
1047
1303
1182
924
891
1040
1017
884
804
900
833
1124
809
1015
1224
826
1131
835
1071
901
858
938
1031
1048
981
1079
980
1033
874
877
1147
1075
1006
1026
1339
1040
785
989
908
946
940
974
1115
853
989
1035
938
891
1060
1136
848
971
982
983
920
995
977
789
853
852
1036
946
899
1144
1032
1166
881
1117
822
989
1134
848
1136
791
1014
812
739
921
1083
881
846
1002
809
914
907
1095
1167
885
939
990
985
1031
973
939
930
834
968
861
999
1042
1004
797
833
984
947
1032
984
908
789
822
995
899
1113
1032
984
975
814
972
870
981
1005
946
913
973
997
932
825
889
1033
1042
927
854
885
1039
999
857
1080
831
1013
939
886
1024
977
1100
870
987
736
791
1151
749
878
912
1035
1029
880
1299
880
1021
1092
1344
897
1007
1118
1086
1327
830
1142
949
1039
1021
1129
995
928
1329
1024
854
921
1050
1164
991
994
1146
1065
1038
845
850
967
849
1017
937
940
884
972
988
928
849
1101
1086
1006
1289
910
980
1009
915
892
970
1102
793
926
1105
998
1039
1021
990
974
1132
919
1100
1062
1189
1195
907
914
1580
856
938
1129
1028
1462
969
916
1548
1291
1174
1208
1676
2043
7188
1885
1958
1958
4539
4490
2270
2507
1444
2329
2456
1822
1426
1145
1186
1217
1186
1677
1057
1702
1178
1214
1172
1182
1127
946
1350
1313
1196
1152
1110
1328
1140
1615
1086
1287
1017
914
2176
984
1073
1162
1040
1060
1151
1031
974
1196
1215
1472
1073
1323
1307
1208
1104
1986
975
1030
925
969
1049
1239
931
897
1042
1074
809
1102
947
1016
1212
1275
987
1245
1012
905
1108
1096
987
1398
1068
1034
1082
1001
955
885
942
1053
1271
1131
1408
1217
1093
1300
884
1081
934
1094
943
1098
1069
1441
1064
1632
1090
900
2115
914
987
993
1047
1368
1111
1088
1229
1069
1112
1048
1102
950
998
1036
1540
1001
877
1555
1514
1165
1140
933
1537
1207
1081
1346
1130
970
1116
965
972
909
1058
1354
980
1132
1482
2265
1628
2849
1878
3225
1691
1421
2489
1776
1457
958
1426
1405
1265
1244
1229
1293
902
1120
1005
1015
1196
895
1156
1243
1146
1064
1214
1290
1124
979
1000
1126
1140
945
1260
1248
1224
1038
921
1367
1055
1079
2121
1064
1180
1216
1696
1479
1094
1078
942
1186
1315
1274
1016
938
1160
959
1859
1246
1319
1417
1205
1294
1060
1061
1103
837
1167
1289
1183
1143
1477
930
908
1091
906
931
1225
1056
1355
952
1043
1014
1051
1073
833
1086
1072
1190
1147
1274
1129
1204
1455
1448
1248
1301
1168
1259
1204
948
1326
1004
1529
1001
1101
1027
1143
1215
1364
1191
1104
1019
1018
1003
1042
954
1041
998
822
1031
973
984
1008
1007
900
884
1002
1012
934
1018
909
1015
852
1042
841
1511
1384
892
1010
1077
1108
1181
1046
2030
1475
1288
1668
3651
1292
1158
1112
990
994
1137
1312
1058
1025
1161
1065
1147
831
993
1475
1190
1075
1406
850
1181
989
1121
1170
945
1030
890
1044
850
940
1108
993
912
992
1100
1001
1094
1274
840
914
854
1093
1112
1178
1582
1527
1247
1649
1802
2012
2196
1224
1032
1010
876
1104
2623
915
1251
1047
1095
1147
905
2360
1753
1612
1514
1715
5401
6811
1950
1614
1094
1260
866
1205
1189
1214
1256
1137
1046
1226
1272
981
1364
1127
1118
1435
1081
1007
1421
1084
1174
1019
1057
1065
1099
1243
1130
1167
994
886
1053
829
1037
1976
1083
1044
992
925
884
939
907
1037
919
1126
1123
820
963
1127
867
1104
816
1099
997
866
980
1047
1098
943
966
965
869
1074
897
1236
974
848
1001
1009
1046
1174
965
1107
851
1000
939
1066
917
1146
1110
1063
977
834
953
960
898
1043
975
992
956
1001
1165
933
1005
790
1088
1038
1159
984
1173
1135
1256
857
1164
1218
810
1132
1098
901
972
975
913
872
1084
969
1350
835
1059
1029
813
933
839
902
905
871
1088
770
902
879
949
1016
862
850
828
937
978
969
1041
846
908
1093
956
1007
997
1119
949
1128
878
784
1116
861
953
911
957
1057
949
1034
840
943
813
942
1030
977
983
902
1104
1390
792
917
933
818
924
860
1168
1137
1258
1001
923
1277
1203
1082
1185
1043
994
1022
995
929
997
984
1009
966
1016
952
846
915
997
1012
1195
982
793
1009
1039
1047
980
877
1078
1043
1175
875
1440
1058
876
1108
1029
1034
1063
854
1370
1042
1389
1153
1005
1235
1071
1185
1206
1298
1017
1086
1135
1187
1437
1185
980
1101
1025
1277
1285
1115
1078
976
1516
834
1135
1017
766
1046
1048
1096
1171
945
786
1118
1054
1077
1231
900
854
847
992
1270
1129
1053
977
919
1076
840
1009
1025
1046
1055
950
1130
866
953
905
2410
1175
998
1098
1151
1073
1166
1049
1092
992
1050
1753
1142
1105
1027
1144
943
987
1080
1028
1024
1013
982
919
968
1044
1073
