1124
887
856
1241
1188
1090
959
925
919
1059
1050
1233
780
944
790
1018
821
1049
949
843
1009
988
803
978
824
872
881
842
960
1054
839
849
1065
1032
1204
1159
1049
1101
887
961
1336
987
987
969
1110
1300
973
1105
928
836
1015
849
958
865
924
979
1036
887
831
1141
857
899
936
914
1162
979
942
768
793
993
827
1053
958
846
885
917
970
1054
1149
1029
909
1046
915
1012
847
924
925
854
1069
1001
1057
1000
811
929
930
1347
1142
1049
1015
904
853
844
1013
782
887
911
916
951
842
899
990
1073
1168
852
1116
811
875
940
930
956
1022
750
1077
1185
1063
1188
1161
1050
921
834
806
920
759
1088
1244
987
1096
1070
1134
965
854
1043
1026
1223
976
949
1082
1037
891
961
932
840
986
962
857
1032
848
791
1114
1535
1007
945
906
884
823
892
955
1038
966
895
1201
930
982
1022
863
858
963
1017
847
916
964
925
1066
934
1024
1031
927
898
897
983
1072
921
860
1151
1107
888
950
817
1026
867
830
1084
938
1123
1003
1000
831
1050
898
1184
889
1010
937
850
868
694
954
869
923
829
1150
924
852
915
869
1123
977
824
983
1012
1066
1016
896
1011
912
1017
759
980
946
912
883
809
990
802
917
902
852
968
887
832
945
1028
1157
1140
797
956
965
825
831
934
766
1068
788
903
942
882
1006
901
1089
929
906
846
838
860
1003
1143
1174
878
1126
1072
1200
1080
1025
995
1015
923
791
957
1266
975
882
937
1027
917
887
893
880
838
807
878
831
1188
895
1025
974
891
1077
950
848
843
802
1008
989
1072
1113
925
817
860
1094
910
991
961
871
953
875
1240
1099
1068
894
1189
958
911
1051
792
939
894
795
913
879
1159
1018
1070
1088
1072
1248
949
1120
1066
984
1091
818
1150
1004
1123
895
989
962
899
845
958
798
1017
1267
838
884
1018
790
912
773
925
995
921
960
738
1028
983
982
1134
1202
1125
1039
998
970
978
1145
1203
1168
910
1161
905
956
786
800
1143
976
819
1001
853
991
890
834
892
1000
898
848
997
925
939
1038
1002
1025
793
845
982
1178
883
952
1015
785
904
887
1067
1423
799
1025
1024
857
872
832
916
1065
937
831
745
964
848
1053
794
860
1006
944
1126
819
884
893
1297
916
832
850
853
1159
1023
846
949
782
1048
803
914
812
879
864
1056
1033
975
906
776
933
919
1018
841
904
1095
1069
901
903
908
1104
990
974
899
1079
969
993
937
895
976
1191
916
1033
982
925
892
947
1019
1185
995
935
1135
1013
929
969
999
1035
949
1042
1117
979
968
921
1022
917
986
921
906
1024
806
979
1022
895
1011
1034
906
834
935
851
1008
888
866
914
798
842
916
801
870
752
1051
902
1074
1135
1199
1014
964
986
923
830
1200
872
1208
994
1249
1156
1262
1140
1036
1068
1040
1049
1170
1025
972
986
757
855
922
885
1033
964
890
1030
985
990
1138
891
971
1269
969
984
972
978
878
959
1021
1125
1176
1202
868
1006
1037
905
1037
953
987
1019
1210
826
829
1235
839
896
1180
902
974
1237
952
997
982
901
1321
1144
1022
1016
938
745
1239
968
1052
1075
1220
1097
984
840
867
980
1159
893
1194
750
966
950
1120
919
949
1059
843
848
1087
1088
1118
969
941
1018
908
1196
801
976
1029
923
974
888
926
932
930
952
971
884
848
937
1161
909
998
746
948
1068
1024
857
999
1183
946
1099
945
1023
1284
925
1013
979
1249
1076
990
999
949
1020
979
923
844
833
889
814
1056
789
922
981
1354
1106
1118
968
1056
970
1103
774
948
972
781
859
826
975
984
992
931
981
1187
799
1236
974
1021
1006
861
1152
860
1070
1097
920
959
973
1068
835
981
1010
870
989
1042
1004
1025
795
1008
966
941
1069
1070
1004
905
1069
834
854
996
906
1035
764
1043
939
729
834
1091
910
965
920
1069
943
1142
1038
884
1063
862
807
799
1101
925
1114
1083
911
1082
808
1010
950
895
1114
872
961
951
1016
1091
892
1050
960
1014
868
976
1110
930
1069
1099
935
1006
929
1032
824
1021
890
815
1018
1023
1290
965
926
1584
804
1009
981
995
976
1164
834
940
855
828
905
946
884
1135
866
1085
1061
1033
1318
946
973
1052
937
1072
1118
885
877
1075
990
1033
1154
1162
895
1067
1034
1003
1027
1183
1017
1079
890
979
1053
928
893
934
1097
781
1038
838
1015
873
932
1008
1077
1048
971
1101
1102
1114
1049
1044
970
976
970
929
886
1166
993
1170
933
1128
1087
1135
856
1157
1034
1052
834
947
1002
1057
1085
1001
1282
1177
1179
908
916
912
852
973
853
764
1010
912
959
1017
895
1046
778
1126
1055
1212
1009
934
1158
806
1012
834
958
1090
889
859
990
1099
1052
1084
1144
1129
988
953
843
967
978
1049
1151
1100
989
948
986
911
882
991
1118
889
805
1013
986
853
951
853
1151
873
893
923
946
862
929
779
984
978
1038
772
1123
1052
1005
845
884
1071
1032
779
954
981
1042
814
1290
1119
847
925
1005
921
955
963
835
838
1086
930
919
965
965
939
848
1025
827
1084
848
791
884
922
1071
809
993
966
825
918
