1424
926
1082
892
1054
1044
955
783
798
1072
1010
807
1143
898
818
907
823
1036
965
1241
816
924
1027
756
992
846
934
876
887
846
838
919
821
935
985
1079
930
813
932
956
879
962
973
969
789
811
768
788
956
1135
1107
960
884
916
872
1082
816
954
926
791
1081
752
953
887
1246
1284
1017
890
1131
856
1007
1060
1083
1280
1031
1190
1183
1406
925
1402
1119
1028
1234
1195
1159
876
763
914
1112
808
918
957
1009
1116
1047
1139
1017
1045
928
1072
941
841
1292
1658
1130
954
1044
869
820
959
897
1038
865
863
1030
826
997
1035
971
1027
931
1133
831
1073
787
979
914
1121
962
868
887
764
808
878
968
943
790
999
899
757
1006
1201
987
1003
949
959
1081
1064
857
1118
1119
1072
940
959
942
846
854
1032
834
758
985
962
1025
1046
996
934
769
1027
787
880
858
957
898
840
1096
957
1068
858
1047
1048
984
892
989
986
1009
1063
968
862
1002
876
804
916
890
1161
904
1086
863
1075
854
1265
913
1181
1006
1475
1113
955
1119
884
1278
1182
892
981
766
1000
1015
910
922
860
959
768
817
1007
1015
969
1224
1022
1360
903
1434
1114
1224
1144
1133
939
1149
1063
1115
1096
995
1065
1056
1009
931
796
1069
1023
792
828
1030
925
914
925
1051
779
796
912
859
1169
927
935
949
1206
1029
975
1116
1039
791
983
1011
969
931
1402
880
1056
1131
1457
1052
921
1063
957
1121
929
880
996
963
831
1085
1157
760
869
917
994
933
1074
956
790
994
948
1062
1151
871
991
820
825
1037
876
914
887
1047
1038
887
835
1075
1052
899
1088
936
978
840
880
955
813
891
1212
1058
1016
881
1060
1040
928
1084
799
1074
847
939
973
941
887
848
889
817
972
983
1004
1036
975
1013
1009
911
790
804
1001
809
830
992
952
816
974
992
1046
861
954
1021
1098
1198
1256
1171
840
859
945
817
928
811
863
952
916
799
793
1029
859
921
925
868
917
901
1058
788
1043
1000
1080
943
799
843
912
1030
925
802
865
815
1187
964
968
909
860
935
822
949
1135
1181
1004
1092
1111
938
971
1137
1220
937
931
1167
952
842
985
904
1314
1007
1347
857
879
1118
933
814
947
1004
865
802
958
990
1061
803
823
840
756
940
945
875
788
725
1011
829
1326
832
822
917
980
1039
1064
890
1268
984
893
1147
1216
1409
1037
1058
778
898
981
896
941
849
1101
815
967
899
1075
1007
839
894
842
1048
1007
1010
1052
1139
1230
1229
1053
980
772
879
858
776
840
833
929
999
783
803
895
1070
1033
1021
822
964
932
829
962
936
1119
854
966
1052
1076
1200
881
932
1000
834
1080
1037
945
898
1048
1287
895
1276
1009
1034
1085
1002
811
779
784
1725
1002
948
987
1293
929
747
997
856
1095
814
1017
898
1034
1001
1002
855
960
796
1182
982
1051
893
928
799
928
804
1029
1382
1167
834
869
781
1051
881
761
884
1039
827
900
909
1008
878
1100
801
885
1073
931
1142
914
1108
893
932
873
854
1013
928
1172
911
850
865
1015
1044
1245
1057
940
1175
1019
840
885
963
917
805
957
1097
908
984
942
995
1210
958
1028
824
1007
904
967
910
983
994
928
864
1118
762
922
1539
923
1176
932
1110
843
777
875
877
998
1027
942
989
1108
916
839
948
933
954
860
945
1105
847
898
1042
940
909
1045
1031
807
907
1036
1050
901
880
883
1043
898
877
930
1081
802
852
1101
998
1061
850
862
1001
902
1020
743
869
858
792
953
760
927
893
884
796
852
927
972
961
794
999
991
904
1042
840
892
912
754
1057
795
894
952
888
977
990
912
875
913
1086
922
859
885
914
1354
1198
1125
1193
986
912
1077
1118
921
992
1274
1158
982
1004
1085
820
945
856
893
1029
1079
1007
1030
942
958
943
990
1046
1110
1034
1041
896
840
1033
1143
904
981
906
944
968
902
1038
1028
1076
1216
1177
950
954
1116
914
987
980
1046
971
855
1201
842
1166
880
905
1024
898
1230
1111
938
960
833
1157
1071
959
895
848
997
811
975
811
941
756
933
984
817
1107
957
1250
1061
1024
1007
1012
1129
895
813
821
921
1094
991
975
873
1058
1214
964
1102
1017
964
1099
1021
945
999
876
1242
775
886
938
857
925
1052
952
806
1028
945
926
756
835
892
998
1122
937
1001
1081
761
880
1021
1080
978
976
1118
816
852
827
1113
1039
1048
879
831
869
1056
1096
1140
1023
942
965
877
844
915
1043
946
863
876
817
1072
912
868
1189
1114
943
906
899
1180
1030
5050
1010
798
1226
1044
991
885
1027
1064
920
934
962
944
902
963
935
1033
1115
1199
1230
1312
1016
923
1436
853
1001
1015
911
1085
986
1247
1257
1165
1020
1450
1029
1038
1041
1012
907
943
1187
1073
1260
1021
1322
961
1048
966
907
863
793
1170
908
1021
966
1001
961
750
771
988
872
978
1029
1289
1021
771
864
754
844
813
1163
874
860
1097
975
946
839
778
1093
813
863
989
1030
1015
1041
916
1208
1098
972
1100
955
1038
970
781
1023
894
1031
1123
889
1141
949
991
821
926
1012
1024
1066
891
883
981
862
855
811
937
