1152
1089
1031
1198
1076
821
981
960
956
962
911
789
917
1143
779
874
914
831
999
909
933
950
900
824
870
824
939
1037
999
923
1015
1241
905
1007
885
1184
867
1217
1071
1002
968
943
966
772
1003
954
781
962
837
833
797
982
837
811
997
989
990
870
899
969
912
1028
891
931
946
845
1060
1058
1006
1030
756
1156
803
877
871
735
795
769
994
846
894
804
683
1060
757
1025
1016
1249
870
784
1026
942
897
1055
1043
1221
940
1394
910
811
831
842
970
951
704
951
767
823
807
1034
846
747
1036
841
958
1032
961
1323
1341
1172
999
886
872
727
1261
1042
1041
932
769
980
883
888
1060
958
766
758
961
745
820
804
851
858
1010
897
805
867
898
720
893
768
1055
833
1005
834
976
1083
865
1063
860
943
842
914
995
863
1008
813
789
911
916
813
916
866
885
883
963
943
905
819
1035
1052
1072
940
925
943
976
676
888
837
949
882
916
996
941
920
943
1085
958
819
1058
846
941
785
834
983
845
1147
827
987
813
999
1085
938
1005
884
761
1109
814
864
820
933
759
756
941
1152
1111
863
855
1123
734
813
916
965
1161
1327
1049
1204
1058
1013
1154
1192
988
1016
968
1037
1289
813
1108
878
988
986
947
943
1000
927
874
963
1240
963
1499
819
839
813
834
889
1017
1083
1002
870
815
895
899
814
868
925
1050
935
836
919
1471
1236
1006
1172
1279
1484
1056
908
824
875
1106
1125
1006
905
962
932
925
810
1247
886
918
799
856
846
911
1140
795
798
1015
792
861
864
982
1012
1038
1077
1297
1328
1086
1141
1347
1152
1057
1055
1012
1108
1232
1024
989
947
782
931
1069
836
920
877
974
1039
914
918
898
906
930
890
1280
967
1112
789
1101
1046
851
908
894
870
905
947
2003
859
1160
903
889
930
1239
980
991
997
1013
1006
1407
1284
1228
2419
1123
1173
1106
1225
939
914
971
933
1154
856
908
978
1020
896
1010
1031
1130
1084
975
752
811
805
954
787
823
802
727
925
965
888
882
895
994
945
886
1025
1026
1044
850
992
901
1159
864
979
1230
1034
1114
1025
1040
1125
782
998
774
1118
1092
880
872
853
1087
926
990
1227
1026
1109
948
1069
936
1025
872
863
921
953
875
875
959
833
1010
930
1004
987
919
800
956
798
739
973
791
881
720
887
760
868
979
1020
816
1030
838
1104
986
1016
1034
937
935
765
1085
988
1100
1198
1128
863
1283
1119
1021
1246
956
754
836
900
1076
906
888
909
880
1133
844
774
926
1022
1016
897
1006
800
850
1229
1186
995
888
872
961
897
877
991
888
1104
805
1012
800
1073
767
974
971
892
1108
938
817
915
772
845
944
845
975
892
1024
822
1955
1200
1253
1571
939
1134
1250
1313
821
901
1010
743
963
946
1037
797
923
960
877
1010
1042
1009
822
1069
933
995
1062
948
835
1100
851
1203
803
733
816
759
1025
975
1145
726
901
1117
899
1026
1190
834
833
906
966
891
1122
887
1353
945
925
870
810
993
1023
951
1001
956
982
930
1222
1191
1023
977
1184
828
803
1220
981
1046
1169
990
1042
1047
880
986
841
1008
1052
1027
989
1030
1014
1008
829
820
929
909
913
970
1018
935
897
1069
1145
877
1084
1114
1095
852
1072
845
851
841
898
1139
885
1041
1173
936
786
804
1049
977
1160
906
964
1121
986
864
943
1279
1401
1140
904
881
985
1103
1046
1051
754
950
1070
968
934
808
1001
875
996
910
954
924
818
873
902
939
934
882
885
850
1070
766
877
841
819
844
872
961
1114
1065
954
927
916
823
850
976
1248
948
979
925
964
899
848
967
990
1067
1195
966
985
1035
1325
1020
981
1105
977
880
1301
959
1044
1008
966
1126
971
1147
1050
1225
978
941
1161
1111
862
1009
958
1096
1238
1133
1146
956
1179
1127
969
1066
968
1115
1245
1132
897
858
868
880
892
1118
1068
898
1100
833
917
936
1040
831
960
921
833
1068
965
1065
997
1090
1018
947
1008
1026
1021
1009
1274
843
950
1271
1003
1111
956
997
969
833
1113
981
997
973
896
1128
844
888
1006
921
975
1021
947
1254
1131
1039
1068
983
1129
1065
1412
1430
953
1062
882
1571
859
811
1036
983
965
1006
951
1148
969
921
983
964
993
811
1037
1005
996
897
926
1102
893
919
897
968
897
855
1083
949
893
1049
819
1213
977
967
1123
1174
1038
869
1052
924
961
940
1506
865
1125
1165
850
1359
885
1190
984
818
903
1025
849
937
994
906
799
991
923
966
943
1340
904
975
845
897
997
1011
1017
990
938
886
1003
1041
986
1200
1195
1068
1087
1353
1458
1814
1236
1053
1068
1491
1179
1064
967
911
1218
996
1121
1103
1387
939
1262
921
909
1010
1322
1453
1155
1554
1451
1752
1403
1251
1439
1222
1193
1014
1056
913
1015
1175
1205
1756
1103
1155
1430
1220
1083
909
1316
978
1099
1414
938
1114
889
1023
926
1195
1005
1375
1219
1025
1130
1038
976
954
1004
1551
1043
1102
1118
1183
1205
871
1282
1171
1072
1117
1318
1605
1285
1135
1543
1325
1649
1295
1197
1035
1167
1381
1277
1493
1210
1258
1365
1460
1420
2095
1705
1857
2095
2076
2182
3436
