1314
990
1053
1175
935
983
818
1759
882
1060
808
942
974
1011
1034
1147
1483
1026
1096
1265
1481
1263
1198
1379
1069
991
883
1018
1090
880
828
1103
989
1048
842
960
1025
878
1013
979
1010
1010
1117
1584
860
919
1023
949
1027
884
1020
1017
1012
1031
871
1124
1116
938
1014
1319
934
1145
1045
1289
1129
1000
912
1286
1045
863
918
851
960
888
1256
930
880
898
862
2015
787
976
971
969
945
900
918
1057
809
1066
1777
917
928
969
915
1035
1351
1089
1011
914
991
1057
908
1103
1040
881
965
909
1151
972
939
1204
1179
1007
1016
1108
1267
1757
1227
973
1054
888
930
1088
1190
1086
1532
1832
1114
1664
1001
970
809
948
875
1010
1080
1061
964
1079
1217
958
900
989
977
999
1276
1152
851
898
990
1075
982
1749
1030
1137
1054
1009
1053
1085
1211
953
997
1126
1208
978
1013
898
967
1049
950
1368
1108
914
1070
866
980
831
844
860
976
1050
845
981
1122
1197
1125
1222
1018
1745
890
1132
1264
1665
981
1144
1012
983
1114
2020
1066
1099
978
1082
965
1434
1175
1673
997
1160
1147
992
1658
1104
1218
1841
969
1177
1827
1174
1258
1143
1312
1838
1195
1177
1104
1139
1124
1280
905
1213
966
1008
1290
939
1210
1336
857
1366
1099
1115
1739
915
1051
2021
1060
1105
1207
892
2856
1003
866
2136
994
1394
2349
1072
1633
2260
1101
1438
1049
1103
1928
877
1030
1981
1105
1735
873
1133
1587
1078
1406
1794
994
1185
1334
868
1151
1045
938
1934
1046
1238
2687
884
1534
943
1072
1507
938
1047
2041
1088
962
1154
1179
2073
1000
965
1733
1838
1144
2175
848
1328
918
1016
1292
1118
1100
1876
1140
1061
1383
973
1118
919
1005
1274
1237
1970
1742
961
866
878
1011
1087
2283
1052
1076
948
843
1084
931
996
918
4832
1127
1071
1049
963
1156
1027
1030
1139
987
911
1060
1135
1192
1110
1198
1055
1227
1061
1125
1096
988
957
1627
1099
1176
1124
958
1083
1032
1090
1213
1247
1055
1230
997
1256
1056
1256
1287
1276
1188
971
1085
1208
1183
1150
1574
1045
1308
1258
1362
1176
1045
1321
961
931
1004
1046
1033
843
1079
1007
915
1083
1142
1455
956
972
918
998
1033
941
941
932
850
852
1102
1146
919
1097
847
943
874
878
1115
1040
1164
1006
1088
1085
1049
1136
981
970
1410
813
1369
952
1038
932
799
993
963
1122
938
1161
1040
1247
1307
977
1082
958
778
909
1055
1056
910
1193
841
808
988
796
927
823
861
844
899
838
926
1153
952
1006
859
997
973
1037
1102
810
913
1001
942
1046
966
1049
901
993
1091
909
1051
1390
950
2377
1469
5661
1507
1511
1813
1319
1522
1501
1074
864
1130
947
1086
923
900
906
944
984
957
1077
988
874
1122
899
1145
1064
1083
984
838
940
1080
915
977
821
953
1004
1016
876
1105
1081
1002
4670
1119
1027
927
975
993
792
898
997
972
791
876
1856
1046
955
979
1370
1041
795
875
902
1187
948
920
939
801
853
939
1043
919
863
791
903
816
1004
963
902
1017
868
1096
1128
996
1022
1030
946
931
1148
1011
957
1075
921
964
1082
1117
1004
838
957
968
773
1063
1056
1048
1157
923
903
1008
874
934
1013
1074
998
987
974
1229
1088
992
1327
1053
952
1064
849
972
960
921
1098
837
1041
971
969
1263
1033
1032
833
1174
1079
1055
1251
1177
1017
1051
1177
1077
1056
1031
1178
905
1122
1050
1495
1013
1285
961
975
1087
926
1236
979
945
989
906
1138
936
1485
1115
1084
1175
1064
1281
1127
1149
1182
1157
1295
1263
1329
1281
976
1610
907
868
970
970
1107
1154
1005
969
1040
869
1047
1171
963
1042
1652
1156
867
898
893
842
1017
803
951
1058
990
941
888
758
1023
933
1183
1102
905
1206
890
1100
1147
1091
956
1077
997
896
1080
856
1146
1306
1036
1314
1311
968
1163
1236
1051
1174
1214
1012
1336
938
1604
1337
956
1380
1627
979
1061
933
1156
1090
987
953
1156
1063
1026
1018
970
1076
1210
1205
1188
930
1121
989
1155
1255
1234
1443
1340
1020
1261
1158
990
1233
1065
997
1161
947
1413
1986
1055
1130
925
946
925
990
1215
866
1192
951
1005
886
1193
1127
1226
960
1228
894
1119
933
864
950
849
1033
900
889
883
929
976
852
1065
1061
830
850
986
1132
1015
1039
903
834
879
931
966
1094
848
1136
1122
1050
830
1053
851
902
940
768
992
948
916
874
805
1048
909
951
813
895
867
1305
989
977
833
808
992
946
946
989
878
948
833
985
1062
1048
965
916
852
980
887
921
808
787
936
794
841
780
861
822
804
847
907
919
819
884
1016
983
981
1032
1050
928
904
935
957
996
956
1099
872
1184
951
947
1155
1597
872
1180
928
931
1056
876
1030
1862
1257
937
1805
1073
933
934
1003
999
832
990
893
770
955
981
782
911
755
1024
824
898
907
887
988
823
1057
1048
890
866
799
940
1259
905
888
860
1100
874
1036
913
923
1040
1116
1088
912
928
994
821
921
1104
913
1129
877
1045
876
1097
747
782
1044
846
848
1027
900
878
963
841
835
1047
926
824
1071
1131
920
1682
1025
1014
922
1000
1038
932
1132
879
1193
1177
850
884
924
1128
907
1073
1274
1063
962
896
1026
801
1372
998
777
1082
915
1058
1168
893
1277
1051
912
