2459
1252
1726
1600
1812
1388
1539
1568
1365
2120
1641
2366
2102
1985
2087
1309
1435
1410
1457
1523
1431
1423
1228
1348
1266
1333
1456
1412
1082
1184
1401
1387
1467
1435
1083
1159
1418
1288
1440
1225
1439
1306
1009
1287
1019
1216
1287
1113
1236
1109
1133
1123
1269
1213
1065
1046
1022
1110
963
1211
1037
1011
1131
1133
1041
1295
1097
1090
1156
1086
950
1238
1401
1090
1680
1172
1476
1146
1276
1387
961
1090
1293
1102
1297
1446
5747
1575
1242
1247
1029
1094
1652
1187
1321
1476
1621
1245
1323
1424
1537
1156
1112
1403
1413
1573
1327
1355
1192
1138
1487
1294
1129
1134
1187
1373
1206
1257
992
1107
1050
959
1262
1071
1172
1114
1206
1333
1136
1445
1295
1266
1062
1204
1338
1175
1335
1140
1009
1272
1129
1527
1120
1215
1327
1007
1576
1200
1139
991
919
1025
1006
1083
1039
1165
1009
1055
1144
1092
1384
1192
1000
1090
1283
1122
1144
1437
1134
1143
1153
1319
1286
1063
1051
1139
1067
1368
1025
1073
1166
1097
1160
1092
1080
1092
1172
1060
974
1021
1143
1192
1439
987
948
1086
1086
1143
1213
1088
870
1328
852
1146
948
1009
1011
1227
1096
1227
1077
1075
956
1145
1190
1433
1206
1138
1124
1116
1373
1031
1512
1366
1054
1274
1398
1140
1204
1386
1301
1167
1448
1117
1511
1154
1290
990
1108
1091
958
1072
1079
1231
1146
1121
1078
933
1131
1160
1079
1348
1161
1029
1164
1447
1257
1419
2082
1087
1244
1650
1279
993
1474
1158
1306
1241
1276
1433
1161
1236
1452
1380
1184
1172
1270
1410
1060
1141
1307
1148
1000
1231
1279
1196
1193
1079
1176
1253
1274
967
1144
1082
1027
1162
1105
1151
970
1022
1078
1326
1798
1393
1010
1090
1057
1001
1090
1058
994
947
1123
1214
1113
1217
1112
1140
1325
1137
1319
1084
1167
1158
1101
1325
1171
1083
1116
1484
1148
1151
1191
1170
1302
1188
1174
1794
1238
1358
1292
1240
1112
1250
1173
1602
1300
1505
1895
1697
1210
1421
1095
1593
1145
1016
1035
1087
1228
1166
1194
1157
1188
1457
1005
1189
1111
1292
1198
1150
1176
1191
1558
1168
1220
1545
1179
1399
1180
1377
1033
1091
1083
977
1245
1084
1413
940
1036
1489
1245
1134
1392
1280
985
1228
1007
1284
1045
1237
1187
921
1972
1071
1182
1394
1202
1188
907
1078
989
1143
944
1059
1025
994
1087
1053
1092
1094
1024
1087
978
1148
1143
1074
1124
1071
1038
928
1119
1043
1085
924
1080
1082
914
1025
994
783
1308
1201
994
991
1022
1033
1029
1013
900
1021
835
1414
1560
1587
1387
1102
1227
1175
1183
877
1055
1057
1091
1027
1085
1133
940
916
1049
1094
1300
1002
1263
1189
1202
1218
1136
1256
1387
1350
1019
1069
1366
1127
1395
1234
1041
1243
1116
1189
1202
1428
1167
1096
998
1280
1198
1326
1203
1169
1095
1880
1058
1076
1092
1183
982
1068
1059
1199
1060
4662
1728
1343
1345
1237
1100
1131
1350
956
979
1163
1154
1170
1109
1013
908
1193
1070
1074
928
1042
1013
1092
1065
816
1080
1035
1251
1006
1098
1117
1003
1097
906
1145
1150
1106
1028
927
1151
944
836
1004
973
1131
928
905
1081
1377
1222
1007
1122
1086
1264
1228
1459
1419
2275
975
1280
1477
1688
1548
1375
1297
1308
2086
1889
1257
1218
1259
1230
1193
2387
3203
5215
16936
7250
3734
2158
1656
1842
2465
1505
1278
2749
1626
1795
1953
3228
9158
1938
3538
7334
1766
2145
3256
2064
1839
2282
2305
1959
2647
1529
1595
1793
1307
1983
1208
1300
1441
1253
1472
1835
1726
1177
1623
1393
1388
1606
1209
1624
1212
1169
1646
1689
1538
1352
1347
1411
1147
1373
1522
2309
2083
3481
1609
1286
3119
1243
1588
2217
1567
2161
1192
1766
1595
1630
2033
2706
2100
1858
2208
1637
1792
3067
2048
1476
2264
1461
2197
1490
1267
1587
1563
1454
1790
1495
1400
2748
1299
1782
3049
1936
1874
1507
1566
1600
1443
1763
1350
1932
1462
2328
1732
1310
2929
1356
1364
1642
1447
1894
1343
1349
1533
1618
1390
2132
1521
1954
2085
1471
1955
1322
1186
1754
1228
1523
1642
1349
1458
1702
1425
1269
1868
1603
1699
1580
1111
1803
1351
1454
2301
1471
1416
2305
1172
1534
1269
1608
1648
1378
1966
2068
2799
3483
2020
2251
2003
1929
3097
1998
1957
2864
1700
1734
3436
5241
10035
2643
3984
2119
2661
2180
1968
1931
2089
1814
1954
1882
1493
1454
1541
1670
1428
1523
1325
1499
1107
1265
1602
1340
1398
1626
1318
1384
1180
1320
1450
1483
1150
1246
1467
1103
1828
1104
1396
1120
1157
1262
1140
1207
1203
1213
1391
1082
1125
1180
1265
1173
1093
1148
927
1311
1038
1214
1252
1405
1320
979
1322
1131
1088
1610
1212
1218
1357
1176
1205
1040
1184
1826
1589
1143
1574
1230
1256
1338
993
1044
1415
1038
1977
1515
1248
1081
1204
1204
1793
1665
1271
1171
1405
1265
1785
1343
1379
1178
1207
1308
1124
1564
1397
1084
1283
1241
1247
996
1191
1004
1407
1193
1702
1724
1106
1657
1727
1235
1307
1072
1222
1071
1177
1313
1168
1195
1397
1632
1178
1268
1116
1223
1178
1099
1296
1222
1207
1318
1213
1322
1149
1061
1143
952
1019
1075
1126
4558
978
1395
1049
1020
1276
909
1101
1098
1391
1234
1252
1035
941
937
1137
1193
1031
1405
1358
1506
1157
972
1278
1204
1171
2793
1488
1252
2282
1043
1441
1216
1288
1801
1179
1248
2492
1033
1183
2845
1341
1429
3357
1296
2198
1257
1715
1662
1273
1274
2004
1411
1339
3408
1299
1547
2197
1167
1241
1224
1658
1523
1200
1383
1182
976
1188
1470
1270
1073
1204
1148
1118
1195
1092
1510
1047
1058
1029
1116
1428
1397
1338
1217
1340
1568
1843
1026
998
1244
1104
