1976
1067
1014
956
1039
1056
1046
1121
925
830
990
997
847
1157
975
1054
1177
1017
1054
1074
1049
949
1083
866
888
1096
848
954
982
874
881
769
867
824
1202
894
958
1170
853
1191
1159
1240
1121
991
1024
897
945
924
774
836
917
1035
1047
1065
1046
1001
1359
957
942
1043
882
839
1307
1138
846
1261
987
825
1146
1058
1243
1108
1139
1015
930
1123
923
1084
918
1005
1156
1074
1142
830
860
1034
1076
1312
1002
833
1049
943
862
865
1036
1169
1168
1142
854
1019
806
905
1098
1000
947
1000
1151
1045
966
923
1014
937
965
1116
1071
1053
1838
852
1121
1017
870
1202
1020
1191
944
1093
1000
1021
1057
940
953
893
861
962
837
1045
867
1013
902
1159
1519
878
1151
853
883
1079
766
1004
1077
817
866
1001
1044
1050
1012
895
1190
1011
957
1056
1059
880
972
933
943
1152
948
908
1055
1143
1131
942
846
1174
905
989
929
1242
944
1078
902
922
861
1195
1028
990
1043
869
970
952
864
1167
869
1253
811
1025
1022
836
948
867
1087
1018
1038
986
1249
1102
983
1026
928
923
1232
854
916
948
1090
1111
862
1000
1180
944
965
1075
1202
1140
1018
1136
936
1189
978
1023
831
852
920
845
926
987
888
991
925
1070
991
1175
847
961
1014
1376
1120
827
1039
955
1068
879
1051
1070
842
1060
961
888
1187
764
1026
953
930
944
939
1170
1038
1043
1155
1062
1142
1029
1020
1097
858
1412
889
929
1097
1143
1173
1057
1211
877
896
1063
1050
1124
1320
872
1057
850
1074
832
993
980
1194
1066
1012
1138
933
1070
1071
971
1339
990
1110
1556
845
1102
847
897
1006
999
851
1300
1122
950
1078
1215
1157
976
961
931
985
886
1050
1199
930
867
899
844
850
923
857
1017
958
920
1081
938
1181
1107
1202
1151
874
1040
1031
911
1163
1211
1018
965
900
1025
1031
835
956
1021
969
1068
1133
972
1006
1148
1071
1061
1118
935
869
1226
931
1363
1016
1113
1231
908
1036
1203
1036
906
798
1011
925
1247
843
1065
818
809
1029
910
1140
1009
908
887
910
1076
790
1196
1102
891
1136
858
1009
950
897
934
828
1210
1146
979
979
974
1277
865
901
865
1094
807
992
1066
946
1063
1010
973
1154
1130
1024
1097
1231
1010
1120
1113
952
1064
950
869
862
914
1083
852
1088
982
830
1081
844
922
818
1199
997
1210
1292
1200
991
1008
865
1039
958
990
970
863
992
925
1183
1121
1219
1148
1218
1218
949
1077
810
903
907
927
822
797
1036
848
1044
896
831
1023
893
979
1281
1107
947
937
824
1060
956
1597
1221
1036
1279
1058
922
1167
947
837
962
780
893
1047
865
866
818
1017
1253
993
912
882
1177
1114
1058
942
1110
856
1073
902
706
812
855
854
980
903
832
966
795
1059
1030
937
939
907
804
864
798
893
958
901
833
1108
1047
1081
995
855
1043
869
1058
1045
906
1180
952
1196
867
906
955
984
996
796
1007
923
888
1003
956
917
2224
916
762
812
895
949
890
967
1259
974
943
1052
917
1003
865
1003
901
1014
894
976
955
757
950
818
807
1018
862
1010
1246
994
935
809
1089
906
1309
1109
1002
999
1004
888
971
981
864
805
957
848
990
812
1024
910
957
1072
797
1154
826
1009
879
1061
1161
1097
911
1002
1091
1129
867
876
882
851
881
856
885
904
787
1012
911
867
1007
891
777
975
723
1038
881
988
893
955
999
970
886
991
1161
964
767
1058
813
909
954
1026
922
1007
864
1157
1027
837
1095
1065
1071
1001
781
1147
946
868
943
1106
825
853
1093
1039
1087
937
979
1125
804
901
1052
873
913
823
1032
940
887
738
830
822
763
991
982
996
1130
1108
869
926
876
971
971
857
992
1006
1106
972
886
907
900
889
981
788
1165
1131
1028
1110
1118
947
797
999
925
930
989
917
841
898
1010
1014
1033
1249
1052
1072
1143
1246
856
1091
946
831
850
1011
1008
755
1114
953
893
1065
843
1068
967
880
833
863
781
877
817
853
840
785
776
1003
1017
1261
1149
1102
1044
965
855
783
977
959
910
1080
977
1034
992
914
916
755
825
922
1233
985
903
784
827
827
804
1038
772
853
794
723
965
907
939
846
1112
970
886
1135
1324
1011
1410
1039
1088
1257
1244
958
911
954
974
1147
1176
1195
1790
972
894
814
749
893
826
1165
1168
931
885
987
849
793
1002
877
839
834
784
897
849
1150
966
938
987
827
988
844
951
920
844
862
910
1195
1110
916
1025
987
1066
926
851
993
1011
853
904
848
853
906
1061
858
795
1193
951
1009
978
983
1230
891
1093
944
904
945
1179
1187
802
850
809
1034
951
820
899
914
927
751
1097
922
939
825
802
922
835
932
817
896
795
958
963
851
1226
856
793
1098
1007
1045
866
942
926
892
872
936
1107
840
1264
1086
1007
942
999
1054
807
1113
1006
934
986
942
1078
775
956
890
804
831
775
790
944
1058
887
990
1002
1125
778
1065
1011
1060
1138
894
1025
922
861
977
1250
881
806
1288
1029
1099
982
789
835
945
860
1106
863
878
963
1081
1188
1022
984
1002
851
940
943
1002
967
964
907
925
900
973
848
905
821
889
808
804
817
1118
