1978
1509
1112
1454
1316
1625
1599
1095
1991
1592
1032
2397
1350
1559
2019
1149
1377
1177
1096
1486
1169
1301
1391
1469
3585
2657
1570
1804
1603
7918
2204
2018
1769
4124
1884
1932
1412
1469
1748
1540
1477
2437
1324
1635
2150
1520
1593
1380
1412
1718
1230
1315
1754
1235
1371
2017
1240
1457
2801
1089
1593
1335
1459
1689
1427
1202
1530
1584
1295
2293
1457
1240
2983
1216
1377
1590
1184
1413
1068
1165
1769
1694
1370
2525
1245
1329
1344
1311
1201
1371
1381
1900
1257
1465
2356
2009
1401
2346
1182
1114
1050
1584
1588
1365
1078
1477
1273
1979
3682
1504
2453
2969
1390
1518
2690
2076
1367
2006
1371
1591
2089
1622
1904
1264
1381
2856
1453
1401
3574
1250
1644
3087
1480
1710
1261
1460
1621
1538
1648
2846
1377
1417
3545
1392
1850
3682
1239
1726
2090
1394
1816
1469
1202
2368
1512
1271
2738
1173
1226
3058
1473
1532
1940
1209
1785
2702
1906
1347
1275
1743
1890
1164
1145
2754
1596
1256
2652
1315
1467
2790
1554
1811
2559
1167
1369
2072
1716
1646
1625
1911
3056
2185
1390
2659
1377
1166
3054
1539
1664
2962
1431
13984
1586
1416
1156
1479
2158
1073
1291
2213
1357
1267
1318
1418
1397
1371
1080
1390
1169
1084
1879
1185
1428
1747
1279
1402
1587
1409
1680
1236
1410
1579
1483
1212
1979
1144
1752
1994
1362
1580
1153
1481
1190
1272
1262
1553
1405
1392
2255
1160
1447
1224
1213
1371
1295
1012
1697
1380
1316
1855
1684
1322
1960
1288
1242
1181
1256
1199
1396
1218
1897
1337
1383
2528
1321
1366
1576
1095
1391
1105
1434
1713
1505
1193
2682
1856
1590
3885
1208
2258
2765
1413
1441
1961
1339
1540
1767
1274
1361
1680
1496
2246
1617
1354
1900
1318
1579
3246
1602
2540
2818
1651
1188
1893
1541
1417
1590
1381
1189
1451
1654
1833
1414
1681
3153
1332
1546
1497
1354
1204
990
1601
1167
1610
1201
2097
1389
1455
3110
1262
1126
1408
1269
1493
1197
1116
1699
1308
1184
2260
1394
1404
1031
1529
1003
1141
920
879
890
1050
1324
927
1098
1023
1102
1181
1157
1215
1163
836
1061
876
1077
1020
892
1061
1017
1080
898
1100
904
1037
1195
1077
1149
862
1101
1177
905
1069
1079
1014
1074
1021
1486
1542
1427
1567
1192
953
1262
1036
893
1234
1301
1759
1363
891
1304
1255
1092
1155
883
1014
1004
910
935
1235
1134
1035
1020
954
1306
1043
1044
1082
1041
1218
973
1062
1063
882
941
1236
1054
964
1162
832
1035
966
1134
921
896
855
970
1884
1049
980
911
889
1066
1113
1137
889
857
1063
1037
999
828
918
898
1159
1195
1036
962
954
1004
931
870
1302
1008
1166
941
1007
1091
1106
1195
891
880
1408
1061
1209
1026
1107
930
1257
1293
1472
1019
1104
1343
1093
1318
1132
891
1125
1038
1217
2091
1009
1413
914
1003
1172
1210
1182
1088
853
958
883
1123
1118
997
1041
1049
994
977
1038
948
1233
1096
953
1221
1036
1518
1230
1263
1662
1159
1057
875
960
1249
992
890
858
1030
786
1091
1104
1204
1183
911
885
1069
823
1103
1251
1099
1407
1260
1006
1117
1202
1222
1658
1375
1393
1585
1077
1211
1802
1403
1350
1062
1201
1226
1024
1081
1112
1122
1026
805
1122
1167
1209
984
983
1685
948
1305
1044
992
856
864
1330
1386
1313
1017
1271
1560
1043
1666
1679
1293
1268
1923
1189
1172
1183
1359
1062
1205
1864
1413
1099
1049
1070
945
1054
1021
1171
957
942
1019
1418
1449
1158
1161
1169
1185
1483
1227
1599
1635
1242
1511
1170
1136
1091
939
1012
909
1163
960
1352
1518
1087
1526
929
1128
929
945
1123
866
1126
1553
1132
1364
1133
1161
1293
1040
1385
1286
1259
1368
1032
1062
1179
989
1041
1138
1056
1473
1349
989
1283
1042
904
959
1019
1447
1163
1580
1564
1029
1130
996
941
1067
888
899
1079
1123
1174
976
1054
885
1031
821
1153
922
1081
1256
950
1096
996
1038
897
857
1895
1196
1121
913
1009
906
1015
1117
901
1083
816
1032
1002
1055
1048
941
902
1079
1119
935
1036
1134
1417
1801
1208
1594
1343
1208
2870
2166
2084
2591
1459
1541
1141
1057
990
1187
1070
1326
1169
1092
918
1145
895
1312
1511
1172
1284
1505
1713
1233
1132
1212
1503
1116
1060
1278
1306
963
1013
1025
981
1056
1275
1178
2081
1507
1254
1221
1109
1245
1053
1093
1243
907
1392
1276
1775
1756
2828
1555
1762
1332
2085
1477
2498
1702
5435
2440
1428
3598
1543
1412
4159
1427
1474
3412
1492
1602
3457
1484
1831
2475
1236
1273
1876
1360
1261
1414
1039
2198
968
1157
2758
1169
1515
2194
1273
1144
1161
1185
1438
1328
967
2171
1104
1159
1980
3597
1985
1988
1689
1380
1494
1341
1611
1822
1269
2608
1023
1126
2209
1213
1404
1782
1019
1467
1074
991
1923
1181
1325
3905
1152
961
2916
1182
1153
1052
1210
1124
1096
1349
1665
1471
1060
1785
1854
1188
1115
1142
1239
971
1302
1092
1099
1006
1112
1088
1017
1042
1203
1121
1298
981
1426
1093
1032
1036
1031
949
1017
1706
1267
1747
982
1738
1394
1393
1431
1806
1358
1234
1067
1061
1238
1175
1074
1090
1228
1054
1013
1082
1333
1038
1077
1332
1092
1104
990
1171
1029
1107
1029
1056
1092
1964
1453
1223
1021
1244
1049
1244
967
1465
1109
1017
1170
1041
1318
993
1014
1108
878
1093
1129
1153
1150
889
1129
1192
1114
971
1263
1058
1246
1138
2193
1397
1217
1294
1286
1031
1094
1599
1144
918
970
898
1065
909
859
984
849
1133
1024
1104
1209
912
1102
1053
1156
1023
1135
1265
969
1021
1164
1251
1259
1119
1769
1325
1135
1018
1109
1367
1157
