1235
1812
1851
1510
1054
1137
1770
1124
1165
1055
899
1308
1238
1140
1210
1163
906
1036
1426
992
1178
996
1021
1225
960
1178
1084
976
1141
1433
1488
992
1523
1057
940
1461
932
1172
1235
1132
1188
1227
1281
1428
1120
1119
1291
1213
1086
1833
993
1474
1102
1117
1463
1052
1095
1508
1008
1161
1062
1072
1194
1079
1219
1093
1055
1014
1175
970
1176
1231
968
1141
1139
1052
1125
1042
1556
1534
1291
2703
1040
1066
2742
1087
1111
1078
1097
1468
1271
1068
2361
1094
1198
1960
1260
2035
1139
1071
1502
1227
1380
2626
1122
1247
944
991
1700
1342
1092
1803
1316
1487
2817
1085
1293
1072
1087
2002
1176
1281
1509
951
1294
1611
1203
1436
1125
1034
1299
1218
1247
2647
1083
1066
1218
1083
2077
1109
1207
1864
1162
1588
1673
1105
1272
1000
1215
1867
1194
1004
2251
1018
1253
1159
997
1155
1051
1084
1041
1282
1180
938
1228
1105
1098
1209
908
1105
979
1084
1372
996
1092
1043
1114
1128
1158
1325
984
1241
1100
1538
1382
1024
1636
1719
1361
1489
1031
1117
1111
1294
1437
1169
1086
1071
1879
1061
1139
1070
961
941
954
1253
1108
980
930
1034
1105
1016
1193
1087
1085
1117
1185
1119
1283
1174
937
1023
1061
1032
1117
1191
1399
1662
1079
1129
931
941
1053
1106
1035
1085
1480
1132
1145
1068
1089
1046
1130
1059
1565
969
1065
1054
1202
1287
1165
1017
1083
1282
1026
958
1122
1444
1124
1058
1155
1123
995
1103
1249
1136
1411
1955
1379
1258
1056
1298
1168
1340
1349
1375
1165
1152
1149
1073
1120
1076
1116
1175
1085
1141
1043
1109
1016
1187
1249
1003
1165
941
1341
1046
1010
1093
1032
1125
1036
1117
973
1207
1175
930
1104
1159
1041
1213
1081
1299
1110
1079
989
1081
1082
1011
1142
1015
1200
1165
958
942
1127
1216
1006
1281
1663
1073
1156
1100
1209
1181
1115
1232
1125
1245
1057
905
1386
1236
1083
1077
974
1233
1141
1360
1093
1199
890
897
1321
957
1097
1035
1027
1127
896
1160
957
1024
1180
1058
931
1044
1206
970
1003
1029
1075
1152
946
1071
1056
1069
1081
1137
1106
1393
1076
1131
1032
1098
853
1022
976
1037
1055
1035
1142
955
1033
1115
995
1125
1017
980
1019
1267
1208
1097
1071
1070
1035
1321
2363
1211
1257
1078
1079
1012
1176
1028
1071
1028
1012
942
932
1077
1000
964
1149
1076
1403
993
1220
976
1052
1283
991
1102
1022
1179
1018
869
1343
1158
1020
1076
1069
928
1178
1236
1182
987
1080
1031
1108
956
914
1174
933
1096
1028
1116
1034
917
1055
1087
1080
1005
1100
964
1078
1176
1160
1127
1117
1033
1024
1123
1050
1121
1024
1016
1091
1081
1052
1301
1156
1274
1166
1165
1051
1009
1001
1041
1350
1062
1080
1257
974
964
1082
956
1529
1182
1144
1145
1178
1030
1029
995
1010
1094
1141
893
1136
1085
1154
1380
1115
1272
927
1049
1034
1025
1244
1400
1214
1253
1240
1225
1054
1039
927
1021
1276
1001
1143
1289
1215
1195
1000
1225
1123
1034
1082
1277
1127
1012
1191
1041
1192
1143
1004
1351
1059
1122
1030
1325
1116
925
1304
1063
1135
989
1222
1009
1038
1069
1195
1272
1266
1191
1192
1095
1314
1020
1127
995
1430
1388
1283
1148
1022
1704
1169
1765
1398
1002
1061
1201
1015
1249
1138
1040
1037
1091
1062
1081
1072
1154
1130
962
1225
1212
1059
973
1067
1174
955
1277
1024
992
1118
943
1217
1130
961
1028
1235
1474
1122
1386
875
1161
1016
1116
1254
995
1063
1112
1256
1091
1026
1286
1310
1209
1131
1564
1173
1006
1152
1106
1328
1225
1103
1001
1045
1082
1094
1266
1060
1047
981
990
1125
1006
998
994
1166
1017
927
1068
1065
1137
1017
1273
1014
1142
1162
1089
1066
1366
1202
1287
945
1068
1168
1109
1061
994
1039
858
1106
1200
1145
1209
1195
982
1197
948
1114
1206
1069
1221
1285
1117
1633
1229
1092
1278
1045
1309
1055
903
947
970
1188
951
1012
955
955
993
932
1048
1002
934
2214
1137
1375
1259
1155
1120
1168
1269
1413
1149
958
1030
1362
1317
1145
1096
1052
1162
1085
1159
970
914
1042
1115
866
1030
953
949
1116
964
1153
1158
1075
1339
1181
1189
970
915
904
923
1106
960
1048
938
1001
877
901
1207
1244
1081
1005
1028
1174
1008
1052
1150
1211
1134
1151
967
1107
1428
1161
1169
1076
1077
1068
974
1280
1099
1114
1162
1008
1132
960
936
1185
1654
1314
1301
1157
1465
1043
1087
890
1057
980
961
1013
1145
1076
991
1113
989
1031
917
1397
1120
925
1233
1960
1164
1089
2348
1391
1143
1158
950
1051
1137
1148
1136
988
1144
1041
1086
1089
1017
1079
1008
1166
960
1015
989
1474
1234
990
2467
1482
1070
1327
978
1009
1055
1047
1114
1069
1123
1044
923
1154
933
1401
1128
1050
1359
1135
1196
1175
1125
1594
949
958
1278
1173
1020
1357
1191
1118
1255
1038
1467
1138
1120
1472
1088
951
1248
1080
1088
962
1078
866
984
980
860
1061
1017
885
1070
1077
1107
974
1111
1064
1133
1053
1018
1000
1055
1001
1084
968
1169
1041
1155
1099
889
1138
1160
1010
1033
1011
1274
1185
1305
1149
994
1094
921
1360
1229
973
1033
941
1063
950
891
1044
1005
1065
973
1261
1030
1069
1232
1022
1201
1044
870
1301
1085
1328
1362
1102
1281
1000
1215
978
1017
1307
1108
1188
1186
1147
937
2079
1392
1136
1195
1166
1962
1023
1390
1138
952
1201
1551
1180
1832
1065
1016
1216
1312
1016
991
1066
1227
1485
1260
1500
1129
1291
1103
1110
1015
953
1136
997
1021
1145
1023
1202
1035
964
1013
1001
1156
1149
1063
