43152
33557
25404
15284
5197
3740
2535
2716
2822
3764
2552
2790
3175
2774
3747
4309
3785
5308
3798
4299
3652
4069
2937
3381
2727
3186
4047
2911
3523
2654
3728
3844
3000
3392
2432
3198
3400
3397
3342
3441
2580
3428
3232
3487
3691
2823
3104
2984
3282
2341
2368
2927
3771
3185
3624
3267
2375
2917
3139
2839
2784
2807
2717
2643
3084
3948
2301
2727
2670
3054
2389
3075
2927
3093
3383
3767
3438
2625
2440
2232
1721
2414
4150
3241
4346
2969
3535
4143
3013
2978
2740
2603
2160
2250
2142
2475
2687
2934
2735
1912
2535
1859
2071
3316
2864
2811
2434
2183
3311
2520
2816
2882
2376
3503
3432
3968
3635
4834
3675
5139
5014
2750
4019
2885
2374
4048
2260
3271
3786
2842
3793
4141
2689
5478
2632
2568
3354
2785
2713
4725
2982
2951
4072
1891
2870
2573
2365
2964
2216
2272
3938
2209
1888
4523
2844
2478
3399
1844
3080
2667
1744
3077
2198
3321
4530
1707
3506
2874
2721
3460
3268
2916
3196
2717
2273
4219
2351
2018
4553
2265
3728
2522
2641
3425
2371
3001
3661
2425
2400
4578
2567
2613
4891
1918
2781
2951
2370
2344
3132
2787
1851
2120
2435
2616
3253
2311
2633
2255
2744
2881
2161
2461
2406
2660
9071
2364
2718
2608
4232
1929
2134
3186
2415
3083
3267
3568
2602
2387
3048
2525
2426
2390
2537
2356
2044
2232
1742
1811
2112
2232
2284
2018
2055
1864
1800
2494
2237
2775
1709
2016
1584
1649
1719
1741
1637
2146
2066
2018
2218
2198
1548
1835
1568
1836
2130
2414
2947
1660
2318
2130
1787
2994
1514
1851
1709
1990
2999
2702
1768
1604
1619
1954
1707
2438
1827
2352
2049
2190
1948
2091
2037
1582
1819
1904
1813
2132
1898
2191
2128
2789
3529
3692
2486
2437
2373
2353
2495
2041
2258
2153
2233
1994
2146
2207
2546
2274
2568
2021
2580
2819
2034
2347
2059
2432
2605
2309
2296
1564
1830
1910
2106
2588
2082
3229
1841
2522
2099
1896
2052
2769
2377
2505
4328
5190
2151
1866
1962
2183
2387
1904
3539
2719
2003
1996
1647
2204
1587
2538
3468
1758
3141
1723
2232
2126
2098
1823
1910
1827
1767
1659
1830
1816
2149
2073
3124
2086
2824
1723
1948
2087
1858
1964
2027
2164
2139
1887
1952
2202
2095
1521
1735
3076
2035
1604
2757
1904
1534
1467
1567
1634
1450
1865
1291
1637
1534
1766
1942
1805
1799
1691
1593
1549
1488
1891
1536
1589
1914
2230
2271
1952
1693
1454
1861
1283
1295
1364
1457
1456
1476
2142
1670
1282
1857
2646
1524
2026
1591
1681
1758
1877
1900
1670
1727
50406
2159
2750
2479
3166
2807
2616
1969
2100
2141
1477
1586
1454
1576
1321
1161
1393
1333
1402
1440
1309
1313
1605
2126
1696
2062
2002
1936
2043
2026
1919
1578
1519
1734
2172
2005
5686
1728
1544
1303
1602
1344
1569
1783
1789
1576
1572
1495
2008
2677
1751
1840
2026
2004
2216
1982
1815
1965
1672
2029
2201
2051
1783
1746
1942
1468
1730
1296
1812
1410
1532
2007
1456
1771
1828
2337
1850
1691
1452
1424
1599
2416
1687
1485
1325
1183
1289
1145
1322
1226
1375
1156
1227
1172
1106
1346
1509
1400
1308
1212
1290
1243
1203
1382
1190
1321
1305
1697
1387
1266
1419
1214
1234
1086
1399
1197
1204
1436
1286
1405
1296
1382
1305
1164
1331
1191
1382
1191
1165
1392
1263
1295
1083
1190
1491
1341
1501
1180
1306
1406
1368
1772
1121
1228
1056
1336
1384
1305
1135
1334
1284
1264
1125
1658
1381
1235
1152
1153
1307
1235
1350
1244
1472
1406
1234
1847
1336
1472
1323
1305
1331
1249
1245
1278
1161
1229
1738
1162
1405
2037
1236
1307
1159
1532
1340
1272
1560
1324
1364
1488
2538
1509
1345
1512
1218
1316
1294
1329
1314
1344
1371
1230
1300
1133
1173
1138
1244
1551
1223
1711
1735
1340
1535
1809
1169
1263
1691
1110
1307
1279
1286
1084
1220
1206
1598
1138
1273
1143
1244
1255
1061
1286
1284
1520
1260
1627
1289
1154
1206
1185
1393
1539
1172
1624
1214
1212
1228
1406
1260
1473
1607
1276
1353
1337
1649
1298
1269
1788
1268
1229
1260
1193
1266
1556
1287
1190
1376
1093
1354
1139
1094
1124
1662
1322
1053
1276
1258
1246
1244
1095
1151
1073
1080
1101
1015
1131
1045
1549
1196
1408
1756
1488
1419
1406
1613
1256
1283
1415
1144
1403
1147
1123
1222
1118
1371
1184
1326
1137
1133
1095
1632
1326
1388
1088
1256
1083
1421
1253
1299
1081
1246
1258
1295
1194
1336
1230
1117
1148
1213
1204
1194
1226
1458
1452
1177
1169
1281
1268
1133
1351
1028
1140
1192
1065
1859
1028
1290
1554
1482
1717
1602
1203
1445
1044
1092
1120
1132
1203
1155
1008
1241
1769
1311
1392
1129
1497
1397
1119
1226
1124
1387
1555
1275
1109
1387
1301
1257
1321
1188
1194
1432
1171
1578
1197
1643
1780
1323
1407
1362
1538
1170
1194
1142
1323
1163
1161
1100
1212
1113
1086
1168
1218
1145
1123
1531
1631
1678
1308
1203
1145
1563
1205
1065
1279
1253
1289
1322
1566
1324
1276
1474
1160
1683
1630
1236
1248
1571
1232
1168
1160
1163
1091
1124
1062
1437
1392
1216
1206
1183
1180
1367
1802
1243
1354
1096
1098
1465
1181
1639
1135
1192
1123
1230
1121
1185
1121
1083
1109
1108
1477
1507
1220
1197
1285
1203
1246
1654
1230
1226
1891
2037
1788
1463
1239
1288
1120
1327
1030
1128
1170
1138
1217
1119
1078
1382
1184
1343
1124
1088
2124
1131
1262
1799
1147
1241
1101
1269
1063
1251
1226
1171
1329
1276
1199
1042
1087
1222
1241
1606
1168
1078
1310
1184
1423
1041
1204
1091
1175
1178
1064
1157
1014
1038
1097
1210
1171
1753
1243
1471
1195
1369
1072
1173
1142
1068
1273
1086
1279
1036
1247
1321
1919
1429
1175
1283
2613
1565
1390
1268
1995
1239
1029
1130
1157
1287
1164
1156
