1053
988
931
916
839
1046
967
861
1002
958
842
1030
1026
828
943
1407
1357
967
1051
876
1087
916
986
1183
1001
822
992
1407
1087
1176
1210
983
1017
1438
891
1071
1090
1217
1209
813
963
996
1155
932
920
1249
1072
978
794
806
792
755
1060
762
903
862
753
980
875
1043
825
932
1251
855
1076
1053
1010
909
845
1028
764
860
834
796
887
948
1011
929
1053
1104
1282
1317
1177
1310
1096
849
1058
1060
1127
928
954
871
1261
940
797
856
1013
1094
1044
1009
1171
805
932
1087
895
982
898
831
1211
978
1082
1132
1133
1191
994
1107
792
933
1038
1023
1021
1073
942
747
1026
880
807
1015
938
1108
869
1060
1487
820
984
1274
888
894
772
1004
906
939
971
1000
1092
772
985
904
730
927
885
899
1067
1041
944
942
953
735
942
787
873
850
985
1218
864
1029
1145
859
1033
857
863
1130
1145
915
1020
1158
852
930
1002
867
1223
931
894
1292
967
1172
995
1077
1075
1376
998
843
1388
1174
970
1064
1036
1110
1146
1336
916
882
906
896
1602
1005
975
937
898
748
977
956
1078
1077
885
784
983
957
949
761
1132
904
957
1196
1020
1245
1062
917
983
909
1079
1023
1172
820
813
1011
934
1098
813
923
1081
954
1014
955
820
771
784
980
884
975
954
1045
789
895
990
5023
1403
1076
775
859
938
876
853
839
1183
884
894
1059
899
909
889
927
1004
1157
824
1018
915
1092
930
1241
1359
934
1164
920
1091
899
1150
1094
1125
1070
900
944
1026
903
885
1288
1174
1023
1242
906
904
1121
760
949
917
1009
1237
1001
1057
919
904
1023
761
880
921
985
795
1010
1082
777
942
945
998
1013
1097
1212
1337
1010
1073
1158
1052
962
1000
1087
1098
918
985
1018
997
1140
806
1024
1024
964
1110
766
1037
1227
902
994
823
1014
1062
967
959
1139
1417
1442
1537
1543
1457
1319
1425
1795
1771
1420
1117
1426
1457
917
942
820
976
818
971
930
881
976
1403
1074
781
783
967
942
1298
1075
1256
1072
873
1451
1165
1166
1042
939
1267
932
1267
984
1043
1068
982
1147
1065
934
780
1074
1314
1187
1007
822
941
763
1009
852
855
927
924
1018
825
996
829
1023
1211
1056
1003
807
806
1044
967
994
974
887
1032
843
1120
826
923
923
765
1093
990
1493
853
847
1073
835
883
1266
1354
949
1316
794
897
1085
833
1030
977
966
855
1039
1039
1057
1003
885
903
1041
782
979
752
1056
885
1002
794
770
1056
801
925
786
735
1049
776
894
843
781
850
848
1005
818
958
997
858
924
1001
1200
977
1766
1073
856
880
950
999
922
1031
1022
844
882
1017
1297
1379
1312
1034
798
984
795
1242
999
1187
984
837
833
862
1051
863
731
954
802
872
891
978
858
880
923
865
1178
1054
1188
1076
946
1185
935
1187
862
981
1188
921
1056
1111
778
935
780
1015
874
856
832
950
894
939
1007
930
864
876
874
958
809
884
816
936
933
724
1023
949
961
1376
1197
1051
987
859
962
866
934
1068
966
1136
1023
952
1217
1021
1051
1082
1054
1060
995
1052
949
940
1151
1331
1017
954
928
1054
900
1111
979
1133
907
873
824
871
949
813
772
1196
953
953
985
874
1092
1073
856
984
1034
946
1167
1101
903
1056
767
1115
921
907
909
983
1059
829
1170
1001
871
821
872
808
891
877
855
752
1207
1091
877
1263
905
945
787
1080
1117
1186
1060
736
783
786
811
930
838
858
949
780
1201
1025
989
1001
911
1034
972
829
805
898
911
980
1098
994
1097
1003
1113
1022
828
989
825
994
1135
877
986
767
956
756
1072
841
865
1060
863
961
1000
828
1100
1018
841
972
961
900
1062
908
969
1065
1067
979
919
795
850
907
805
883
849
1032
1034
973
911
935
949
829
1028
931
891
907
889
995
927
912
1207
780
1045
848
1033
907
1013
1025
965
879
1072
840
1001
700
1007
1216
874
949
698
892
792
913
834
1050
789
865
864
987
982
807
1202
1003
956
1196
788
867
801
731
939
778
934
955
844
1108
955
1101
892
1101
909
977
863
980
1062
965
903
1131
884
960
847
846
973
1178
952
962
1322
1106
1108
1093
1015
1206
904
1272
955
998
895
1071
921
839
1110
958
791
1050
816
963
1017
1003
1097
942
1036
1126
962
966
1622
1109
1021
1093
1154
882
969
1021
906
1161
1176
963
989
972
1056
1076
1145
996
980
1008
1378
1083
1323
1016
765
873
859
1272
875
1137
871
814
903
878
1088
1093
1123
1070
1033
1093
883
1421
1035
1436
1224
1027
906
1072
1203
1127
877
1043
783
857
939
819
997
972
1391
972
860
976
1029
978
901
919
989
1005
793
856
865
889
941
1029
995
6284
808
916
990
1428
1061
868
862
904
789
822
981
920
1055
936
938
757
870
794
1076
840
1131
909
977
1181
1039
1193
1085
967
925
1042
1002
981
1162
982
920
1290
965
1100
963
916
1026
996
888
802
1140
949
965
955
977
983
960
1033
771
1051
1618
944
1003
982
1098
1225
980
808
825
823
816
961
1021
801
1345
936
1510
823
976
1057
1016
894
1004
788
1059
1082
997
765
1184
950
987
1079
749
1031
830
997
1736
832
897
902
818
1171
921
