1369
920
1249
1000
939
1090
897
1082
1114
1001
1164
1056
827
882
994
910
1306
919
1110
1015
978
924
1049
1156
1128
949
999
1010
986
864
1120
868
955
886
915
1197
896
908
1026
1231
1421
1401
1658
3144
1016
1819
1111
1339
2303
1210
1922
3281
1580
2776
2828
1953
1225
1221
1216
1276
1358
1279
957
970
833
1246
886
980
1112
1075
959
1130
1344
913
894
1138
880
1076
1009
1370
1008
900
1027
881
1152
1062
1086
1268
993
1170
1034
971
1026
1110
1071
1433
1158
993
1007
1267
1117
1129
1152
1035
1019
1575
1570
1250
925
1177
1258
1295
929
1156
1039
1187
1177
1019
911
1070
822
880
1108
1230
909
931
819
906
825
1050
979
895
821
861
805
790
971
794
1039
810
969
889
900
1078
879
969
894
1102
1093
824
934
886
937
927
993
1070
807
948
1089
956
880
873
1021
804
860
863
870
1037
789
969
898
882
828
1010
849
845
895
942
928
1119
827
1253
985
870
1080
837
1005
1010
913
1143
1007
863
941
1009
856
1008
957
1056
1191
981
1237
1034
1380
974
968
1124
858
964
1006
1151
1106
1129
1101
856
835
902
903
922
794
923
896
967
968
1064
920
807
1055
880
980
846
1019
985
823
1015
896
959
1011
1065
865
1015
1298
1037
1259
948
1003
1061
780
1134
1098
1088
829
1200
8898
975
1165
1009
1081
971
979
1281
992
1075
1092
983
1114
784
1035
886
967
811
933
943
905
1090
1009
1011
1006
848
1175
889
1084
867
886
1032
925
890
1150
803
1171
813
948
1117
861
1149
1090
1026
957
950
944
1195
1045
950
1298
1027
1016
1110
818
865
1083
1073
975
862
902
1020
893
969
833
2904
1050
971
926
1043
909
874
950
868
1017
1156
1025
1022
1122
778
967
839
1179
924
1106
990
878
904
1037
826
1089
972
998
1649
1726
2552
3688
1016
1745
1172
1444
2629
1387
1452
2158
1444
2251
2546
1310
1193
2023
1271
1595
982
1048
996
1213
1192
1186
1172
1139
1058
1048
1270
1092
1210
919
845
1124
1057
1126
1026
1055
1047
1050
1175
1168
1251
1076
1058
1113
871
1245
1093
1168
1139
830
1208
1200
1171
1168
1071
943
952
1186
1179
1363
982
1035
861
942
998
843
890
1198
876
1119
960
1129
828
837
1129
902
901
979
859
988
993
950
880
1013
989
1018
1273
1025
1071
1212
1082
899
1077
1020
1079
1075
867
1040
1253
935
1204
1116
1007
823
1011
1017
1189
960
1231
1177
1119
980
1036
1145
1013
1151
1052
1288
853
1094
1147
1285
1019
988
905
999
1041
781
788
1066
959
1139
870
950
1024
804
2074
993
1108
1009
834
935
995
1291
869
997
980
1168
1723
1088
1114
1083
900
1107
1095
1067
983
1195
941
935
1035
1096
1043
1029
1038
938
943
1020
944
923
1002
936
1091
922
1197
876
882
867
1165
879
794
765
839
889
954
1005
1225
1013
1177
895
1133
899
1021
1042
970
1149
1010
913
913
1334
1205
987
1247
1221
971
931
1017
1181
1058
888
917
1130
865
955
1003
1010
889
919
952
901
1047
1029
955
991
937
872
790
1085
895
1171
1361
971
868
973
820
956
910
1066
802
1085
797
783
1206
911
947
877
900
949
809
1091
1192
1079
1141
1151
1373
1142
1403
933
902
835
801
1123
983
1061
1089
899
1034
982
1100
1049
847
1081
955
1053
996
987
859
1053
897
950
1045
835
1058
1009
924
1120
936
1044
1081
930
938
818
962
1126
820
1155
988
1114
989
957
1110
957
947
1118
904
1173
1089
1011
1082
847
1049
821
864
986
1040
1011
880
831
970
1043
967
942
1067
1065
1130
867
1082
913
972
926
925
1049
1020
942
1169
1020
1102
1053
957
933
947
943
1071
1215
946
1226
1129
960
956
999
961
888
885
809
937
854
972
757
1013
1024
1076
911
959
865
885
1048
850
1054
1143
1130
957
916
954
1013
938
1254
1019
1050
902
907
998
721
1092
759
1002
734
759
940
952
946
762
864
753
807
1003
1024
975
771
784
914
1019
933
817
960
778
840
908
1018
1041
775
830
794
976
1137
1016
1026
1409
882
972
856
1179
950
762
1141
865
1694
1320
1377
1433
1536
1400
1436
1580
1434
1698
1250
1301
1199
955
937
1045
1094
940
1096
1017
1069
1163
1029
1177
1065
1130
1042
1227
974
1271
1041
1064
1100
849
1136
878
1043
963
881
1083
892
1034
1052
1016
1025
1251
1028
956
1045
1033
901
1088
951
988
867
874
983
1004
916
1069
1093
919
906
1019
1032
870
883
899
1016
829
914
904
870
1436
1025
991
1047
950
977
1147
1233
849
1096
1001
800
946
807
1073
970
948
873
913
930
800
828
1037
957
988
1021
873
1195
1150
918
865
1017
851
1116
1149
1002
1054
1016
999
889
950
1223
799
902
949
847
841
813
831
1200
893
875
937
844
830
1024
1036
1006
902
899
1017
871
884
817
848
1098
983
995
793
920
773
830
844
901
942
955
962
1104
1140
1056
945
902
1018
916
916
816
939
868
1188
995
831
1037
860
924
838
1094
949
865
1120
928
980
1138
1131
975
927
962
798
904
878
1059
771
814
1006
824
963
742
797
818
953
1118
961
967
897
844
957
971
1017
959
860
726
800
1009
877
1036
880
816
1076
857
1161
979
1109
1168
1058
1029
849
1030
791
1060
1057
1075
1089
798
1145
