1161
1073
949
1543
1094
1077
1005
1099
1312
1289
892
1112
1364
1207
1286
969
1193
1152
1136
970
1014
1029
1026
1437
1038
991
1086
1014
1201
938
1258
1157
1183
1292
996
1218
919
993
1173
993
1218
1003
1119
1050
961
1013
865
1364
1029
1290
1109
890
1173
1031
1108
1042
1011
968
979
1087
1022
1434
1124
1010
1120
1001
1387
1176
891
994
974
1038
1088
921
939
1040
1256
980
999
1807
1027
1337
1027
1138
1047
1046
994
857
1426
981
948
1192
1228
1061
996
1180
1236
1083
1080
1027
1102
976
914
1157
1642
1342
1863
982
851
873
1009
1006
993
989
899
958
1052
1126
987
890
1079
998
1071
917
1275
1062
983
1140
998
1171
1075
1147
1245
1071
1081
1021
1069
1026
985
1027
1094
1016
1079
1021
1119
1037
1220
985
1284
1197
1109
1062
980
1106
1044
1035
960
999
1072
1093
1154
1081
985
1276
1242
1207
1053
1060
1246
1033
976
2539
1147
938
961
1069
1009
1075
1274
1116
1047
1036
1219
1003
1308
1012
996
973
1029
1129
1069
928
1079
1217
1371
1042
1122
996
1069
1085
964
1291
1141
1117
1051
956
1184
1079
1163
1067
954
1025
1117
1171
1182
1025
959
1062
1178
929
1137
979
995
958
886
1053
1042
1096
1030
1011
1288
1155
1252
990
1052
983
1241
1114
1003
1069
1000
977
1271
966
1071
946
946
1009
989
1137
986
1036
967
1018
1138
1004
1186
1145
1134
1378
973
1155
1004
1279
945
1009
942
973
1073
1093
1025
1107
1040
2434
1004
1214
1005
1113
1224
924
1332
1140
1317
1239
1086
1144
1090
1026
926
1053
1049
1063
1013
1144
1196
1359
1008
931
1049
1373
978
1011
1054
1114
958
935
982
1007
1031
1041
991
1363
1093
1112
1111
1239
1358
1115
1072
1033
1057
934
918
1112
1019
1066
1099
1053
1139
1109
1091
894
1137
972
984
1047
998
1156
1119
989
1174
1016
1170
1096
1125
1069
972
1129
1010
1097
971
1090
1204
1020
1044
985
1095
1171
1082
1148
976
1271
1057
1070
923
1120
932
1090
1061
1087
1106
938
964
1059
904
1026
951
1098
1210
1318
1215
1007
1102
1188
1118
996
1112
885
913
1130
960
1094
888
1232
1169
1014
1041
1000
946
991
1320
1111
1207
1197
1256
1183
1247
1005
985
1113
1086
1049
1092
1124
1074
1111
1152
1378
864
1057
1087
1337
1168
907
1265
981
1057
919
1170
1121
989
1193
901
1141
890
1116
1087
1134
1208
1110
1121
1103
984
1055
1024
1053
1393
1180
881
1122
1069
940
1220
930
1018
1057
1220
1068
1033
1097
1002
945
969
946
1058
865
1056
972
1048
941
1118
1233
964
1102
955
1170
1101
1142
1040
1041
1287
983
1233
1007
1070
1063
1313
1239
1173
1246
1078
1046
1110
1044
1087
1006
1202
1017
991
897
1046
1006
968
1132
997
905
967
1291
1363
990
1212
1090
1011
1198
1044
994
950
1171
1045
1271
1038
1020
1140
925
1206
911
1145
902
1022
1346
979
1160
963
1156
955
1167
1262
1154
1118
986
1089
993
962
1127
1466
1351
1023
1072
1207
1138
1173
1194
1130
1035
988
1228
1115
1337
1150
1116
1048
1060
1198
1175
922
1119
963
1095
1013
1084
928
932
992
1227
1225
1140
1110
995
1119
1106
1091
1003
889
1122
1011
1082
1115
1061
1041
956
1029
970
1170
1003
890
1010
953
1135
1044
1144
1058
905
1055
1133
1432
986
913
1081
1055
1244
989
1108
939
1179
895
1116
1162
1152
1203
1249
1102
1071
1101
896
1183
1097
1039
1008
1060
980
1114
1028
1078
966
1157
1098
987
1041
1027
1188
1055
840
1235
1163
1250
1016
1141
1139
1244
1183
1040
1034
1006
1118
907
977
1128
1087
1223
1041
1125
1088
1017
1124
878
924
907
973
1471
1056
1227
978
1145
1041
971
1246
1106
1333
1113
955
1152
1056
1099
1094
1230
1674
1036
1103
921
1065
1001
1291
1251
1165
1074
1059
1223
996
1038
1024
955
1112
1212
1003
1089
1098
1074
1082
1044
1058
1235
1134
1201
1113
1162
1074
1075
929
860
1043
995
1520
963
989
1222
904
942
856
1075
996
904
996
967
1255
1091
1078
1212
993
1135
829
1055
1007
1092
1253
1001
1004
973
1077
952
1187
1212
1078
1034
1045
993
1115
1047
1114
1067
1132
943
1456
1165
1196
1370
1148
975
1117
1186
1374
1050
1227
941
989
1553
1098
1237
1396
1036
1149
1432
1073
1159
1163
994
1104
904
906
1165
1061
1102
921
1068
1063
906
1040
1112
1196
1147
1234
1140
1007
1131
1082
1150
1049
960
1123
1031
1033
973
1089
1169
1087
1407
1154
1049
987
938
1142
1129
1196
1123
979
1080
1063
1109
1157
1297
1172
1137
1554
1101
1465
1182
1276
1451
1443
1205
1105
1333
1266
1173
1432
1167
1350
1256
1227
1130
1131
1075
1028
972
1013
1188
1062
966
1364
1165
981
1081
1126
1167
1163
942
996
1020
1174
1010
1042
1018
1051
1105
1138
1112
1201
883
1052
1000
993
992
1089
1023
1182
1044
1178
1315
1026
994
1072
982
1083
1047
1123
1083
1168
1357
1056
1095
962
975
997
948
1084
1047
1129
872
870
1409
1008
1144
1000
1180
895
966
1156
946
1160
980
908
1040
986
1063
894
1114
1018
1166
1170
993
1081
1178
1055
1301
1346
1092
1236
1116
964
967
1252
1006
1196
998
1102
973
1494
1175
1072
1102
1163
1064
1048
1161
1105
1032
825
980
932
1176
1049
1297
1083
907
1282
1188
1213
978
1279
1191
1117
1031
1194
1408
1099
1326
1789
1083
1159
987
1301
1077
983
1437
955
1049
1174
1192
1124
1200
1201
1140
1175
1142
1051
1455
1273
983
953
1004
1100
