1088
1240
903
1107
920
882
997
1024
933
1018
1078
963
996
1026
1074
956
1041
1088
980
1041
959
877
878
822
1028
1015
885
1074
896
971
877
990
1017
957
960
949
974
782
971
862
909
1064
970
893
801
812
999
934
1064
798
962
844
927
1043
764
830
880
869
986
915
898
794
1038
972
1075
1045
917
1177
1010
1058
1007
796
1033
859
997
825
951
867
789
878
1009
919
907
940
811
911
1163
795
970
808
884
1047
1209
1169
979
1011
972
1276
1370
1178
1134
799
1001
1008
867
1058
941
953
972
1030
860
838
926
999
960
878
858
920
943
986
921
977
1163
941
954
832
1037
868
996
867
771
1072
789
1014
1003
1149
979
893
1153
865
1097
1037
1023
1171
1031
1027
938
944
899
1098
950
1169
1103
984
1018
974
825
1166
1013
967
796
1119
1081
990
1203
1124
1011
988
914
1079
924
1158
867
971
1071
1026
1052
1008
1359
903
850
1133
956
963
1174
1059
1450
860
920
1033
932
975
934
1025
1262
1237
874
1106
988
1648
1096
1057
1588
1002
905
1108
1054
1240
872
1045
995
1039
977
1034
1031
991
928
1065
842
949
1036
975
1008
816
999
1055
856
1003
799
1080
954
762
1013
1112
1110
915
831
891
782
1027
782
931
846
846
1060
925
1068
971
1009
1034
972
1031
1003
1006
865
930
1012
1065
989
795
968
1062
868
961
1106
1197
1373
1080
1376
1011
1044
1035
1085
1026
1017
904
1110
1074
1145
882
1155
982
1037
1032
1088
983
1070
956
957
1111
1022
1021
881
1053
1029
1108
854
910
919
1327
1042
882
974
984
898
982
1123
1508
936
1095
952
923
992
998
1154
1032
973
940
1265
1120
1248
1883
922
1070
1000
855
1363
871
1031
942
1083
831
961
926
899
1034
907
1085
953
844
1093
1059
955
1184
993
877
883
1094
1034
913
870
1024
1011
1011
1047
1206
993
1083
1388
1063
849
1005
1213
1587
1161
1025
1387
1051
1191
1895
1123
1309
950
1018
1581
990
985
1662
943
868
1173
1207
1124
1069
1465
1050
1086
1144
1219
1179
1164
1089
1031
1054
882
1228
898
1083
1000
1089
1760
881
917
1164
1007
994
885
1260
846
999
824
1041
936
823
1117
1175
984
826
984
1010
838
939
852
869
865
970
1061
985
893
995
844
1283
840
1116
1166
990
1021
934
1001
1068
893
879
1384
1072
860
1222
985
881
1026
1086
1292
978
886
1001
848
1072
819
942
1140
961
1114
1011
1295
1004
976
978
942
849
875
1062
900
1067
955
1050
1040
740
903
850
962
1076
923
898
963
1045
942
1094
864
948
855
837
923
886
979
1497
838
872
921
1044
991
1067
1043
1361
1124
1110
936
1050
955
951
883
901
930
844
984
1011
863
1088
874
1011
978
1091
863
818
980
937
1422
1023
1167
1113
1237
1238
1383
1073
1301
1166
1636
1467
1166
1168
1080
1244
1138
1009
1338
874
1071
843
1042
1043
1042
1215
1089
2042
960
1234
987
1090
963
814
1043
1204
1103
890
918
1175
956
1120
829
1105
889
1082
1075
1067
953
1137
1137
1090
980
1023
885
968
1039
975
1245
881
1020
856
845
995
1013
1042
1096
962
1015
947
1110
836
1027
873
1144
910
905
930
900
898
923
1064
955
911
974
933
854
1079
1059
949
1026
953
1049
1206
1118
979
920
1059
859
1049
936
1158
960
854
1085
853
915
819
1038
958
842
991
858
1078
978
1027
906
997
1076
868
1095
1107
940
987
1241
1075
1206
1008
1024
1183
1083
1154
910
898
966
885
1839
1183
1027
1241
924
952
1103
915
1030
972
1061
1151
996
982
871
946
1387
1073
1312
1138
919
883
856
1140
927
1144
965
823
834
959
1212
974
1050
999
994
1307
988
1089
1093
875
1064
1165
923
958
1050
896
872
1076
856
968
1059
872
1212
880
918
882
944
1317
896
945
1061
954
1045
971
1035
1182
1270
989
1104
966
1109
1081
1038
1208
1146
870
1047
980
997
1068
1026
993
871
1137
1070
927
1004
831
1098
952
1106
1009
906
1101
1012
1057
959
1098
977
1093
1297
922
988
1063
940
1095
977
968
1052
908
959
918
1189
846
1069
952
927
1119
1019
947
934
902
1062
933
1092
845
1040
1153
880
1072
981
1155
850
1167
904
1284
1141
847
1190
995
1022
1189
1041
1279
1116
948
837
981
918
884
928
1097
1000
1101
1092
1178
955
821
1074
902
936
1060
921
1061
1010
1033
812
1068
904
1184
1055
928
1214
1198
1113
991
980
930
1095
1080
828
1151
841
966
1062
859
1019
848
983
1094
1040
1033
975
926
1129
1031
1035
1204
1051
1165
826
1089
1075
997
1145
1206
955
999
867
992
1005
1180
1038
1170
1215
1098
973
940
1113
987
954
1049
879
805
888
1207
1016
982
1114
1095
1156
1080
771
1091
821
923
1182
826
976
866
1030
963
1120
1016
914
1045
1076
927
916
861
1120
1097
900
813
951
883
978
871
932
835
919
1041
831
940
968
924
1121
999
1069
1026
731
938
1099
1035
906
1159
1080
805
972
804
1065
914
816
853
969
895
978
1033
996
822
984
999
1011
860
1346
978
1026
791
879
989
838
1065
1084
905
1065
825
1084
1084
1000
976
839
938
840
1070
832
976
1003
858
976
861
1040
937
943
904
1042
1018
921
1090
1015
861
1108
1028
1070
807
1034
976
864
932
975
1480
