1451
1278
1032
895
1185
1180
902
945
991
1016
887
1074
975
844
1091
890
811
813
1021
1029
924
1924
862
984
872
890
1002
719
973
1040
846
891
1097
959
1087
961
889
877
972
774
889
929
936
954
844
837
1045
883
1007
966
977
738
949
735
833
799
1161
846
1005
1027
861
1013
1015
903
870
1427
1220
1089
876
876
1016
1057
917
1190
1318
881
946
886
889
1088
1010
1024
887
1103
971
1021
921
1275
947
953
1101
838
966
867
1008
1089
1224
1708
1057
1174
966
856
1057
936
985
844
901
943
978
991
944
938
1190
1043
1006
1058
852
938
902
796
792
1114
792
769
767
777
1020
869
973
796
971
824
942
1190
1087
841
994
1211
1178
789
997
902
927
959
1076
976
1041
801
881
924
899
933
993
1080
816
912
915
998
809
994
1050
938
1086
828
918
898
1015
1095
1000
886
838
901
1069
925
985
900
960
1001
920
802
864
1042
817
823
844
882
833
864
954
1223
977
1013
817
859
1065
846
974
883
1047
764
952
1023
825
1071
1054
917
1099
1037
1130
827
1129
1004
1235
992
1171
1096
1075
1021
959
940
931
838
873
819
945
993
936
1036
888
828
881
891
1108
914
1076
933
1028
1091
1341
981
1100
1325
991
1248
1207
1018
868
822
976
881
911
826
802
893
1063
919
1063
971
973
838
961
874
991
1143
955
1069
1441
1153
1007
871
939
1043
1009
1014
967
1100
915
1117
1136
981
1046
1000
1155
907
862
1287
868
1023
727
865
928
1097
1589
1254
959
1023
975
1647
919
1070
901
1043
894
1033
935
733
1240
864
1026
892
898
973
950
914
799
909
863
1035
873
1007
797
1130
904
1072
991
777
942
1039
944
992
901
973
983
907
1064
959
784
731
899
795
849
912
970
919
915
1076
1119
1064
936
757
981
926
903
842
827
910
876
1216
965
849
935
837
1226
828
949
956
980
1227
1058
1283
1031
795
873
840
866
906
968
987
761
957
1291
1049
939
1144
1047
1044
824
805
1225
796
889
974
883
921
745
875
914
815
907
849
1028
803
940
986
789
938
1058
869
1016
850
996
844
863
1562
3318
1633
1190
1471
1521
1059
1013
803
1006
754
1002
981
805
1037
967
923
1142
859
1046
1111
1053
1090
1187
877
994
923
813
1096
795
1033
1172
910
1080
811
1438
989
931
1218
1094
1290
953
1056
902
927
1479
1070
1033
1110
9146
1166
929
1094
875
882
1002
1144
1021
1205
1390
990
1232
1223
998
1157
1224
1204
961
1085
1000
919
1073
1038
919
889
1329
946
987
963
774
916
816
843
871
853
1039
979
1073
849
834
1061
824
918
1079
925
1008
1039
1091
991
1051
933
1060
843
807
904
961
1068
845
903
840
968
902
863
1235
812
868
918
971
1044
907
924
1033
985
895
823
900
848
1158
802
956
1022
1135
1040
846
914
858
1007
1112
968
1026
805
1040
916
878
1004
963
1237
1180
1057
850
887
850
934
931
888
1013
875
1014
904
885
1261
1199
1128
1316
1073
896
928
1160
1119
1420
1068
894
1205
1204
823
933
875
1058
1100
1070
888
911
877
945
1120
1135
1031
1068
1220
1174
1041
1225
818
990
1277
901
1022
943
1000
988
976
920
820
1033
795
1168
1046
1102
1195
1176
1034
942
886
929
935
1124
1111
865
872
841
993
940
1094
941
1052
862
1075
1168
1005
1162
1189
917
1059
1164
1186
1408
1355
1158
1084
1051
1326
1249
1297
1001
1041
910
999
932
1051
892
946
816
903
922
890
1020
761
970
957
1094
937
943
1045
855
764
811
830
1082
856
959
872
939
992
987
911
938
869
907
1089
1283
878
1285
831
915
831
882
1020
815
1232
1029
869
1012
1005
1002
968
1015
1054
992
1174
1047
1195
1313
1122
938
917
1108
854
878
1039
908
953
891
966
1065
1006
1120
907
1010
1071
1167
960
1162
1126
906
1058
870
1088
849
843
913
862
1156
872
1349
1249
1455
953
1165
1125
1276
1171
1147
1054
1190
1146
1194
1069
976
951
1002
1150
1300
837
1296
1230
1098
897
828
1017
1044
893
781
941
956
790
1097
1007
931
900
975
1344
860
950
1018
1053
918
992
1092
917
835
931
759
972
863
882
839
932
1103
961
1307
1063
835
987
852
984
983
889
1056
817
954
1050
931
1011
903
968
992
885
930
1576
1175
1058
1037
1309
897
1104
856
944
932
995
923
965
935
1218
976
1024
924
1023
1081
1044
859
1196
1187
1226
1015
945
980
835
919
1169
1011
1055
1021
1006
1205
1045
1126
1026
965
823
1067
1101
978
1156
1193
962
978
958
1177
1091
935
892
989
935
923
1203
1317
1079
804
967
1071
994
952
832
1214
1252
899
998
966
944
838
1179
885
870
951
838
1397
859
1652
1422
1512
1077
854
1057
891
1192
1165
993
1037
1030
881
1237
1057
1005
1036
1044
1039
1169
1203
1564
984
1025
1081
921
1082
992
940
927
893
1117
1046
993
789
867
832
956
933
968
995
1010
1224
1079
1142
1106
1204
1383
1025
833
926
1026
899
922
989
938
834
968
1035
1057
880
944
1044
981
991
972
871
905
886
836
987
954
1007
921
988
933
1125
993
879
810
906
881
914
937
851
1052
859
1028
972
920
1052
791
1093
935
1050
1159
1042
996
946
987
