1134
801
1016
758
1239
860
875
853
780
1102
804
1076
858
896
945
839
1184
926
1177
930
1105
1135
1257
1211
1153
1300
1147
1296
926
951
1112
829
1062
904
913
1065
1029
948
1024
931
876
913
1071
1028
1029
854
855
1083
921
908
856
955
912
931
1111
1152
961
1034
1052
895
951
964
1080
1008
993
795
871
878
1025
931
930
1053
823
850
913
951
1120
832
1111
924
875
926
929
1017
958
1231
923
990
1028
865
1119
827
1045
965
974
1153
1053
1280
999
1114
880
951
928
901
834
1041
985
1178
968
841
837
1074
926
763
857
777
996
815
880
1205
960
821
1016
961
912
1286
863
807
1006
971
1168
894
820
992
922
1112
884
872
861
779
860
758
903
857
994
929
910
1027
1002
931
1010
753
870
874
1197
809
896
809
957
933
812
1120
820
787
900
1025
1086
927
943
1086
839
1018
1153
1284
1000
1072
1064
833
932
763
748
931
882
960
955
782
929
902
1026
912
873
783
870
1105
849
975
955
929
716
842
946
955
900
812
1036
934
896
1216
798
817
994
944
985
783
838
864
811
838
882
890
738
975
938
1019
981
980
1060
1083
801
860
824
1102
829
1028
994
922
1117
841
1124
883
1913
1120
1090
1110
1131
841
969
1057
1234
886
1220
1170
1138
1128
937
1145
914
882
985
826
824
929
966
738
795
1008
1009
923
1581
915
1315
1036
1160
979
886
1145
954
852
786
1112
844
1053
1027
971
825
806
890
797
963
1034
995
1018
823
945
852
1050
1505
911
1070
997
944
913
816
827
1109
954
835
888
830
1081
863
901
1082
865
893
889
964
869
1028
821
1049
1071
1002
1023
1075
867
874
948
841
851
1216
828
695
863
798
821
929
887
809
899
795
1024
873
1024
888
914
1000
991
804
839
751
775
944
955
888
851
770
811
1040
827
985
868
826
891
871
1050
1563
908
866
957
1098
963
834
1028
790
940
852
807
994
877
793
1138
816
1076
1043
1018
965
1177
953
1334
1160
1130
978
880
800
1826
777
958
963
762
928
792
800
759
972
875
932
821
868
826
760
767
1092
805
981
992
1068
837
893
919
1027
934
833
870
1456
943
958
889
947
884
952
960
732
907
844
926
1005
1107
885
907
951
915
875
819
797
898
784
892
833
901
967
896
894
1167
848
1205
957
925
916
919
989
999
1717
881
916
1061
986
1072
934
975
1083
1041
1004
1020
1119
1244
1043
1011
874
919
1167
879
1040
999
831
941
855
1012
874
895
785
1037
850
996
958
924
817
919
1013
951
1095
954
794
963
785
1094
778
898
793
885
899
797
921
894
880
979
958
1024
977
898
1041
997
1159
1100
893
921
790
1195
976
924
898
1206
1164
1125
1192
1481
1030
1062
1271
1007
1449
934
894
1190
962
1088
1024
868
988
821
996
981
1011
944
986
954
946
863
1005
889
916
1068
872
867
813
830
1089
904
1438
942
837
1017
955
908
5537
947
1004
933
968
958
805
863
881
969
1130
843
828
832
965
1028
1066
806
1061
867
821
787
933
819
1000
886
898
724
979
946
752
1008
812
1108
1066
952
1018
938
1095
1088
988
1156
901
1246
989
781
740
838
853
749
960
1024
988
976
825
935
905
1017
976
877
742
1064
966
1003
1051
852
933
915
949
944
1001
1071
854
955
857
955
1022
1059
1014
968
923
1054
878
992
1017
940
1021
962
946
1092
988
789
985
1005
1028
989
995
997
898
1054
1088
928
781
1042
917
1003
1294
1063
1048
1340
1156
949
1034
867
819
858
2413
1133
893
869
911
782
1014
798
871
834
734
956
935
871
826
768
1186
1146
1286
1006
1142
1033
799
1182
821
868
844
1011
1206
1221
998
846
870
1000
969
996
848
877
1013
892
826
961
929
898
911
799
960
791
956
900
733
911
867
979
698
1124
812
808
868
787
1055
922
958
899
1014
1041
1064
949
1007
1071
1209
1230
973
739
901
1102
1167
884
1075
947
899
1022
1091
973
952
926
878
852
1104
1003
851
868
865
1056
1029
1043
916
1333
1228
892
885
838
962
833
864
853
751
943
799
931
946
970
750
965
1051
1014
1003
1036
1113
998
823
1152
1203
1074
867
863
903
858
977
772
980
881
865
739
915
847
1053
977
1050
1111
977
909
1000
1005
1327
942
1059
1023
1049
951
1052
905
1016
1035
801
865
1059
818
968
971
884
979
920
938
975
971
865
1030
1101
899
1025
1090
832
962
807
1017
989
848
833
913
839
886
1004
891
1145
940
810
927
826
939
804
1061
991
895
948
776
908
917
968
903
908
966
893
998
943
1141
877
908
918
1258
1291
1116
1080
1088
1063
935
1041
1028
1138
1043
952
1054
1170
1248
1080
1149
1027
851
1023
879
985
958
1087
1056
1004
1054
1058
808
1040
1016
946
856
1108
1383
998
980
1048
1122
1060
1032
1149
2093
1167
887
1021
996
974
926
918
944
822
1061
1038
876
876
877
929
963
913
930
795
1045
940
787
748
886
812
757
891
936
849
1111
1015
990
1003
909
981
932
869
863
1108
1013
929
930
958
978
879
1053
1373
1033
1357
924
943
1066
1062
889
1317
859
1104
1176
