1141
1004
1051
920
891
1147
924
833
1225
906
864
964
796
1058
1195
928
1012
953
1057
945
987
929
821
810
808
1091
887
804
892
898
1266
1045
974
936
912
871
1050
1010
938
1039
780
928
1094
998
898
971
1077
981
967
873
1310
1123
930
1059
938
956
831
908
914
999
850
1065
902
1015
948
717
1155
853
1018
861
861
1059
1047
1059
1197
990
984
893
779
782
806
858
1117
849
1022
1086
979
963
902
1253
887
915
1025
1057
864
1125
1200
1395
1116
1171
1036
948
889
744
1006
907
923
1150
1189
1450
1161
1076
902
821
862
865
1051
887
978
840
1021
974
802
883
742
918
895
893
916
923
944
1113
936
865
1040
987
828
770
981
833
1113
885
1015
952
797
1012
967
912
812
904
898
845
857
917
914
858
823
961
751
899
991
769
949
1032
1068
975
1069
951
1006
935
832
844
832
772
873
1587
851
875
896
876
860
1100
882
1064
774
911
848
1221
950
961
1074
949
940
1550
862
870
915
817
1105
1037
1072
1031
1123
879
904
901
939
945
1061
979
920
874
939
788
1011
926
867
807
902
856
811
804
1059
1127
1040
882
832
766
903
943
803
866
952
908
876
789
874
944
1159
872
980
1032
959
930
835
1036
988
906
1054
997
961
1093
922
1088
1034
1137
962
937
976
965
896
981
880
1048
852
1064
913
1254
1066
982
977
838
940
1173
1088
1020
1065
967
1127
906
823
859
846
861
979
928
724
984
919
918
963
888
999
923
1757
839
1047
1024
855
1046
922
844
1780
1021
1229
905
961
1043
1077
1019
1028
1052
949
1201
1049
1382
1091
1339
1686
1601
1654
5180
1222
1149
1864
1174
1075
1025
1058
917
1063
812
1061
1052
882
1037
1018
870
1465
891
1050
961
894
1094
1026
994
914
944
1008
837
808
894
985
1420
1460
1035
927
1004
876
967
1029
1227
1058
911
932
865
1470
889
812
1085
829
1037
831
939
844
942
992
954
769
1134
1001
1058
973
998
908
967
828
911
1147
882
1058
1242
1090
1239
967
1016
979
1016
1102
918
1090
1051
1067
1105
1032
865
1097
929
1186
821
848
854
902
891
893
968
775
859
820
813
1015
996
1071
963
1818
1111
892
1041
1039
1172
1189
922
1014
888
888
939
852
858
869
994
783
916
1126
1008
842
956
1035
1255
1033
1065
1038
983
786
897
759
844
1055
983
915
763
822
994
834
919
1551
1011
774
958
912
1013
854
919
871
1108
855
863
1072
944
837
895
981
784
902
875
972
973
764
1047
941
1126
917
1077
1141
1000
905
1112
924
871
1127
806
1104
975
840
1067
1213
1009
749
970
1021
944
753
984
966
896
922
874
1023
726
776
841
926
1130
949
920
1094
1019
1061
896
1038
839
848
1022
855
1068
839
1062
1010
1101
1094
1021
891
787
753
870
957
1013
851
881
937
862
986
1278
909
889
1015
1038
967
1018
946
953
920
809
1018
785
1003
988
923
938
826
895
976
872
815
1086
932
1032
1060
966
978
850
966
1136
866
1032
982
1013
1006
910
1283
908
1056
1058
1111
1038
1049
1210
836
893
1410
906
833
908
910
982
963
970
930
1020
1029
902
817
1020
754
791
803
943
1057
1862
1247
841
967
963
954
1129
1062
972
803
977
1105
747
1014
981
966
884
1015
1114
1005
880
1032
906
1044
771
888
944
792
927
786
1105
1034
969
988
887
986
980
1130
873
939
1117
912
1049
975
1074
860
1086
854
894
1189
1056
1058
946
885
923
1003
1087
760
901
858
983
947
849
935
948
904
939
1135
1070
1029
1300
995
1102
853
790
954
886
1000
968
1023
1062
934
895
944
1223
953
1035
1290
1159
1069
748
892
1161
1046
893
1044
1204
968
1018
922
874
950
892
970
1001
943
898
961
886
944
893
844
836
1072
1384
1886
1119
1065
999
858
1131
934
943
946
996
1055
1055
1154
1811
1475
936
1273
833
812
1116
971
958
836
1016
874
1251
948
887
985
1452
1139
884
980
816
810
896
945
955
1468
1156
1434
1088
1256
1014
1231
1486
1029
1297
1143
1025
1052
990
1071
957
1098
1125
956
1180
1014
945
1031
1142
813
862
1100
1103
1097
990
924
964
950
1282
958
1114
933
910
1167
1151
1195
1001
1280
1180
983
1360
1486
1694
1212
1290
1091
1260
1344
1226
1156
949
1049
1008
1156
1127
1454
1005
978
1227
1145
1059
1085
1200
1245
958
1026
843
1185
1105
894
946
852
852
914
1054
1000
811
911
1012
929
889
917
1218
836
956
944
827
1107
894
1041
911
930
949
994
958
983
1129
838
795
841
859
1130
994
915
853
933
1149
1050
1052
933
900
1093
1096
1084
843
819
820
1225
1133
890
949
1019
1021
1141
835
1011
837
916
997
982
1209
919
1030
1105
1011
1076
801
978
1026
1117
1109
1108
822
1262
938
1209
1111
955
1127
938
1036
909
1009
890
918
1019
908
1043
868
903
889
927
1205
965
906
890
984
1005
942
1064
786
850
979
1077
862
931
962
1178
994
1113
905
1151
1091
1055
1031
1054
998
1002
824
958
1160
1037
969
1206
1150
996
924
851
935
899
969
869
938
1153
1269
851
1248
882
967
936
1304
854
900
968
807
1049
962
835
972
803
1119
920
1120
876
1024
