1674
2410
2016
1764
1637
1690
1555
1846
1669
2652
1962
1634
2679
2346
1978
2194
2150
2269
2456
2218
2037
1870
1845
1974
1672
1906
1881
2016
2067
2005
1952
2176
1986
2396
2043
2047
2282
1966
1943
2245
2168
2355
2129
2075
1990
2276
2213
2234
2225
2398
2125
2241
2239
2198
2574
2338
2122
2026
2070
2246
2117
2322
2080
2126
1976
2171
1933
2318
2128
2171
2399
2319
2366
2413
2089
2174
1989
2484
2293
2133
2461
2004
2364
2487
1932
1942
1951
2214
2153
2534
2289
1881
2224
1858
2075
1998
1964
2358
1884
2112
2129
2512
1870
2116
2175
2124
2270
2331
2291
2029
1995
2292
2359
2338
2190
2440
2257
2364
2316
2074
2239
2106
2279
2176
2098
1778
1985
2120
1719
1847
2144
2338
1890
2038
2323
2182
2053
2094
2130
1910
1971
2290
1972
2109
2216
2226
2292
2032
1996
2197
1933
1824
2188
1953
2159
2175
1847
1925
2202
1821
1832
1953
2263
1982
2589
2290
2298
2229
2121
2270
2422
2247
2175
2197
1998
2123
2273
2265
2122
2140
2129
2111
1911
2313
1871
2237
2217
1921
2268
1985
2247
1719
2267
2238
1945
2281
1605
2098
2437
1732
2071
1954
2053
2442
2069
2339
1995
2015
1886
1956
2025
2326
2061
1976
1999
2026
2134
2076
1898
2119
1993
2026
1800
1853
2053
1923
2007
1769
1865
2273
1876
1766
1964
1996
1832
1884
1883
1742
1858
1790
1993
1942
1799
2197
1870
2279
1892
1735
1749
2054
1839
2252
2517
1965
1853
2052
1811
2092
2293
2163
2002
1812
2261
2268
2397
1940
1944
2058
1986
2405
2282
2203
2121
2399
2211
2183
2342
2283
2300
2054
2058
2370
2142
1948
2155
2165
2433
2200
2188
2051
2250
2177
2266
2569
2029
2346
2418
2216
2084
1755
2288
2215
1863
1822
2100
2004
1944
1846
2061
1808
2169
2129
1992
2496
2055
1824
1966
2370
1787
2371
2442
1892
2397
1810
2020
2075
2305
2056
2468
1975
2423
2226
2320
1937
2825
1915
1981
2547
2392
1991
2221
1928
2137
2222
1983
2451
2153
2226
1918
2253
1915
1964
2403
1889
2467
2514
2049
1853
2255
1908
2217
2679
2313
2332
1967
2047
2312
2470
2276
1790
2129
2056
2034
2225
2085
2023
2126
1889
2012
2074
2149
2356
2562
2089
1910
2722
1395
2446
2327
2457
1998
2308
1916
1924
2311
2126
1878
2655
2345
2238
1989
2228
2329
2040
2431
2210
2050
2350
2237
2340
2239
2140
2096
2298
1781
2118
2291
1974
2126
2140
2007
1905
2231
2130
2798
2516
2255
2085
2252
2273
2183
1946
2245
2756
2129
2270
2245
1926
2079
2310
1885
2259
2263
2226
2066
2054
2289
2092
2198
1991
2030
2016
2347
2286
1857
2369
2020
2390
2202
2286
2041
2095
2239
1855
2248
2355
2375
2241
1973
2401
2035
1993
2280
2318
2524
2086
2145
2164
2045
2231
2343
2207
2137
2285
2115
2182
2060
2030
2617
2235
1869
2416
2351
1877
1907
2259
1912
2102
2446
2257
1998
2152
2103
1973
1921
2417
2275
2181
2092
2481
2155
2202
2178
2432
2356
2192
1990
2160
2001
2014
2495
2109
1690
2270
1790
1851
2120
1933
2076
2029
2123
2199
2353
2337
2169
2069
2364
1982
2079
2289
2327
2115
2288
2250
2358
2299
2044
1891
1868
1940
1958
1944
1978
2080
2228
2239
2430
2325
2176
2411
2198
2029
2262
2092
2509
2031
2011
2197
2386
1981
2275
2251
2018
2197
2247
2272
2221
2271
2171
2018
2255
2078
2001
2117
2324
2281
2313
2203
2329
2038
2483
2315
1930
2317
2373
2314
2024
2200
2163
2386
2473
2287
2339
2140
2348
1988
1980
1901
2013
2372
1768
2023
2178
1824
1915
2064
1851
1938
2128
1883
2013
2071
1803
1859
1927
1958
1805
1924
2030
2092
1747
2000
1882
2094
2092
2055
1951
1983
1999
1962
2155
2032
1901
1985
1938
1956
2001
2020
1954
2100
2067
1997
2002
1976
2389
1947
2007
1919
1891
2157
1860
2455
2026
1914
1952
2139
1945
2089
2075
1952
1950
2098
2173
2014
2012
2002
2129
2035
2187
1814
1909
2133
2342
1857
1756
1902
1851
1866
1827
1798
2125
1805
1961
1916
2102
1822
1887
1851
2269
2157
1867
1747
1905
1783
1781
1965
1932
1886
2020
1852
1684
1782
1931
2119
1875
1992
2009
2136
1875
1990
2076
1780
2059
2047
1877
2022
1823
1924
1870
2146
1806
2002
2086
1807
1881
1978
2315
2100
1752
1758
1928
1767
1739
1959
2027
2224
2098
2067
1667
1979
1926
2157
1794
2121
1941
1883
2191
2129
2327
1981
2106
2077
2180
2166
2183
2416
2156
2265
2338
2224
2367
2217
2272
2205
2159
2082
2230
1978
1997
1989
1950
2105
2172
1817
2165
2135
1862
2103
2144
2296
2061
2355
2063
1791
2217
1774
2129
2237
1942
2193
2123
2189
2417
2142
1987
1933
2301
1992
1938
2080
2434
1908
1837
1828
1939
2153
2261
1994
2314
2076
2009
1945
1993
2179
2161
1975
1816
2214
1900
2143
2252
1998
1856
2279
2372
2440
1994
2199
1985
2012
2393
1973
1863
1972
1739
1835
2015
1960
2110
1761
2101
2187
2007
2175
2173
2085
2108
1877
2204
1712
2356
1852
1867
1946
2091
1725
1840
1840
2030
2183
1809
1728
2007
1855
1928
2297
1973
1927
1809
1815
2237
2149
1793
1921
2050
1820
1982
2073
2331
2155
1746
1794
1764
1884
2230
2051
1906
2328
2270
2099
2003
1690
2133
1822
1686
1882
2023
1617
1745
2423
1876
1937
1776
2137
2097
2012
2021
1950
2525
2263
1898
2258
1757
2212
1823
2139
2237
2187
2005
2236
1968
1877
2044
2441
2320
2188
2234
2342
1968
2141
2179
1941
1994
1952
2024
2292
1940
2197
1998
1949
2244
1885
2286
1969
2062
1833
2188
2052
1954
2248
2035
2281
2217
2294
2137
2291
2283
2326
2322
1957
1891
2236
2267
2305
2020
2230
2278
2183
2288
2153
1885
1927
2043
2183
2391
1930
1889
2271
2013
2018
2215
2328
2125
2197
2193
2111
2217
2008
2017
1999
