2015
1854
2025
2191
2222
2550
1702
2640
2173
2731
2347
2357
1591
2616
1765
1727
1780
2231
2150
2439
2355
2520
2258
2376
2258
2321
2176
2555
2510
2446
1468
1504
2380
2632
1794
2439
1878
1784
2225
2330
1641
2319
2272
2227
2378
2236
1859
1440
2195
2015
1938
2291
2064
3165
2640
1600
1955
2103
2047
2330
2677
2604
2065
2776
2055
2611
2603
2298
2250
2235
2752
2421
2644
2434
2309
2421
2539
2679
2814
2537
2261
2672
2553
2561
2548
2620
2374
2362
2274
2325
2365
2113
2239
2627
2177
1970
2860
2079
2677
1967
2401
2723
2282
2024
2075
2335
1931
1976
2128
2327
2127
2029
2479
2439
2617
2266
2088
2042
2005
1875
1942
1895
2005
1511
1996
1978
2115
1951
2234
2117
1985
1954
1982
1966
2150
2021
2062
2048
2291
2114
2071
2079
2315
2121
2087
2022
2394
2104
2158
2043
2110
2184
2013
2049
1895
2581
2433
2115
2077
2492
2429
2175
2611
2553
2473
2001
2645
2152
2065
2384
2054
2633
2316
2152
2622
1895
2310
2161
2252
2058
1884
2518
2049
2116
2453
2049
2372
1986
2183
2119
1885
2717
2110
2095
2084
1932
2467
2107
2186
1980
1851
2601
1545
2638
2002
2376
2521
2801
2705
1847
2468
2366
2203
2884
2267
2576
2327
2611
2464
2516
2009
2446
1946
2391
1989
2441
1939
2189
2558
1905
1996
2671
1916
2227
2516
2088
1980
2690
1960
2086
2463
2042
2253
2502
2199
2614
2500
2071
2251
2602
2085
2441
2342
2315
2430
2088
2184
2215
2222
2063
1845
2885
2150
2491
2072
2170
2512
2076
2325
2491
2038
2123
2012
2319
2062
2509
2505
2066
2053
2384
2198
2311
2087
1981
1935
2337
2363
2528
2397
2465
2337
2298
3281
1900
2579
2346
2206
2562
2023
2476
2401
1948
2330
2204
1973
2127
2456
2031
2459
2420
2438
2209
2417
1978
2202
2370
2283
2148
2134
2497
2308
2991
1929
2014
2396
2515
2451
3230
2261
2268
2359
1398
2142
2109
1999
2855
2368
2225
2156
2082
2207
2161
2298
2119
2174
2241
1988
2118
2224
2204
2195
2060
2187
2517
2386
2298
2034
2307
2191
2177
2015
1825
2004
2016
2391
1805
2184
2010
2133
2200
2667
2414
2042
2376
2195
1923
2640
1650
2609
2348
2041
2536
2024
2486
2312
2466
2330
2207
2711
2353
1913
2012
2003
2801
2079
2405
2374
2067
2726
2020
2793
2027
2004
2887
2113
2273
2730
2110
2929
2384
2791
2173
2315
2087
1945
2623
2070
2302
2161
2621
2311
2234
2636
2047
2509
2281
1926
2296
2374
2135
2464
2143
2032
2409
2403
2729
2508
2155
2661
2104
2071
2534
2337
2588
2681
2132
2330
2354
2041
2123
2337
2073
2286
2362
2372
2501
2346
2418
2671
2608
2352
2584
2140
2397
2288
2582
2534
2491
2258
2174
2146
2374
2364
1912
2424
2276
2005
1965
2336
2092
2113
1981
2238
2091
2809
2407
2348
2248
1981
2146
2146
2168
2273
2446
2366
2235
2547
2086
2106
2139
2042
2498
2189
2134
3186
2193
2014
2071
2166
2102
1987
2548
2127
2335
1995
2113
2019
2098
2136
2026
2293
2064
2042
2095
2491
2139
2117
2135
2101
2165
2006
2015
3056
2180
2461
2272
2198
2402
2573
2150
2362
1939
2319
2428
2402
2129
2500
2141
2380
2428
1885
2192
2107
2415
2351
2123
2295
2304
2088
2197
2308
2401
2494
2095
2101
2115
2132
2316
1947
2145
2049
2153
1972
1896
2493
2239
2152
2161
1870
2108
2314
2049
2050
2333
2044
2332
2122
1871
2309
2145
2024
1992
2028
2160
1729
1978
2335
2055
1880
1973
2057
2203
1939
1927
2640
2324
1788
2271
2206
2275
1989
2036
1927
2219
2387
1906
2073
1935
2054
2191
1893
2284
2201
2076
2187
2518
2143
2050
2130
1999
2228
2296
2362
2452
2363
2414
2213
2617
2035
2352
2166
2597
2150
1799
2574
1822
2211
2559
2033
2630
2061
2323
2247
2401
2792
1888
2674
1953
2245
2281
2031
2333
1950
2386
2315
2301
1958
2390
2481
1943
2106
2657
2498
2138
2605
2120
2221
3018
1607
2512
2895
2104
2319
2539
2108
2332
2296
2323
2170
2043
2024
2247
2157
2135
1972
2051
2140
1986
2045
2003
2098
2115
2533
2496
2004
2531
2219
2065
2237
2491
2368
2319
2044
2633
1962
2104
2432
2033
2436
2555
1956
2235
1897
2423
2580
2047
2008
1970
2570
2400
2168
2163
1979
2190
2370
2047
2728
2564
2029
2420
2186
2006
2489
2058
2245
2582
2084
2123
2333
2192
2008
2344
2052
1943
2287
2389
2297
2482
2192
2116
2327
2218
2230
2749
1976
2186
2419
2178
2218
1910
2063
2096
2615
2386
2011
2411
2316
2316
2262
1966
2352
2176
2610
1769
2600
2162
2289
2834
2032
1887
2157
2442
2655
2203
2480
2090
2389
2389
2163
2236
2045
2014
2225
2594
1825
2750
2817
1531
3165
2146
2614
1935
2353
2309
2218
2325
1952
2224
2011
2103
2538
1837
2159
1960
2439
1907
2168
2714
2017
2159
2286
1964
2333
1958
2078
2161
2622
2258
1962
2871
2102
2212
2022
2126
2032
2432
2202
2136
2566
1875
2410
1949
1878
2526
2098
2361
2217
2215
2361
1997
2629
1920
2741
1904
2574
2073
1873
2490
2808
2545
2447
2215
2704
2569
1923
2477
2390
2240
2399
2455
1998
2995
1981
1998
2968
2233
1950
2182
2494
2152
2155
2066
2092
2383
2318
2484
1893
2317
2046
2297
2487
1953
2418
1840
2377
2466
2428
3146
2506
2087
2081
2183
1831
2149
2236
1934
1864
2014
1997
1996
2099
1999
1962
2081
2259
2328
2355
2442
2069
2282
2468
2203
2534
2312
2123
2210
2123
2159
2424
2062
2198
2162
2515
2582
2130
2292
2148
2145
2186
2209
2534
2923
2259
1840
2550
1973
1907
2491
2241
2542
1996
2503
1865
2278
2509
2155
2418
2343
2258
2109
2508
1758
2044
2438
2425
2929
1819
2330
3166
1609
2196
1996
2239
2192
1961
2597
1972
1732
1690
1680
1789
1764
1924
1900
1802
1852
2259
2362
2263
2694
