4214
6232
2208
2314
2096
2213
2131
2071
2000
1916
1919
1959
1988
1990
1938
1958
2140
2131
2117
2086
2099
2120
2161
2102
1022
2144
2107
2193
2095
2130
2181
2131
2123
2010
1869
1884
2176
2100
2125
2117
2147
2162
2115
2502
2751
3093
3123
3055
2990
2933
3200
2692
2709
3258
2962
3060
2444
1991
1797
990
973
1036
1041
1066
1051
1075
1268
951
932
968
775
770
1241
754
1227
1302
1162
1330
1291
1595
1407
1196
1179
1169
1438
1410
1413
1406
1423
1392
1355
1150
1041
940
1038
946
917
938
1010
792
874
859
794
1837
839
1937
847
811
855
1158
1103
1022
1260
1138
1540
917
940
952
939
959
927
1018
1141
1025
1097
1068
1072
974
1007
1059
1275
2089
1052
1084
1152
1087
2575
951
1095
1030
997
924
930
1068
935
943
923
942
916
916
906
927
957
965
1010
794
917
1215
927
1011
912
945
930
951
934
946
958
977
996
947
963
963
967
969
979
987
936
952
1000
956
963
954
977
940
965
975
964
1039
990
958
968
949
949
949
1155
914
957
959
947
985
973
959
936
1110
1096
1078
1083
1063
2239
2332
2277
2972
3041
3025
3117
3037
3093
3048
3113
3038
3046
3057
3026
3137
3191
3114
3066
3042
3151
3065
3122
3030
3071
1029
1068
1012
1054
1077
1054
1019
1032
1050
1068
1043
1059
1045
3036
3092
3055
3248
3058
3043
3084
3064
3132
3033
3094
2725
3006
3103
3002
3096
3112
3067
3032
3184
3046
3093
3271
3046
3052
3082
2999
3169
3078
3171
3111
3096
2886
2811
2863
2710
2688
2664
2636
2695
2703
2930
2837
2800
2873
2781
2729
3254
3306
3175
3114
3262
3119
3186
3111
3351
3144
3062
3265
3097
3059
3148
3098
3026
3072
3144
3055
3119
3081
3167
3066
3031
3037
3046
3106
2946
3108
2989
3037
3090
3061
3141
3111
3077
2998
3007
3096
3238
3241
3047
3054
3095
2772
2745
3058
3088
2952
2989
2999
3072
3144
3092
3071
3054
3127
3179
2968
3144
3088
3011
3107
3136
3213
3036
3212
3050
3050
3326
2964
3225
3053
3058
3089
3022
3173
3047
3076
3167
3066
3075
3062
3056
3205
3052
3135
3025
3051
3127
2987
3241
3029
3059
3164
3071
3139
3082
3113
3123
3263
3119
2983
3009
2695
3069
3137
3073
2993
3032
3073
3095
3118
2970
3061
2974
3196
3043
3069
3068
2957
3108
3018
3088
3109
3061
3250
2989
3081
3048
3026
3152
3210
3078
3063
3131
3105
3072
3060
3064
3095
2971
3177
3151
3006
3028
3064
3127
3067
3063
3111
3102
3152
3021
3083
2913
2797
2694
2692
2672
2686
2636
2631
2761
2648
2645
2613
2677
2639
2714
3029
3120
3027
3035
3170
3058
3070
3012
2988
3142
3066
3167
3020
3087
3126
3054
3096
3069
3190
3051
3001
3044
3061
3114
3050
3089
3043
3032
2893
2961
3144
3027
2942
3049
3051
3115
3056
3060
3091
3008
3145
3017
3094
3113
3026
3117
3026
3064
3039
3114
3109
3037
3067
3037
3022
3105
3063
3123
3010
3106
3020
3052
3108
3018
3082
3060
3025
2816
1125
1117
968
939
984
948
923
940
947
926
918
919
931
947
914
933
1075
1082
1105
1099
1095
1047
1099
1087
1078
1126
1110
1108
1126
1131
1125
1103
1137
1097
1098
1125
1107
1130
1118
1118
1112
1114
1125
1076
1259
1464
1479
1986
2072
2083
1543
1572
1471
1559
1551
1545
1525
1562
1565
1577
1555
1538
1800
1962
2002
1951
1999
1990
1942
1992
1980
2002
1986
1964
1998
1973
2018
1931
1934
1943
1983
1984
1956
1999
1984
1961
1989
1958
1981
1979
2099
2007
1930
2007
2023
1130
1019
871
825
801
805
827
1031
823
872
800
826
803
792
830
757
1034
1045
1029
1052
1065
1128
1155
1161
1137
1129
1149
1145
1120
1154
1120
1143
1157
1111
1147
1147
1147
1155
1147
1147
1131
1155
1138
1135
1149
1136
1124
1835
2979
3163
3003
3024
2971
3055
3165
3071
3148
3064
3037
3103
3040
3074
3051
3111
3041
3044
3158
934
934
3155
3052
3095
2974
3096
3053
3074
3120
3076
3112
3063
3069
3234
3060
3098
3019
3099
2844
3059
3101
3087
3108
3367
3071
3018
3055
3164
3077
2958
2718
3041
3015
3055
3108
3025
3023
3049
3017
3128
3053
3046
3006
3001
3043
3090
3106
3088
3055
3067
3022
3128
2968
3053
3053
3019
3169
3025
3010
3030
3071
3103
3054
3118
3043
3077
2986
3074
3231
2974
3092
3067
3038
3065
3089
3112
3042
3072
3022
3050
3236
3103
3064
3027
3023
2892
3031
3094
3037
3023
3068
3015
3077
3014
3063
3038
3032
3028
2955
3092
3084
3059
3120
3231
3095
3026
3088
3086
2987
2856
2701
2694
2676
2619
2639
2632
2656
2635
2617
2637
2616
2728
2631
3082
3006
3004
3115
3069
3112
2980
3024
3150
3030
3108
3043
2991
3029
3075
3111
2995
3121
3019
3021
3102
3011
3076
3002
3110
3016
3022
3088
2907
2963
2920
3151
3182
2980
3009
2981
3080
3087
3055
3081
3017
3020
3083
3042
3116
3060
3037
3019
2948
3025
3028
3094
3023
2998
3023
3080
3123
2984
3121
3093
3165
3105
3031
3176
3168
3061
3177
3023
3128
3032
3055
2925
3109
3125
3006
3046
3095
3051
3246
3068
3097
3003
3084
3203
3068
3242
3036
3061
3016
3065
3137
3088
3129
3052
2984
3105
3053
3247
3063
3089
3076
2988
3111
3084
3191
3111
3227
3188
3014
3147
3038
3059
3013
3160
2994
3020
3047
3037
3050
3100
3030
3069
3055
3080
3077
3043
3160
3040
2981
2954
3055
3101
3046
3062
3016
2992
3118
3009
3071
3012
3110
3170
2977
3082
3086
3236
2973
3008
3122
3015
3142
3009
2894
3125
2983
3060
2863
2890
2708
2689
2622
2627
2750
2659
2655
2645
2640
2701
2638
2679
2595
3087
3120
3037
3066
3012
3145
3038
3054
3037
3053
3064
