2239
1979
2014
1853
1851
1925
1797
1762
1813
1765
1714
1917
2015
1623
1944
2288
1708
2073
2009
1996
2241
1459
1294
1426
1448
1316
2545
2285
2114
2068
2011
1911
2291
1746
2284
2193
2141
2185
2193
2234
2083
2026
2290
1582
1956
1802
1906
1738
1842
1781
1852
2198
2164
2257
1651
1901
1822
1586
1920
1635
1752
2159
1834
1617
1853
1961
2012
1659
1816
1747
2204
1774
1976
1895
1925
1623
1762
2051
2010
1966
2080
1974
2247
2443
2410
1997
2004
2049
1733
1783
1908
1931
1845
1891
1959
1731
2063
1817
1813
1913
1722
2028
1664
1918
2061
2134
2196
2071
2289
2242
2294
1771
1886
1981
2206
1927
2077
1722
2037
1894
1794
2101
2220
1672
2096
2117
2102
1977
1820
2173
2233
1836
1646
1747
1845
1781
1717
1839
1838
1894
1748
2323
1831
1730
2239
1845
2009
2197
1658
1878
1918
1914
1962
1753
2067
1902
2279
1843
1689
2008
1710
1773
2240
1828
1632
1858
1756
2153
1893
2362
1930
1922
2195
1828
1780
2163
2213
2213
2185
2275
2143
2185
1931
1934
2191
2132
1824
2070
1939
1743
1919
2034
1728
2152
2047
1853
2004
2099
2094
1849
2232
1933
2314
2098
1914
1930
1924
1891
2214
2229
2173
2126
2264
1998
1629
2040
2098
2184
1675
2117
1701
1930
1769
1890
1978
1772
1875
2286
2017
2022
2081
2156
2063
2094
1878
1876
2559
1769
1951
2115
1950
1808
1766
1910
2216
1944
2146
2215
1943
1723
1738
1936
1785
1747
2785
1770
1843
2011
2091
1798
2016
1865
2011
2056
1831
2025
2014
1703
1682
2024
1892
1766
1898
1788
1879
1968
1856
2200
2283
1929
2089
2182
2058
1991
2043
1806
2313
2058
2230
2297
2199
1756
2012
2020
1877
2072
1859
1933
2196
2187
1974
2255
1853
1999
2196
2093
1929
2234
2027
2318
2212
2166
1975
2155
2141
1999
2163
1955
2184
2102
2181
2209
2032
2223
2087
1868
1866
2164
2254
2354
1956
2167
2137
2055
2310
1932
2080
2261
2028
2244
2212
1814
1926
2101
2139
1866
1861
1888
1851
2266
2286
2623
1779
2321
1863
1735
2145
1852
2111
1963
1947
1652
1867
2213
1719
1978
1828
1877
1907
1835
2103
1770
2182
1892
1954
1702
1671
2169
1778
1892
1801
1552
2105
1737
1918
1804
2162
1654
1786
2162
1671
2098
1777
1770
1840
1880
2074
1965
2063
1935
1956
1844
1649
2050
1863
1922
2019
1954
1741
1835
2132
1709
2237
2186
2363
1834
2091
2079
2266
2370
2108
2130
1734
1705
2071
2160
1957
2118
2123
1921
2208
1964
2245
2024
2229
2068
2048
2002
1900
2234
2271
1999
2161
2413
2477
1906
1894
1800
2105
1918
2119
1715
1837
1775
1919
2212
1830
2270
1967
1781
1876
1745
1739
1902
1718
1709
1814
1796
1569
2194
1913
1850
1883
1906
2111
2157
2060
2178
2118
2224
2172
2220
2126
2087
1762
2301
1874
2014
2066
2243
2129
2184
1856
2258
2200
1858
1903
1948
1965
2068
1865
1753
2051
2129
1812
2133
1890
2112
2184
1895
2029
1882
1922
1880
1876
1924
1877
1878
2230
1640
2085
1899
1883
1804
1760
1820
1847
2219
1808
2097
191650
1742
1685
1670
2098
1954
1818
2070
1821
2275
1696
1774
1928
1723
1703
1668
2045
1800
1811
1949
1630
1869
1875
1864
1915
1795
1640
1754
1744
2320
1772
2183
2523
1775
2054
1979
2371
2207
1987
2049
2533
2226
1846
1936
1954
1934
2266
2233
2172
2185
2162
2039
2081
2344
1875
2022
2134
1788
2255
2223
2197
2270
1878
2146
2052
1948
1807
2238
2332
1768
2219
2216
1842
1978
1733
1863
1821
2319
1848
2205
1799
1660
1936
1781
1707
1902
1816
1648
1738
1878
1672
1844
1929
1612
1874
1863
2149
1706
1595
1836
1933
1724
1856
1773
2238
1720
1919
1930
1870
1677
1710
1736
2202
1771
1903
2046
1883
1755
1712
2108
1909
1733
2519
2136
1942
1699
1855
1784
1695
2208
1724
1744
1869
2042
1971
1962
2136
2058
1972
2038
1853
2099
2243
2062
1994
2024
1677
1803
2098
1841
2309
1878
2007
1831
1897
1676
1793
2125
1952
2181
1837
2119
2054
1903
1746
2169
1886
1841
2246
1786
1905
2050
2190
1794
2069
2098
1901
2220
2113
1683
2248
2136
1715
1769
1882
1988
1820
1708
1793
1891
1873
1951
2274
2102
1980
2633
1944
2421
1936
2117
2266
1971
2299
1954
2184
2313
1681
2059
2231
2137
2347
1816
1804
1664
2251
2105
1962
1968
2123
2086
2209
1857
2119
1604
2147
1918
1985
2079
2252
2159
2104
2206
2073
1771
1989
1813
2341
1996
1896
1765
2271
1895
2146
1798
2058
1647
2240
1732
2196
1756
2111
1869
2212
1881
2185
1710
2023
2061
1821
2032
1875
2017
1917
1846
1919
2085
1881
2033
1837
1859
2326
3034
1850
2302
2200
1726
2138
2353
2261
2386
2201
2083
1749
2565
2401
1908
2446
1873
2712
2096
2522
1744
1911
2254
2453
1908
2403
1497
2237
2423
2012
2311
1993
2495
1988
2075
2007
1985
2162
2257
1889
2241
2111
2525
1966
2266
2326
1865
2235
2125
2067
1694
2172
2316
1741
1793
1792
1879
2287
1862
1892
2017
2199
1653
2424
2113
1865
2302
2382
2271
2075
2047
1950
2318
2407
2224
2381
2462
1882
2332
2317
2181
2237
2369
2357
2284
2374
1882
2427
1909
2555
2201
2252
2229
2173
2364
2562
2017
2149
2071
2198
1991
2212
1813
2310
2031
1906
2082
1898
1933
2041
2332
1875
2147
2454
2042
2406
1944
2492
1966
2050
2383
1910
1989
1918
2011
1915
1882
2220
2198
1848
1986
2431
1940
1926
1888
1977
2103
2435
2252
2035
2351
2110
2175
2265
1848
1836
2187
1980
2081
1893
1854
2094
1925
1806
1916
2450
1819
2282
2012
2984
2103
2073
2070
2125
2065
2303
2394
2099
2456
1468
2354
2221
2106
2309
2294
1764
2136
2210
1355
1950
2365
2520
1534
1572
1687
1908
2643
2185
2037
2377
2257
2127
1695
1666
1940
2376
1624
1573
1478
