4170
3937
3013
4429
6831
2146
1539
1547
1363
1454
1559
1538
1544
1553
1524
1581
1595
1580
1547
1556
1658
1671
1601
1574
1677
1591
1686
1632
1512
1720
1631
1674
1646
4303
1539
1605
4828
1440
1341
1428
1473
1425
1335
1407
1382
1443
1544
1594
1544
1579
1585
1617
1511
2097
1536
1696
1553
1401
1193
1253
1668
1223
1195
1134
1007
1012
1045
1172
947
1000
990
969
966
927
943
958
759
724
962
964
965
925
951
1010
922
880
948
970
947
942
955
971
935
1054
1102
922
931
938
962
1749
944
842
913
886
816
844
811
799
881
858
1112
1110
1082
1264
981
846
968
954
952
970
972
944
1082
1096
1067
1007
894
953
988
1149
1132
1143
2467
1117
990
1059
973
930
947
935
930
942
930
980
977
935
948
970
970
971
962
956
948
1031
835
928
979
974
854
1021
961
938
674
947
1031
952
951
953
951
947
915
941
940
971
935
966
944
925
985
857
736
930
965
963
960
963
971
905
937
962
951
955
968
932
954
960
934
937
952
964
950
953
947
945
937
1011
931
965
932
968
961
950
945
959
964
944
947
967
1027
960
962
953
961
936
942
925
967
904
940
967
952
960
909
690
945
958
941
962
959
923
955
955
933
946
947
979
947
933
965
971
938
942
971
969
938
916
956
969
946
941
948
941
948
946
965
933
936
936
947
941
946
960
971
1084
763
961
971
940
965
946
976
972
961
960
962
954
971
944
937
935
960
950
953
936
968
968
953
955
936
928
943
965
961
947
917
987
935
932
952
952
947
948
946
972
962
935
948
957
950
955
946
983
797
931
967
943
958
934
963
954
3046
3041
3105
3161
3162
3069
3060
3034
3083
3105
3141
3214
3117
3146
3107
3088
3126
3096
3438
3047
3106
3054
3047
3169
3163
3176
3170
3225
3068
3087
3176
3037
3177
3087
3008
2952
2847
2912
3162
3201
3080
3079
3186
3079
3135
3114
3196
3096
3051
3116
3031
3154
3073
3196
3075
3109
3143
3062
3132
3061
3152
3161
3127
3170
3055
3065
3082
3157
3087
3062
3154
3088
3142
3062
3209
3111
3069
3028
2900
2863
3156
3180
3110
3098
3155
3017
3220
3005
3132
3114
3124
3122
3102
3140
3122
3089
3105
3150
3170
3094
3128
3077
3091
3094
3133
3309
2728
2760
2754
3138
2773
3050
3122
3091
3140
3059
3174
3194
3075
3162
3011
2952
3105
3240
3110
3118
3212
3070
3199
3042
3111
3140
3070
3146
2983
3100
3151
3161
3129
3098
3180
3134
3151
3058
3155
3127
3127
3348
3091
3136
3051
3103
3153
3091
3193
3855
3107
3065
3078
3124
3072
3216
3317
2867
2887
965
1148
1153
1186
1169
1276
3058
3190
3140
3192
3173
3083
3160
3093
3050
3161
2953
3176
3029
3396
3076
3109
3106
3059
3181
3096
3175
3040
3107
3186
3043
3213
3128
3142
3083
2771
3148
3144
3202
3064
3154
3012
2755
2786
3173
3169
3055
3176
3044
3136
1137
993
1060
1075
1062
1002
1050
1058
1078
1064
1085
1117
1102
1116
1100
1114
1117
1129
1111
1103
1125
1096
1101
1113
1085
1100
1092
1112
1071
1092
1107
1065
1074
1110
1091
1088
1056
1092
905
1111
1089
1161
1068
1132
1101
1077
1120
1104
1090
1125
1068
1110
1097
1117
1094
1096
1093
3103
3156
3140
3108
3094
3084
3203
3051
3163
3164
3244
3056
3070
3120
3130
3157
3073
3097
3263
3061
3170
3070
3113
3111
2810
3037
2833
2898
3123
3185
3160
3093
3229
3137
3144
3041
1146
1077
1092
1075
1100
1126
1139
1067
1098
1090
1122
1090
1123
1106
1117
1084
1136
1120
1076
1147
1144
1129
1126
1127
1105
1125
1151
1145
1117
1110
1144
1113
1139
1152
1150
998
1119
1114
1146
1148
1146
1141
1146
1111
1104
1087
1128
1147
1137
1149
1136
1138
1143
1108
1110
1153
1106
1123
1122
1106
1120
1130
1214
1127
1130
1147
1140
1137
1128
1134
1126
1136
1123
1153
1147
1137
1139
1117
1138
1148
1139
1156
1028
1016
1150
1107
1149
1130
1100
1145
1132
1161
1158
1141
3101
3175
3236
3125
3159
3089
3169
3257
3111
3172
3163
3036
3092
3097
3190
3082
3100
3186
3153
3161
3053
3124
3124
3135
3267
3114
3168
3128
3098
3146
3116
3121
2973
3159
3157
3121
3130
3171
3204
3079
3068
3074
3105
3243
3105
3273
3099
3145
3188
3528
3190
3194
3109
3038
3030
3115
3087
3052
3107
3191
3124
3168
3215
3168
3227
3166
3131
3184
3088
3211
3172
3213
3075
3275
3178
2958
3114
3137
3140
3108
3026
3177
3114
3260
3112
3113
3129
2892
2930
2802
2281
1806
1532
3038
2587
2835
3211
2697
1054
965
1252
1166
1896
3144
3106
3158
3125
3243
2684
3179
3126
3134
3235
3123
3181
3110
849
1007
959
826
806
973
973
961
2099
2164
2252
2310
955
1935
1011
997
835
998
941
734
838
881
773
934
940
950
1059
846
709
798
757
1080
995
991
978
939
947
964
984
991
942
977
1099
1669
1746
1687
1718
1682
1612
1778
1511
2924
3100
3170
3198
3131
3215
3117
3170
3105
3225
3176
3168
3165
3116
3111
3200
3142
3205
3109
3159
3148
3160
3198
3088
3199
3076
3077
3146
3157
3240
3183
3230
3151
3107
3108
3100
3180
3117
3164
3143
3107
2973
2856
3459
3143
3168
3257
3150
3575
3192
3145
3107
3146
3148
3150
3232
3125
3128
3227
3127
3275
3177
3194
3235
3128
3206
3154
3034
1533
1560
1504
1533
1565
1540
1559
1477
1304
1402
1478
1525
1517
1518
3217
3131
3322
2932
2856
2951
3128
3181
3122
3244
3150
3162
3155
3133
3242
3116
3162
3146
3139
