3896
1109
1230
1169
1021
2230
851
945
822
829
970
961
961
937
964
991
1077
1068
1063
1066
1117
1321
1353
1330
1391
1345
1312
1319
1340
1401
1374
1401
1446
1459
3682
1490
1440
1192
1329
1368
1327
1400
1258
1199
1465
1226
1233
1324
1263
1241
976
1084
1189
2087
1221
1267
1464
1219
1162
1092
1001
1047
1043
965
1189
999
1019
802
900
832
811
1273
937
1150
1494
1218
1680
1356
1187
1304
1516
1576
1570
1569
1561
2819
2769
1242
1195
1215
1205
1202
2833
2588
1171
1127
976
958
770
1197
932
852
807
803
870
831
848
847
806
968
950
3552
1117
2584
1238
1074
1098
990
1037
800
866
919
914
986
841
1122
1095
1056
1065
1185
1097
1004
949
1042
1141
1022
1061
945
1079
1144
1179
1861
1027
1199
1103
959
786
846
924
726
879
883
803
903
784
764
969
956
1461
968
961
1062
1009
942
952
948
952
944
949
950
959
963
918
961
956
955
958
930
988
951
975
942
983
983
958
1533
1557
1590
1772
1720
1896
1210
1024
826
1022
984
970
998
1031
993
1014
990
992
986
1005
1005
1002
1006
1011
1001
1007
1009
976
998
976
996
1005
1006
1017
1015
985
1006
808
998
1017
969
1037
1222
963
1004
998
998
985
1014
994
986
985
1008
761
886
800
984
980
1023
967
1012
988
995
1024
999
984
991
1001
1002
1002
1002
1005
1011
983
1005
993
967
1018
1004
1027
1007
976
1023
1018
998
1006
994
993
1000
1007
1009
1018
1002
1009
993
991
1016
1004
988
1016
984
878
847
1001
1003
1013
1002
1003
991
1002
1007
1000
1010
995
983
1016
1001
969
795
1005
1012
1001
1026
998
996
990
1012
997
3063
3312
3093
3199
3106
3110
3055
3024
3206
3072
3133
3083
3031
3130
3078
3113
3093
3189
3093
2888
2791
2717
3143
3092
3202
3103
3042
3182
3046
3125
3129
3160
3068
3103
3188
3055
3134
3107
3130
3049
2982
3118
3035
3053
3297
3108
3141
3125
3269
3104
3190
3138
3073
3185
3004
3155
3095
3059
3134
3066
3438
2813
3129
3155
3077
3189
3050
3118
2859
3067
3092
3113
3189
3037
3136
3047
3177
3234
3038
3186
3053
3093
3102
3107
3207
3113
3149
3101
3153
3042
3092
3266
3057
3148
3044
3135
3224
3092
3230
3090
3131
3046
3120
3223
2702
2846
3041
3120
3103
3068
3192
3156
3116
3066
3060
3175
3060
3292
3081
3073
3042
3052
3111
3042
3129
3084
3143
3115
3105
3127
3084
3174
3069
3097
3055
3048
3204
3139
3130
3064
3100
3143
3078
3201
3046
3121
2902
2740
3037
3133
3146
3065
3135
3072
3050
3179
3067
3186
3092
3106
3148
3063
3212
3128
3134
3095
3066
3176
3059
3176
3148
3229
2729
3025
3097
3137
3197
3127
3148
3078
3100
3135
3061
3056
3084
3114
3087
3029
3082
2889
2873
3110
3123
3147
3137
1335
1344
1501
1439
1420
1470
1437
1467
1496
3171
3089
3126
2973
2899
2653
2634
2998
3130
2839
3160
2763
3155
3023
3113
3181
2734
3139
2990
1808
2004
1980
2011
1947
1998
3174
3364
2201
1104
1078
979
966
952
946
1019
1087
1057
1058
1066
1095
1023
1084
1058
1075
1094
1083
1054
1066
1075
1074
1064
1089
1079
1066
1055
1074
1079
1069
1082
1064
1068
1090
1075
1072
1076
1079
1061
1062
1089
1049
1049
1074
1070
1079
1068
1074
1105
897
919
1071
1071
1049
1071
1040
1053
1061
1081
1054
1091
1084
1075
1053
1078
1054
1053
1093
1077
1066
1069
1075
1080
1073
1064
1080
1063
1057
1082
1064
1061
1076
1057
1065
1086
1052
1051
1083
1057
1064
1062
1086
1072
1072
1085
988
2807
1018
1056
1051
1089
1069
1085
1073
1030
1094
1066
1084
1106
1079
1116
1100
1094
1097
1093
1107
1108
1114
1081
1131
1083
1083
1131
1119
1100
1082
1093
1095
1080
1123
1105
1094
1105
1131
1105
1090
1119
1091
1077
1119
1085
1106
1042
872
1071
1109
1119
1089
1111
1100
1115
1105
1096
1116
1101
1098
1087
1101
1097
1110
1112
1091
1117
1118
1110
1098
1111
1092
1090
1083
1120
1097
1109
1207
3064
3142
3065
3151
3156
2997
3137
3035
3110
3107
3171
3082
3093
3038
2886
2858
3139
3085
3136
3027
3133
3124
3007
2980
3038
3169
3073
3140
3075
3095
3259
3346
3117
3109
3139
3154
3122
3211
3194
3185
3032
3005
3210
3113
3276
3042
3084
3021
3117
3155
3104
3132
3066
3040
3094
2986
3074
2872
2887
3073
3080
3124
3096
3108
3125
3141
3092
3068
3146
3059
3154
3033
3032
3068
3043
3113
3094
3103
3056
3054
3165
3037
3200
3108
3111
3028
3060
3075
3104
3157
3095
3080
3063
3147
3112
3248
3208
3083
3080
3022
2945
3035
3070
3105
3195
3084
3099
3067
3053
3149
3103
3074
3054
3049
3150
3157
3092
3060
3167
3053
3114
3051
3059
3149
3021
3120
3049
3053
3133
3090
3181
3055
3291
3079
3127
3329
3051
3172
3063
3012
3108
3016
3103
2925
2783
3241
3097
3168
3131
3115
3000
2999
3174
3098
3156
3101
3076
943
951
922
3103
3190
3087
3112
3139
3047
3090
3078
3101
3139
3030
3191
3078
3008
3122
3105
3151
3127
3118
3039
3038
3106
3135
3108
3047
2933
2740
3050
3253
3193
3159
3036
3077
3091
3092
3114
3091
3128
3047
3296
3187
3099
3086
3013
3025
3037
3110
3181
3086
3154
3266
2717
3172
3100
3153
3098
3036
3118
3024
3132
3088
3050
3167
3084
3188
3089
3091
3056
2874
3207
2803
3107
3129
3137
3149
3099
3181
3075
3159
3092
3066
3126
3083
3146
2805
3089
3087
3125
3160
3031
3086
3091
3214
3152
3174
3186
3018
3129
3079
3131
3178
3123
2463
3101
3074
3165
3141
3201
3040
3057
3084
2922
3181
3143
3140
3088
3045
3150
3062
3207
3021
