4542
7405
1898
2084
2183
1860
1743
1445
1509
1386
1393
1352
1393
1360
1406
1375
1395
1373
1622
1584
1616
1605
1634
1654
1765
1956
1912
1989
1971
2304
2014
1975
2045
1995
1565
1580
4676
2149
2247
2348
2303
2981
3052
2990
3112
3302
4371
3114
2962
3294
3010
2950
2815
3268
2096
1378
1472
1673
1816
1323
1040
1120
963
1162
1059
954
1265
1018
1509
928
926
967
946
1037
1054
1613
1969
1822
1809
1706
3002
1935
1825
1799
1860
3099
3047
3096
3032
3006
3145
1149
2297
950
961
913
933
1117
890
895
808
793
756
756
759
859
732
772
1036
1071
1179
1111
941
898
1073
963
950
932
927
1363
1355
1448
1432
1717
1466
1181
1249
1232
1147
1020
949
935
1257
1077
1224
1170
1064
959
1011
1006
995
968
1225
922
937
938
964
952
925
946
947
953
919
927
956
918
1034
941
912
958
924
941
927
918
933
913
952
945
913
929
1205
2473
2587
2485
2468
2300
2432
2632
2518
2527
2426
2326
2344
2631
2507
2368
2421
1103
1097
1031
1053
1074
1029
1033
1071
1065
1068
1070
1043
1027
1058
1058
1033
1040
1034
1079
1053
1060
1073
1056
1051
1066
1040
1066
1051
1048
1028
1084
1068
1040
1043
1049
1053
1048
1047
1056
1032
1034
1057
1050
1064
1059
1045
1020
1048
1061
1015
800
1048
1066
1070
1064
1080
3093
2996
3140
3022
3137
3002
3037
3051
3142
3076
3044
3051
3007
3017
3091
3065
3184
3034
3020
3061
3051
3195
3074
3112
3027
3046
3171
2956
3101
2686
3061
3104
3025
3051
3013
3062
3225
3040
3217
3019
3082
3042
3096
3144
3050
3674
2992
3054
3102
3048
3159
3026
3095
3043
3000
3236
3051
3108
3009
3050
3112
3063
3125
3028
3091
3029
3058
3146
3086
3225
2931
3016
3090
3039
3120
3126
3087
3039
3016
3153
3032
3199
3131
3007
2973
2980
3103
3452
3071
3084
3156
3130
3093
3076
2959
3037
3529
3017
3037
3036
3020
3114
3099
3128
3107
3088
3058
3022
3126
3091
3109
3011
3055
3084
3017
3120
3091
3062
3022
2863
2694
2631
2633
2588
2573
2618
2676
2657
2637
2633
2634
2617
2658
2991
2925
3039
3019
3088
3062
3096
3024
3023
3121
3033
3156
2994
3094
2986
2984
3106
3023
3205
2907
3180
3200
3026
3134
3053
3078
3113
3031
3546
2983
3002
3058
3034
3065
3046
3079
3026
3020
3082
2993
3069
3003
3125
3153
3088
3168
3051
3111
3035
3058
3217
3053
3040
2972
3032
3051
3001
3113
3048
3020
3135
3053
3112
3042
3096
3069
3640
3115
3102
3114
3060
2910
2183
1131
1129
1094
1137
1121
1156
1168
1156
1140
1127
916
1162
1134
1143
1165
1138
1134
1137
1155
1115
1177
1130
1134
1135
1138
1126
1124
1140
1127
1140
1166
1156
1136
1130
1150
1149
1123
1178
1148
1143
1149
1129
1161
1166
1124
1121
1167
1153
1120
1139
1139
1115
1132
1136
1160
1159
1139
1137
1145
1161
1150
1136
1138
1096
1139
1143
1161
1149
1136
1141
1242
1130
1134
1142
1143
1143
1125
1145
1143
1135
1159
1130
1127
1115
1120
1144
1135
1156
1139
1923
2734
1569
1089
1013
798
802
780
674
796
696
788
675
703
789
707
778
758
902
952
929
960
956
968
947
970
896
938
954
947
956
911
942
953
954
2744
2857
2718
2786
2723
2717
2828
2713
2859
2764
2681
2713
2727
2725
2611
2971
2736
2848
2746
2719
2806
2661
2822
2689
2802
2752
2726
2912
2687
2850
2711
2777
2751
2700
2834
2725
2877
2750
2836
2725
2804
2793
2754
2851
2749
2841
2814
3010
3103
3098
3255
3105
3134
3083
3101
3169
3033
3185
3041
1137
1080
1083
1088
1100
1094
1064
1078
1093
1074
1115
1086
1093
1094
1117
1089
1095
1089
1059
1090
3141
3026
3103
3021
3049
3023
3102
3063
3111
3123
3016
3114
3073
3098
3067
2978
3123
3054
3196
3036
3085
3057
3070
3075
3052
3237
3047
3072
3062
2996
3093
3047
3159
3049
3076
3024
2989
3075
2914
3145
2988
3081
3096
2992
3112
3035
3143
3021
3021
3086
3062
3014
3013
3143
2993
2958
3002
3087
3104
3028
3183
2939
3105
3193
2994
3022
2917
2651
2677
2635
2663
2656
2673
2638
2666
2641
2630
2595
2625
2647
3065
3039
3154
3043
3112
3069
3097
3082
3011
3098
3037
3121
3065
3048
3157
3038
3169
3073
3093
3056
3039
3173
3032
3047
3051
3064
2974
3039
3070
2878
3149
3023
3126
3150
3017
3022
3000
3099
3052
3101
2878
2973
3126
3028
3030
3065
3162
3186
2979
3149
2956
3220
3131
3281
3178
3046
3076
3178
3214
2701
3015
3167
3130
3195
3285
3286
3118
3207
3330
3199
3159
2881
3063
3106
3112
3134
3032
3083
3061
3058
3086
3078
3038
3090
3071
2973
3058
3153
3016
3091
3033
3160
3041
3071
3106
3033
3236
3035
3037
3061
3046
3112
3154
3192
3014
3040
2985
3174
3172
3087
3131
3206
3243
3336
2979
3288
3023
3182
3128
3138
3144
2990
3061
3062
3108
3048
3022
3209
2669
3050
3010
3093
3116
2974
3006
3170
2956
3063
3043
3128
3047
3146
3071
3175
3146
3103
3108
3037
3167
3089
3094
2786
3035
3015
3072
3010
3191
2894
2613
2638
2649
2636
2671
2412
2431
2385
2369
2339
2319
2365
2346
2416
2735
2787
2771
2665
2745
2723
2792
2748
2767
2802
2826
2799
2726
2833
3496
2733
2708
2716
2862
2683
2704
2721
2717
2828
2704
2779
2723
2686
2637
2810
2773
2770
2990
3142
3083
3134
3023
3094
3066
3054
3149
3105
3116
3041
3071
3063
3064
3107
3036
3050
3090
3124
3147
2971
3113
3009
3048
3054
3102
3181
3278
3080
3014
3044
3136
3110
3119
3136
3061
3045
3107
3046
3236
3115
2981
3018
3018
3072
3150
3102
2991
3127
3013
3133
3084
3103
3049
3020
3107
3075
3037
3056
3052
3203
3026
3146
