5647
1924
1419
1704
1637
1818
1408
3278
1546
1301
1184
1059
1043
1010
1078
1061
916
917
944
910
936
943
925
936
925
947
949
945
924
934
916
911
1015
1084
1079
1249
1054
942
977
950
942
938
941
915
953
972
918
931
936
940
926
919
952
933
1026
1049
1103
1080
1000
999
988
971
1003
1039
1090
1429
920
936
1011
1249
1136
1131
1036
1008
1010
1006
1020
1071
1312
1951
1997
2112
2104
2090
2182
2107
2554
2451
2453
2447
2499
2598
2505
2549
1102
1025
933
918
936
963
930
1042
827
775
816
835
822
790
739
928
929
960
1046
1104
1334
1071
1025
1120
961
973
728
853
800
784
1026
807
820
1038
1014
1038
1004
1150
948
876
1073
1318
1153
1307
1161
1045
997
977
1013
982
1122
1004
921
915
947
927
970
926
965
963
946
912
943
973
957
1162
1177
907
937
910
937
958
904
942
922
942
929
911
958
949
906
929
922
953
937
989
934
941
906
935
939
958
930
1201
760
961
913
947
972
958
918
903
967
952
948
980
953
950
940
942
936
934
937
962
970
938
945
924
951
947
947
959
918
905
939
914
953
940
937
970
2754
2797
2711
2793
2698
2831
2761
2743
2830
2686
2825
2706
2664
2772
2785
1140
1222
1208
1238
1204
1217
1213
1081
1209
1219
1231
1208
1231
1227
1225
1230
1289
1325
1296
1334
1266
1311
1300
1301
1325
1289
1301
1317
1315
1287
1259
1326
1303
1291
1273
1259
1329
1310
1307
1309
3072
3222
3075
3082
3074
3045
3111
3026
3097
3014
3028
3037
2970
3143
3034
3114
3025
3054
3179
3011
3101
3032
3564
3126
3026
3095
3068
3111
3167
3075
2900
2653
2697
2618
2654
2641
2623
2724
2648
2656
2619
2750
2823
2668
3098
3042
3029
3077
3092
3033
3075
3053
3156
3238
3167
3079
3124
3076
2996
3177
3090
3143
3063
3075
3161
3002
3083
3030
3096
3111
3066
3156
3086
3118
3057
3044
3162
3066
3224
3054
3071
3027
3057
3216
3078
3124
3028
3032
3072
3120
3144
2745
3127
3066
2956
3157
3074
3197
3001
3013
3056
3097
3233
3059
3103
3077
3038
3089
2960
3125
3051
3011
3151
3003
2896
3058
3193
3101
3070
3162
3033
3190
3010
3067
3178
3067
3112
3008
3050
3044
3018
3183
3052
3109
3017
3036
3106
3041
3173
3050
3319
3044
2943
3206
3079
3177
3139
3073
3117
3040
3213
2996
3121
3058
2963
3087
2999
3072
2972
3029
3114
3018
3121
3056
3082
3155
3040
3154
2978
2955
3003
3021
3146
3114
3119
2997
2965
3197
3118
3134
3030
3017
3002
3054
3094
3040
3087
3163
3002
3135
3089
3082
3077
3018
3122
2974
3073
2951
3054
3078
2929
2892
2700
2659
2598
2628
2617
2648
2667
2591
2644
2603
2625
2614
2710
3152
3065
3315
3020
3034
3110
3052
3120
3040
3128
3134
3062
3017
3032
3116
3061
3039
3190
3021
3093
3003
3024
3102
3154
3174
3022
3146
2996
2907
3098
3056
3033
3071
3185
3013
3029
3273
3078
3152
3012
3053
3034
3055
3132
3013
1119
1093
940
938
914
938
947
932
922
938
944
947
945
1052
1043
1085
1092
1035
1083
1174
1082
1084
1087
1093
1073
1086
1076
1078
1076
1202
1077
1105
1092
1112
1089
1081
1012
866
1072
1091
1094
1080
1072
3167
3241
3194
3027
3065
3192
3089
3156
2728
3167
3004
2751
2740
2710
31335
928
751
1183
832
803
767
1120
1683
1926
2148
2140
2157
2149
2399
2346
2222
2728
2762
2847
2815
2735
2695
1964
1917
1863
2758
2667
2702
2655
2756
2940
2753
3182
931
801
830
935
775
796
894
685
891
783
720
682
812
812
1026
822
1036
848
818
1045
823
842
1020
849
818
776
1033
996
867
823
974
829
839
828
869
744
739
809
812
951
626
781
780
911
1062
1070
3160
1699
1356
1295
1330
1847
1891
3164
3019
3005
2927
2990
3153
2770
2858
2767
2705
3237
2100
2178
1977
2090
1094
928
669
778
1059
755
717
822
858
773
2153
1139
1080
1044
940
952
1093
1096
1144
1011
810
810
809
800
839
920
867
831
1039
1052
844
905
849
1059
847
1349
1056
1045
1095
1569
1576
1458
1590
1493
934
950
926
704
939
943
948
995
962
920
914
726
914
908
946
1031
968
950
930
959
964
921
930
947
971
938
932
953
956
918
954
966
946
956
941
964
933
959
970
948
944
932
1010
959
952
960
941
946
917
928
947
963
952
933
959
954
931
917
959
974
975
1332
3112
3058
3143
3056
3029
3169
3046
3137
3016
3106
3023
2996
3080
3099
3120
3032
3098
3189
3100
3079
3063
3069
3158
3113
3088
2703
3065
3178
3152
2762
3051
3080
3101
3173
3268
3043
3142
2920
2692
2667
2665
2702
2664
2651
2659
2554
2647
2610
2608
2733
2672
2769
3049
3034
3154
3053
3147
3076
3049
3102
3040
3149
3099
2970
3176
3046
3148
3044
3036
3196
3073
3146
3104
3071
3051
3054
3119
3059
3137
3012
2951
3068
3081
3148
3048
1162
1211
1194
3274
3020
3099
3055
3124
3165
3079
3182
3094
3099
3077
2720
3468
3063
3057
3017
3034
3174
3088
3262
3067
3048
3180
3027
3174
3030
3193
3188
3031
3141
3034
3088
3088
3062
2923
3004
3083
3087
3149
3069
3044
3186
3047
3129
3081
3069
3120
3065
3118
3043
3112
3035
3054
3159
3043
3058
3030
3004
3140
3203
3116
3054
3045
3165
3034
3112
3078
3219
3047
3153
2986
3161
3290
3181
3200
3258
3224
8417
2496
2762
2814
2776
2716
2610
2865
2931
2778
2846
3414
2999
2765
924
2730
2713
2770
2733
3221
2729
2768
3674
2473
3183
2731
2589
2673
2652
2810
2753
