7149
7437
1692
3548
1466
1421
1641
1765
1298
1101
1104
1092
1127
1140
1059
1064
1052
1047
1295
1275
1315
1302
1362
1337
1294
1339
1287
1302
1321
1311
1299
1389
1375
1410
1451
1339
1315
1605
1312
1324
1323
1315
1316
1288
1366
1341
1279
1327
1325
1320
1349
1319
1312
1334
1316
1239
2778
1176
1294
937
1092
1107
2002
995
919
1032
1109
952
931
936
980
1113
1257
1246
1310
1240
1244
1213
1269
1248
1462
1279
1243
1252
1244
1260
1270
1314
1258
1230
1282
1268
1252
1234
1008
1020
925
938
950
951
932
1075
936
804
885
864
876
793
798
847
813
774
827
1362
1449
1104
1199
946
940
953
946
927
958
901
969
1043
1092
1005
1012
1054
1054
1062
993
1109
2610
1033
1105
2551
1026
2409
972
975
1246
919
940
945
961
947
891
958
979
930
940
950
945
927
946
990
1122
745
934
1037
952
938
957
950
982
966
2017
1962
2144
1957
1969
2013
1782
2306
1992
2049
1980
1971
2058
3031
3249
3053
3019
3064
3116
3678
3041
1331
1058
1017
1060
1057
1054
1072
1112
1183
1506
1502
1493
1538
1474
1456
1462
1493
1526
1476
1531
1461
1470
1472
1498
1511
1479
1512
1460
1469
1518
1496
1509
1523
1532
1468
1472
1516
1491
1494
1457
1469
1481
1464
1509
1471
1523
1390
940
1507
1468
1541
1464
1482
1476
1614
1482
1492
1529
1500
1480
1502
1480
1480
1482
1474
1465
1467
1502
1511
1516
1470
1485
1487
1467
1520
1485
1511
1502
1475
1490
1460
1523
1475
1474
1521
1469
1494
1518
1513
1492
1477
1496
1511
1532
1499
1470
1475
1495
1481
1460
1495
1529
1388
1505
1446
1510
1477
1473
1499
1460
1437
1479
1536
1481
1512
1522
1498
1503
1499
1234
1226
1431
1273
1236
1516
1486
1453
1517
1502
1498
1462
1455
1794
3022
3135
3071
3039
3112
3004
3166
3084
3110
3091
3068
3128
3080
3100
3086
3114
3111
3049
3173
3040
3021
3081
3079
3097
3086
3187
2953
3129
3037
3058
3058
3022
3079
3051
3091
3088
3095
3163
3051
3094
3067
3016
3133
3035
3124
2994
3002
3094
3048
3119
3100
3146
3043
3026
3017
3043
3086
3064
3003
3139
2993
3167
3066
3069
3068
3043
3125
3036
3007
2940
2618
2678
2636
2689
2686
2836
2791
2673
2411
2359
2344
2715
2431
2760
2873
3031
3233
3082
3145
3025
2992
3021
3046
3071
3051
3116
3049
3073
3005
3039
3145
3064
3084
3032
3038
3049
3089
3141
3041
3076
3057
2998
2981
3058
3103
3035
3047
3083
2775
3262
3073
3071
3152
3062
3136
2993
3109
3052
3143
3282
3029
3190
2824
3019
3099
3080
3099
3072
3122
2726
3031
3129
3048
3087
3014
3007
3152
3118
3157
3061
3060
3125
2988
3327
3022
3169
3044
2966
3034
3136
3196
3079
3076
3163
3059
3084
3053
3131
3054
3100
3111
3050
3062
3024
3035
3061
3009
3149
3071
3086
3077
3045
3139
3113
3000
3028
2998
3082
3010
3124
3023
3040
3073
3061
3111
3048
3131
3094
3242
3064
3054
3122
3018
3097
3133
2994
3118
3086
3195
3116
3083
3172
3045
3113
3045
3117
3082
3052
1131
1112
979
951
934
949
955
924
947
950
907
737
1098
1093
1101
1076
1082
1085
1056
1076
823
1034
1060
1048
1032
830
855
843
855
841
829
840
857
851
848
870
826
886
839
1078
1073
1106
1082
1087
1086
1104
1037
1081
1076
1089
1085
1089
3064
3120
3047
3180
3086
3064
3039
3034
3125
3074
3136
3032
3038
3102
3096
3141
3067
2908
3008
3017
3113
2950
3144
2953
2985
3029
3073
3082
3050
3087
3061
2913
3151
3031
3159
3125
3099
3037
2974
3103
3094
1084
1112
849
1140
898
1110
1125
1130
1105
1093
1138
1115
1113
1106
1129
1123
1104
1107
1120
1100
1162
1071
1100
1120
1131
1111
1074
1106
1104
1138
1117
1133
1132
1093
1092
1105
1129
3112
3039
3117
3064
3141
3030
3137
3033
3032
3196
3070
3148
3025
3086
3034
3069
3092
3022
3127
3076
3019
3109
3087
3087
3156
3075
3071
3042
4078
3078
3164
3048
3059
3152
3055
3159
3013
3169
3103
3075
3130
3036
3130
3076
3133
3068
3089
3141
3068
2977
3002
3040
3101
3047
3142
3069
3148
3104
3101
3336
3099
3191
3085
3161
3041
3058
3204
3122
3124
3027
3074
2989
2695
2691
2678
2706
2700
2750
2718
2655
2656
2655
2726
2649
2689
2772
3086
3104
2983
3101
3030
3115
3094
3117
3146
3036
3148
3057
3156
3058
3083
2784
3066
3190
3030
3124
3077
3081
3144
3117
3193
3077
3134
3050
3095
3141
2714
3101
3035
3114
3083
3108
3135
3094
3153
3090
3092
3099
3042
3162
3038
3113
2980
3135
3080
3098
3070
3114
3105
3059
3105
3115
3106
3157
3030
2940
3102
3137
3058
3102
3191
3211
3210
3067
2845
3070
3002
2940
3032
3091
3067
3106
3113
3072
3124
3077
3183
3088
3151
3112
3110
3261
3051
3077
3114
3112
3130
3075
3153
3077
3142
3136
3059
3063
3036
3121
3068
3089
3071
3172
3114
3094
3181
3052
3162
3068
3023
3173
3060
3258
3064
3104
3041
3092
3196
3082
3123
3031
3143
3066
3099
3255
3016
3206
2737
3167
3185
3149
3138
3156
3133
3067
3104
3027
3093
3094
3150
3165
3027
3104
3622
3073
3099
3113
3163
3119
3148
3017
3091
3039
3085
3064
2850
2700
2661
2743
2626
2639
2685
2746
2678
2638
2655
2643
2761
2734
3088
3083
3022
3051
3073
3110
3215
3020
3080
3035
3301
2950
3052
3107
3042
3097
3069
3035
3123
3083
3319
2995
3185
3006
3071
3095
3077
3127
3079
3011
3145
3053
3122
3181
3103
3023
3063
3006
3066
3109
3014
3140
3043
3086
3020
3046
3184
3081
3334
3011
3092
3179
3032
3152
3098
3082
3050
3093
3116
3125
3223
3065
3043
3011
3027
3087
3099
3029
3035
3120
3042
2855
3143
3060
