6006
1627
1671
1788
1850
1519
1474
1400
1298
1144
1003
776
992
999
1023
1027
1031
1020
1016
1025
988
1017
1027
1016
1032
1034
1042
1008
1121
1106
2666
2546
2213
1892
1876
1648
1717
1696
1470
1671
1678
1743
1676
1677
1639
1634
1656
1672
1646
2456
2599
2566
2236
2831
2257
2006
1958
1997
1772
1793
1601
1491
1405
1204
2834
1293
1127
1047
1033
1022
996
972
807
914
1160
957
1111
1086
998
1149
1207
1187
1170
1045
1599
1507
1179
1259
1151
1204
1145
1245
1285
1113
1184
970
974
974
1140
973
776
754
778
752
832
837
920
835
769
850
1142
1187
1063
1148
982
942
950
965
1310
1116
1053
970
1083
1267
1086
1066
1070
986
1134
980
1459
1104
1238
1038
1038
1062
992
994
955
952
995
948
947
934
964
950
967
939
954
947
972
971
981
1162
994
956
1006
1019
1003
978
1000
969
963
937
942
984
954
977
975
1126
886
977
860
881
962
970
917
1020
828
962
951
1057
1207
1141
1112
1228
1052
1087
1102
1096
1233
1126
929
1002
1179
976
1136
1088
1199
950
830
935
935
832
802
857
958
957
787
847
740
964
960
1037
1063
1243
1004
985
840
740
703
734
811
714
735
934
758
846
1302
1135
995
1018
1016
1069
1092
1049
1113
1077
1105
1059
1081
1078
3126
3161
3087
3079
3145
3051
3223
3050
3100
3114
3041
3025
3074
3134
3146
3070
3183
3104
3444
3085
3037
2831
2773
2831
3086
3097
3186
3099
3309
3045
3066
3208
3151
3152
3026
3161
3107
3108
3209
3109
3111
3093
3083
3192
3073
3224
3241
3077
3225
3085
3091
3116
3285
3182
3051
3344
3148
3238
3271
2733
3191
3131
3148
2981
2824
3207
2869
3188
3045
3249
3117
3214
3088
3130
1274
2379
2341
2367
2308
2370
2306
2364
2315
2300
2354
2346
2406
2321
2328
2348
2352
2381
2318
2312
2336
2302
2402
2322
2427
2366
2298
2304
2334
2417
2356
2277
1583
1555
1479
1601
1603
1787
2315
2348
2293
2952
2291
2391
2279
2281
2372
2336
2393
2324
2284
2261
2324
2354
2338
2330
2285
2321
2388
2317
2415
2302
2294
2332
2283
3090
3073
3163
1498
1424
1368
1568
1621
1577
1577
1577
1545
1579
2886
3186
2988
3060
3224
3069
3195
3078
3122
3275
3087
4788
3188
3267
3129
3251
3152
3085
3173
3080
3207
3064
3052
3100
3093
3090
3129
3076
3190
3048
3163
3090
3155
3089
3085
3196
3085
3148
3119
3099
3154
3147
3145
2910
3220
3088
3108
3156
3089
3184
3035
3071
3126
3071
3249
3085
3160
3063
3073
3176
3134
3164
3086
3012
3084
3096
3266
3123
3120
3103
3086
3226
3062
3174
3210
3108
3222
3062
3187
3087
3224
3057
3055
3217
3138
3085
2842
3089
3155
3069
3154
3059
3220
3106
3039
3156
3050
3226
3124
3085
3202
3101
3313
3055
3198
3124
3084
3169
3086
3158
3065
3068
3184
3117
3253
3092
3179
3063
3132
3094
3161
3162
3070
3135
3067
3083
3187
3002
2991
2865
3030
3059
3082
3201
3111
3067
3105
3032
3198
3078
3114
3166
3023
3156
3069
1315
1110
974
969
968
959
1073
959
935
986
1098
1087
1097
1135
1181
2181
2124
2176
2187
2161
2141
2122
2203
3145
3145
3123
3157
3156
2966
3260
3074
3169
3089
3040
3202
3071
3189
3111
3135
3196
3088
3183
3107
3112
3084
3152
3171
3044
3130
3048
3097
3159
3162
3152
3116
3064
3154
3073
3229
3142
3095
3087
3052
3125
3122
3214
3089
3100
3180
3124
2978
2730
2831
3024
3046
3081
3109
3155
3093
3177
3194
3130
3130
3110
3069
3182
3124
3206
3090
1152
1053
1123
1164
1143
1164
1133
1063
1093
1495
3167
3074
3106
3140
3123
3199
3072
3123
3042
3090
3132
3125
3184
3119
3051
3087
2765
3196
3161
3148
3026
3062
3172
3111
3199
3132
3091
3613
2219
2174
2076
2257
2202
2160
2170
2113
2172
2136
2127
2239
2123
2195
2140
2118
2170
2135
2187
2135
2175
2151
2118
2210
2140
2223
2140
2121
2343
3162
3241
3078
2940
3010
3004
3272
3068
3128
3169
3131
3183
3079
3161
3082
3093
3121
3102
3240
3167
3224
3044
3038
3197
3095
3160
3062
3144
3173
3071
3180
3018
3131
3072
3043
3136
3061
3137
3064
3143
3182
3130
3230
3052
3009
2911
2694
3188
3040
3083
3137
3091
3151
3092
3176
3063
3074
3175
3072
3166
3105
3124
3046
3054
3209
3100
3130
3115
3109
3195
3218
3182
3230
3177
3197
3054
3169
3156
3147
3143
3114
3142
3110
3080
3104
3143
3131
3203
2740
2771
3084
3088
3081
3189
3058
3158
3040
3118
3137
3109
3282
3056
3023
3092
3034
3181
3107
3150
3087
3120
3182
3065
3100
3145
3104
3188
3029
3209
3000
3172
3105
3086
3089
3060
2875
3071
3118
3212
3056
2990
2987
3096
3129
3098
3184
3064
3209
3076
3065
3181
3088
3237
2994
3085
3056
3083
3202
3164
3118
3192
3124
3305
3036
3268
3171
3028
3117
3025
3104
3036
3113
3196
3067
3181
3074
3155
3085
3089
3266
3025
3165
3044
3103
3070
3144
3145
3124
3106
3123
3098
3108
3104
3190
3245
3166
3129
3176
3142
3092
3181
3088
2997
3167
3098
3186
3065
3224
3075
3056
3090
3093
3164
3160
3162
3103
3095
3161
3159
3198
3079
3143
3050
3068
3205
3142
3347
2932
3092
3180
3074
3213
3142
3247
3097
3027
3190
3134
3187
3130
3279
3131
4439
3172
3120
3133
3040
3166
3065
3028
3154
3087
3232
3090
3109
3199
3100
3176
3107
3113
3098
3129
3201
3040
3092
3041
3136
3124
3180
3131
2986
3047
3126
3107
3290
3107
3189
3030
3171
3065
3089
3184
3079
3149
3078
3076
3108
2491
2632
2512
2563
2561
2536
2621
2660
2616
2469
3272
3079
3069
3192
3091
3196
3045
3132
3136
3069
3127
3054
3118
3084
3051
2963
2731
3192
3079
