5672
10351
3530
2704
2238
2585
2157
2282
1952
1681
1899
1842
1884
1889
1832
2384
2301
2367
2301
2285
2393
2306
2337
2317
2300
2366
2186
2103
2312
2464
2329
2320
2302
2329
2173
1813
1772
2308
2776
2475
2039
1819
2299
2298
2337
2254
2258
2295
2320
2396
2240
2515
2220
2174
2207
1418
1573
1472
1292
1360
1382
1354
1444
1433
1063
989
1202
1007
986
898
819
962
775
839
951
925
932
964
955
958
942
942
942
924
929
951
950
995
961
3019
3069
1743
1113
1016
945
958
981
953
1050
1135
914
780
790
954
953
950
739
781
718
744
775
832
839
900
1306
1160
1026
1152
997
947
867
922
939
915
950
955
1072
1048
1026
1046
960
1109
930
1022
1085
1214
1125
1175
2288
1079
975
1053
1212
1012
945
956
938
969
956
929
975
957
958
929
951
943
1122
972
1062
843
817
960
960
961
961
946
992
942
957
979
937
943
948
960
964
919
938
971
959
921
960
948
984
965
963
960
945
961
951
962
935
946
981
971
948
947
961
918
1066
1091
1116
1091
1084
1111
1108
1117
1077
1128
1090
1068
1072
1099
1105
1107
919
1066
1082
1128
1083
1129
1094
1069
1065
1087
1110
1090
1070
1106
1101
1093
1093
1103
1091
1109
1080
1052
1129
1091
1133
954
963
937
943
949
957
979
949
975
954
970
943
960
965
966
919
968
960
946
994
979
996
948
971
958
963
926
977
952
944
952
939
953
961
929
930
980
931
955
955
938
949
837
969
987
957
955
1023
950
1038
954
967
970
964
953
955
958
979
957
932
950
932
963
953
935
968
951
932
940
951
757
962
970
965
951
923
955
963
924
963
953
968
960
985
984
963
917
943
959
949
937
958
959
965
944
965
959
962
952
952
952
932
914
979
953
939
944
974
947
951
964
979
972
952
992
971
1126
883
828
960
948
950
977
963
979
667
918
937
958
953
951
966
934
992
919
962
965
959
953
925
960
964
961
943
964
983
945
946
901
974
954
958
929
956
894
930
928
954
954
969
961
955
951
953
1070
864
930
1363
3086
3160
3069
3112
3137
3052
3106
3180
3250
3051
3105
3081
3106
3131
3074
3121
3137
3084
3072
3059
3200
3067
3260
3013
3062
3063
3131
3168
3101
3150
3089
3108
3129
3117
3103
3030
3228
3067
3053
3021
2932
3194
3194
3137
3096
3069
3163
2973
3165
3097
3089
3059
3059
3049
3101
3149
3129
3106
3135
3076
3141
3024
3060
3151
3069
3236
3002
3111
3115
3088
3136
3042
3147
3060
3030
3169
3138
3215
3024
3085
3081
3085
3141
2865
3088
3161
3081
3161
3072
3129
3078
3063
3201
3023
3148
3120
3068
3172
3130
3112
3097
3049
3156
3132
3162
3066
3051
3060
3105
3163
2993
3093
3100
3082
3152
3089
3053
3195
3055
3095
3066
3011
3105
3065
3314
3004
2749
2959
3120
3213
3053
3144
3069
3046
3125
3100
3113
3086
3119
3270
3092
3164
3035
1222
1051
1029
932
975
962
921
998
950
946
944
954
956
960
951
1071
1052
1060
1045
1047
1033
1046
1060
1036
1044
1039
1004
1059
1062
1051
1026
1032
1097
1035
1087
1008
1046
1007
1010
1055
1051
3107
3044
3091
3149
3086
3264
3028
3059
3016
3071
3155
3076
3018
3119
3044
3130
3026
3069
3093
3099
3155
2980
3154
3073
3124
3157
3043
3120
3072
3031
2920
2888
2751
3040
3131
3073
3118
3096
3101
3165
3057
3038
3153
3053
3220
3148
3093
3048
3014
3168
3081
974
1034
1035
1060
1060
1309
1035
1064
1047
1034
1064
1069
1060
1041
1060
1033
1020
1057
958
1037
1041
1032
1058
1036
1108
925
1373
2706
2759
2812
2768
3114
3104
3080
3161
3072
3141
3164
3103
3124
3042
3057
3132
3146
3147
3099
3092
3076
3165
3117
3070
3135
3135
3218
3032
3111
3125
3077
2946
3037
3151
3087
3068
3081
3084
3097
3053
2893
2811
2693
3173
3123
3146
3034
3067
3058
3062
3156
3114
3174
3065
3019
3121
3038
3234
3109
3179
3107
3054
3223
3098
3091
3066
3082
3268
3075
3105
3046
3050
3111
3149
3165
3149
3198
3070
3031
3130
3091
3182
3068
2887
2952
3084
3194
3122
3154
3079
3330
3164
3109
3112
3088
3161
3116
3055
3108
3125
3159
3093
3154
3152
3109
3189
3056
3120
3065
3138
3178
3069
3149
3055
3056
3090
3108
3199
3082
3135
3060
3033
3193
3146
3195
3064
2875
2744
3039
3205
3077
3105
3060
3047
3192
3090
3209
3114
3047
3128
3021
3161
3095
3058
3162
3056
3090
3052
3097
3072
3115
3195
3124
3144
3020
3118
3081
3095
3125
3011
3089
3188
2120
2184
3066
3148
3081
3080
3096
2853
3144
3068
3095
3107
3056
3186
3039
3039
3104
3101
3174
3123
3100
3036
3112
3065
3095
3175
3070
3107
3102
3024
3050
3443
3143
3035
3067
3099
3081
3180
3094
3116
3158
3019
3184
3007
3245
3048
3081
3268
3089
3057
2880
2838
3076
3050
3158
3040
3110
3103
3161
3207
3120
3157
3111
3059
3068
3079
3152
3113
3104
3022
3096
3175
3110
3138
3083
3052
3088
3116
3165
3088
3079
3027
3061
3178
3083
3193
3117
3123
3178
3037
3171
3032
3347
2852
3078
3147
3094
3077
3125
3086
3138
3098
3138
3216
3103
3076
3047
3107
3101
3230
3050
3077
3042
3051
3169
3066
3150
3066
3087
3127
3071
3123
3121
3109
3075
2993
3170
3062
3219
3161
3095
3132
3082
3170
2959
2847
2829
3091
3175
3038
3100
3105
3092
3070
3076
3140
3068
3086
3102
3082
3162
3124
3082
3048
3035
3162
3056
3121
3084
3077
3147
3241
3156
3108
3215
3059
2999
3087
3015
