10625
1836
1513
1537
1532
1529
1225
908
976
1071
1108
1107
1099
1113
1093
1117
1100
1124
1106
1107
1105
1122
1123
1116
1131
1109
1119
1138
1097
1215
1170
1888
1624
1931
4306
2121
1810
1635
1644
1675
1657
1692
1658
1674
1664
1701
1681
1661
1679
1591
1492
1636
1460
1737
1760
1540
1399
1623
1410
1308
1330
1257
1622
1131
1109
1008
997
1150
1173
983
1034
778
951
952
795
993
1160
1018
1130
1227
1105
1248
1436
1102
1167
1098
1166
1136
1103
1548
2115
2183
2146
2154
1171
1179
2244
879
956
1051
812
814
867
772
816
807
816
831
980
979
868
1099
1134
1052
1067
905
1987
987
873
1045
876
917
959
1058
1046
1163
1027
1049
1068
1083
1112
1326
2731
1183
1162
1070
1105
1048
1173
1019
1452
1023
966
945
1035
955
972
987
968
1006
984
932
966
945
1409
1442
1605
1548
1550
1356
1451
1418
1433
1330
1440
1409
1420
1273
1423
1409
1456
1433
1442
1421
1448
1484
1392
1480
1436
1397
1445
1557
1427
1447
1438
1423
1407
1518
1447
1457
1448
1091
1051
1042
1078
1047
1071
1069
1096
1090
1117
1129
1071
1073
1074
1073
1067
1100
824
1075
1020
1070
1054
1071
3197
3064
3170
3023
3157
3139
3122
3143
3071
3171
3074
3191
2917
2764
3588
3068
3063
3076
3109
1227
1170
1164
958
1018
946
3068
3172
3092
3150
3065
3156
3195
2902
3124
3060
3069
3101
3152
3161
3117
3136
3087
3011
3170
3136
3165
3070
3067
3058
3103
3142
3107
3122
3064
3086
3181
3087
3197
3153
3053
3158
3072
3145
3108
3092
3060
2878
2830
2782
3205
3166
3077
3156
3069
3181
3108
3157
3113
3119
3157
3126
3188
3121
3091
3212
3092
3219
3062
3109
3106
3096
3193
3105
3208
3045
3122
3232
3121
3276
3132
3181
3062
3024
3131
3081
3173
3096
2958
3005
2795
3212
3061
3172
3085
3097
3108
3147
3201
3102
3069
3153
3138
3130
3155
3221
3082
3040
3049
3125
3129
3126
3068
3298
3088
3279
3077
3165
3149
3065
3214
3081
3114
2786
3122
3090
2733
3145
3045
3126
3096
3182
2738
2739
3083
3209
3175
3132
3118
3193
3121
3079
3201
3091
3183
3214
3117
3237
3051
3158
3120
3166
3104
3037
3211
3075
3171
3127
3185
3227
3055
3178
3063
3240
3069
3093
3094
3086
3197
3058
3104
3221
3087
3196
2834
2838
2877
3185
3153
3084
3195
3089
3128
3194
3126
3362
3109
3131
3106
3143
3036
3174
3192
3132
3300
3107
3085
3174
3377
3176
3054
2985
3115
3073
3174
3053
3124
3092
3067
3210
3062
3191
3102
3099
3095
3070
3122
2868
2787
2875
3100
3171
3087
3261
3114
3131
3030
3111
3127
3117
3146
3130
3147
3103
3097
3230
3084
3194
3124
3106
3139
3130
3160
3091
3189
3109
3077
3186
3154
3138
2943
3118
3056
3071
3120
3127
3160
3145
3168
3046
2948
3118
3112
3197
3044
3095
3184
3053
3167
3140
3155
3133
3119
3175
3103
3244
3081
3193
3241
3117
3140
3092
3173
3124
3164
3108
3084
3183
3081
3171
3078
3139
3165
3057
3111
3050
3243
3116
3322
3093
1097
1097
989
983
764
774
955
950
969
961
988
960
954
955
964
966
957
956
965
964
940
962
933
969
972
957
943
928
971
971
955
976
975
957
951
947
969
977
965
975
1055
1034
1029
1052
1056
1055
1403
3140
3320
2908
3032
2831
3095
3093
3111
3146
3111
3103
3078
3056
3289
3126
3125
3081
3056
3076
3081
3200
3078
3116
3075
3067
3163
3112
3212
2681
3049
3076
3090
3196
3093
3238
3085
3113
3113
3105
3182
3104
3125
3051
3042
3196
1441
1105
878
1127
1099
1082
1118
1105
1138
3076
3109
3212
3104
3212
3074
3158
3222
3091
3166
3096
3155
3141
3218
3168
3072
3202
3123
3184
3136
3192
3105
3084
3193
3120
3153
3095
3188
3112
3061
3214
3109
3257
3080
3246
2920
2675
3266
3059
3149
3124
3094
3205
3109
3224
3096
3280
3028
3119
3170
3136
3140
3096
3113
3110
3145
3205
3108
3176
3072
3136
3168
3087
3190
3115
3080
3072
3079
3079
3090
3167
3069
3313
3079
3150
3215
3131
3024
2837
2914
3093
3074
3255
3145
3140
3115
3057
3206
3080
3188
3149
3103
3071
3047
3082
3097
3174
3135
3159
3117
3066
3192
3079
3210
3123
3093
3179
3048
3120
3093
3186
2865
3086
3157
3069
3121
3100
3297
3076
3039
3193
2785
2860
3171
3105
3109
3063
3133
3192
3091
3204
3069
3073
3120
3112
3219
3068
3121
3199
3123
3206
3065
3257
3072
3149
3213
3032
3109
3012
3069
3164
3110
3136
3085
3131
3129
3066
3154
3102
3048
3069
3144
3080
3093
2906
2873
3051
3126
3118
3064
3159
3073
3122
3174
3155
3075
3060
3178
3084
3184
3061
3105
3381
3098
3157
2999
3102
3104
3091
3204
3088
3173
3128
3089
3177
3073
3143
3133
3108
3062
3082
3140
3192
2969
2938
3053
2898
2344
1871
1507
1306
1180
1069
1070
1028
1018
1067
981
989
3076
3150
3063
3198
3146
3046
3139
3430
3145
3197
3220
3249
3178
3134
3126
2854
3100
3138
3119
3163
3215
3026
3222
3112
3374
3184
3068
3091
3134
3174
3035
2844
3074
3068
3058
3195
3091
3156
3033
3027
3070
3077
3108
3142
2989
3127
2996
3164
3099
3075
3094
3078
3170
3058
3160
3086
3119
3249
3044
3107
3049
3075
3165
3064
3197
3074
3063
3122
3088
3284
3087
3257
3072
2892
2853
3068
3177
3075
3147
2972
3047
3159
3083
3203
3232
3071
3118
3041
3103
3058
3102
3194
3092
3155
3052
3066
3172
3069
3154
3016
3061
3028
3156
3085
3131
3128
3091
3142
3155
3057
3096
3151
3035
3182
3043
3089
2919
2838
3081
3025
3164
3025
3118
3151
3051
3111
3055
3114
3060
3049
3109
3083
3193
3046
3118
3088
3062
3155
3009
3103
3045
3083
3112
3105
3168
3074
3109
