3594
4974
6277
1137
1305
1507
1201
1209
1065
1116
940
1023
939
936
950
941
941
933
958
947
949
945
927
948
922
940
930
946
955
939
963
1121
1108
1158
1061
1050
1068
1113
1151
1104
1133
1113
1117
1127
1124
1101
1133
1130
1127
1049
1051
1027
1060
1099
1039
1131
1124
1024
1020
1091
1065
996
976
1196
1103
939
964
952
940
951
1047
1066
1074
1025
1088
1139
1143
1327
1189
1122
1134
1114
1155
1143
1160
1088
1136
1740
1689
1784
1743
1870
1762
1762
1780
1745
1769
1732
1774
1742
1714
1548
1020
810
754
710
902
841
812
743
777
3844
1992
1089
1119
1007
1189
1042
929
935
929
942
943
935
929
1073
1034
1001
1037
1028
965
1046
922
1139
1075
1011
976
924
1067
1037
975
1014
1281
969
900
952
980
910
940
972
943
922
933
946
947
932
979
947
953
932
924
959
942
947
993
974
1043
964
963
951
934
933
998
975
959
982
947
942
950
905
945
943
952
956
962
2754
2712
2693
2827
2738
2830
2735
2782
2839
2801
2101
1416
1443
1422
1407
1438
1441
1447
1379
1422
1422
1422
1448
1368
1402
1438
1415
1448
1408
1454
1415
1411
1614
1352
1429
1427
1418
1410
1394
1443
1424
1435
1395
1397
1445
1469
1433
1423
1370
1430
1389
992
1189
1200
1151
1187
1200
1184
1219
1173
1182
1248
1167
949
1208
1196
1136
1167
1179
1142
1183
1170
1173
1168
1140
1171
1198
1202
1167
1185
1181
1150
1208
1180
1195
1176
1147
1127
988
1199
1211
1176
1179
1144
1186
1175
1200
1145
1142
1177
1191
1206
1200
1184
1187
1178
1169
1185
1176
1171
1202
1182
1182
1188
1167
1183
1188
1162
1160
1190
1175
1168
1202
1156
1186
1178
1200
1141
1186
1185
1180
984
1191
1169
1194
1192
1186
1169
1196
1179
1176
1194
1169
1183
1145
1152
1169
1187
1266
1200
1169
1188
1189
1202
1197
1198
1173
1171
1201
1166
1195
1165
1182
1162
1173
3079
3050
3112
3082
3032
3091
3073
3057
2864
2710
2647
2675
2679
2683
2849
2653
2665
2664
2620
2688
2738
2698
3066
3079
3096
3078
3119
3067
3017
3019
3050
7470
2830
2716
2861
3042
3171
3000
3162
2991
3050
3051
3144
3183
3003
3141
3016
3121
3075
3025
3134
2964
3085
3484
3036
3119
3050
3131
3027
3143
3049
3050
3130
3059
3111
2111
1198
1082
938
930
916
942
936
952
912
1068
1033
1013
1007
1057
1028
1106
1067
1106
1059
1088
1074
1083
1073
1086
1092
1091
1061
1086
1067
1092
1064
1091
1072
1121
1072
1067
1113
1085
1078
1072
1091
1081
1083
1103
1087
1077
1068
1074
1080
1090
1103
1073
1087
1085
1096
1064
1091
1098
1068
1104
1072
1060
1132
1052
1063
1081
1072
1080
1064
1104
1083
1095
1077
1095
1073
1071
1094
1075
1069
1056
1082
1073
1037
1075
1055
1097
1057
1058
1073
876
1093
1061
1371
3063
3060
3287
972
962
958
976
950
980
998
935
970
974
933
985
984
1095
1077
1048
1074
1061
1095
1093
1104
1092
1092
1083
847
1091
1081
1081
1100
872
873
869
914
2659
2658
2625
2655
2649
2696
2698
2621
2674
2676
3057
3087
3119
3138
3111
3234
3149
3060
3173
2986
3099
3134
3120
3090
3095
3132
3057
2961
3092
3057
3175
3041
3119
2979
3075
3106
3074
3077
3046
2998
3207
3011
3041
3009
3123
3137
3033
3087
3066
3135
2812
3023
3116
3009
3147
3040
3324
2958
3025
3180
3046
3088
3022
2947
3142
3031
2761
3246
3095
3125
3027
3059
3027
3069
3129
3134
3090
3058
3021
3117
3014
3212
2911
3035
3023
3022
3088
3095
2993
3165
3050
3139
2993
3131
3057
3069
3129
2981
3153
3068
3012
3108
3042
3185
3097
3048
3104
2922
3059
2974
3000
3204
3056
3106
3031
3085
3015
2986
3125
3088
3269
3021
3073
3036
3053
3113
3088
3125
3074
3047
3145
3087
3116
3118
2983
3086
3038
3066
3075
3155
3078
3116
3198
3030
3176
3032
3061
3229
3003
3090
3037
3067
3045
3062
3155
3081
3150
3082
3085
3163
3019
3140
3032
3050
3130
3014
28191
2439
2490
2381
2346
2312
2363
2381
2375
2369
2377
2366
2359
2687
3050
3066
3083
3199
3081
3139
3046
3002
3106
3040
3135
3042
3089
2954
3056
3174
3078
3150
3042
3049
3143
2998
3126
3098
3017
3161
2995
3138
3519
3135
3078
3077
3124
3001
3125
3007
3077
3007
3035
3542
3063
3197
3049
3074
3140
2987
3101
3053
3035
3139
3086
3193
2993
3087
3030
3106
3071
3058
3081
3027
3077
3191
3041
3152
3034
3054
3035
3040
3059
3136
3382
3036
3104
3176
3022
3113
3062
3124
3130
3070
3142
3033
3097
3111
3129
3080
3069
3165
3057
3154
2981
3059
3149
3044
3169
3049
3118
2979
3089
3161
3091
3223
3055
3019
3130
3044
3115
3102
3103
3052
3066
3233
3042
3405
2982
3082
3099
2999
3143
3034
3150
3039
3049
3163
2986
3124
3086
3044
3154
3044
3082
3082
3078
3042
3083
3157
3032
3135
3081
3067
3085
3057
3143
3039
3127
3021
3083
3221
3048
3086
3048
3102
3076
3073
3151
3022
3002
2867
2722
2688
2655
2692
2814
2681
2643
2655
2722
2647
2664
2718
2668
2969
3048
3075
3056
3104
3099
3047
3206
3066
3096
3046
3088
3134
3019
3088
3082
2832
3098
2998
3141
3027
3279
3060
3157
3025
2992
3086
3067
2984
2900
3047
3177
3039
3073
3038
3150
3177
2986
3137
3083
3119
3096
3026
3256
3056
3117
3051
3054
3121
3089
3228
3058
3094
3017
3057
3150
3038
3106
3042
3005
3385
3053
3142
3115
3207
3009
3055
2743
3090
3144
3086
3188
3120
3024
3267
3034
3159
3083
3060
3176
3007
3089
3050
3084
3055
3058
3105
3069
3070
3030
3068
3190
3055
3150
2988
3080
3039
3045
3090
3071
3077
3035
3008
3156
