44384
34940
24990
14720
4399
6565
4276
3921
4181
3965
3902
3967
4220
3809
3953
3664
3439
3925
4360
4889
3595
4132
3847
3898
3752
4680
3620
3781
3996
4038
3906
4236
4219
4075
3830
3853
3600
3741
4163
4594
3852
3774
4121
3696
3986
4417
3414
3364
3758
3468
2981
3552
3724
2909
3837
3605
3518
3340
3879
3826
3505
3366
3104
3522
3225
3263
3650
3856
3380
3043
3472
3068
3286
3371
3434
3284
3180
3644
3623
3873
3036
3575
3419
3140
3773
3435
3578
3492
3776
3400
3394
3752
3008
3256
3518
3542
3608
3076
2928
3435
3656
3027
3381
3636
3685
3960
3361
3674
3799
2969
3610
3697
3908
4304
3440
3175
3047
3021
3451
3661
3768
3508
3800
3746
3488
3004
3446
3478
3596
3385
4004
3389
3039
3024
3092
3228
2697
3484
2956
4051
3551
3538
3472
2933
3392
3250
3324
3914
3351
3093
3514
3179
2933
2955
4046
3159
3296
3842
3518
3651
3121
3797
3149
3514
3264
3212
3709
2880
3354
3148
3926
3099
3211
3854
3118
3333
3105
2966
3511
2844
3356
3038
3374
3153
3249
4208
3141
3419
3160
3863
3406
2615
3661
3704
4133
3893
3603
2711
3075
3318
3266
3414
3650
3040
3459
3362
3950
3174
3409
3304
3499
3146
3388
3212
3322
3382
3477
3182
3520
3272
2830
3459
3151
3158
3150
3554
3147
3256
3000
2695
3245
3283
3702
3183
3112
3153
3092
3635
3581
3087
3442
3426
3641
3079
3137
3446
3665
3331
3225
3386
3130
3325
3483
3423
3759
2984
3306
3321
4103
3475
3025
3404
2922
2931
3208
2802
3069
2919
3059
3449
3679
3309
3006
3483
3485
3085
3045
3438
2839
2790
2818
2845
3344
3174
2897
2878
3042
2801
3130
2842
3294
3304
3288
2676
2888
2879
2809
2776
2995
3241
2791
3368
2987
3019
2819
3142
3264
2981
2965
3089
2641
3365
2615
3360
3204
2986
3436
3161
3120
2920
3232
2776
3134
3599
3401
2721
2891
2989
3139
2893
2892
2867
3105
3621
3307
2909
2852
3693
3030
4744
3136
2876
3007
2378
2301
2215
2946
2840
2790
3306
3082
2826
2723
3305
2451
3603
2889
3014
3236
3201
2837
3228
2212
3147
2863
3149
3088
3082
2794
2638
2999
2736
2741
2752
2738
3145
3061
2613
2790
3627
2693
3026
3122
2642
2438
3105
2981
3255
2808
2766
3410
3097
2713
2891
2966
3112
2691
2670
2999
2883
3222
2700
2612
3023
2748
3206
2730
3085
2786
2747
2684
2748
2969
2665
2989
3312
2391
2368
2603
2269
2300
2290
2279
2032
3010
2503
2540
3002
4040
3163
2897
2748
2921
2954
2791
2930
3020
3528
3259
2645
2944
2860
3241
2517
2439
2939
3096
2974
2826
2780
3472
2740
2938
3204
2979
2821
2857
3367
2653
3114
3046
2976
3027
2857
3351
2823
2709
3095
2874
2918
2618
2810
2664
2606
2863
2710
2771
2921
2724
3020
2716
2573
2881
2661
2758
2672
2686
3015
2699
3161
3008
2728
2490
3092
3018
2605
2552
2611
2737
2718
2839
2655
2661
2851
2897
3134
3004
2734
2902
2859
2506
2856
2730
2910
4397
2932
2818
2774
2654
2857
2885
2444
2637
2530
2783
2797
3088
2837
2555
2581
2650
3167
3148
2690
2689
2745
2665
2966
2703
2913
2939
2906
2927
2537
2876
2963
2702
2756
2691
2705
3169
2692
2730
2816
2986
2871
2745
2975
3145
2286
2437
3325
2935
2722
3019
2407
2625
2697
2589
2745
2660
2926
2924
3195
3050
2934
2596
3007
2983
2389
2454
2726
2766
2895
3001
2753
2789
2780
2633
2578
2663
2604
2771
2874
2386
2691
3022
2783
2776
2786
3167
2760
1913
2546
2858
2586
2705
2840
2794
2755
3033
2797
2683
2647
2595
2930
2848
2755
2783
3073
3187
4147
3075
2455
2501
2435
2701
3260
3296
3146
2758
3147
2897
3004
3056
3194
2912
2908
2999
2307
2695
2739
3355
2779
2771
3329
3995
3788
4551
2501
3692
2777
3312
2431
2944
5667
3017
2573
3311
2530
2881
2765
2994
2630
3350
2914
2544
3295
3210
2990
2947
2435
2642
3014
2743
2958
2908
3316
3181
3114
2506
2930
3357
2948
2857
3078
2876
2792
3323
3236
2976
3116
2688
2627
2670
2782
2662
2640
2838
2598
2714
2852
2728
2633
2645
2600
2968
2716
2777
3186
3420
2054
2238
2600
2423
2258
2268
2503
2329
2398
2956
2184
2307
2231
2327
2085
2349
2229
2160
2050
2494
2232
3266
2827
2906
2257
2822
2718
2534
2860
2909
2754
2749
2878
2540
2846
3162
3032
2368
3005
2532
3145
2662
2983
2986
3009
2611
3234
2816
2333
3142
2958
3434
2789
2758
2709
2568
3319
2865
2318
3525
2846
2919
2282
2881
2766
2435
2927
3034
2396
3481
2953
2371
3021
2688
2402
2982
2370
2510
3043
2918
3009
2778
2969
3052
3045
2931
3417
2952
2745
2839
2833
3208
2382
2812
2572
2578
2604
2664
3163
2897
3078
2356
2652
2816
2533
3281
2553
2638
2724
2655
3064
2424
2887
2457
2396
2700
2459
2689
2456
2543
2574
2230
2879
2544
2584
2286
2842
3210
2455
3188
3484
2442
2991
2995
2222
2686
2533
2510
4293
2698
2514
2634
2452
2829
2869
2507
2481
2548
3228
2212
2167
2366
2593
2555
2627
2429
2633
3524
2888
2891
2547
3167
3200
2802
3098
3182
3762
2584
2773
2968
2478
2890
2722
2684
2945
2402
3063
2683
3020
2687
2837
2932
3260
2409
3195
2594
3180
2708
2865
3221
2693
2556
2267
2745
2540
3312
2705
2865
2730
2995
2228
2468
2963
2546
2999
2911
2500
2662
3684
2675
3138
2408
3203
2810
2712
2977
2623
2811
2744
2759
2621
2700
2723
3101
2634
2578
3081
2478
3146
2791
3268
2491
2937
2213
2532
2847
2540
3254
2927
3015
3118
2543
2537
3750
3185
3005
2817
2838
2699
2720
2521
2600
3047
2852
2724
2620
2688
2951
2740
2486
3075
2800
2900
3042
2715
2471
2793
2605
2777
2452
2632
2548
2661
2670
2702
2658
2559
2728
2605
3171
3299
3098
2584
2868
2774
3256
2527
2363
2709
