6506
6578
6648
6635
6635
6657
6702
8908
8932
8863
4904
4617
1073
5713
4140
1667
2429
646
623
659
673
711
722
752
798
7666
791
580
641
692
783
840
899
942
910
927
949
988
1011
1591
1645
4414
649
671
875
583
3262
2634
2308
1724
2563
745
589
625
652
715
738
783
870
913
945
988
1006
1003
1106
1353
1456
1545
1590
1676
1713
1753
1811
1862
1889
1244
1137
1174
1164
1207
1254
1247
1228
1222
1203
1265
1303
1321
1329
1375
1403
1420
1471
1557
1674
1732
1836
1873
1895
1956
1993
2095
2191
2210
2300
2286
2353
1775
1796
1846
1927
1931
1987
1937
1953
1974
2034
2130
2202
2302
2308
2331
2343
2352
2369
2359
2333
2306
2359
2431
2539
2615
2674
2721
2763
2777
2796
2867
2885
2922
2977
3034
3074
3089
3099
3089
3134
3183
3224
3241
3284
3285
3310
3348
3361
3373
3417
3447
3507
3539
3557
3578
3621
3659
3702
3753
3769
3806
3857
3898
3945
4025
4111
4177
4261
4243
4267
4280
4309
4361
4430
4474
4539
4560
4573
4607
4629
4677
4746
4815
4853
4899
4944
4970
4998
5026
5078
5100
5131
5162
5235
5231
5258
5307
5325
5353
5394
5384
5408
5436
5441
5094
5159
4789
4774
4825
4500
4562
4050
4067
4081
3969
3959
3460
3493
3427
3450
3485
2989
3017
2529
2516
2547
2455
2458
1941
1956
1749
1776
1783
1431
1473
976
992
1018
793
910
599
657
563
587
985
599
646
582
665
1144
603
949
594
645
855
608
864
591
623
542
604
1013
613
637
589
635
1115
618
1033
604
605
609
658
1120
579
650
621
633
1069
625
1301
913
910
942
771
973
597
611
537
584
1039
618
688
631
631
1013
608
874
594
631
541
619
899
621
1083
605
642
677
670
1062
561
579
565
601
842
605
1100
588
603
750
585
807
583
615
572
598
836
623
1051
577
591
742
589
873
623
632
553
578
846
590
1057
597
647
688
644
1057
623
692
586
628
1333
577
1161
583
577
659
610
1107
626
634
539
570
894
583
1126
594
606
654
592
1073
634
622
645
676
1124
603
1025
589
582
756
603
891
609
626
560
604
859
600
1091
589
596
620
633
1041
615
661
567
583
892
572
1077
557
596
640
608
1063
620
615
640
683
1040
607
909
594
636
547
622
891
611
1111
567
577
733
553
893
583
621
551
593
1033
644
705
614
632
1049
598
913
613
663
519
574
1033
580
648
601
655
1131
581
887
583
583
535
610
1004
589
593
553
572
866
611
1103
612
572
761
608
1035
569
640
658
625
1103
610
631
588
654
1095
638
939
647
713
513
584
1043
581
611
571
631
1096
602
1053
596
693
677
600
1096
605
655
529
585
900
596
1071
592
622
803
598
874
611
658
590
608
1035
625
632
607
635
1103
607
1043
605
648
675
633
1111
607
644
538
596
901
588
1047
574
607
789
589
892
614
656
543
574
890
592
1081
586
604
716
589
937
590
606
515
593
928
588
1145
598
601
616
632
1125
588
604
590
624
969
597
1084
592
606
614
640
1054
615
959
638
678
623
630
1080
612
894
615
626
552
588
860
604
1088
616
651
694
593
1086
636
693
564
596
929
622
1085
607
671
593
650
1094
595
937
555
597
586
602
1049
611
961
579
610
592
636
1111
610
855
609
676
571
642
1106
587
870
578
642
554
614
895
622
1073
630
684
673
624
1127
616
656
617
682
1007
586
1038
589
600
570
569
921
602
1076
626
619
602
613
1048
583
883
601
633
555
623
1115
616
942
574
618
522
573
1134
609
868
592
610
551
596
867
602
922
583
614
537
593
921
593
1077
616
654
686
667
1090
591
648
515
605
978
598
1090
634
669
570
606
1086
599
901
604
630
548
607
896
611
1083
597
622
623
627
989
639
1102
612
626
711
695
1224
653
958
596
665
657
690
1061
595
600
593
586
1096
631
852
586
636
523
589
1007
595
882
593
637
519
603
869
617
1074
607
591
667
566
919
599
1079
588
655
671
604
1128
619
666
628
625
930
624
1060
632
711
629
681
923
604
1055
621
639
567
609
1072
583
918
577
606
550
583
818
617
980
583
618
561
611
877
646
962
618
652
538
581
884
586
969
608
672
560
603
864
585
1088
598
624
660
571
892
601
1063
656
712
1219
1653
2867
1480
2156
1789
1721
12659
10917
804
863
851
876
719
741
668
709
676
696
134865
658
1494
591
622
1381
580
1515
569
637
544
587
1322
569
1673
556
596
1567
586
1624
572
607
1354
568
1505
577
615
543
610
1334
571
1545
580
621
1677
661
1752
645
667
605
616
1475
625
1684
596
622
1575
588
1480
582
583
540
574
1342
582
1518
595
603
1479
571
1322
600
620
530
563
1416
596
1516
605
633
1377
606
1530
598
642
539
581
1507
590
1345
591
641
539
589
1359
593
1502
599
631
1469
592
1325
589
616
551
581
1004
599
637
631
635
890
582
949
620
680
641
666
943
626
616
655
692
966
591
960
601
648
744
607
819
613
605
552
614
924
631
642
672
705
1006
604
787
608
635
572
636
849
619
967
607
617
659
731
1017
601
619
561
604
