3640
3674
3896
3945
5026
4896
4935
4350
4370
4377
4425
2929
2394
2322
2315
2334
2333
2289
2291
2320
2383
2442
2481
2551
2589
2587
2575
2604
2645
2651
2610
2641
2679
4838
2609
2479
1809
620
869
546
561
1095
533
524
1037
1078
1146
1498
2414
2395
5490
3448
671
2044
600
594
613
653
696
740
759
800
846
890
988
1062
1119
1128
1142
1275
1321
1245
1285
1298
1324
1309
1324
1268
1340
1372
1404
1433
1447
1473
1524
1542
1597
1644
1674
1693
1721
1754
1790
1836
1883
1940
1982
1998
2038
2048
2106
2152
2205
2263
2228
2267
2304
2316
2354
2372
2429
2472
2510
2546
2596
2595
2637
2667
2697
2701
2728
2777
2818
2802
2820
2841
2879
2895
2928
2939
2984
3019
3085
3149
3170
3220
3232
3278
3297
3296
3326
3388
3422
3420
3460
3490
3546
3589
3583
3619
3663
3687
3725
3766
3781
3857
3909
3990
4074
4171
4230
4299
4389
4421
4468
4538
4579
4648
4693
4753
4777
4847
4880
4929
5003
5046
5088
5137
5170
5227
5280
5305
5363
5409
5481
5542
5614
5641
5665
5702
5742
5801
5838
5899
5956
6018
6051
6065
6080
6084
6101
6136
6153
6174
6215
6216
6270
6336
6390
6440
6469
6458
6472
6462
6443
6449
6445
6454
6483
6540
6559
6290
6308
6308
6179
6193
5880
5908
5639
5624
5681
5236
5299
5089
5101
5100
4803
4870
4355
4338
4319
4107
4115
3851
3856
3631
3726
3742
3450
3468
3008
3033
3047
2852
2899
2568
2554
2348
2411
2481
2024
2002
2001
2018
2014
1593
1635
1367
1379
1170
1217
1236
793
816
805
855
952
606
934
600
613
633
636
909
620
608
656
705
996
584
831
584
630
551
622
819
635
1005
614
659
678
580
823
593
618
534
588
790
603
1011
607
644
752
604
951
602
645
680
601
1004
613
639
523
562
826
599
993
584
624
729
603
814
607
642
539
629
825
609
978
590
648
676
611
1021
622
666
676
702
1016
628
844
629
664
553
612
1003
609
629
654
684
1011
589
822
594
625
541
592
819
604
980
571
574
640
582
832
577
583
552
596
967
595
589
593
621
963
575
827
604
633
552
583
799
587
856
615
696
578
607
979
605
584
623
673
1027
603
1024
577
612
663
681
993
603
663
680
767
1053
586
790
594
598
554
550
909
579
616
610
641
961
599
959
597
582
667
584
802
585
581
569
589
1044
587
593
598
608
955
584
952
588
595
658
581
810
585
623
559
622
871
618
1017
587
588
627
687
986
598
623
537
605
956
583
964
582
643
733
673
1054
557
600
509
549
817
596
1027
576
583
618
545
835
603
611
516
517
960
582
653
556
563
938
561
897
595
627
652
595
1005
571
573
564
563
865
591
942
595
684
714
697
1015
586
612
531
578
909
593
658
606
680
1086
598
812
596
640
509
594
1016
559
555
628
651
894
574
871
584
620
577
616
983
592
594
614
646
908
590
790
614
647
555
591
1157
559
1195
615
628
671
714
1019
595
618
665
726
1039
599
981
592
624
674
583
1109
594
617
537
588
834
614
1059
591
608
691
605
845
624
651
533
611
1081
613
1171
614
638
706
569
881
591
602
524
588
1026
616
693
540
586
829
602
1059
612
630
660
690
993
609
648
662
684
1059
584
993
607
660
670
655
1054
566
616
561
579
856
624
1067
627
646
701
730
1043
604
664
542
586
969
573
565
570
573
958
633
880
606
621
523
620
997
578
633
588
653
1132
636
969
612
631
659
675
1087
547
583
563
594
810
605
1030
631
600
654
598
818
582
608
521
605
799
596
1104
606
607
645
646
946
585
618
501
619
904
588
1106
599
589
600
617
947
620
673
511
565
857
578
1046
613
627
718
598
887
592
658
487
642
3605
2347
1316
1018
717
612
587
601
575
571
588
608
655
690
746
808
805
819
836
883
908
932
978
1067
1106
1122
1151
1179
1404
1474
830
791
809
828
863
913
919
944
998
1044
1032
1035
1077
1111
1133
1160
1161
1207
1218
1277
1329
1417
1422
1463
1479
1524
1604
1672
1804
1867
2046
1487
1259
1287
1311
1381
1466
1553
1633
1670
1705
1736
1768
1827
1914
1968
1975
2027
2053
1764
1816
1878
1558
1630
1246
1232
1058
1100
1171
885
4344
605
586
593
597
593
621
669
704
780
841
897
971
831
895
934
935
971
997
1037
1051
1048
1067
1130
1179
1285
802
668
718
769
812
866
905
1099
650
652
651
674
1026
603
819
602
660
603
631
1020
638
866
594
623
6463
886
1417
977
1484
1442
3209
2449
2414
2429
17222
1727
1650
1660
1413
1418
2155
594
6100
590
561
581
6565
1986
653
609
614
909
2016
2002
1964
1984
1124
1068
596
2039
615
594
971
738
699
1181
3413
619
601
616
625
632
703
718
782
789
813
818
811
855
896
903
958
1029
1060
1052
1047
1085
1166
1183
1260
1012
691
606
678
713
751
844
916
1001
1037
1127
1142
1134
1155
1186
1202
1210
1228
1241
1252
1298
1325
1362
1375
1409
1442
1474
1518
1584
1692
2877
1537
691
688
712
737
780
816
881
935
1003
1054
1128
1178
1219
1261
1290
1341
1378
1439
1489
1572
1628
1694
1742
1826
1898
1914
1903
1223
798
916
776
793
725
706
804
736
794
761
