4830
4870
4960
5004
5041
4793
13507
3539
3282
3212
3210
3137
3192
3184
3519
4306
1713
1733
1049
660
650
761
762
728
771
1911
7022
5437
944
1057
588
537
976
592
640
802
6225
3853
1086
851
806
950
665
658
726
671
689
687
1236
1269
820
889
933
978
1027
1088
1147
1171
1201
1278
1363
1419
1446
1024
1104
1112
1151
1210
1262
1308
1404
1343
1419
1438
1483
1520
1543
1613
1600
1619
1676
1717
1815
1881
1925
1955
1990
2052
2060
2100
2173
2212
2295
2364
2425
1832
1849
1910
1978
2024
2049
2046
2079
2077
2152
2192
2275
2380
2458
2472
2535
2560
2552
2499
2510
2579
2649
2725
2791
2824
2830
2885
2922
2959
3006
3053
3025
3019
3041
3093
3154
3168
3192
3256
3265
3269
3283
3317
3329
3353
3424
3472
3535
3614
3588
3659
3729
3761
3795
3817
3873
3909
3973
4019
4089
4134
4183
4232
4291
4317
4344
4379
4437
4453
4505
4547
4576
4606
4654
4720
4767
4839
4892
4953
5011
5071
5129
5177
5258
5292
5337
5380
5453
5507
5556
5576
5571
5636
5659
5721
5776
5822
5886
5907
5956
5991
6058
6149
6208
6207
6214
6241
6244
6250
6253
6277
6280
6307
6336
6355
6397
6416
6423
6422
6430
6428
6482
6476
6518
6541
6570
6557
6345
6348
6134
6139
6131
5738
5757
5765
5760
5771
5290
5286
4910
4905
4867
4687
4704
4310
4339
4344
4208
4223
3764
3832
3882
3716
3724
3243
3230
3223
3194
3194
2787
2774
2707
2742
2760
2317
2268
2149
2181
2214
1820
1842
1844
1837
1832
1412
1417
1054
1061
1077
952
951
562
618
726
603
995
611
619
694
622
953
599
662
696
701
975
582
601
530
606
895
562
607
609
680
1039
600
802
623
643
539
611
864
617
1028
607
636
689
634
885
623
643
550
623
962
626
709
668
706
1085
628
985
591
594
648
682
983
620
666
683
699
999
557
874
582
640
777
570
798
593
678
557
610
937
593
594
582
611
898
595
914
591
615
703
592
820
583
616
557
542
970
590
603
553
558
779
637
1076
560
600
620
533
767
574
595
528
561
784
594
1043
598
611
641
582
830
560
628
517
567
920
633
662
680
723
992
606
764
599
615
549
615
918
598
627
628
694
1007
589
916
622
648
691
737
963
644
696
705
741
1029
610
811
605
652
567
624
815
635
990
612
651
674
615
857
604
640
535
590
822
605
1001
610
602
690
596
878
562
602
643
648
981
636
647
507
527
800
598
999
599
580
658
569
805
606
694
534
605
815
563
988
598
570
605
622
891
587
603
674
705
954
635
870
627
660
563
602
906
603
606
640
680
938
577
766
574
582
567
594
815
600
985
600
649
666
565
858
634
604
528
584
944
594
608
630
673
1000
605
786
588
614
559
614
833
594
887
632
688
614
669
997
640
662
699
714
969
606
945
596
618
642
687
1010
620
714
708
757
1006
609
809
606
646
540
599
928
627
628
650
693
1008
630
996
613
624
703
599
809
588
635
538
594
940
610
636
677
700
983
599
935
588
608
746
614
799
569
641
571
623
830
616
969
565
570
611
706
1002
599
627
528
590
879
600
964
602
626
691
707
976
579
605
557
603
846
648
1006
604
638
660
580
812
605
653
524
793
862
615
689
622
682
1067
604
923
618
626
676
709
975
593
642
555
588
817
615
1007
615
682
756
686
964
582
598
557
578
897
578
587
597
667
1033
597
831
625
666
546
611
978
577
587
606
622
832
614
852
618
656
566
615
929
609
620
645
678
952
607
855
605
634
554
597
1114
581
1156
629
670
703
739
1010
617
665
693
752
968
648
957
578
578
595
607
949
612
596
570
613
858
603
1095
595
633
670
591
839
621
648
573
621
1058
601
1097
602
601
638
549
814
593
616
553
578
992
593
632
578
605
842
598
953
591
609
679
696
880
593
635
652
690
1057
569
892
597
614
655
680
979
561
578
485
554
846
633
1026
632
710
761
786
1062
607
613
578
606
938
596
600
607
655
961
639
852
603
647
535
589
941
593
623
654
716
1088
613
1280
613
627
709
850
1075
585
623
552
562
808
577
1006
597
626
665
602
782
546
611
511
549
811
581
917
591
641
753
678
1061
698
672
600
676
857
570
1066
583
636
718
715
1019
593
629
519
573
847
570
961
571
585
665
573
847
605
643
527
579
941
588
593
629
659
972
592
798
570
598
539
2627
2650
2381
2765
831
704
800
872
866
806
876
1355
732
738
723
728
769
735
718
756
728
736
731
712
715
710
894
754
740
709
726
751
701
819
1243
1527
1577
1871
1262
2117
2711
3621
3958
4620
4686
5225
5598
6564
7242
8216
8597
8582
8948
8845
8815
8815
8798
8730
8705
8697
8675
8629
8566
8542
8659
8722
8935
9000
9020
8996
3716
3680
3641
3636
3639
3658
3719
3784
3824
3882
3898
3917
3922
3925
3926
3950
3996
3978
4014
3990
4004
4005
3974
3978
4016
4026
4089
4117
4116
4154
4225
4230
4240
4284
4296
4312
4333
4359
4406
4422
4459
4481
4508
4533
4594
4599
4673
4626
4662
4670
4659
4675
4735
4802
4874
4954
5001
5030
5065
5134
5213
