5427
5536
5580
5601
5655
5589
5562
3099
2991
7133
6943
3844
3815
2913
1504
518
3138
2606
803
2140
663
762
759
705
671
661
661
622
669
696
702
773
803
854
940
1063
1116
1166
1220
1264
1323
1364
770
696
734
775
788
578
653
647
728
1512
1041
813
1282
621
628
651
690
731
761
778
813
840
925
1006
1048
581
663
711
719
589
605
612
675
661
703
704
736
783
833
843
916
839
814
877
928
975
1004
1071
1157
1218
1253
1321
1393
1446
1503
1563
1652
1688
1779
1856
1916
1968
1992
2112
2205
2266
2324
2366
2386
2409
2475
2563
2635
2690
2748
2715
2752
2821
2861
2939
2999
3047
3122
3177
3197
3207
3254
3271
3288
3309
3361
3384
3438
3466
3476
3530
3571
3636
3679
3741
3836
3827
3896
3925
3981
4023
4092
4096
4074
4117
4155
4200
4234
4268
4338
4319
4378
4426
4496
4548
4588
4619
4673
4737
4769
4778
4813
4839
4867
4892
4923
4972
5030
5102
5191
5223
5308
5379
5486
5559
5507
5570
5633
5695
5748
5807
5876
5950
5998
5972
5980
5995
6027
6065
6132
6166
6217
6257
6299
6330
6378
6444
6481
6519
6628
6649
6678
6739
6785
6784
6807
6812
6846
6903
6896
6952
6666
6728
6391
6404
6157
6180
6229
5863
5895
5542
5592
5343
5373
5352
5085
5101
4548
4541
4524
4500
4505
4138
4174
4139
4201
4239
3771
3736
3438
3465
3359
3363
3408
2943
2955
2661
2716
2517
2482
2503
2267
2277
1903
1929
1698
1719
1729
1514
1558
1066
1110
1138
1177
1247
870
1021
596
640
676
656
1068
604
618
613
651
937
585
831
577
593
541
594
856
606
905
612
621
604
593
941
611
685
601
660
876
598
990
568
593
554
566
1016
595
810
609
616
539
625
1134
836
1014
932
1116
755
881
782
826
798
827
775
664
688
756
807
903
914
973
1012
1083
1158
1241
1325
1366
1366
1424
1064
1079
646
703
767
567
1014
595
639
690
685
1078
582
620
481
576
1042
590
656
655
700
994
581
1037
592
615
666
556
887
607
617
533
579
921
598
650
571
574
854
562
977
580
614
731
561
788
571
657
514
572
960
576
655
530
593
892
603
967
564
607
774
609
782
575
625
537
576
1002
622
646
686
712
946
597
825
580
603
550
579
903
596
648
621
645
955
591
1030
596
605
652
668
1023
596
623
661
738
988
601
857
681
617
584
599
1011
587
632
673
711
1080
583
942
615
666
690
680
1015
604
614
694
725
989
576
788
592
622
546
599
937
593
633
681
735
1052
589
961
589
620
657
685
1075
623
640
668
681
1000
590
816
611
633
553
626
1012
598
621
681
752
1065
593
804
601
667
546
622
867
601
977
623
618
670
717
940
623
644
663
667
942
609
943
617
667
725
717
1056
593
614
657
661
937
636
867
606
617
523
565
1109
579
1081
607
668
660
619
888
608
639
561
613
848
625
991
578
658
754
605
866
589
639
515
550
943
614
687
556
591
974
601
1180
599
599
523
610
973
609
657
630
618
1005
613
898
609
617
555
612
817
602
1054
606
646
665
598
832
639
640
559
610
810
608
1018
609
674
774
636
1257
1381
1358
1180
1193
1067
820
1146
1986
2118
2136
2139
2163
1559
1470
1460
1389
1306
1320
1331
1016
1043
1071
914
921
607
672
538
618
1193
912
992
607
633
684
717
962
577
595
576
591
808
556
994
602
649
682
598
834
645
684
555
619
982
597
592
633
669
983
605
815
598
605
538
598
982
605
627
649
681
1040
622
1069
619
648
675
711
1004
579
599
520
597
864
617
1013
585
586
728
603
792
596
629
524
588
975
588
695
637
701
998
613
930
590
637
675
593
967
599
628
529
568
936
598
606
622
684
1120
601
983
587
619
683
677
1101
575
596
572
600
836
586
1008
574
634
680
573
922
616
670
518
599
817
605
1045
596
626
645
586
807
575
641
505
566
1003
592
674
614
652
1023
584
945
603
594
628
636
1041
577
640
563
583
940
587
583
590
596
935
553
837
584
608
585
585
918
631
681
650
689
1060
601
977
557
579
590
643
963
632
660
518
564
813
562
1031
593
591
689
568
802
578
627
566
589
895
612
642
632
650
1024
587
1051
616
646
665
692
1016
570
615
550
595
830
626
995
605
611
652
611
1005
593
618
535
582
967
574
602
584
627
956
602
1026
599
633
682
662
986
595
646
508
543
837
601
1064
589
592
633
689
1037
604
648
510
562
1147
1119
4792
1433
918
13352
1464
1444
649
629
678
706
720
710
783
889
941
1148
587
1507
1476
1158
1372
1479
1455
1481
1506
1552
1635
1698
1742
1805
1892
1915
1945
1800
1876
1962
2016
2110
2119
2120
2155
2223
2281
2328
2336
2427
2476
2551
2583
2645
2649
2736
2930
2982
3043
3102
3131
3171
3229
3259
3302
3355
3401
3440
3462
3493
3529
3592
3640
3671
3711
3776
3829
3889
3960
4017
4077
4131
4143
4182
4222
4275
4380
4422
4367
4422
4509
4572
4594
4620
4677
4716
4746
4803
4853
4859
4884
4918
4926
4993
5026
5053
5115
5162
5219
5299
5380
5445
5478
5545
5617
5691
5718
5761
5797
5880
5928
5984
6043
6084
6189
6229
6267
6331
6384
6398
