7206
7405
10047
11658
11683
11810
11800
11812
11831
11860
10191
10044
9902
9745
9687
9674
9573
9431
870
879
858
897
965
2810
1239
992
993
1019
1107
970
1249
704
664
711
668
696
771
844
797
835
752
783
831
893
938
968
1019
1084
1147
1166
1265
1120
1141
1164
1182
1235
1289
1304
1331
1385
1444
1461
1521
1569
1606
1064
1104
1663
625
914
600
743
599
623
714
668
639
694
598
637
613
631
657
720
797
884
944
951
1004
1015
1030
1131
1202
1277
1328
1362
1386
1428
1433
1490
1577
1631
1677
1700
1754
1800
1861
1927
2015
1653
1517
1511
1549
1574
1597
1629
1656
1695
1713
1761
1824
1842
1848
1873
1946
1973
2003
2042
2104
2186
2242
2266
2256
2298
2296
2350
2400
2471
2501
2333
2410
2046
1982
1938
2019
2046
1519
1531
1228
1273
1170
1170
1255
728
859
560
587
537
605
845
624
1035
631
654
667
733
1104
614
622
667
731
949
602
1008
581
623
598
641
911
618
1059
613
670
624
678
1048
614
847
618
652
620
643
1037
610
844
590
665
590
630
1033
616
834
634
641
531
579
829
581
898
600
630
541
608
875
593
1044
615
656
678
690
1021
584
619
599
630
893
598
1092
619
673
567
628
1039
599
932
628
657
513
590
873
608
1011
611
675
729
698
1047
621
994
593
654
718
736
889
587
1013
598
642
684
678
1166
593
603
614
624
1019
586
801
603
649
515
580
914
612
863
596
613
570
613
841
600
1054
585
616
649
647
885
577
1006
578
603
616
627
1081
588
591
645
624
879
607
969
616
677
684
727
892
587
1027
623
629
716
760
1021
607
884
577
607
571
602
816
619
935
564
605
539
629
830
652
880
618
611
506
563
866
572
869
590
613
559
567
821
609
1069
602
605
625
639
826
629
994
609
652
713
720
982
622
680
659
691
869
606
985
593
618
648
710
1037
591
806
596
655
143740
658
800
618
608
576
613
774
591
633
547
554
773
582
1005
576
606
749
563
910
583
630
676
689
1012
587
645
550
613
863
582
977
587
650
726
554
856
608
648
502
543
824
592
1041
581
608
638
571
907
591
639
509
558
830
609
1068
587
632
662
548
802
581
610
554
586
852
599
1011
596
602
602
602
908
607
633
643
670
860
579
745
593
679
535
588
808
617
941
862
608
633
681
724
634
702
557
592
939
600
644
1891
1973
1035
1041
1053
1147
1203
1212
1189
1216
1098
1158
1152
1064
1093
637
894
580
582
602
564
815
595
620
526
576
1011
629
683
678
738
1031
599
879
608
628
564
607
796
635
973
584
625
594
659
956
586
618
564
598
800
578
1044
610
617
619
573
799
603
659
561
603
944
571
632
611
630
956
576
783
570
606
558
605
891
586
597
643
689
991
586
918
591
637
659
701
982
556
555
512
557
835
586
1059
616
651
734
844
1072
590
615
645
689
952
609
942
572
572
581
588
963
598
628
518
559
924
602
634
663
699
943
594
932
595
628
633
638
1006
598
589
564
565
994
587
625
671
703
963
622
921
606
624
675
732
985
634
601
542
628
1132
604
771
614
669
558
620
797
572
1273
614
660
830
559
3962
1726
1430
3033
1609
1137
1737
1704
16196
7950
895
890
877
826
626
4544
1599
817
765
707
701
644
669
1326
654
605
698
728
783
831
917
942
1086
1097
1329
1216
1210
1242
1303
1324
1309
1309
1344
1388
1476
1568
1647
1695
1727
1749
1784
1805
1893
1922
1965
1983
1993
1994
1998
2004
2035
2059
2104
2170
2190
2238
2281
2358
2196
2232
2301
2364
2424
2454
2514
2581
2628
2681
2741
2835
2880
2957
3054
3126
3168
3193
3234
3269
3288
3298
3293
3333
3364
3384
3432
3475
3524
3640
3727
3782
3830
3858
3889
3879
3890
3921
3942
3942
3954
3996
4045
4133
4224
4302
4377
4453
4524
4578
4630
4648
4729
4757
4761
4786
4804
4807
4826
4851
4857
4873
4949
4972
4987
4999
5010
5038
5044
5078
5092
5141
5165
5186
5210
5277
5294
5311
5323
5357
5401
5441
5474
5472
5480
5451
5461
5493
5509
5535
5574
5624
5676
5720
5777
5816
5895
5929
5992
5725
5537
5603
5631
5669
5675
5713
5731
5745
5779
5789
5807
5822
5895
5926
5939
5952
5956
5975
5995
6003
6031
6057
6066
6059
6033
6055
6124
6126
6184
6243
6273
5942
6026
5799
5843
5917
5592
5570
5025
5012
4994
4862
4865
4553
4569
4341
4344
4358
3912
3955
3782
3826
3792
3460
3442
2981
2972
3002
2974
3011
2590
2575
2418
2407
2426
2159
2162
1685
1704
1726
1556
1581
1251
1297
1071
1113
1129
741
1002
587
616
713
585
869
578
610
520
613
982
587
616
578
617
1076
605
977
591
616
623
628
1040
568
623
626
653
990
633
776
577
617
576
591
994
582
845
591
598
554
598
865
565
968
593
606
613
664
1022
606
618
632
622
1001
565
820
596
607
549
555
952
593
564
569
601
1028
592
865
569
617
527
593
937
605
949
566
582
596
585
960
597
592
609
648
980
587
837
589
641
563
603
767
599
929
605
634
557
612
865
599
1023
598
596
603
639
970
590
609
592
611
1010
590
828
563
606
537
605
875
542
951
554
