3955
3984
3652
3712
1875
1825
1833
5394
1523
5818
636
637
688
746
833
906
981
1374
5756
3165
2890
2939
2995
2516
2420
2435
2468
2494
2930
2912
2996
3052
3065
2561
2572
2619
2612
2650
2678
2699
2746
2732
2773
2753
2752
2776
2789
2780
2815
2895
2455
2506
2597
2664
2450
2468
2471
2542
2617
2706
3267
3341
3347
3842
4155
4105
3633
3707
3681
3651
3653
3600
3633
3620
3621
3633
3683
3714
3754
3845
3082
3123
3087
2971
2988
3014
3027
3017
3056
3145
3149
3155
3175
3183
3080
3103
3163
3102
3120
3152
3230
3267
3341
3381
3421
3498
3575
3602
3628
3656
3723
3762
3778
3817
3874
3942
3982
4036
4073
4131
4189
4267
4258
4252
4277
4317
4348
4394
4430
4524
4570
4663
4698
4719
4758
4798
4844
4908
4910
4962
4999
5009
4921
4983
4762
4843
4843
4483
4517
4047
4033
4043
4001
3987
3480
3509
3314
3375
3381
2801
2850
2771
2786
2849
2310
2313
1990
1984
1768
1836
1845
1421
1477
1369
1392
1445
877
996
568
605
721
541
855
587
638
546
568
986
575
606
569
595
798
601
1037
623
617
629
604
1046
654
683
562
603
842
589
1063
600
614
749
553
952
590
624
755
605
871
613
663
531
608
891
618
1040
587
632
722
591
912
616
677
698
676
1089
617
692
650
708
1147
604
975
627
661
723
728
926
584
1048
625
643
693
717
1124
615
620
642
652
1020
579
838
577
586
559
636
817
593
1023
575
604
642
578
1057
603
632
623
669
939
582
1050
622
603
640
693
1031
565
829
580
610
565
582
839
600
1031
583
631
662
629
909
596
1034
574
595
659
611
1057
603
625
560
566
768
541
1067
560
589
595
599
1102
592
584
609
616
813
565
1044
552
621
560
592
1019
568
834
594
630
539
589
990
590
631
567
621
1084
578
830
579
635
589
620
996
601
871
611
657
567
654
1060
597
899
614
625
533
601
817
591
1107
623
644
675
637
972
626
1065
601
660
707
746
1062
580
664
611
648
895
634
1068
580
590
621
632
1034
618
831
608
657
550
585
903
602
907
626
655
570
635
845
608
1059
604
625
685
715
1035
604
659
603
679
1177
595
852
596
651
572
615
844
607
1027
585
602
664
619
883
576
1049
590
606
751
538
810
577
604
563
610
854
607
886
624
656
545
601
856
576
1071
648
678
724
709
1034
596
659
616
644
909
613
1042
612
614
548
592
824
598
1072
587
602
602
603
1031
592
627
632
673
970
613
1015
625
599
641
673
1041
622
857
593
611
544
617
849
618
932
610
652
539
620
838
595
1064
609
628
645
679
1008
589
620
586
619
1065
558
895
581
627
589
632
1156
582
830
599
604
547
587
876
579
1048
558
567
550
580
1295
589
631
1104
967
675
711
987
615
665
593
647
1035
586
838
593
642
602
621
1022
597
813
564
614
538
576
1078
585
836
636
631
537
574
965
580
623
603
627
874
599
1000
604
688
565
604
1041
618
1011
584
620
721
603
856
614
706
551
605
1010
616
634
566
610
842
612
1037
617
665
797
605
940
588
583
648
578
951
612
633
549
592
1017
586
628
571
577
819
630
1109
631
646
645
568
937
618
638
547
603
1003
614
654
537
586
977
577
638
655
707
1089
593
992
600
629
659
690
1050
640
691
539
589
885
589
1013
596
613
747
583
820
616
629
551
579
834
571
1018
563
573
699
566
863
558
591
518
604
1043
564
580
569
579
871
605
998
586
590
679
592
946
610
606
559
564
949
585
634
598
616
1040
601
839
602
644
549
596
1007
610
674
607
622
1037
589
835
591
614
542
600
841
581
1069
631
661
659
663
1006
585
584
654
670
1005
579
1012
581
589
624
667
1052
574
622
599
642
1004
584
857
610
656
555
569
814
571
1116
584
592
617
669
1038
575
618
525
563
838
577
1111
606
613
705
612
904
611
662
558
612
844
604
1064
632
662
717
558
865
593
646
585
599
1003
598
612
564
603
888
585
994
576
635
651
663
1001
604
660
631
670
1051
585
957
606
604
673
674
990
597
643
628
693
1089
583
989
583
638
669
693
1100
583
673
681
741
1098
579
974
594
617
643
650
1071
592
600
637
656
1036
608
821
633
678
566
654
852
619
1025
642
842
622
656
862
589
620
560
583
905
611
1030
611
4122
1384
1401
989
2088
2123
2129
2205
1706
1305
2242
2071
2072
2103
551
1047
1112
1090
1077
1071
1066
1129
1102
1103
1080
1105
1086
1124
1125
1119
1127
1178
1425
569
1570
1317
1121
645
842
833
740
711
754
774
800
882
941
941
998
1053
1099
1119
1151
1176
1249
1315
1338
1359
1402
1421
1458
1479
1527
1604
1582
1652
1685
1725
1824
1729
1719
1742
1759
1791
1831
1873
1922
1968
1981
2014
2026
2070
2159
2230
2296
2348
2374
2389
2440
2500
2562
2612
2680
2763
2856
2895
2947
2988
3022
3087
3124
3221
3296
3349
3408
3486
3512
3560
3608
3693
3758
3796
3866
3948
4010
4065
4109
4154
4208
4259
4349
4424
4495
4538
4573
4642
4693
4763
4859
4929
4976
5015
5054
5101
5177
5199
5278
5335
5370
5418
5477
5510
5555
