5839
5886
5881
5919
5898
6026
10926
10953
10609
10401
10421
1506
3055
867
699
747
773
817
878
920
6833
4223
4129
2890
2726
741
653
688
1393
1245
1085
721
647
881
2422
668
1237
590
650
736
733
774
800
866
922
1121
1210
1184
904
643
652
681
716
756
801
821
866
992
1056
1129
1221
1302
1336
2195
2225
2230
2272
2179
2232
2279
2326
2374
2415
2459
2503
2470
2453
2477
2401
2265
2344
2421
2378
2381
2431
2398
2442
2502
2559
2651
2729
2788
2871
2879
2931
2995
3009
2503
2496
2563
2615
2640
2664
2681
2735
2778
2832
2927
3019
3011
3065
3121
3111
3152
3223
3176
3239
3321
3417
3456
3532
3579
3646
3689
3681
3756
3806
3855
3916
3968
4039
4123
4200
4239
4128
4193
4271
4309
4361
4392
4434
4483
4498
4561
4619
4703
4748
4843
4872
4936
4977
5069
5157
5205
5231
5272
5304
5358
5423
5500
5550
5637
5692
5726
5778
5859
5950
6010
6049
6130
6180
6226
6302
6384
6462
6596
6645
6687
6708
6783
6782
6799
6848
6892
6987
7073
7120
7178
7143
7173
7199
7259
7326
7340
7380
7430
7466
7470
7503
7568
7603
7563
7597
7639
7659
7664
7710
7763
7798
7857
7876
7938
7992
8022
8088
8152
8186
8250
8314
8349
8393
8424
8478
8513
8542
8624
8687
8724
8776
8801
8886
8914
8608
8651
8410
8413
8447
8195
8199
7973
7983
7808
7829
7893
7705
7766
7513
7512
7301
7314
7329
7069
7079
6682
6644
6562
6577
6625
6419
6469
6015
6027
6017
6059
6124
5716
5782
5693
5683
5681
5450
5490
4944
4975
4986
4991
4988
4628
4628
4319
4352
4162
4190
4239
3952
4027
3552
3567
3589
3623
3611
3185
3197
3224
3246
3252
2984
3011
2552
2588
2600
2578
2600
2353
2364
1939
1980
1997
2034
1950
1576
1608
1391
1395
1414
1437
1484
1215
1242
880
915
974
973
1026
642
794
616
638
554
616
841
620
853
595
640
632
669
975
595
748
600
667
686
749
814
580
978
581
609
525
554
792
563
838
576
659
527
580
1188
576
858
608
630
512
572
806
575
930
623
669
583
600
813
581
801
601
611
667
698
1020
606
816
587
633
634
670
991
636
829
607
688
636
692
936
608
950
594
662
661
672
1036
622
812
607
671
489
572
828
630
873
646
654
637
671
990
649
951
623
703
754
682
948
593
634
542
631
895
610
1011
661
679
752
748
955
621
664
543
617
836
612
1005
619
638
711
718
993
591
638
493
586
1021
623
671
685
736
1000
649
936
636
657
706
717
990
602
625
512
583
997
593
624
644
723
991
592
950
566
597
622
664
967
580
605
531
582
812
562
974
588
637
698
709
1043
588
591
657
686
936
571
787
585
601
588
632
843
583
945
621
697
752
700
1000
615
592
666
704
993
625
791
572
654
526
580
842
596
1061
650
611
674
704
895
608
681
712
786
1092
602
781
594
634
560
618
829
578
846
628
688
611
620
939
612
676
677
749
980
595
1033
632
691
570
631
807
583
957
560
597
659
685
1038
592
602
671
696
1068
624
924
629
654
682
740
991
585
631
648
680
986
561
855
590
629
509
615
836
585
946
586
592
611
640
848
547
576
573
587
864
600
988
584
585
609
605
954
617
632
559
575
773
587
981
560
558
798
814
1063
590
644
507
599
832
612
1042
562
615
592
616
1009
609
652
723
664
900
621
973
598
619
657
630
974
595
694
640
673
1042
600
934
584
618
728
609
830
598
613
630
594
643
706
1015
568
663
602
659
1015
616
651
548
610
858
615
1019
601
630
701
696
1064
629
666
532
598
832
622
848
617
668
482
596
988
608
648
679
752
1111
625
923
566
616
690
664
1045
606
642
509
575
1052
629
665
687
744
1062
617
879
618
646
540
610
906
617
698
618
665
1002
591
1081
635
669
691
739
1012
592
607
531
578
909
567
643
600
673
1068
608
955
608
685
739
682
1014
597
618
536
604
833
606
969
608
624
646
641
913
597
661
569
576
809
600
1030
604
606
683
618
955
610
633
664
698
990
594
656
499
585
882
598
986
589
614
622
563
810
601
674
561
608
806
594
983
614
628
723
606
950
614
649
668
677
1076
635
624
534
581
816
597
1000
626
689
775
785
1067
569
591
604
610
941
570
932
605
580
577
607
892
610
640
540
594
813
594
1040
600
659
753
605
854
602
630
531
556
843
673
1005
599
593
644
565
865
594
596
607
597
792
585
940
2934
1570
1168
1910
863
1819
1115
556
534
1074
535
550
1082
1109
528
1090
1099
1096
1093
1066
1160
633
602
1239
1115
1266
799
1430
639
640
705
677
643
646
1525
1542
1608
1556
1539
1496
1541
1887
1930
2214
2260
2310
2313
2277
2299
2293
2316
2323
2364
2423
2438
2496
2534
2584
2561
2471
2477
2517
2571
2608
2650
2671
2685
2664
2739
2758
2954
3006
3072
3168
3264
3335
3327
3368
3321
3355
3384
3402
3441
3488
3567
3615
3688
3786
3862
3901
3970
3961
4059
4074
4099
4144
4200
4238
4277
4311
4375
4403
4452
4508
4558
4601
4649
4713
4771
4855
4910
4929
4980
4996
5029
5055
5084
5147
5186
5209
5272
5238
5259
5300
5359
5388
5441
5485
5526
5577
5647
5727
5778
5823
