4378
4412
4408
4388
4366
1296
13165
7496
1159
982
985
1664
609
617
629
625
624
613
637
593
616
874
866
853
830
872
918
960
1009
1036
1076
1106
1153
1219
1303
1319
1345
1396
1429
1473
806
850
873
899
894
916
963
1016
1042
1072
1121
1182
1263
1540
558
553
590
546
576
664
841
897
918
922
948
1002
1044
1104
1128
1147
1167
1202
1241
1473
1547
1573
1126
1113
1091
1085
1086
1132
1184
1199
1214
1296
1378
1441
1488
1552
1618
1482
1508
1536
1498
1486
1529
1588
1592
1613
1601
1604
1601
1625
1660
1771
1818
1860
1885
1925
1952
1985
2029
2075
2124
2197
2215
2216
2221
2238
2268
2309
2331
2385
2430
2476
2522
2615
2517
2537
2621
2666
2722
2759
2784
2844
2890
2962
3020
3067
3128
3139
3192
3240
3289
3341
3385
3447
3511
3585
3628
3663
3725
3771
3807
3859
3916
3955
4008
4041
4075
4100
4171
4224
4255
4303
4338
4373
4418
4459
4493
4551
4627
4696
4781
4833
4877
4941
4988
5040
5096
5192
5255
5282
5302
5336
5348
5376
5416
5466
5535
5331
5338
5385
5155
5139
4705
4697
4688
4702
4702
4213
4214
4074
4080
4088
3797
3785
3314
3309
3317
3198
3238
2922
2917
2679
2678
2710
2244
2255
2256
2302
2346
1822
1842
1598
1633
1435
1466
1531
1101
1158
1085
1116
1168
703
842
605
671
510
593
1055
557
571
616
671
988
590
1007
556
573
604
620
1004
616
660
542
580
807
619
1016
578
573
685
588
941
593
656
685
629
1035
621
659
684
685
1499
937
591
609
632
668
691
756
767
807
769
790
1035
557
940
553
605
647
651
974
576
638
532
586
816
577
1001
587
622
700
563
830
604
648
515
598
905
561
978
575
622
722
577
968
570
612
666
633
1076
570
608
520
567
1002
619
635
552
545
971
565
958
608
619
618
641
972
555
604
548
575
953
546
527
537
582
972
586
926
562
576
595
629
948
574
623
502
561
1017
610
608
648
681
1012
596
944
573
587
670
678
1044
611
615
548
595
785
593
971
604
598
711
575
991
638
647
677
682
1015
611
586
526
543
867
604
948
606
655
666
686
1002
626
606
561
588
883
577
980
582
609
635
640
976
612
616
570
618
848
593
958
599
624
657
693
971
563
593
487
542
907
618
996
607
638
695
644
857
615
679
645
675
1008
604
834
605
639
542
613
834
615
985
633
670
752
628
826
598
634
587
633
1022
631
829
618
656
545
625
853
615
902
612
638
539
647
921
674
1010
591
620
673
698
1012
583
585
607
627
863
577
1025
594
600
605
653
852
602
968
585
591
622
672
965
600
816
607
628
660
685
1015
601
858
585
643
576
617
787
598
909
628
683
547
567
794
589
997
600
608
607
622
936
595
640
692
728
925
597
969
616
644
680
727
882
632
985
601
670
704
738
886
635
1109
578
611
659
699
842
592
1081
632
666
721
739
841
624
984
597
613
650
691
1050
581
802
616
682
630
679
910
598
985
620
646
645
687
972
577
791
561
592
504
583
882
590
876
646
659
534
571
815
595
872
590
613
556
593
831
589
819
615
663
571
616
797
618
1045
582
602
614
631
773
583
1054
585
616
688
578
821
578
610
605
621
1044
573
807
594
641
564
638
828
602
928
617
631
573
627
937
615
653
594
599
969
583
756
586
573
510
563
827
608
1078
553
577
596
575
1003
577
588
600
622
972
584
806
615
619
547
588
870
580
937
564
576
600
649
813
640
1041
568
579
615
652
1025
603
628
679
710
1044
604
835
592
639
636
650
992
626
783
572
631
572
647
816
602
925
594
583
554
572
838
592
1003
605
644
700
743
958
598
980
580
615
623
1004
652
614
635
646
725
1082
604
811
582
615
512
592
874
605
891
614
635
523
610
961
577
591
625
687
904
605
986
564
618
560
624
1088
580
784
587
639
530
593
780
580
999
597
678
720
672
1018
572
599
641
675
906
580
1036
576
592
596
643
787
588
981
592
621
591
632
1082
573
961
594
649
704
573
987
610
652
683
709
1069
584
642
507
544
962
582
675
609
712
1066
606
1030
597
604
676
575
825
602
646
562
582
920
632
638
566
606
847
589
981
607
651
701
611
849
605
664
512
576
956
613
648
576
638
873
642
986
605
658
779
627
829
614
676
519
603
1039
606
628
674
733
980
588
853
597
641
505
592
2371
1083
1355
1320
1917
1759
1739
8116
648
598
593
587
592
619
702
694
772
792
821
6202
936
855
651
611
638
648
683
696
714
744
783
828
879
896
949
1061
1150
1304
1319
1249
1270
1315
1335
1354
1378
1398
1472
841
842
871
928
952
972
998
1067
1099
1166
1186
1210
1134
1050
1103
1131
1155
1193
1237
1238
1126
1137
1169
1231
1267
1302
1311
1299
1322
1404
1458
1502
1542
1571
1598
1624
1678
1714
1731
1772
1841
1881
1976
2024
2079
2160
2223
2258
2285
2338
2403
2500
2577
2638
2687
2741
2794
2847
2930
2977
3050
3102
3183
3236
3285
3348
3433
3487
3544
3602
3666
3713
3780
3833
3853
3881
3931
4001
