5364
5404
5769
5801
7570
7639
7717
7848
5501
5559
5565
5569
5554
5922
1079
1214
1268
1071
1004
650
957
1392
652
754
779
674
630
612
616
606
643
660
691
745
827
893
912
1388
608
610
629
647
733
736
740
768
753
756
871
897
837
904
945
973
989
1025
1097
1148
1196
1279
1307
1333
1849
1855
2003
2031
2042
1362
1415
1154
1133
1200
1217
1183
1188
1181
1265
1355
1428
1421
1450
1457
1476
1479
1515
1623
1654
1700
1740
1759
1750
1783
1845
1897
1940
2009
1980
1993
2022
2051
2077
2144
2163
2227
2248
2243
2241
2311
2366
2448
2504
2546
2545
2572
2647
2728
2806
2929
2987
3067
3100
3133
3180
3220
3274
3339
3411
3510
3571
3638
3692
3808
3803
3838
3873
3911
3967
4011
4082
4148
4229
4304
4375
4439
4484
4544
4591
4624
4655
4681
4747
4797
4867
4928
4955
5036
5077
5122
5157
5219
5283
5331
5378
5351
5388
5471
5515
5600
5638
5675
5710
5768
5814
5838
5887
5921
5982
6025
6025
6040
6037
6040
6050
6032
6047
6043
6076
6129
6180
6184
6204
6251
6274
6270
6261
6297
6326
6349
6357
6374
6398
6432
6458
6485
6500
6538
6536
6555
6568
6585
6587
6656
6690
6714
6736
6762
6809
6834
6874
6888
6920
6958
6997
7026
7090
7129
7120
6686
6693
6654
6540
6537
6090
6114
6140
6167
6251
5783
5805
5503
5547
5566
5184
5219
5136
5187
5171
4672
4701
4459
4461
4386
4392
4431
4164
4176
3720
3772
3790
3665
3664
3391
3383
3219
3269
3308
2921
2973
2908
2928
2977
2408
2398
2049
2054
2049
2067
2064
1647
1682
1642
1645
1676
1223
1227
824
834
882
763
876
553
575
552
594
933
573
602
637
658
948
587
909
565
539
633
549
770
595
666
530
556
912
572
603
489
549
973
610
956
551
607
705
557
763
578
627
526
584
847
612
989
626
664
731
579
899
583
596
548
592
909
618
596
611
672
996
577
768
602
625
541
598
926
570
602
613
673
969
569
906
616
615
642
688
984
617
643
690
733
1025
581
790
601
658
576
616
816
592
924
622
658
720
580
773
545
598
532
933
3234
590
618
659
676
707
749
865
911
909
950
968
997
1039
1094
1148
1187
1204
1210
1238
1245
1258
1307
1323
1377
1121
1134
938
977
1005
800
988
599
629
669
691
982
625
662
680
745
1020
631
856
635
670
578
628
923
617
662
699
734
982
592
791
580
604
520
592
820
597
1005
571
584
658
568
776
590
638
537
601
925
609
622
669
696
989
590
778
594
660
518
558
807
578
835
615
696
596
672
998
614
621
704
728
939
617
908
595
646
713
687
988
607
619
685
784
1084
570
787
577
610
560
588
930
564
570
564
590
910
618
945
584
608
735
602
822
592
609
555
605
915
632
624
651
673
966
600
1004
602
629
638
562
827
602
659
560
618
806
610
983
592
616
638
674
981
569
598
572
604
869
579
933
593
629
689
703
964
576
622
522
622
855
606
990
584
618
651
616
827
588
618
498
546
1012
601
571
585
618
949
606
960
566
587
653
732
1182
581
603
650
613
767
633
1043
586
619
630
614
856
572
601
540
556
876
566
614
596
674
1208
604
734
615
657
558
597
897
577
616
652
708
1013
602
814
586
620
574
616
927
608
631
675
738
1052
621
761
562
587
534
568
1104
556
1178
578
670
704
678
978
610
697
716
765
988
588
841
575
609
642
638
1037
546
556
533
584
849
609
1052
576
622
637
594
874
576
601
521
546
1032
599
1170
601
642
683
549
862
621
624
553
563
919
635
648
549
560
821
603
1026
595
615
638
644
885
600
640
666
715
994
591
900
613
630
641
651
936
561
590
523
564
860
615
988
618
669
716
777
987
585
594
507
570
977
598
627
648
696
1062
609
821
586
628
517
605
1005
591
632
669
689
1017
586
897
584
666
2564
565
579
574
574
555
575
609
647
701
760
791
851
894
946
950
928
744
780
859
618
1016
609
625
693
709
956
622
690
563
625
825
585
1033
625
619
669
702
998
627
669
591
621
843
594
981
594
649
716
606
930
675
770
576
635
976
600
681
733
793
1083
576
751
593
624
509
588
1035
573
572
591
590
902
553
742
597
676
517
659
956
642
877
644
670
560
607
893
672
955
584
712
726
694
856
656
701
619
625
878
662
985
589
680
681
723
1042
608
616
697
769
798
689
885
612
692
570
586
827
700
1031
676
707
765
811
953
616
643
680
734
1032
589
851
613
654
511
588
869
600
861
601
665
552
626
894
594
853
580
619
17063
3372
815
859
838
2276
2272
1611
6644
761
1108
1120
2050
666
5295
788
2310
666
645
646
550
615
615
1150
1205
1137
1742
624
625
569
1933
899
749
767
680
609
638
2138
590
594
608
594
1203
2958
9448
2972
756
1941
768
744
773
806
853
798
816
823
810
829
873
979
1032
1053
1106
1186
1229
1248
1484
1509
1534
1513
1543
1591
1643
1685
1696
1741
1742
1760
1756
1745
1738
1783
1824
1874
1959
1987
1997
2030
2038
2077
2157
2235
2304
2314
2351
2406
2430
2442
2450
2514
2559
2586
2571
