37110
37404
37513
37578
37692
37689
37751
37819
37777
37711
37664
37730
37967
38189
38254
38094
37986
38232
38449
39578
40584
41551
42439
43398
44205
45406
45466
45499
45547
45590
45603
45700
45766
45854
46014
46168
46200
46244
46333
46339
46419
46537
46615
46728
46859
46942
47124
47303
47424
47503
47433
47254
47334
47127
46919
46802
46494
46426
46309
46281
46239
46168
46147
46129
46274
46231
46194
46247
45303
44420
43253
42703
41958
41394
40826
40131
39542
38808
37890
36747
35675
34771
33967
33102
32282
31429
31295
31344
31413
31479
31536
31568
31663
31758
31847
31907
31965
32014
32086
32154
32218
32282
32364
32416
32534
32654
32725
32790
32898
32957
33031
33101
33151
33211
33280
33318
33424
33519
33603
33721
33806
33866
33954
34009
34122
34204
34307
34548
34664
34873
35083
35250
35378
35509
35769
35900
36021
36121
36336
36447
36542
36580
36703
36839
36932
37048
37188
37298
37557
37778
37977
38134
38300
38402
38485
38571
38694
38787
38881
38986
39072
39144
39265
39329
39412
39450
39500
39591
39609
39644
39611
39712
39780
39437
39323
39190
39085
39043
39111
39230
38690
38616
38493
39125
39045
38962
39041
38953
38871
38729
38161
37169
36129
35106
34009
33075
32962
32968
33006
33108
33152
33204
33264
33319
33427
33635
33689
33746
33811
33897
34010
34058
34677
35734
36785
37909
38797
38900
38986
39034
39130
39194
39302
39335
39425
39200
39065
38891
38892
39045
37112
36865
36300
36174
36371
36543
36642
36547
36396
36487
36504
36528
36592
36599
36589
36612
36649
36703
36766
36792
36856
36942
37049
38130
38240
38346
38443
38508
38588
38675
38773
38897
38975
39062
39249
39350
39405
39480
39519
39577
39651
39462
39584
39546
39436
39497
39098
39052
38890
38823
38773
38737
38807
38204
38126
38076
37631
36880
36126
35382
34572
33802
33052
33069
33053
33056
33068
33110
33143
33215
33256
33304
33359
33419
33501
33556
33658
33750
33810
33919
34047
34206
34300
34330
34398
34435
34644
34797
35564
36610
37581
38611
39068
38981
38908
38833
38833
38807
38864
38173
38042
37863
37238
36496
35781
35085
34346
33621
33096
33108
33181
33163
33208
33295
33380
33441
33498
33544
33603
33657
33656
33702
33775
33843
33943
34039
34136
34246
34348
34436
34463
34514
34603
34703
34820
34938
35031
35163
35212
35333
34778
34758
34708
34737
34828
34653
34729
34493
33763
33116
32317
31610
30821
30006
29822
29780
29834
29877
29894
29936
29977
30040
30084
30151
30556
30653
30762
30862
30965
31039
31097
31163
31263
31376
31450
31507
31586
31694
31762
31780
31866
31350
31319
31239
31288
31395
31303
31404
30690
30629
30544
30406
30422
30186
29509
28785
28082
27381
26683
25843
25397
25365
25405
25500
25563
25651
25746
25845
25967
26064
26138
26237
26334
26422
26521
26626
26726
26788
26880
27001
27072
27156
27254
27360
27377
27491
27594
27161
27245
26421
25740
25067
24344
23678
22979
22556
22640
22738
22853
22944
23032
23054
23116
23187
23291
23345
23382
23404
23416
23494
23539
23596
23646
23710
23725
23799
23905
23993
24060
24134
23985
24056
23760
23695
23657
23395
23545
23572
23497
23429
23220
23230
22888
22819
22655
22202
21456
20671
19941
19251
18538
18027
18107
18226
18313
18420
18517
18581
18646
18746
18855
18953
19060
19079
19079
19132
19194
19234
19253
19316
19334
19388
19421
19498
19497
19513
19583
19653
19518
19605
19578
19504
19449
19164
19275
18957
19097
18925
18949
18896
18081
17334
16591
15814
15078
14376
14233
14286
14353
14441
14547
14644
14743
14885
14946
15040
15162
15221
15282
15334
15417
15452
15522
15589
15614
15704
15827
15887
15949
16027
16123
16126
16155
15789
15771
15644
15383
15251
14799
14735
14710
14758
14978
15145
15385
14943
14978
14861
14157
13446
12659
11879
11107
10326
10313
10336
10351
10434
10488
10588
10772
11003
11157
11248
11314
11362
11456
11536
11611
11674
11737
11796
11920
12027
12046
12104
12179
12283
11924
11929
11818
11781
11812
11318
11357
10869
10740
10592
10494
10548
10376
10488
9920
9818
9351
8635
7897
7245
6576
5991
6240
6227
6308
6397
6505
6618
6733
6856
6973
7113
7266
7400
7504
7588
7701
7750
7884
8011
8110
8213
8307
8451
8500
8580
8681
8781
8894
8990
9014
8838
8902
8856
8385
8258
7940
7845
7740
7659
7503
6819
6104
5406
4738
4029
3255
3276
3365
3483
3583
3664
3735
3815
3905
4024
4143
4248
4324
4415
4504
4624
4731
4832
4935
4997
5106
5209
5296
5351
5434
4930
4988
4885
4772
4203
3493
2792
2090
1412
1494
1255
931
1192
1514
1609
1695
1758
1843
1937
2041
2118
2193
2269
2390
2511
2731
2915
3107
3245
3426
3420
3461
3537
3592
3683
3765
3880
3984
4111
4210
4127
4212
4196
4134
3911
3310
3106
2004
1627
1433
1599
975
1078
1373
1582
1683
1777
1794
1824
1864
1954
1998
2076
2134
2194
3056
916
3695
924
3333
1406
1461
1439
1683
1940
2109
2345
2044
1477
1471
984
972
1224
1511
1612
1716
1838
2220
2273
2354
2449
2561
2660
2760
2811
2882
3012
3153
3262
3371
3482
3504
3592
3692
3779
3876
3934
4052
4118
4216
4309
4413
4516
4659
4767
4811
4881
4942
5023
4744
4803
4897
4511
4484
4029
3918
3864
3903
3987
3935
4036
3338
3154
2271
1538
1468
1435
889
1016
1331
1605
1719
1779
1845
1954
2081
2191
2304
2364
2445
2532
2671
2783
2864
2947
3038
3160
3220
3258
3248
3324
3387
3098
3186
2763
2741
2645
2681
2761
2518
2621
1892
1847
1810
1703
1450
1420
1514
1428
1428
974
925
1940
3012
4056
5138
5934
6064
6182
6326
6468
6607
6745
6887
6985
7074
7211
7294
7397
7501
7624
7665
7752
7844
7794
7865
7825
7610
7545
7155
7264
7274
6930
6831
6387
6299
6209
6121
6133
5368
4725
3964
3238
2474
1701
1140
1229
1289
1362
1424
1526
1594
1693
1764
1852
1954
2068
2189
2252
2309
2366
2412
2487
2562
2636
2696
2763
2858
3006
3110
3206
3320
3430
3027
2990
2580
2548
2484
2424
2468
2427
2432
2090
1699
1510
1438
1473
1425
1456
983
1228
1502
1696
1810
2466
3486
4494
5532
6597
6721
6822
