6144
6182
6212
6258
6258
6270
6300
6305
6368
1697
4220
6781
3590
3488
3275
3068
2993
891
1623
1641
1652
942
915
717
747
2504
648
5418
770
835
843
737
677
710
724
759
814
786
779
840
926
971
1021
1061
1086
1117
1160
1196
1189
1454
710
688
803
605
619
647
641
676
673
751
794
633
610
633
652
778
649
752
602
641
704
790
866
931
923
1008
1065
1101
573
666
713
681
708
772
872
933
887
987
1056
1075
1142
1200
1292
1366
1366
1382
1398
1389
1424
1351
1376
1409
1429
1475
1506
1552
1597
1612
1667
1674
1697
1755
1795
1895
1909
1950
1996
2004
2011
2031
2079
2162
2232
2256
2322
2316
2348
2392
2418
2446
2506
2538
2611
2592
2606
2611
2632
2674
2744
2753
2794
2824
2887
2936
2949
2952
3007
2997
3020
3051
3075
3129
3172
3245
3340
3377
3351
3385
3423
3453
3477
3488
3506
3533
3535
3594
3633
3640
3678
3706
3741
3776
3846
3863
3908
3909
3930
3973
4003
4071
4104
4165
4186
4216
4249
4284
4311
4359
4391
4381
4434
4486
4563
4582
4618
4690
4753
4834
4793
4817
4832
4893
4924
4991
5075
5122
5090
5149
5168
4905
5003
4519
4551
4578
4478
4484
4021
4016
3854
3892
3927
3616
3594
3099
3154
3148
3143
3160
2639
2695
2435
2426
2451
2175
2227
1763
1783
1765
1811
1865
1354
1431
1213
1241
1292
928
1071
601
680
736
675
1039
630
707
665
741
1049
620
843
621
676
564
576
790
570
1031
595
644
683
688
983
583
582
629
679
1004
599
911
605
677
527
586
968
576
670
536
589
953
569
1039
563
567
610
642
1053
570
574
539
573
913
594
999
596
604
666
567
843
559
597
541
570
939
594
652
635
678
1049
615
885
613
614
547
631
1086
573
593
622
642
1006
614
859
596
621
561
624
802
656
1089
629
695
717
647
1047
593
648
564
647
865
622
1035
607
636
730
593
827
606
618
552
624
984
618
683
634
643
1024
576
926
610
660
745
557
902
593
605
557
603
842
585
998
582
626
730
592
931
601
648
733
671
1080
600
659
906
947
1021
571
1020
577
609
644
612
1037
587
592
927
610
580
586
598
612
636
672
528
579
609
690
622
611
640
722
797
964
945
957
586
565
529
574
933
569
870
602
608
627
686
1167
750
798
656
687
4000
13808
2887
5072
616
589
586
6429
3242
2932
937
839
1276
1255
3483
675
3181
5431
1115
840
870
897
1311
1412
1360
1345
1184
1122
938
951
967
1012
1017
1080
1108
12612
671
1091
2911
1080
762
1054
1014
686
648
2689
666
650
2261
668
2108
735
694
929
1487
1503
996
1014
1678
917
1559
1191
1008
1142
1133
1274
1448
1633
1556
1664
1453
1035
683
942
697
733
621
628
669
681
801
793
878
929
965
1046
1086
2650
2072
2106
2435
3256
3603
3197
3051
2996
2980
2321
2233
2048
2035
2045
2081
2159
2241
2245
2267
2317
2343
2357
2371
2431
2343
2396
2458
2566
2625
2104
2130
2159
2194
2207
2302
2350
2359
2440
2427
2422
2457
2514
2459
2507
2550
2515
2549
2501
2542
3536
1391
1344
1357
1386
1318
1368
1471
1942
2021
1680
1617
1662
1553
1580
1638
1698
1815
1858
1941
1927
1976
2022
2074
2160
2213
2314
2335
2436
2478
2539
2042
2021
2136
1910
1924
2020
2084
2139
2207
1905
1970
2061
2115
2145
2177
2284
2356
2466
2363
2398
2644
2676
2702
2756
2817
2756
2849
2899
2962
3011
2758
2778
2891
2920
3164
3168
3185
3229
3229
3268
3224
3251
3299
3381
3392
3403
3423
3462
3819
3875
3837
3856
3852
3862
3846
3723
3848
3934
3990
4066
4104
4179
3851
3891
3882
3893
3908
3939
3962
3996
3939
3984
4069
4214
4278
4296
4308
4507
4541
4567
4581
4574
4557
4581
4630
4587
4656
4687
4591
4669
4698
4759
4838
4913
4520
4519
4554
4566
4601
4603
4333
4361
4391
4379
4414
4424
4479
4485
4485
4528
4559
4650
4692
4602
4644
4357
4415
4505
4647
4697
4664
4702
4770
4778
4797
4793
4439
4454
4458
4450
4265
4286
4362
4424
4493
4571
4605
4887
4946
4999
5052
5081
5036
5080
5062
4983
5007
4990
4989
5110
5035
5444
5484
5570
5695
5715
5570
5527
5169
5089
5097
4779
4783
5163
5251
5489
4949
4983
4612
4556
4455
4444
4463
4045
4112
3703
3762
3793
3544
3613
3336
3326
2905
2888
2908
2537
2553
2460
2512
2439
2493
1576
1156
2950
2862
8454
8393
7867
7818
7572
7581
7591
7618
7632
7496
7556
7317
7188
3200
3036
3174
3903
5831
5856
5889
5839
5701
5505
5283
5097
4786
4784
4799
4819
4620
4454
4357
4408
4426
4442
4457
4465
4481
4506
4547
4741
4799
4836
4864
4874
4882
4893
4951
4947
4964
4977
5014
5010
5048
5079
4616
4702
4765
4824
4751
4797
4754
4755
4699
4744
4786
4830
4935
4923
4865
5018
5039
5030
4992
4999
5016
4991
4843
4865
4662
4709
4775
4429
4443
3899
3898
3947
3925
3946
3404
3420
3381
3381
3399
3099
3158
2615
2603
2586
2566
2598
2081
2122
1630
1659
1697
1501
1534
1115
1153
1163
1116
1164
694
720
527
569
821
586
1088
566
574
696
840
1439
603
608
617
625
663
659
748
510
575
1012
557
679
631
664
847
766
770
617
694
906
596
979
586
568
612
584
602
621
642
547
590
1038
576
599
527
575
916
618
646
568
554
5270
1521
639
592
609
626
615
651
722
765
902
985
1002
1034
1066
947
917
604
636
701
1792
675
958
996
1046
1198
1082
1123
1154
1114
1125
1162
