9611
9909
10112
10185
10273
10256
10444
10454
10506
10207
10201
10265
10239
9997
8977
8040
7310
6603
5919
5140
4615
3997
3353
2258
1672
1660
2005
2236
2268
2550
2447
2472
2729
3114
3009
3486
3543
3636
3618
3701
3798
3842
3823
3839
3912
3973
3987
3318
2330
1612
2677
2365
3506
2692
2980
3113
3207
3301
3386
3564
3636
2996
2379
1808
2124
1923
1255
1051
1433
1768
1995
2208
2377
2450
2610
2761
2914
2923
2930
2956
2969
3247
3516
3539
3527
3219
3065
2922
2829
2682
2089
1571
1545
1569
1556
1026
1508
2062
2381
2524
2751
3079
3496
3838
4244
4605
4829
5028
5403
5683
6042
6074
6072
6028
5906
6067
5896
5936
6203
6063
5341
4382
3753
3044
2437
2634
2786
3122
3320
3546
3745
3998
4053
3486
2782
1985
1711
1677
1749
1750
1743
1289
1210
1297
1119
1105
1208
1094
1086
1156
1627
1672
1729
1801
1692
1724
1203
1349
1283
1138
1112
1294
1245
1453
1787
2108
1791
1853
1837
1692
1815
1807
1626
1075
1273
1733
2898
4219
4540
4814
5081
5300
5419
5398
5378
5257
4935
4752
4647
4569
4575
4491
4521
4501
3560
2546
1706
1600
1334
1005
1273
1527
1638
1832
1990
963
1059
1211
1687
2559
1917
1719
1975
1742
1757
1804
1805
2053
2684
3940
4178
4161
4265
4055
3950
3645
3493
3179
2114
1717
1728
2134
2290
1774
1951
2280
5774
2753
4682
1109
1285
1755
1831
1899
2343
4796
1534
1511
2011
2007
2239
2515
3176
2984
2818
2375
2036
1996
1884
1841
1835
1770
1751
1799
3563
1253
1358
1457
1715
1919
2179
2595
3140
4568
6217
7526
7722
7894
8051
8266
8408
8453
8502
8544
8259
8167
8172
8279
8310
7766
6992
6140
5344
4579
3846
4274
5593
6824
8052
11688
1503
1664
1563
2528
3000
2912
3081
1977
1348
1302
1568
1602
1571
1446
1401
3499
1512
1740
1663
1618
1998
2602
1973
2064
1512
1422
1531
1816
2966
3934
4862
4719
4131
3213
2303
1792
1472
1375
1621
1632
1298
1917
1418
1125
1156
1126
1421
1760
1841
1873
2020
1394
1159
1512
2411
3050
2821
2403
2017
5092
1692
1836
1860
1268
1249
1402
1314
1044
2289
3324
4283
3853
2614
2050
1430
1192
1190
1215
1060
1089
1053
1144
2707
4393
6198
6921
6800
6431
5997
5726
5433
5100
4561
3335
3045
2191
1679
1479
1470
1533
1386
1163
1064
1096
2139
1426
1827
1941
2037
2125
2297
2424
2407
2446
2250
1873
1304
4119
3057
2030
2074
1952
1986
1821
1837
2001
2068
2185
2239
2384
2499
2288
6379
2280
3741
4994
6004
6612
7199
7098
6220
4942
3792
3103
3055
3082
2930
2783
2732
2697
2632
2612
2465
2203
2072
1921
1864
1726
1797
1020
1145
996
948
949
1068
1132
1171
1980
2012
1176
1185
1154
1322
1072
1179
1088
1082
1189
1339
1455
1721
2036
2397
2664
2968
3366
3637
3894
4139
4452
4723
4936
5172
5521
5743
5951
6170
6371
6588
6291
6415
6613
6864
6933
6123
5545
4754
3952
3074
2167
1957
1741
1848
1975
1618
1526
1532
2096
1701
1783
2217
2225
1162
1116
1174
1195
1088
1158
3035
1828
3090
4510
4572
4443
4366
4445
4319
4335
4273
4067
3979
3912
3506
3213
2214
2138
2146
2093
1813
1652
1563
1429
1317
2181
2137
4110
2029
1552
2259
3227
4357
5149
5466
1110
1177
1407
1201
1156
1191
1245
1282
1217
1161
1160
1157
1278
1388
1786
1982
2069
2143
2197
2080
2025
2040
2045
2019
1614
1633
2053
2374
3481
4706
4631
2905
2824
2600
2103
1791
1675
1412
1214
1184
1328
1299
1177
1464
1997
1693
1493
1107
1275
1508
2380
1077
1317
2149
2112
2206
2253
2212
1706
1680
2022
1593
2187
3366
4418
5201
5983
6337
5326
4334
3872
3874
3869
3535
3456
3557
2681
2649
2158
1889
1837
1953
1747
1761
1350
1823
2914
3826
4682
4547
4336
4044
3648
3374
2958
6422
1673
1834
1944
1136
2140
2180
2401
3767
5099
5554
4956
4560
4288
3104
2793
2536
2151
1987
1738
1927
1863
1895
1674
1270
1368
2231
2872
3560
4420
5180
5303
5260
5133
4985
4777
4712
4573
3529
3128
3180
3198
3011
2732
2433
2216
2153
2119
2265
2226
2982
1475
3112
2249
2022
1545
1250
1637
4831
2055
2760
3812
3467
3442
2831
2638
2133
2037
4177
1918
3821
1011
1042
1603
2670
3336
3297
3067
2875
3180
2770
1483
1199
1314
1265
1608
1491
1678
3811
1921
2180
2308
2433
2013
2948
3916
3939
4010
3816
3640
3654
3547
3562
3607
3542
2595
1818
1073
1119
1103
1176
1500
1108
1266
1565
1834
1986
2114
2245
2259
2268
3034
2911
1402
1339
1452
1956
2652
2995
2866
1762
1474
1283
1185
1191
1249
1314
1204
1828
4644
1639
2149
2164
1951
1753
1850
1776
1981
1247
1628
1468
1531
1583
1409
1359
1156
1138
1157
1170
1261
1312
1494
1822
1787
1733
1904
1884
1967
2504
1571
1242
1483
1380
1587
1336
1282
1142
1139
1193
1218
2307
3949
4599
4465
3103
2287
2195
2129
1974
10264
1734
1416
1341
1451
2478
3509
4562
4632
4265
3656
3279
2549
1647
1516
1383
1212
998
1216
1234
1353
1527
1789
1786
1685
1842
1625
1347
1417
1511
1606
1342
1272
1255
1337
1385
1372
1409
1460
1519
1532
1685
1877
1934
1985
1828
1785
1880
1997
1977
1815
1816
2044
2142
2075
2067
2130
2173
2226
2263
2362
2610
2682
2146
1980
1999
2053
2147
2255
2312
2431
2541
2676
2606
2621
2710
2742
2710
2846
2870
2829
2671
2545
2528
2516
2558
2580
2648
2666
2710
2628
2642
2650
2688
2751
2748
2770
2839
2887
2991
2980
2941
2891
2714
2643
2559
2599
2613
2622
2602
2585
2652
2717
2823
2882
2907
2965
3003
3085
3113
3221
3255
3268
3354
3271
3035
3011
3052
3079
3122
3150
3045
2909
2956
2883
2050
1588
1220
1617
1830
1365
1078
940
913
947
1470
1971
2909
4122
5398
6224
7227
8128
