5072
5134
5224
5094
5166
5211
3237
3095
9003
9033
9021
8827
8355
8371
9701
9590
9471
9492
9492
9512
9332
9360
9388
9017
9026
9034
9069
9089
11355
7343
715
613
644
850
709
702
721
750
764
768
818
857
851
819
787
858
900
966
992
1187
954
986
1105
1151
1153
1201
1221
1237
1266
1386
1500
1535
747
1101
1125
1173
1304
1058
1007
1014
1016
1089
1173
1096
1157
1218
999
997
1055
1101
1158
1176
1172
1199
1208
1208
1280
1394
1445
1493
1513
1549
1599
1646
1708
1798
1823
1867
1874
1863
1876
1922
1982
2043
2099
2156
2253
2265
2267
2252
2315
2342
2393
2444
2481
2523
2566
2649
2713
2765
2802
2792
2789
2819
2836
2828
2879
2941
3032
3087
3132
3170
3238
3259
3304
3334
3391
3450
3511
3533
3600
3633
3676
3713
3724
3714
3770
3760
3749
3751
3733
3733
3766
3867
3942
4037
4066
4113
4148
4213
4258
4352
4434
4456
4503
4547
4600
4669
4731
4791
4869
4903
4919
4927
4954
4943
4964
4976
4998
5036
5071
5056
5075
5093
5130
5030
5030
4853
4901
4921
4454
4504
4436
4445
4430
3971
3957
3718
3734
3539
3597
3584
3197
3196
3143
3165
3184
2735
2796
2373
2421
2457
2389
2416
1948
1970
1786
1802
1848
1407
1421
1409
1417
1461
1021
1044
585
616
634
669
1028
617
672
564
636
821
571
992
612
639
680
709
1037
614
641
510
555
807
586
1021
619
626
712
617
974
625
661
681
732
1023
603
644
525
599
840
599
985
600
625
652
561
752
591
657
521
614
839
577
989
601
638
742
621
996
588
648
685
701
1127
597
641
542
564
821
591
991
603
614
674
683
938
570
602
621
648
959
583
967
583
583
576
570
929
618
668
585
612
797
608
956
601
634
722
589
830
605
675
575
591
786
628
983
605
647
764
591
872
594
642
581
594
812
623
976
616
667
722
757
979
569
597
581
606
815
578
1010
576
615
677
702
957
603
622
627
636
924
603
989
585
600
669
582
782
598
646
535
613
972
595
620
590
616
797
599
930
620
680
617
608
777
609
1050
557
588
653
718
1065
614
630
563
600
865
602
1055
584
611
621
677
942
584
655
689
752
1039
631
795
604
636
535
599
835
617
1029
588
600
684
589
763
618
656
537
583
798
596
1052
616
632
633
641
932
613
655
552
576
823
606
998
622
711
775
762
1024
601
691
657
663
969
596
820
877
560
641
668
698
677
680
681
718
731
689
890
660
718
555
610
792
605
953
598
654
702
579
906
612
644
567
598
811
571
954
629
681
703
755
1009
618
680
578
615
845
599
962
596
604
656
584
808
618
631
534
624
822
598
1044
577
642
696
679
1098
582
589
596
618
782
605
916
594
671
648
707
1431
640
834
587
656
583
630
1074
627
830
580
634
692
700
977
603
801
574
656
639
687
1001
620
821
619
658
659
673
998
598
829
613
664
555
585
816
602
952
583
604
665
711
890
605
957
628
678
682
722
853
610
872
612
628
545
661
813
626
943
630
668
529
584
805
623
1045
614
640
688
755
889
571
996
634
657
722
794
941
644
1022
616
681
725
671
929
630
971
631
685
719
713
1041
634
678
714
744
919
622
997
635
671
698
749
887
625
990
648
679
723
768
853
615
1036
622
606
674
702
826
598
969
594
647
715
818
1028
587
870
606
714
614
669
987
604
775
607
656
623
656
862
591
993
659
669
725
811
1024
592
844
609
679
601
579
940
619
811
618
662
664
691
1074
623
837
617
696
620
724
1039
620
858
646
698
649
728
1057
549
891
608
637
630
683
858
645
958
614
671
746
800
892
599
840
597
1077
607
632
679
764
992
638
702
685
709
867
626
983
640
671
684
720
999
597
789
602
649
554
565
764
607
878
611
655
562
613
812
618
942
660
701
538
578
809
635
1025
615
664
708
726
864
606
1024
601
604
674
674
944
616
616
636
662
784
643
1029
590
619
654
687
990
578
801
592
627
554
626
869
577
868
618
645
539
601
829
602
997
610
683
717
716
884
605
1027
609
607
676
685
810
590
982
613
709
728
671
965
609
609
620
662
898
622
839
582
607
659
676
1027
634
808
616
624
613
669
946
586
917
599
660
679
678
885
612
1032
637
659
747
766
998
614
683
575
598
995
591
606
560
611
994
596
621
583
571
808
618
994
600
612
651
564
838
612
654
552
568
982
648
672
2189
2277
1057
1757
1392
1357
1873
952
896
1645
1650
1642
919
6389
1570
1373
1366
1381
1439
1454
1447
1433
1439
1501
966
625
634
1254
619
629
662
686
678
713
767
791
825
997
1012
1152
1251
1078
1056
1065
1087
1108
1130
1215
1178
1160
1143
1191
1346
1405
1451
1475
1480
1469
1471
1491
1513
1576
1595
1614
1662
1695
1752
1828
1868
1905
1891
1930
1997
2052
2118
2178
2249
2302
2361
2424
2467
2530
2559
2605
2659
2687
2746
2818
2896
2916
2709
2799
2862
2919
2950
2989
3012
3041
3067
3136
3226
3286
3368
3458
3479
3492
3552
3603
3664
3735
3790
3886
3950
4004
4065
4131
4172
