4451
4542
4584
4654
4687
4710
2463
3098
6102
624
634
533
3097
2888
1625
2286
1818
1726
1688
1694
1733
1756
3146
611
604
1522
715
728
768
765
1461
650
663
723
770
799
1379
628
661
693
778
757
781
893
934
1010
1111
1184
1051
1073
1117
1179
1242
1326
1407
1514
1641
1697
1743
1477
1528
1563
1566
1563
1504
1139
1447
629
534
552
595
606
652
672
663
722
718
783
825
897
951
969
1021
1075
1141
1225
1315
1393
1318
1389
1437
1502
1526
1564
1600
1654
1764
1850
1914
1974
2006
2011
2059
2090
2126
2174
2228
2268
2269
2272
2327
2366
2381
2458
2493
2528
2548
2586
2635
2716
2792
2841
2868
2800
2826
2858
2901
2956
3029
3124
3193
3196
3195
3246
3280
3354
3401
3478
3548
3590
3646
3728
3782
3816
3866
3951
4045
4114
4192
4228
4289
4329
4385
4436
4496
4201
4089
4097
4114
4159
4221
4235
4246
4264
4339
4364
4369
4359
4349
4353
4361
4444
4493
4558
4592
4618
4609
4614
4637
4698
4697
4728
4757
4798
4855
4883
4946
4972
4951
4957
4969
5003
5017
5031
5058
5130
5189
5235
5302
5373
5387
5431
5483
5421
5394
5437
5473
5516
5476
5514
5513
5532
5564
5598
5630
5634
5642
5696
5760
5812
5843
5819
5819
5812
5825
5838
5855
5820
5823
5672
5671
5662
5448
5447
5025
5026
5022
4923
4939
4696
4698
4520
4509
4523
4087
4109
4074
4082
4091
3663
3624
3267
3285
3343
3322
3350
2900
2913
2755
2752
2746
2441
2419
2023
2027
2038
2054
2105
1695
1764
1559
1596
1643
1168
1174
1165
1145
1153
800
1398
595
625
630
691
709
758
774
806
846
984
590
847
611
678
513
624
945
608
705
627
670
975
599
791
609
657
521
577
1117
573
1205
618
622
640
647
860
603
657
684
731
960
610
933
1097
619
660
615
956
598
622
530
582
851
598
1046
610
620
656
641
878
614
661
550
588
1017
605
1091
626
639
691
563
783
637
653
536
564
944
592
647
522
559
850
578
937
591
610
652
698
936
607
627
662
701
1062
569
910
585
587
606
640
892
578
571
487
536
865
656
1026
599
683
700
717
990
574
559
502
558
958
592
652
595
635
979
631
834
580
643
525
583
914
568
634
629
658
1020
589
937
581
669
672
641
1000
555
603
549
633
848
609
979
628
647
694
619
814
602
589
538
587
834
595
1000
591
618
650
695
947
615
650
566
625
813
586
1019
602
606
600
630
958
614
703
557
610
842
605
977
601
650
686
572
923
603
638
519
558
935
578
623
626
658
969
610
772
583
661
523
601
944
570
619
648
675
1003
573
854
606
622
517
608
808
588
888
613
690
535
591
819
593
976
591
600
681
615
817
597
623
543
601
856
591
949
582
615
631
671
969
587
617
497
587
805
599
903
590
621
557
587
807
599
956
588
679
725
607
885
581
589
653
666
1005
559
789
589
617
507
590
874
616
856
623
654
568
614
796
600
864
592
614
533
576
783
582
1006
612
665
693
743
830
613
991
638
654
689
669
986
587
608
641
669
900
617
835
612
649
669
729
871
622
1017
619
695
680
754
1001
600
835
632
661
614
664
992
626
813
586
609
604
648
996
579
801
593
601
550
583
768
604
1023
589
612
660
697
932
582
610
582
663
1015
561
895
640
673
527
559
819
580
1074
596
601
661
575
762
584
670
522
614
816
580
1024
580
596
637
667
1005
593
622
639
666
979
565
769
607
623
549
614
799
608
1020
607
621
659
698
954
603
618
671
709
1006
592
815
611
683
525
607
838
582
1013
615
682
715
667
968
605
603
637
664
1021
617
765
557
627
515
639
844
586
1023
600
690
700
745
868
591
959
580
601
661
685
1021
581
626
635
665
951
568
803
585
620
566
602
733
571
877
566
638
544
572
910
540
597
609
666
956
577
828
565
626
543
588
854
586
822
583
643
513
562
787
577
994
609
656
692
697
1004
562
616
631
670
895
578
962
590
615
562
552
805
573
806
614
648
548
560
799
611
905
586
667
735
707
1011
602
668
662
695
1047
579
802
565
594
643
674
954
590
920
577
606
666
566
914
574
646
709
599
861
582
609
578
628
967
615
650
569
557
941
604
647
656
669
870
579
917
594
656
781
587
784
623
650
533
592
909
570
613
659
711
1014
589
972
604
678
767
580
812
590
631
525
618
975
578
629
553
582
949
602
626
622
615
901
618
898
569
608
662
687
982
559
603
528
568
784
572
996
550
620
663
582
818
578
606
520
575
793
3690
1250
1345
1814
1702
2011
1877
1821
1043
1223
1281
830
884
840
860
818
884
899
916
860
918
877
900
687
900
773
767
754
731
665
761
735
734
741
742
768
724
721
731
830
962
879
753
772
770
728
917
966
910
622
700
762
843
769
744
748
767
789
850
946
988
966
954
1016
1053
1294
580
594
625
653
699
769
796
833
879
905
888
946
1015
1096
1163
1209
1122
1154
1185
1201
1227
1254
1281
1313
1374
1427
1522
1604
1688
1772
1840
1878
1954
1995
2028
