6704
6912
6953
7009
6578
6619
6580
6622
6728
4480
4279
4311
583
661
605
632
687
750
844
9903
2594
1172
701
770
805
771
737
722
750
797
909
962
993
1027
1077
1132
1144
1155
1203
1224
1243
1246
1330
1416
1496
1549
1595
1666
1804
1887
988
1022
1103
1133
1202
1290
1331
1363
1450
1595
1675
1695
1725
895
955
1104
1056
859
792
825
776
792
774
814
701
653
652
714
753
763
819
891
957
1008
1074
1137
1160
1217
1276
1297
1381
1427
1458
1497
1534
1555
1644
1704
1766
1828
1851
1915
1964
1962
2060
2116
2182
2233
2287
2345
2404
2489
2566
2603
2652
2693
2758
2829
2911
3010
3084
3159
3193
3229
3267
3340
3372
3429
3488
3567
3601
3701
3752
3803
3896
3958
4026
4103
4126
4203
4236
4288
4349
4379
4436
4510
4579
4613
4686
4725
4768
4809
4829
4862
4906
4964
5032
5041
5076
5142
5238
5335
5418
5500
5584
5665
5721
5722
5734
5771
5823
5882
5913
5935
5994
6008
6039
6103
6140
6213
6301
6381
6453
6517
6574
6675
6722
6772
6824
6883
6900
6909
6938
6962
7005
7035
7073
7161
7173
7199
7228
7246
7262
7278
7314
7356
7367
7393
7422
7446
7430
7455
7508
7525
7583
7587
7603
7629
7607
7609
7620
7703
7745
7784
7298
7339
7395
7323
7370
7036
7067
6584
6602
6623
6589
6600
6148
6199
6008
6062
6091
5549
5543
5420
5458
5479
5044
4918
4827
4861
4909
4621
4688
4154
4133
4146
3906
3910
3656
3705
3525
3563
3619
3160
3192
3099
3111
3151
2769
2818
2426
2419
2467
2449
2478
2043
2045
2047
2091
2093
1683
1721
1456
1502
1325
1338
1396
1028
1059
865
845
827
697
971
616
636
692
583
861
612
666
516
610
815
590
1172
630
662
684
749
1001
597
657
499
569
852
608
967
608
650
670
640
1023
572
596
622
670
965
593
871
836
746
721
756
839
598
840
620
659
528
585
816
603
1024
597
637
683
569
867
573
597
535
597
818
624
850
630
670
516
558
1000
587
617
645
678
1005
622
944
604
610
620
627
826
624
1053
619
639
684
702
974
586
587
537
607
830
571
1039
599
610
630
634
941
603
599
555
613
849
611
985
588
602
620
671
959
590
659
551
567
821
583
985
594
673
741
720
1014
612
638
560
581
856
620
1032
615
667
723
600
816
599
630
533
577
941
598
636
680
711
1066
613
849
622
652
549
649
975
602
693
685
740
1050
601
799
647
693
531
602
1041
583
633
654
667
981
581
981
566
641
677
636
1041
580
609
578
640
1060
596
848
604
626
546
625
940
632
679
695
740
858
623
1063
623
657
550
585
831
610
957
605
649
554
612
960
638
659
690
650
928
600
937
606
645
526
603
818
623
1077
604
649
715
773
1057
611
670
561
611
809
599
1015
603
630
718
598
826
608
653
515
565
834
608
987
612
667
749
768
1046
597
654
525
595
828
611
998
601
640
738
674
1025
610
624
644
640
901
583
841
592
608
499
561
977
606
694
639
696
1025
609
834
596
651
510
579
857
595
985
613
638
712
601
834
605
632
535
590
834
564
992
596
622
700
614
833
590
629
558
610
995
612
812
603
614
534
589
827
604
993
617
658
700
752
1060
588
653
895
914
1637
1053
1696
1314
1257
851
912
904
919
839
891
945
1034
3222
1632
1600
1538
929
952
1036
1124
767
779
821
886
944
1013
1113
744
734
770
822
883
945
1383
891
578
600
669
727
780
882
677
715
746
785
858
981
1034
739
796
849
887
934
1006
1058
1111
1143
1176
1220
1260
1345
1415
1524
1583
1607
1617
1642
1681
1763
1852
1930
1993
2022
2056
2063
2094
2157
2240
2306
2357
2413
2455
2482
2528
2211
2246
2306
2248
2298
1762
1833
1747
1806
1867
1273
1338
939
992
1064
1006
1138
602
672
637
706
1058
593
1006
605
635
671
744
1019
578
615
648
697
1003
602
894
570
584
538
585
789
577
1024
573
575
640
567
817
577
604
536
594
798
575
1005
571
623
724
587
855
608
624
519
600
836
628
1069
564
595
702
595
838
599
681
516
601
976
572
666
632
679
1002
579
777
544
608
578
588
809
586
949
588
620
636
568
846
580
597
525
592
980
579
611
609
641
968
564
945
595
609
613
648
888
562
595
545
602
877
601
983
594
587
657
595
824
609
620
536
605
964
618
627
552
577
1164
614
937
557
572
644
613
827
616
640
542
593
924
564
608
529
613
999
617
834
639
669
537
604
973
607
681
653
681
1029
619
1974
1048
1300
861
1427
768
850
1126
1164
1096
1081
1064
1124
1051
1082
6040
1220
1168
720
1619
652
615
661
674
717
724
726
823
830
904
942
1029
1043
1062
1096
1104
1109
1163
1181
1202
1209
1227
1257
1305
1369
1547
1610
1664
1672
1698
1699
1746
1861
1924
1945
1986
1984
2036
2078
2122
2220
2324
2370
2476
2471
2490
2519
2609
2647
2674
2716
2763
2787
2828
2863
2888
2939
3033
3088
3133
3161
3248
3319
3362
3422
3435
3501
3551
3590
3640
3724
3785
3863
3944
4015
4067
4163
4224
4283
4327
4375
4422
4487
4557
4629
4697
4768
4813
4845
4924
4969
5055
5094
5200
5241
5305
5346
5389
5416
5472
5528
5528
5560
5618
5679
5737
5762
5821
5854
