7831
7873
8174
8211
8303
8399
8381
8479
8596
8640
8663
8648
6765
6624
6627
6658
9041
799
710
1960
908
921
992
1110
2465
6015
2121
1894
2415
643
580
629
679
638
654
698
723
752
780
819
904
949
984
1066
1161
712
629
634
619
644
660
657
680
699
758
819
891
601
638
702
738
803
901
938
981
1060
1142
1204
1270
982
645
696
539
1015
939
976
967
979
968
1032
1063
1015
1050
1093
1146
1179
1233
589
625
692
776
876
969
1035
1049
1037
1057
1046
1107
1194
1263
1319
1382
1221
1225
1235
1249
1279
1346
1362
1349
1363
1372
1412
1452
1510
1549
1569
1604
1656
1694
1771
1835
1922
1992
2057
2079
2085
2127
2186
2224
2227
2263
2314
2396
2391
2437
2498
2513
2521
2531
2561
2560
2617
2686
2724
2766
2786
2804
2840
2813
2853
2881
2919
2935
2977
3017
3044
3065
3100
3160
3206
3266
3310
3387
3396
3398
3408
3471
3488
3494
3493
3501
3517
3549
3596
3655
3655
3672
3670
3675
3701
3710
3738
3782
3807
3882
3932
3728
3474
3532
3463
3482
3562
3074
3093
2578
2604
2645
2619
2624
2182
2159
2039
2063
2059
1798
1832
1364
1396
1401
1260
1314
1106
1116
946
960
992
780
1063
598
663
734
600
885
580
642
547
610
827
578
954
561
593
616
646
938
553
604
613
637
875
597
972
589
609
645
694
975
587
815
613
667
612
618
951
576
757
608
647
550
556
798
585
955
598
674
716
671
1023
601
685
628
666
875
594
948
581
623
614
689
973
568
805
555
622
520
617
1037
680
750
617
676
652
713
1004
603
848
608
680
576
650
1016
579
859
577
608
546
614
812
599
994
607
632
653
683
1055
587
648
661
710
866
585
1009
555
610
623
699
914
588
1007
603
655
696
725
1079
588
761
592
646
555
636
1055
599
798
552
588
573
592
994
567
817
590
592
540
581
824
601
863
581
607
837
837
725
593
968
590
646
671
660
964
575
646
624
656
878
598
1005
627
675
605
645
984
602
820
606
661
507
606
840
605
1020
631
630
648
690
956
639
1025
614
658
715
731
875
603
1023
602
595
617
609
934
605
588
639
701
1055
588
794
603
628
574
586
776
609
911
598
620
558
583
771
629
1072
587
601
622
623
747
597
974
566
621
655
642
1083
596
615
649
629
791
635
1010
649
717
732
805
909
594
1007
636
695
686
729
1030
606
834
609
675
509
603
903
608
821
585
642
557
598
791
638
887
617
666
520
572
807
620
885
610
696
586
622
780
583
1010
577
616
638
622
860
627
1014
662
693
730
765
977
622
665
692
706
872
567
994
577
659
645
717
1013
606
876
625
644
139571
655
797
613
619
625
620
870
578
610
548
565
700
528
1004
550
530
628
543
876
559
650
664
659
958
568
637
825
804
1141
820
1391
815
838
907
782
1130
758
780
704
732
977
744
1174
710
701
772
726
990
688
702
660
699
951
696
1135
659
658
695
639
878
640
650
618
639
855
651
1081
636
648
653
647
900
626
697
746
779
1034
597
781
600
685
526
624
817
583
948
575
605
696
594
816
595
605
543
599
985
591
608
659
673
971
564
970
606
660
686
718
960
591
637
651
673
1003
585
977
600
613
634
554
815
617
643
532
606
2556
2212
2227
2187
2410
843
981
1077
14009
13289
13256
13313
13336
13392
13448
13490
13517
13578
13645
13734
13769
13805
13837
13371
17491
17532
17568
17563
17464
17495
17599
17737
17811
17796
16960
16950
16952
16943
16940
16970
16972
16989
16964
16953
16946
16965
17012
17396
17448
17453
17411
17399
17390
17440
17026
17091
4932
829
607
588
639
692
662
684
711
763
816
875
927
1006
1091
1156
1231
1331
1370
1402
1472
1538
1588
1623
1667
1698
1736
1779
1826
1853
1915
2080
2141
2203
2243
2278
2302
2355
2422
2442
2495
2559
2608
2655
2696
2714
2730
2739
2751
2743
2778
2822
2879
2964
2956
2993
3016
3013
3056
3084
3159
3233
3294
3365
3436
3512
3552
3605
3672
3736
3773
3827
3870
3898
3907
3911
3956
3989
4039
4103
4112
4141
4146
4148
4157
4181
4239
4273
4316
4337
4352
4395
4403
4447
4488
4516
4525
4559
4578
4596
4616
4687
4735
4753
4762
4815
4848
4889
4928
4975
5051
5080
5122
5171
5209
5255
5292
5323
5340
5314
5162
5201
5176
4798
4801
4748
4762
4776
4355
4359
4121
4128
3943
3940
3962
3606
3582
3433
3441
3466
3227
3217
2763
2755
2770
2656
2645
2262
2245
2255
2224
2283
1912
1928
1924
1938
1925
1498
1540
1154
1170
1157
1153
1221
927
945
844
868
900
678
1058
590
617
676
673
1026
620
700
561
600
939
592
678
649
725
1005
591
982
591
644
738
670
988
603
645
539
612
855
615
1001
582
612
679
583
811
594
601
553
609
989
595
635
552
586
813
605
982
589
660
710
584
889
647
650
551
586
910
584
606
638
648
967
564
936
560
638
718
589
798
596
640
494
573
970
598
604
629
649
990
609
943
627
584
596
625
991
601
640
522
589
820
636
972
623
660
676
705
1047
628
668
576
606
788
577
1065
592
645
725
743
991
618
637
575
594
806
602
1028
602
572
693
587
799
609
680
529
604
941
586
