2060
1378
753
931
673
718
687
715
1482
1511
1299
729
1863
1415
896
1396
1518
1972
1584
2104
934
2321
3939
1131
1007
948
1002
1210
1246
1245
3246
1879
2450
1372
1300
876
1855
2337
1779
1072
1181
1126
2189
1025
973
1368
1116
950
1957
2123
798
1695
1265
1327
1078
1698
1183
1047
926
1543
1223
1615
2471
1737
777
2249
1925
883
810
742
872
841
1267
1108
1091
1203
1374
914
1056
1534
1155
1509
714
931
999
958
901
904
1306
1095
841
617
625
669
680
677
621
615
655
925
838
832
872
801
1029
711
1249
1395
1373
1122
908
757
774
922
1796
1195
829
1062
1133
1109
1832
2258
867
965
1612
1262
1297
1514
1252
1174
690
729
1286
1412
2039
883
912
789
837
798
802
830
840
807
869
777
670
838
819
972
1038
1479
971
1081
1992
1429
1471
798
2955
2425
1112
1561
1344
1208
1812
1055
1075
872
1156
1241
1060
796
767
1577
1351
871
1157
1068
949
928
1282
1432
1476
1416
889
1283
1574
1033
1223
1172
1233
1058
1015
993
1254
856
1429
1614
1317
1230
1372
976
1133
1597
2356
1192
1352
1111
995
949
1801
1440
1330
1194
1141
1123
1347
1211
1268
932
1025
1254
1077
966
1100
2116
1275
1121
1180
1367
1806
803
978
1760
729
672
892
783
1354
1868
1229
976
1701
971
899
915
854
1803
924
939
853
1036
910
1532
1207
1886
1329
2066
1563
1143
808
1128
2091
2659
1222
1233
791
1512
2305
1239
899
1092
956
1481
2570
1396
1288
971
1005
849
1298
780
1085
1191
891
766
667
678
675
670
731
1367
663
1234
812
989
888
1591
1241
1495
906
1378
852
1914
663
712
751
616
635
972
952
1202
713
628
705
1342
694
643
669
656
754
3275
1008
728
1171
953
743
623
941
1642
997
757
682
691
756
661
718
754
1061
1912
1220
737
707
1040
1364
1039
979
881
1034
1004
754
922
866
628
734
927
716
777
1104
780
718
764
1003
1579
879
771
686
854
1529
734
856
668
859
760
1082
1502
623
706
935
755
946
1984
925
639
646
651
1109
1505
968
656
633
599
1219
673
620
719
812
645
746
1505
928
978
710
940
1309
802
708
699
623
682
1544
883
648
605
840
965
921
669
722
733
1226
836
1048
923
747
843
793
825
604
732
641
1017
1070
797
615
618
763
653
846
1309
617
691
963
846
621
1411
733
679
644
772
892
717
698
636
722
683
759
697
693
644
630
667
884
641
687
614
796
884
1145
1157
659
689
611
713
1035
827
625
605
1073
1020
858
981
1096
977
1129
627
636
623
1982
2190
2671
1257
690
673
2738
1209
1359
948
1882
1317
887
1205
944
1040
1058
928
1600
1015
1478
1340
748
1019
2322
792
1637
1691
965
1056
1743
686
723
686
646
751
789
1633
1242
620
933
619
663
849
946
938
742
940
678
850
890
878
844
647
609
896
897
695
856
722
1033
725
626
909
737
1181
1018
897
904
1259
1455
689
700
670
656
659
1216
885
728
1817
778
965
1224
688
1015
644
700
801
1690
995
946
1022
760
613
673
822
915
2267
1393
918
811
793
908
1042
974
1553
2103
1334
907
1235
1365
1473
2084
953
738
1047
1008
1220
3274
1575
736
977
914
1899
2736
1636
999
906
1171
1834
1148
1365
1586
876
841
818
2440
1694
1666
1209
969
1248
2076
1334
1352
1257
887
1501
1540
692
794
733
1498
1250
722
744
846
716
725
1324
899
1664
844
1196
2445
1978
1092
1241
1011
733
750
1346
1225
703
632
1631
701
692
736
880
850
678
635
919
861
842
833
1014
970
632
849
847
695
953
617
824
839
851
889
1063
741
1062
1107
1062
820
673
664
651
600
1165
942
871
849
822
777
821
880
1102
1245
1284
1569
736
928
887
869
724
990
2343
1110
899
967
911
860
889
861
870
1062
918
669
763
1189
674
651
691
1236
1251
855
1172
748
1080
1918
915
891
875
913
1422
969
897
857
847
863
815
688
853
810
1781
761
749
701
796
757
931
730
881
1043
1172
1021
705
806
670
793
1533
727
974
839
900
886
847
967
856
670
889
920
922
1036
1171
1056
1242
1222
1076
756
785
1279
1102
968
1653
1338
1298
1023
2084
1608
893
759
741
1157
831
723
2739
1476
1048
1279
1496
784
757
1837
1516
1564
788
742
856
682
730
703
996
1415
992
757
723
715
1014
1305
1137
2381
1883
1331
1195
1324
856
2878
1646
1150
1526
1374
1272
1773
1567
1329
977
1567
1328
1200
1413
947
2888
1827
1307
1531
1539
1453
1372
1100
1217
2589
1258
1136
1110
2243
1144
1671
1871
1029
1072
1345
1216
1478
1140
1281
1269
2204
2253
1342
1271
1393
2513
2604
1214
1545
1223
1070
2124
2028
2373
2487
16612
14494
12089
11534
1774
12270
10410
8800
3536
7232
2014
2871
1378
1690
1272
1449
2309
1546
1813
1572
1417
1649
1562
3621
3299
1724
3228
1997
10301
8914
7960
7728
7278
6989
6680
6636
6020
4777
3880
2405
1211
756
719
1544
1393
729
1011
712
679
929
1391
1072
943
873
793
2181
1098
1085
1111
956
1047
948
1017
890
835
711
893
801
1852
1225
1474
1656
1303
1150
2112
1207
1266
1190
1321
1124
1337
1874
1087
1015
1040
1173
2742
1527
1083
1169
1466
1057
1117
2037
1220
1242
843
871
1152
2565
2523
1237
6182
1239
1213
1175
1363
834
908
