5582
5713
5723
5763
5822
5889
5912
5947
3935
3824
6230
963
1274
1271
812
855
857
2462
1026
3510
735
753
710
816
669
703
629
1422
1391
1333
1359
1361
1368
1508
1585
1644
1660
1659
1671
2015
1205
1152
1162
1186
1179
1108
1144
1151
1118
1174
1257
1223
1288
1331
1368
1487
1566
1684
938
950
1009
1016
1065
1124
1140
1187
1256
1219
1417
1489
1519
1503
1568
1631
1722
1831
1888
1891
1916
1939
1967
2022
2063
2108
2151
2195
2234
2303
2358
2389
2330
2364
2450
2557
2593
2652
2728
2834
2911
2930
2927
2934
2973
3027
3034
3036
3083
3129
3192
3227
3269
3303
3314
3334
3337
3363
3386
3388
3462
3482
3524
3458
3461
3470
3520
3555
3641
3662
3663
3676
3742
3772
3802
3769
3830
3788
3826
3876
3916
3938
3983
4044
4077
4090
4107
4127
4156
4185
4243
4281
4344
4367
4467
4530
4577
4583
4647
4716
4769
4783
4798
4832
4835
4840
4844
4879
4907
4933
4995
5067
5090
5110
5176
5203
5217
5243
5261
5285
5298
6956
1575
1161
628
605
621
606
627
636
652
795
634
657
685
727
779
852
995
1038
1103
1161
1199
1254
1353
1372
1423
775
814
900
951
963
1018
1090
1182
1253
1249
1265
1322
1388
1444
1463
1373
1372
1425
1497
1564
8405
1546
5630
3839
705
1577
1112
1245
2459
856
822
784
1428
1445
1356
1069
1007
978
1008
1036
1097
1111
1167
1117
734
1123
1050
609
607
855
632
564
588
613
648
678
741
791
878
914
1411
567
624
609
650
614
681
714
750
799
840
896
977
1089
1147
1160
1195
1211
1355
1413
1093
1053
1123
1152
1184
1229
1277
1347
1395
1432
1479
1084
924
676
631
593
597
646
734
798
931
947
976
1041
1115
1205
1242
1243
1287
1294
1344
1431
1507
1619
1673
1707
1724
1757
1944
2034
2069
2071
2143
2138
2170
2222
2275
2337
2404
2455
2537
2588
2618
2669
2723
2796
2851
2914
2962
3017
3097
3154
3174
3285
3339
3392
3472
3524
3568
3501
3533
3602
3647
3697
3690
3737
3773
3812
3873
3945
3996
4020
4105
4148
4184
4217
4249
4300
4331
4348
4371
4392
4414
4463
4529
4579
4618
4671
4756
4814
4881
4928
4981
5027
5109
5136
5171
5236
5263
5280
5281
5287
5299
5319
5355
5414
5457
5459
5476
5490
5491
5514
5542
5575
5640
5687
5710
5727
5721
5749
5789
5794
5839
5861
5874
5956
6004
6071
6110
6150
6188
6236
6256
6329
6537
6645
6672
6688
6714
6726
6765
6785
6794
6813
6749
6728
6614
6585
6645
6735
6792
6795
6956
6675
6664
6690
6728
6735
6763
6746
6684
6694
6738
6747
6777
6756
6761
6788
6827
6876
6904
6920
6967
6666
6694
6758
6703
6743
6271
6295
6130
6166
6156
5889
5940
5415
5408
5405
5167
5173
4762
4782
4783
4611
4643
4390
4391
4181
4216
4206
3957
3989
3458
3467
3464
3436
3492
3093
3133
3120
3013
3025
2609
2634
2678
2698
2741
2201
2226
1813
1839
1863
1889
1947
1578
1681
1207
1292
1312
1236
1292
812
874
879
885
1038
611
813
589
589
563
674
783
620
981
567
631
652
580
1001
622
678
703
745
875
585
998
613
676
716
746
963
581
839
583
623
520
582
844
612
1005
613
634
675
647
904
621
1034
583
578
624
566
984
614
626
535
587
812
556
1010
560
657
679
644
1054
620
647
701
748
891
603
1026
573
633
609
653
1009
580
806
603
646
526
574
934
571
573
589
654
1483
937
819
641
950
1011
972
1526
637
821
629
689
679
724
1005
639
922
616
646
540
629
847
593
1067
613
643
716
702
887
594
1041
593
662
716
775
1076
613
707
667
708
866
617
1127
604
667
672
705
1019
629
846
606
631
534
579
866
602
914
635
697
531
615
877
591
959
609
661
709
738
1026
591
620
661
737
1133
583
820
618
654
535
624
982
624
963
607
567
613
663
863
603
963
586
627
683
543
838
593
621
520
611
885
609
848
625
652
541
615
874
556
989
624
631
657
709
955
577
604
606
636
830
624
1011
554
582
580
593
830
559
954
580
600
594
605
943
585
571
631
648
926
628
985
599
664
648
701
1096
584
769
543
584
578
618
841
600
878
627
654
563
596
824
611
1002
626
659
696
738
1010
608
1190
625
583
634
658
677
612
676
640
671
1097
612
920
601
641
556
589
792
591
1025
580
661
699
693
1299
607
679
617
695
914
630
1055
628
708
641
685
999
608
827
609
690
638
664
963
617
748
556
595
527
606
1113
623
852
608
621
558
593
894
622
653
673
694
861
578
934
610
638
605
639
986
611
970
566
586
600
570
818
638
701
534
586
954
716
1088
601
618
621
624
936
582
589
637
1445
1462
993
996
889
776
4532
1351
1289
1634
2013
2013
1985
2004
1965
1520
940
834
870
954
987
1041
1060
1102
1084
1190
1357
628
642
682
751
802
832
931
1295
1341
1376
1422
1433
1688
1743
1830
1841
1920
1952
1969
2070
2115
2190
2273
2194
2252
2279
2321
2387
2449
2499
2573
2654
2700
2737
2763
2856
2907
2932
2970
3020
3078
3086
3182
3222
3277
3312
3398
3443
3419
3455
3522
3573
3658
3765
3802
3847
3895
3956
4007
4056
4084
4105
4152
4192
4223
4240
4260
4315
4340
4346
4363
4395
4472
4582
4570
4599
4636
4631
4653
4715
4731
4798
4812
4838
4882
4921
4983
5064
5133
5160
5193
5186
5220
5258
5315
5382
5341
5402
5305
5364
5357
