17535
2159
2017
2345
2682
3053
3351
3397
2777
2324
2004
1548
1178
1343
855
978
1260
1304
1298
1470
1395
1440
1819
1133
1304
1523
1571
1633
1744
1722
1731
1726
1704
1643
1556
1480
1429
1452
1364
1257
1213
1152
1087
1050
970
921
869
831
843
825
810
852
824
832
819
845
963
989
941
860
782
815
797
888
1009
910
855
815
805
846
743
923
1198
1302
1220
1031
1028
1039
1039
1069
1080
1001
949
994
1059
1067
1056
1159
1323
1341
1311
1378
1273
1190
959
978
2384
3549
4695
5826
6695
7692
8911
10215
10673
10642
10659
10669
10674
10580
10541
10501
10383
10464
10526
10495
10276
9857
9506
9496
9445
9284
9057
8941
8952
7871
7695
7209
6673
6142
5625
4882
4715
4710
4732
4647
4590
4526
4393
4320
4297
4305
4194
4219
4230
4106
4161
3281
3207
2670
2424
2362
2032
1921
1416
1376
1256
1197
1156
1249
1040
1110
1206
1263
1222
1238
1240
1253
1317
1298
1239
1292
1318
1263
798
1222
768
858
756
799
1713
2033
2678
3132
3544
4083
4506
4326
4155
4044
4113
4219
4341
4344
4440
4512
4500
4545
4438
4438
4199
4161
4248
3528
3602
2897
2982
3000
2741
2681
1388
1233
1193
1165
1223
1117
936
1084
1253
1298
1298
1244
1237
1204
1236
1166
1291
4580
1488
1846
2290
2926
3684
4350
5363
6447
5767
5068
4337
3802
3406
3324
3258
3140
3056
3059
3070
3096
3123
3169
3171
3187
3151
2939
2832
2775
2019
1585
1850
1518
1410
1392
1344
1305
1316
1323
1321
1430
1546
1644
1481
1228
1344
1762
2101
2535
3127
3696
4226
4312
4255
4105
4003
4024
4072
4092
4108
4113
4109
4305
5244
6084
6721
7402
8244
9096
9971
10249
10223
10189
10224
9783
9297
8831
8431
7944
7428
7177
7117
7033
6951
6719
6699
6609
6528
6494
6398
6361
6312
6201
6404
7232
8200
9110
10027
10177
10092
10014
9931
9921
9881
9871
9827
9740
9758
9823
9877
9828
9864
9762
9692
9649
9589
9520
9461
9376
9377
8430
8427
7609
7506
7381
7042
6430
5984
5438
4973
4534
4053
4026
4041
4009
4001
3744
3731
3718
3039
3004
2162
2002
1912
1413
1230
1199
1288
1185
1170
1136
936
1124
1312
1341
1375
1405
1384
1320
1304
1007
1005
766
777
1276
864
1559
937
1128
1401
1029
1399
1183
1184
1166
1181
1369
1175
950
1119
1407
1440
1444
1440
1453
1451
1470
1456
1519
1188
1414
811
1776
1155
1320
1140
1178
1190
1152
1173
1716
2565
3395
4362
5325
6367
6418
6379
6405
6486
6501
6550
6596
6610
6500
6350
6355
5803
5743
5370
5321
5355
4539
4354
3508
3029
2537
2080
1643
1201
1173
1121
1244
1137
1087
1109
1114
1098
1004
892
919
1140
1916
2768
3743
4642
4866
4910
4927
4972
5011
5042
5090
5112
5122
4817
4844
4435
4401
4351
3613
3420
2394
1920
1400
1302
1708
4262
1772
1814
2147
2453
2379
2736
3238
3077
2661
2072
1579
1235
1609
1134
1123
1298
1220
2187
3257
4264
5068
5006
4942
5024
5054
5066
4921
4975
4957
4985
5029
5049
5037
5214
5378
5434
5511
5608
5708
5667
5556
5288
5227
5163
5109
5071
4996
4874
4831
4769
4768
4790
4797
4815
4765
4702
4675
4599
4066
4059
3849
3803
3753
3749
4603
4636
5103
5418
5057
4663
4321
3928
3509
3521
3569
3561
3553
3548
3573
3593
3578
3549
2849
2822
2004
1538
1295
3226
1396
1360
1237
1440
1982
2479
2966
3508
4076
4734
4817
4847
4889
4904
4962
4902
4877
4849
4796
4775
4796
5287
5803
6415
6250
6255
6273
6329
6359
6368
6329
6290
6294
6387
5599
6510
6454
6878
7639
8006
7961
7689
7226
6775
6833
6885
6854
6752
6775
6867
6914
6983
7251
7632
7758
7626
7622
7327
7250
7061
5757
5614
4859
3881
3061
2443
1815
1416
1315
1290
1687
1028
1005
991
955
1018
1051
1040
978
1011
1245
1447
2541
3153
3678
3481
2549
1870
2009
2111
1987
1840
1752
1365
1311
1182
1344
1197
1480
1854
1338
1496
1759
1778
1583
1585
1723
1653
1482
1367
1328
1259
2044
3008
3815
4314
4792
5309
6467
7501
8577
9547
10768
10876
10930
11089
11119
11133
11179
11285
11437
11583
11660
11755
11782
11771
11848
11944
11886
11874
11906
11956
12244
12459
12397
12065
11859
11863
11859
11849
11893
11922
11699
11559
11597
11570
11622
12182
13019
13903
15122
16082
16341
16237
16147
15834
15833
15940
16186
15818
15679
15166
14565
14023
13495
12820
12139
11750
11875
11839
11494
11301
11284
11214
11097
10965
10970
11024
10899
10864
10892
10902
10624
10382
10135
10011
9564
9523
9196
9158
9175
8682
8382
7897
7820
7272
6686
6163
5472
4928
4449
3983
3760
3401
3252
3053
2908
2849
2868
2919
2964
3172
3231
3158
3093
2269
2109
1459
1405
1885
2233
2115
1476
1329
1142
1032
1214
1281
1222
1106
1224
1370
1472
1804
2600
2557
2523
2421
2307
2311
2399
1715
1729
1786
1331
2202
3130
3508
3880
3976
3354
2985
2729
2697
2639
2723
2696
2614
2440
2203
2142
2040
2053
2060
1749
1343
1302
1181
1191
1154
1273
1690
1394
1221
1309
1334
1177
969
1176
1466
1246
1047
928
1370
1415
1440
1446
1373
1332
1355
1355
1191
1116
13905
2005
2377
2832
3166
5048
6130
6818
6907
6288
6247
6292
6296
6226
5966
5672
2566
2207
1578
1926
1879
1145
1026
1242
1606
1903
1705
1855
2014
2129
2299
2458
2622
2664
2762
2921
3057
3202
3226
3258
3295
3453
3573
3609
3715
3613
3683
3833
4009
4150
4295
4388
4421
4419
4378
4359
4357
4175
3352
2760
2086
1670
1373
1420
1427
1090
1088
1252
1340
1415
1296
1125
1132
1253
1416
1556
1591
1584
1621
1834
1982
2063
2152
2293
2418
2568
2617
2757
2936
3060
3140
2738
2757
2861
3034
3138
3334
3338
3335
3380
3494
3597
3714
3807
3984
4123
4222
4353
4475
4584
4564
4473
4518
4645
