5932
6055
6159
6201
6173
6176
6189
6197
6292
7573
7319
8474
4496
4404
3969
1726
1711
1613
5013
2823
774
2039
1346
634
1491
749
660
681
659
696
724
746
779
838
746
625
637
663
666
693
745
693
714
750
783
816
779
867
930
945
1021
960
1008
1070
1152
1200
1233
1248
1253
1233
988
624
666
1219
687
661
684
777
784
797
847
844
859
928
1003
1025
1101
1187
1284
1338
1269
1286
1338
1357
1297
1288
1339
1384
1448
1476
1541
1576
1601
1652
1715
1727
1751
1784
1836
1896
1928
1969
2008
2058
2112
2137
2201
2239
2268
2296
2341
2376
2420
2458
2546
2599
2643
2634
2618
2614
2591
2589
2653
2695
2763
2808
2888
2906
2939
2994
3007
3015
3028
3029
3072
3116
3137
3164
3213
3234
3262
3312
3326
3338
3380
3390
3412
3428
3459
3500
3593
3666
3709
3719
3742
3762
3802
3809
3843
3883
3909
3959
3998
4057
4088
4144
4187
4254
4283
4329
4381
4449
4488
4574
4597
4664
4701
4756
4794
4868
4890
4916
4953
4983
5004
5015
5040
5075
5096
5141
5155
5197
5222
5248
5247
5264
5280
5323
5347
5368
5371
5403
5445
5451
5454
5486
5536
5582
5640
5687
5723
5781
5798
5835
5853
5865
5914
5954
6014
6055
6062
6017
6069
5864
5943
5998
5598
5507
5520
5530
5548
5245
5294
4989
4969
4757
4812
4819
4537
4582
4089
4117
4137
4145
4192
3727
3736
3641
3620
3647
3435
3514
3034
3112
3166
3141
3199
2661
2680
2524
2502
2572
2339
2378
1953
1949
1932
1954
2026
1606
1637
1576
1582
1615
1208
1245
1037
1035
830
853
893
545
612
609
666
1010
569
751
593
632
896
895
920
650
1010
594
682
737
692
997
610
639
510
601
954
618
1100
601
647
777
638
987
646
674
658
706
1027
620
789
582
649
500
604
974
607
695
708
778
929
622
1096
638
684
724
778
954
592
940
619
637
728
774
889
627
974
616
655
710
582
827
593
645
518
588
833
624
977
639
668
703
736
1045
603
627
576
593
854
590
952
597
596
603
618
906
614
681
528
567
835
605
970
592
624
679
571
744
585
630
525
617
823
618
1057
610
664
715
715
1024
619
687
732
767
1008
593
852
619
680
537
580
802
594
1027
594
596
619
673
952
604
633
576
602
772
618
978
613
692
711
664
987
647
715
734
768
978
578
770
611
674
593
608
789
606
822
592
656
536
573
906
600
621
630
683
947
618
792
617
665
559
585
958
616
630
646
667
854
626
986
634
686
594
660
803
573
979
625
651
676
594
825
618
651
532
576
825
588
830
621
677
696
774
1061
634
796
596
611
677
747
923
579
778
600
649
651
686
964
571
758
565
595
621
668
988
609
836
586
658
633
684
970
631
790
654
707
549
624
796
599
963
600
628
682
726
824
617
863
617
652
569
607
837
596
1014
600
620
683
690
718
580
855
620
662
503
575
803
594
1079
601
675
719
722
928
624
1007
606
701
759
752
1073
604
655
700
753
796
574
871
606
950
602
633
646
683
790
590
952
607
637
700
703
963
610
655
704
713
608
681
831
612
651
527
581
803
595
885
611
643
553
623
825
612
831
619
681
517
572
789
613
1000
694
716
552
585
781
569
806
629
686
579
611
774
628
842
620
638
536
596
830
593
829
587
631
507
569
761
669
923
565
609
533
591
838
574
975
613
639
515
591
828
602
956
585
635
706
751
1096
587
596
611
658
786
590
1072
587
621
634
625
840
579
798
578
604
530
613
839
578
974
569
574
569
588
913
566
605
669
693
823
617
1006
611
656
681
712
863
629
1003
613
640
692
709
929
594
806
618
679
684
754
966
609
967
620
643
670
652
896
600
783
610
632
544
630
867
606
869
620
639
661
704
947
636
889
639
686
760
787
847
601
1067
598
658
543
573
789
563
859
637
636
536
582
1110
561
856
603
618
550
578
763
613
890
590
627
558
583
819
594
861
621
692
689
722
1084
579
785
572
598
601
655
959
588
816
570
615
608
663
866
584
1141
577
598
604
613
924
579
782
590
633
529
571
820
625
886
602
649
568
595
999
614
977
582
601
613
605
903
587
644
562
607
791
605
1061
660
663
700
714
925
607
650
560
596
823
616
974
589
662
730
716
1040
607
694
530
595
950
592
674
640
686
1105
659
954
590
633
681
669
962
589
578
563
630
1027
593
607
627
677
937
561
1150
571
593
638
671
1037
587
607
540
601
832
608
1047
623
656
695
603
1530
924
883
1640
1460
1265
911
728
1743
933
630
866
815
870
843
898
864
871
846
903
899
870
643
864
732
759
742
744
781
878
758
714
743
724
752
755
767
728
757
773
758
757
1543
812
776
796
788
796
778
644
675
595
1990
847
2010
668
661
649
611
623
625
703
604
657
691
782
862
957
968
992
975
1037
1135
1407
1410
1400
1388
1428
1448
1503
1561
1631
1661
1745
1766
1763
1761
1768
1858
1913
1962
2010
2044
2071
2087
2154
2181
2210
2266
2310
2345
2375
2420
2451
2493
2537
2637
2727
2701
2766
