3335
3367
3414
1525
1360
1306
1361
1461
1505
1566
1605
1648
1661
1712
1753
1778
1767
1784
1798
1822
1913
2002
1880
1933
3681
4774
1647
775
772
740
727
782
699
713
951
1582
1628
1489
1100
1007
705
1575
1193
1038
1074
1056
1077
644
621
1528
932
654
707
709
801
849
876
899
994
573
1000
627
709
635
698
721
744
789
844
863
893
963
540
598
625
704
791
802
761
806
804
843
909
934
955
957
970
1034
1114
1174
1148
1244
1238
1260
1299
1378
1439
1518
1539
1595
1609
1614
1650
1640
1649
1672
1753
1764
1878
1946
1838
1877
1904
1957
2002
2049
2128
2172
2234
2306
2350
2400
2475
2549
2568
2586
2624
2661
2660
2667
2702
2749
2806
2870
2910
2912
2926
2953
2988
2999
3022
3016
3076
2605
2618
2469
2528
2518
2069
2100
1832
1866
1924
1456
1467
1465
1491
1538
1046
1102
869
927
616
637
946
566
618
504
598
825
585
1033
595
615
622
689
1013
573
601
533
575
836
558
974
600
601
620
632
913
582
592
613
625
888
567
943
558
566
561
589
974
579
624
691
730
1019
590
753
583
626
532
574
937
568
590
632
654
988
622
845
601
632
546
592
803
604
1064
599
630
763
581
775
626
652
570
605
927
589
595
621
668
980
598
850
605
662
548
608
940
598
686
648
743
1004
577
792
584
639
545
568
895
584
623
555
586
833
587
935
579
635
739
595
864
607
616
540
585
982
574
584
536
576
791
609
1009
566
552
561
576
955
574
621
529
549
851
581
1013
602
619
620
584
800
611
701
578
563
880
628
965
577
614
747
574
839
573
651
517
630
848
602
984
609
648
656
611
847
615
962
593
612
631
645
795
624
1061
629
638
666
657
1040
611
628
644
662
953
557
770
572
606
557
557
802
625
886
619
682
656
680
1010
608
814
617
607
567
616
826
593
1012
594
610
633
646
1022
602
623
585
640
1079
583
858
588
604
593
588
836
605
965
574
584
562
605
778
581
1051
597
637
667
656
874
581
977
585
587
597
601
1008
595
641
677
673
1011
576
795
616
622
631
648
1015
576
826
603
652
545
645
856
587
955
601
630
645
672
931
598
605
605
620
1018
602
808
569
567
545
599
857
614
991
578
572
608
640
975
593
613
662
700
918
607
980
617
636
546
578
830
599
979
576
635
690
647
1012
579
657
585
662
1086
615
858
595
655
593
694
1078
626
872
595
605
555
591
801
597
973
597
617
661
696
856
577
997
588
595
646
674
1010
593
601
630
714
971
601
763
596
655
590
668
1058
573
798
602
627
564
603
824
635
1008
591
634
628
666
1001
600
620
535
577
1042
594
816
606
612
669
707
988
601
936
585
629
621
646
905
628
1249
629
662
738
653
888
621
1013
567
579
612
653
978
590
665
570
619
1045
603
853
578
604
546
565
794
588
1071
617
682
721
681
1028
616
677
655
677
973
602
757
589
590
550
611
942
648
937
599
613
568
582
783
658
1043
615
635
642
681
905
573
592
621
634
871
597
993
611
666
686
679
979
620
859
584
622
525
587
841
580
1014
600
650
691
673
1098
616
633
655
669
838
594
1094
594
634
621
656
1082
595
950
597
602
655
629
1038
558
601
623
646
1454
1016
981
906
919
951
742
1054
580
627
719
630
942
577
610
673
589
1019
591
630
520
540
789
552
608
512
586
881
611
968
602
644
703
594
1026
611
682
740
571
919
642
685
537
649
898
591
621
544
612
986
585
618
523
562
883
589
997
567
580
715
572
835
600
648
515
614
891
569
971
564
617
649
703
1003
586
651
514
594
926
570
954
563
560
664
546
786
557
593
531
590
1389
616
645
673
697
700
649
798
587
633
558
616
813
642
957
608
667
740
703
1001
566
584
552
590
855
613
1086
613
638
710
605
897
588
624
651
611
1019
538
582
517
551
1002
576
609
640
738
1072
576
844
595
621
585
603
932
569
599
611
629
1037
587
951
612
625
625
633
1049
600
618
625
674
1022
604
830
612
614
571
608
994
581
593
608
628
892
614
976
617
615
626
624
978
585
592
548
600
992
593
639
638
678
1032
578
925
594
625
639
641
1022
586
603
630
656
1009
594
949
602
681
717
713
1001
602
641
531
5155
750
1151
1361
2146
2015
1095
1476
774
739
728
751
722
729
724
718
717
716
730
722
727
699
745
729
693
725
697
720
743
753
715
780
802
833
738
732
714
701
694
703
749
749
759
867
1222
2055
2107
2107
2092
2449
944
1601
1898
1904
1920
1257
962
1348
1948
2305
2319
2540
3480
3014
3905
4549
5588
6126
8085
8307
8270
8239
8131
8092
8037
7992
7928
7845
7812
7629
7396
7315
7326
7338
1186
1201
1246
1099
1105
1119
1150
1214
1237
1257
1250
1315
1364
1402
1453
1522
1575
1597
1626
1641
1682
1715
1748
1794
1839
1869
1894
1930
1959
1996
2001
2026
2070
2127
2176
2196
2227
2275
2318
2329
2399
2419
2465
2529
2589
2664
2734
2785
