3090
1893
1100
805
747
1051
813
1007
1098
828
1466
1545
786
741
795
1009
773
798
787
746
714
884
992
811
764
802
745
784
738
752
742
763
902
702
660
835
624
745
829
1308
750
663
908
786
1055
746
703
772
728
638
641
715
1282
648
669
634
619
660
656
746
710
635
647
627
1815
1209
767
630
634
624
645
681
598
659
754
612
1482
821
630
622
630
652
761
748
621
614
622
686
682
1216
652
594
627
621
607
704
815
699
637
688
790
1504
959
631
607
648
598
599
1104
769
593
599
742
775
1200
787
591
813
672
632
832
608
628
605
657
672
1905
588
579
658
651
761
1250
819
799
610
734
806
1374
779
573
616
790
848
708
1258
818
575
650
743
938
893
828
619
691
632
648
859
609
1691
779
598
644
616
810
600
783
854
699
646
637
599
716
1053
614
757
882
625
630
626
600
640
588
644
629
791
800
758
823
638
691
622
605
731
1229
773
617
778
624
781
864
639
591
641
567
833
877
1124
626
586
625
625
593
1370
593
633
611
645
650
635
1399
780
916
812
684
590
843
1067
1058
605
583
575
712
665
1904
1201
581
602
646
861
1259
944
731
664
646
662
1583
792
838
688
858
589
811
841
832
589
829
851
621
655
825
603
792
829
601
830
621
816
840
630
816
853
875
812
1045
721
711
724
837
806
841
708
819
1317
1134
718
668
592
608
903
698
701
641
638
786
784
1653
1371
724
583
738
693
901
1320
680
791
700
636
605
677
1101
689
651
702
685
1113
1193
644
619
659
912
733
2156
664
738
614
677
661
631
622
615
649
576
1916
666
962
892
604
1779
810
845
628
898
630
1333
755
605
572
658
632
1270
891
607
657
633
616
730
1777
690
636
706
578
760
1205
2347
932
617
611
858
2634
1750
837
589
653
727
1499
1653
2254
852
823
694
739
1082
1418
769
1039
948
667
913
1461
1057
675
708
846
1262
906
698
996
938
839
654
883
890
639
896
764
1009
622
890
714
995
989
845
2388
704
683
684
741
1279
2299
694
702
750
762
830
939
1019
1029
1139
964
872
1677
946
978
1588
883
831
979
1022
639
656
686
638
694
649
740
612
592
643
816
568
619
578
633
666
1099
863
632
623
781
806
841
790
808
810
678
758
784
604
628
683
781
616
609
610
606
728
642
1240
592
632
590
616
728
1280
681
562
618
592
1160
1890
668
719
659
854
1306
697
598
611
574
578
1325
670
585
584
603
644
1944
642
679
586
631
594
664
570
686
642
677
1601
1139
660
652
634
605
612
823
596
659
585
739
1379
1303
657
596
594
635
713
2115
681
573
600
575
638
2029
632
696
689
664
1797
1500
921
612
975
633
868
1178
1265
685
626
615
594
591
667
638
1020
871
762
1882
662
626
611
591
626
979
603
649
619
592
619
931
966
720
623
669
624
1257
1353
987
785
661
670
944
616
648
684
904
891
677
807
649
610
632
719
1195
649
1052
677
674
632
723
689
687
599
608
622
671
851
720
604
619
645
732
713
741
753
630
636
721
627
755
594
620
630
622
607
647
1082
614
597
671
622
592
922
818
805
751
752
722
788
791
729
798
779
636
739
633
666
616
593
735
783
762
793
776
737
756
740
883
769
718
714
736
753
706
708
705
735
769
926
727
731
618
622
801
714
1071
723
714
589
751
953
1344
767
717
762
575
577
718
1031
709
767
605
585
706
956
1450
721
613
770
1020
735
1814
1055
726
759
588
576
635
729
833
1299
660
607
571
610
623
581
1266
654
650
592
670
784
642
627
662
631
640
822
1269
864
691
593
660
686
608
656
1113
654
697
607
666
629
811
618
638
615
688
603
635
696
660
608
596
672
644
682
833
663
656
614
662
689
678
639
645
634
641
652
907
842
800
839
914
861
975
905
1278
1108
1025
1089
762
1747
726
617
627
693
1328
726
766
624
641
743
661
810
913
629
649
736
716
655
653
657
707
619
817
651
610
696
633
974
1873
593
630
609
609
672
603
743
645
591
571
608
703
623
597
633
746
1508
1593
649
615
635
646
615
1855
1301
1004
769
660
725
673
646
1078
700
641
588
734
981
1856
1201
669
665
840
682
1192
685
786
656
905
928
1192
598
843
765
651
652
1476
904
648
693
977
1110
1112
981
790
1046
911
1417
1065
1092
886
901
766
1866
809
747
727
716
767
1848
778
1000
990
1168
804
1930
1208
1174
925
1162
994
1214
1611
848
895
983
1240
2248
973
1184
1077
797
1192
1985
858
1119
1269
843
975
1200
1046
1690
1246
991
2184
2147
1308
922
1069
988
872
2236
2752
1184
867
895
1238
1021
1056
978
728
1311
1082
1002
965
823
805
717
738
961
2745
847
854
925
1076
744
1787
827
820
860
859
833
1866
1110
762
873
814
861
971
2209
602
670
652
716
1687
1425
766
694
711
865
1213
1507
618
806
861
719
1682
1428
831
