19621
19469
19727
19994
20044
20076
19305
19859
19785
19835
19613
19688
19726
19425
19448
19084
19086
18907
19215
19202
18936
19000
18483
18499
18509
18477
18475
18170
18463
16083
16034
16274
14008
3693
2415
959
1158
831
1147
1160
1095
1621
1863
2050
2456
2582
2506
2744
2769
3274
2453
2462
2944
3119
3520
3926
4105
4468
4642
5068
5461
5658
6016
6418
6623
6966
7182
7534
8011
8243
8634
8768
9184
9581
9771
10156
10313
10577
10769
11126
11516
11695
11991
12101
12476
12820
12949
13292
13460
13747
14131
14318
14673
15021
15219
15468
15871
15916
16364
16727
17111
17317
17637
18013
18237
18711
19092
19298
19659
19996
20150
20538
20906
21088
21477
21875
22103
22493
22849
23065
23166
23235
23304
23378
23378
23416
23071
23143
23295
23353
23447
23534
23593
23637
23717
23759
23799
23826
23871
23937
24011
24054
24005
24012
24065
24111
24165
24218
24262
24319
24337
24345
24363
24411
24471
24543
24585
24652
24670
24708
24755
24806
24863
24897
24998
25087
25137
25133
25138
25105
25109
25109
25134
25171
25156
25019
25007
24985
24979
24997
24995
24967
24971
24928
24963
24991
25007
25020
25017
25006
25043
25074
25048
25054
25103
25128
25139
25159
25164
25213
25264
25274
25320
25369
25390
25425
25444
25456
25488
25523
25591
25641
25670
25708
25757
25804
25830
25851
25508
25527
25364
25343
25331
25103
25145
24723
24714
24718
24679
24707
24188
24207
24046
24051
24088
23769
23746
23316
23317
23287
23298
23284
22882
22888
22730
22719
22722
22354
22352
21895
21890
21893
21892
21846
21467
21449
21350
21384
21386
21040
21040
20566
20510
20522
20435
20460
20146
20136
19945
19916
19960
19547
19564
19567
19560
19475
19143
19158
18853
18859
18669
18745
18790
18345
18374
18338
18324
18349
17964
17975
17670
17683
17465
17498
17537
17058
17014
16966
16935
16946
16525
16623
16149
16167
16143
16141
16150
15538
15572
15325
15361
15371
14888
14887
14631
14608
14339
14361
14378
13945
13942
13896
13913
13921
13642
13717
13253
13275
13066
13073
13082
12825
12820
12434
12433
12284
12260
12268
11924
11990
11938
11938
11957
11469
11437
11113
11082
10886
10914
10932
10665
10684
10187
10212
10247
10259
10236
9740
9711
9558
9606
9576
9287
9334
8858
8859
8872
8667
8677
8416
8401
8210
8197
8194
7913
7924
7439
7487
7487
7453
7448
6979
6924
6848
6891
6929
6669
6657
6209
6263
6277
6155
6155
5674
5707
5686
5612
5608
5216
5210
4941
4976
4725
4712
4725
4283
4310
4305
4341
4400
3844
3859
3597
3577
3359
3396
3406
3145
3165
2703
2713
2720
2507
2482
2232
2187
2043
2095
2097
1734
1735
1319
1320
1295
1253
1295
1021
1025
990
1022
1041
602
811
592
606
562
611
876
609
981
633
627
643
646
996
611
626
528
562
991
598
639
596
632
1042
606
963
583
630
660
655
1083
577
640
587
645
1062
599
907
621
613
570
630
837
638
1032
599
571
672
590
788
598
627
542
621
853
595
1072
590
594
682
597
849
599
629
555
608
962
581
622
685
681
1045
595
939
593
624
730
610
984
599
601
601
612
951
607
620
651
686
1071
632
875
603
615
549
584
971
597
604
646
663
1044
595
960
627
654
683
695
1094
599
668
633
636
995
621
988
598
565
620
679
1129
586
590
596
614
983
594
945
609
643
659
663
979
575
575
619
650
975
610
847
595
599
564
613
830
617
1034
614
641
740
640
840
617
613
563
619
804
596
1146
598
593
660
600
814
614
658
576
623
772
633
1062
566
581
685
600
849
601
636
578
608
916
568
597
607
666
1037
596
801
598
616
580
596
826
605
1002
599
643
680
575
814
589
602
580
612
1008
584
598
590
593
954
606
1002
599
592
629
660
1040
562
600
586
620
873
606
961
601
614
714
596
958
685
730
496
555
934
581
624
539
563
1153
600
976
582
582
638
573
778
598
678
517
536
947
575
544
555
598
1003
615
796
628
667
554
585
972
609
625
662
687
1029
594
934
621
565
544
585
833
601
1003
622
656
695
710
1004
596
599
601
662
1081
571
964
589
593
654
656
999
607
612
600
614
1086
579
849
598
583
564
606
850
577
994
617
593
595
629
845
622
942
592
641
631
613
1047
618
637
699
729
987
601
818
597
630
583
598
812
599
1030
610
658
672
694
997
570
632
613
678
886
592
993
622
640
697
705
1021
597
828
592
621
573
601
791
585
816
638
693
651
703
1016
613
846
607
622
596
649
961
597
894
608
688
549
587
852
608
914
599
621
552
608
828
632
1030
608
627
656
680
1023
614
631
645
698
921
655
1016
600
612
633
636
941
613
785
605
611
577
623
884
585
900
582
598
592
615
1004
585
581
595
595
947
630
798
606
618
559
579
1138
631
794
591
587
546
596
832
603
1015
610
650
704
697
1053
587
582
595
618
1029
600
840
615
654
873
1057
1247
962
994
562
566
598
646
1192
737
995
1291
1777
2051
1955
1906
983
912
876
899
999
871
844
869
894
878
828
854
831
867
1576
989
900
909
564
791
782
687
730
743
722
748
733
704
741
742
720
740
726
721
760
734
776
695
786
780
772
756
6606
897
823
828
750
914
1017
629
600
644
661
633
645
632
652
692
718
750
845
921
809
807
798
865
927
899
619
653
633
682
692
685
768
787
786
816
846
858
846
870
1097
1140
1138
1196
1193
1237
1319
