2442
2519
589
570
616
12644
1182
1518
3438
708
615
618
636
588
604
651
714
762
787
818
855
919
960
1022
1045
1150
1222
663
1378
1109
650
696
760
759
809
854
939
1013
1201
1166
1199
1213
1231
1276
1324
1302
1368
1422
1467
1503
1539
1579
1629
1681
1720
1791
1070
716
806
723
731
749
760
823
907
943
1153
1183
1256
1333
1442
1468
1513
1507
1544
1599
1670
1692
1811
1844
1871
1904
1929
1957
2106
2194
2317
2398
2403
2454
2467
2503
2581
2648
2714
2783
2804
2870
2868
2878
2897
2925
3003
3103
3126
3145
3157
3179
3230
3289
3348
3412
3468
3494
3579
3625
3690
3738
3782
3840
3893
3937
3986
4045
4027
4022
4029
4065
4132
4181
4252
4247
4279
4290
4354
4395
4449
4504
4580
4591
4611
4628
4645
4642
4736
4789
4841
4848
4916
4979
5019
5074
5138
5246
5276
5311
5327
5334
5356
5364
5454
5464
5515
5588
5608
5626
5637
5639
5752
5755
5771
5788
5969
6016
6008
6024
6035
6037
6045
6052
6001
6091
6115
5920
5942
5470
5431
5485
5410
5433
4995
4774
4781
4812
4806
4480
4504
4470
4548
4566
4045
4018
3788
3816
3657
3700
3671
3311
3297
3151
3172
3183
2927
2984
2450
2378
2389
2337
2344
1960
1972
1977
1980
2011
1510
1543
1518
1524
1534
1101
1148
836
884
907
935
972
604
648
489
563
928
594
1022
522
559
616
570
1025
646
685
549
569
920
605
669
618
687
984
555
986
579
650
692
619
951
584
634
501
580
807
581
991
569
609
637
563
860
594
613
528
564
1004
565
627
582
605
786
629
1045
574
596
665
624
815
597
616
561
616
945
591
625
635
658
914
568
904
593
638
733
572
744
593
789
620
638
939
737
751
772
811
1032
587
946
584
595
593
759
924
594
622
573
612
844
610
1000
613
659
697
724
1040
616
641
532
587
849
590
1019
612
633
690
711
1035
608
670
553
598
845
774
1009
597
593
670
565
756
628
634
554
585
895
585
615
555
595
834
587
942
579
603
663
691
916
585
623
506
585
828
595
1027
606
634
677
551
792
588
621
518
618
908
586
944
586
637
726
572
872
577
607
540
604
942
559
579
580
621
1004
584
921
568
605
629
665
985
607
618
656
714
1011
626
808
576
580
586
607
928
551
635
604
629
564
595
780
586
989
602
634
689
708
929
598
634
650
661
1039
596
852
602
621
539
586
902
729
764
737
790
1090
729
820
610
650
537
589
825
594
996
585
607
638
685
1002
601
665
632
664
988
616
825
596
643
549
607
819
620
845
584
607
540
602
794
606
1093
621
628
683
708
971
623
672
577
614
1020
603
848
582
599
523
588
831
586
1086
572
598
639
696
977
600
671
655
694
888
619
1035
625
644
509
585
842
598
867
583
633
529
557
817
573
1027
601
618
638
616
981
592
637
592
625
764
602
866
607
615
568
573
856
571
623
557
607
986
569
794
553
632
562
597
759
566
837
621
671
557
619
837
558
1011
579
629
657
607
972
587
679
655
681
983
612
760
599
646
492
558
1212
712
756
571
600
526
608
824
604
1026
595
672
727
820
1012
593
672
585
645
991
612
820
635
633
542
607
797
574
904
602
631
550
608
816
617
1030
609
613
616
636
907
600
605
660
697
1100
554
816
589
599
531
594
938
726
1053
589
624
659
585
812
620
700
545
640
997
590
840
584
613
518
613
847
600
1051
590
613
611
627
960
592
603
649
705
834
623
961
626
616
531
558
805
608
899
585
601
538
616
786
600
1030
601
608
615
624
849
600
663
652
707
1065
602
777
598
608
572
618
958
594
858
604
643
542
606
820
608
1200
605
607
545
587
763
610
856
590
638
538
612
890
607
923
559
588
627
640
981
553
729
750
812
1099
695
848
778
839
720
817
1103
618
838
603
661
525
612
992
608
669
559
545
910
589
611
614
669
1073
624
963
608
615
634
568
745
560
629
547
593
961
638
697
505
552
981
575
588
538
581
915
579
598
503
556
954
568
610
579
607
1111
612
633
675
696
972
592
942
609
641
681
583
930
604
662
721
609
893
582
637
525
575
1003
603
627
561
571
783
593
1026
556
555
673
541
804
555
602
517
586
944
572
606
585
595
919
567
788
595
629
521
559
799
601
1044
610
670
737
747
1044
620
668
560
600
811
678
973
605
613
690
597
884
594
657
715
686
1008
566
4713
2131
1295
2271
1040
2256
1676
1687
18737
607
1311
1344
5715
625
589
597
6539
8122
1096
951
929
592
2045
630
631
602
623
566
1083
1224
5197
788
639
649
713
600
774
816
608
836
836
785
756
736
759
758
928
809
5274
3981
1570
2005
655
610
614
617
663
688
773
847
908
951
1023
1052
1121
1172
1213
1261
1368
1394
1448
1479
1526
1568
1624
1688
1746
1765
1836
1897
1947
2024
2090
2139
2190
2227
2242
2244
2250
2260
2292
2356
2424
2425
2457
2473
2484
2521
2551
2579
2590
2658
2707
2768
2789
2805
2846
2841
2885
2910
2937
3020
3122
3179
3209
3273
3319
3368
3353
