2513
2569
3456
699
1066
733
759
615
720
808
798
724
749
694
813
968
743
739
1422
1396
1367
1343
1344
1979
1766
1855
1071
4493
695
607
725
692
1393
647
648
691
779
839
893
996
1006
1038
1119
1572
2479
10218
1618
1513
1703
1132
967
2284
1132
643
628
646
728
832
905
946
950
957
988
1002
1051
1085
1188
1231
3658
1190
750
3346
699
605
799
2189
691
4621
977
619
2017
633
630
593
551
2138
795
733
671
710
1427
637
784
585
576
617
592
577
617
586
611
692
728
760
839
904
930
987
1065
1128
1187
1197
1240
1279
1296
1370
1660
1745
1797
1839
1895
1907
1949
2048
2123
2210
2252
2292
2327
2354
2375
2420
2506
2578
2634
2678
2689
2721
2771
2809
2853
2939
2997
3023
3032
3064
3100
3173
3240
3331
3388
3384
3422
3483
3532
3582
3651
3726
3775
3801
3878
3945
3985
4015
4052
4111
4185
4236
4317
4343
4389
4431
4467
4513
4566
4633
4690
4778
4795
4830
4864
4877
4906
4976
5049
5108
5153
5212
5237
5264
5304
5346
5419
5439
5465
5484
5532
5567
5602
5616
5666
5740
5805
5868
5899
5950
6024
6034
6072
6107
5703
5695
5648
5636
5636
5172
5178
4679
4666
4633
4627
4629
4262
4294
4161
4190
4183
3889
3867
3421
3438
3442
3307
3315
2988
3017
2797
2812
2832
2582
2627
2189
2159
2180
2189
2212
1779
1787
1591
1633
1661
1334
1359
890
932
987
762
874
630
637
578
622
817
599
1052
603
640
737
612
796
575
558
543
600
985
568
587
598
639
980
631
843
605
628
557
621
818
604
985
592
629
671
727
1011
628
655
682
753
1050
620
794
604
641
506
601
1020
595
654
659
711
999
595
980
582
624
687
595
1051
615
697
703
771
1086
612
982
611
669
722
717
1070
574
588
519
616
830
601
1048
609
663
733
702
1068
627
632
674
721
979
596
809
632
626
543
578
958
610
635
672
709
838
625
1055
615
684
508
572
852
605
995
620
653
700
706
1034
596
683
660
685
1023
618
954
615
689
717
677
886
591
1045
633
653
732
646
861
606
635
534
589
813
570
967
566
609
619
622
914
571
584
580
583
993
622
625
655
669
1000
602
1013
605
620
613
664
941
575
606
617
635
966
570
809
584
600
538
560
979
591
632
652
676
1002
638
800
591
604
558
613
812
575
1017
613
621
637
645
954
573
623
553
583
804
632
1072
597
619
662
713
984
604
623
535
591
837
583
1046
608
698
747
732
1011
585
635
618
655
1004
601
805
616
603
541
586
950
584
664
617
638
995
597
799
603
643
500
570
843
580
1035
578
613
658
716
1085
610
658
512
597
844
620
1034
567
638
719
688
1048
632
689
668
729
1032
623
843
602
651
558
587
933
615
620
638
667
782
574
1032
609
633
651
707
932
579
901
596
614
680
716
907
624
1002
613
662
735
628
827
604
658
574
613
839
602
966
612
626
643
680
973
596
612
534
598
789
580
1034
571
595
620
643
1003
594
642
509
574
903
598
993
565
618
677
628
819
579
617
555
571
819
598
1012
572
623
648
618
1053
579
610
636
634
886
591
830
637
668
536
583
816
629
1093
608
681
737
731
1115
612
659
504
553
823
618
1061
611
670
723
702
1069
616
637
676
739
1019
588
870
626
708
612
658
795
626
943
606
643
565
605
936
601
621
635
660
1017
620
823
569
634
564
630
983
610
634
659
687
908
628
1001
642
697
571
618
837
601
1042
601
614
690
596
816
589
633
564
597
808
587
858
642
679
635
693
1023
640
937
709
758
744
784
999
606
845
574
593
620
693
980
591
893
566
610
595
654
1018
586
842
545
604
550
612
1072
614
778
615
669
508
633
873
606
1081
611
628
671
719
787
578
850
611
670
565
598
850
585
999
616
669
745
761
882
586
816
582
627
553
567
748
568
1048
582
621
645
635
851
604
1024
604
674
697
724
1031
621
694
681
715
871
570
855
621
1026
629
673
698
704
896
584
977
607
630
674
693
1008
569
619
641
646
804
592
1007
610
651
532
558
809
582
884
612
631
556
627
832
608
870
619
648
554
606
843
595
842
592
643
541
600
791
564
867
667
703
580
612
851
629
856
625
660
561
597
820
592
831
600
665
552
590
795
607
846
582
632
529
570
828
5354
885
838
774
1573
1085
845
2791
2396
2736
2737
2761
2809
2981
2001
2035
1970
1939
1955
1983
1965
1865
1788
1690
1580
1484
1383
1285
1167
1082
982
880
801
718
660
565
850
2320
943
954
1331
2299
2123
2106
2090
683
875
766
750
767
699
727
734
722
725
748
751
706
748
728
772
749
711
1026
1048
859
861
912
832
877
1400
920
655
650
692
672
770
601
634
649
642
687
708
759
868
917
934
1029
1086
1159
1235
1287
1080
1117
1172
1221
1271
1308
1348
1429
727
741
790
857
919
965
1149
1213
1065
1075
1251
1248
1241
1214
1229
1267
1326
1377
1428
1438
1461
1471
1459
1445
1513
1593
1753
1771
1790
1822
1866
1902
1967
2046
2124
2178
2286
2358
2249
2284
2307
2347
2366
