20699
20907
21089
20866
20557
20254
19864
19572
19252
19080
19134
19204
19333
19459
19546
19632
19692
19859
20059
20188
20293
20437
20076
20207
20383
20554
20527
20541
20660
20752
20886
21084
21222
21422
21226
20954
20271
19845
18926
18743
18949
19062
19200
19343
19504
19573
19660
19787
19906
19989
20129
20240
20120
19931
20113
20190
20297
20358
20189
19755
19782
19806
19795
19935
19966
20045
20139
20215
20281
20362
20411
20498
20643
20827
20966
21156
20819
20880
20392
20429
20484
20468
20641
20422
20013
19554
19103
18724
18299
17914
17546
17183
16960
17079
17206
17340
17457
17576
17700
17796
17895
18034
18161
18182
18140
18172
18224
18200
18259
18307
18265
18319
18331
18372
18407
18521
18641
18849
19002
19146
19276
19157
19349
19497
19619
19744
19560
19541
19250
18980
18723
18479
18206
17832
17383
17412
17465
17518
17528
17728
17830
17778
17603
17645
17694
17694
17673
17517
17439
17388
17325
17129
16885
16725
16566
16525
16555
16527
16460
16434
16272
16109
16080
16157
16165
16109
15670
15232
14835
14405
13950
13543
12948
13014
13077
13282
13456
13505
13604
13662
13746
13863
13949
14079
14259
14423
14532
14686
14860
14988
15154
15271
15377
15557
15706
15817
15719
15879
16008
16184
16326
16374
16411
16302
16438
16537
16508
16614
16682
16751
16777
16768
16728
16612
16629
16509
16447
16506
16540
16565
16219
16308
16344
16442
16542
16145
16369
16248
16342
16407
16318
16041
15764
15508
15211
14904
14631
14278
14161
14215
14328
14464
14589
14678
14715
14795
14885
14995
15102
15202
15329
15376
15580
15717
15771
15705
15744
15745
15769
15809
15781
15841
15852
15864
15901
15917
15940
16031
16072
16217
16335
16474
16641
16392
16529
16620
16752
16497
16122
15784
15499
15141
14917
14690
14471
14621
14669
14816
14743
14584
14486
14429
14437
14428
14398
14320
14319
14331
14300
14189
14125
14102
13841
13580
13296
13270
13385
13376
13326
13372
13494
13613
13717
13771
13857
13971
14098
14208
14268
14253
14381
14433
14425
14552
14633
14762
14804
14628
14556
14462
14502
14520
14593
14637
14730
14764
14796
14840
14875
14935
14998
14941
14936
15019
15169
15300
15446
15517
15586
15752
15876
16045
16209
16353
16461
16529
16574
16560
16658
16705
16793
16852
16940
17094
17081
17149
17259
17305
17409
17537
17562
17710
17869
18074
18245
18419
18467
18583
18727
18401
18505
18472
18146
17800
17407
17063
16741
16472
16037
15930
16001
16085
16225
16299
16409
16559
16673
16821
16825
16924
17060
17139
17380
17412
17497
17614
17663
17777
17819
17972
17939
18019
18135
18101
18109
18040
18060
18077
18086
18132
18104
18090
18104
18135
18156
18069
18171
18085
18237
18201
18274
18362
18163
18261
18104
18218
18157
17842
17571
17288
16984
16666
16375
16052
16054
16216
16348
16489
16684
16812
16925
16813
16944
17116
17263
17373
17477
17651
17739
17909
18037
18197
18324
18458
18568
18630
18703
18762
18822
18837
18874
18929
18986
19089
19155
19142
19133
19126
19199
19252
19331
19062
19192
19315
19433
19594
19438
19620
19708
19790
19840
19464
19058
18706
18382
18004
17586
17237
16953
16632
16316
16250
16351
16475
16563
16663
16792
16932
17068
17071
17103
17196
17367
17574
17682
17726
17751
17824
17889
17989
18130
18204
18287
18426
18531
18674
18731
18845
18996
19141
19202
19350
19376
19478
19571
19660
19734
19754
19802
19763
19796
19830
19785
19846
19895
19922
19991
19942
20061
20261
20340
20455
20445
20539
20533
20630
20777
20689
20869
20513
20571
20756
20440
20098
19848
19584
19275
18955
18634
18309
18440
18517
18589
18677
18731
18823
18836
18905
19011
19163
19269
19411
19442
19474
19453
19503
19569
19658
19667
19819
19861
19924
20021
20053
20132
20229
20310
20380
20502
20548
20700
20794
20946
21110
21278
21396
21496
21598
21796
21880
22040
21609
21688
21788
21890
22020
21899
21560
21281
20921
20605
20287
19968
19685
19792
19893
19997
20144
20275
20400
20468
20564
20661
20688
20701
20737
20752
20739
20752
20723
20734
20681
20715
20770
20801
20838
20903
21019
21157
21334
21444
21470
21566
21654
21810
21955
21954
22027
21672
21812
21897
21333
21078
20777
20475
20067
19758
19487
19147
19236
19373
19546
19662
19816
19898
20058
20223
20315
20513
20643
20773
20926
21049
21210
21363
21495
21628
21681
21816
21926
22032
22033
22074
22184
22235
22317
22411
22452
22475
22606
22634
22729
22814
22960
23085
23231
22997
23184
23097
23234
23215
23339
23484
23371
23469
23086
23148
23351
23469
23221
22896
22616
22315
22113
21815
21362
20885
20882
20859
20882
20976
21115
21140
21265
21347
21421
21470
21520
21625
21708
21764
21891
22039
22167
22381
22480
22568
22659
22641
22730
22882
22834
22768
22757
22809
22841
22939
23049
23102
23221
23307
23412
23556
23738
23798
23628
23697
23771
23629
23747
23458
23624
23464
23545
23709
23259
22916
22531
22099
21627
21209
20658
20459
20463
20429
20467
20454
20453
20496
20468
20528
20497
20516
20579
20666
20800
20929
20950
21042
21134
21292
21392
21224
21330
21453
21586
21631
20887
20523
20163
19832
19493
19078
18767
18454
18591
18689
18759
18746
18784
18921
19004
19095
19172
19214
19326
19383
19443
19498
19539
19595
19672
19783
19840
20007
20166
20223
20306
20400
20479
20596
20641
20516
20567
20669
20784
20846
20900
20957
21071
21223
21354
21388
21506
21643
21732
21695
21634
21608
21621
21642
21681
21640
21637
21670
21634
21680
21651
21722
21798
21841
21889
21929
21977
21574
21619
21673
21752
21764
21858
22019
22095
22223
22369
21777
21490
21216
20890
20566
20261
20007
19607
19751
19852
19930
19946
19923
19933
19960
20031
20095
20148
20217
20395
20506
20617
20708
20746
20787
20862
20939
21053
21153
21075
21138
21136
21157
21100
20871
20834
20777
20787
20818
20827
20821
20821
20832
20947
21099
21210
21261
21407
21116
21266
21416
21498
21593
21330
21458
21508
21540
21059
20583
20154
19788
19447
19140
18768
18487
18193
18310
18346
18406
18524
18572
18608
18641
18749
18860
18931
19075
19191
19217
19303
19374
19433
19511
19621
19745
19858
19878
19940
19870
19887
19940
19909
19956
19972
20056
20123
20164
20273
20343
20392
20489
20552
20607
20711
20868
21031
21067
21134
21218
21272
21411
21180
21339
21489
21112
20810
