3848
3915
3938
3992
3435
3273
4896
1079
1075
1093
1147
1183
1239
5729
5762
5790
2159
2219
2215
2212
2252
2244
2331
4635
1717
4403
719
602
601
735
702
723
729
755
806
865
883
955
1050
1088
1144
651
667
643
660
672
684
707
727
749
792
809
883
945
974
1025
1076
1184
1241
1137
1203
1240
924
729
751
579
615
558
606
616
640
696
718
754
782
820
863
928
999
1069
1085
608
678
719
767
819
862
933
980
1024
1123
1204
1227
1110
1169
1203
1236
1288
1344
1400
1453
1554
1599
1643
1650
1647
1672
1726
1736
1737
1752
1782
1836
1883
1938
1988
2038
2091
2115
2179
2210
2260
2324
2409
2478
2567
2628
2652
2676
2700
2767
2802
2843
2912
2981
3025
3032
3043
3093
3140
3178
3195
3244
3298
3316
3364
3419
3476
3536
3588
3657
3731
3733
3760
3782
3813
3817
3873
3952
3979
4067
4099
4132
4158
4199
4236
4260
4301
4333
4387
4417
4451
4515
4538
4547
4594
4634
4678
4714
4750
4772
4820
4860
4909
4940
4972
5035
5126
5198
5259
5329
5405
5461
5507
5543
5576
5618
5688
5721
5775
5800
5821
5880
5920
5945
5959
6033
6064
6108
6148
6181
6192
6244
6310
6368
6390
6378
6411
6426
6473
6532
6584
6626
6606
6528
6565
6137
6120
6074
6071
6084
5696
5699
5624
5569
5581
5365
5330
4865
4856
4829
4859
4854
4515
4485
4406
4454
4499
4044
4046
4016
4067
4111
3673
3680
3356
3408
3176
3198
3232
2828
2884
2843
2878
2889
2338
2331
1964
1949
1926
1923
1950
1561
1556
1404
1433
1435
1171
1174
786
807
832
757
792
573
580
538
579
790
617
1055
604
619
659
642
905
598
589
601
660
839
573
993
602
638
668
660
940
628
686
562
618
828
559
957
613
614
704
597
846
606
627
544
568
942
603
667
671
711
1021
594
780
576
601
503
568
964
590
665
626
668
1054
594
776
595
616
538
605
833
591
878
619
647
535
619
807
612
954
594
618
679
616
824
576
538
545
576
913
576
943
546
559
554
579
884
568
574
537
575
776
600
850
572
652
534
588
816
636
980
588
601
612
605
886
587
602
613
651
923
573
793
622
641
555
600
796
606
826
601
618
571
620
817
594
871
584
613
559
590
859
584
938
602
614
602
681
769
576
964
593
618
657
688
1022
609
644
614
633
1002
620
803
624
689
688
751
957
613
1015
592
616
622
709
927
581
785
574
600
604
673
969
604
866
568
580
594
604
913
595
803
612
631
556
594
789
603
976
625
686
692
695
948
616
685
686
712
992
575
826
645
698
553
570
796
561
1023
572
597
607
564
821
579
638
505
598
812
582
1179
713
754
785
786
1020
596
592
501
553
1045
569
785
567
601
551
595
781
580
1018
569
571
588
623
918
609
608
639
662
1002
601
805
585
612
575
649
842
570
936
591
610
607
669
975
569
569
589
629
1151
586
655
590
595
566
624
808
569
980
603
641
642
694
926
596
927
597
635
669
713
1000
598
623
680
727
1077
601
826
613
655
556
628
842
600
875
608
633
577
622
934
580
608
615
637
1022
588
786
588
591
566
593
813
612
878
603
595
565
607
808
609
963
627
642
655
688
991
595
610
645
646
874
603
975
597
603
513
568
872
607
842
616
646
545
617
844
615
966
594
609
626
674
929
611
625
648
674
1005
600
835
576
576
631
634
979
601
929
603
588
579
585
922
603
596
618
577
835
613
612
575
590
875
596
613
592
594
907
598
624
612
645
896
605
943
596
608
654
588
777
627
642
730
806
876
579
581
593
594
884
614
901
574
618
635
584
797
609
579
530
632
1046
588
592
536
574
1006
581
641
676
737
1004
578
918
567
568
588
587
870
577
590
537
574
797
579
996
565
663
668
613
786
555
566
562
583
761
587
1000
586
579
629
577
781
581
626
520
622
927
575
606
602
630
946
621
831
602
626
572
576
763
612
975
636
654
656
666
930
599
626
609
639
906
575
787
608
663
554
603
808
627
968
633
647
717
776
1019
611
637
582
631
791
592
952
583
630
633
674
912
580
607
535
615
840
609
985
589
599
662
665
935
629
651
576
607
814
613
1013
619
646
671
632
827
620
635
559
608
819
597
995
632
648
644
649
871
601
635
570
621
803
612
968
598
619
611
623
804
598
603
503
591
884
591
961
601
605
626
664
915
632
711
585
641
919
626
995
647
640
682
704
951
603
626
667
670
949
628
777
593
610
567
605
939
575
592
641
680
977
618
829
4724
1333
1354
2134
1976
2739
2514
2381
2147
1021
1670
1651
1682
916
924
1915
974
917
902
590
788
729
740
744
718
739
757
780
722
734
735
731
794
814
736
775
750
1510
789
799
830
791
789
744
741
784
2617
894
697
857
883
941
2156
644
2050
692
1860
640
592
1991
605
2009
638
633
619
588
634
660
759
724
718
736
755
749
755
762
787
788
806
827
869
890
942
978
1032
1084
1183
1244
1135
1165
1158
1120
1117
1124
1165
1198
1222
1223
