5084
5163
5264
5353
5400
5452
4821
13767
2896
1062
2299
672
7644
3352
1893
2198
981
2712
2754
3612
3133
1861
2585
939
919
935
694
2247
800
2192
688
602
570
630
609
662
654
688
753
897
926
793
802
1025
1095
1145
1201
1235
1274
1336
1333
1344
1383
1453
1532
1639
1733
1805
1887
1916
1765
1879
1932
1933
2027
1481
1507
1558
1617
1712
1729
1751
1803
1853
1929
1955
1913
1949
1995
1987
2034
2061
2106
2178
2263
2300
2351
2421
2507
2611
2657
2585
2629
2684
2685
2717
2741
2772
2835
2816
2883
2956
3040
3070
3123
3164
3193
3226
3293
3356
3420
3484
3559
3621
3707
3783
3848
3895
3968
4016
4058
4114
4176
4225
4260
4289
4313
4329
4338
4388
4475
4531
4552
4649
4730
4793
4850
4899
4939
5000
5015
5069
5101
5155
5195
5235
5293
5305
5349
5420
5505
5546
5562
5591
5654
5679
5731
5801
5873
5932
5982
6027
6082
6123
6197
6237
6290
6343
6399
6476
6498
6570
6648
6698
6741
6778
6827
6858
6917
6952
6977
7027
7065
7103
7134
7187
7206
7255
7283
7308
7332
7362
7395
7392
7457
7529
7528
7574
7600
7645
7660
7678
7712
7769
7824
7882
7915
7921
7888
7912
7665
7720
7782
7526
7578
7001
6996
7011
7010
7028
6720
6700
6562
6622
6643
6408
6417
5977
6009
6007
6009
6032
5624
5642
5480
5496
5512
5184
5194
4764
4760
4791
4770
4799
4448
4446
4340
4368
4284
4127
4051
3227
2871
2532
2243
1926
1693
1427
1329
1390
1443
1506
1624
1721
1800
1871
1870
1871
1889
1957
1738
1844
1853
1535
1620
1161
1232
1309
1207
1285
839
877
708
798
889
576
1022
599
673
711
725
1060
629
685
553
630
849
615
1033
620
657
711
747
1034
603
624
685
723
998
642
841
607
639
535
606
971
578
650
596
645
979
625
844
592
657
535
619
812
648
1030
638
687
748
735
1003
635
711
665
742
1004
596
775
556
669
520
567
783
553
897
653
691
548
599
925
610
635
679
710
972
614
788
580
642
533
602
814
595
957
676
704
764
751
1027
600
648
676
714
943
607
956
584
605
677
702
997
590
614
547
596
823
627
955
605
670
773
614
833
617
645
565
609
948
593
626
659
691
957
624
933
591
612
702
584
831
586
606
572
606
921
597
615
605
672
951
609
871
619
643
666
681
974
594
605
636
669
931
612
916
581
607
659
609
851
590
615
542
611
968
607
644
696
746
1087
637
785
590
643
506
613
939
610
955
602
620
644
692
898
578
633
545
626
817
611
1008
599
668
784
599
852
594
652
516
619
831
628
1082
573
619
690
632
855
590
648
525
573
789
603
1090
625
657
689
728
960
602
661
664
715
1286
604
1134
587
594
605
616
996
576
640
557
562
810
596
965
615
684
702
669
1016
620
627
686
715
1015
604
1018
604
656
752
611
877
610
630
569
616
835
598
979
585
646
620
641
930
593
634
543
563
869
602
1032
569
607
661
720
1020
599
677
649
736
1082
609
810
594
640
556
598
815
616
1044
604
605
675
555
781
573
587
544
554
963
612
640
650
666
979
575
749
587
643
551
589
976
594
616
671
696
961
564
878
617
627
558
627
935
611
644
538
605
821
621
1058
582
626
698
586
908
606
666
694
659
1056
592
603
612
652
934
605
858
628
663
577
588
962
587
596
624
695
1102
627
920
596
670
723
676
1047
579
627
505
573
868
592
978
590
633
743
600
883
595
628
541
641
1080
623
644
669
704
1023
585
968
609
611
625
633
917
563
622
509
577
891
588
1001
573
619
689
628
837
587
661
573
611
775
596
1054
616
645
748
591
811
569
622
521
572
882
604
991
591
626
648
681
1048
587
630
660
721
930
615
1002
611
630
682
720
990
602
859
633
693
637
649
982
612
761
639
672
557
557
805
605
1040
631
669
697
724
1038
606
650
670
723
916
600
996
589
647
669
728
1018
572
866
575
599
608
619
964
617
824
613
691
613
695
1058
592
912
594
645
601
626
982
595
811
564
560
531
560
849
597
992
606
611
606
626
998
616
647
671
750
891
613
1032
578
595
615
658
796
612
1026
613
672
668
691
1053
602
815
624
642
594
761
611
617
773
600
652
610
648
986
602
814
572
640
530
591
996
572
784
579
628
556
587
831
590
1015
605
600
603
616
931
568
626
630
659
926
586
991
588
661
2166
1392
1302
1802
1354
1721
10163
646
6073
1815
1086
702
692
667
628
612
613
678
756
761
788
917
1015
1019
961
1030
1105
1141
1192
1218
1249
1303
1346
1404
743
753
775
820
830
866
945
997
989
1023
1020
1063
1115
1179
1210
1255
1276
1333
1488
1594
1665
1633
1632
1652
1685
1711
1734
1777
1851
1883
1902
1925
1961
1960
2004
2040
2065
2120
2168
2205
2265
2313
2318
2353
2401
2453
2514
2566
2641
2707
2797
2868
2944
2980
3011
3065
3098
3150
3220
3314
3375
3415
3479
3540
3612
3664
3723
3795
3846
3892
3943
3990
4037
4100
4141
4224
4278
4360
4401
4459
4489
4547
4584
4644
4740
4824
4942
5020
5031
5046
5074
5108
5187
5294
5365
5433
5460
5448
5435
5428
5435
5490
5558
5592
5544
5504
