4668
4575
4095
2953
1979
1553
1504
866
909
1156
1400
1468
1619
1714
1811
1800
1659
2424
3038
3873
4622
5387
5856
5849
5840
5952
5973
5975
5904
5767
5724
5676
5381
5187
5037
4678
3994
3688
3590
3445
3221
3067
2455
2321
1924
1817
1625
1116
1616
935
912
962
1025
1419
917
975
1744
2563
3196
3248
3922
4003
4632
5395
5493
5430
4717
4587
4396
4206
3961
2831
2611
2130
1961
1524
1334
1254
886
1548
903
894
898
922
1574
946
935
944
872
1548
906
1372
905
884
870
928
1588
957
1322
887
872
901
940
1336
1579
2207
2163
2655
3254
3990
4720
5028
5458
5512
5747
6265
6815
7354
7931
8107
7908
7757
7617
7264
7116
6439
6326
6154
5956
5785
5337
5245
4055
3797
3631
3435
3075
2871
2676
2484
2272
2056
1442
1254
916
896
923
938
1340
902
1461
912
928
941
882
1325
915
891
928
886
1405
914
1390
939
926
903
895
1397
925
894
941
883
1437
899
1191
917
956
907
899
1547
920
1346
916
914
932
898
1278
940
1553
886
902
909
1068
1444
1410
1484
1431
1393
1468
1618
2073
2350
3755
5119
5393
5615
5836
5950
6111
5874
4797
4779
4849
4959
5125
5177
5256
5375
5396
5389
5443
5541
5624
5714
5790
5693
5746
5938
6266
6477
6576
6638
6335
6432
5893
5514
5347
4766
4017
2828
2864
1467
1531
1476
1425
1502
1516
1573
1706
1965
2422
2831
3366
4004
4149
4272
4389
4484
4604
4741
4863
4973
5075
5158
5242
5296
5409
5481
5667
5798
5937
6127
6298
6430
6523
6634
6664
6681
6758
6800
6840
6914
5622
5572
2118
1625
1441
1478
1550
1675
1190
862
1119
1323
1224
1169
1109
1080
1159
1253
1189
1198
1288
1306
1372
1449
1524
1627
1676
1724
1090
1212
1122
1043
964
1422
1610
1511
1505
1509
942
997
1263
1499
1609
1647
1743
1847
1976
2086
2154
2238
2271
2333
2438
2517
2018
1935
1557
1616
1364
1347
1255
915
1408
1461
1401
1454
1483
1422
924
1085
1354
1535
1628
1729
1830
1877
1964
2005
2106
2207
2302
2407
2518
2567
2616
2692
2841
2111
2063
1994
1946
1884
1533
1489
1689
1557
1542
1410
1423
819
930
2074
765
4532
964
1710
2030
2278
2495
2720
2946
3658
4642
5772
6035
6162
6258
6422
6565
6728
6854
6930
7039
7140
6503
6511
6457
6406
6433
6099
6164
6413
7221
8060
8529
9387
10280
10450
10344
9602
9052
8326
7638
6973
6636
6743
6871
6962
7068
7159
7301
7351
7543
7634
8212
9187
10131
11025
11931
12913
13806
14793
15021
14421
14492
14564
14566
14580
14048
13555
12872
12204
11570
10872
10173
9534
9591
9667
9735
9819
9823
9875
9930
10013
10099
10152
10196
10277
10393
10610
10797
10904
10986
11075
11163
11269
11372
11429
11498
11194
11098
11024
10834
10754
10132
10002
9794
9799
9854
9160
9076
8994
8848
8093
7429
6803
6029
5343
4703
4503
4632
4720
4759
4862
4982
5021
5111
5239
5312
5434
5531
5591
5641
5825
5998
6163
6306
6397
6342
6413
5484
5359
5242
4930
4198
3315
2339
1597
1414
739
669
864
1109
1275
2075
798
940
935
1002
1059
1046
1128
1479
1539
1512
1478
1509
931
1152
2203
3202
4217
5312
6437
7480
8524
8900
9031
9174
9291
9417
9535
9551
9576
9653
9716
9317
9307
9218
9196
9241
8683
8623
8129
8024
7240
6429
5747
5071
4309
4161
4264
4352
4444
4511
4624
4782
4936
5049
5173
5267
5338
5462
5562
5622
5718
5812
5570
5624
5495
5395
5315
4754
4683
3555
2791
2090
1416
1411
1410
1486
1362
1441
1476
1415
929
968
1305
1507
1596
1694
1802
1913
2000
2068
2111
2185
2260
2340
2422
2507
2561
2601
2673
2749
2798
2840
2938
2973
3062
3213
3320
3389
3435
3482
3548
3605
3682
3801
3902
3976
4091
2237
1971
1440
1421
1491
1414
1500
1327
926
1175
1425
1574
1672
2333
3395
4444
5479
6520
6616
6742
6844
6929
7077
7172
7277
7382
7480
7538
7654
7715
7796
8699
9620
9130
8982
8862
8496
8531
8434
8400
8316
7785
7804
7362
6778
6111
5388
4718
4026
3456
2831
2326
1799
1273
1306
1225
1236
1130
1021
1056
1093
956
986
1037
908
934
986
892
883
1299
1297
1299
1319
1314
1433
1392
956
985
1000
912
964
901
910
958
1011
1276
1390
1291
1321
1340
1318
1245
893
976
965
932
1013
1052
1267
2096
2938
3690
4439
4716
4211
3652
3137
2485
1911
1343
978
877
949
1032
976
1580
2512
2451
2339
2180
1671
1293
1321
1272
1283
1427
1156
962
1071
1044
875
890
854
1021
937
1213
1295
1326
1313
1292
1473
1307
1358
1313
1383
1285
1358
972
1037
1094
922
899
882
864
909
982
1082
953
1258
1271
1289
1364
1370
1288
942
1008
1097
1102
1067
947
861
873
911
977
1016
1329
1346
1310
1383
1384
1320
936
994
1107
1130
1066
1699
2576
3421
4140
4646
4836
4906
4505
4034
3585
2991
2246
1630
1243
881
850
931
964
1035
973
858
895
878
966
1067
1048
1200
1565
1313
1280
1266
1426
1279
1103
963
943
881
885
872
938
981
1006
885
902
1648
1523
1591
1363
1377
1402
1357
1307
2169
3245
4372
5434
6526
7546
7715
7862
7973
8100
8193
8191
8246
8321
8403
8510
8591
8689
8813
8914
9003
9109
9232
9284
9373
9463
9556
9646
9709
9764
9795
9862
9957
10025
10097
10155
10244
10307
10365
10406
10510
10611
10667
10698
10740
10808
10886
10936
11038
11113
11161
11252
11313
11391
11456
11538
11587
11681
11769
11873
11998
12098
12178
12247
12351
12441
12534
12613
12740
12811
12858
12923
12996
13062
13152
13214
13295
13399
13465
13556
13641
13706
13784
13863
13934
14012
14142
14200
14275
14329
14396
14483
14536
14547
14654
14697
14799
14932
15046
15120
15224
15324
15409
15492
15593
15690
15790
15869
