2637
1744
1710
2813
1476
4920
2076
765
718
721
708
729
502
991
3220
1151
526
530
716
725
920
890
871
1879
1165
862
735
989
784
1227
1118
862
759
762
1675
6365
3526
3726
737
1965
577
585
606
630
625
643
564
609
608
659
1174
1410
672
702
744
788
810
766
989
998
959
1011
1087
1186
1210
1269
1302
1393
1433
1518
1571
1599
1642
1712
1072
1170
1223
1260
1274
1324
1320
1303
1325
1345
1404
1457
1472
1502
1700
1690
1691
1682
1788
1866
1923
1918
1972
2002
2026
2020
2001
2031
2071
2150
2231
1807
1801
1862
1948
1911
1895
1899
1862
1848
1881
1893
1941
1956
2119
2114
2251
2277
2275
2293
2255
2248
2261
2273
2303
2298
2346
2383
2395
2425
2434
2516
2598
2661
2702
2792
2730
2742
2761
2791
2848
2914
2949
2976
2966
2940
2983
3018
3013
3013
3082
3122
3157
3187
3208
3226
3239
3252
3306
3340
3355
3361
3367
3390
3459
3513
3542
3590
3568
3591
3619
3658
3683
3709
3456
3373
3366
3353
3328
3315
3299
3303
3302
3362
3420
3475
3502
3514
3519
3556
3572
3567
3616
3672
3693
3738
3790
3843
3858
3903
3897
3873
3892
3962
4018
4065
4116
4164
4231
4252
4301
4299
4339
4389
4439
4494
4535
4572
4667
4709
4735
4763
4835
4821
4846
4833
4861
4896
4950
4974
4991
5018
5028
4984
5025
5045
5129
5220
5224
4802
4798
4629
4716
4757
4458
4489
4093
4128
3959
4038
4061
3783
3786
3295
3320
3347
3334
3395
2837
2888
2717
2771
2784
2518
2555
2179
2169
2017
2064
2127
1710
1695
1605
1621
1631
1211
1237
955
964
791
836
851
609
881
597
639
523
583
841
581
953
578
583
583
574
934
577
601
627
676
942
615
808
594
632
559
546
944
593
858
596
625
559
610
801
614
980
617
647
672
704
1005
581
608
640
688
985
637
824
611
647
496
563
804
599
928
564
588
540
590
779
597
1008
592
604
619
614
915
581
648
677
751
1056
583
817
599
637
543
610
806
615
1005
586
591
672
597
793
603
684
599
650
1004
581
807
578
609
566
622
804
610
1042
589
596
593
602
877
613
618
682
736
895
630
1052
600
626
539
591
813
607
1116
767
792
591
650
841
609
1018
601
628
666
687
964
602
603
624
682
977
595
870
589
576
601
620
988
573
769
587
631
556
603
821
623
1174
605
608
571
569
783
609
833
591
596
573
638
863
605
967
584
586
599
629
924
590
576
617
664
972
594
806
632
657
682
711
983
608
840
577
595
568
609
911
570
633
554
544
935
602
630
648
704
1059
618
937
623
650
643
565
774
595
631
523
571
929
628
656
530
570
999
573
594
511
590
986
591
629
539
588
927
581
580
619
646
1156
614
633
668
700
955
591
932
606
635
717
608
859
584
611
668
600
895
599
662
511
576
1035
593
623
560
555
803
601
998
556
605
679
550
801
581
630
528
570
928
584
638
614
666
1328
900
928
745
789
600
680
828
606
1034
611
611
661
682
939
612
656
570
637
871
600
1019
599
659
729
601
932
606
624
669
691
945
582
599
511
608
902
599
963
579
599
698
592
836
595
663
585
605
799
603
1005
575
591
714
553
831
590
610
529
587
893
562
570
597
643
973
591
974
595
607
628
669
910
585
638
549
575
790
563
922
561
556
639
562
813
574
608
523
611
836
596
987
603
636
658
657
973
598
640
577
592
815
599
937
583
609
708
589
795
615
635
558
622
823
603
1016
585
594
690
627
759
561
593
553
580
883
612
624
637
669
971
629
845
591
604
557
604
805
597
940
570
595
600
609
888
605
671
708
753
1003
601
772
620
608
553
587
906
591
622
653
681
946
612
942
609
653
679
690
982
606
687
718
780
1045
618
945
594
592
620
627
883
566
578
556
645
813
607
975
596
652
750
702
942
605
630
677
723
1006
623
799
597
618
542
582
955
614
633
668
713
835
642
991
600
672
527
556
783
601
982
619
633
678
703
946
600
660
687
732
1020
600
927
615
602
606
647
740
580
1020
611
652
671
610
886
592
626
554
585
794
558
958
569
560
580
598
901
607
609
572
588
935
584
602
649
646
960
563
915
582
629
688
741
953
577
586
618
643
946
606
781
603
650
527
570
953
547
563
623
693
986
614
833
610
651
522
604
1011
584
919
600
635
679
740
989
5561
5636
5552
5619
5621
5364
5443
1165
1351
2444
2018
2011
1989
875
1596
1995
2028
1832
856
884
919
907
805
868
861
882
881
881
937
908
894
901
886
885
850
870
711
908
732
752
746
772
740
776
768
1056
757
761
739
752
725
763
610
925
2114
664
612
628
636
682
732
770
812
544
583
626
687
734
791
797
867
585
636
634
700
713
765
777
798
778
819
898
988
1047
1100
1134
1171
1068
1095
1193
1269
1303
1260
1337
1361
1439
1475
1589
1623
1695
1635
1650
1700
1724
1755
1785
1859
1922
1980
2016
2077
2109
2176
2207
2343
2397
2451
2529
2606
2656
2697
2746
2811
2835
2844
2883
2903
2954
3031
3116
3207
3245
3343
3344
3408
3410
3430
