8012
1710
1001
1613
2562
3199
4092
4701
5377
5401
5389
5420
5428
5439
5442
5464
5458
5462
819
1654
2479
3096
3744
4662
5287
6208
6802
7610
7873
8471
8754
9083
9112
9131
9969
10016
10139
10619
11525
12247
12663
13788
14771
15457
16230
16492
16822
16760
14676
14424
14401
14424
14465
14467
14441
14406
14877
15439
15866
16452
17475
18074
18718
19372
19707
20025
20332
20309
20326
20561
21428
22002
22863
18375
18122
18127
18125
17991
18365
18396
18808
18805
18817
18785
18998
18949
19221
19486
19539
19470
19780
19349
19561
18732
18676
19178
19849
20808
20919
20967
21427
21503
19093
18025
15935
15551
15188
15027
14436
13373
13118
11611
11362
11347
12553
12619
12688
11793
11664
11620
11633
11775
11753
11933
11928
11906
11952
11962
11958
12024
12063
12106
12080
12123
12069
11891
11898
11945
11977
11995
12021
12027
12069
12095
12180
11407
11418
11445
11434
11427
11472
11538
11535
11546
11614
11646
11643
11645
11660
11682
11697
11736
11730
11752
11774
11846
11861
11861
11841
11837
11890
11962
11997
12049
12093
11502
11525
11499
11498
11485
11489
11450
11445
11440
11430
11427
11394
11378
11431
11541
11600
11642
11686
11579
11597
11622
11695
11761
11755
11827
11834
11849
11913
11954
12034
12090
12159
12234
12320
12397
12460
12515
12596
12586
12613
12654
12736
12813
12890
12952
13005
13074
13154
13148
13199
13223
13273
13326
13385
13412
13482
13500
13538
13550
13593
13667
13716
13743
13777
13849
13876
13907
13980
13973
13997
13995
14037
14100
14108
14138
14143
14169
14222
14273
14266
14319
14338
14317
14334
14326
14372
14395
14381
14386
13957
14003
13676
13684
13490
13568
13619
13263
13257
12842
12860
12898
12857
12870
12364
12379
12330
12418
12447
12106
12159
11647
11846
11803
11892
11935
11605
11637
11178
11150
11325
11313
11357
10901
10936
10691
10733
10607
10808
10807
10313
10318
10059
10099
10036
10029
10094
9611
9610
9328
9315
9109
9126
9123
8843
8864
8558
8578
8380
8362
8358
8050
8009
7634
7674
7691
7689
7681
7205
7201
7181
7164
7220
6905
6861
6463
6453
6377
6376
6348
5906
5915
5682
5662
5485
5495
5514
5265
5288
4748
4763
4767
4798
4826
4466
4456
3991
3999
4020
3989
3978
3749
3762
3424
3446
3493
3422
3435
2871
2899
2917
2927
2973
2142
2154
2160
2179
2080
2121
2153
1909
1943
1565
1592
1314
1385
1482
1190
1232
725
728
740
732
844
598
968
606
635
693
781
1066
612
635
692
693
881
621
1001
638
677
740
789
917
596
1077
629
658
669
695
982
604
805
621
653
524
592
837
609
849
611
651
572
625
812
609
839
582
589
542
568
820
582
800
601
648
553
592
756
589
1079
617
588
623
650
797
744
1146
1215
1322
1375
723
708
769
797
871
964
1059
1093
1155
627
724
1108
930
536
590
651
732
812
139353
658
741
611
606
600
607
941
604
613
543
578
843
609
1029
579
570
713
580
977
593
640
654
679
964
588
658
584
635
838
602
1005
623
659
748
591
862
621
664
562
618
819
580
955
586
627
649
570
776
585
632
546
621
826
630
1016
589
589
643
571
824
591
590
515
554
882
618
979
612
656
687
678
990
627
655
704
754
999
623
858
621
666
524
584
828
614
987
611
635
675
612
804
600
617
541
594
996
590
628
670
669
981
581
951
619
628
630
645
923
612
631
635
648
960
555
940
597
585
620
547
817
605
635
559
592
908
630
651
687
741
1026
587
749
599
677
584
609
835
587
934
602
603
673
735
1039
588
627
523
583
852
569
942
590
594
5122
1373
943
1034
1207
799
839
1081
770
16412
746
573
1146
1177
2109
697
638
2363
644
1911
606
591
585
562
1929
655
649
644
657
668
2155
2202
2321
2388
2453
2491
2532
2345
2375
2416
2458
2507
2572
2622
2646
2699
2706
736
655
712
625
601
617
633
686
699
693
738
1034
1040
1037
1125
1222
1251
1056
1104
1141
1160
1247
1246
1298
1343
1395
1433
1481
1520
1599
1687
1735
1753
1829
1845
1889
1950
2001
2082
2117
2193
2228
2312
2350
2426
2478
2530
2605
2644
2603
2642
2674
2714
2786
2863
2910
2983
3033
3080
3141
3166
3239
3271
3314
3360
3444
3553
3593
3647
3658
3706
3756
3824
3875
3894
3892
3937
3971
3994
4057
4093
4139
4174
4194
4208
4241
4261
4285
4315
4327
4337
4359
4388
4355
4360
4392
4404
4425
4212
4235
4009
4021
4008
3713
3688
3612
3776
3784
3291
3281
2954
3101
2977
3021
3058
2772
2777
2636
2626
2771
2482
2536
1936
1940
1941
1884
1920
1531
1566
1544
1458
1512
1055
1079
1087
1064
1067
617
968
639
678
683
727
984
603
637
559
596
804
622
1019
591
619
638
664
1049
633
680
540
598
983
588
633
611
599
998
594
1018
576
589
606
571
935
574
621
534
582
816
614
1027
564
582
647
586
860
612
625
556
594
932
594
634
544
607
810
608
1025
607
636
700
586
840
590
608
558
587
955
592
588
596
624
896
563
959
580
611
768
599
838
598
617
547
599
944
594
613
623
651
1023
622
942
590
607
2261
584
582
576
608
624
672
671
717
741
780
835
855
876
1101
598
619
569
616
814
579
1102
606
613
646
650
948
613
644
551
602
892
604
1003
593
611
707
584
826
610
662
557
599
961
598
634
566
615
860
605
1038
591
644
671
610
981
602
650
501
573
850
593
1026
577
659
816
585
781
536
609
508
592
991
606
958
587
616
695
568
851
545
597
545
594
