2581
1070
1800
1201
1063
1225
870
1989
2343
1131
820
1456
1008
845
890
849
784
807
789
789
1177
835
1873
1523
852
1022
1063
710
2102
707
662
696
649
636
727
1094
1196
1037
851
640
654
736
1265
1206
783
670
636
743
1096
1323
788
652
658
632
706
1198
1248
1314
605
645
626
1075
2079
621
715
967
1491
1061
895
880
868
673
1198
1230
853
896
892
952
616
629
638
801
1062
1094
848
949
899
918
661
1103
838
637
992
646
922
878
1001
1706
885
1166
1079
916
1644
1929
860
914
817
825
1490
752
593
622
691
707
883
1159
710
601
1104
687
650
965
1339
1164
855
1104
749
795
1285
808
735
971
1761
1124
1213
760
621
1059
686
692
603
722
809
604
738
641
993
657
799
854
722
1035
1154
811
658
617
945
1194
1711
799
979
773
777
931
1616
913
681
634
1219
1333
1021
785
1110
660
636
1365
1261
921
1218
918
885
2867
758
644
627
653
1472
997
865
1010
1325
786
779
785
754
730
1329
849
920
806
1855
1862
720
685
726
1166
891
824
794
698
676
638
912
1330
645
627
1083
952
949
1205
763
671
631
643
1357
1233
791
929
865
1237
746
1164
844
863
1072
650
1271
1654
672
753
672
613
780
1788
667
667
667
687
866
923
1321
695
710
622
817
871
640
757
676
1335
891
759
629
647
652
956
625
1297
844
599
793
1122
652
655
634
1094
739
757
671
1170
974
1026
754
660
989
1226
854
619
700
888
1310
1058
927
857
616
1103
864
1206
680
631
1037
801
1703
1522
653
727
621
617
905
1275
1024
740
667
609
1841
656
638
660
659
619
1155
942
844
593
673
619
862
1214
828
710
662
631
1446
845
912
800
830
618
1389
1121
983
824
928
987
972
1351
904
1179
1149
882
706
939
739
951
634
972
1005
858
817
1009
778
961
1902
849
857
936
1067
746
902
804
1024
900
870
903
867
962
1072
954
862
1128
1204
1053
1334
864
627
630
694
1203
1008
986
767
667
899
651
636
699
624
1394
1388
1094
796
769
729
622
700
818
745
886
684
667
722
1011
1368
761
820
754
626
643
967
768
764
636
623
605
652
1360
634
713
622
732
648
604
773
661
602
662
663
612
822
1081
629
826
775
1272
926
966
723
755
669
677
690
700
1280
838
769
628
655
1051
1346
652
617
633
696
621
628
1232
594
641
685
627
881
765
602
638
638
1095
920
1546
730
750
870
645
634
867
1168
703
753
806
709
1018
1228
968
711
936
1025
862
754
786
967
1474
1126
724
711
997
2053
655
655
931
939
850
771
634
715
668
690
1186
1056
1021
1208
819
1006
1121
979
1486
850
890
1042
871
1150
1193
745
700
621
593
595
878
1602
960
706
723
1317
1386
869
824
658
731
1228
1341
941
1198
812
1204
1368
942
986
793
1040
1035
1305
872
621
1023
665
927
669
859
817
1025
2605
859
751
677
977
2841
1304
878
639
688
885
700
643
1166
1254
898
1141
1674
1435
724
602
625
635
1853
982
915
826
774
679
813
693
711
734
1191
861
655
720
707
666
894
892
989
843
913
764
758
1106
1314
872
682
650
1204
1210
933
610
630
656
1269
1294
835
651
620
766
1440
1073
832
634
656
715
1219
841
649
611
614
1169
1273
814
636
657
644
1436
965
861
619
587
639
1300
1111
621
644
574
891
806
641
682
647
601
620
1307
601
629
621
580
668
1347
618
617
592
711
1374
1082
581
803
605
694
1182
602
593
574
572
936
784
563
584
595
603
1176
921
646
720
997
1111
2894
1085
889
1034
1985
1106
1301
873
899
1141
1533
1338
1139
1144
828
837
675
607
973
626
695
651
620
639
849
617
638
725
767
1283
1245
837
628
647
638
1997
1243
645
663
620
635
872
1066
717
642
596
621
936
1295
648
606
668
751
837
753
623
791
662
601
1795
812
622
711
634
927
909
837
605
676
670
1185
784
586
653
607
823
1189
622
1491
915
1255
1225
820
768
810
620
726
720
1108
825
827
578
635
1542
952
832
1035
854
657
813
822
640
866
590
962
642
839
751
626
698
1245
732
633
808
694
698
879
1531
882
1389
1019
964
1062
731
880
1115
913
615
979
597
610
654
935
700
879
897
861
674
1252
856
736
834
891
1140
826
755
1101
1757
958
788
648
738
835
1158
840
618
624
646
779
1402
1015
849
666
824
702
990
632
929
895
655
1156
955
1094
1863
859
762
944
891
1098
906
801
663
907
724
956
1358
1174
1526
916
724
1090
663
977
765
994
747
878
816
1030
1023
954
920
933
886
890
898
986
998
1102
712
627
818
708
1154
1216
1501
673
643
615
671
896
1605
827
658
634
689
767
1357
612
627
671
616
867
665
1745
854
815
664
670
633
1952
856
642
634
612
610
1247
1124
844
621
624
735
809
907
1299
737
795
814
684
672
1153
636
626
616
830
614
696
1176
650
647
603
871
710
2072
759
659
611
704
907
631
831
626
611
687
665
643
775
1173
672
718
619
686
945
1822
923
910
604
583
659
660
