2545
2765
694
3458
3721
3739
3634
3652
3690
3671
3475
2835
2842
911
2549
1591
2266
3626
728
606
615
636
672
698
684
1424
616
667
688
689
806
796
789
798
860
876
879
958
1012
1063
1053
1077
1119
1216
570
631
633
722
758
614
935
663
856
640
680
622
691
735
800
891
939
1010
994
994
1047
1096
1174
1180
1223
1228
1236
703
707
764
817
897
923
985
1023
1088
1038
1075
1091
1076
1117
1160
1191
1099
1092
1110
1143
1178
1194
1232
1295
1353
1363
1382
1435
1455
1498
1529
1607
1653
1732
1749
1769
1784
1802
1840
1911
1932
1978
2021
2013
2058
2094
2147
2221
2273
2302
2293
2298
2311
2378
2429
2483
2528
2572
2585
2488
2512
2576
2622
2680
2746
2784
2829
2903
2966
2986
3062
3136
3194
3209
3222
3291
3338
3427
3483
3539
3566
3611
3653
3702
3775
3830
3862
3920
3962
4025
4066
4146
4185
4193
4225
4272
4334
4388
4440
4462
4477
4496
4486
4512
4455
4480
4504
4558
4564
4572
4595
4676
4718
4758
4770
4825
4858
4901
4915
4931
4971
5019
5062
5098
5131
5207
5234
5253
5326
5402
5445
5463
5499
5524
5553
5609
5692
5764
5820
5824
5828
5831
5842
5883
5951
5960
6015
6063
6081
6142
6203
6283
6311
6387
6095
6134
5852
5911
5921
5709
5746
5255
5243
5227
5203
5171
4796
4819
4849
4869
4855
4584
4608
4170
4236
4111
4067
4097
3844
3913
3638
3633
3424
3476
3516
3243
3278
2833
2891
2921
2934
2980
2505
2519
2476
2488
2521
2092
2115
1851
1916
1755
1837
1843
1408
1481
1192
1210
1057
1050
1089
871
1191
612
626
554
572
757
625
901
594
625
592
622
774
593
934
590
591
629
681
1015
571
594
658
711
955
601
798
615
621
633
647
915
607
793
588
640
546
642
997
655
689
562
599
889
566
643
660
736
1076
602
936
622
665
666
568
749
571
622
509
568
991
632
667
546
620
1097
577
581
581
595
926
621
644
559
566
897
595
607
650
676
1096
615
612
646
703
945
596
920
598
624
671
586
920
606
647
672
591
873
617
661
572
626
924
615
635
492
552
820
585
960
585
603
682
575
776
571
608
539
567
934
572
573
605
666
939
566
790
586
641
537
596
790
594
946
567
1053
634
641
668
692
721
780
880
927
627
996
599
641
706
579
1022
571
593
618
642
938
568
572
591
600
829
603
1013
592
628
644
528
783
592
644
507
604
851
604
986
595
652
769
560
804
590
634
554
597
889
538
565
606
670
931
587
955
576
609
655
698
957
583
636
549
589
826
612
967
581
564
616
580
828
556
579
551
553
752
600
962
567
568
575
632
905
603
621
539
570
807
580
962
554
562
643
556
745
622
638
529
580
792
575
1014
589
606
691
619
759
590
647
519
572
908
568
632
655
724
984
594
856
589
607
547
593
792
618
980
588
631
693
729
957
636
668
700
800
1108
601
762
591
651
536
610
935
593
621
671
725
971
595
969
591
637
679
674
982
594
666
704
745
978
586
983
607
582
640
685
949
557
569
548
608
799
613
1085
611
643
701
752
982
623
686
706
798
1061
601
802
610
657
543
563
927
603
670
668
706
842
601
976
588
668
600
640
822
591
985
587
653
738
789
986
584
629
676
762
1032
603
903
602
609
661
703
846
568
991
625
677
678
596
810
609
607
537
610
835
567
927
569
585
618
780
729
615
630
535
559
988
626
623
624
622
857
609
951
622
612
624
648
871
592
621
658
694
986
604
807
604
644
543
593
891
575
665
638
708
1045
637
842
619
641
544
604
814
617
970
626
643
685
731
949
611
656
541
599
829
600
939
569
648
673
741
992
600
629
563
581
774
597
988
604
673
741
738
990
597
623
679
728
1045
602
769
598
652
511
585
961
578
612
607
613
957
586
754
596
622
543
586
833
604
1026
570
601
656
717
993
580
620
573
612
803
616
969
609
593
616
654
921
628
650
690
719
961
589
842
580
599
501
602
942
641
648
689
736
860
619
1028
615
673
701
781
958
592
1008
614
673
750
783
911
628
1021
606
624
644
570
780
577
642
564
621
816
620
1006
642
662
675
701
986
619
669
538
582
815
578
948
616
645
673
672
927
602
649
599
625
850
611
969
584
622
691
575
762
581
618
567
607
818
631
1011
608
633
663
690
908
599
690
710
759
1035
594
803
608
644
529
578
833
611
1001
594
614
615
647
856
619
646
547
575
809
606
961
597
1322
1338
1319
985
939
1007
991
939
916
956
935
851
914
949
913
867
940
985
980
1016
5686
844
861
638
639
622
624
626
678
731
756
816
587
666
715
806
803
894
742
786
848
880
989
1069
1067
1097
1108
1190
1228
1274
1274
1279
1294
1237
1287
1369
1443
1510
1560
1594
1607
1665
1750
1837
1905
1971
2040
2104
2178
2264
2344
2255
2337
2397
2436
2477
2540
2610
2683
2738
2800
2865
2946
2999
3051
3104
3127
3191
3282
3318
3374
3461
3542
3571
3663
3732
3801
3861
3816
3874
3926
3947
3974
4047
4098
4139
4188
4225
4325
4352
