2759
1187
999
787
1088
1524
1175
1179
917
848
1125
1469
997
686
664
1898
2202
751
672
648
615
882
1266
874
1007
768
931
1162
927
981
1109
857
925
2367
1028
720
622
639
1443
964
878
613
947
1015
1261
1545
1128
955
729
727
669
1193
884
689
694
789
2450
626
622
889
782
957
942
1025
888
726
654
819
2321
719
826
739
719
884
938
929
841
952
927
893
883
1166
862
937
1202
1095
1354
876
2001
922
927
1133
1095
895
2394
1635
1199
818
772
965
944
1019
1044
884
954
926
1479
842
899
837
953
1102
1040
831
832
785
782
842
979
811
779
636
875
615
828
781
764
764
767
771
784
1138
1707
811
871
693
637
766
1176
1753
852
745
693
824
1376
1410
916
1124
978
845
770
1846
1797
873
781
714
675
1383
2085
1373
792
988
1023
914
900
953
854
931
866
843
919
896
873
889
862
922
998
989
874
934
968
987
1027
911
928
982
897
870
949
979
884
714
660
694
704
988
897
683
1507
916
779
977
829
896
947
1105
924
1009
766
737
751
690
718
833
1021
902
938
965
975
1013
875
678
654
1503
1862
718
712
949
835
858
816
847
814
829
875
805
1118
947
661
675
698
655
682
726
755
645
827
1409
847
810
661
753
1540
1034
1047
733
766
1270
1484
796
768
700
1162
1368
685
702
730
825
1367
828
688
811
845
1102
965
1682
847
812
767
838
836
875
813
822
806
846
829
811
827
841
824
786
790
778
911
840
804
829
770
820
799
694
792
813
839
684
853
833
825
852
823
826
822
948
890
910
935
697
684
662
2219
1042
863
850
839
721
1180
779
648
653
623
635
743
887
646
675
767
707
691
1566
620
745
676
820
820
1557
770
658
632
1031
1234
1477
793
652
658
753
1209
1481
662
1148
948
832
1334
1295
689
657
692
712
2530
1001
854
997
898
821
855
1200
694
696
894
815
1602
1285
847
838
986
965
1162
1468
976
711
746
736
780
1816
708
682
709
735
779
1414
772
697
797
658
979
1267
939
898
748
653
1593
1394
749
903
870
736
676
925
741
794
696
751
932
1014
806
816
939
669
635
1460
837
824
852
818
726
814
1017
678
619
658
1523
787
694
756
697
1698
2023
914
972
926
1139
1061
1745
1142
1160
1006
986
1655
1207
914
1028
949
929
1482
1151
705
922
901
888
844
1777
877
836
848
814
1248
1441
790
859
709
1328
3050
2096
1710
1374
1631
1461
2213
1590
3507
2248
1534
2024
2072
1500
1566
1889
3157
1948
2149
1660
1570
1302
1616
1676
3788
2123
1796
1576
1343
1500
1404
2307
1485
1804
2240
1769
3302
1550
1435
1846
1976
1701
3175
1201
1428
1244
1581
2380
2185
1923
1580
1878
1484
2003
1492
1463
1091
932
1017
2515
3564
885
1957
959
1060
1120
1117
1092
1064
1232
1347
2070
2130
1175
1240
1328
1675
1544
1809
1437
1243
1120
1981
1878
3265
2944
1779
1168
1666
1467
2590
2149
1470
1420
1044
1337
1407
2224
1111
1165
1179
1209
1095
1408
1175
1288
1188
980
979
1509
1169
1114
1129
1047
1136
1113
1096
1459
1131
1170
1189
1173
2191
1360
1474
1240
1552
1394
1246
2084
2653
2370
4987
1407
1473
1761
2040
1639
1364
1202
1184
1082
1493
1141
1351
2522
984
840
1120
1080
1238
1623
1519
1739
1694
1290
2313
1680
1476
1336
1422
1339
2585
1236
999
1205
1423
997
1990
2138
1585
1516
1535
1388
1272
1295
1376
1412
1047
956
1461
1643
1246
1074
1346
935
1231
1373
1780
961
957
1040
1174
1018
1712
920
876
1247
1038
1304
995
1860
1099
1203
1147
1418
1019
1637
1138
1101
831
778
710
2241
1056
1090
1013
1166
742
2394
2781
1021
835
1016
646
881
1373
1459
862
973
882
839
1327
1404
1138
1126
978
1400
3026
1314
1359
1334
1725
1739
1681
1316
1442
1315
1047
1796
2561
846
705
1080
992
974
880
1135
783
777
1666
1381
1128
1068
1357
1179
1120
1111
1122
1404
892
1437
2977
821
922
855
1420
1106
1127
1396
1183
1171
1429
1156
1411
1214
1048
1082
1149
1172
1510
1099
734
1073
823
704
876
709
995
1489
1276
1270
1095
929
909
795
778
762
2259
765
1324
1529
843
1195
1011
773
1389
1027
1294
851
823
777
706
1518
1292
2120
1214
1106
1079
1122
1252
782
2074
2052
1119
835
1351
810
1723
1082
1147
1310
1380
968
3030
3338
1650
1253
1285
1364
2969
1691
1249
1326
774
1147
1368
2041
839
1540
1135
769
1053
938
854
1059
701
929
966
1003
1193
838
1677
932
1344
1680
1384
1074
1101
897
907
886
1283
1217
789
696
778
722
2042
710
713
1250
1161
957
1184
1032
679
891
881
952
2162
1074
738
728
980
1302
791
857
829
893
1114
1343
638
643
687
648
1141
1499
662
681
801
1021
867
1032
723
697
644
657
805
2079
688
696
787
708
1255
1264
844
751
865
665
2253
1282
773
772
632
681
1780
2379
627
683
1009
711
857
1218
609
641
727
663
1110
1895
631
668
681
602
1319
1241
845
607
634
634
1232
1595
613
643
657
686
694
2174
684
568
618
619
883
1487
1603
925
950
829
761
1304
630
668
612
648
863
1197
629
630
704
593
765
1190
614
649
644
907
880
1883
886
942
895
877
843
898
904
632
646
918
1621
