5423
5535
5595
5632
5650
5656
5721
5463
3951
3897
6595
1020
1045
1078
1137
1153
1191
1228
2093
914
1816
4461
724
638
682
666
694
748
796
799
788
811
877
888
947
1029
1068
1138
1163
600
601
683
744
760
799
892
846
907
960
709
756
657
727
820
552
652
558
598
505
614
659
734
806
819
928
973
1162
644
680
745
767
813
840
949
1067
1130
1198
1177
1339
1367
1402
1446
1547
1591
1621
1646
1662
1663
1694
1714
1763
1825
1901
1899
1912
1949
1951
2131
2161
2214
2253
2300
2344
2413
2440
2508
2592
2646
2715
2779
2833
2892
2905
2932
2993
3032
3056
3094
3118
3166
3231
3303
3394
3443
3478
3464
3500
3530
3571
3607
3679
3728
3800
3823
3842
3887
3911
3927
3957
4032
4118
4153
4213
4207
4239
4288
4335
4405
4497
4507
4505
4526
4550
4575
4583
4623
4656
4667
4690
4721
4771
4814
4875
4916
4966
5032
5079
5111
5159
5204
5271
5305
5344
5363
5418
5490
5526
5585
5631
5677
5721
5742
5740
5738
5818
5863
5879
5913
5953
6017
6052
6116
6151
6232
6275
6333
6344
6347
6377
6392
6401
6594
6672
6727
6930
6929
6942
6987
7044
7096
7197
7217
7297
7300
7346
7361
7383
7379
7414
7412
7468
7497
7568
7617
7642
7267
7274
7216
7183
7209
6790
6757
6570
6613
6556
6545
6524
6289
6304
5830
5871
5421
5430
5443
5150
5158
4765
4791
4669
4687
4791
4168
4168
3827
3816
3615
3647
3659
3443
3444
3177
3217
3049
3106
3116
2864
2908
2637
2660
2664
2686
2737
2222
2265
2024
2032
2016
2042
2071
1602
1645
1488
1575
1478
1526
1534
1219
1249
814
851
886
864
972
628
797
610
667
535
581
828
654
853
646
702
648
666
975
621
893
603
619
645
653
931
577
607
572
641
856
622
951
636
690
786
758
998
620
666
586
601
820
638
972
626
680
736
687
964
588
619
566
610
916
609
628
622
653
910
627
899
607
644
702
710
1189
757
805
680
696
907
703
732
758
819
950
575
982
579
600
648
687
987
571
647
509
558
807
566
959
640
658
662
684
954
601
590
632
607
846
593
803
628
665
560
592
782
582
929
613
694
715
678
976
606
602
651
690
896
617
835
588
660
572
621
820
623
1095
636
696
722
751
968
642
682
724
764
980
625
806
610
646
557
591
814
560
859
637
683
551
596
916
609
631
670
725
879
600
1009
618
635
616
641
798
581
946
562
614
695
671
996
609
605
629
662
950
619
951
634
648
683
701
929
593
647
698
764
1052
586
965
755
755
595
703
825
756
1013
612
637
668
704
875
598
582
524
579
878
619
967
601
590
608
625
904
612
684
556
567
788
609
959
584
599
621
605
1017
618
662
574
612
831
612
1062
600
614
656
671
989
633
718
692
735
994
599
918
585
592
607
632
946
597
667
679
728
1046
581
925
541
604
741
573
790
598
622
569
634
824
630
989
586
600
644
651
928
602
598
554
613
814
614
980
591
670
719
724
1058
620
670
508
569
831
598
878
602
634
540
595
1000
612
628
658
686
920
630
938
598
639
694
690
1101
612
658
523
541
947
596
628
633
676
992
609
815
627
656
558
591
877
633
617
664
686
942
606
951
614
662
661
685
915
575
624
523
570
927
584
613
607
666
1016
603
946
606
634
679
719
1072
619
788
674
711
959
761
977
753
772
806
835
1049
603
628
539
559
806
585
1018
598
582
677
603
888
616
659
684
680
977
598
653
561
614
845
580
941
573
614
670
568
796
562
607
552
598
793
589
1009
601
654
786
602
971
586
631
649
638
1040
590
652
501
557
811
578
1004
598
687
745
691
979
559
587
617
650
974
577
974
583
591
631
682
999
610
655
524
571
802
590
983
613
670
727
571
840
614
679
565
608
807
627
992
635
589
629
547
823
575
573
569
598
798
592
1011
621
689
725
728
959
609
655
530
584
805
606
992
594
660
706
719
997
601
649
679
706
966
555
940
577
606
694
581
793
568
604
564
585
925
598
632
551
573
797
593
964
618
655
560
553
757
616
1084
594
598
626
654
876
617
637
576
634
876
596
1037
594
609
606
624
846
579
634
676
734
1029
639
831
627
664
561
600
769
597
1019
575
612
642
569
839
613
706
568
603
774
736
1005
537
768
776
732
1107
765
808
694
697
793
597
987
629
700
723
739
994
594
612
592
660
860
618
828
604
682
538
593
828
650
1057
575
591
691
589
810
606
635
4941
1174
2202
1699
856
1226
1186
7016
6855
6813
6816
6810
6800
6742
6722
6702
6672
6676
6710
6702
6983
758
755
745
821
719
728
746
754
746
931
980
978
2007
622
624
1960
648
631
590
1892
636
611
2048
842
2022
666
650
678
753
824
857
923
958
987
1018
1080
1118
1166
1213
1243
1229
1230
1226
1243
1306
1329
1360
1448
1510
1510
1550
955
978
1009
1077
1112
1102
1119
1112
1131
1186
1211
1214
1182
1235
1269
1320
1372
1414
1431
1459
1677
1659
1609
1650
1938
1985
1999
2026
2038
2078
2101
2164
2252
2326
2433
2496
2542
2494
2521
2563
2624
