9235
9549
9588
9630
9696
9743
9480
9557
9423
9459
9465
9026
8507
6814
6796
2125
10000
1047
2520
930
3868
678
585
598
655
704
757
805
863
907
955
926
695
682
643
656
725
719
738
751
861
695
714
709
681
691
676
704
716
770
802
862
872
860
878
902
936
951
797
1733
829
999
989
762
829
797
796
838
1101
1108
1118
1112
1147
1204
1249
1352
1369
1423
1445
1476
1466
1501
1532
1560
1603
1653
1663
1612
1652
1696
1802
1877
1922
1971
1994
1985
2024
2059
2137
2206
2278
2304
2335
2363
2403
2451
2525
2576
2635
2696
2790
2796
2831
2891
2949
3001
3050
3113
3148
3154
3231
3304
3318
3314
3323
3313
3345
3322
3334
3378
3412
3424
3456
3466
3478
3494
3520
3579
3644
3646
3664
3688
3689
3680
3711
3738
3774
3775
3759
3766
3779
3768
3821
3950
4006
4053
4097
4108
4122
4175
4214
4269
4294
4344
4344
4352
4371
4409
4430
4440
4457
4556
4582
4680
4757
4817
4879
4924
4986
5048
4952
5001
5037
5092
5122
5178
5199
5238
5340
5384
5451
5494
5558
5593
5626
5675
5756
5837
5901
5939
6004
6047
6101
6126
6151
6234
6353
6449
6474
6482
6475
6518
6568
6570
6561
6572
6578
6574
6643
6655
6648
6311
6345
6283
6272
6273
5793
5822
5811
5832
5635
5615
5594
5357
5422
5062
5066
5058
4888
4875
4639
4656
4638
4664
4714
4231
4235
4015
4036
3843
3856
3847
3614
3585
3267
3286
3143
3189
3227
2995
3001
2516
2545
2562
2545
2643
2181
2197
2148
2190
2187
1802
1874
1438
1466
1452
1497
1513
1188
1268
880
916
887
918
1048
618
895
614
629
544
614
1075
620
618
609
668
581
649
814
625
988
585
728
562
576
826
618
948
588
634
673
712
1065
624
668
672
717
841
624
1014
592
646
691
759
911
629
994
639
593
675
732
886
640
1087
591
604
609
642
779
605
961
644
718
712
795
904
594
1008
592
607
659
662
990
605
796
613
634
659
698
862
635
1050
617
696
714
746
1046
611
2121
1345
1338
928
759
801
832
706
638
693
744
824
902
961
1004
1073
1191
1246
1331
1376
1426
1465
1513
1560
1638
1743
1797
1856
1900
1540
1590
1663
1661
1686
1289
1371
917
949
993
820
921
600
670
580
643
1155
615
792
580
623
524
627
855
602
863
645
700
490
568
1021
597
625
630
666
1015
615
855
610
633
522
593
817
620
982
582
650
703
698
1138
604
660
665
699
1006
586
883
603
627
548
602
906
604
879
614
641
547
645
900
603
965
584
609
658
694
1041
625
624
614
652
992
600
822
626
673
643
677
1092
634
771
607
635
539
616
857
591
862
603
618
586
619
833
599
934
606
655
737
774
891
611
1052
597
633
668
661
1008
624
623
666
738
913
611
818
563
612
523
609
860
621
879
614
646
556
585
903
592
594
605
627
807
600
1015
586
574
609
623
925
590
780
592
607
577
599
814
593
972
599
638
672
684
1032
576
596
590
633
759
585
951
578
602
641
683
846
575
958
582
580
614
662
931
552
944
588
649
657
563
987
594
610
631
670
1084
584
650
535
578
996
568
625
670
738
1014
598
967
577
622
697
581
895
632
629
531
600
955
628
657
576
579
759
550
1016
630
663
755
592
818
579
618
554
578
978
596
636
542
613
917
630
929
604
634
687
584
791
561
616
498
566
1058
595
635
678
692
996
589
870
600
654
511
596
983
601
605
640
664
966
602
985
609
670
702
726
1036
603
719
682
722
997
629
821
602
645
542
610
944
607
692
695
737
1041
617
940
613
692
694
682
1002
608
633
680
713
973
596
836
609
644
567
595
947
596
616
664
715
1013
589
919
576
604
604
613
911
598
584
632
681
1042
622
819
608
637
559
590
952
578
601
662
713
997
591
783
583
629
544
605
811
604
993
609
613
644
636
923
611
654
707
748
1047
594
910
591
593
633
674
937
616
640
669
700
978
611
825
606
631
562
597
1047
617
1044
611
622
662
560
806
624
649
532
633
851
630
1015
570
591
704
596
764
639
659
549
597
885
577
651
603
635
953
601
1082
623
655
523
600
949
582
664
628
656
965
610
817
595
651
527
596
812
585
953
613
701
798
602
772
602
666
574
614
838
608
994
573
608
698
578
767
609
611
518
597
821
577
1022
593
617
679
697
994
581
592
564
584
865
567
969
585
563
604
615
845
560
582
552
575
826
620
1013
584
616
639
670
899
582
612
537
587
823
626
999
582
642
657
560
789
624
675
534
581
3310
804
839
2247
1400
1576
9677
838
580
743
755
714
5906
878
913
652
616
671
740
594
605
612
666
693
706
696
693
619
638
617
642
725
715
768
835
908
954
1001
1057
1098
1118
1250
1280
1251
1269
1283
1322
1366
1367
1396
1405
1455
1437
1447
1437
1442
1422
1410
1445
1503
1536
1572
1587
1614
1625
1645
1708
1767
1853
1901
1943
1946
1994
2036
2133
2191
2241
2290
2316
2398
2414
2419
2449
2531
2604
2663
2740
2779
2789
2822
2879
2919
2980
3069
3108
3132
3192
3241
3258
3331
3379
3444
3503
3534
3640
3674
3745
3788
3824
