4646
5171
5185
5218
5266
5041
5598
1115
7556
1846
1814
1620
6666
3695
3376
3297
3298
3301
2761
2743
2712
2673
2616
2586
2535
2548
2514
2672
2659
2703
2699
2612
2634
2669
3299
3327
3415
3480
2453
4868
646
609
818
1054
993
3320
3342
3124
2186
3075
2015
2031
2052
2076
2150
940
992
1026
1040
1096
1122
1063
1071
1097
1080
1132
1246
1274
1308
4814
4369
4226
4126
4167
4188
4270
3628
3516
3501
3447
3388
3354
3384
3568
3591
3655
3729
3785
3859
3907
3408
3387
2634
2506
2498
2551
2616
2683
2775
2808
2760
2793
2806
2827
2825
2865
2869
2908
2929
2973
3054
3116
3247
3334
3377
3406
3460
3403
3428
3372
3406
3466
3554
2893
2902
2942
2956
2993
3050
3115
3149
3114
3166
3164
3186
3202
3224
3274
3242
3236
3221
3210
3208
3204
3206
3230
3322
3379
3432
3483
3561
3611
3656
3697
3737
3766
3804
3834
3842
3880
3925
3959
4010
4061
4104
4141
4203
4235
4271
4318
4397
4486
4543
4590
4654
4713
4758
4804
4873
4902
4979
5012
5064
5105
5151
5184
5264
5298
5314
5311
5344
5357
5371
5397
5458
5536
5524
5538
5546
5529
5540
5604
5639
5699
5698
5698
5715
5736
5753
5807
5866
5949
5967
6013
5986
6029
6017
6070
6092
6105
6106
6116
6149
6141
6196
6189
6199
6239
6282
6307
6357
6440
6441
6485
6570
6672
6666
6711
6287
6294
6003
5995
6032
5549
5576
5528
5547
5550
5179
5182
4620
4647
4594
4640
4663
4113
4117
3638
3638
3675
3603
3617
3191
3204
2714
2706
2713
2549
2555
2221
2222
2016
2030
1977
1668
1665
1232
1231
1254
1212
1229
658
687
566
625
884
561
1124
576
627
656
592
1092
620
680
505
604
907
605
1031
564
585
852
587
808
606
672
516
608
976
607
993
609
660
741
584
1085
625
706
658
707
1148
612
866
617
644
567
582
850
576
1082
575
603
624
637
1086
575
628
490
575
910
608
1102
611
655
703
619
1093
613
630
626
696
1091
590
852
624
656
566
606
867
622
945
609
676
545
606
1024
612
631
590
629
1101
624
835
614
667
559
615
1023
613
658
605
635
952
636
1091
638
694
517
613
902
587
1120
626
640
761
569
922
1087
1004
783
824
889
589
955
627
657
527
648
1242
611
863
612
634
571
581
1003
569
888
573
611
552
608
1102
588
901
594
645
581
662
1126
619
992
571
769
542
596
1056
633
873
619
665
553
635
889
606
1053
630
711
705
704
972
630
964
611
636
549
611
910
602
1134
603
623
690
716
948
654
906
601
632
539
599
897
593
1108
587
624
655
638
973
605
1043
590
608
625
653
1060
601
619
570
627
947
625
922
613
1091
644
655
665
594
934
606
1133
629
648
677
623
1059
592
653
620
647
900
588
1105
596
630
543
597
880
595
938
610
656
512
623
910
606
979
623
665
563
621
912
611
885
591
624
552
602
859
580
902
637
684
574
614
872
629
936
628
675
514
604
919
611
974
612
637
549
592
848
606
944
557
587
545
567
887
591
1053
597
615
555
567
831
586
1083
583
601
647
622
1099
616
602
585
579
948
583
1048
586
617
639
646
1106
573
840
598
624
587
665
846
582
1023
603
646
660
593
1035
579
628
592
631
904
589
1081
617
663
636
658
920
601
1080
585
680
567
601
1080
592
845
665
694
573
653
1006
639
1149
644
664
687
668
1085
625
828
609
616
559
602
907
620
958
624
679
584
636
1091
626
869
638
688
620
643
933
617
1078
597
617
504
572
933
581
984
642
677
536
582
1287
620
1005
607
622
534
596
933
606
987
651
685
525
613
968
603
904
619
673
571
631
1163
585
885
596
661
594
615
1064
607
878
615
694
573
630
951
607
1103
578
596
566
592
1123
635
859
610
645
541
596
933
640
953
620
676
513
586
1212
640
1044
622
667
716
669
1143
613
629
520
644
922
624
1143
632
690
746
691
1101
623
661
528
626
965
639
1046
597
644
724
567
1060
617
645
556
619
1017
595
626
560
570
1119
615
1000
626
659
690
591
1119
608
628
551
611
1064
606
646
578
642
1127
626
1102
569
582
583
574
1105
579
595
530
570
879
616
1127
627
682
727
673
1539
630
655
726
785
972
618
947
624
666
547
595
879
568
1099
588
658
770
624
1120
609
636
580
647
1166
620
870
599
649
548
623
926
610
1150
615
674
745
672
1143
642
704
635
706
1175
606
7424
1366
1298
720
664
1234
1809
1401
1387
907
1998
2035
2045
2054
656
877
758
749
736
768
764
737
743
737
712
725
740
701
730
697
717
760
742
772
781
748
741
761
743
681
732
730
737
890
785
773
729
739
854
999
1021
540
555
584
1153
1140
1107
1286
1161
1128
1143
942
576
1138
1167
1136
1467
1159
1028
628
651
675
1339
638
640
694
854
640
638
637
679
725
730
728
741
739
752
796
827
830
879
924
956
978
1000
1036
1094
1128
1176
1234
1281
1360
1413
1494
1543
1611
1654
1712
1673
1692
1713
1743
1786
1838
1877
1951
1999
2038
2051
2079
2116
2171
2247
2316
2372
2430
2495
2565
2632
2708
2755
2819
2893
2934
2982
3006
3043
3116
3146
3218
3265
3342
3379
3444
3519
3594
