3297
3380
3412
1784
9381
1704
602
1764
505
512
591
507
542
514
540
487
495
493
782
1556
1671
1213
1252
3684
7859
1239
599
615
708
530
728
3093
3154
2764
2794
1605
2655
4111
1576
543
500
513
501
514
475
483
484
506
516
570
1263
1285
849
878
908
751
754
8966
8780
8779
8762
8740
8747
8800
7487
6715
6525
2269
1751
1688
1665
1673
1732
1810
1902
1966
1997
2050
2107
2142
2177
2232
2324
2365
2412
2439
2524
2560
2577
2626
2694
2740
2761
2803
2798
2822
2858
2892
2943
2948
3017
3077
3015
3013
3047
3044
3066
3083
3104
3146
3174
3175
3239
3283
3336
3363
3406
3482
3533
3551
3557
3556
3563
3579
3630
3657
3671
3713
3740
3800
3830
3877
3950
4012
4083
4144
4162
4179
4250
4278
4326
4366
4367
4407
4467
4521
4589
4681
4741
4784
4811
4879
4922
4955
5014
5039
5099
5118
5118
5127
5137
5145
5197
5240
5243
5291
5296
5321
5375
5468
5545
5587
5607
5661
5691
5750
5805
5824
5861
5884
5882
5885
5898
5903
5917
5950
5986
5994
6042
6103
6148
6165
6259
6261
5939
5789
5803
5810
5806
5805
5819
5849
5913
5580
5570
5572
5540
5562
5174
5220
5281
5341
5364
4840
4850
4427
4397
4362
4348
4350
3957
3982
3853
3897
3963
3666
3702
3244
3293
3264
3070
3069
2792
2822
2660
2621
2663
2451
2451
1977
1977
1965
1765
1769
1496
1512
1299
1319
1341
1072
1109
693
745
791
841
1038
604
648
568
596
858
609
994
594
623
696
730
1033
617
641
670
690
971
609
956
609
664
776
599
892
579
620
531
588
948
618
625
538
567
811
596
907
617
664
504
554
791
591
1074
595
609
626
614
907
624
664
604
599
827
613
1056
594
602
600
627
881
576
661
683
697
995
624
788
608
667
505
593
859
611
1016
591
593
687
606
808
601
648
546
601
837
593
956
574
644
716
603
994
626
643
601
613
824
581
990
626
718
752
728
1000
599
673
637
711
1056
581
765
558
602
572
628
869
620
982
570
638
677
553
828
618
678
512
638
857
588
986
593
653
684
560
909
591
619
532
591
898
589
1040
622
667
684
724
946
615
675
559
604
822
588
974
601
664
728
574
894
596
683
578
589
789
572
1038
573
595
631
671
1027
611
627
660
693
848
597
1067
622
656
698
722
1347
648
843
588
633
612
673
1013
618
837
592
619
683
716
1026
617
825
603
667
633
663
1052
601
779
595
623
661
703
986
636
844
595
655
540
619
834
612
991
594
614
682
695
858
620
1002
621
678
708
722
893
631
872
623
666
567
638
782
626
850
619
659
564
610
793
601
1080
610
621
642
641
776
590
1026
634
663
701
739
850
638
1070
598
654
692
685
939
606
975
601
609
633
662
997
593
601
614
657
840
601
989
596
606
617
631
781
604
977
649
679
734
766
902
616
1014
600
636
689
741
902
619
985
590
614
627
682
880
573
813
618
684
641
675
988
609
803
606
680
641
659
851
624
951
605
637
693
716
962
605
801
625
641
596
680
1061
575
838
601
623
671
669
1051
619
871
611
645
655
664
926
637
842
650
697
695
727
958
567
866
621
688
643
738
952
655
1006
597
653
732
806
900
617
869
600
1011
615
685
703
735
976
620
677
691
702
879
629
980
631
656
708
728
1036
622
848
621
664
576
581
772
594
885
641
705
544
608
801
621
969
651
639
517
575
806
592
1063
633
663
730
761
900
602
1090
618
624
684
705
954
622
632
616
683
902
640
1011
602
1114
1331
1283
1903
846
2150
801
667
655
1048
1359
1439
653
624
633
604
629
620
692
641
657
690
722
760
797
840
884
943
1012
1044
1118
1226
1348
1421
1481
1524
1570
1614
990
961
999
1021
1026
1051
1064
1096
1118
1151
1188
1199
1231
1295
1369
1425
1495
1547
1599
1672
1711
1749
1813
1852
1917
1951
1989
2039
2091
2218
2257
2328
2399
1935
1891
1863
1897
1883
1890
1928
1929
1914
1974
1954
1547
1557
1381
1440
1501
1157
1193
742
792
850
696
873
627
702
914
1081
677
615
618
626
666
898
581
903
597
611
626
656
920
601
672
683
717
995
620
804
591
663
526
614
1016
1267
652
631
673
710
727
809
616
644
743
585
819
605
634
575
632
778
560
1025
587
635
618
640
954
676
567
654
1786
1395
948
959
1020
1056
1095
1064
1065
713
750
776
825
1011
605
796
590
654
546
653
905
617
820
597
628
931
1010
710
716
962
618
663
684
597
819
593
641
509
587
821
6199
991
1240
1619
1173
1496
952
1079
1190
563
558
2003
1134
1076
1078
642
588
1064
1135
1094
1079
1087
1107
1095
1079
1097
1064
1062
1081
1127
1631
564
1163
1111
1105
1111
4774
2013
614
620
637
769
2839
656
1901
611
1548
3838
716
3332
1019
753
631
683
758
1925
625
625
694
779
821
884
936
973
994
1077
1118
1168
1199
1201
1218
1239
1225
1248
1276
1300
1314
1316
1374
1423
1476
1559
1610
1683
1581
1552
3014
1903
1812
1678
1646
1637
1673
1709
1739
1806
1843
1869
1932
1974
2013
2042
2128
2188
2240
2082
2108
2158
2207
2265
2309
2349
2401
2431
1937
1500
786
663
603
594
647
