5664
5768
5698
5599
5665
5629
5513
5385
5237
5025
4892
4543
4307
3931
3516
3312
3253
3183
3013
2866
2754
2601
1762
1894
1572
1542
1446
1304
1163
1156
1182
2314
1363
1307
1504
1627
1419
1603
1602
1821
2290
2425
2426
2111
1909
1917
1479
1037
1511
1645
1508
1402
1360
1357
1313
1311
1288
1297
1150
1491
1404
1438
1642
2039
1074
2133
3127
4217
5159
6066
6996
7441
7291
7205
7229
6639
6180
5685
5112
4520
4077
4014
3907
3752
3663
3586
3486
3457
3336
3398
3455
3492
3122
2699
2081
1670
1562
974
1259
1450
1539
2525
3831
3992
4023
4213
3690
3094
2221
1561
1506
985
1032
1330
1581
1510
1671
1512
1708
1974
2134
2415
2647
2838
2839
2995
3106
3220
3239
3373
3474
3446
3514
3495
3697
3894
4133
4446
4681
4826
4753
4699
4490
3750
3179
2609
2103
1719
1452
1459
1668
1557
2042
1924
1802
1952
2501
3075
3745
3063
2228
1368
1105
11599
1650
1991
2567
3210
3913
4595
4690
4336
4545
4767
4864
5042
5129
5374
5578
5707
5854
6081
6142
6227
6195
5737
4956
4403
4121
3750
3410
3511
3654
3759
3816
3933
3897
3592
3416
2958
2427
1696
1319
1351
1325
1485
1584
1953
1603
1661
1125
1227
1301
1189
1000
957
957
1591
2584
3468
3447
2733
2072
1809
1699
1424
1127
1203
1025
1002
989
937
899
922
1100
1285
1895
1949
1693
1536
1524
1142
1865
2904
4034
4866
5838
6799
6826
6633
6406
5771
4526
3703
3013
2168
1433
1340
1336
1385
1580
1371
1174
1275
1591
2449
3510
4434
5197
5938
6334
5523
5074
4625
4142
3582
2846
2323
1880
1773
1477
1259
1130
1002
958
1052
1407
1309
1398
1361
1487
1635
2000
2766
3941
4603
5829
6193
5850
4852
3850
3548
3419
2626
1999
1870
1075
905
1199
1057
1014
944
987
1073
1026
952
974
1074
1439
1337
1686
1739
1906
1918
2393
3035
3311
3584
3366
2655
2184
1223
1224
1916
1996
2138
1823
2285
2920
3507
3953
3900
2921
2018
1579
1526
1588
1738
1638
1529
1768
1868
1737
1195
1116
2424
3274
4232
5107
6000
7069
7173
7288
7419
7537
7596
7704
7813
7884
7976
8064
8243
8376
8432
8488
8485
8440
8516
8605
8678
8781
8850
8929
8999
9000
9162
9563
9929
10261
10606
10972
11315
11642
11844
12153
12435
12355
12385
12547
12689
12878
13114
13368
13641
13886
14119
13704
13210
12537
11869
10882
10297
10484
10673
10841
11033
11268
11469
11658
11812
12057
12128
11227
10251
9370
8886
7955
7114
6283
5430
4487
3839
3906
4053
4162
4380
4588
4790
4040
4095
4301
4430
4609
3956
3225
2434
1549
1025
1153
1205
1200
1058
1073
1122
1227
1291
1290
1264
1183
1133
1231
1226
1341
1526
1328
1626
1461
1653
1731
1601
1558
1503
1394
1402
1422
1680
1290
1927
2188
1880
1562
1155
1977
2838
3798
4472
4560
3970
3488
3230
3519
3794
4065
4046
3816
3678
3272
3015
2897
2714
2514
2443
2378
2297
2187
2018
1894
1873
1823
1717
1602
1523
1324
1012
1046
1240
2045
1151
1178
1246
1248
1123
1206
1404
1540
1619
1736
1792
1979
2038
1734
1799
1722
1842
1393
2336
3225
4298
5341
6423
7155
7111
6918
6703
6607
6529
6471
6342
6227
6068
5904
5447
5041
3954
3106
2259
1866
1856
1118
1334
1498
1576
1671
1747
1690
1807
1936
2052
2048
1978
1747
1799
1739
1743
1157
1077
1438
1693
1848
1988
2069
2234
2351
2481
2562
2629
2890
3084
3278
3657
3797
3937
4116
4327
4463
4530
4570
4580
4675
4755
4816
4923
4987
5042
5089
5162
5177
5389
5522
5552
5653
5823
6211
6417
6571
6629
6854
7065
7222
7343
7576
7663
7488
7464
7431
7398
7479
7566
7716
7877
8028
8359
8605
8676
8806
8971
9202
9398
9541
9611
9690
9901
10043
10151
10264
10064
10178
10201
10280
10447
10517
10479
9875
9171
8374
7601
6810
6299
6528
6658
6750
6414
6226
6215
5957
5717
5523
5468
5416
5213
5130
4953
4829
4610
4476
4656
4390
4300
3998
3500
3154
2766
2468
2316
2197
1918
1757
1562
1383
1168
959
1031
1081
1026
1072
1341
1337
1242
1278
1163
1105
1026
970
923
969
1007
1100
1207
1161
919
913
1020
1238
2984
1552
1369
1598
1592
1496
1851
2172
1463
1809
1991
1833
1771
1811
2089
2431
2877
3145
3431
3342
2805
1919
1484
785
1008
1263
1384
1536
1479
1517
1582
1672
1736
1825
1915
1998
2141
2247
2393
2697
3015
3268
3445
4650
5809
5760
5313
4280
3127
2957
2868
2701
2582
2287
2094
2001
1818
1549
1248
1125
1125
1326
1317
1232
1092
1033
1004
1001
1093
1038
1119
1136
1259
1216
1235
1045
1254
1120
1044
1212
1058
967
959
960
1274
973
1073
1332
1342
1159
1282
1554
1810
1749
1702
1716
1804
1074
1305
1570
1702
1972
1744
1785
1949
2010
2062
1995
2092
1854
1603
1631
1624
1153
927
1173
1614
1833
1728
1635
1513
1219
1006
928
932
993
938
1064
992
923
965
1032
959
942
1122
1326
1282
1116
1117
1132
986
927
1707
1527
1631
1573
1654
2447
3175
3854
4414
4857
5183
4885
4618
4406
4077
3666
3282
2976
2694
2512
2296
1982
1444
1285
1428
1456
1137
1236
1275
1245
1197
1443
1524
1533
1591
1612
1743
1752
1648
1831
1890
1635
1227
1212
1866
1579
1733
1604
1702
2227
2557
3432
4009
5341
5417
5352
5344
5299
5271
5299
5305
5414
5565
5647
5747
5893
6004
6248
6566
6693
6724
6786
6925
7086
7101
7169
7229
7284
7009
6968
6979
6960
6941
6898
6992
7076
7199
7404
7550
7882
8064
8060
8097
8156
8238
8382
8434
8467
8556
8637
8780
8858
8656
8702
8803
8884
8872
8773
8893
9088
9253
9614
9735
9798
9927
10104
10547
11783
12823
13890
14904
15937
17066
18092
18404
18532
18480
18309
18313
18405
18385
18387
18472
18575
18685
18780
18853
18920
19037
19145
19252
19346
19457
19592
19758
