6545
6593
6612
6634
6626
6656
6710
6866
9095
9134
7047
7020
950
536
1260
920
2093
900
616
643
902
673
656
624
615
610
598
606
637
668
715
759
771
802
830
1707
1740
1764
1674
1729
1776
1798
1818
1884
1985
2064
2084
1913
1935
1951
1890
1941
1971
2003
2034
2126
2159
2238
2262
2291
2280
2284
2312
2359
2379
2449
2946
2774
2954
2330
2309
2301
2276
2289
2335
2318
2321
2214
2209
2217
2062
2085
2156
2148
2187
2265
2299
2311
2258
2251
2288
2367
2398
2492
2550
2570
2552
2559
2593
2646
2677
2743
2815
2851
2874
2919
2980
3052
3096
3196
3217
3214
3235
3244
3292
3298
3289
3340
3360
3418
3432
3462
3463
3466
3476
3505
3529
3558
3583
3611
3662
3701
3721
3729
3731
3765
3783
3779
3827
3886
3938
3958
3998
4013
4032
4065
4061
4072
4086
4132
4197
4292
4271
4291
4295
4302
4308
4345
4341
4366
4387
4422
4455
4476
4472
4510
4545
4612
4619
4640
4661
4649
4657
4697
4751
4797
4784
4797
4848
4862
4870
4887
4886
4927
4953
4980
4994
5018
5026
5040
5080
5107
5093
5121
5173
5185
5226
5235
5249
5277
5316
5333
5367
5386
5392
5407
5441
5480
5498
5522
5519
5548
5575
5611
5649
5652
5698
5731
5773
5818
5851
5871
5910
5964
5988
5981
5576
5563
5571
5543
5560
5164
5141
5033
5039
5026
4836
4871
4360
4362
4374
4188
4186
3960
3984
3553
3592
3594
3061
3056
2871
2914
2944
2648
2680
2208
2221
2234
2048
2059
1639
1648
1626
1639
1666
1270
1303
1318
1306
1330
863
945
583
601
660
662
980
582
608
496
540
983
572
664
592
643
998
604
919
602
622
633
655
992
594
634
570
610
804
602
1154
603
583
683
613
751
588
630
555
592
776
591
983
588
632
684
550
984
568
597
621
636
964
581
605
561
570
770
571
957
585
632
765
587
802
569
593
542
634
958
589
573
591
621
983
632
915
583
620
724
548
845
594
646
557
605
778
617
974
633
654
662
551
784
588
606
544
597
816
624
1010
611
618
658
568
957
618
638
675
718
1021
586
615
577
621
837
574
897
598
599
737
602
766
575
604
552
624
1030
598
643
665
694
919
628
870
636
676
526
614
988
591
668
646
697
994
551
795
569
613
524
590
929
582
646
601
656
979
602
1043
609
639
691
709
956
591
662
538
591
823
598
946
575
610
720
585
1006
568
572
628
630
993
592
599
628
654
962
572
928
582
587
593
616
902
591
593
603
661
988
598
899
590
623
671
699
971
604
639
508
584
827
600
1043
589
628
643
560
772
613
678
548
589
766
577
1061
590
617
682
627
888
570
587
633
649
950
615
1203
584
602
638
567
614
595
622
1049
588
938
627
621
621
630
872
609
635
582
579
1032
590
614
606
657
1022
590
1115
604
634
644
651
911
594
618
542
574
988
614
660
697
732
996
608
925
603
660
691
709
970
605
647
498
580
870
606
1006
622
627
671
559
935
593
612
662
722
1035
602
633
570
549
773
627
968
583
599
593
607
928
616
652
554
599
826
595
1030
580
587
613
619
871
584
620
517
558
840
590
943
603
683
745
729
1022
581
620
614
603
785
615
963
607
607
642
578
802
595
623
667
676
915
590
795
586
617
559
581
811
591
953
626
644
663
575
772
563
608
602
698
1041
618
760
614
649
576
642
855
619
880
620
650
533
587
808
608
989
595
629
669
701
962
600
608
661
730
886
584
969
610
625
697
715
820
624
972
601
638
691
728
977
581
784
581
611
643
680
970
566
792
597
619
548
581
758
564
858
608
628
549
566
731
615
1059
598
619
623
644
940
631
652
702
770
859
578
957
580
664
681
725
892
633
999
623
675
694
733
842
663
1056
620
661
696
737
861
599
1020
633
659
715
747
785
602
990
607
702
667
719
1016
596
825
624
654
672
743
901
624
1012
637
681
726
741
997
731
786
579
603
525
583
807
608
866
622
683
536
566
793
595
854
582
617
534
569
798
604
811
607
636
562
614
776
556
965
580
644
694
671
847
593
949
588
610
689
557
747
584
604
585
628
1016
601
806
604
644
509
617
873
598
854
619
653
548
593
927
574
586
609
647
998
563
781
569
580
512
560
757
574
941
527
616
636
672
1062
564
570
584
596
871
562
824
589
609
552
582
868
582
862
598
634
557
602
761
580
972
549
563
580
603
906
599
605
655
707
1016
585
803
604
678
623
635
995
614
793
588
611
553
578
774
569
832
593
665
569
584
730
600
991
598
4347
1423
1359
1305
975
1095
914
911
912
856
868
849
892
884
946
843
882
877
876
873
891
872
878
649
943
684
700
683
691
693
699
704
726
729
745
750
731
741
726
916
780
2828
611
627
635
700
732
746
836
975
1052
1130
1186
1223
1247
1295
1369
1471
1574
1622
1665
1721
1837
1148
1190
1446
1504
1375
1447
1470
1514
1582
1650
1682
1557
1581
1573
1642
1745
1820
1907
1945
1900
1972
2008
2066
2155
2254
2322
2359
2394
2440
2494
2569
2654
2762
2856
2943
2983
