2850
2339
762
1100
2422
2491
2509
2475
2531
3056
1815
1582
1599
1647
873
1234
1299
878
838
845
887
844
859
821
836
842
881
840
857
839
865
826
850
905
997
4811
1085
638
638
604
666
777
1020
662
674
703
704
753
780
628
626
630
711
740
810
938
701
1001
651
702
770
811
813
826
882
946
969
996
1008
1002
1028
1074
1096
1123
1201
1222
1264
1298
735
735
735
823
827
823
885
925
950
995
1014
1203
1274
1275
1350
1381
1448
1525
1496
1548
1595
1672
1721
1775
1874
1949
1997
2050
2052
2096
2112
2132
2165
2201
2222
2240
2251
2324
2359
2444
2492
2564
2596
2621
2619
2620
2669
2764
2821
2880
2918
2988
3020
2999
3000
3021
3067
3085
3097
3096
3094
3125
3179
3186
3196
3215
3245
3280
3347
3399
3442
3497
3443
3458
3481
3504
3489
3510
3506
3509
3522
3511
3510
3528
3557
3610
3640
3698
3751
3783
3799
3833
3832
3904
3739
3740
3786
3821
3843
3526
3522
3275
3303
3331
3041
3109
2537
2547
2598
2492
2491
2111
2154
1685
1748
1782
1720
1768
1207
1276
1143
1280
1348
674
954
603
611
655
708
1155
594
814
605
657
513
572
872
627
1090
600
631
555
593
885
590
1016
614
648
721
694
1104
591
609
642
700
1169
580
820
611
637
544
603
857
712
938
624
627
679
624
921
596
1105
603
605
722
548
847
574
628
557
581
839
603
884
617
634
541
603
884
574
1129
637
618
639
634
982
593
623
603
624
908
590
1072
615
624
526
576
852
571
1051
598
672
706
546
1051
646
672
617
670
935
647
1142
583
615
584
630
1053
614
894
580
594
554
617
885
624
942
627
659
550
637
861
609
1055
639
687
729
713
1028
600
651
571
607
1148
600
817
751
1560
1375
1016
1022
945
970
728
797
526
540
892
579
1065
581
593
568
626
1343
636
726
609
649
890
623
1462
637
659
726
780
944
569
963
611
669
591
795
1288
639
701
620
644
559
636
1132
599
936
612
632
558
586
954
569
626
609
669
861
585
1012
582
639
907
847
615
626
942
564
619
727
574
921
584
715
681
610
943
604
650
527
591
913
601
1083
606
664
770
572
2412
632
598
663
692
736
785
850
888
939
1023
1086
1149
1193
1235
1277
1043
1103
591
662
777
633
836
580
705
897
1074
1169
599
609
602
584
1000
611
670
658
724
1145
618
1028
603
632
645
635
1063
655
722
552
630
823
589
1024
581
588
739
578
859
590
630
515
608
933
582
983
580
605
713
554
898
557
592
553
604
1016
687
680
549
595
854
624
1046
586
604
699
672
1002
611
625
542
581
1026
609
632
612
640
1054
590
877
594
652
510
574
1035
592
649
577
610
1062
585
872
604
626
533
600
826
591
1145
615
644
655
682
987
578
623
607
663
1081
606
1005
606
627
655
660
1075
627
670
655
691
1009
573
848
600
616
535
734
1598
1139
611
647
691
779
812
843
602
648
527
588
1088
593
757
593
643
968
841
959
585
588
541
611
837
589
1059
572
630
774
573
937
703
646
538
659
1332
631
633
597
691
895
546
1135
581
645
714
620
1116
595
663
622
668
1120
592
987
628
1042
608
757
581
611
618
628
654
794
557
1095
603
652
673
631
1221
622
669
729
802
1066
606
1081
624
706
798
3491
1080
857
893
576
652
584
641
592
643
681
736
856
923
970
1073
1198
1270
1306
1348
1413
1474
1495
1843
592
593
639
665
708
794
876
930
984
1051
1135
1189
1249
1030
1071
1129
1170
1236
1312
1341
1387
977
1001
783
871
982
623
634
600
643
699
760
1129
622
722
653
702
1074
606
715
619
626
544
611
870
590
1086
628
660
743
748
912
1182
606
609
645
676
704
937
611
643
552
827
954
618
679
652
683
1030
592
1057
581
580
641
590
1086
1375
667
733
570
565
574
640
606
637
724
592
898
596
639
748
598
857
631
682
661
675
1067
574
2341
1948
1702
1614
1514
1561
1135
1207
1133
1103
1152
655
887
595
688
547
600
871
598
1094
693
634
688
724
1096
609
663
524
630
812
618
1049
606
619
765
601
849
604
647
1416
603
626
689
742
771
797
868
594
964
574
562
657
559
975
568
614
508
607
869
601
1077
599
638
771
576
1008
593
628
669
637
1909
2154
1009
2943
753
887
1658
1265
1103
1138
1120
1061
1063
1064
1117
892
568
569
566
658
868
1006
922
1404
1170
607
607
604
615
661
722
754
724
763
846
896
998
1145
1212
1206
1255
1320
1370
752
793
842
849
873
941
1105
1148
1196
1223
1269
1345
1421
1468
1515
1564
1599
1646
1717
1761
1802
1850
1948
2041
2106
2165
2097
1986
2007
2069
2110
2065
1769
1802
1864
1903
1939
1997
2037
2238
2284
2377
2430
2473
2428
2470
2534
2577
2631
2691
2753
2793
2835
2877
2904
2933
2984
2897
2930
2926
15282
8005
618
6931
806
1351
1042
788
2034
1192
1262
895
613
637
711
914
560
669
697
766
845
909
963
1014
1086
1509
625
659
837
868
5218
1410
1022
960
5133
836
745
803
619
656
703
908
610
658
686
715
760
859
860
894
956
1033
1074
1116
1166
1218
