3564
4349
962
890
942
692
612
616
648
704
716
744
743
754
790
819
873
907
970
1046
1072
1136
1179
1214
1263
1365
8961
1249
597
630
1061
1058
1126
710
2892
819
633
4089
1591
5675
1176
847
618
752
770
646
600
2154
663
590
573
590
612
617
642
676
725
785
845
910
965
1036
1085
1131
1285
1366
1447
1340
1385
1429
1443
1453
1445
1454
1470
1488
1504
1556
1578
1594
1661
1689
1724
1753
1770
1782
1806
1821
1847
1903
1959
1985
2012
2044
2103
2138
2187
2227
2168
2174
2196
2212
2215
2228
2246
2271
2322
2342
2351
2348
2388
2389
2442
2443
2474
2512
2586
2635
2675
2705
2740
2809
2885
2905
2932
2987
3033
3088
3096
3151
3216
3264
3359
3389
3446
3514
3561
3630
3678
3568
2471
1859
1416
1129
835
953
1246
1256
545
608
689
711
763
827
892
962
1024
1074
1140
1144
1207
1263
1326
1379
1461
1541
1608
1632
1703
1761
1835
1883
1955
2018
2067
2122
2167
2219
2301
2372
2445
2484
2519
2561
2583
2638
2719
2780
2829
2902
2986
3018
3060
3103
3159
3196
3260
3321
3400
3479
3501
3535
3582
3626
3648
3683
3706
3736
3789
3869
3910
3971
4044
4084
4146
4207
4265
4312
4374
4428
4460
4504
4553
4618
4668
4717
4799
4853
4880
4921
4991
5047
5113
5149
5192
5278
5298
5295
5358
5404
5444
5466
5492
5525
5565
5563
5596
5633
5651
5682
5652
5686
5760
5436
5447
4977
5014
5078
4888
4884
4571
4584
4404
4466
4489
4200
4213
3767
3749
3805
3739
3751
3479
3461
3056
3085
3059
3002
3034
2703
2719
2314
2303
2364
2352
2381
1874
1896
1889
1938
1980
1485
1507
1314
1333
1028
1023
1051
839
882
597
655
626
666
1002
626
818
619
645
532
616
832
607
1016
611
659
668
692
1015
622
601
592
599
907
609
837
601
607
549
575
759
581
952
575
590
560
550
766
601
1079
612
618
648
669
749
581
968
597
623
656
570
1044
590
600
608
612
603
600
868
599
666
592
677
1008
616
874
603
673
515
617
839
603
986
617
663
685
751
1041
602
624
662
695
998
624
839
571
575
572
587
776
617
1017
598
622
650
676
1061
593
654
688
725
885
607
1000
619
652
551
581
802
590
981
576
602
640
621
1031
616
658
675
713
996
615
832
609
610
615
671
1044
625
888
616
638
529
584
816
604
994
603
636
667
702
858
584
1044
573
599
589
628
952
591
597
647
695
913
605
845
631
692
546
658
1083
572
804
592
612
572
609
815
623
1014
589
637
675
662
1001
578
645
535
572
1042
601
825
607
640
628
686
1034
587
911
567
590
578
605
847
588
1213
610
638
724
583
859
605
958
585
618
635
648
959
606
597
617
673
985
623
807
594
632
568
600
822
602
986
612
659
709
729
1014
598
670
705
758
1002
608
829
592
616
543
613
972
643
883
594
629
542
595
785
576
982
590
614
665
724
997
568
621
597
611
909
580
985
592
617
645
659
976
598
758
554
584
542
544
749
563
1030
588
577
614
650
999
587
622
661
699
880
580
989
591
666
622
653
1081
604
960
618
632
661
601
941
578
609
623
663
993
620
652
538
588
798
601
965
572
583
683
588
896
553
600
681
563
909
618
642
561
591
897
578
636
517
564
824
594
1004
601
643
675
598
997
603
665
698
620
818
584
595
558
597
928
592
616
562
613
1002
574
619
491
565
854
592
996
587
620
696
603
812
626
632
564
627
850
609
1060
585
619
615
650
969
591
659
562
607
812
562
965
585
592
716
577
759
569
613
511
581
981
571
592
584
621
900
581
797
551
1174
947
854
866
841
1020
598
682
747
622
886
565
584
570
589
849
555
992
575
581
572
566
982
561
562
567
562
915
563
603
504
570
996
561
647
575
595
964
591
827
577
603
534
591
916
567
625
531
554
979
579
916
572
591
573
562
861
600
634
676
726
976
581
853
594
625
2974
1427
1361
4245
1244
710
693
629
645
677
719
837
1951
1176
976
892
926
940
967
989
996
988
981
1000
986
975
1062
1063
1072
1149
1216
1248
1332
1372
1425
1476
1561
1592
1631
1736
1774
1100
1109
1118
1125
1158
1176
1205
1255
1290
1270
1296
1320
1367
1384
1386
1419
1466
1525
1540
1618
1645
1733
1825
1889
1955
2005
2019
2048
2116
2134
2197
2217
2253
1701
1720
1770
1794
1818
1849
1641
1623
1699
1390
1439
967
943
948
832
877
666
706
601
686
836
593
963
570
645
1114
1001
742
747
780
626
656
791
1083
1333
2462
2525
2537
2361
2113
3878
1791
1680
1610
917
1304
1305
1996
965
711
890
955
747
745
772
636
785
804
767
737
752
736
750
735
741
785
977
773
760
750
736
789
725
757
743
747
738
535
738
738
715
725
730
786
891
1289
1850
1851
1861
2185
1278
2059
2604
3502
3546
3600
4768
5647
6321
6954
7826
7336
6851
7343
7359
7919
8525
9439
10102
11044
11665
11771
12141
12172
12170
12219
12197
10754
10428
10464
10515
10558
10536
10540
10558
10554
10597
10602
10614
10603
6718
6622
6589
6578
6599
6610
6597
6614
6650
6692
6743
6746
6792
6865
6887
6892
6839
6861
6911
6932
6935
6941
6968
7024
5682
5679
5688
5708
5739
