18693
19178
18702
18977
19521
19914
20282
19882
20195
20483
20882
20592
20360
20550
20777
20969
21096
21172
21307
20999
21338
21610
21963
22000
21083
20693
19437
18996
18284
17404
17230
14878
13925
13860
13227
12995
11860
11758
10712
10312
10225
7968
7401
6018
5290
4447
3839
3558
3156
2864
2572
2269
1949
1610
1334
1034
1988
1358
1267
839
654
617
643
558
627
523
584
781
587
2093
647
502
942
954
2359
854
975
1257
1116
1043
1354
1683
1427
1368
1566
1720
1957
1719
1891
2049
2248
2396
2323
2291
1835
1733
1570
1388
1354
1594
1856
1983
2203
2325
2649
2938
2614
2902
2777
2986
3248
3554
3854
3331
3505
3831
4113
4428
4248
4448
4550
4818
4930
5024
4895
4580
4782
4747
4988
5187
5470
5677
5115
5292
5532
5680
5914
6085
6283
6009
6205
5920
5976
6097
5773
6005
6160
6264
6430
6466
6851
6286
6460
6586
6774
6926
7060
7223
7382
7554
7765
7459
7732
7928
8247
8221
7935
8020
7698
7910
8240
8490
8564
8639
8960
9094
9301
9583
8928
9092
9184
9326
9538
9711
9837
9891
10058
10227
10439
10673
10432
10705
10400
10606
10748
10944
11099
11088
11297
11340
11474
11559
11725
11943
11737
11978
12166
12443
12659
12377
12574
12716
13010
13259
13434
13592
13346
13209
13188
13125
13118
12605
12354
12094
12056
12037
11862
11824
10975
10772
10654
10504
10312
10185
10008
9521
9174
8662
8328
7997
7466
6908
6366
5952
5523
5152
4808
4462
4274
3982
3642
3304
2313
1748
1339
864
891
853
850
823
901
818
889
862
881
915
896
796
857
780
880
857
839
783
854
790
880
839
885
779
858
991
945
899
796
805
836
859
860
896
898
1060
747
739
713
681
741
660
918
691
669
642
661
740
699
757
789
710
644
629
655
667
642
1175
806
1034
715
676
988
683
730
639
667
748
667
672
633
668
666
631
841
827
681
722
773
1096
690
669
669
697
789
649
873
695
676
672
685
754
661
1134
849
851
872
726
946
833
843
750
792
732
879
757
851
827
858
773
788
737
785
751
792
1030
876
928
1092
1300
1577
1617
1641
977
1904
1802
1318
1405
1197
1152
917
727
656
694
918
638
653
789
676
816
1678
1056
864
1005
1346
1633
1777
1089
920
816
908
1030
742
775
843
987
1079
958
728
731
710
1794
848
977
1159
1382
1721
1561
1536
1755
1988
2044
1975
2252
2361
2549
2497
2562
2735
2746
3044
3210
3490
3709
3719
3960
3681
3435
3686
3955
4273
4061
4295
4573
4829
5118
5010
5202
4934
5041
5195
5409
5610
5784
6079
6315
6597
6856
6577
6886
6742
7031
7057
6944
6758
6325
6546
6773
7056
7300
7420
7696
7544
7668
7841
8082
8353
7918
7976
8155
8235
8211
7554
7447
7355
7292
6730
6490
5882
5363
4876
3723
3277
3020
2754
2480
2322
2093
1974
1815
1825
1620
1431
1368
1325
1751
1984
1404
1115
909
932
1073
1008
1092
1130
1212
1158
828
828
911
961
965
940
1072
2777
994
911
908
1091
1080
889
1056
1295
1198
915
1097
1499
1535
1235
784
714
803
1043
1307
1449
1797
2470
979
988
1004
1232
1168
998
844
820
679
661
663
861
683
1259
694
755
1897
1259
925
955
951
1108
1281
1490
1172
1946
1293
919
861
821
838
812
700
845
1017
1532
1046
894
955
1094
1275
1438
1566
1801
1984
2189
2106
2188
2166
2306
2472
2622
2765
2906
3186
3046
2941
2878
2437
1889
1434
1251
1056
919
1376
1421
1088
926
1076
808
2722
924
843
1219
1230
1351
957
1073
1018
919
1214
1208
885
829
954
951
1145
1776
778
817
735
865
1152
1252
1258
881
920
882
795
789
846
783
858
1043
1209
1350
1582
1864
2054
1923
1617
998
718
783
814
954
1098
969
1104
1276
1817
821
914
815
821
999
1304
1375
746
1490
866
809
863
822
1475
1500
883
896
1055
1246
1455
1616
1612
1782
1967
2202
2194
1747
1669
910
852
775
867
1769
1047
832
802
923
1020
1214
1392
1289
1405
1317
1587
1675
1511
1588
1530
1638
1784
1950
2044
1793
1704
1132
1399
1188
850
852
832
1238
906
876
1721
1351
1706
904
1101
1317
1577
2539
891
1874
1088
818
886
1108
1203
1356
1262
1280
1436
1608
1826
1850
1706
1612
785
659
835
599
1612
839
2126
1077
774
835
661
1890
916
1055
1279
1601
1844
2119
2416
2226
2447
2727
2985
3239
3028
3326
3491
3745
3649
3633
3570
1914
1361
1120
965
816
780
713
757
671
732
707
678
697
654
677
664
659
664
660
683
722
666
743
767
915
832
767
1220
963
1171
1381
1675
1997
1793
1929
1799
2123
2364
2643
2816
2379
2613
2902
3182
3518
3030
2922
2712
2689
2355
1784
1510
1200
963
720
705
681
682
721
668
817
759
702
664
674
677
653
768
751
709
699
786
1391
1172
1032
889
1117
1422
1755
2060
2382
2785
2984
3210
3254
2619
2780
2951
3123
3328
3507
3619
3581
3462
3493
3465
3428
3223
2691
1859
1490
1033
901
780
746
757
757
762
883
790
944
1013
1177
826
748
795
1503
1136
828
925
912
868
683
741
769
856
943
956
1024
1093
1001
1064
1114
892
893
941
994
1139
1126
888
853
744
827
859
887
844
1076
573
552
1837
632
2032
682
600
890
642
2448
1012
1004
957
873
846
753
767
788
1010
799
786
784
820
831
825
796
753
773
744
1185
1366
1070
954
956
942
1016
1033
1038
1095
1224
1231
1173
1106
2278
882
1065
1229
1295
2453
988
1228
806
786
1183
857
1672
927
878
840
985
1841
