7092
7172
7242
7260
7273
7391
11719
11792
11890
11859
10957
4448
3344
2030
2092
3013
3083
2480
2156
1452
1212
1962
1107
944
982
994
996
4772
2976
2685
2626
875
793
609
810
843
509
591
561
667
625
830
647
623
878
569
744
918
832
862
1048
1623
1400
1538
805
894
931
921
881
1286
900
646
648
683
1112
1319
1718
1324
1574
894
843
979
777
620
623
586
612
623
646
701
792
840
889
1082
637
617
653
641
724
706
696
678
702
704
737
726
888
946
995
1000
1109
1118
1078
1136
1180
1243
1292
1376
1419
1463
1511
1591
1668
1762
1833
1920
1891
1936
1908
1929
1935
1971
2034
2077
2165
2256
2335
2430
2485
2563
2624
2683
2736
2799
2859
2920
2956
2982
3013
3075
3109
3146
3160
3196
3301
3375
3309
3415
3483
3564
3608
3643
3663
3679
3697
3699
3732
3774
3856
3956
4019
4083
4137
4198
4258
4287
4375
4460
4516
4586
4629
4658
4713
4746
4800
4837
4855
4878
4897
4922
4948
4953
4988
5046
5085
5094
5114
5150
5166
5184
5212
5244
5301
5311
5329
5352
5380
5399
5443
5492
5499
5533
5578
5581
5610
5666
5711
5741
5757
5789
5832
5888
5961
6034
6082
6155
6208
6268
6313
6345
6390
6449
6474
6491
6473
6495
6552
6585
6681
6733
6755
6786
6822
6861
6926
6942
6995
7064
7186
7217
7289
7246
7314
6836
6925
6981
6896
6887
6355
6380
6163
6208
6220
5773
5770
5736
5760
5795
5296
5346
4911
4942
4920
4833
4840
4373
4367
4315
4296
4295
3802
3837
3567
3577
3407
3438
3456
3190
3192
2665
2654
2667
2561
2600
2370
2384
2127
2186
2145
1879
1861
1389
1359
1398
1260
1297
996
1007
771
828
977
585
642
592
643
1080
576
965
606
586
661
611
1011
610
626
574
594
975
600
664
615
680
1035
623
839
622
648
535
546
1005
602
594
618
624
980
567
943
592
607
630
618
1005
566
603
649
658
1075
597
966
594
621
658
691
1029
583
599
610
653
1055
602
932
610
620
627
653
977
569
615
670
722
1053
639
844
604
629
541
609
829
618
1028
612
660
750
628
856
601
622
517
589
832
588
1051
577
589
694
569
853
615
644
545
618
848
634
1027
577
617
747
602
829
607
658
552
584
958
600
590
635
662
944
621
822
565
616
541
571
806
580
1003
596
599
700
579
823
588
609
527
567
995
559
592
578
597
918
590
949
578
623
695
669
1067
596
609
576
610
904
618
964
594
585
671
583
832
591
613
552
597
978
594
631
572
597
1174
614
948
560
586
701
603
918
620
644
555
554
917
578
653
548
603
982
630
897
629
658
529
563
964
575
669
622
658
1040
574
922
599
605
530
562
826
583
1041
607
605
630
661
957
601
600
571
566
1031
553
959
588
586
605
612
977
601
627
628
650
1025
592
860
619
648
548
610
803
591
1050
599
641
669
667
885
572
1098
627
594
615
649
1010
561
575
638
692
1035
579
843
652
700
552
601
863
581
1053
572
592
609
620
883
593
587
643
696
869
607
1150
644
693
709
795
1013
603
912
610
611
541
622
1689
636
648
687
741
827
883
1108
594
791
615
664
648
710
1107
598
816
599
643
503
550
855
588
974
652
647
556
588
806
578
981
612
672
694
703
1010
593
612
643
722
939
656
1005
593
633
703
740
1040
583
855
585
615
549
605
898
602
928
599
643
512
580
1049
595
620
613
628
1000
604
794
616
665
596
632
1122
601
847
573
604
503
581
862
580
1081
577
577
589
606
975
557
594
612
667
1048
592
805
599
612
529
588
827
601
1049
592
591
602
649
985
603
663
544
596
985
604
816
606
616
536
598
822
576
1082
625
580
600
602
942
580
645
588
607
932
586
796
606
654
570
632
1066
591
842
607
626
539
602
821
583
868
604
651
550
620
790
589
932
609
666
540
593
896
588
1018
583
638
668
637
997
548
592
533
586
1029
584
842
592
627
536
626
870
585
994
584
618
633
650
1083
582
580
581
599
943
599
830
563
611
507
585
852
574
1025
584
635
660
662
1129
628
615
665
709
1117
593
845
611
652
536
606
887
588
1031
605
619
663
703
836
611
1003
585
612
678
696
998
609
638
624
678
1140
597
804
600
658
522
613
996
671
684
535
565
985
596
654
856
1032
1047
513
906
1338
1362
839
1035
2192
861
880
824
814
786
828
780
760
763
726
742
783
731
746
840
947
965
966
712
963
1030
888
965
964
974
969
938
970
956
962
839
765
724
762
1142
1267
1032
1207
1205
1267
1241
627
707
690
583
606
612
672
687
698
697
726
716
769
869
891
623
641
656
574
644
640
712
679
707
735
754
719
755
793
670
777
766
768
793
889
926
987
1006
1042
1041
1118
1171
1219
1249
1156
1186
1229
1252
1277
1323
1368
1339
1394
1452
1508
1595
1636
1689
1731
1781
1892
1921
1919
1921
1932
1930
1962
1983
2014
2024
2049
2101
2133
2159
2174
2181
2204
2220
2219
2253
2289
2300
2325
2333
2357
2371
2389
2398
2412
2469
2584
2611
2677
2676
2690
2675
2713
2751
2848
2900
2920
2906
2896
2908
2938
2957
3037
3157
3203
3200
