3785
3955
3973
3970
1881
1566
1598
1594
1652
1711
1758
1847
1948
1995
2071
11434
8350
4833
4239
5002
1346
1163
1127
4278
4388
4490
4805
1490
1430
2119
674
660
707
783
775
785
858
942
1422
4470
2426
641
2147
625
2458
663
649
717
644
710
772
852
1014
1134
642
678
746
775
793
829
870
934
951
942
982
1061
1060
1023
1044
1092
1172
1214
1295
1284
1304
1313
1506
1546
1627
1857
1937
1983
2062
2039
2021
2063
2085
2151
2213
2269
2317
2385
2431
2507
2572
2632
2688
2786
2841
2932
2961
3014
3067
3137
3201
3258
3323
3375
3415
3486
3525
3607
3659
3696
3754
3793
3863
3900
3914
3927
3967
4040
4484
4566
4649
4711
4771
4807
4850
4886
4859
4589
4603
4621
4651
4672
4714
4771
4783
4733
4784
4866
4965
5029
5095
5200
5251
5321
5394
5499
5534
5587
5581
5637
5676
5737
5726
5735
5754
5740
5764
5802
5825
5832
5861
5877
5946
5957
5974
5975
5970
6008
6019
6068
6123
6149
6163
6200
6230
6274
6302
6343
6426
6465
6511
6529
6541
6556
6569
6583
6623
6682
6711
6719
6738
6757
6794
6843
6866
6879
6915
6925
6965
6986
7005
7017
7059
7090
7074
7113
7173
7205
7232
7274
7321
7368
7394
7417
7447
7498
7526
7574
7661
7755
7800
7759
7775
7226
7235
7167
7248
7307
6965
6968
6646
6660
6504
6511
6530
6144
6154
6167
6192
6218
5744
5781
5348
5426
5235
5240
5264
5025
5096
4558
4617
4688
4672
4694
4150
4145
3950
3968
18276
658
7484
643
571
4244
2059
2603
782
910
596
730
684
1274
1450
1421
1374
1393
1454
1473
1503
1517
1555
934
939
990
1010
1021
1080
1114
1181
1231
1260
1318
1369
1374
1432
1495
1529
1552
1534
1628
1653
1589
1549
1564
1637
1628
1620
1662
1675
1747
1752
1800
1190
1234
1263
1281
1389
1393
1451
1452
1479
1514
1562
1575
1609
1654
1629
1678
1748
1726
1846
1935
1924
1934
1959
1971
2015
2047
2103
2129
2177
2216
2220
2286
2315
2372
2422
2495
2557
2617
2580
2632
2662
2708
2735
2817
2878
2903
2904
2938
2978
3052
3092
3154
3210
3230
3276
3323
3392
3425
3459
3516
3595
3669
3714
3769
3815
3833
3861
6446
1516
1047
1004
1135
1161
974
973
987
1028
1090
1165
1205
1219
1272
1303
617
644
732
757
710
758
784
801
879
941
1007
1068
1064
1094
1104
1239
1191
1237
1234
1181
1239
1298
1352
1382
1421
1500
1400
1451
1486
1534
1553
1213
1421
1409
1108
731
628
637
624
712
619
677
705
708
719
779
867
933
992
1115
573
650
760
777
777
858
914
1013
1009
1063
1126
1311
1065
1150
1434
2221
1061
991
658
600
622
751
774
813
804
822
849
910
934
993
1070
1134
1167
1168
1106
1213
1271
1319
1138
1145
1188
1544
1567
1571
1049
1370
671
622
747
704
716
719
749
770
804
822
951
875
923
1023
1130
1187
1236
1222
1260
1302
1347
1424
976
1044
1181
1158
1079
1092
1123
1145
1183
1265
1328
1320
1359
1416
1458
1508
1615
1620
1703
1635
1664
1688
1702
1767
748
774
859
895
946
979
1063
1172
1220
1212
1256
1317
1385
1423
998
1011
1075
1094
1124
1143
1193
1234
1297
1356
1331
6209
8339
2030
1795
1676
1731
1841
1862
1817
3160
653
635
742
780
733
723
720
749
826
899
998
1027
1083
1083
1096
1091
1124
1139
1312
1352
1351
1390
1407
1461
1457
1481
976
961
1023
1092
1130
1175
1334
1387
1406
1408
1447
1367
1284
1185
2380
1300
2199
1952
1849
1868
625
616
615
658
706
763
831
1036
1083
1108
1170
1185
1212
1267
1316
1394
1428
1524
1370
1412
1450
1505
1583
1642
1694
1754
1777
1822
1850
1849
1939
1963
1958
2022
2031
2035
2056
2066
2106
2178
2212
2266
2329
2356
2388
2478
2535
2592
2623
2682
2662
2668
2702
2757
2838
2902
2903
2949
2992
3067
3074
3090
3105
3137
3187
3251
3255
3309
3350
3401
3466
3509
3557
3607
3597
3637
3657
3679
3705
3771
3853
3918
3965
4008
4039
4079
4098
4127
4160
4204
4284
4303
4334
4380
4442
4484
4486
4551
4612
4667
4726
4800
4851
4886
4930
4998
4892
4951
4998
5051
5087
5134
5201
5260
5263
5332
5354
5468
5518
5557
5621
5655
5658
5655
5661
5665
5653
5676
5694
5697
5718
5725
5777
5806
5844
5870
5886
5913
5931
5966
6014
6011
6025
6048
6058
6092
6115
6105
6137
6240
6289
6295
6295
6258
6298
6347
6339
6376
6432
6083
6135
6097
6020
6054
5542
5554
5506
5497
5523
5075
5066
4781
4798
4554
4558
4554
4244
4272
3899
3908
3938
3911
3873
3446
3435
3318
3347
3381
2938
2958
2671
2686
1825
1815
1809
1810
1812
1770
1813
1778
1753
1759
1313
1311
1274
1325
1402
914
1597
1742
1341
1343
1213
2104
1992
2026
2004
946
922
906
914
893
917
621
624
665
705
751
780
861
930
986
1067
1109
6871
6928
6962
6945
7046
7059
7049
7079
7071
7047
7018
7028
7069
7129
6747
6681
2817
2665
2671
2662
2697
2754
2785
2825
2827
2754
2776
2829
2870
2901
2969
2468
2477
2470
2518
2494
2507
2513
2600
2666
2724
2763
2828
2845
2892
2917
2923
2890
2918
2950
3051
3108
3180
3233
3295
3381
3224
3261
3283
3325
3362
3382
3401
3408
3433
3447
3441
3331
3407
3490
3458
3547
2966
2994
2921
2925
2945
2484
2493
2219
2214
2027
2034
2104
1687
1723
1517
1521
1561
1157
1175
998
1005
1043
598
612
531
551
957
539
632
588
630
983
574
991
594
643
703
579
799
584
642
570
615
950
592
659
511
563
1036
581
583
512
583
1004
574
577
599
589
949
580
903
570
576
679
620
948
594
604
689
578
829
587
