6907
6980
7028
7099
7154
7259
10430
10482
10518
10619
10652
10220
10234
10301
9403
5845
5819
5909
5932
5928
5908
5907
5938
5964
9369
9418
7433
2469
1919
3898
2985
1757
3975
1460
1461
1434
2803
2376
526
665
634
616
709
2463
1765
935
916
839
764
4890
731
879
1362
611
695
709
1220
1238
1245
1289
1325
1349
2798
2832
2869
2855
2880
2952
2990
3018
2846
2862
2912
2971
2976
3033
3053
3120
1962
1940
1860
1840
1991
2069
2091
2148
2171
3021
3100
3136
3127
2041
1555
1579
1577
1620
1662
1750
4518
635
662
752
842
598
663
660
736
761
839
899
1014
1114
1196
1242
1302
1318
1366
1384
1506
1599
1687
1607
1642
1642
1665
1738
1078
1140
1193
1277
1311
1385
1426
1424
1421
1607
1686
1789
1880
1969
2019
1972
1936
1988
2018
2034
2100
2083
2053
2258
603
671
734
782
887
937
1014
1090
1155
1217
1205
1272
1308
1327
1389
1405
1470
1520
1579
1650
1716
1773
1837
1840
1828
1871
1865
1868
1865
1877
1932
1986
2029
2084
2107
2118
2178
2195
2259
2275
2276
2292
2335
2353
2404
2438
2478
2518
2595
2666
2706
2787
2772
2763
2791
2863
2938
2992
3046
3091
3162
3232
3295
3315
3367
3439
3488
3556
3614
3694
3752
3820
3860
3846
3910
3982
4031
4042
4095
4168
4262
4337
4428
4470
4509
4593
4621
4692
4742
4791
4863
4953
5028
5080
5112
5145
5208
5271
5310
5384
5445
5505
5542
5604
5668
5720
5765
5815
5873
5940
5970
6028
6083
6111
6137
6127
6114
6130
6157
6201
6202
6211
6224
6251
6300
6391
6450
6528
6542
6629
6642
6659
6701
6737
6772
6865
6949
6952
7003
7029
7078
6734
6706
6760
6737
6804
6357
6412
6176
6158
6186
5960
5989
5610
5633
5640
5588
5591
5081
5111
5009
5054
5049
4788
4834
4420
4465
4517
4391
4410
3901
3895
3857
3856
3907
3630
3609
3236
3271
3267
3272
3265
2799
2833
2870
2904
2931
2420
2413
2011
2032
2023
1876
1900
1664
1692
1498
1534
1593
1334
1343
939
971
1036
1015
1074
625
650
546
708
805
616
992
581
610
611
629
962
631
637
605
676
830
628
857
605
631
536
582
926
568
655
717
762
1027
602
932
618
593
607
630
950
595
655
541
548
954
583
628
668
703
1023
612
824
632
654
555
617
952
599
608
630
675
949
589
958
610
641
666
683
964
563
593
578
587
935
597
593
581
609
914
602
965
610
619
614
639
931
583
609
542
599
839
607
976
607
678
678
717
1035
600
667
556
618
834
576
976
618
628
652
561
964
612
676
710
709
986
582
644
543
609
811
578
1068
588
634
663
597
894
593
644
577
612
778
615
1009
606
626
706
606
938
600
642
668
687
1024
580
659
533
584
886
586
971
608
676
709
710
940
567
617
626
658
1008
604
908
580
590
597
598
869
602
595
515
580
771
592
962
580
646
673
571
833
598
668
543
586
863
599
988
602
629
637
563
844
622
659
519
609
823
620
1060
647
731
809
807
1075
582
615
560
594
808
586
1062
574
593
613
635
865
576
627
648
702
1118
580
830
601
629
708
578
769
573
600
503
587
941
570
625
537
599
782
622
820
611
650
577
569
788
572
981
572
644
683
658
964
631
667
562
633
856
575
938
574
629
696
747
999
595
613
628
694
1022
603
765
577
615
526
595
822
578
936
554
593
644
574
841
584
617
565
600
795
581
1020
575
599
601
616
916
591
604
534
603
1692
595
655
642
697
744
710
1037
596
644
662
726
983
612
848
604
623
549
577
817
638
1071
597
611
681
563
834
630
583
553
620
817
611
994
612
638
654
587
834
596
604
596
629
800
580
974
617
699
728
747
1051
629
700
596
578
783
598
993
618
654
710
604
841
614
647
584
624
819
605
1005
597
663
723
777
1105
613
660
682
726
878
603
956
609
673
695
701
1361
626
805
586
637
601
676
977
612
818
598
673
643
701
1035
617
880
612
677
642
703
1025
620
883
596
632
603
628
970
623
815
592
633
531
578
846
599
1033
589
686
742
723
920
608
1000
616
582
625
674
856
632
858
611
652
563
646
821
633
869
624
677
554
578
856
613
998
594
628
663
703
852
565
1033
639
678
716
703
885
628
1063
621
679
698
666
912
640
1042
616
633
620
625
944
631
639
658
683
825
628
1063
620
637
636
648
785
641
1004
644
656
697
707
813
623
1051
599
628
709
712
853
597
1030
611
706
674
762
1065
590
811
590
672
629
719
1105
633
857
593
674
631
691
823
596
1041
611
692
706
719
976
610
830
595
672
590
615
959
614
759
617
691
599
623
1086
597
855
606
712
593
672
973
608
896
602
592
637
668
944
568
808
584
656
604
707
3954
1336
1380
1391
1088
1744
775
933
1299
1316
854
1969
2006
2044
1977
1559
1584
1607
1625
1646
1655
1559
1479
1414
1321
1230
1145
1074
1002
1618
1278
1293
847
1971
1982
1952
1966
922
7067
3358
1196
751
753
811
842
880
795
876
928
963
1160
1200
1128
1140
1160
1192
1261
1311
1327
1396
1431
1472
1322
1377
1431
1477
1515
1545
1587
964
1048
1122
1133
1151
1189
1304
1313
1345
1429
1517
1553
1359
1444
