5624
5644
5728
5714
5758
5932
5992
6040
3793
3770
3816
6167
7732
1436
867
1155
891
670
1188
1788
656
784
781
666
611
607
625
637
610
688
703
754
808
828
842
855
880
902
949
995
988
1349
641
638
685
720
1439
1373
1067
1046
1280
1327
1283
1280
1309
1347
1369
1412
1430
1449
1319
1336
1370
1174
1240
1138
1149
1984
2043
2091
2069
2020
2011
2057
2178
2280
2280
2299
2434
2535
2621
2658
2652
2652
2672
2702
2733
2770
2817
2854
2918
2917
2932
2978
3001
3058
3102
3139
3191
3242
3297
3335
3381
3455
3503
3521
3548
3584
3654
3744
3836
3882
3970
4052
4087
4136
4165
4198
4252
4346
4412
4492
4545
4602
4554
4586
4626
4669
4754
4827
4905
4974
5009
5066
5106
5168
5206
5268
5340
5397
5472
5503
5540
5590
5644
5690
5747
5804
5895
5947
6001
6062
6131
6171
6217
6289
6317
6302
6353
6403
6451
6482
6520
6590
6630
6631
6637
6653
6670
6683
6772
6833
6894
6909
6958
6981
7002
7020
7036
7069
7134
7135
7145
7184
7211
7231
7246
7277
7322
7337
7329
7337
7338
7365
7377
7384
7413
7438
7466
7474
7479
7482
7496
7556
7570
7616
7567
7573
7382
7402
7440
7185
7240
6721
6715
6728
6674
6714
6171
6186
5984
6052
6097
5879
5955
5530
5490
5354
5433
5433
5045
5090
5039
5052
5037
4504
4551
4076
4070
4057
4017
4028
3625
3629
3503
3506
3479
3023
3068
3023
3035
3070
2612
2605
2349
2322
2115
2144
2184
1813
1810
1738
1778
1775
1269
1294
893
942
974
989
1060
604
627
673
583
1241
595
648
596
643
1084
575
991
583
610
632
666
1013
596
659
548
594
845
567
964
572
581
575
604
1017
560
604
547
558
780
566
963
597
625
729
578
1016
594
653
705
749
980
609
625
556
586
804
604
1028
603
658
729
617
830
596
676
525
604
860
600
1001
615
633
731
611
962
599
676
716
670
1139
616
677
543
576
837
600
1007
618
658
705
739
999
588
660
661
677
1080
575
902
560
574
598
650
1014
624
616
523
554
855
591
1021
596
633
735
608
824
602
644
536
582
816
615
992
600
600
701
589
884
617
640
508
590
840
588
989
609
634
741
748
998
592
623
531
599
879
603
1052
576
624
684
703
980
594
666
605
689
1038
583
1003
585
584
710
571
796
585
668
540
588
961
586
616
567
610
812
575
889
614
659
556
582
794
573
994
558
604
662
622
975
593
624
502
587
905
578
998
571
635
689
630
972
589
661
627
701
1100
616
802
590
637
532
574
849
589
964
564
620
732
567
805
563
615
552
563
810
569
1013
603
624
612
613
917
640
648
534
542
848
597
977
613
639
678
693
948
566
615
631
672
1008
638
821
608
647
554
616
868
641
1012
587
642
718
568
928
610
626
545
636
838
618
1062
596
627
681
620
850
594
622
562
613
826
587
1060
618
639
637
643
918
622
628
544
575
831
564
1005
575
615
647
571
831
610
659
551
621
810
614
1049
623
639
683
723
995
619
675
692
726
890
619
1009
626
687
696
725
1377
623
808
591
593
585
638
1025
614
879
591
622
669
685
964
609
846
592
619
620
637
1003
612
799
615
643
611
657
1061
644
884
613
637
549
573
805
552
945
569
566
577
590
809
567
954
601
629
675
705
917
624
840
610
658
560
618
789
618
836
579
670
517
552
886
610
1014
603
612
663
697
882
588
1056
635
670
707
743
856
627
1073
615
628
636
633
868
635
965
604
600
622
671
1008
627
642
675
708
895
621
1050
618
627
648
647
769
613
992
625
656
691
689
878
610
1004
582
607
640
637
857
623
1023
607
638
682
731
944
593
894
607
676
635
687
987
607
815
611
677
653
674
887
629
983
630
697
678
696
992
612
762
613
700
616
635
985
618
816
607
652
638
686
1148
612
913
617
642
664
717
973
648
853
623
641
695
702
970
583
844
604
665
635
696
904
615
933
559
603
669
746
886
576
834
584
1016
586
632
645
666
968
580
640
638
672
890
610
958
604
605
664
695
1016
590
808
606
663
521
568
857
560
866
619
610
559
613
833
625
951
623
639
502
569
833
603
1125
602
633
686
708
824
581
1046
612
604
636
651
987
601
648
649
680
883
593
1064
587
627
652
663
992
578
815
588
623
537
640
844
578
925
596
657
536
619
871
619
1034
605
625
667
717
901
620
997
605
672
733
756
919
591
977
608
674
714
672
1015
595
621
655
704
1514
898
873
876
963
972
968
1363
979
1302
992
16141
14949
14920
14978
15011
15026
15034
15057
15087
15094
15130
15160
15185
15217
15223
15241
15277
15307
15323
15367
15417
15409
15432
15466
15520
15518
15522
15522
15448
15727
15403
15384
15394
15405
15411
15457
15490
15518
14643
11541
11545
11562
11580
11683
11600
11507
11396
11303
11222
11132
11076
10993
10895
10783
10711
10632
10539
10438
10345
10209
10133
11947
12096
12054
12003
11984
11946
11909
11885
11830
11795
11740
11688
11677
11616
11580
11523
11419
11328
11111
10793
10721
10693
10705
10644
10637
10629
10720
10745
10744
10764
10808
10779
10796
10800
10812
10819
10833
10853
10873
10898
10922
10959
10145
10134
10158
10145
