2681
1541
793
582
567
636
600
2162
587
565
587
641
626
1380
610
621
607
605
630
1374
598
575
603
570
1242
923
572
708
627
680
999
955
675
679
946
669
667
646
683
741
845
726
1337
1024
682
923
675
752
696
907
706
636
939
996
1033
713
712
716
729
860
692
764
1072
607
600
660
632
733
635
671
626
596
600
603
620
700
595
695
636
629
601
591
662
683
735
1229
649
613
569
663
636
1300
659
593
620
608
1319
1207
640
877
644
856
814
846
813
746
621
643
729
1340
844
643
619
610
662
805
795
638
701
640
884
600
823
619
608
634
628
861
655
1043
753
649
986
872
684
711
939
636
711
954
682
762
940
661
624
688
899
936
920
622
636
831
1239
638
890
622
736
682
1138
938
639
828
662
968
965
647
613
637
954
608
600
686
832
706
920
802
984
610
655
713
818
695
939
713
931
908
730
650
673
597
627
655
618
1025
933
740
680
646
870
1035
638
580
629
616
1164
1098
608
623
594
710
1102
814
579
620
634
752
808
638
596
601
610
1194
772
843
581
641
598
1154
1034
786
662
606
858
1261
1005
864
626
941
716
1075
1581
803
848
923
633
1819
1208
963
689
596
806
798
736
728
682
625
618
1001
1346
644
642
636
590
1298
1299
602
833
640
836
832
1427
853
630
884
638
908
890
856
838
908
845
971
885
971
931
969
1097
1265
1114
892
1081
727
1546
1829
750
1227
783
748
1111
751
824
1056
1285
1036
1163
1010
902
904
951
871
945
856
1069
681
736
695
689
789
1299
1657
834
864
654
624
744
1532
1721
657
608
647
1106
885
1374
661
642
651
735
852
1755
1439
705
710
802
915
720
2313
1180
1068
1074
954
876
2371
2174
944
783
692
950
1113
1233
714
928
973
873
894
1588
2076
1028
1016
889
877
1063
941
958
1192
1171
1431
1002
1449
761
902
1025
1338
1632
1301
1272
1208
951
1259
1158
1303
882
2042
1276
754
1141
1064
899
1069
979
915
1009
983
956
1238
1444
749
798
938
895
953
1081
660
783
903
909
1152
1017
1968
869
833
938
1392
1226
2109
725
874
1073
952
968
952
955
972
898
988
801
2975
2270
925
880
870
784
751
1925
1413
1129
1573
2007
1011
856
1175
984
1145
899
1067
1289
1408
790
901
779
856
765
1010
929
894
1256
992
997
684
684
661
759
665
721
1117
656
819
1135
706
1601
1190
717
695
735
661
2254
841
833
624
1123
3325
1556
1605
1447
704
707
1003
1025
820
1016
1468
1630
960
1134
1374
1553
949
1021
2939
1302
1076
1018
969
1449
1046
2128
1197
1201
1059
1185
1031
1077
1353
1054
986
1208
1202
1155
980
815
1037
1875
1652
780
794
705
1109
1481
985
758
962
914
892
939
1046
786
850
1201
751
1484
888
840
732
913
722
780
928
887
987
677
1201
1094
824
693
661
647
1785
1437
700
596
650
776
881
1995
598
770
709
1505
979
688
734
663
655
1250
1718
621
717
827
1120
729
2324
973
848
722
1018
1067
914
935
1060
946
983
895
704
968
1317
854
758
882
1046
1160
816
674
812
917
789
753
873
650
672
922
625
646
700
671
881
644
665
770
591
604
833
840
862
629
633
613
804
981
823
590
609
632
1050
1258
801
700
631
641
1254
834
839
868
855
854
844
704
801
841
703
672
616
832
832
809
669
692
638
619
715
640
623
780
921
1347
620
632
635
711
1098
1145
621
663
680
627
973
1219
627
635
881
863
645
819
764
855
852
835
1074
711
631
658
619
669
661
642
661
815
685
688
666
858
897
902
954
878
1004
1021
1039
1114
1444
936
702
632
672
907
1095
754
722
599
683
678
920
826
2285
849
630
634
614
1064
658
679
649
672
644
662
643
747
767
638
635
844
618
643
751
658
797
665
609
674
626
659
1741
625
656
604
821
617
1341
637
814
810
641
656
1172
646
702
679
602
645
622
1142
611
762
645
729
749
631
618
736
603
737
631
769
1207
671
592
673
806
625
1121
676
720
854
1146
718
620
607
634
711
872
678
634
635
650
638
718
588
999
692
621
667
632
685
1154
682
596
809
771
959
932
750
754
627
1100
605
1201
971
1547
968
1081
659
676
942
1184
1197
1010
905
894
889
925
900
1158
911
1217
1147
988
663
997
793
941
792
847
1696
949
700
682
1010
801
1525
2508
690
767
693
639
1077
905
776
660
734
660
729
949
1157
1441
1267
1375
725
675
582
987
605
1133
628
705
661
985
627
974
623
863
856
922
612
749
641
640
682
817
1422
1628
597
669
668
645
737
1743
911
765
775
776
970
990
914
1049
710
726
732
1226
1098
984
1031
817
989
763
1464
1140
1813
1166
871
777
676
916
672
871
637
650
644
1968
628
629
641
625
1591
614
656
663
629
701
2176
672
650
685
639
1504
650
687
614
650
1113
620
652
625
621
895
1359
635
669
653
714
2077
650
663
657
598
760
1399
892
658
649
830
715
827
585
605
660
670
679
707
967
762
1106
754
