4243
4339
4358
4401
4441
2474
2307
7481
869
1763
597
534
2245
1894
1822
5016
844
710
666
643
670
614
646
707
821
970
768
667
642
626
698
727
765
794
841
857
843
1084
1121
1143
1186
1222
1268
1315
1355
1370
1417
1472
1531
1573
1577
1609
1665
1717
1837
1828
1379
1374
1414
1461
2172
2283
2312
2264
2271
2422
2475
2532
2565
2573
2528
2539
2566
2560
2563
2557
2553
2527
2549
2556
2568
2577
2637
2706
2739
2787
2780
2769
2798
2839
2910
2955
3022
3091
3154
3201
3238
3258
3286
3323
3350
3389
3460
3450
3469
3470
3476
3511
3495
3500
3496
3490
3524
3557
3575
3609
3635
3689
3751
3780
3898
3913
3974
4030
4043
4042
4056
4115
4133
4159
4181
4184
4183
4170
4161
4193
4195
4204
4252
4295
4334
4379
4456
4479
4523
4572
4621
4651
4621
4609
4636
4619
4652
4660
4667
4715
4781
4856
4909
4949
5031
5042
5060
5118
5113
5183
5216
5245
5276
5367
5424
5454
5505
5508
5496
5498
5521
5592
5597
5632
5696
5732
5778
5813
5876
5947
6006
6010
6007
5968
5978
5941
5943
5928
5930
5957
5960
5760
5792
5597
5616
5657
5238
5200
4724
4727
4711
4668
4670
4477
4551
4202
4178
4197
3795
3787
3778
3798
3835
3426
3394
3118
3120
2918
2913
2941
2705
2715
2397
2392
2185
2190
2153
1925
1950
1542
1578
1605
1449
1412
1217
1234
1020
1036
1047
740
980
566
606
649
696
976
579
614
518
625
887
603
834
608
662
534
594
825
650
975
609
635
697
740
969
565
606
635
662
1040
563
818
566
610
545
590
859
604
826
600
608
513
584
881
638
903
585
641
574
607
812
602
974
587
633
610
643
767
601
992
641
707
733
674
986
596
627
648
716
1025
616
826
620
676
691
723
885
602
991
607
678
663
739
983
605
809
626
633
618
680
1335
925
980
751
793
706
737
1030
605
877
606
614
514
591
819
599
1058
612
647
704
678
990
593
611
628
657
972
565
856
625
663
575
597
810
581
1134
599
618
674
589
776
608
667
528
596
819
583
1010
598
627
632
654
997
596
667
663
682
988
583
809
619
662
555
605
769
607
1062
587
597
602
607
895
612
610
624
663
964
598
832
622
669
557
596
822
587
982
603
624
626
656
973
598
648
615
656
960
599
815
586
663
554
626
803
580
1002
627
652
675
683
863
611
993
613
616
670
683
987
564
606
654
677
907
571
779
622
632
552
614
789
597
868
608
624
559
601
936
596
640
636
665
987
604
821
584
630
909
943
990
762
853
595
651
562
594
807
598
1017
621
678
729
718
1059
605
664
644
662
879
618
982
617
651
562
612
822
625
849
602
628
538
598
828
649
1053
612
662
682
724
985
630
709
666
667
982
578
807
575
595
635
675
1009
612
950
596
638
683
568
967
600
639
681
574
878
608
674
588
600
915
583
594
532
577
984
599
684
684
549
866
595
998
593
608
665
594
840
611
619
537
598
919
568
619
647
684
1022
580
925
584
636
694
626
800
616
630
577
620
923
582
582
510
547
1080
615
605
620
641
896
608
918
596
616
648
690
1011
591
628
543
614
827
608
987
591
601
675
603
773
619
651
563
595
773
583
1065
611
623
662
571
810
599
642
542
595
941
594
622
645
685
986
637
839
610
672
558
625
864
629
917
641
735
727
687
987
611
633
686
719
978
588
822
612
641
583
605
853
622
1074
603
674
712
744
990
604
639
555
624
827
600
983
608
656
714
735
972
600
629
541
593
841
600
1003
582
654
726
693
1110
626
689
591
655
864
610
1027
613
662
673
602
858
612
637
563
617
812
584
980
634
679
701
605
861
611
642
548
623
815
603
991
594
608
614
643
895
646
652
529
584
858
578
1050
616
647
707
777
1018
629
704
523
560
790
627
1044
621
602
615
602
891
576
610
647
684
1000
623
808
609
649
551
577
933
560
592
617
677
1015
602
774
587
574
570
634
864
610
944
623
638
659
708
913
612
605
671
747
977
575
773
582
615
550
585
813
585
862
628
680
579
656
1014
601
582
644
709
1019
612
836
595
629
540
595
821
578
966
590
605
629
648
937
563
579
645
710
999
587
932
599
601
640
671
977
594
617
526
556
793
654
1009
612
621
629
583
857
607
636
529
584
961
600
634
670
705
986
614
903
634
628
772
609
823
594
629
560
603
933
611
645
660
707
986
606
951
608
663
711
703
995
609
683
669
686
5631
1067
1599
1404
1952
1178
1303
1265
959
999
983
1011
1048
1088
1129
1176
1195
1222
1268
1320
1338
1393
1601
1651
1672
1614
1634
1661
1714
1762
1804
1871
1801
1732
1696
1604
1522
1569
1478
1378
1305
1214
7207
5894
5687
5587
5404
5351
5208
5063
4968
4790
4798
4787
4801
20879
20873
20887
20926
20927
21032
21078
21123
21147
21129
21152
21036
21043
21078
25202
25229
25264
25249
25213
25248
25206
25195
25252
25217
25236
25223
25219
25285
25294
25333
25412
25456
25482
25510
25561
25676
25547
25528
25627
25751
25854
25869
25960
25999
25894
25893
25831
25743
25763
25323
25366
25158
25237
25347
