2640
2968
1269
1051
3566
5154
2478
2267
2297
2313
2351
2386
7066
1555
1771
1331
1280
1243
1243
1284
1471
1535
4578
705
684
766
812
728
681
695
716
726
713
808
883
929
1831
1884
1913
1800
1795
1814
1849
1907
1920
1967
1901
1884
1813
1867
1978
2254
2325
2021
1821
1866
1620
1637
1630
1619
1630
1642
1663
1678
1733
1719
1167
1173
1262
1337
1263
1267
1298
1319
1273
1254
1257
1288
1334
1400
1454
1492
1560
1571
1640
1565
1578
1574
1590
1617
1674
1741
1857
1861
1895
1895
1912
1958
2020
2073
2143
2132
2150
2187
2209
2267
2317
2352
2413
2443
2489
2527
2587
2646
2703
2794
2824
2843
2837
2848
2869
2883
2870
2914
2983
3003
3053
3101
3144
3206
3262
3345
3396
3405
3438
3446
3440
3468
3501
3503
3522
3537
3611
3676
3778
3856
3901
3976
4057
4112
4163
4234
4257
4326
4364
4401
4421
4513
4279
4319
3918
3986
3623
3678
3683
3155
3149
3059
3077
3159
2584
2602
2257
2266
1920
1906
1897
1351
1318
1329
1358
1440
856
1067
576
595
670
607
1127
583
659
527
646
1199
621
879
605
609
509
613
1072
592
651
540
615
1210
620
1110
618
643
657
656
1141
590
622
602
654
1146
561
842
600
564
519
578
1082
579
602
611
625
1129
610
977
574
639
637
566
1180
599
604
607
623
1120
606
825
586
608
561
614
1044
583
593
624
658
1139
610
860
613
667
539
612
890
589
1105
632
687
776
660
1092
644
640
539
570
1117
586
1017
586
652
647
615
1084
591
656
598
631
1165
606
900
629
653
572
611
1147
632
1217
624
692
822
607
924
609
683
630
602
864
613
1034
593
600
755
615
883
607
633
573
601
1038
591
633
504
577
1109
598
1167
615
619
528
602
1029
600
637
550
622
1109
610
920
594
648
544
612
851
600
1071
608
647
780
603
840
626
642
545
595
875
595
1067
599
643
792
570
883
606
640
556
613
902
600
1109
626
665
698
606
1080
602
628
551
579
868
610
1058
628
658
756
584
907
580
586
550
613
916
621
1050
603
638
724
703
1190
577
644
588
630
713
566
1197
622
648
733
611
869
601
636
600
610
1049
609
608
527
592
1090
594
882
598
614
515
587
1049
607
662
655
593
990
598
1071
615
664
677
588
1059
581
618
544
573
871
605
1166
595
616
859
601
868
607
649
501
563
1096
587
633
573
587
1148
615
984
606
631
675
556
1104
593
614
516
563
1114
588
592
559
556
1076
601
1078
590
621
563
575
1149
596
624
553
629
999
605
1076
590
659
797
576
981
622
653
562
602
872
589
1093
596
627
751
605
991
577
606
543
588
1097
611
619
590
590
1069
562
1019
558
578
610
524
1138
623
637
548
592
1026
572
606
551
553
1033
529
933
618
605
504
605
1061
618
689
531
565
1112
631
1044
577
588
593
582
1127
613
648
570
573
870
582
1102
589
583
796
583
866
564
607
547
607
1014
593
643
653
661
1147
628
1013
626
685
670
606
1091
590
664
555
596
903
630
1079
593
612
693
603
1095
591
613
565
597
1034
612
624
527
610
1175
587
1043
614
652
696
591
1078
603
617
545
631
885
609
1073
605
611
676
593
1135
625
638
505
599
965
593
1064
609
619
657
578
1112
590
617
509
603
1135
547
596
521
597
1170
576
884
595
595
551
614
986
590
638
598
641
1167
580
1042
598
597
704
584
933
586
614
558
575
1045
614
626
564
582
857
642
1079
608
631
695
576
1121
602
617
526
565
881
585
1150
550
551
749
582
1093
586
577
775
561
850
595
648
506
570
922
580
1104
602
630
758
592
995
620
665
677
583
1055
615
700
635
675
1121
605
1021
612
662
710
651
1028
567
1102
600
631
656
581
1102
598
673
576
570
1069
610
910
600
565
543
615
819
598
1075
567
600
682
554
1132
603
624
580
596
918
590
1084
606
619
615
626
1102
597
861
586
646
556
611
922
580
1060
571
578
600
598
984
574
1062
572
600
692
593
1071
607
641
527
592
927
580
1062
589
630
675
577
1115
627
669
509
582
987
589
1053
571
611
533
575
1100
585
843
590
629
542
570
999
574
589
546
561
1138
582
853
609
634
499
578
3790
1332
1230
2125
902
1004
1155
1084
1052
1055
1083
1078
1108
1113
1084
1062
1062
1097
1095
1114
1087
1098
1110
1123
1087
1158
1130
1373
1908
652
674
682
710
791
841
835
870
925
965
980
1045
1091
1155
1215
599
589
596
697
756
797
907
968
1012
1106
1178
1081
1182
1242
1133
1153
1187
1296
1410
1450
1478
1525
1554
1599
1663
1745
1838
1903
1971
2024
2094
2135
2188
2224
2277
2310
2349
2406
2451
2506
2537
2616
2614
2627
2665
2709
2723
2814
2892
2964
3041
3099
3127
3133
3172
3215
3263
3347
3445
3495
3540
3614
3654
3729
3792
3831
3896
3941
3977
4034
4059
4068
4104
4132
4190
3944
3956
3343
3415
3452
3312
3409
2830
2805
2670
2690
2724
2292
2314
1751
1776
1639
1666
1696
1152
1074
849
862
587
646
929
624
968
627
658
545
619
893
573
1065
604
615
661
655
1134
590
601
572
619
1155
579
847
584
614
575
620
1189
579
855
