7566
7627
7701
7763
7780
7829
7978
8083
8164
8209
8210
8184
6382
6284
18692
7142
7152
5999
6068
6151
5849
5417
4167
4529
770
808
717
689
771
777
791
812
826
846
921
944
1004
1024
1064
1138
1232
584
1485
1025
648
650
692
693
692
739
762
860
923
932
971
984
998
1062
1140
1197
1229
713
685
649
566
1447
998
910
930
961
1006
987
996
1063
1073
951
1040
1104
1103
1136
1160
1239
1333
1380
1446
1491
1549
1581
1606
1628
1655
1675
1879
1905
1921
1937
1948
1952
1985
2043
2082
2134
2167
2185
2204
2194
2207
2227
2281
2356
2410
2385
2382
2352
2388
2449
2497
2563
2639
2664
2698
2694
2751
2808
2903
2939
2993
3001
3013
3104
3129
3159
3203
3221
3238
3256
3266
3283
3312
3353
3381
3382
3448
3476
3549
3624
3662
3767
3752
3793
3781
3799
3818
3826
3886
3922
3974
4014
4057
4098
4118
4179
4226
4294
4349
4413
4466
4529
4560
4591
4641
4704
4738
4777
4807
4857
4902
4949
5008
5045
5088
5135
5161
5239
5318
5365
5416
5452
5495
5539
5543
5597
5663
5720
5754
5806
5846
5930
5962
6016
6089
6158
6239
6316
6371
6393
6413
6429
6441
6438
6435
6478
6507
6530
6560
6585
6610
6631
6665
6668
6679
6679
6703
6722
6754
6789
6843
6867
6896
6917
6889
6899
6914
6925
6936
6977
6979
7035
7070
7088
7131
7170
7199
7250
6987
7000
6955
7013
7005
6552
6561
6139
6155
6194
6033
6009
5740
5729
5544
5612
5626
5113
5126
4959
5011
5055
4684
4726
4471
4534
4726
4236
4232
4309
4294
4487
4034
4035
3594
3620
3777
3644
3638
3213
3244
3247
3076
3100
2818
2844
2639
2699
2752
2270
2246
2277
2282
2292
1885
1860
1460
1485
1486
1516
1531
1060
1102
1110
1108
1124
730
829
614
803
645
677
965
611
625
655
677
979
598
959
596
609
659
599
831
584
610
547
613
934
621
650
675
708
987
607
896
590
628
698
639
982
618
650
670
703
977
586
998
570
569
578
589
927
640
670
538
561
1031
585
605
601
645
897
559
865
566
607
646
684
1004
596
620
548
584
957
580
607
605
671
990
623
975
592
689
714
678
1032
608
570
591
584
840
606
942
571
586
614
586
834
562
580
552
599
954
582
581
566
583
910
577
903
547
534
648
565
815
593
649
492
564
945
612
678
638
689
1026
585
999
615
628
645
666
939
608
643
558
584
794
574
999
580
592
624
546
755
565
586
550
604
1078
601
630
583
644
891
577
948
559
563
661
591
969
587
610
663
713
1042
606
613
622
636
934
596
895
563
572
591
577
901
602
589
606
651
951
597
650
613
651
992
596
925
597
627
794
818
993
589
651
522
573
816
584
1070
584
756
836
700
847
582
604
526
576
830
629
985
602
625
671
566
971
558
595
608
649
1098
587
619
565
548
799
605
967
593
608
669
572
766
572
580
560
596
901
588
645
665
703
1075
586
922
588
617
725
588
838
580
610
572
593
794
585
999
614
644
681
573
798
575
550
535
577
851
596
993
614
626
662
584
965
607
609
606
632
1017
574
597
540
570
779
604
1053
587
578
675
619
806
587
602
533
602
1025
580
598
631
660
934
615
753
625
664
565
583
907
591
611
627
646
947
578
776
603
648
557
608
927
585
609
644
700
1008
603
935
586
589
606
623
941
602
606
546
583
883
626
958
558
575
670
711
1111
695
706
720
741
1026
591
575
641
673
999
609
938
585
600
625
652
984
608
632
580
601
608
587
555
561
591
626
663
704
738
787
860
910
946
1024
1072
1141
1191
1242
1090
1127
902
951
717
759
785
547
1054
579
638
674
581
956
591
634
660
671
1039
585
576
537
568
1014
588
586
575
585
956
578
902
624
624
655
676
1000
591
603
524
533
1010
569
580
573
597
958
587
892
605
631
649
671
943
577
571
547
546
999
594
592
647
694
1052
588
924
590
759
811
830
977
587
616
545
609
816
602
1001
591
573
609
569
1026
587
585
608
605
1790
611
609
607
593
611
661
875
582
617
619
634
971
623
667
525
685
761
588
986
605
598
618
619
897
609
604
503
579
840
611
1018
643
682
722
705
976
577
592
501
546
842
616
927
592
638
664
569
838
605
653
656
690
1034
612
765
583
615
492
599
850
602
970
622
677
829
625
777
579
594
601
631
900
608
861
600
628
539
610
774
582
905
614
639
599
635
821
614
975
587
658
683
693
1021
600
583
604
660
765
593
988
572
587
607
642
774
567
995
581
582
624
662
888
5619
1420
1333
994
917
945
1340
1217
1271
864
894
860
914
851
891
873
903
951
1030
876
766
758
757
766
721
705
753
739
786
747
715
728
716
742
750
755
751
737
754
722
761
904
754
763
764
739
721
766
720
844
846
829
1245
1244
1556
1275
1852
2738
3344
3365
3380
3403
3450
3487
4018
1230
1876
2373
3014
3572
4424
5037
5926
6517
7440
8072
9080
9133
9834
10865
11461
12327
12873
13119
13058
13057
13064
13038
13017
12989
12971
12959
12933
12889
12328
12321
12349
12332
12343
12389
12482
12432
12421
12420
12434
12466
12521
6982
6994
