7563
7375
7411
7179
7174
7164
6592
6646
4111
5844
5936
6460
2234
1229
2359
1534
1219
1015
6625
819
685
660
703
731
754
808
864
930
973
1043
1130
1189
1286
1385
1457
1461
1539
1030
960
1121
1131
1012
1114
1129
1131
1136
1158
1195
1205
1268
1287
1165
1210
1244
1271
1298
1333
1352
1360
1365
897
978
595
586
1300
626
692
744
671
687
676
786
762
824
892
944
974
1046
1133
1210
1145
1177
1212
1291
1320
1409
1496
1563
1661
1664
1687
1540
1592
1637
1728
1763
1771
1770
1808
1835
1924
1950
2000
2008
2036
2096
2094
2109
2150
2204
2247
2298
2308
2303
2315
2349
2388
2435
2509
2550
2589
2598
2587
2623
2691
2764
2842
2914
2965
3030
3066
3112
3141
3203
3266
3342
3404
3458
3455
3497
3558
3589
3676
3740
3785
3825
3906
3923
3987
4040
4093
4111
4160
4178
4222
4297
4359
4427
4440
4493
4533
4615
4684
4723
4773
4829
4872
4942
5005
5053
5083
5103
5164
5203
5247
5318
5375
5464
5455
5489
5532
5547
5580
5614
5624
5699
5751
5755
5767
5318
5321
5039
5081
4804
4829
4847
4549
4567
4166
4172
3903
3920
3901
3684
3679
3201
3245
3141
3075
3090
2783
2779
2582
2540
2545
2235
2259
1782
1825
1789
1724
1720
1243
1279
1065
1091
1120
846
942
615
656
547
610
846
638
1009
594
666
703
690
1018
604
651
663
687
1069
552
790
566
574
519
584
882
601
869
599
638
530
580
826
576
927
617
657
528
579
850
582
1045
602
618
624
673
835
559
974
612
667
706
645
1011
608
628
598
640
1024
628
873
627
685
661
727
918
622
1043
613
679
642
719
1465
1658
1363
2186
2352
2285
2284
2210
656
628
649
682
708
738
778
855
917
990
1031
1124
1183
1211
1244
1301
1354
1369
1385
1454
1523
1468
1579
1445
1474
1505
992
1064
763
803
623
634
834
528
1092
583
627
816
556
777
554
575
503
578
852
552
970
553
593
641
589
1037
582
624
620
675
1091
545
811
572
614
533
583
808
578
1004
579
597
628
654
1032
603
588
632
686
1072
593
792
583
633
555
587
843
569
997
605
631
667
662
1034
612
639
626
703
1097
580
793
559
605
556
604
840
569
999
617
636
677
682
884
610
1004
606
653
670
707
1073
602
635
645
685
1023
590
832
615
642
564
618
834
597
920
616
680
537
601
1002
595
629
612
650
1058
585
829
597
582
544
615
889
593
845
572
657
559
577
750
577
1004
596
640
702
662
1058
614
593
572
579
895
605
987
592
629
542
583
886
604
847
637
624
536
583
856
614
1039
611
657
686
707
1060
631
674
651
683
1031
576
813
577
619
603
645
1040
624
1002
581
618
696
545
923
646
649
708
566
860
582
594
582
633
980
593
599
536
586
961
589
679
618
522
792
616
1024
613
619
677
583
895
641
663
538
583
963
581
608
602
573
1012
601
1007
559
644
713
615
811
610
631
523
630
975
587
643
565
600
1039
623
632
659
690
1062
608
918
595
625
667
696
1043
573
625
523
606
924
614
996
604
638
707
570
840
592
662
505
599
920
613
1067
611
648
700
575
855
611
652
556
576
940
588
604
632
660
1029
625
844
617
653
553
621
836
626
1039
632
665
665
699
1015
593
626
632
680
1000
589
856
614
663
540
608
825
602
1004
583
609
667
706
1017
592
602
547
627
840
601
1052
612
649
685
708
1016
611
645
550
576
841
587
1016
591
603
639
647
973
614
655
501
571
866
579
1049
612
635
722
592
839
616
656
557
602
808
602
1038
622
710
740
570
876
608
651
537
602
813
617
1027
578
614
646
680
990
603
618
529
592
906
579
975
575
650
684
661
1033
613
637
548
572
842
602
1037
586
607
625
627
937
588
586
624
676
1078
610
832
609
639
539
595
1002
584
622
602
643
1081
642
813
584
617
547
635
890
634
1016
626
696
757
736
1078
633
656
685
742
1057
592
813
586
611
525
583
863
586
911
626
677
589
607
963
613
623
632
645
1037
599
800
590
633
518
640
895
577
1034
617
608
624
650
1027
580
625
628
692
1024
571
957
591
598
624
636
998
597
636
597
619
850
648
1053
608
629
624
554
893
605
659
542
590
972
606
680
646
670
1037
626
1022
630
644
724
603
823
599
650
547
610
954
613
680
586
679
1040
617
966
604
627
667
645
1043
594
616
654
689
1016
627
992
623
662
759
619
914
573
612
673
1357
1275
1337
1022
946
1024
1400
1458
1141
1075
936
852
928
884
908
871
885
863
893
647
906
722
729
798
865
744
733
725
719
730
738
760
1494
967
790
633
652
744
713
726
765
809
867
937
983
967
1035
1124
615
736
698
720
761
814
842
934
960
1004
1091
1123
1192
1215
1234
1332
1278
1305
1366
1378
1415
1467
1517
1599
1621
1651
1690
1735
1806
1889
2024
2129
2165
2226
2157
2204
2211
2219
2276
2338
2414
2430
2441
2419
2424
2437
2462
2548
2608
2655
2665
2686
2688
2691
2748
2732
2778
2308
2279
2085
2116
2125
1834
1885
1334
1331
1380
1349
1424
973
1023
973
991
1011
602
902
636
675
529
614
