2495
2882
1045
788
849
5145
979
2108
1783
1162
580
712
555
2526
1895
1200
4245
727
637
786
676
627
622
676
717
747
732
796
793
838
841
850
864
924
948
992
1051
1044
895
646
660
656
671
692
1404
611
656
727
761
778
812
823
828
852
917
581
1029
997
1163
1201
999
1028
1051
1099
1123
1188
1071
1103
1183
1199
1256
1346
1371
1455
808
852
905
951
953
1001
1076
1065
1163
1211
1263
1210
1303
1400
1502
1546
1583
1642
1742
1817
1886
1813
1880
1884
1887
1916
1950
2032
2118
2162
2240
2265
2303
2366
2414
2486
2611
2697
2733
2749
2761
2800
2790
2825
2887
2720
2807
2595
2600
2661
2396
2466
2038
2081
2075
2034
2115
1636
1699
1580
1618
1662
1163
1216
979
1020
839
887
906
667
922
651
681
514
576
819
600
1051
602
616
683
579
840
596
661
554
628
848
617
841
637
684
539
562
970
584
629
706
721
995
594
892
626
650
534
560
779
611
1038
653
709
768
731
1003
588
649
605
645
804
602
1000
613
652
708
729
1068
618
661
546
618
840
611
995
603
625
709
709
972
624
656
524
564
857
601
979
599
618
667
729
962
611
644
531
593
866
626
1023
615
648
684
562
894
598
629
539
588
955
613
638
684
717
982
613
877
623
659
549
633
952
621
641
673
694
982
609
807
654
700
561
600
959
601
620
667
677
998
599
928
594
638
643
681
998
600
645
625
680
1040
619
822
614
682
574
607
945
628
664
690
730
853
610
1041
629
679
497
625
870
625
883
590
682
564
578
924
603
676
694
791
1124
578
827
557
614
527
585
822
580
955
571
644
711
696
1049
578
588
567
604
827
580
948
617
622
679
590
862
597
642
498
570
923
622
1003
625
662
694
738
968
556
560
549
596
793
626
1008
558
621
654
666
1067
605
673
708
712
994
606
787
591
630
543
587
966
621
621
665
694
952
601
827
592
611
552
606
819
614
1012
621
651
721
627
858
652
643
561
616
813
586
1004
615
656
694
585
1229
1028
748
764
794
821
612
798
633
659
523
2127
1373
1800
1252
1710
913
933
2004
2004
2043
2089
925
945
959
959
984
1015
931
842
747
679
843
1281
1421
2094
2076
2490
2389
2403
2215
1649
1197
1194
1224
883
797
914
939
970
998
1073
1125
1170
1210
1235
1308
1393
1479
1539
1529
1591
1607
1653
1693
1799
1875
1906
1947
1992
2014
2089
2122
2194
2293
2322
2369
2382
2417
2470
2532
2591
2657
2729
2770
2760
2793
2637
2703
2761
2350
2371
2271
2333
2357
1951
1979
1721
1754
1439
1443
1492
1048
1086
1117
1076
1109
692
1000
596
710
743
715
1030
597
688
648
722
1035
593
938
593
616
690
713
1004
601
653
667
711
1098
608
954
628
661
700
753
992
598
619
673
732
1012
610
814
583
607
521
586
801
587
1017
587
625
701
612
823
580
585
550
601
803
575
1022
571
591
696
601
832
607
646
557
604
808
634
995
542
598
725
624
897
603
654
543
601
946
595
601
617
658
979
604
825
606
610
528
554
801
588
1029
605
635
657
557
807
586
665
544
596
926
595
703
649
716
1012
596
975
613
600
685
690
1009
600
629
546
648
871
587
945
576
568
654
587
799
585
582
534
570
998
585
611
535
555
1145
647
946
578
612
719
605
835
617
660
529
587
966
586
618
540
608
985
605
801
608
617
550
587
997
594
607
633
650
989
592
813
629
618
555
564
824
575
1031
615
684
738
742
992
580
627
614
643
1015
713
844
619
609
652
665
988
613
676
628
650
981
587
859
611
667
551
577
782
585
1050
632
616
644
666
844
608
1048
584
613
622
598
975
586
621
643
679
941
618
812
619
661
539
593
821
614
1033
635
582
614
637
889
608
668
613
676
898
591
1095
642
709
737
797
1048
606
845
620
674
527
590
798
591
876
584
617
609
661
951
609
902
612
647
622
698
1087
637
831
596
632
561
566
771
593
883
603
630
563
611
823
592
979
603
634
675
718
999
618
632
634
689
848
668
948
562
591
608
606
927
578
797
591
625
541
606
918
597
868
595
615
536
628
946
602
618
639
665
1015
609
816
604
620
628
637
1107
611
774
577
583
533
602
862
581
960
575
570
591
645
955
576
653
543
631
1064
592
2164
1290
1380
1322
973
1823
1867
1899
1873
951
1266
1235
907
941
886
879
861
898
896
893
822
790
948
887
895
891
919
919
787
873
634
601
614
679
657
695
765
813
874
916
976
1039
1128
1226
1294
1429
1362
1147
1177
1253
1377
1414
1485
1449
1495
1523
1592
1621
1669
1067
1094
1096
1125
1154
1230
1253
1212
1181
1278
1300
1221
1270
1340
1320
1365
1199
1231
1231
1256
1289
1369
1385
1433
1440
1463
1503
1544
1582
1593
1638
1634
1632
1664
1686
1679
1728
1745
1766
1774
1807
1839
1907
1960
2002
2098
2127
2154
2199
2222
2294
2308
2352
2452
2489
2554
2562
2625
2715
2784
2840
2915
2963
3004
3009
3049
3082
3124
3189
3309
3304
3340
2774
2835
2908
2894
2972
2483
2485
2357
