6909
6961
6974
6987
7033
7088
7134
7195
7248
7275
7302
5277
11374
11259
11213
11205
11195
11186
11209
11267
11407
11479
11562
11695
11780
11851
11943
11979
11670
11568
11570
11822
11882
11819
11783
11819
11726
11295
9228
4614
4651
4678
4655
4761
747
1439
565
1055
2342
2356
2374
2385
4306
1894
1901
2775
1797
1743
948
955
2670
1258
926
830
5385
1104
809
729
690
670
682
755
807
846
860
931
996
1065
1115
1107
1135
1143
1175
1202
1224
1247
1290
1279
1322
1356
1412
1412
791
556
615
603
697
730
819
792
805
824
868
749
790
829
866
927
956
966
964
962
1000
1065
1129
1129
1148
1162
1170
1207
1277
1317
1385
828
909
922
966
1068
1122
1085
1099
1096
1097
1105
1120
1200
1229
1134
1150
1168
1180
1208
1260
1344
1423
1440
1467
1503
1584
1655
1752
1834
1901
1945
1948
1923
1967
2042
2112
2170
2215
2242
2273
2335
2409
2474
2518
2532
2528
2525
2569
2571
2613
2640
2663
2686
2695
2732
2782
2822
2848
2886
2920
2961
2973
2998
3026
3101
3152
3207
3258
3314
3364
3365
3430
3495
3572
3633
3683
3751
3797
3847
3897
3951
3967
4013
4031
4065
4146
4208
4229
4267
4285
4287
4316
4334
4384
4462
4539
4583
4659
4721
4779
4875
4913
4959
4951
4942
4940
4949
4967
4967
4978
4985
5063
5153
5218
5248
5285
5283
4878
4788
4806
4824
4837
4872
4922
4960
5029
5066
5142
5165
5252
5303
4579
4602
4511
4525
4539
4200
4249
3790
3830
3836
3850
3870
3421
3432
3367
3392
3448
3032
3031
2613
2625
2562
2587
2662
2202
2258
1939
1915
1730
1772
1791
1516
1567
1218
1239
1087
1095
1135
914
1068
614
633
653
677
927
599
613
667
705
1054
596
773
582
655
584
616
1091
593
854
595
617
574
582
790
588
1075
594
615
624
683
1333
651
700
614
690
932
632
1069
635
696
674
718
1047
606
800
581
674
611
684
1100
625
955
569
586
612
647
1060
602
798
622
643
522
593
970
605
615
663
721
937
580
1011
599
640
656
671
999
593
907
581
591
588
566
889
600
625
575
592
1019
601
632
558
591
798
593
1046
582
592
652
585
953
617
649
678
565
837
606
651
548
598
951
612
665
530
588
836
622
996
612
680
775
599
831
584
621
528
587
977
605
641
566
624
1000
613
629
675
713
1039
716
960
596
621
638
667
981
641
688
518
582
930
590
987
601
614
696
613
813
599
672
553
597
846
596
1055
689
617
663
653
881
593
645
541
616
934
605
667
503
598
850
623
991
591
664
811
596
864
605
651
507
578
1047
594
607
668
700
1022
607
859
616
665
538
602
1066
601
621
661
680
1021
599
857
606
647
544
614
827
627
1071
630
681
727
754
1039
610
659
631
689
1014
614
1099
616
620
641
652
955
597
664
650
710
1007
604
815
621
637
558
582
767
602
1065
600
623
630
648
976
604
663
563
588
843
598
1006
593
611
688
633
867
616
647
549
613
833
602
986
617
650
682
574
825
599
620
553
581
978
618
630
560
581
789
568
1035
593
624
684
713
960
589
614
627
619
984
569
955
618
620
633
655
960
566
620
651
666
978
595
946
599
601
606
618
992
573
612
661
697
947
624
946
622
631
642
637
1008
630
679
700
771
1114
592
805
624
616
577
679
848
613
998
613
663
703
741
1097
655
705
546
573
821
588
1053
599
675
736
704
1020
600
657
545
566
792
616
1044
617
695
753
707
1015
609
671
505
573
860
579
974
622
667
683
621
991
605
637
693
708
949
630
831
603
635
529
594
818
584
1004
636
676
703
730
970
588
664
665
711
1028
622
834
597
659
515
565
958
541
626
596
685
1040
577
941
565
605
648
666
1070
586
630
504
561
909
617
1029
596
592
654
563
784
598
620
566
591
953
626
654
670
694
980
598
837
614
648
512
593
996
580
615
603
641
1011
631
845
608
641
547
620
844
635
1015
618
643
657
664
974
587
634
545
609
835
602
1343
903
917
977
876
905
653
715
523
620
996
639
634
651
702
1051
591
948
600
645
826
591
874
609
627
542
614
812
601
992
613
651
697
578
966
612
627
664
689
1106
604
621
658
716
958
617
1035
602
626
663
676
1058
602
674
497
543
1017
599
646
538
584
993
590
603
637
671
1039
618
841
635
668
553
591
917
607
517
546
607
850
619
1012
618
644
696
702
1005
592
615
546
588
849
586
995
616
645
706
789
1055
644
712
691
1663
1375
1319
1740
1304
1468
17490
3169
881
771
694
772
560
1184
1169
2038
653
653
639
524
1176
530
2014
1243
1248
2130
696
2124
698
621
699
619
651
712
755
790
804
880
913
961
980
1003
1010
1005
1045
1079
1090
1117
1154
1160
1164
1200
1197
1190
1207
1258
1306
1333
1404
1438
1500
1539
1543
1559
1587
1654
1707
1726
1758
1806
1806
1849
1872
1881
1926
2000
2042
2099
2124
2111
2153
2169
2190
2270
2329
2383
2395
2408
2480
2542
2576
2644
2716
2779
2772
2789
2810
2834
2843
2885
2954
3003
3058
3122
3244
3334
3381
3424
3477
3517
3593
3651
3681
3686
3711
3740
3752
3802
3832
3845
3849
3873
3890
3901
