9312
9479
9574
9691
9889
9960
10065
10176
10319
10408
10078
10216
10299
10379
10345
10444
10572
10670
10769
10942
11179
11250
11352
11525
11616
11687
11593
11615
11677
11720
11823
11994
12136
12218
12327
12382
12337
12401
12456
12510
12529
12625
13619
15196
16171
16217
16279
16493
16500
16714
16840
17038
17112
17139
17252
17141
16650
15997
15262
14311
14015
14110
14209
14257
14337
14611
15452
16237
16862
17522
18281
19027
19353
19835
20274
20705
21451
21382
21060
20945
20896
4653
4077
3697
3357
3410
3469
3703
5091
6400
7727
8403
8228
8205
8125
7933
7739
7450
7227
7055
7006
7039
7076
7165
7112
6725
6345
6000
5666
5245
4827
4434
4265
4265
4267
4249
4313
4368
4577
4766
4778
4855
4777
4675
4546
4463
4450
4457
4540
4562
4577
4585
4599
4598
4556
4615
4688
4782
4748
4733
4658
4676
4596
4604
3995
3517
2724
2180
1857
1497
1161
916
900
945
878
844
864
915
833
866
965
1022
1139
1268
1394
1492
1637
1794
1915
2019
2060
2049
2149
2280
2424
2577
2699
2828
2971
3090
3242
3484
3663
3809
4024
4201
4397
4535
4637
4715
4797
4869
5054
5225
5312
5423
5461
5593
5730
5902
6025
6209
6326
6451
6574
6724
6853
7025
7179
7315
7468
7655
7773
7943
8089
8253
8419
8604
8683
8741
8803
8854
8991
9084
9168
9262
9364
9503
9629
9763
9873
9984
10107
10218
10367
10488
10648
10784
10851
10930
11045
11184
11347
11505
11618
11635
11779
11947
12114
12254
12404
12576
12685
12776
12872
12991
13149
13319
13353
13188
13127
13291
13336
13424
13489
13592
13693
13713
13805
13842
13924
13983
14019
14009
14060
14045
13972
13701
13547
13388
13272
13243
13134
13097
13104
13143
13211
13273
13372
13408
13559
13651
13658
13705
13765
13852
13911
14002
14041
14092
14180
14225
14315
14303
14169
14183
14305
14394
14405
14464
14541
14631
14696
14728
14796
14889
14962
15030
15020
15094
15133
15122
15138
15080
14841
14893
14960
15036
14976
15057
15094
15148
15169
15256
15307
15251
15372
14696
14426
14074
13767
13573
13303
13135
12870
12654
12367
12042
11719
11400
11015
10164
9192
8291
7618
7144
6662
6232
5955
5505
5050
5155
5322
5403
5487
5553
5709
5863
6035
6151
6281
6358
6464
6511
6607
6723
6766
6822
6944
7026
7203
7343
6770
6379
5956
5529
5188
4735
4341
3823
3391
3334
3249
3311
3419
3463
3598
3811
3806
3894
4005
4134
4273
4451
4484
4502
4532
4564
4722
4891
5022
5168
5346
5478
5632
5793
5900
6018
6179
6329
6477
6582
6710
6865
6952
7032
7135
7283
7349
7465
7537
7637
7781
7929
8081
8235
8369
8555
8713
8854
8980
8907
9110
9238
9425
9528
9632
9823
9964
10033
10108
10286
10451
10621
10796
10920
11092
11282
11320
11396
11489
11651
11802
11976
12128
12251
12323
12460
12610
12690
12800
12947
12980
13136
13262
13296
13417
13392
13378
13421
13514
13678
13423
13524
13402
13511
13524
13590
13236
12921
12588
12279
11965
11669
11540
11670
11855
11923
12044
12142
12258
12365
12390
12417
12416
12507
12602
12576
12617
12601
12637
12599
12443
12445
12466
12525
12691
12844
12972
12708
12409
12056
11703
11187
10577
10075
9964
9972
10022
10023
10150
10292
10407
10550
10591
10708
10798
10900
10986
11038
11151
11300
11420
11510
11605
11744
11876
12035
12164
12290
12436
12575
12585
12699
12830
12962
13038
13078
13156
13235
13313
13489
13620
13720
13784
13883
14011
14087
14199
14330
14459
14547
14632
14708
14756
14581
14599
14609
14697
14830
14873
14980
15011
15068
15019
15014
15038
15068
15027
15009
15015
14957
14983
14930
14847
14388
14320
14063
13471
12949
12140
11380
10580
9843
9033
7678
7373
6455
6512
6407
6353
6321
5521
5475
5015
5080
4609
4605
4602
3762
3658
3201
3220
2445
2489
2729
898
2232
874
1160
1745
1120
1948
1925
2278
2707
3247
3755
4442
3855
3218
2595
2569
2733
2929
3050
3101
3162
3310
3482
3606
3748
3905
4043
4203
4372
4515
4696
4879
4979
5136
5320
5502
5687
5786
5912
6049
6214
6378
6522
6652
6844
7006
7138
7299
7443
7606
7739
7889
7983
8072
8263
8364
8468
8509
8607
8632
8723
8838
8951
9095
9263
9426
9547
9722
9847
10008
10155
10337
10446
10505
10632
10711
10821
10931
11097
11225
11332
11401
11423
11446
11483
11500
11524
11566
11552
11579
11642
11401
11448
11433
11557
11674
11580
11219
10874
10514
10242
9840
9430
9095
8782
8911
9007
9105
9222
9311
9427
9536
9604
9738
9933
10109
10203
10221
10285
10388
10535
10648
10749
10712
10774
10880
10992
11129
11251
11425
11622
11799
11935
12051
12084
12243
12380
12437
12521
12604
12681
12723
12797
12379
12519
12609
12659
12777
12769
12876
12407
12523
12534
12253
11926
11608
11295
11006
10676
10708
10793
10877
10908
10993
11107
11242
11339
11399
11481
11558
11745
11934
12095
12232
12371
12424
12512
12616
12647
12768
12910
13030
13166
13190
13343
13419
13516
13656
13831
13984
14134
14065
14154
14198
14145
14220
14046
14070
14131
14110
14176
13899
14047
13783
13938
14079
14138
14233
14152
13814
13484
13119
12850
12599
12290
12198
12339
12492
12612
12754
12890
12940
13043
13135
13315
13472
13524
13614
13716
13843
13902
14037
14064
14173
14301
14374
14542
14670
14831
14893
14979
15060
15147
15251
15267
15299
15328
15265
15312
15295
15369
15414
15037
15025
14788
14844
14841
14907
15155
14886
15032
15168
15343
15298
14905
14656
14351
14076
13686
13364
13110
12646
12340
12476
12593
12735
12760
12877
12946
13025
13039
12943
12967
12983
12843
12837
12863
12842
12796
12842
12927
13049
13125
13151
13217
13335
13068
12614
12292
11992
11715
11389
11066
10837
10933
11026
11121
11219
11393
11528
11644
11776
11890
12004
12073
12236
12319
12396
12626
12768
12932
13080
13101
13261
13373
13525
13669
13814
13978
14137
14302
14451
14592
14690
14829
15075
15199
15344
15483
15600
15711
15837
15961
16090
16263
16349
16435
16495
16581
16694
16783
16820
16957
17090
17242
17244
17295
17329
17261
17313
17235
17276
17241
17214
17239
17341
17472
17344
17438
17551
17718
17816
17637
