3489
3547
3573
3575
3592
3621
3689
3534
3262
3264
3212
3261
3334
3407
1260
6283
6306
6233
6203
6175
6151
6151
6161
6185
4653
2797
2805
2804
2896
2882
2898
2885
2906
2786
2695
2591
2525
2431
2328
2223
2096
2013
1900
1796
2662
2553
2456
2362
2279
2163
3020
3076
3136
3213
2699
2060
2079
2114
2199
2203
1118
2201
2203
2220
2264
2243
2121
2173
2195
2241
2294
2339
2362
2315
2316
2345
1851
1835
1845
1628
1546
1633
1450
1489
1313
1326
1162
1194
1203
602
645
662
762
802
762
793
832
789
867
915
970
701
732
762
806
877
908
964
1046
1035
1089
1149
1190
1230
1287
1355
1391
1421
1458
1527
1632
959
1026
1108
1101
1112
1168
1187
1146
1188
1058
941
1033
1069
1073
1089
1153
1147
1135
1168
1201
1223
1233
1293
1346
1367
1401
1419
1454
1456
1507
1598
1663
1717
1750
1799
1836
1847
1874
1961
2046
2099
2196
2228
2272
2273
2340
2421
2500
2525
2581
2599
2630
2684
2713
2763
2834
2912
2959
3015
3049
3084
3171
3205
3241
3269
3314
3348
3362
3362
3378
3394
3396
3425
3439
3484
3514
3544
3542
3564
3592
3608
3652
3684
3723
3775
3822
3896
3947
3981
4029
4072
4141
4166
4231
4279
4328
4368
4401
4459
4448
4459
4491
4459
4453
4303
4325
4344
3738
3786
3117
3139
3154
3165
3213
2710
2746
2759
2748
2792
2343
2346
1961
1921
1898
1921
2009
1489
1553
1336
1393
1456
1119
1158
719
721
737
602
871
618
632
563
623
1086
575
1130
602
600
753
597
856
624
630
538
582
1050
613
651
541
563
828
592
1057
606
616
637
654
911
603
597
645
727
1070
570
667
607
594
613
628
924
590
645
498
554
856
600
1059
669
577
595
631
920
602
611
557
599
940
591
616
595
648
1062
586
848
564
619
577
588
936
592
606
662
721
1163
616
900
606
671
720
694
1112
560
566
546
577
810
587
1045
609
635
704
628
807
569
588
545
570
780
610
1041
617
652
710
741
1105
617
632
537
609
829
584
1124
587
596
612
601
969
626
622
548
578
819
593
1019
592
622
703
598
880
607
642
525
574
967
598
606
663
713
1071
595
786
576
600
558
581
954
574
586
601
662
977
584
787
575
581
570
588
797
594
913
625
669
568
608
811
612
1008
599
625
715
594
792
598
634
569
603
849
588
994
584
636
647
653
1015
562
579
561
589
816
581
879
594
615
538
584
831
612
997
582
654
716
668
997
586
665
591
635
1072
544
769
577
606
513
571
845
601
839
592
642
564
579
768
576
882
544
617
528
571
803
577
992
610
620
660
707
828
567
1066
615
638
666
649
1007
600
689
622
671
1018
616
822
612
700
653
688
842
618
1109
610
617
612
656
947
595
899
581
604
637
690
1019
665
904
593
606
643
675
1007
562
827
592
604
546
574
832
602
983
591
623
667
662
1037
608
625
642
667
1023
574
814
628
656
507
550
882
591
1085
594
630
714
602
857
576
610
545
611
813
574
1009
592
626
636
659
1069
562
588
619
651
1079
577
764
568
605
526
579
832
590
1040
584
627
660
695
1086
571
584
635
669
958
572
861
606
667
499
573
864
574
993
583
581
600
661
1066
592
679
640
705
1051
588
788
572
588
544
616
813
611
1032
628
661
684
685
889
593
999
599
638
690
717
1046
561
2158
1307
1347
1379
1670
2038
1779
1741
901
1332
1256
889
903
790
993
763
842
725
752
746
762
748
742
735
736
805
593
605
619
664
715
805
875
996
931
579
625
692
704
764
806
839
896
982
1342
1399
1411
1435
1469
1541
1612
1688
1742
1772
1813
1826
1872
1932
2052
2119
2192
2235
2337
2367
2431
2450
2526
2572
2606
2639
2701
2726
2776
2814
2892
2978
3099
3102
3114
3114
3128
3160
3187
3165
3152
3184
3201
2966
2952
2497
2515
2568
2425
2461
2102
2104
1863
1920
1960
1542
1573
1390
1397
1437
1069
1146
1073
1079
1092
637
1000
635
624
637
577
829
629
658
579
615
945
574
630
659
725
1083
606
1046
600
655
702
569
793
575
634
523
604
998
591
616
561
607
1022
620
587
623
647
959
600
918
581
590
597
634
973
556
621
567
604
779
572
990
615
620
653
563
806
573
606
556
606
806
587
1027
600
674
815
604
828
599
658
523
584
995
576
589
579
572
982
617
794
593
621
565
617
847
598
968
615
651
683
747
1046
595
590
640
678
1001
560
796
559
603
569
623
833
587
968
584
595
616
655
946
567
560
566
601
833
596
1012
608
663
680
721
960
590
646
542
597
863
588
971
562
574
616
664
987
598
656
491
565
6401
1704
1249
2037
1408
1697
2131
2129
1963
1976
886
1631
1608
1569
5278
993
902
889
912
912
883
894
843
911
678
866
761
752
764
736
742
740
746
739
710
1276
729
730
788
670
729
730
756
731
775
752
905
752
808
759
2229
916
820
1778
609
1989
795
622
594
1438
1288
763
749
727
736
683
695
757
751
811
890
941
991
1020
1198
652
674
673
735
759
864
961
975
962
1027
1136
1172
1134
1170
1226
1313
1431
1471
1458
1481
1437
1441
1456
1510
1564
1598
1660
1722
1747
