3026
2728
2901
2588
2661
2804
1658
1917
800
1062
1791
580
641
454
479
715
507
847
557
593
489
459
938
489
958
530
502
546
500
997
497
912
514
559
435
482
960
456
497
452
478
1011
482
963
472
474
501
442
1236
526
572
727
709
1403
539
605
526
501
495
493
511
529
970
543
506
509
499
539
497
511
487
498
504
498
1261
1196
522
527
527
556
513
514
492
505
783
690
869
1042
1133
1069
861
994
1137
1311
1409
1437
1495
1867
2045
1974
1945
2089
2277
2595
2904
3339
2066
2171
2427
1522
1842
950
660
702
504
544
562
992
498
567
589
506
610
500
546
652
500
641
507
1147
526
472
614
526
541
517
630
543
550
885
714
951
704
787
897
963
986
1153
926
728
730
589
466
634
490
655
503
572
487
647
638
800
1005
1167
1359
1897
510
495
510
525
1153
500
525
485
551
500
502
910
521
633
511
552
497
529
798
528
673
496
523
500
526
772
703
732
718
819
923
1033
1138
1268
1353
1462
1564
1646
1752
1805
1929
2034
2127
2163
2292
2399
2448
2538
2733
2616
2490
2305
2153
1847
1596
1505
1477
1391
1394
1342
1303
933
1096
969
1142
1245
1311
1412
1506
1588
1710
1760
1856
1960
2051
2178
2374
2358
2214
2105
2100
1586
1416
1299
519
530
1729
895
1628
868
726
723
795
884
892
968
1101
1231
1320
1395
1491
1590
1692
1818
1935
2022
2139
2215
2346
2512
2625
2533
2708
2803
2855
2483
2365
2472
2523
2656
2720
2772
2858
2929
3163
3284
3359
3442
3428
3530
3652
3725
3847
3959
4051
4127
4182
4412
4555
4648
4795
4855
4930
4893
4988
5054
5150
5070
5138
4998
5068
5273
5379
5526
5246
5038
4818
4677
4548
4376
4269
4150
4046
3993
4118
4254
4391
4561
4709
4907
5048
5058
5130
5269
5378
5494
5693
5875
6049
6208
6442
6434
6354
6250
6156
6048
5886
5720
5364
5194
5056
4860
4371
4256
4256
4172
4126
4306
4279
4225
3879
3803
3784
3701
3683
3689
3540
3509
3252
3232
3152
3137
2568
2419
2409
2101
2092
1883
1828
1770
1211
1079
945
823
684
582
467
604
969
585
899
517
625
798
879
1237
744
747
835
650
728
804
941
1149
1310
1398
1351
1251
798
810
736
684
666
650
656
729
826
785
866
831
747
759
714
678
657
678
652
689
513
470
472
508
447
1051
481
1004
531
471
460
479
725
508
1111
510
500
443
498
645
500
1163
488
516
491
537
1021
694
727
506
467
590
480
921
527
455
490
437
974
530
1009
518
483
471
518
716
453
1152
522
475
506
440
548
489
1149
530
446
467
744
960
486
481
511
486
1040
493
540
924
608
1289
502
507
509
515
766
761
1013
485
494
512
504
515
516
522
491
525
851
498
510
490
513
506
528
1351
765
807
803
877
963
1044
1176
1256
1357
1479
1610
1703
1799
1879
1988
2126
2216
2291
2411
2451
2527
2633
2480
2303
2117
1989
1658
1509
1415
1277
1187
1069
953
841
720
935
553
547
468
461
1010
505
511
490
511
491
514
911
706
775
822
984
1041
870
653
636
670
488
437
630
443
541
589
463
665
443
864
480
474
547
463
896
507
1120
486
461
567
427
868
471
456
530
524
731
473
918
464
472
529
507
984
475
466
460
479
1110
461
923
439
484
477
492
925
734
1006
505
472
502
516
964
481
460
518
496
824
499
952
482
446
459
485
1028
557
464
481
462
849
462
953
480
460
471
483
897
483
484
486
510
904
455
977
476
486
455
533
935
483
478
502
478
806
462
1098
484
443
538
436
863
490
513
459
497
905
496
492
466
452
1141
473
667
474
463
473
470
999
482
459
579
463
950
510
742
495
488
474
468
1022
451
458
436
451
1031
474
882
462
483
480
466
1171
565
473
525
492
753
445
832
484
425
504
461
953
454
552
506
477
808
484
1166
508
516
494
642
1296
529
612
476
506
488
501
995
513
540
490
509
1090
477
794
473
535
489
501
851
484
915
622
757
520
461
863
490
505
483
500
782
475
969
464
493
585
488
876
477
458
473
457
956
515
936
533
526
495
513
1118
563
601
499
475
1286
486
656
454
471
639
446
1295
545
457
504
482
699
484
928
494
469
494
430
1185
494
475
477
561
721
469
909
451
482
471
530
832
488
1023
456
496
608
451
1002
510
444
545
494
953
525
994
498
477
466
471
690
486
473
469
509
1141
471
609
450
503
486
517
933
496
1010
487
508
458
491
982
451
476
530
435
959
512
435
462
592
762
509
1054
492
584
505
478
1092
443
456
509
434
967
521
610
503
520
486
445
984
581
1189
501
495
455
471
664
441
500
478
462
915
525
1037
451
512
647
499
1073
488
529
525
496
1115
508
477
534
487
1048
958
822
915
535
688
779
1040
740
775
726
966
670
650
648
678
989
718
699
781
725
606
575
522
613
539
611
703
543
2377
1126
2030
1092
611
452
503
439
487
440
794
1000
774
559
995
472
463
454
433
1118
578
520
622
514
875
500
916
535
463
499
770
1024
572
573
567
506
1020
514
1361
