4406
4433
4491
4525
4552
4609
2866
2627
2610
1816
5089
5092
5068
4981
4936
7694
7683
7649
7654
7633
7661
7641
7658
7654
7708
9202
9114
8986
8862
8859
10164
10087
10160
10174
10372
9883
9931
10032
10049
9074
1852
1191
1885
2163
2192
2002
1766
1502
1498
1281
1244
1307
1290
1232
1230
1241
1254
1285
1301
1321
1363
1390
1451
1504
1549
1661
1726
990
1006
1058
1109
1444
1482
1524
1127
1115
1240
604
667
675
688
724
743
755
790
802
878
938
1012
1091
1178
1221
1311
1386
1410
1035
1098
1143
1136
1124
1180
1147
1195
902
896
895
697
1144
601
600
636
635
836
597
1173
618
623
678
548
790
612
651
526
591
797
601
885
601
634
549
854
610
621
1121
644
658
701
754
1037
605
694
612
651
868
597
1108
600
633
531
596
833
575
1035
606
695
725
667
1030
640
684
604
667
918
632
1099
582
594
594
612
967
583
863
581
606
542
615
826
617
969
604
638
568
625
833
600
998
627
658
712
812
1133
588
635
727
791
1092
619
791
580
604
610
655
1131
580
834
601
606
567
600
884
580
996
572
575
588
639
1291
630
678
636
695
997
610
982
614
674
643
682
1000
605
791
570
668
587
665
1042
604
788
582
618
620
638
1083
618
826
624
659
550
581
947
586
581
621
678
802
558
944
576
602
602
612
1005
600
927
561
607
670
573
804
594
634
578
633
1012
620
655
574
609
854
593
991
600
621
633
625
979
554
589
740
603
854
600
617
525
577
926
595
692
526
586
1228
1129
1184
758
778
808
751
860
637
680
516
572
998
596
644
528
578
941
610
685
638
732
1155
645
971
601
646
721
711
1139
654
700
558
649
880
613
1075
672
718
778
617
895
621
659
491
554
828
602
1073
601
638
690
535
915
574
639
522
616
964
599
630
541
611
811
620
992
586
674
763
591
929
623
639
521
595
983
588
657
649
702
1106
599
813
601
660
496
585
1023
579
646
574
642
1346
608
644
659
712
526
582
880
605
1023
626
704
746
787
1041
604
643
659
718
1038
620
952
618
631
685
718
1049
609
683
654
719
1091
615
824
601
622
506
593
894
617
1026
591
602
647
667
1072
574
618
545
580
846
627
996
607
636
701
633
894
617
632
525
608
820
605
1011
608
653
679
590
831
582
587
537
599
978
615
636
536
604
900
603
981
605
655
695
705
998
580
599
633
661
989
563
932
583
616
654
645
952
577
633
572
657
1024
551
971
557
603
637
669
1063
573
590
605
625
936
566
924
587
599
645
663
1020
591
615
663
693
1009
586
809
609
648
938
950
1010
828
991
607
643
702
681
1028
610
652
549
561
862
598
1006
609
656
672
733
1112
589
629
563
557
814
648
1007
610
655
707
734
1040
609
633
534
585
862
601
1013
600
621
676
694
1008
628
664
708
768
1002
627
862
619
644
556
616
816
586
1040
612
651
694
732
991
606
628
665
719
1016
600
863
594
623
562
609
908
599
675
635
654
989
593
898
591
602
653
661
1018
603
625
522
557
843
590
982
595
628
623
556
847
608
648
551
606
961
612
640
633
660
1005
596
808
596
604
570
651
1037
571
586
649
665
1102
623
810
612
617
569
626
897
610
967
605
636
638
676
1002
579
603
596
616
811
640
1026
580
629
663
542
837
609
664
583
597
955
634
613
651
669
956
589
954
591
633
714
586
887
607
629
542
605
801
604
1027
596
632
719
565
950
602
610
675
682
1091
623
646
690
768
1061
597
1003
581
892
556
578
685
612
669
488
549
1057
558
581
551
553
942
611
674
580
608
724
687
791
854
913
952
992
1044
1062
1113
1141
1183
1229
1283
1354
1357
1397
1429
1322
1357
950
983
734
799
842
550
1071
600
651
661
690
1001
616
651
647
545
848
595
1023
606
669
692
617
1009
614
670
726
742
971
588
799
580
641
518
593
993
580
659
640
730
1051
595
780
612
642
571
605
834
626
1056
621
661
682
608
852
616
694
530
572
962
593
611
634
689
1050
607
854
590
609
562
596
918
611
651
662
722
998
583
836
592
638
523
591
1027
593
601
580
588
803
643
1093
585
596
643
544
842
638
642
554
590
926
565
584
571
608
871
598
965
615
610
627
667
1001
602
653
4330
1425
1394
1334
822
1261
1111
2320
937
836
901
849
1268
1227
878
931
927
1982
945
887
893
882
904
674
850
746
743
732
718
738
742
624
728
747
1315
738
741
739
757
779
757
766
721
764
722
746
723
762
743
754
888
2182
988
626
665
591
605
582
589
609
641
734
748
786
810
833
872
933
968
1002
1001
1023
1110
1130
1132
1204
579
646
667
929
787
696
744
799
891
875
820
847
870
868
855
887
954
962
989
1015
1086
1144
1202
1263
1339
1404
1486
1536
1599
1656
1718
1801
1863
1904
1943
2025
2067
2137
2183
2205
2224
2199
2201
2233
2254
2260
2252
2264
2303
2335
2389
2488
2553
2636
2674
2688
