2897
3140
9538
2279
1606
1322
1289
963
3065
1207
1295
887
1078
509
512
525
506
516
527
539
517
638
554
1136
2267
994
2323
632
1339
670
618
783
670
645
601
615
644
672
714
671
664
704
751
825
586
603
627
1798
654
623
668
695
723
755
726
766
839
897
984
1015
1006
1080
1188
1091
923
1012
1068
1117
1202
1240
1296
1329
1380
1469
1529
1593
1594
1120
1156
1227
1315
1350
1348
1359
1385
1398
1439
1496
1546
1560
1560
1564
1637
1745
1836
1670
1700
1705
1741
1772
1823
1864
1947
2013
2060
2124
2141
2192
2249
2298
2349
2440
2518
2559
2583
2620
2696
2774
2827
2888
2955
2991
3027
3082
3115
3150
3211
3317
3359
3374
3409
3425
3484
3521
3581
3629
3734
3743
3766
3768
3815
3836
3866
3853
3875
3901
3895
3927
3948
3939
3967
3994
4050
4081
4125
4141
4156
4158
4182
4200
4221
4259
4300
4318
4344
4352
4387
4425
4493
4538
4610
4632
4668
4711
4754
4814
4881
4938
4971
4995
5014
5001
4999
5001
5005
5045
5089
5106
5165
5185
5180
5176
5182
5241
5306
5322
5316
5273
5308
5330
5370
5416
5468
5414
5418
5335
5352
4901
4913
4914
4858
4878
4350
4357
4251
4274
4358
3767
3733
3302
3302
3384
3296
3336
2783
2798
2721
2691
2709
2226
2237
1898
1930
1653
1695
1717
1350
1407
931
945
999
978
1035
662
1026
602
675
676
578
1052
603
680
637
693
1059
577
839
588
648
563
603
804
597
1064
605
669
694
691
1021
609
645
558
608
910
610
1011
649
733
662
722
1149
576
840
609
672
540
585
853
590
970
602
658
619
689
1056
600
847
596
661
582
642
1061
603
824
595
637
522
554
892
609
908
602
641
535
615
889
594
1001
588
599
620
627
977
621
671
619
697
1025
651
984
580
606
628
637
953
576
855
572
597
531
573
879
572
1002
1086
1003
607
631
628
636
681
689
743
1132
610
826
622
659
580
602
1141
640
846
585
628
543
600
850
606
1019
559
591
626
637
1069
579
642
519
573
1079
578
812
601
626
552
604
875
585
1029
594
602
594
645
1020
588
610
566
590
1042
616
864
645
631
559
583
822
606
1131
582
589
591
605
1006
599
591
609
642
1040
599
809
609
641
626
657
1079
579
864
576
612
574
614
837
630
868
586
652
521
593
806
559
949
585
628
508
580
972
596
1005
584
604
643
677
1027
570
630
544
577
1038
572
843
598
613
570
616
863
587
1000
587
589
581
623
1063
573
585
590
598
999
574
809
587
639
541
592
836
614
1021
597
615
650
610
1014
605
647
606
639
1087
581
816
593
602
543
622
911
590
1033
613
638
673
675
895
578
1004
585
604
631
638
1008
587
659
569
656
1100
594
870
592
616
562
573
996
620
641
544
607
1005
595
626
543
600
1018
606
638
530
575
996
598
632
614
658
1065
616
1061
602
615
698
602
826
574
640
539
617
985
592
619
577
587
988
581
598
531
604
1024
609
664
589
640
1121
606
998
586
624
725
599
1099
578
616
733
573
871
634
642
554
604
965
594
637
616
655
1077
589
1066
642
649
654
654
1023
596
640
678
687
1001
578
829
608
623
514
557
1004
562
576
582
647
1089
557
934
577
593
725
596
861
572
629
514
592
985
596
669
591
646
1103
610
963
594
655
688
632
1125
620
698
613
673
1140
601
977
570
569
583
585
1079
605
601
530
549
1065
607
620
628
676
1053
558
1032
566
571
606
635
1009
562
623
541
539
1010
603
629
606
617
1026
590
947
561
639
637
558
1039
617
647
502
557
914
594
1023
588
610
776
608
809
582
583
548
630
1019
606
611
604
644
1073
594
928
568
592
732
567
863
622
659
558
591
980
600
638
577
611
1058
589
1003
606
651
671
651
1049
630
646
553
606
885
625
1095
610
652
734
589
865
597
639
524
593
1128
586
633
547
577
906
577
988
584
604
719
563
1026
605
672
707
573
1049
620
685
637
688
1087
584
960
544
579
710
555
958
551
588
510
571
1021
539
581
539
595
1126
581
938
588
637
651
627
1113
593
628
543
596
838
612
1152
600
629
775
619
873
582
598
523
568
844
585
1041
587
585
689
597
1003
568
609
645
609
1045
599
636
537
593
868
594
1060
614
631
795
589
896
574
602
530
593
973
549
582
569
658
1175
560
2542
2099
2092
1083
1127
1740
2452
2818
2480
2407
2401
1026
1013
1035
1062
1096
1103
995
899
751
1897
1298
1291
877
777
676
572
562
892
2346
2353
2365
2384
2430
931
1982
1965
1975
1996
952
1267
1259
725
892
787
688
817
918
1482
642
628
627
663
674
716
733
797
911
1075
1076
926
964
838
876
924
946
950
1021
1018
1043
1089
1134
1183
1224
1254
1251
1246
1241
1277
1320
1364
1383
1399
1434
1507
1588
1624
1701
1839
1909
1969
2045
2052
2105
2156
2213
2243
2274
2358
2413
2396
2396
2420
2457
2485
2524
2543
2546
2499
2538
2491
2515
2094
2110
2156
2063
2100
1551
1610
1507
1519
1570
1078
1102
661
757
800
743
1063
606
667
512
583
913
581
994
577
631
748
585
891
610
657
507
587
866
552
