2817
5095
6113
623
937
1262
1637
963
844
1218
1833
1722
1734
1623
814
1207
1248
2957
3088
1035
841
4627
676
604
648
683
764
845
4388
591
3561
524
488
617
4641
2153
2991
614
604
609
816
2162
605
1775
584
622
658
679
712
768
760
815
884
964
1016
1066
1091
1139
1191
1233
1180
1230
1227
1284
1322
1576
1584
1545
1464
1513
1488
1490
1581
1629
1697
1703
1792
1877
2003
2034
2821
2804
2814
2851
2860
2830
2836
2873
2877
2910
3000
3075
3194
3254
3180
3208
3245
3287
3355
3181
3190
3180
3179
3214
3271
3332
3405
3458
3518
3510
3547
3582
3663
3745
3830
3887
3960
4010
4055
4093
4160
4185
4211
4249
4313
4372
4421
4488
4584
4642
4710
4796
4877
4927
4959
4987
5024
5036
5064
5095
5144
5174
5213
5274
5341
5409
5463
5578
5642
5684
5746
5800
5846
5885
5918
5929
5977
5980
6007
6029
6101
6142
6148
6171
6181
6206
6243
6249
6288
6330
6394
6419
6445
6468
6461
6446
6455
6451
6472
6478
6541
6596
6649
6692
6743
6790
6819
6885
6976
7035
7117
7226
7311
7347
7411
7482
7523
7563
7590
7616
7640
7686
7719
7765
7761
7797
7841
7839
7893
7948
7980
7985
7991
8007
7847
7862
7832
7851
7843
7347
7331
6984
6966
6985
6926
6933
6526
6587
6606
6421
6424
6132
6153
5986
5999
5989
5683
5731
5554
5514
5518
5316
5345
4980
5010
5027
4836
4866
4594
4623
4390
4400
4420
3990
4008
3975
4003
4020
3589
3586
3403
3380
3220
3269
3313
3135
3137
2677
2690
2727
2701
2720
2393
2369
2232
2253
2242
2013
2027
1557
1577
1573
1444
1457
1086
1107
1115
1096
1427
583
570
648
662
743
688
954
579
607
616
543
881
617
618
533
563
805
631
1096
579
665
755
747
949
733
722
531
586
904
555
588
626
692
970
592
945
603
607
661
679
928
609
645
578
636
831
576
1010
582
700
712
653
888
597
624
541
603
794
600
985
621
646
670
716
962
599
653
574
607
832
563
976
588
570
661
591
763
625
619
555
627
792
604
1019
609
638
671
595
808
597
627
536
598
912
589
628
645
702
958
630
790
605
634
563
617
792
605
977
591
640
693
744
982
609
667
690
754
1007
627
810
634
661
502
590
917
595
665
573
592
602
618
622
655
692
750
784
789
850
915
961
988
999
685
901
615
636
674
707
1041
567
587
524
577
792
590
1034
616
646
701
722
943
610
615
651
707
983
619
797
592
598
576
577
902
580
646
638
675
742
646
1004
625
665
574
604
793
595
938
592
632
672
658
908
605
649
708
746
989
610
913
599
654
675
682
855
571
944
613
652
674
592
781
592
593
569
608
848
602
928
606
638
659
674
933
594
619
552
564
946
589
622
627
657
913
597
966
623
709
765
782
1061
579
603
643
703
938
609
855
598
609
525
584
928
599
653
660
689
955
609
821
594
615
561
604
787
602
955
629
649
650
668
881
598
635
590
601
812
596
956
591
577
593
674
865
582
666
539
573
810
572
929
565
591
612
682
940
593
615
634
705
908
621
779
605
637
505
562
930
564
621
645
664
1015
612
773
596
626
547
611
821
566
942
566
576
621
668
900
586
596
502
596
770
609
1000
601
634
675
709
958
642
659
701
750
973
614
811
593
600
565
602
927
610
626
673
715
830
590
1048
628
676
693
750
909
4819
2286
1925
2093
771
746
750
777
796
795
750
790
786
734
718
762
885
878
716
768
736
782
729
732
782
765
788
762
761
777
578
744
788
761
633
636
1216
1055
896
711
546
599
677
728
772
864
916
959
1021
1072
1100
1151
1234
1321
1385
1425
1494
1527
1563
1610
1674
1733
1816
1904
1694
1718
1779
1839
1949
2039
2094
2120
2106
2124
2170
2247
2321
2398
2441
2508
2541
2592
2635
2701
2785
2866
2932
2943
2962
3028
3110
3135
3195
3295
3349
3401
3442
3493
3511
3572
3624
3708
3816
3844
3923
3774
3780
3469
3559
3394
3452
3490
3017
3069
3033
3083
3157
2717
2724
2488
2548
2380
2483
2527
2032
2034
2074
2073
2104
1878
1874
1474
1504
1394
1421
1455
1195
1216
808
815
811
798
819
562
584
553
596
796
581
857
584
608
625
674
973
633
749
655
718
657
671
925
645
801
612
638
676
727
1004
610
828
588
616
650
691
957
620
856
585
599
617
700
1041
617
736
616
626
572
618
817
601
938
616
632
692
745
772
592
821
587
656
547
608
863
572
925
615
672
743
773
818
632
834
584
671
3012
703
1698
2086
1745
836
2074
1462
1497
7356
1012
1724
837
783
835
849
898
884
990
1015
984
975
1009
1075
1112
1148
1180
1203
1233
1293
1370
1419
1492
1529
1574
1622
1683
1739
1798
1864
1905
1281
1296
1352
1422
1474
1588
1608
1642
1619
1624
1591
1629
1634
1511
1508
1475
1528
1576
1663
1678
1712
1731
1775
1807
1844
1875
1906
1928
1971
1974
1998
2074
2153
2235
2329
2376
2428
2485
2562
2635
2701
2787
2832
2953
2958
2962
3000
3033
3076
3130
3167
3210
3242
3242
3265
3319
3347
3392
3450
3487
3580
3596
3641
3645
3681
3722
3808
3864
3961
3963
3976
3983
4017
4049
4092
4129
4180
4263
4309
4379
4431
4486
4543
4618
4652
4682
4730
4782
4800
4857
4933
5017
5118
