3275
2529
2369
1295
917
598
796
834
885
857
871
624
1082
1062
634
941
858
834
854
840
858
871
821
1016
612
848
969
668
862
821
903
636
890
610
894
1296
836
955
735
698
933
867
750
659
869
744
951
719
991
1038
952
853
860
870
627
831
620
1082
1007
801
1009
803
668
613
582
586
593
637
624
1136
650
780
825
629
643
637
872
1853
676
1141
716
1124
747
1871
819
849
650
900
1068
1255
953
751
814
837
1018
1164
839
924
769
1879
1444
974
998
1026
915
827
1368
1740
928
917
682
616
1888
2903
850
638
641
601
2258
2268
819
593
702
669
1700
1963
1132
708
890
611
1724
1480
777
868
848
841
799
762
753
791
961
785
1979
700
767
762
843
1270
993
873
813
1339
1116
1365
2402
794
1036
856
633
1329
1227
800
1179
958
752
1099
1084
1228
1327
1089
1696
1199
1593
1040
6724
829
692
1272
1287
749
945
764
916
836
973
737
789
1661
2302
1231
733
701
977
988
2966
1325
1002
934
1074
1008
994
984
986
1048
1162
679
691
716
654
725
650
699
2813
1626
1471
763
848
795
766
762
748
788
1454
855
894
827
1035
1109
719
640
1809
2817
1008
910
785
794
817
883
814
715
797
1221
1018
960
951
827
681
1597
875
1762
2219
1472
1193
956
985
1841
858
1253
1148
1016
976
1663
1043
829
827
1557
881
1377
1030
1039
1148
870
863
867
909
1508
1029
985
710
2015
1477
859
763
868
1080
1331
935
1179
656
634
983
835
1414
1787
940
999
715
1189
1055
1040
1811
1607
1271
844
1285
1202
1101
1693
1626
1200
1511
1736
1533
1186
1131
1581
1602
829
1082
846
2025
1644
1172
1161
1148
1634
1367
1959
1498
1127
922
971
1631
1105
2276
1915
1232
1102
1173
1477
2684
956
1232
1582
1268
791
893
1654
870
885
1112
1005
845
1063
1915
2225
1100
997
972
916
1000
1072
3260
805
1047
884
827
914
807
927
760
1198
838
926
832
1617
1622
1183
883
1221
1388
733
1754
2453
2204
767
1373
1021
744
2052
1074
1358
982
1419
1004
887
1062
841
901
1176
1017
1312
746
2566
1872
949
837
1479
1165
801
1714
1217
669
906
924
853
915
907
657
691
882
972
682
639
652
636
647
658
624
653
1242
670
660
590
656
689
1307
1792
594
624
601
621
637
1828
1051
556
649
626
655
782
1044
1828
600
664
637
833
1368
607
682
639
590
1251
745
725
623
625
837
819
841
812
823
938
1014
655
678
638
757
657
699
886
677
601
650
866
804
776
635
1007
1125
1076
1093
793
786
813
1476
1386
838
1047
962
1193
879
911
1528
995
674
878
639
623
635
894
891
627
645
1271
663
835
697
1083
732
651
836
1185
1053
830
648
649
632
954
1281
1163
625
621
1254
630
792
708
660
590
693
958
650
1257
679
892
642
906
885
702
719
683
613
661
1060
736
667
843
639
665
1258
712
683
669
650
616
1581
903
869
715
1002
697
1353
666
822
595
684
609
1698
1633
684
608
651
667
1222
1820
608
620
621
613
1092
1683
647
594
1077
711
828
1100
916
731
963
1018
899
2006
921
850
659
797
1052
1268
644
660
625
626
820
1485
822
887
659
620
705
855
623
601
603
664
1256
1415
980
938
754
687
708
1097
1016
1030
809
1210
1083
929
1043
606
628
607
672
864
653
852
1162
665
830
840
777
600
657
607
591
2190
1764
869
693
654
901
1574
1065
618
601
627
1260
1360
1723
1140
637
616
787
867
1678
731
964
938
618
1011
707
626
608
603
739
1084
643
1304
958
751
615
2007
572
655
682
612
587
2018
928
643
636
589
572
1241
594
584
767
595
1227
871
762
863
603
926
641
865
596
910
650
629
1371
701
826
648
663
670
705
1156
860
844
620
787
923
1226
654
621
615
671
612
655
661
635
610
1163
753
1722
633
619
654
716
659
1348
831
1129
1029
682
1463
671
663
732
633
773
1316
1153
1001
1232
680
665
1452
699
692
636
624
1185
1484
1079
607
586
622
606
1117
1154
648
710
1050
1228
1302
1020
691
639
642
654
630
1120
2243
833
1110
905
739
750
641
733
605
635
623
1018
947
1177
690
736
647
756
1222
796
1028
736
1236
681
710
1162
1853
629
612
606
737
654
1902
1354
605
604
582
583
611
974
1175
802
1319
1238
960
1816
1044
929
1012
853
1436
1090
1602
985
1095
1107
977
1357
1517
920
1281
946
709
745
1831
2159
1551
1460
1105
1048
1289
2223
2196
1230
1474
975
990
2980
760
1033
1197
1714
1431
896
747
1815
1016
1153
987
865
1390
6101
4974
3733
1773
792
656
1851
1262
1424
1421
1136
721
859
2607
2352
1493
1311
1262
965
1923
1907
648
620
640
724
1546
1986
1070
682
730
1190
1197
1151
895
697
1348
1170
871
1041
1294
871
688
678
998
946
740
631
685
676
825
1550
2380
985
1175
1096
1763
2549
918
722
1310
1193
1198
1059
1006
974
909
833
1117
934
846
1005
827
825
846
819
801
828
1057
867
899
865
798
828
931
867
819
893
1081
1020
852
727
734
709
735
758
840
847
908
886
1021
882
911
938
919
958
880
866
1665
807
1005
1101
940
1126
1545
1037
