4715
4756
4851
4939
4996
5016
3371
2952
8852
1294
2787
2821
2900
1856
1672
880
644
623
598
605
615
631
700
881
918
682
1253
690
1211
1152
1140
1109
783
565
761
864
830
686
690
3927
690
580
568
623
603
1186
783
686
1200
604
1170
606
710
611
1212
1052
714
562
735
1652
811
671
680
674
645
717
667
1641
981
857
827
822
641
682
621
602
596
712
663
644
671
662
696
753
767
760
781
793
806
843
867
914
936
963
979
986
993
981
1041
1072
1074
1144
774
727
750
808
807
763
802
786
844
849
871
928
947
949
945
969
977
1020
1077
1095
1022
1043
1032
1039
1028
1036
1071
1117
1136
1180
1231
1248
1242
1240
1255
1276
1297
1311
1275
1269
1300
1328
1332
1372
1364
1378
1436
1551
1602
1650
1674
1717
1750
1781
1813
1860
2020
2098
2144
2187
2131
2126
2162
2217
2297
2364
2404
2426
2164
2153
2164
1986
2012
1621
1600
1557
1585
1622
1256
1321
1269
1220
1270
1016
1053
649
684
530
539
754
637
849
618
742
524
566
814
628
986
640
646
662
679
957
627
667
698
724
1001
603
847
599
660
661
695
970
617
893
581
606
671
618
939
604
617
676
568
814
588
606
576
610
939
606
620
543
572
938
624
644
639
655
875
605
952
601
595
619
570
802
630
647
542
574
890
557
575
599
632
877
541
923
582
601
622
598
751
594
595
528
609
959
589
595
562
609
974
602
666
659
676
950
618
923
629
614
645
674
921
591
616
583
618
817
595
979
606
660
703
562
811
544
578
594
647
773
576
980
609
631
646
614
844
588
594
563
604
982
601
611
627
660
943
650
840
616
639
567
618
775
641
967
638
686
709
711
996
617
633
677
717
965
606
843
620
697
555
588
817
639
998
612
619
653
663
903
635
609
528
593
824
577
987
603
617
625
638
798
592
657
581
631
827
611
1005
618
607
654
687
906
624
677
597
611
802
615
1000
618
680
671
611
810
616
631
521
594
800
601
963
628
640
678
665
901
650
658
497
603
1181
897
957
602
620
665
736
993
591
618
506
561
831
621
949
599
629
633
714
1041
627
662
576
612
834
642
1093
609
632
664
686
886
609
607
640
701
999
579
884
627
635
583
618
947
586
606
633
657
948
628
798
592
618
561
627
795
632
960
656
665
678
691
892
632
644
683
747
1012
597
800
588
604
578
600
793
586
861
613
677
533
576
903
604
612
650
713
941
620
814
602
628
584
623
791
601
986
636
659
697
730
935
599
645
689
738
1016
604
946
607
600
634
660
905
623
641
561
606
856
634
930
614
634
654
591
876
597
619
530
572
943
592
624
652
672
931
598
903
594
605
679
590
828
603
636
554
613
923
619
635
637
675
950
600
866
593
604
623
658
914
597
596
630
640
893
604
916
605
645
774
613
862
596
612
547
601
926
642
647
680
703
946
618
775
573
628
549
602
787
597
1030
576
612
646
669
910
543
597
553
597
738
582
1016
618
624
705
578
799
578
621
573
593
772
607
952
576
603
695
598
793
565
590
562
616
784
607
988
597
609
646
688
899
572
613
639
692
1326
600
1058
573
603
654
708
1000
620
636
548
576
855
615
971
601
629
667
689
1089
588
580
602
596
900
608
923
612
592
681
607
865
611
620
550
621
813
596
1002
605
623
667
691
963
642
646
546
588
838
596
1038
580
621
540
595
918
619
675
682
738
943
602
823
629
690
547
621
816
572
1069
587
602
691
578
847
639
666
571
579
931
625
653
678
732
959
594
820
621
655
554
557
995
614
649
727
781
1088
585
788
610
642
546
630
947
599
629
492
568
893
616
994
601
631
721
565
942
589
603
622
656
967
614
586
588
618
978
659
884
619
617
581
597
904
589
652
636
648
1014
587
875
614
653
659
659
1001
583
579
537
581
838
580
950
596
605
713
602
793
569
610
507
609
1029
621
673
647
665
1041
613
923
612
626
662
676
1011
581
611
528
574
836
583
953
589
633
747
610
823
644
652
594
615
793
587
1005
617
636
711
582
783
594
598
571
608
782
566
986
592
600
603
611
930
577
586
618
633
886
619
964
589
656
653
702
996
607
847
663
645
668
697
994
618
849
621
609
550
574
797
605
3220
1521
1426
1852
1921
1389
2183
2028
2009
2048
2092
1596
1077
749
797
731
754
770
738
720
708
751
720
771
753
749
6267
1012
1067
890
678
696
1299
1381
641
648
629
638
643
691
698
832
837
811
825
827
927
897
876
895
904
923
943
986
1041
1095
1130
1160
1240
1326
1339
1329
1341
1352
1362
1375
1427
1433
1457
1462
1500
1535
1573
1600
1609
1629
1655
1678
1749
1801
1870
1944
2038
2120
2166
2205
2204
2211
2261
2325
2391
2482
2564
2633
2680
2744
2716
2755
2831
2873
2904
2948
3017
3071
3073
3086
3128
3171
3222
3243
3261
3283
3229
3241
3324
3382
3399
3424
