5017
5046
5077
5099
5089
10447
8388
4558
1169
1626
5105
637
2005
668
1854
626
657
4125
2317
2257
850
871
9213
8022
7742
7399
6362
4876
4280
3549
808
1135
1030
609
560
978
993
657
623
604
610
630
696
694
695
706
734
788
736
870
599
657
650
660
676
741
766
784
857
854
852
850
883
942
997
1003
1005
1076
1065
1054
1050
1075
1102
1106
1114
1143
1156
1186
1242
1293
1319
1205
1256
1266
1180
1230
1300
1360
1410
1422
1430
1455
1462
1494
1506
1580
1623
1674
1728
1529
1557
1351
1373
1402
1105
1096
780
814
706
608
742
617
937
578
639
730
744
991
582
621
634
690
1080
595
805
585
612
536
607
814
608
831
630
684
520
588
835
592
849
580
622
561
562
814
584
912
614
667
703
736
801
556
900
590
648
699
619
944
570
573
608
663
888
607
824
596
624
695
711
843
600
1007
597
627
642
684
894
576
768
540
602
629
687
1002
614
813
610
659
588
622
958
597
804
593
587
516
585
818
619
1092
597
605
653
693
967
593
626
657
699
970
581
798
653
693
559
576
781
549
1051
593
629
701
594
841
584
615
549
610
743
581
978
588
653
722
695
1041
597
665
675
724
997
580
835
604
674
575
621
789
601
1006
603
651
663
697
970
612
615
655
709
938
596
789
614
643
543
600
833
569
963
566
609
646
685
998
591
635
648
742
1099
606
802
587
612
546
605
765
569
981
597
610
657
688
871
593
932
591
596
636
678
885
575
578
644
698
997
579
809
605
623
561
602
785
585
840
600
637
557
582
930
559
558
567
562
874
580
820
565
570
573
595
823
592
814
603
614
554
575
782
563
965
578
587
616
652
938
613
636
675
690
878
617
991
596
633
549
611
830
623
809
630
655
554
612
833
615
905
600
625
638
660
912
602
622
642
658
968
574
783
564
612
613
658
972
570
917
573
601
657
552
919
547
583
667
571
827
581
621
518
593
940
578
603
519
555
948
605
651
700
714
983
576
911
593
613
668
624
814
621
655
516
609
929
549
585
648
684
974
569
959
556
584
644
581
773
589
622
509
588
913
548
610
549
562
921
573
671
598
668
1029
582
890
561
593
688
677
978
568
597
544
602
811
567
931
570
573
594
581
795
579
621
542
645
849
554
1040
583
643
751
561
761
564
610
566
596
916
614
651
634
681
980
649
863
596
626
561
613
788
621
1056
615
649
674
713
932
612
681
641
665
960
576
764
597
588
525
577
827
632
1033
608
638
700
729
983
605
624
555
610
796
600
989
627
672
709
745
957
602
639
539
589
872
604
999
588
642
672
694
941
621
675
573
671
826
612
1045
617
663
696
595
819
614
641
503
567
815
594
977
630
668
665
609
828
608
625
588
609
786
591
989
611
612
625
625
900
618
676
558
601
826
610
956
616
616
629
632
860
601
657
552
622
831
630
1104
646
661
687
721
947
583
611
624
638
896
609
751
620
662
557
577
923
549
589
693
710
1021
619
768
597
643
557
624
790
632
957
630
655
706
772
1027
626
627
646
690
930
592
755
599
661
579
604
803
604
885
640
713
560
586
891
567
568
591
676
904
591
769
574
602
543
586
783
559
946
576
597
649
678
884
556
592
630
691
979
547
946
563
556
574
595
867
587
617
529
577
843
614
962
611
676
682
802
569
568
589
701
686
886
584
575
606
617
859
600
921
591
628
747
591
795
556
640
550
565
894
592
587
596
667
902
577
912
691
578
616
621
873
593
626
654
656
986
592
914
580
587
673
593
809
577
556
561
588
969
594
607
649
681
921
579
777
590
624
541
601
808
580
1001
669
625
652
696
877
575
618
519
590
831
587
991
602
636
717
605
819
603
625
546
611
825
630
954
613
625
694
589
837
586
626
583
612
807
605
968
611
689
721
781
1102
674
715
733
812
1222
572
1097
591
604
623
660
1007
571
609
493
569
889
594
950
589
607
666
717
1044
589
582
636
670
958
600
935
590
595
709
610
872
590
599
563
635
832
609
1409
901
1637
1679
1829
967
1727
946
1748
16241
632
574
599
610
5937
962
715
693
613
846
725
714
751
755
809
855
1006
1053
1038
1068
1108
1189
1217
1246
1297
1378
648
685
770
799
835
880
942
905
997
1052
1109
1165
1203
1267
1330
1239
1274
1318
1375
1392
1460
1437
1458
1462
1475
1485
1510
1511
1575
1595
1590
1594
1613
1623
1653
1715
1821
1902
1980
1984
2015
2062
2099
2126
2149
2192
2252
2309
2368
2422
2487
2562
2619
2664
2762
2807
2841
2873
2962
3018
3044
3083
3103
3125
3139
3178
3237
3317
3349
3372
3380
3421
3438
3469
3528
3597
3610
3700
3678
3699
3714
3720
3743
3799
3839
3940
3946
3956
3979
3990
3990
4042
4072
4111
4138
4183
4229
4256
4267
4285
4315
4352
4366
4390
4429
4465
4555
4598
4623
4651
4667
4684
4714
4740
4787
4827
