4880
4951
4966
5012
5044
5042
3067
3026
4983
8925
2320
4007
2320
721
605
649
638
664
743
778
720
728
749
832
669
679
685
723
765
688
688
719
810
817
886
762
795
833
900
929
974
1055
1153
1197
1235
1262
1378
1425
1497
1373
1420
1449
1550
892
655
659
622
747
669
663
695
730
772
705
704
752
785
813
877
929
987
1005
1079
1178
1264
1347
1378
1401
1439
1396
1410
1438
1456
1482
1549
1598
1656
1671
1704
1715
1746
1796
1873
1911
1989
2006
2012
2011
2045
2102
2175
2224
2295
2319
2364
2390
2449
2510
2539
2573
2648
2686
2695
2722
2729
2772
2824
2901
2960
3006
3073
3166
3237
3283
3346
3406
3472
3548
3582
3639
3686
3736
3772
3823
3917
3955
3997
4027
4043
4054
4063
4113
4168
4213
4242
4280
4348
4396
4422
4487
4550
4606
4603
4622
4667
4701
4724
4781
4833
4900
4927
4978
5026
5088
5138
5215
5257
5342
5380
5412
5465
5504
5547
5605
5652
5714
5763
5816
5873
5913
5972
6031
6062
6100
6150
6180
6193
6188
6238
6263
6284
6332
6419
6419
6434
6445
6457
6477
6474
6536
6617
6627
6593
6601
6638
6633
6678
6703
6705
6744
6761
6821
6865
6948
7002
6653
6645
6378
6358
6193
6220
6213
5775
5776
5809
5834
5874
5433
5458
5218
5261
5054
5078
5084
4872
4893
4515
4529
4522
4502
4519
4176
4210
4237
4291
4318
3837
3854
3467
3498
3514
3535
3540
3130
3155
3136
3186
3228
2806
2842
2574
2578
2413
2417
2441
1929
1959
1471
1504
1501
1435
1443
1204
1244
1024
1055
1054
817
956
569
570
661
611
755
576
630
551
596
914
591
681
614
663
916
600
1072
605
643
576
603
905
601
621
652
721
1003
614
852
598
615
554
619
796
580
962
566
627
670
593
821
593
631
508
588
882
572
948
570
572
580
585
816
599
616
540
549
821
603
1030
592
605
661
680
974
598
630
533
553
792
600
937
613
622
708
599
816
586
598
549
612
804
626
1003
621
636
690
712
958
606
641
494
567
817
598
1029
627
645
712
649
825
644
682
587
647
925
617
639
633
689
1080
600
805
601
624
523
576
946
604
624
638
676
988
613
987
625
647
677
697
966
571
586
553
597
774
610
1044
585
583
656
578
807
585
621
562
590
933
599
689
685
700
967
621
850
615
654
687
639
1029
565
610
557
566
964
581
577
596
605
903
562
990
570
591
616
639
900
591
641
570
625
950
603
906
577
602
646
551
805
627
654
549
623
798
614
1004
599
626
675
567
748
589
612
665
711
931
574
612
594
635
1001
580
915
625
612
663
676
1008
596
621
567
584
952
569
582
596
650
1013
643
772
584
617
474
560
982
600
616
647
683
1039
589
876
575
595
626
658
970
591
603
557
583
768
589
1106
572
592
644
562
838
596
636
521
621
939
614
715
683
702
1030
625
921
636
653
675
702
958
574
591
552
594
804
605
961
556
593
605
595
980
664
674
566
587
918
590
617
648
668
1025
614
977
621
654
676
714
948
608
670
528
576
814
635
979
666
677
709
729
1016
605
627
579
597
793
596
1025
603
600
609
642
881
555
601
543
599
955
563
588
618
656
949
558
786
588
608
546
582
913
583
593
598
658
921
575
942
580
605
704
574
795
594
634
529
573
959
587
614
546
578
768
587
1008
623
640
677
689
1025
613
655
587
638
810
598
1070
573
575
660
569
875
610
642
724
609
751
599
622
587
596
811
581
950
610
665
717
577
888
613
629
667
711
975
615
658
688
719
1029
611
922
630
681
726
814
970
609
1010
621
627
690
718
1009
622
661
692
708
943
599
827
597
619
524
651
826
597
1020
608
659
653
644
1088
636
704
688
725
884
601
1060
637
675
709
759
957
571
851
606
669
515
602
868
618
978
607
630
666
681
846
602
983
575
574
584
605
916
609
605
539
556
845
566
949
574
613
667
693
1063
599
624
642
671
751
574
1007
576
591
632
646
879
580
777
601
627
539
590
943
592
612
631
656
971
600
827
613
647
616
662
988
594
816
592
599
630
671
936
609
787
616
637
549
619
835
600
976
615
633
690
725
896
602
975
615
669
705
736
953
615
647
686
735
1262
1050
1432
1001
991
1037
1059
1117
816
884
711
781
654
668
1177
1119
1153
707
620
542
883
1281
1290
937
938
651
2483
1114
2200
1327
637
637
583
593
833
636
672
712
3569
677
610
891
3819
707
1018
2216
664
4001
636
654
706
750
6031
616
1906
631
594
607
537
561
1121
594
1154
604
630
3269
1196
948
1021
955
1156
1032
1503
615
618
640
604
591
1130
654
671
738
723
738
749
770
765
802
852
866
882
925
969
1044
1058
1182
1257
1319
1347
1189
1195
1237
1277
1304
1315
1338
1354
1362
1365
1399
1434
1484
1534
1602
1628
1630
1657
1707
1763
1848
1881
1969
1933
2001
2069
2141
2222
2240
2284
2307
2363
2288
2332
2400
2495
2553
2625
2644
2683
2756
2801
2861
2954
3041
3086
3129
3183
3213
3262
3305
3389
3431
3477
3564
3602
3680
3706
3760
3706
3759
3799
3869
3941
4014
4073
4118
4131
