3709
3647
3038
2919
2324
2149
1530
1288
1315
1267
1594
1703
1333
992
1050
986
949
898
842
814
804
879
986
1093
980
1065
1224
1284
1409
2242
3203
4098
5255
6431
7753
8539
9518
9776
9663
9354
9295
9180
9042
8521
7662
7154
6580
6143
5574
4936
4549
4473
4464
4370
4192
4133
4060
4547
2164
3356
4408
5389
6427
7282
8166
8998
9468
9946
10460
10785
11239
11924
12729
13577
14433
15211
15153
15003
14842
14634
14510
14045
13550
13019
12362
11735
11096
10371
9756
9364
9130
8907
8715
8530
8335
8103
7469
6887
6210
4709
3707
3233
2993
2755
2648
2457
2378
1992
1624
1395
1254
1128
1015
1019
1009
1097
1312
1647
1584
1754
1742
1625
1159
1109
1198
1067
1027
1034
1019
985
1209
1547
1438
1388
1437
1403
1388
189611
1771
2157
2490
2837
3250
3507
3601
3054
2569
1979
1382
1516
1052
1095
1107
800
810
892
826
853
984
1419
1300
1362
1324
1318
1340
1286
1300
1317
1001
1351
2209
3113
4231
4610
1223
915
1007
943
949
899
925
991
1045
1032
935
947
908
898
971
954
932
918
891
896
1043
928
998
980
914
920
928
882
927
897
916
933
917
882
1001
904
843
975
1015
996
876
822
809
856
855
867
866
867
856
930
907
955
1072
1108
1078
1004
891
850
882
1051
1047
1000
960
908
1056
916
904
901
937
1911
1034
1139
1137
1107
955
939
1003
912
882
1367
17276
1232
1115
1153
1136
1102
1112
1115
1551
1238
937
994
1045
1136
1308
1427
1325
1192
1123
1070
1022
1219
1183
1163
1197
1219
1261
1443
955
1494
2418
3416
4371
5361
5428
5462
5527
5465
5504
5556
5591
5711
5669
5697
5715
5692
5707
5707
6361
6470
6345
6313
6297
6286
6259
6221
6196
6234
6189
6211
6164
6107
6093
6088
6080
6014
5988
5935
6012
6070
6129
6159
6104
6002
5980
5970
5784
5635
5520
5462
5458
5407
5349
5291
5295
5300
5284
5399
5398
5370
5313
5294
5340
5350
5351
5253
5176
5100
5070
4975
4986
4979
4954
4956
5001
4916
4896
4912
4922
4702
4386
4400
4400
4421
4449
4459
4399
4335
4246
4352
4362
4421
4474
4545
4657
4417
4479
3635
3599
3577
2548
2165
1470
1306
1356
1185
1230
1010
1026
1290
1427
1454
1527
1619
1694
1738
1820
1903
2003
1542
1548
980
1004
1072
794
995
931
1950
1190
1173
1261
1303
1167
1134
1145
1225
926
1105
1234
1256
1128
1182
1204
1244
1351
1348
1364
1344
1340
1349
915
911
743
777
1613
940
1543
944
1134
1821
1156
1166
1255
1246
1172
1183
1161
1130
1169
1199
1175
1195
1014
1171
1368
1351
1455
2907
987
1386
1408
1259
1132
1206
1325
1177
1141
1220
1291
1062
1319
1603
1712
1765
1868
1934
2048
2172
2209
2292
2393
2491
2567
2695
2741
2803
2944
2976
2971
3003
2449
2284
2013
1409
1164
1126
1190
1192
1178
1012
1019
1174
1300
1314
1359
1404
1292
1235
1251
1278
1332
1562
1226
1208
1256
1179
1223
1393
1185
1130
1146
995
893
887
886
972
848
755
931
1126
1133
1150
1094
1060
1053
1039
1053
1038
1030
851
1527
812
931
1097
1227
1405
1140
1105
1178
1304
920
973
1150
1257
1238
1280
1291
1461
799
915
1084
892
1670
1282
1162
1183
1159
1167
1181
2514
857
925
3589
1859
3587
1554
2074
2456
2923
3326
3819
4254
4824
4719
4309
3906
3551
3106
2359
2181
2024
2006
1929
1922
1896
1893
1818
1706
1604
1411
1296
1286
1312
1309
1377
994
930
942
974
985
890
895
868
894
1334
1303
1281
1407
1316
1390
1347
964
936
959
882
932
954
1018
990
1125
1447
1422
1441
1402
1390
1508
1129
1003
985
932
974
931
915
903
993
943
1180
1275
1381
1323
1391
1425
995
939
982
947
867
888
880
930
1011
980
936
905
869
910
1158
1267
1378
1328
1668
1373
1378
935
946
1030
970
871
865
943
966
927
926
952
1437
1523
1460
1382
1569
1141
1096
953
926
922
897
1014
917
931
973
1303
1319
1505
1398
1300
1290
1412
1077
1402
2271
3152
4179
5172
6163
6557
6407
6321
6149
6041
5940
5805
5648
5308
4725
4166
3539
2995
2405
1774
1379
1502
1049
932
950
1140
1317
1111
960
882
864
1003
953
1295
1453
1356
1300
1354
1336
1274
1367
1470
1385
934
938
869
820
823
833
906
842
854
825
823
843
880
877
1303
1359
1479
1328
1434
1231
1384
1493
1336
1722
2958
2148
1442
1455
1485
1506
1531
1531
1517
1388
1378
1315
1296
1297
1351
1319
1350
1321
1519
2083
2557
2845
2869
3261
3467
3191
2805
2157
1495
1355
1193
969
854
854
909
996
1064
1163
1544
1295
1295
1364
1359
1217
1320
1076
945
1100
1245
1252
1191
1130
1037
935
994
1086
863
1289
1302
1308
1274
1352
1306
1108
1293
1375
1290
1225
1201
1173
1180
1211
1215
1042
1259
1312
1299
1363
1416
1292
1309
1010
1838
2687
3744
4749
5707
6452
6743
6887
6916
6784
6550
6019
5620
5120
4474
3879
4123
4553
5505
6251
6969
6865
6743
5950
5590
5305
4737
4052
3420
2817
2177
1534
1010
881
884
874
952
965
974
939
1021
961
965
1357
1357
1294
1363
1400
1378
1232
988
1855
2764
3704
4597
5306
5754
5446
5313
5193
5055
4941
4414
3799
3091
2464
1768
1339
911
1070
1868
2760
3638
4353
4472
4320
4222
4106
3889
3649
3017
2361
1770
1248
1335
1323
1054
963
1019
1040
956
963
932
876
880
868
1241
1332
1353
1388
1319
1350
1717
2189
3112
3899
4583
5449
5508
5404
5289
5163
5070
4871
4672
3785
3002
2406
1810
1471
1641
1079
997
1041
949
832
836
860
830
847
879
941
1236
1247
1264
1262
1237
1257
1291
