4960
5038
5113
5176
5216
5214
5088
3331
3202
3074
3117
3148
3161
3170
3229
3286
3295
3337
3425
3404
3439
3487
3527
3601
3637
3681
3739
3795
3840
3873
3922
3938
4008
4143
4162
4220
9170
4565
4589
4676
4772
4916
5049
5260
5458
8922
1091
994
1027
1036
1004
1060
1087
1128
1137
1146
1162
1189
1219
1243
1227
1177
628
617
1481
1057
1023
1096
898
974
777
822
815
881
950
977
955
953
1009
1078
1119
1182
1215
1156
1206
1271
1255
777
775
713
776
788
836
865
910
938
974
1029
969
1039
1078
1134
1174
1204
1246
1287
1336
1429
1469
1502
1533
1531
1533
1543
1592
1624
1711
1841
1931
1980
1991
1964
1990
2047
2068
2120
2133
2154
2213
2290
2343
2427
2480
2512
2528
2580
2642
2686
2732
2807
2854
2911
2977
3039
3090
3171
3243
3267
3292
3345
3405
3466
3515
3590
3640
3682
3733
3771
3851
3901
3918
3962
4006
4048
4119
4186
4217
4269
4283
4353
4398
4470
4493
4543
4604
4634
4615
4685
4736
4781
4825
4865
4916
4923
4944
4980
5037
5106
5165
5116
5162
5222
4694
4733
4453
4481
4238
4210
4220
3761
3741
3690
3706
3778
3281
3311
2830
2847
2814
2803
2825
2352
2341
2231
2227
3713
631
634
649
683
699
737
796
849
907
917
997
1042
1094
1143
1219
1281
1302
1376
1399
1433
1475
1254
1259
1030
1025
1054
674
757
708
772
1088
601
928
595
660
559
591
808
623
1056
611
651
699
705
1022
595
590
584
621
887
597
983
575
623
676
591
854
609
624
546
579
858
624
1007
624
652
706
731
1071
603
612
542
628
878
600
1015
608
640
696
637
1062
597
623
625
634
1003
586
840
579
599
557
575
992
560
585
623
649
1005
603
833
616
646
528
595
877
609
1051
601
602
736
600
845
606
664
524
591
877
584
996
614
641
729
643
885
590
636
571
599
1068
629
827
610
661
518
620
905
635
1096
641
677
723
756
1115
607
635
576
612
1021
590
619
656
701
1060
616
974
600
654
688
638
1078
589
614
591
587
1029
600
858
580
624
564
619
838
651
1083
607
614
654
566
798
582
617
548
597
861
619
1019
593
580
671
579
806
593
647
556
603
943
596
614
617
637
1004
574
897
592
624
688
642
1056
593
598
591
593
947
585
650
627
690
1041
620
835
614
651
549
586
1011
578
603
649
677
1031
549
979
591
644
710
661
1075
596
664
666
694
1091
596
960
592
636
722
701
1150
584
603
643
686
1024
604
1020
610
630
637
674
1008
561
637
646
704
1045
654
828
570
614
529
565
818
584
1065
573
578
678
586
834
581
591
564
618
822
612
1103
574
586
679
567
811
609
637
547
601
833
642
1119
563
578
700
568
823
587
609
556
578
963
573
619
648
685
1024
593
805
581
620
551
590
835
603
968
579
625
725
581
866
585
640
548
587
963
578
604
598
612
940
558
960
579
619
662
653
1058
574
610
508
619
923
600
1012
592
627
754
590
869
610
602
545
603
1011
580
591
552
575
1205
610
1002
568
566
695
604
826
613
653
546
597
1039
587
595
508
612
1044
633
852
630
679
500
583
1053
609
650
648
659
1037
612
926
592
625
507
565
839
584
1089
629
702
743
687
1065
594
621
584
598
1055
569
1035
611
656
703
641
1073
628
660
598
621
1051
558
823
609
656
541
598
845
588
1021
618
623
661
682
897
649
1017
590
625
649
594
1077
585
608
659
703
1039
573
833
596
651
555
601
823
609
1057
621
701
789
718
1084
581
587
590
604
859
596
953
642
730
662
701
1053
588
831
608
642
556
621
873
620
878
630
685
641
688
1059
591
833
607
616
619
640
1008
601
833
599
645
581
585
835
613
925
591
637
546
604
824
597
1026
634
635
672
695
1049
612
636
650
709
923
655
1038
585
645
639
670
998
591
818
600
621
509
582
919
579
973
598
631
549
620
972
606
654
588
616
1023
595
826
615
648
558
606
1101
630
906
591
605
539
602
822
612
1048
601
637
696
684
1138
584
615
570
560
1031
595
906
610
636
508
586
1118
613
631
675
718
765
878
885
769
816
713
771
1047
631
819
598
613
557
580
815
578
1031
591
645
698
652
1094
591
606
562
603
624
632
665
724
743
796
726
753
774
816
835
868
917
942
978
999
1054
745
796
543
577
842
605
905
601
596
544
608
877
591
987
591
623
646
659
985
591
608
588
567
1164
942
784
1188
836
762
808
728
766
755
751
709
731
762
719
707
714
716
730
752
731
762
736
865
759
719
744
761
735
735
728
742
750
784
723
838
1235
1522
1539
1822
1260
2142
2733
3594
4488
5080
5981
6035
6069
6102
6112
6121
6165
6160
6198
6209
6220
6218
6670
1250
1783
2618
3159
3997
4574
5179
5277
5533
6006
7005
7717
8475
9422
10115
10592
11507
10633
11249
11851
12755
13356
14165
14611
15395
15944
16419
17251
17803
18615
19383
19912
20750
21340
22146
22660
23417
23946
24758
25282
26069
26636
27459
28006
28557
29091
29331
29598
29864
30436
30708
31263
31553
32178
32709
32713
33279
33865
34146
34764
34762
35341
35984
36033
36037
36070
36118
36150
36251
36330
