4796
4847
4875
4934
4987
5063
5126
3189
3038
3423
7526
2103
1279
1161
1821
1816
1761
1773
1756
1761
1697
1674
1667
1676
1703
1689
1722
1750
1830
1882
1930
2020
2058
2133
1219
1212
1238
1235
1221
1282
1324
1400
699
719
737
790
818
866
882
885
952
1020
1088
1100
1128
1166
1243
1304
1342
1396
1493
1560
1653
1024
1048
743
744
692
749
772
823
834
915
944
986
1047
1116
1124
1126
1190
1219
1191
1205
1238
1287
1305
1395
1458
1490
1510
1561
1605
1627
1637
1594
1646
1718
1796
1859
1895
1926
1971
2055
2117
2191
2275
2349
2355
2386
2408
2427
2454
2474
2498
2504
2559
2600
2618
2641
2669
2701
2714
2762
2828
2853
2905
2937
3021
3064
3105
3139
3186
3214
3291
3346
3390
3453
3471
3512
3587
3665
3734
3815
3874
3942
4030
4119
4167
4273
4307
4368
4409
4455
4534
4588
4622
4686
4705
4742
4821
4900
4946
4941
4920
4922
4903
4451
4446
4451
4449
4470
4204
4276
3837
3786
3734
3730
3732
3295
3315
2894
2900
2951
2857
2910
2569
2568
2411
2434
2456
2062
2049
1908
1949
1919
1694
1722
1250
1262
1322
1171
1204
852
883
910
759
872
617
655
564
593
949
603
652
582
630
829
618
997
652
708
756
607
882
615
638
540
596
978
570
594
556
582
939
567
589
642
677
1012
605
950
581
598
608
619
925
622
678
577
666
828
568
967
615
630
759
677
803
578
614
556
571
809
585
954
636
674
762
567
830
536
567
468
572
995
584
612
505
588
867
629
1019
605
754
616
629
879
589
617
517
544
911
564
596
564
615
1014
597
925
579
622
506
570
1019
588
646
603
629
1007
569
786
587
594
524
564
780
571
1120
611
680
671
717
986
576
628
653
685
922
581
895
642
675
732
713
1031
585
618
672
710
998
570
754
592
664
526
548
801
572
992
582
645
644
626
1011
580
675
567
589
770
607
1016
625
635
665
581
826
614
634
551
595
817
584
962
591
621
661
595
838
577
621
512
606
1033
596
645
573
605
825
593
988
580
616
667
695
1080
600
659
680
680
990
593
943
591
622
665
661
965
584
604
599
663
967
574
1038
585
588
590
650
960
608
675
659
696
988
623
977
634
638
668
709
1018
631
700
703
717
952
610
815
723
805
553
657
853
627
1055
628
680
742
728
1030
606
682
554
586
827
590
1042
651
715
707
666
1007
606
680
540
573
817
591
1004
614
717
753
710
1028
592
637
513
605
876
594
1061
601
617
680
687
1015
631
698
675
741
1057
617
802
617
598
529
573
813
586
1027
612
647
707
722
954
624
657
689
764
1034
618
839
595
622
572
593
929
586
624
607
655
1049
574
921
558
575
634
631
997
587
624
509
549
846
598
981
579
611
694
562
855
584
608
502
583
944
601
626
627
633
945
559
803
596
606
558
588
952
598
621
638
653
1017
607
814
616
627
552
565
794
592
953
588
670
700
688
990
571
615
555
592
777
594
1025
574
631
740
581
800
575
656
559
592
936
578
609
610
639
1062
557
901
569
569
665
573
850
570
616
529
602
838
595
1046
610
686
755
574
965
593
600
629
661
1039
592
659
603
683
1082
603
1035
559
563
555
563
930
595
625
514
552
973
557
586
560
581
976
555
571
586
604
970
583
824
595
602
550
582
974
583
599
522
573
889
605
1041
607
615
634
680
969
551
631
522
562
783
556
1034
624
674
738
725
1128
620
633
679
716
946
600
1051
608
677
714
681
1008
599
671
679
738
1034
603
852
603
605
521
580
949
565
600
617
630
1012
592
819
575
601
554
576
795
601
1036
595
590
676
582
823
591
634
546
562
934
571
575
603
662
977
564
803
550
591
504
594
977
562
631
606
686
997
575
833
571
600
522
577
965
590
610
532
580
816
592
964
562
569
652
579
794
568
606
539
584
987
596
612
550
598
833
630
1015
589
590
589
604
987
598
640
530
544
813
601
1038
621
645
664
580
809
615
690
529
597
911
628
983
602
620
713
613
828
603
651
553
616
820
618
1012
595
588
604
617
814
582
948
589
647
682
619
852
585
1051
619
629
686
731
1049
600
667
651
669
975
577
844
595
645
553
570
782
615
947
586
613
632
683
1020
630
902
622
608
532
603
808
606
1044
628
686
709
695
1077
582
582
598
592
987
608
841
592
612
537
592
851
596
1346
904
1086
1001
1514
1333
2828
1092
941
13518
4106
778
884
669
722
772
816
922
836
848
905
944
974
923
924
941
996
1047
1107
1139
1160
1214
655
742
1199
1287
866
957
1012
996
1039
1177
1097
1132
1162
1206
1292
1372
1406
1452
1316
1330
1325
1359
1386
1415
1438
1487
1543
1568
1569
1590
1617
1638
1664
1703
1742
1791
1842
1893
1942
1999
2059
2095
2139
2193
2216
2269
2356
2421
2463
2453
2481
2542
2590
2642
2668
2719
2784
2852
2884
2962
3025
3062
3123
3196
3251
3307
3362
3459
3527
3556
3610
3646
3700
3744
3808
3880
3932
3980
4005
4004
4004
4091
4175
4216
4294
4386
4440
4508
4577
4642
