2105
2261
1234
748
549
1128
1406
538
565
572
599
1782
760
819
1534
871
1010
1705
602
832
576
1273
754
619
682
528
516
599
646
1020
658
700
1579
1656
1267
601
919
593
1121
770
761
667
594
1473
716
699
609
486
546
533
557
963
1868
657
617
993
759
1458
1242
609
610
652
656
1534
583
1138
627
732
658
924
578
597
769
676
1888
1872
588
635
599
570
893
1180
652
831
721
925
791
836
579
574
535
576
819
551
589
498
486
566
743
513
550
725
717
547
699
716
513
545
567
654
838
556
550
500
695
1109
1003
803
531
518
577
809
1207
759
610
602
675
1632
592
620
544
983
548
688
490
509
580
543
569
1027
526
673
521
559
720
551
518
527
599
531
681
706
692
767
783
707
529
711
573
546
550
614
633
590
551
521
742
1163
1019
575
570
738
719
799
521
511
518
523
606
546
535
538
554
484
506
628
479
549
560
519
524
770
520
540
551
549
852
838
535
570
547
545
542
898
562
527
502
563
682
888
532
860
583
591
544
707
543
545
648
523
493
1788
533
572
679
555
496
1226
1379
498
603
572
541
518
1390
526
689
527
534
539
797
1513
557
638
552
504
517
1046
733
586
577
534
522
508
1210
1488
484
562
564
558
949
1433
579
526
554
547
550
725
1568
497
890
909
532
509
1038
788
517
518
494
514
515
687
1107
505
584
488
486
528
944
986
512
514
543
542
530
755
1088
511
568
588
527
506
776
1028
542
513
585
550
1074
770
521
565
560
530
545
1193
567
588
577
549
566
917
733
542
747
527
556
763
938
553
829
644
528
536
833
1094
850
626
832
737
1717
614
838
797
667
893
761
778
828
835
663
631
628
684
1438
732
536
535
539
524
537
839
568
526
541
556
596
877
638
868
934
691
701
2258
1385
547
815
898
630
1152
1744
519
532
502
549
549
644
1037
569
511
544
576
574
1019
668
559
675
687
692
689
939
703
536
722
801
849
832
542
790
527
890
612
552
535
711
743
574
611
597
686
690
803
588
590
582
577
1186
1062
969
580
977
676
786
800
982
870
983
1034
790
737
786
587
784
778
1323
856
586
885
943
1065
696
977
824
897
1010
709
771
560
730
1158
745
744
2096
1615
925
646
657
1044
1956
932
1011
993
788
1073
1099
1626
798
782
1011
878
860
1432
1108
1062
808
713
719
1673
2310
1392
763
966
1469
769
1045
652
837
788
820
1615
858
818
1415
825
762
1622
797
740
900
806
759
1857
1086
843
728
902
906
854
1475
812
713
1148
823
2108
2166
732
765
668
810
1818
1271
950
949
538
630
1993
1696
855
699
788
941
993
876
543
578
525
1045
1798
748
1026
721
628
1524
1360
1079
1664
757
879
1113
1720
669
845
654
640
1220
1897
705
650
610
850
2287
2892
1118
688
832
886
1050
834
849
817
1177
634
1625
547
619
768
661
891
1048
515
792
927
760
2071
950
748
707
615
804
972
1794
615
658
600
974
1134
685
713
731
901
575
1620
1056
588
841
580
600
821
545
550
838
576
1583
1443
634
643
600
595
1267
1401
926
813
592
699
2129
1644
744
590
686
771
1352
813
602
846
566
844
1700
816
638
614
795
756
922
1053
605
743
578
937
1032
758
569
578
567
1280
1379
733
614
669
740
2234
2620
590
632
678
1261
878
702
631
881
640
717
713
928
845
650
605
628
1057
740
838
638
754
730
904
781
733
590
558
1182
750
789
773
807
775
764
1122
720
630
642
733
851
729
726
698
729
785
1042
846
772
721
742
759
726
771
742
787
796
761
936
775
813
691
728
730
729
597
728
705
751
768
1015
714
673
635
651
629
585
640
821
1308
607
596
631
1054
957
1734
1642
1257
887
1180
1027
943
748
791
816
839
814
804
812
1857
1122
715
989
644
887
1947
616
1700
2652
971
906
1561
1209
1755
2120
1307
825
896
970
1317
2255
2002
1492
1745
1454
969
1775
1086
820
754
834
2084
720
629
1106
1616
1220
1455
1456
975
913
1023
1200
958
884
1359
762
782
723
771
849
2123
1011
812
1023
803
1251
926
949
1167
1044
868
776
2101
2422
641
1285
1075
1311
785
1023
1481
785
799
1798
1474
866
2506
974
786
779
2628
876
859
1004
1377
1341
828
757
921
1170
576
583
616
979
797
773
1484
945
1006
1120
840
833
941
638
802
663
974
2171
1827
788
860
953
800
725
738
721
1021
678
1782
674
949
742
692
1064
937
828
892
810
1247
691
943
1253
676
745
623
730
1471
665
1925
914
621
1516
1226
517
591
576
633
1247
825
653
593
571
1966
2186
594
570
796
824
1181
574
505
520
496
547
912
1177
610
781
1024
608
1377
2090
798
660
702
869
1889
848
797
983
972
547
1142
1148
1677
1377
1584
1007
699
1535
1581
895
702
1257
1160
2579
1613
630
733
601
602
1970
591
635
745
578
849
1438
612
716
601
954
595
1704
582
749
677
593
711
1667
636
1359
779
727
786
1545
808
836
853
