2529
1608
1190
1258
965
1337
1120
830
627
1543
772
681
665
616
1191
1187
2425
645
612
643
597
1434
928
609
1145
1190
831
651
650
1077
653
646
648
977
1148
1053
779
1062
686
599
716
656
601
587
635
859
674
1072
593
601
611
627
820
581
629
613
601
764
765
1422
672
592
611
580
645
1147
859
730
672
839
594
736
842
1132
654
609
583
685
914
1187
1042
912
837
910
942
1319
1065
691
659
680
636
817
1023
635
595
618
621
618
1254
1113
701
622
697
689
810
625
614
637
617
632
982
824
655
600
605
668
748
856
866
866
1213
803
682
753
993
1374
643
599
767
598
762
760
767
585
639
739
858
1082
1487
626
602
627
599
624
756
909
660
904
870
676
592
780
816
594
576
614
589
682
897
801
792
984
623
627
1558
847
615
641
871
628
623
835
1576
829
867
828
839
824
836
818
833
783
832
879
615
628
646
605
758
812
802
781
821
819
649
768
729
798
700
691
738
686
661
717
1027
651
892
581
685
671
1249
702
621
622
669
618
630
587
616
638
604
880
591
661
591
635
587
819
614
652
592
630
606
614
594
611
682
650
774
1235
666
860
633
697
1606
963
917
821
904
950
1738
1247
1100
1248
1091
1379
804
739
753
850
747
1053
1091
735
751
802
649
1536
647
699
605
652
635
608
1254
755
701
689
808
1115
849
610
640
945
612
1841
1009
912
711
1334
1035
654
603
605
608
739
979
1094
685
595
936
838
631
587
600
660
955
624
835
992
733
914
644
635
668
607
1127
778
689
646
1308
1284
987
620
640
646
906
740
637
735
643
994
682
601
643
616
637
878
636
622
1086
655
637
793
665
1757
1936
664
744
738
665
1862
1090
634
620
878
594
1661
621
1001
677
708
815
2303
2403
748
764
709
623
837
2051
821
800
652
1110
1486
704
811
1361
875
1029
2021
726
933
933
996
624
1583
981
693
686
1080
1252
760
774
916
1603
1013
2073
2713
1445
792
1007
737
1975
1709
668
929
1164
1190
1808
2293
1203
960
924
869
1476
2377
912
907
917
860
1020
1108
1232
1227
724
879
742
1544
616
684
665
622
935
1338
727
605
753
629
820
1438
852
801
627
816
862
805
871
712
649
632
870
853
825
862
610
605
620
633
599
625
598
607
2149
598
621
597
587
735
1357
635
613
650
637
2122
1050
609
607
666
579
707
1442
602
637
718
1195
616
839
838
870
944
639
637
808
636
691
639
673
1242
1011
610
625
781
672
866
987
656
592
580
614
654
1040
601
777
966
875
914
1008
1992
801
853
700
981
1136
745
650
642
611
646
710
903
637
625
635
635
606
1012
747
749
632
613
671
643
1188
911
639
629
618
657
1194
1830
1100
1083
941
690
626
670
972
610
669
1018
623
691
705
989
631
645
628
657
631
1008
1100
694
765
763
652
713
678
660
719
639
670
622
1165
665
624
609
630
639
1128
808
607
855
640
923
609
1870
595
576
957
662
1240
826
593
568
671
606
1186
1151
885
778
677
623
832
823
1003
642
657
580
838
633
629
575
733
753
682
646
1081
731
738
721
640
675
685
1428
777
608
638
771
745
1400
795
615
591
623
1134
591
774
626
897
946
682
656
652
1570
763
635
620
589
1119
861
662
597
624
712
833
631
637
699
612
903
1352
641
634
828
920
788
604
623
630
771
740
1771
896
931
1002
747
2106
740
695
962
750
630
637
826
723
604
653
1016
681
615
774
951
1042
642
633
679
638
665
863
1461
984
677
1129
875
929
954
1108
666
714
614
609
606
597
588
651
635
606
585
613
1437
623
606
624
580
941
1316
808
608
584
672
1042
1933
703
652
673
662
1140
1295
791
692
649
808
861
625
608
655
758
727
885
685
878
1013
1093
1224
1008
1115
1219
1225
1123
671
594
870
758
620
593
608
838
1800
721
724
647
622
766
1538
641
683
627
894
799
656
622
641
621
687
627
650
1538
709
666
676
686
1071
913
594
583
797
609
615
625
709
596
591
703
610
600
645
582
597
607
1632
858
614
629
618
593
1683
605
611
666
605
616
2168
600
578
591
622
617
1288
600
606
594
713
1858
947
596
608
676
792
1260
1637
593
595
590
592
799
1766
594
638
578
580
1952
1138
618
599
691
560
1294
1139
591
595
574
570
604
1947
593
611
600
622
585
814
587
813
656
616
586
820
625
612
597
646
2072
1040
1010
723
920
701
609
1149
656
899
739
1007
710
923
706
832
876
667
683
976
720
673
973
745
690
1559
894
643
621
856
999
873
942
617
877
649
1940
1937
629
1149
1001
1298
1685
926
811
1028
1294
1315
1340
1094
1132
1365
1302
1196
1336
1403
813
816
770
641
695
692
726
742
638
1290
1286
724
677
647
744
1269
1284
753
605
694
669
2056
835
822
814
644
660
2126
1098
945
971
963
916
933
983
988
1006
727
694
704
1781
2784
1038
1029
1162
1137
1266
1359
946
739
1033
1203
