5971
6061
6099
6155
6322
6705
6762
6816
6429
4291
1216
1656
2059
2445
2278
2128
2638
1726
1394
1403
1424
1497
1606
1710
1918
5511
1850
3120
2790
2540
4023
1807
1808
1808
1805
1841
1842
1750
1854
1752
1681
1571
1485
1384
1307
1210
1213
1117
1020
895
798
705
600
1517
1430
1352
1330
1270
1179
1265
1172
1059
973
899
809
755
617
1862
1499
832
732
778
806
836
838
826
816
896
889
1481
1579
1854
921
719
667
650
662
1359
1275
607
605
601
619
665
657
702
833
674
697
674
688
706
803
790
788
811
858
911
956
987
990
1030
1028
1057
949
750
546
582
1482
546
1672
593
635
1569
589
1566
591
655
1597
583
1462
576
577
1535
576
1452
584
633
1504
578
1535
582
639
524
621
1455
595
616
524
593
1566
583
1324
610
652
513
681
1504
591
1631
579
621
1466
593
1406
593
603
541
604
1463
590
631
534
615
1557
579
1500
594
579
1335
577
1553
566
606
527
576
1571
564
1467
575
596
1514
576
1371
565
604
541
582
1445
592
624
533
557
1512
600
1519
555
552
1512
563
1617
594
615
530
551
1466
592
634
533
566
1333
581
1583
586
605
1472
593
1345
554
618
560
576
1336
587
1521
632
630
1019
589
877
589
628
572
610
950
630
643
703
730
1004
611
784
623
664
547
612
967
575
598
593
648
901
569
914
614
612
636
633
849
619
633
677
690
999
592
744
585
616
571
582
760
632
1062
613
660
685
595
792
577
608
553
589
767
591
978
615
636
649
570
970
589
591
600
597
913
623
639
538
593
828
582
928
561
591
623
558
765
605
682
564
629
796
609
966
593
625
612
637
875
605
645
680
717
968
642
821
626
656
587
621
916
589
607
631
687
930
557
771
555
565
546
591
792
583
999
585
582
626
583
799
563
588
568
588
992
627
630
637
667
909
619
844
592
630
589
599
744
580
874
642
676
549
590
1008
626
667
694
710
975
613
912
596
615
640
692
1010
652
679
708
794
1018
588
834
604
624
588
602
907
584
583
574
640
866
601
974
595
617
723
607
785
591
603
585
611
899
617
665
695
735
1070
587
908
573
618
697
562
812
570
635
527
596
878
637
984
567
593
640
670
1005
583
602
535
572
788
604
1010
580
591
605
629
992
613
632
573
620
796
631
1046
590
623
647
570
772
585
633
529
570
1007
596
588
626
663
942
571
880
608
653
703
735
971
559
609
529
621
884
597
961
598
667
705
732
984
581
585
591
609
931
580
600
593
630
921
567
807
636
644
566
595
889
625
609
642
675
909
603
857
586
615
541
614
922
576
621
662
698
900
580
797
608
665
553
600
1096
576
1156
599
605
615
628
864
615
683
703
742
920
605
895
608
631
704
691
1021
611
655
569
593
792
600
971
615
660
694
598
830
606
635
540
587
1000
568
1091
619
649
674
561
769
593
582
546
595
995
608
617
540
562
798
580
968
607
651
685
717
983
618
651
686
720
948
588
999
574
612
612
589
899
549
565
505
551
822
596
1091
613
642
690
755
1001
602
625
571
602
928
590
593
648
716
1018
607
800
583
624
864
1059
1083
821
606
620
703
751
610
920
569
653
727
685
1028
566
617
509
614
872
588
983
614
657
866
587
629
548
612
502
588
824
588
1001
569
631
708
750
981
579
634
527
609
793
545
1093
581
594
630
676
948
619
653
566
596
800
556
949
608
622
680
574
802
569
632
547
562
937
579
639
642
662
984
602
780
573
604
496
570
931
569
629
625
660
986
597
785
596
620
545
610
805
592
877
621
652
545
619
827
614
960
579
588
688
601
765
587
596
567
594
878
601
1001
583
590
585
610
866
575
624
517
617
821
655
889
611
674
532
607
826
632
990
600
639
668
664
974
574
624
651
650
925
608
823
602
608
500
548
880
607
829
637
652
512
625
851
612
879
605
665
484
575
875
604
944
607
679
686
747
846
576
997
584
623
657
705
952
597
650
639
695
4919
1311
1212
2043
3812
3030
3015
3024
3055
17018
1012
632
2127
648
1720
617
2073
620
636
631
643
607
6085
1173
1253
1439
722
691
653
635
607
596
620
621
618
611
635
658
693
719
753
792
815
817
825
868
890
915
946
1038
1043
1010
1041
1078
1104
1065
1119
1164
1201
1212
1257
1280
1294
1335
1362
1400
1431
1431
1481
1484
1521
1528
1555
1598
1612
1617
1705
1744
1770
1781
1813
1826
1786
1792
1827
1877
1933
1934
1950
1947
1980
2016
2038
2047
2082
2118
2134
2155
2181
2220
2241
2263
2321
2346
2380
2423
2489
2528
2551
2555
2590
2646
2699
2791
2846
2909
2973
3000
3026
2994
3014
3062
3091
3104
3099
3102
3149
3176
3198
3236
3240
3254
3281
3300
3319
3338
3383
3418
3438
3438
3480
3496
3531
3538
3587
3635
3672
3731
3780
3855
3891
3962
4004
4053
4115
4162
4192
3946
3893
3914
3939
3960
3983
4022
4076
4120
4155
4175
4189
4239
4282
4334
4382
4451
4487
4552
4610
4656
