5007
5013
5044
5141
5203
5214
4345
3219
12319
9971
7897
6427
6380
6359
6386
6357
6350
6341
5885
5424
4512
4518
4510
4515
4524
4544
4583
6283
6183
6107
6056
6022
6052
6026
5887
5864
5781
5581
5502
5337
5280
4979
4640
4279
4133
8731
1058
1051
1360
679
690
680
648
649
641
752
745
796
865
946
986
1063
1747
1771
1771
1836
1895
1368
1443
1487
1536
1579
1640
1686
1604
1593
1677
1763
1866
1085
1123
1131
1183
1328
1342
1404
1398
1445
1482
1508
1633
1663
1731
1733
1783
1791
1816
1888
1955
1991
2124
2138
2170
2234
2208
2216
2305
2351
2448
2487
2546
2626
2709
2796
2880
2935
2968
2965
2987
3060
3107
3134
3221
3268
3364
3355
3379
3390
3436
3495
3875
3927
3973
4002
4067
4077
4029
4013
4062
4042
4098
4115
4132
4125
4175
4232
4297
4345
4417
4458
4615
4671
4791
4833
4904
4981
5036
5085
5110
5162
5226
5324
5363
5400
5455
5484
5512
5518
5569
5614
5696
5776
5791
5857
5909
5950
6010
6053
6086
6135
6184
6232
6303
6307
6345
6403
6444
6491
6567
6649
6695
6740
6829
6908
6974
7061
7107
7141
7170
7169
7212
7229
7257
7265
7326
7394
7420
7435
7480
7510
7555
7573
7632
7673
7722
7761
7820
7823
7742
7785
7677
7729
7794
7315
7374
7045
7083
6960
6941
6954
6526
6530
6267
6299
6181
6198
6224
5748
5759
5347
5342
5343
5327
5337
5056
5072
4556
4599
4590
4564
4617
4172
4192
4060
4067
4045
3624
3645
3427
3440
3448
3038
3060
2833
2837
2867
2604
2604
2135
2133
2152
2019
2051
1787
1824
1651
1674
1725
1266
1267
1256
1291
1332
958
982
580
612
685
676
988
592
613
622
650
989
621
843
602
655
542
576
957
608
653
528
586
845
621
1018
601
624
708
596
805
616
695
530
588
792
564
1002
606
621
661
691
1019
573
581
569
588
883
626
977
621
679
680
702
1010
606
656
685
763
1065
602
826
590
637
562
586
815
584
866
603
669
565
618
802
598
1004
629
663
750
568
839
579
615
564
601
807
592
854
591
672
517
559
958
548
591
576
658
1059
585
928
578
636
712
634
878
624
1038
636
702
712
741
997
603
635
566
629
819
579
995
592
611
694
693
1060
606
629
554
634
874
637
980
600
660
740
730
1023
619
661
510
580
899
600
995
595
657
731
708
1052
594
610
518
580
859
594
1095
611
616
688
605
873
582
624
543
568
920
618
668
685
703
1004
594
796
622
636
529
579
946
579
597
670
693
1001
585
842
617
655
531
581
967
575
644
617
611
999
590
918
565
595
577
597
979
570
615
584
609
1016
602
782
595
622
558
601
939
593
611
643
711
908
571
1074
591
604
542
574
830
616
849
608
647
594
616
962
607
637
685
746
1045
564
887
659
666
573
615
815
621
1008
582
610
641
669
954
610
586
567
640
859
583
970
573
611
638
567
874
592
634
513
528
920
583
949
600
611
602
672
1018
631
658
572
602
838
639
989
581
596
606
666
1053
600
638
674
672
944
613
850
588
624
556
597
992
618
624
682
689
899
585
862
594
587
566
609
829
652
1022
602
620
726
602
824
620
657
554
612
790
586
1094
617
614
694
626
777
611
679
550
575
1000
588
803
615
633
555
596
782
619
1070
610
620
646
646
949
621
650
538
554
933
601
629
660
680
1042
612
945
582
641
690
676
1089
579
585
597
642
958
610
793
600
652
499
565
879
634
1058
620
677
575
607
809
625
650
567
612
823
600
955
540
564
699
575
819
554
564
528
599
1016
574
589
611
650
1006
621
972
573
612
622
559
1088
628
632
574
561
928
607
573
614
649
927
563
840
601
625
518
551
974
597
585
642
665
957
564
916
633
633
670
694
1036
602
701
696
735
1036
590
944
592
696
719
693
1019
599
681
636
697
1071
602
941
607
616
668
703
985
576
651
623
673
1043
591
783
567
607
532
605
786
614
992
610
653
688
601
827
603
642
509
615
900
599
1033
608
628
707
601
817
624
669
524
660
939
631
988
579
603
755
604
814
581
622
542
592
984
605
629
670
725
1025
613
871
597
639
514
590
851
611
1018
576
591
684
595
783
595
644
541
594
982
560
636
637
665
1049
601
921
635
618
632
659
980
590
616
566
617
875
617
990
610
633
697
603
820
607
639
580
598
946
577
579
530
577
1199
638
951
535
574
736
552
942
700
731
521
688
708
570
542
531
594
1045
635
831
606
611
554
569
1026
601
606
612
630
984
5586
1731
2388
1276
1342
1217
948
1258
1231
866
1607
1523
1524
839
1214
1219
662
920
764
750
713
731
706
736
711
738
717
727
718
709
729
720
727
755
512
744
760
749
737
772
870
801
3818
972
1045
833
827
634
637
670
705
643
708
794
867
938
922
937
1029
1109
1204
1259
1270
1083
1103
1163
1248
1273
1361
728
685
712
772
814
897
922
967
938
1034
1084
1130
1148
1255
1354
1383
1354
1411
1454
1515
1569
1671
1762
1824
1756
1824
1869
1932
1987
2089
2153
2201
2301
2326
2384
2443
2532
2610
2701
2781
2804
2858
2901
2969
3001
3073
