7147
7236
7280
7395
7465
7511
7520
7597
7704
7733
7751
5904
5596
15005
2452
620
2335
713
650
609
1046
2385
691
1997
614
633
644
662
713
734
748
814
827
823
867
641
623
687
630
681
723
757
775
822
887
940
950
577
623
652
661
748
1807
1894
1913
1967
2059
1668
1693
1483
1560
1493
1352
1412
1408
1429
1459
1499
1563
1692
1732
1781
1771
1821
1857
1915
1970
2058
2098
2130
2168
2231
2294
2324
2376
2434
2498
2521
2558
2636
2676
2733
2763
2797
2863
2928
2961
2962
2967
3017
3076
3117
3183
3215
3267
3304
3361
3406
3457
3522
3574
3607
3664
3661
3714
3768
3811
3862
3954
4005
4050
4094
4164
4216
4256
4316
4383
4450
4484
4540
4588
4618
4664
4730
4780
4854
4938
4994
5038
5044
5074
5087
5116
5160
5215
5285
5313
5314
5321
5337
5397
5464
5535
5561
5611
5653
5716
5779
5851
5901
5964
6017
6040
6077
6138
6208
6266
6297
6375
6409
6449
6467
6514
6563
6631
6668
6721
6779
6824
6827
6816
6818
6825
6847
6869
6932
6970
6960
6970
7002
7021
7054
7054
7101
7161
7168
7177
7211
7233
7248
7262
7319
7379
7420
7446
7449
7427
7453
7455
7472
7517
7544
7562
7585
7584
7591
7606
7670
7686
7695
7241
7270
6847
6891
6890
6768
6739
6548
6523
6406
6452
6480
6093
6093
5917
5912
5903
5504
5508
5503
5469
5479
5083
5060
4699
4705
4669
4655
4684
4309
4367
4140
4131
4117
3900
3935
3554
3567
3572
3461
3463
3231
3238
3044
3055
3089
2862
2852
2401
2399
2395
2308
2339
2076
2068
1908
1933
1941
1586
1607
1570
1620
1641
1201
1232
997
1033
904
934
951
745
971
621
688
704
731
993
624
646
695
736
1021
592
801
613
667
496
571
875
624
950
588
611
644
671
909
587
618
546
587
757
569
1019
570
630
674
733
1073
604
639
565
617
833
608
974
584
605
646
684
952
651
688
597
632
807
611
1010
616
657
657
597
816
619
653
565
622
809
607
977
633
689
693
586
808
609
648
602
633
814
608
937
612
658
698
757
984
623
655
544
607
856
602
947
613
668
692
761
1002
628
678
574
669
872
632
1016
604
699
759
784
1090
581
601
613
625
916
632
763
616
623
567
580
946
580
601
611
651
987
618
812
584
613
548
625
806
637
973
627
671
723
777
996
617
676
658
703
940
601
823
598
636
539
602
808
602
952
661
708
572
581
920
578
586
615
626
903
602
749
573
629
499
583
803
559
1050
604
590
599
607
850
567
636
686
752
1010
562
932
595
593
631
665
971
593
608
549
574
806
632
945
608
647
729
598
777
624
654
489
571
1001
600
631
655
723
1010
616
923
614
641
677
576
807
588
627
541
602
903
622
659
676
715
977
612
961
592
611
613
628
920
616
618
666
698
936
604
911
591
607
693
606
810
576
620
515
577
931
593
643
698
727
1021
594
785
574
632
540
591
836
618
1024
583
597
623
679
901
581
596
525
582
831
600
975
574
624
690
590
800
599
633
544
613
800
639
1013
574
582
676
583
815
570
626
524
576
798
571
1160
594
647
696
723
1001
579
665
635
702
1256
573
1148
609
620
635
646
957
587
634
563
604
846
617
933
582
625
674
628
981
619
650
671
681
963
561
923
590
619
725
560
911
572
599
559
585
791
575
1017
1180
614
643
667
687
737
816
720
800
695
597
1029
586
640
717
681
1126
607
629
714
812
1104
617
786
609
673
506
589
830
608
1011
601
615
679
582
864
611
635
539
577
1007
625
650
603
634
893
579
825
610
662
503
548
1018
624
642
709
741
1023
603
822
602
642
522
615
956
600
631
536
605
912
612
1076
584
632
713
609
956
620
678
682
658
994
620
651
678
714
1026
609
809
626
665
556
570
892
584
593
596
661
1019
590
966
561
585
603
638
1012
573
579
550
609
881
575
965
584
631
667
561
862
583
618
534
591
1006
707
711
738
757
970
584
962
583
577
587
591
894
599
607
531
577
796
573
1040
589
618
682
584
806
596
658
538
581
793
599
1022
633
642
707
577
807
567
582
555
591
769
559
983
557
607
585
603
998
569
639
622
668
900
615
985
613
641
686
724
995
583
832
611
658
618
666
990
594
809
623
634
545
551
783
571
976
604
666
703
712
983
609
649
639
687
858
604
976
567
761
788
851
1013
570
861
570
615
559
582
980
600
860
614
671
654
719
1002
580
898
608
636
648
659
964
577
819
582
616
556
626
851
610
1008
636
628
1577
1758
2819
1734
1716
1884
1913
1895
914
1279
1284
956
1010
1560
1625
1665
1537
1578
1601
1607
1662
1719
1751
1820
1865
1889
1830
1861
1903
1962
2001
2049
2094
2152
2153
2171
2085
1999
1916
1822
1752
1657
1569
1486
1394
1319
1243
1169
1079
1003
915
847
780
681
605
8042
7920
7820
7730
7617
7512
7418
7293
7163
7047
6943
6836
6770
6688
6588
14575
14507
14422
14319
14218
14114
14026
13957
13953
13883
13817
13742
13639
13576
13346
13277
13204
13128
13027
12935
12852
12784
12702
20685
20617
20530
20523
20478
20408
20397
20389
20379
20270
20084
19978
19892
19810
19743
19672
19585
