2775
2441
3193
3740
683
641
3186
733
715
731
545
532
551
2397
2400
1066
1082
1122
1135
1046
850
779
676
724
1025
883
651
713
1691
2579
3607
1281
761
637
613
658
690
708
745
983
923
1343
880
2150
1056
868
1300
1222
558
618
641
698
748
817
858
886
992
1040
1085
1172
1209
1249
1254
1269
1332
721
748
759
862
901
923
964
1038
1137
1159
1022
1087
1101
1022
1069
1100
1145
1150
1169
1193
1216
1302
1386
1442
1514
1550
1580
1595
1649
1762
1824
1909
1935
1978
2025
2052
2113
2190
2250
2227
2257
2290
2350
2411
2440
2511
2545
2609
2650
2710
2718
2768
2843
2906
2962
3019
3118
3160
3186
3238
3311
3376
3442
3514
3564
3587
3630
3680
3719
3778
3839
3916
3976
4020
4078
4099
4131
4144
4142
4197
4251
4267
4306
4298
4346
4374
4372
4385
4382
4419
4511
4518
4558
4556
4572
4571
4566
4611
4675
4687
4705
4742
4762
4788
4792
4871
4934
4942
4942
4943
4974
5006
5012
5077
5146
5144
5147
5174
5178
5184
5249
5274
5313
5334
5367
5412
5474
5543
5591
5659
5664
5648
5651
5651
5659
5666
5709
5710
5733
5761
5850
5907
5969
6035
6104
6197
6240
6294
6329
6375
6428
6486
6546
6612
6665
6717
6719
6749
6786
6827
6842
6889
6919
6971
6987
7050
7125
7162
7166
7231
6902
6945
7005
6850
6858
6579
6562
6423
6435
6455
6008
6033
6006
6046
6086
5527
5559
5351
5404
5259
5329
5408
5112
5173
4714
4767
4764
4796
4829
4424
4468
4429
4502
4521
4026
4000
3775
3788
3634
3651
3665
3291
3287
3256
3319
3403
2996
3001
2510
2522
2529
2522
2531
2132
2162
2192
2263
2243
1796
1822
1443
1447
1467
1478
1471
1104
1065
955
994
1014
804
995
576
585
607
612
875
609
666
715
747
932
611
829
588
663
537
583
916
619
709
658
751
885
603
991
603
642
586
617
850
611
939
611
657
680
699
919
599
627
679
740
986
615
915
632
635
688
725
849
577
910
605
646
701
595
803
598
642
508
606
882
616
1011
592
699
735
761
1018
612
610
520
571
1024
604
606
642
642
918
583
880
606
633
658
688
896
619
629
667
700
975
605
785
566
602
518
586
928
581
643
688
725
967
627
820
580
627
544
571
810
605
970
622
641
679
705
927
580
634
566
577
797
577
990
586
597
623
670
930
602
644
540
569
779
595
1018
606
643
695
713
972
609
633
677
702
984
607
795
638
651
547
591
934
569
623
627
666
1032
601
752
582
624
572
620
816
589
1003
585
594
614
659
882
611
651
534
590
808
643
979
607
635
683
720
988
641
666
702
721
979
620
825
601
622
553
618
941
628
673
707
743
790
573
1037
645
677
721
790
958
595
955
602
613
662
664
786
608
916
597
611
625
584
799
613
665
584
595
782
620
977
621
637
657
650
930
607
654
554
640
856
589
944
606
603
614
620
897
602
662
576
641
856
608
949
563
551
674
588
749
605
673
485
561
842
633
985
608
664
706
660
961
612
688
722
775
1106
611
765
607
659
512
564
810
596
1027
594
643
681
694
911
617
667
513
578
818
654
1007
595
616
640
668
982
633
666
698
738
933
593
899
627
691
572
611
813
649
857
590
641
511
549
941
601
645
659
699
1012
597
813
612
664
561
606
974
615
680
657
714
873
612
1011
617
670
497
567
784
562
1056
602
619
630
549
820
609
678
504
581
805
599
1194
816
560
570
618
749
640
780
624
658
641
739
1024
614
858
595
611
621
641
942
594
801
622
690
631
673
925
640
884
586
660
603
673
1012
633
792
636
714
505
605
757
600
987
632
641
691
734
848
612
862
628
634
549
602
924
572
931
598
634
722
750
816
596
815
615
669
519
594
773
608
1013
582
622
657
688
840
607
985
583
693
722
724
1028
621
698
671
742
903
620
842
613
970
605
618
652
666
790
604
1016
627
669
706
728
977
603
659
683
738
850
606
965
623
651
523
603
849
596
948
605
621
539
619
772
611
887
627
665
569
627
797
621
898
607
653
541
616
810
609
882
620
668
587
598
758
612
844
611
613
549
617
882
609
860
623
655
525
577
819
629
877
602
645
530
588
875
599
887
621
654
564
575
872
615
949
615
643
717
754
976
584
627
593
630
836
594
935
563
593
640
692
912
578
809
570
633
534
569
801
585
979
583
606
659
2364
1045
1355
1738
2338
1704
1648
2502
2093
2092
2126
883
1599
1604
1650
1028
899
665
910
747
754
750
767
767
753
783
859
1851
723
1454
686
648
696
766
839
870
1020
958
973
1038
1086
1084
1112
1157
1189
1224
1235
1243
1266
1261
1266
1318
1357
1392
1445
1499
1566
1627
1694
1761
1773
1842
1895
1866
1937
2018
2057
2116
2049
2102
2149
2207
2245
2225
2227
2256
2345
2420
2520
2583
2642
2634
2679
2769
2814
2906
3001
3060
3115
3144
3218
3292
3342
3386
3489
3585
3618
3658
3721
3803
3886
3976
4033
4065
4053
4099
4152
4072
4140
4085
4118
4173
3722
3777
3491
3540
3287
3348
3387
3054
3081
2780
2793
2764
2759
2806
2357
2391
2029
2030
2048
2058
2086
1623
1649
