2714
1128
1217
1350
2222
858
615
1642
1228
1287
900
1775
679
602
653
620
915
1846
927
604
712
610
683
626
600
2005
1657
719
747
1089
1062
787
1041
725
989
625
698
891
1151
1068
799
627
685
745
1740
832
983
768
726
652
780
688
620
867
676
1785
1402
628
1045
654
636
2145
686
706
895
1393
740
941
691
686
907
661
708
1459
740
1227
781
643
689
2029
958
744
691
669
719
2485
751
695
578
574
600
653
1984
598
734
921
651
651
2002
664
623
631
767
713
1136
1099
971
923
865
876
1192
2114
1125
849
858
740
625
1950
653
653
610
675
669
1374
1193
814
623
567
605
1867
1468
724
615
576
761
1129
2045
940
883
919
901
935
950
728
652
688
649
628
973
751
1051
644
793
818
688
611
859
626
639
640
598
595
620
596
643
1062
1138
624
612
606
603
638
1079
605
666
631
638
1467
1003
611
679
639
685
1948
1158
847
875
838
966
1338
857
877
885
778
645
842
616
637
646
642
686
1111
688
614
653
663
1060
1093
626
612
626
673
1097
647
614
834
714
629
636
573
592
617
605
818
742
609
765
616
802
590
1291
848
725
716
763
934
1181
750
906
999
776
1084
1050
752
696
704
990
993
771
743
622
555
782
946
623
584
743
707
694
910
1303
777
805
746
959
734
1135
709
717
604
870
749
612
625
626
655
596
1519
719
731
589
626
914
811
1126
627
604
572
632
818
1251
615
608
820
607
1399
810
698
698
597
665
1256
898
659
619
596
625
1132
920
733
713
634
672
673
1894
601
593
640
609
743
1129
712
719
748
641
633
1136
766
743
564
593
600
957
1842
666
591
578
1211
1053
838
903
682
588
857
817
2100
657
662
622
588
1049
2208
687
672
611
711
657
1841
1376
617
607
584
604
595
1747
1738
974
654
892
603
991
927
840
825
776
757
997
858
2046
1246
759
898
710
943
1084
696
1064
901
815
796
757
888
1062
1306
1128
718
713
719
1526
2260
2712
1030
847
798
662
1687
2225
2498
740
728
767
651
2103
1725
1321
944
1266
823
632
578
617
1127
821
1027
619
643
625
1261
601
668
772
645
620
666
1552
840
606
610
649
821
607
1254
1569
971
1029
579
696
944
1386
748
623
760
774
613
665
942
842
570
604
1428
731
1712
717
667
565
606
574
792
1087
1798
817
642
700
574
635
1667
1740
596
579
600
647
1776
762
607
609
596
651
621
875
1685
567
596
634
620
570
1994
1463
578
593
592
580
1004
1491
590
623
993
651
606
874
1191
674
595
594
603
571
2563
622
630
598
576
1717
629
714
642
588
1515
1596
600
640
606
608
1465
1461
587
631
619
583
1222
1432
615
598
571
579
2041
590
1083
1422
1186
1309
2744
1156
1165
1044
986
9614
1240
946
1094
1027
900
1131
1237
957
2201
1120
817
2016
1129
1174
1230
1302
1375
4079
1212
1114
1352
2017
3150
3757
782
723
1277
712
664
619
586
806
1275
672
780
688
657
644
762
694
616
644
661
764
969
670
644
993
634
631
1002
657
711
628
674
1684
1469
953
989
657
892
877
863
1135
922
598
803
1592
902
886
645
719
1048
1358
1612
876
1029
820
772
808
1214
647
621
670
630
1162
2176
643
670
1035
786
633
1345
721
684
596
623
1057
870
1272
915
738
646
724
1121
617
640
615
822
731
1190
1184
604
687
603
715
1230
2124
1171
1161
961
1069
2421
2478
1586
1273
1310
1093
3025
1384
1348
1345
1350
1208
1017
950
834
1144
931
609
830
649
808
825
839
863
893
656
766
636
632
751
645
628
582
596
605
675
633
1078
842
597
619
678
740
937
643
740
589
675
808
863
803
655
646
611
616
1089
818
696
617
611
684
1338
851
602
658
628
1470
1134
855
614
597
646
1172
1320
657
845
655
628
836
703
607
814
626
860
1692
918
694
726
705
862
615
858
805
620
764
670
919
969
744
617
715
628
1111
1657
1211
1020
1010
991
919
1008
744
753
1344
811
2023
711
662
652
709
677
1645
1037
1304
1010
959
875
851
978
956
639
665
1094
730
1005
704
610
691
788
2300
651
701
1046
1002
1013
1024
989
890
887
1136
1236
984
1364
632
909
740
2087
904
792
867
1144
676
823
1309
1182
680
717
787
655
862
677
850
669
1059
634
639
1250
1064
625
628
1129
1128
1145
1024
821
1041
952
855
828
1110
961
999
910
1032
908
1045
1159
1157
1204
1420
1282
1499
1715
1196
1492
974
1170
1241
1093
953
1108
784
676
706
995
1923
1262
890
853
898
775
1195
2201
970
1414
671
733
1493
1485
1899
1307
1100
810
1190
1075
951
887
638
673
671
665
1018
1551
863
683
681
649
12797
1204
1256
1274
1243
1463
1296
1310
1229
1090
1073
1036
899
1714
1333
1098
1086
861
1022
2087
5397
1345
1124
1116
1264
1566
1763
1154
1087
708
676
863
1207
1230
1016
917
1283
1328
999
941
919
755
739
708
645
878
898
622
679
1030
1190
1095
2231
2403
930
1364
964
778
654
1322
851
680
627
610
699
666
2303
924
660
641
655
2097
1034
825
654
1020
1183
