9197
9301
9301
9314
9318
9451
9485
9477
9478
9473
9458
9435
9439
9410
8555
7746
7591
3135
1192
2777
1148
973
989
1058
1148
3140
2343
2001
9982
964
889
807
534
542
576
615
957
1016
2633
709
613
1649
849
723
614
565
589
631
646
1533
1537
1566
1107
896
888
929
1032
1053
1081
1087
1166
1171
1474
1361
1391
1448
1504
1559
1752
1797
1824
1910
1920
1915
1931
1988
2061
2175
2323
2379
2289
1857
1869
1913
1944
1932
1963
1971
2028
2099
2299
2321
2411
2417
2463
2483
2429
2431
2482
2512
2571
2606
2635
2701
2682
2710
2450
2525
2584
2635
2666
2608
2631
2667
2726
2764
2829
2925
2955
2991
3056
3133
3187
3229
3277
3357
3386
3386
3389
3455
3505
3538
3611
3671
3748
3804
3844
3876
3917
3972
4036
4129
4206
4225
4252
4303
4348
4398
4426
4511
4582
4623
4691
4740
4791
4830
4891
4912
4972
5039
5086
5120
5192
5241
5291
5356
5414
5494
5566
5611
5682
5713
5927
5985
6037
6094
6168
6212
6428
6484
6728
6772
6810
6865
6912
6959
6981
7040
7102
7153
7158
7194
7289
7336
7356
7379
7391
7415
7416
7460
7467
7496
7526
7564
7595
7630
7661
7674
7716
7744
7761
7788
7797
7811
7836
7860
7877
7908
7935
7960
7969
7987
7957
7970
7967
7960
8001
8034
8072
8103
8115
8155
8017
8053
7846
7930
7964
7704
7736
7289
7300
7334
7140
7173
6897
6942
6714
6782
6806
6435
6438
6437
6505
6531
6075
6068
5818
5810
5625
5582
5583
5194
5198
5076
5127
5130
4645
4626
4242
4227
4257
4245
4269
3800
3821
3853
3941
3924
3463
3472
3197
3203
3046
3097
3109
2678
2709
2710
2702
2739
2238
2277
1914
1903
1926
1940
1982
1553
1602
1558
1577
1616
1146
1200
970
996
744
839
1105
650
587
607
632
875
592
948
570
615
648
684
1005
589
658
603
636
979
601
792
595
615
539
588
913
578
609
682
728
1021
590
778
587
649
519
582
767
565
978
577
609
674
691
920
602
647
684
680
924
547
961
562
614
1090
1005
1032
585
634
676
733
1004
604
830
609
662
560
596
1053
589
1094
597
676
696
572
795
585
680
559
594
802
606
905
549
608
696
569
790
572
639
516
592
952
573
643
583
629
1008
597
1097
614
623
532
607
1015
581
759
802
977
1064
664
861
720
762
599
680
904
603
963
569
636
682
587
909
580
630
550
596
789
586
1000
614
666
696
637
874
617
646
546
758
777
572
1051
611
684
755
715
1011
624
623
569
562
760
595
1032
619
629
650
588
803
585
609
567
611
798
621
976
570
610
634
659
941
561
591
582
609
844
600
979
601
645
739
616
791
645
658
541
591
962
606
599
619
637
952
593
808
594
640
541
589
958
608
615
629
663
911
623
997
618
648
661
692
984
568
587
547
583
802
602
1045
578
576
677
598
766
619
667
553
573
915
569
607
668
699
989
629
882
590
603
659
639
978
596
583
557
567
965
593
581
590
584
921
581
938
603
607
623
627
983
590
601
586
642
861
620
1002
576
604
642
596
879
629
656
559
615
864
600
1014
597
610
634
564
780
618
637
557
591
870
589
592
639
679
1027
598
941
598
621
656
665
952
601
653
521
600
956
591
648
594
675
1056
585
809
602
598
556
606
953
615
689
637
693
1043
618
951
592
659
715
719
1054
612
640
556
555
760
554
977
577
615
735
586
779
567
598
554
622
922
610
661
693
714
993
605
938
627
720
743
700
1036
574
618
571
611
828
607
973
591
597
639
649
964
592
599
1187
569
591
586
610
625
646
809
818
860
880
909
933
934
1184
724
793
675
679
792
583
957
616
609
648
672
986
625
628
572
616
809
614
1002
629
660
834
855
999
610
671
531
601
1073
588
607
671
724
950
589
775
578
594
563
585
944
591
612
620
677
937
596
1014
600
622
643
548
806
578
638
535
606
1002
592
626
575
585
813
592
948
587
594
601
570
875
602
635
510
579
834
602
1028
589
611
682
593
944
598
626
691
623
823
614
659
540
594
845
600
972
587
645
770
590
906
599
609
595
636
934
611
623
649
667
916
576
928
625
649
679
728
890
571
973
641
676
700
724
1046
622
709
698
717
1025
637
848
596
605
524
648
828
620
993
606
630
642
694
1118
621
638
646
637
705
562
1028
627
658
680
703
885
592
823
603
639
560
604
819
622
994
604
617
647
666
862
617
960
590
618
649
651
1035
606
623
560
563
838
604
1384
887
1419
1431
1504
1766
1570
1519
820
715
621
992
912
847
885
909
895
824
882
932
887
858
900
868
883
820
857
628
867
709
720
735
762
755
718
737
734
741
725
567
737
744
993
1003
757
1474
880
740
759
756
748
722
735
748
763
6388
699
2300
750
682
668
684
700
730
729
769
792
789
849
926
958
980
999
1021
1051
1076
1127
1187
1257
1304
1380
1417
1470
1515
1462
1532
1540
1603
922
927
947
994
1007
1002
1017
977
1027
1057
1078
1119
1172
1255
1103
1081
1146
1190
1231
1290
1331
1390
1470
1508
1543
1614
1550
1611
1627
1624
1652
1654
1657
1671
1631
1608
1629
