8599
8640
8683
8648
8675
8699
8776
8821
8835
8836
8720
7504
7899
5826
1603
2563
1535
982
818
1455
2438
3447
774
2641
1028
1890
1698
1497
1001
763
599
569
621
674
760
527
562
613
658
719
817
814
841
825
810
846
883
965
1041
1102
1170
1201
1232
646
709
666
8638
1426
606
565
583
607
672
655
632
647
656
676
723
771
850
854
895
947
992
1028
1044
1117
1133
1119
1153
1199
1220
1260
1317
1334
1375
1414
1426
1473
1481
1520
1598
1607
1649
1638
1642
1674
1690
1697
1763
1785
1813
1817
1828
1836
1860
1904
1928
1968
1980
1986
2003
2026
2027
2060
2070
1231
1204
1581
583
1617
571
602
1383
552
1596
592
639
537
571
1578
576
1525
588
619
1381
562
1547
646
656
536
539
1621
575
598
539
581
1571
576
1543
560
611
1394
586
1544
601
648
533
547
1567
610
628
547
613
1061
597
1059
595
601
598
561
1020
622
632
528
552
950
613
1068
595
590
693
592
786
631
642
572
599
920
596
623
580
613
1019
599
979
583
582
698
598
826
627
652
520
590
991
600
649
525
617
1107
589
967
602
629
676
654
1055
628
639
517
556
891
591
1024
592
612
664
608
876
587
596
538
607
1127
603
625
545
609
863
597
1039
583
629
751
580
1070
588
599
636
668
995
624
678
632
650
1029
601
973
594
637
667
625
1014
571
611
537
584
985
584
647
528
601
1066
589
941
597
618
644
678
1040
574
596
550
602
849
604
1100
602
626
721
604
866
598
629
545
587
839
593
1006
601
636
661
573
1073
583
618
650
627
1018
579
641
537
589
813
583
1082
573
599
673
583
834
575
619
533
580
917
565
624
580
607
1078
581
976
571
622
773
542
782
559
607
531
601
837
625
994
624
685
803
593
812
644
688
534
575
837
595
1022
591
604
689
569
988
582
646
726
661
1157
598
617
560
586
819
613
995
592
590
697
585
827
603
625
542
592
988
593
653
613
631
1015
635
835
624
632
532
622
977
608
663
614
636
983
579
829
616
650
533
588
955
566
600
644
668
1020
617
985
577
593
619
615
964
607
643
569
607
829
613
1052
571
575
724
588
982
554
585
655
654
1077
619
651
592
624
1053
597
944
587
610
647
669
1033
567
650
553
610
1013
638
1035
571
596
610
623
965
582
614
544
626
859
589
1054
584
613
697
600
831
633
660
560
595
793
576
1112
573
566
674
611
962
581
600
653
673
1060
590
596
596
592
1022
575
618
578
587
1036
604
945
623
635
666
703
1019
606
625
537
576
1044
580
629
565
595
1041
594
957
601
621
664
691
1047
580
601
539
588
1019
611
647
630
654
1018
612
945
600
631
688
609
977
600
630
563
617
811
590
991
585
625
696
578
974
593
575
605
619
986
576
582
552
558
835
608
1010
599
647
670
642
1021
611
608
556
637
886
590
1058
579
585
616
673
987
611
617
545
619
851
631
967
616
615
668
742
1114
585
599
539
591
801
622
1054
593
650
771
613
959
616
694
647
717
1026
602
908
605
643
557
609
855
642
1003
633
669
751
632
880
596
649
563
628
1028
629
879
618
653
521
631
871
603
928
610
652
537
624
882
621
989
590
651
708
668
1073
600
628
614
640
862
575
1021
594
591
644
705
878
620
1015
600
644
641
679
1021
584
797
612
605
620
657
1014
565
793
581
602
540
592
822
836
850
597
684
508
580
852
594
985
603
662
663
635
1009
603
633
679
707
919
592
1012
583
633
643
692
902
612
1003
625
635
695
727
918
622
1052
611
670
658
686
890
614
1074
632
639
673
704
782
621
1041
590
610
640
679
1030
600
857
628
704
594
646
927
618
1022
646
682
717
755
1037
613
821
594
636
565
577
810
609
855
620
661
553
579
782
577
882
589
675
531
571
799
592
891
616
643
531
640
869
613
1112
585
633
674
690
947
619
1013
585
629
716
569
821
592
623
551
605
1099
622
864
603
634
560
621
817
580
850
643
645
559
603
926
583
607
565
604
1039
586
862
611
7744
1486
1338
1329
968
914
948
1111
1175
1041
1020
1012
1091
1079
1055
1066
1037
695
1115
1071
552
1092
1126
1145
1136
1118
1104
584
1125
1107
553
1108
1035
1083
1078
1086
548
1107
7068
1114
991
1169
553
1151
1887
646
1934
622
607
701
2460
2827
2697
2657
1227
2183
2014
2101
625
613
598
602
613
631
660
1342
627
658
669
710
686
717
786
848
899
921
932
914
921
939
1000
1138
1205
1007
1023
1049
1095
1145
1220
1270
1269
1295
1317
1352
1394
1427
1462
1472
1494
1546
1598
1631
1669
1497
1513
1548
1577
1594
1627
1672
1707
1809
1834
1896
1881
1913
1943
1976
2051
2115
2166
2233
2299
2353
2403
2470
2542
2611
2675
2715
2740
2791
2854
2903
2978
3062
3128
3152
3206
3230
3287
3324
3410
3493
3560
3538
3574
3623
3686
3742
3776
3830
3877
3931
3996
4033
4086
4150
4176
4240
4290
4371
4425
4466
4514
4570
4668
4719
4788
4867
4949
5010
5037
5106
5157
5197
5249
