4952
5014
5002
5051
5067
5132
5209
2803
2811
3128
6114
1465
939
961
980
974
972
1332
1561
993
1849
2950
718
1230
2028
685
820
650
573
599
704
1232
1262
1005
1003
1058
1097
1159
1203
1241
1281
1301
1302
1322
1336
1360
1416
1435
1469
1479
1525
768
788
813
904
889
988
1130
1159
1369
1393
1275
1283
896
961
801
825
865
914
929
953
987
1018
1022
1041
1064
1087
1080
1101
1144
1121
1224
621
659
699
720
735
818
934
1025
876
1080
1061
1089
1085
1091
1153
1203
1198
1265
1322
1396
1454
1516
1559
1596
1975
2022
2049
1965
1801
1728
1772
1833
1825
1838
1852
1868
1921
1949
2015
2094
1362
1356
1384
1445
1536
1597
1660
1674
1688
1720
1780
1821
1886
1927
2010
2064
2090
2125
2158
2213
2287
2349
2380
2448
2443
2494
2509
2551
2622
2695
2770
2819
2867
2884
2913
2971
3036
3097
3159
3210
3266
3291
3340
3375
3436
3494
3564
3650
3765
3824
3853
3897
3929
3970
4040
4095
4125
4174
4207
4193
4211
4227
4256
4322
4334
4337
4307
4337
4386
4315
4327
4350
4269
4322
3908
3912
3844
3891
3924
3412
3402
2951
2987
3009
2996
2994
2457
2423
2298
2294
2317
1899
1887
1874
1875
1856
1428
1449
1105
1172
1211
1018
1078
690
753
526
579
831
568
1117
616
640
736
611
826
604
637
535
595
808
593
949
593
633
714
555
943
542
592
646
601
1019
548
585
558
570
857
558
962
568
568
647
585
840
567
565
565
626
962
590
590
632
670
1041
588
1026
606
626
726
567
808
589
612
534
584
790
592
1024
618
635
662
567
844
581
604
539
610
851
600
1029
615
620
670
577
989
611
693
759
734
1068
582
632
513
591
854
597
986
577
618
716
561
790
568
603
511
587
1083
605
648
684
730
1022
652
841
617
635
542
614
963
612
638
663
694
998
584
814
591
623
552
588
887
604
643
618
660
981
629
1015
595
620
669
678
1002
614
672
537
581
834
618
1007
598
604
710
605
966
591
630
661
634
1016
606
621
663
686
1033
593
942
621
632
675
673
971
580
624
618
668
1114
696
934
540
639
715
695
1066
561
583
572
577
752
551
1034
584
657
738
575
906
610
624
564
596
777
545
1096
576
579
659
599
1000
598
616
652
623
1023
586
611
569
590
996
590
590
607
648
962
602
947
627
640
703
700
990
607
634
563
597
985
584
592
610
638
1025
589
948
577
598
631
658
1007
608
658
566
585
960
630
686
661
683
985
608
928
564
614
633
667
994
608
645
529
612
841
608
1030
611
667
753
596
934
591
605
666
705
1052
615
663
510
559
924
734
966
598
613
620
680
977
619
626
525
606
857
596
1008
606
615
666
702
1032
606
619
508
555
843
595
960
584
630
670
688
976
584
598
546
615
838
613
989
580
599
671
594
814
637
699
643
666
980
603
803
587
610
534
590
793
605
1062
613
644
677
587
781
621
638
591
611
970
620
790
601
636
536
600
823
618
939
596
613
590
605
779
647
1047
574
612
669
706
1005
567
638
615
704
898
588
1078
594
587
630
665
816
600
982
584
584
616
649
883
570
874
615
687
632
676
1080
612
811
601
629
543
622
813
601
912
604
644
564
578
814
582
962
597
649
676
732
1045
607
630
675
704
843
598
926
588
607
679
762
1005
621
940
603
669
735
741
838
646
1005
592
617
627
682
853
609
982
635
691
747
777
844
596
963
566
636
630
652
981
575
801
603
657
630
666
851
595
1016
643
688
725
744
1032
611
813
598
611
548
604
808
614
920
639
680
533
566
802
582
936
604
647
543
593
842
588
855
571
580
564
658
873
605
1000
581
599
615
610
810
598
932
583
633
728
577
857
567
648
537
601
1167
611
768
602
622
579
609
831
586
857
629
651
571
572
942
595
601
610
643
1030
593
801
606
600
563
577
809
621
1001
566
618
672
699
1084
606
616
657
672
1042
557
785
590
606
554
590
854
565
851
575
647
522
600
815
578
962
569
617
692
709
1059
609
667
662
734
1111
606
826
625
691
580
690
1032
629
877
593
669
574
611
791
597
918
626
653
549
603
795
615
996
561
663
690
656
874
597
980
580
621
657
650
1029
598
624
680
701
981
564
769
568
601
539
593
821
602
858
593
630
541
564
894
617
604
650
696
881
627
970
571
606
594
630
997
568
804
589
652
514
600
840
581
4047
1691
1019
1174
1513
1057
14136
8035
646
4855
1256
700
615
616
605
711
685
660
729
741
823
880
922
985
1046
1107
569
633
634
637
710
652
629
593
604
560
608
661
712
755
789
944
957
934
980
1020
1101
1164
1216
1298
1321
1352
1386
1436
1500
1550
1617
1684
1013
1059
1122
1127
1127
1125
1147
1160
1159
1145
1189
1259
1321
1391
1426
1467
1464
1485
1514
1564
1604
1708
1757
1824
1856
1854
1900
1968
2024
2070
2110
2163
2258
2322
2360
2447
2451
2512
2590
2637
2622
2618
2642
2668
2736
2808
2880
2886
2902
2934
2982
3044
3068
3116
3194
3248
3302
3329
3383
3430
