4127
4149
4231
4280
4392
2206
2106
2133
1468
1470
6098
7871
7797
2570
9954
7908
1770
2512
773
3906
786
655
696
750
727
781
809
852
910
934
598
620
640
692
738
765
878
943
917
965
1172
1225
1277
1302
1381
1438
1316
1345
1374
1365
1343
1366
1405
1394
1472
1538
1594
1656
1729
1756
1795
616
632
640
725
771
844
891
954
1026
1108
1069
1120
1161
1036
1112
1108
1111
1166
1237
1243
1262
1313
1364
1413
1459
1542
1574
1594
1621
1665
1662
1680
1732
1804
1846
1901
1931
1953
1942
2015
2069
2124
2205
2286
2250
2237
2280
2279
2401
2497
2609
2665
2740
2740
2777
2842
2881
2944
2996
3047
3070
3134
3180
3241
3328
3374
3417
3497
3412
3467
3496
3526
3565
3648
3693
3753
3775
3818
3837
3882
3931
4002
4055
4118
4191
4245
4302
4340
4410
4423
4476
4541
4600
4678
4722
4774
4836
4883
4864
4897
4963
5017
5111
5174
5220
5271
5307
5380
5432
5503
5567
5637
5669
5677
5710
5781
5837
5893
5957
6019
6042
6036
6075
6127
6145
6196
6239
6207
6218
6268
6258
6295
6336
6383
6408
6418
6345
6340
6368
6065
6086
5613
5571
5372
5395
5340
5104
5139
4722
4778
4330
4338
4355
4080
4115
3668
3661
3658
3658
3658
3254
3268
3329
3357
3436
2953
3019
2539
2531
2496
2529
2521
2070
2030
1603
1588
1576
1436
1463
996
971
990
886
870
650
635
569
625
900
591
593
542
553
987
594
629
645
698
956
599
948
605
593
621
579
768
588
629
519
577
966
577
594
635
679
1045
573
991
577
624
673
581
791
599
594
546
621
929
586
631
561
606
984
612
630
676
697
1001
626
933
581
609
658
680
973
570
622
527
588
850
613
988
588
601
665
602
784
577
619
570
597
733
555
1052
608
658
752
635
911
597
623
549
590
935
600
631
648
685
993
624
829
597
625
544
614
831
628
1065
634
722
735
698
991
602
626
631
682
935
590
809
608
624
513
570
841
619
1060
605
614
633
642
918
594
589
536
613
827
584
973
618
657
688
724
958
593
666
561
633
872
589
949
568
597
626
673
927
582
609
508
602
831
588
1072
591
640
718
599
798
575
590
537
584
849
567
1006
586
598
634
580
837
591
625
509
607
896
585
968
583
663
722
737
1083
595
605
552
570
800
597
969
598
596
620
691
968
622
676
572
602
840
608
1020
605
627
649
623
883
620
611
648
684
976
609
814
611
635
502
562
991
585
633
634
666
1000
623
778
579
669
559
622
799
626
1021
632
692
744
730
1013
644
676
708
762
999
603
807
593
656
550
611
806
587
894
650
700
544
593
944
601
641
693
737
1040
613
807
596
662
544
623
832
596
978
620
627
668
707
980
575
614
638
704
1005
581
950
566
584
620
656
999
601
631
535
577
819
647
1022
605
629
728
596
815
589
615
564
591
940
581
597
615
645
928
609
938
593
604
686
587
918
571
598
563
587
902
631
652
646
683
995
608
921
589
605
617
651
978
592
643
669
673
988
623
895
608
633
710
588
801
560
572
553
577
953
609
619
640
684
922
594
763
572
596
549
615
853
632
1022
599
617
674
698
959
563
573
574
606
862
611
1005
585
607
660
588
797
550
604
555
587
809
619
967
574
618
678
598
890
567
623
571
563
806
641
1028
595
639
680
726
963
569
648
638
706
1297
590
1118
583
594
638
650
1113
576
650
561
587
778
606
1039
608
639
675
608
1029
627
598
609
675
1003
594
968
588
610
724
602
880
616
634
534
621
907
603
1041
628
687
736
695
1031
575
661
530
575
932
591
1017
624
610
630
662
1049
591
622
669
706
960
605
819
608
694
542
614
812
603
1007
592
608
698
565
839
577
628
517
579
1002
598
663
807
600
693
589
877
658
683
548
549
964
596
610
664
723
1077
561
777
564
546
550
594
1135
576
585
558
573
822
618
1013
561
604
703
588
981
587
628
645
637
1040
606
624
643
691
976
614
929
612
721
558
553
1002
575
608
578
674
1089
615
1054
592
647
704
665
1025
618
641
558
583
787
569
990
604
671
786
585
833
606
647
554
617
986
589
627
619
645
999
601
974
587
611
648
628
1007
592
624
528
594
857
599
1077
576
627
695
625
797
607
654
536
589
808
562
1036
578
608
697
583
837
590
615
549
606
878
595
990
590
653
703
686
1102
583
683
589
680
790
602
996
620
667
670
735
4659
1300
1348
1402
758
1688
14460
12735
12723
12776
12861
12910
12965
13003
13090
13141
13174
13235
13288
13342
13373
13419
17553
17586
17598
17617
17680
17703
17710
16794
16905
16942
17144
17176
17236
17134
17164
17253
17287
17333
17372
17417
17455
17503
17529
17581
17670
17714
17729
17882
17904
17938
17949
18001
18032
18047
14338
14236
14224
14834
14869
14937
14887
14842
14753
14648
14586
14568
14506
14457
8456
8200
7921
7526
6949
6923
6945
7014
7012
7048
7008
7038
7118
7131
7206
7244
7268
7311
7394
7434
7489
7507
7523
7586
7689
7752
7814
7380
7375
7402
7363
7346
7416
7437
7468
7537
7596
7664
7620
7563
7586
7615
7641
7684
7774
7830
7852
7847
7851
