3047
3053
3111
1225
952
985
1002
1049
1107
1154
5319
6900
874
3591
1436
1261
1248
1217
1245
1242
1238
2239
2249
1242
1018
2232
1926
1753
1882
906
629
2512
1377
958
643
620
577
574
604
567
610
659
1131
961
923
954
644
675
569
656
703
657
707
737
783
784
806
859
872
889
906
958
975
984
1040
1079
1097
1134
1191
1236
1305
1349
1380
1377
1391
1422
1453
1485
1555
1567
1647
1653
1707
1725
1770
1858
1904
1940
2016
2075
2124
2151
2216
2266
2327
2359
2421
2459
2522
2583
2641
2739
2811
2843
2916
2970
3054
3047
3063
3102
3137
3142
3218
3264
3295
3302
3348
3396
3441
3458
3447
3465
3488
3508
3592
3633
3679
3707
3770
3799
3824
3885
3948
3994
4023
4070
4118
4166
4205
4276
4331
4369
4420
4444
4420
4442
4456
4483
4499
4520
4575
4654
4656
4648
4646
4679
4719
4724
4741
4754
4779
4767
4805
4831
4914
4964
5041
5105
5165
5226
5247
5334
5371
5386
5096
4984
4998
5046
5092
5112
5127
5173
5158
5186
5243
5281
5339
5356
5381
5416
5449
5422
5464
5518
5601
5652
5704
5726
5763
5773
5806
5871
5903
5950
5990
6070
6083
6081
6083
6115
6156
5802
5850
5879
5750
5771
4417
5816
5842
5833
5813
5817
5838
5689
5740
5711
5563
5548
3581
10861
1169
821
834
563
776
997
774
775
780
760
772
779
766
598
660
714
789
815
876
936
1021
1047
1116
1176
1262
1049
1096
1148
1191
1240
1348
1406
1463
1517
1565
1579
1596
1656
1735
1848
1934
1992
1993
2050
2104
2122
2188
2316
2371
2438
2450
2521
2565
2651
2742
2785
2865
2879
2918
2963
3023
3075
3159
3223
3289
3313
3374
3437
3506
3529
3588
3655
3759
3801
3880
3908
3891
3939
3963
4014
4068
4140
4188
4276
4314
4378
4404
4463
4526
4599
4655
4718
4762
4832
4880
4938
4964
4990
5083
4829
4900
4969
4988
5031
5076
5111
5097
5122
5145
5165
5207
5207
5222
5291
5330
5365
5429
5502
5528
5506
5600
5661
5718
5407
5406
5107
5103
4956
4980
4948
4734
4760
4391
4419
4253
4261
4271
3952
3939
3489
3527
3539
3564
3553
3038
3050
3015
3044
3111
2826
2862
2339
2324
2219
2241
2236
1760
1824
1517
1526
1303
1301
1319
1045
1071
665
723
761
713
949
635
962
602
640
675
654
816
570
957
600
613
656
696
1088
604
674
632
664
1054
591
815
570
637
558
602
798
588
921
607
621
531
577
815
591
1009
601
605
622
621
824
595
981
600
678
739
692
1036
590
605
641
626
853
603
974
629
642
679
713
844
568
1032
625
625
676
706
960
611
855
573
623
547
620
888
604
883
592
676
519
603
898
626
858
599
600
522
577
813
607
907
580
644
487
598
858
580
1038
583
635
721
621
888
600
911
635
720
739
794
1035
619
627
682
717
854
602
999
613
675
707
719
993
618
826
600
646
142490
653
881
611
664
653
679
1012
1399
1345
1390
1221
1080
1027
1046
662
718
809
592
983
589
608
651
731
1016
604
680
577
613
864
597
981
598
678
1144
1223
1239
906
920
788
841
867
638
1007
664
588
562
584
862
611
580
580
588
760
645
1039
601
594
629
585
885
632
642
594
635
681
734
731
668
722
780
776
1101
648
645
665
679
892
612
804
617
642
541
611
797
610
1028
622
640
611
618
617
644
674
710
747
923
582
697
699
751
1028
598
929
622
667
698
733
1410
912
909
2168
2181
2213
2269
2367
2354
2393
2466
866
898
1337
1309
9771
8119
8104
8115
8106
8122
8136
8112
8110
8091
8098
8095
8110
8147
13094
6150
620
595
2859
629
633
640
6628
613
545
561
1156
1175
2059
647
647
2369
704
2033
643
659
666
967
669
1099
2554
5911
7845
1809
1850
2671
10373
8532
8398
8400
8381
8374
8347
8375
8419
8290
8191
8104
7989
7887
7784
7707
15705
15610
15533
15431
15338
15261
15171
15069
14991
14897
14820
14791
14704
14601
14487
24039
23963
23880
23778
23694
23584
23512
23451
23362
23293
23191
23102
27257
27187
27094
27180
27092
26978
26878
26812
26759
26677
26571
26455
26340
26224
26116
26026
25881
25702
25448
25277
25022
24816
24657
26093
25938
25816
25736
25750
26610
26598
26573
26611
26611
26644
27814
27851
27902
27943
27984
29669
29738
27964
26277
21330
12419
12287
9563
9509
9509
6978
6958
6954
6248
6202
6216
6225
6172
6175
6167
6161
6194
6235
6223
6231
6183
6216
6230
6220
6242
6556
6578
6608
6636
6673
6698
6708
6674
6719
6739
6742
6645
6320
6331
6360
6286
6294
6325
6366
6421
6458
6499
6523
6582
6623
6678
6706
6684
6656
6646
6663
6702
6742
6838
6899
6960
6953
6983
6997
7034
7096
7163
7191
7082
7109
7118
7151
7183
7196
7245
7268
7329
7381
7432
7473
7509
7544
7593
7637
7699
7806
7835
7891
7949
7979
8001
8006
8009
8024
8054
8078
8110
8130
8207
8248
8325
8298
8325
8360
8328
8312
8324
8317
8326
8335
8391
8430
8451
8475
8493
8559
8524
8538
8533
8549
8578
8592
8619
8657
8695
8686
8696
8734
8758
8832
8905
8960
9030
9137
9203
9286
9251
9236
9255
9300
9324
9365
9394
9465
9498
9553
9562
9568
9568
9583
9623
9691
9723
9776
9794
9830
9915
9972
10006
9975
10028
10049
10047
10067
10040
10078
10157
10221
10210
10253
10253
10294
10342
10371
10471
10539
10255
10308
10314
10196
10201
9693
9766
9516
9558
9535
9250
9284
8820
8889
8938
8815
8817
8338
8345
8176
8192
8139
7848
7849
7313
7357
7396
7312
7331
6894
6885
6732
6771
6768
6454
6473
5990
6005
6028
5835
5907
5601
5550
5357
