3423
3799
3909
3378
1855
3222
11790
9671
8836
8679
8188
7448
5997
2794
771
1223
1694
2425
2513
2361
2316
2251
1447
1464
1411
1377
1366
1341
1342
1305
1295
1291
1291
1289
1402
1421
1444
1285
846
715
705
780
844
897
960
994
997
1091
1120
1168
1175
1218
1229
1288
1354
1427
1846
1862
1880
1782
1533
1559
1430
1516
835
638
676
693
734
782
829
812
814
1009
1031
1060
1136
1182
1278
1330
1386
1443
1526
1616
1661
1694
1731
1735
1770
1839
1885
1966
2055
2139
2202
2246
2296
2388
2277
2358
2400
2439
2449
2488
2558
2634
2706
2791
2891
2944
2942
2985
3066
3119
3176
3218
3313
3356
3367
3406
3449
3478
3523
3571
3629
3667
3793
3832
3879
3935
3987
3996
4047
4204
4340
4377
4421
4477
4517
4555
4601
4419
4375
4344
4328
4329
4304
4313
4273
4340
4395
4447
4502
4523
4560
4582
4543
4639
4660
4691
4727
4767
4805
4812
4873
4880
4897
4911
4922
4926
4948
4971
5025
5045
5049
5070
5092
5106
5122
5147
5212
5281
5291
5305
5349
5390
5379
5411
5468
5505
5548
5584
5619
5675
5737
5822
5841
5857
5843
5880
5894
5946
5974
5962
6021
6098
6135
6120
6168
6051
6088
6142
5916
5994
5433
5421
5427
5247
5304
5038
5036
4750
4777
4833
4450
4494
4409
4414
4432
3956
3962
3552
3582
3600
3574
3557
3082
3135
3044
3096
3172
2714
2761
2473
2468
2242
2242
2288
1888
1898
1836
1842
1855
1353
1353
980
996
1038
903
904
621
614
538
639
1016
578
578
583
627
991
610
1003
553
619
662
652
1113
619
695
648
673
982
575
993
587
656
678
685
1129
603
636
525
525
986
592
686
581
595
955
575
955
588
603
638
679
1003
583
628
540
539
998
563
575
568
618
986
589
907
556
569
581
596
965
583
640
498
595
953
592
970
567
550
650
591
788
544
587
542
560
963
604
633
589
631
1038
609
938
585
586
702
598
834
652
644
541
591
957
598
633
627
647
978
592
989
613
661
690
669
1025
620
632
548
581
822
607
1027
598
659
754
577
806
583
652
493
607
1122
603
641
542
605
888
591
1001
575
588
676
590
991
601
661
688
655
1065
606
616
658
681
1023
569
1007
583
584
586
562
984
599
574
557
609
994
557
597
632
654
998
596
945
588
621
627
659
1036
593
623
496
566
828
602
1149
609
643
746
613
818
599
611
541
592
819
609
1003
600
628
654
558
1028
559
564
570
598
1009
565
607
561
594
851
598
988
588
606
688
599
830
577
570
561
611
886
587
664
606
697
1120
600
1014
606
620
720
580
817
610
641
544
589
815
608
940
605
618
663
585
884
598
636
550
618
857
598
955
591
591
697
597
938
605
613
646
642
1004
571
612
541
583
761
560
1041
585
579
650
598
871
586
615
537
614
951
592
658
627
686
1135
613
743
601
619
566
604
975
606
677
625
655
990
564
832
661
723
544
610
965
574
629
662
697
1028
622
984
594
647
677
698
994
591
622
525
582
810
589
991
582
598
730
581
961
550
582
616
620
992
572
580
612
650
1058
608
944
580
636
671
628
1053
577
634
620
670
1020
574
980
567
647
712
676
1043
603
634
545
590
780
566
1075
601
641
715
612
822
628
668
549
615
819
574
1053
597
596
673
602
920
592
644
685
659
1049
602
650
539
587
988
607
637
612
637
1044
607
943
627
649
675
699
1023
594
608
529
553
1001
597
603
627
657
1013
585
1019
585
607
639
674
956
596
634
558
584
946
610
643
651
675
1017
584
917
574
601
657
642
970
608
608
558
583
811
572
1005
591
589
613
570
964
588
604
656
679
1089
598
613
589
602
836
656
968
582
634
658
639
1038
615
632
536
589
859
599
1032
580
585
596
612
909
602
602
550
580
805
593
998
597
614
632
652
911
544
586
577
585
798
592
946
612
652
726
606
792
617
646
651
660
1017
603
775
600
638
554
592
804
575
956
655
698
764
609
793
591
621
622
671
1015
618
817
633
673
570
617
804
595
837
608
644
529
600
812
596
994
572
635
678
659
1020
577
630
574
650
882
558
970
585
618
645
703
867
595
999
596
605
655
695
969
596
870
610
631
650
670
1009
597
820
612
638
529
592
787
598
1004
618
663
553
622
828
618
1009
585
657
675
654
1047
612
644
655
687
817
611
1038
591
606
620
648
846
627
967
623
640
675
666
803
627
1041
605
619
635
632
825
578
1020
618
670
717
749
818
596
5205
1143
1393
2494
2462
2432
2479
2551
987
1327
1723
1690
3205
1668
1544
900
1271
1070
904
934
873
881
899
867
651
851
760
744
760
775
738
745
756
735
726
728
899
763
732
722
749
636
733
772
738
759
6527
958
876
843
863
911
1988
662
602
623
606
596
555
549
586
605
640
667
704
757
761
742
782
899
981
1016
1086
1111
1123
1126
1199
1253
1294
2245
2324
2260
2263
2205
2236
2298
2407
2436
2313
2532
2515
2552
2670
2693
2716
2748
2796
2851
2885
2941
3019
3021
3105
3134
3203
3209
3235
3298
3376
3418
3506
3542
3533
3570
3629
3695
