2836
2855
870
651
621
684
720
749
764
866
762
4169
2558
1452
1475
1488
1527
1550
3447
3508
3532
3352
1779
6194
4752
4109
4016
4026
4009
3913
3784
3764
3733
3648
3616
3673
3754
3806
3835
3917
4004
4056
4071
4185
3352
3347
3347
3389
2765
2807
2881
2935
2970
2977
2974
2828
2846
2842
2853
2930
2967
2948
2829
2300
2283
2061
2138
2088
2155
2175
2109
2173
2006
2057
2083
2080
1555
1618
1658
1689
1721
1679
1695
1713
1752
1792
1831
1865
1889
1864
1907
1977
2048
2124
2210
2251
2352
2362
2422
2454
2542
2600
2659
2676
2695
2716
2782
2835
2294
2352
2407
2481
2484
2499
2524
2566
2617
2699
2746
2817
2829
2864
2903
2946
3030
3113
3057
3126
3157
3223
3263
3261
3317
3366
3378
3427
3250
3330
3411
3487
3403
3452
3497
3493
3504
3531
3540
3529
3524
3623
3669
3747
3849
3907
3925
4004
4025
4004
4092
4141
4210
4277
4366
4427
4468
4511
4559
4651
4731
4772
4812
4831
4889
4988
5013
5083
5133
5151
5200
5215
5236
5297
5352
5395
5444
5478
5528
5571
5639
5695
5784
5863
5917
5989
6018
6026
6109
6168
6234
6322
6368
6102
6158
6180
6090
6155
5643
5669
5548
5545
5552
5025
5089
4759
4800
4646
4721
4767
4193
3696
3692
3671
3617
3620
3665
3359
3414
2697
2670
2645
2647
2670
1879
1806
1824
1854
1842
1479
1499
1046
1066
1028
1047
1096
593
890
610
680
557
605
1050
666
824
583
602
574
680
1180
619
852
621
629
565
598
978
588
602
613
656
844
607
1062
642
688
611
648
1060
592
977
583
667
750
599
872
616
651
549
593
1043
604
612
582
618
864
606
1039
601
634
672
586
990
607
656
761
582
941
616
691
1210
1056
745
950
931
1209
761
735
775
792
868
905
724
750
845
913
923
991
1069
1140
1161
1222
1265
1297
1368
1408
1442
1356
1275
1324
821
990
560
652
655
563
1038
615
676
591
608
821
588
1067
601
672
871
596
825
591
642
848
887
908
633
1031
579
603
798
589
856
557
590
529
624
975
579
642
509
583
963
636
1000
583
640
758
586
1012
568
581
513
580
1110
546
596
592
654
1070
594
909
596
643
508
581
1106
562
575
583
596
1037
547
866
584
629
565
600
812
614
1113
620
632
641
690
1105
567
591
662
752
1137
625
1015
619
634
660
671
1117
601
650
665
629
934
609
881
635
659
532
600
855
598
1048
607
651
666
603
1096
600
619
526
547
836
618
1072
590
633
875
698
935
588
601
534
575
842
564
1056
606
655
798
578
850
609
638
524
585
1073
595
625
533
549
822
548
1012
589
597
628
661
1077
608
694
623
669
1105
580
1088
679
715
756
703
1051
597
631
629
663
1045
588
1027
585
645
637
596
1036
576
637
639
702
1040
591
1023
608
672
707
627
1102
595
675
631
720
1095
603
854
631
650
573
641
882
613
1029
611
668
696
648
1049
586
611
565
566
841
599
1047
606
703
677
680
1127
617
664
516
572
910
575
988
596
614
639
631
1038
606
618
542
600
929
577
1030
578
574
598
601
1009
623
685
683
755
1059
596
869
603
654
555
594
847
602
1028
612
618
687
713
1057
602
624
629
671
1006
604
855
592
628
558
590
983
585
654
588
629
1121
607
982
577
622
687
615
1099
586
608
534
541
867
584
1030
580
633
755
561
876
589
614
508
580
1057
608
607
594
633
951
603
923
618
676
516
614
1102
576
620
593
620
1033
613
915
610
647
523
599
872
623
986
597
621
652
648
1122
560
584
568
711
2586
1348
689
1471
892
2035
798
708
667
644
639
631
672
735
776
777
789
785
800
878
928
1252
586
1406
919
954
944
982
838
860
1337
1448
960
1012
1016
1034
1032
1051
1067
1145
1178
1231
1283
1355
1380
1457
1479
1613
1666
1716
1763
1763
1777
1815
1912
1405
1439
1415
1339
1419
1471
1520
936
852
880
954
989
1045
1087
1151
1197
1239
1313
1351
1321
1353
1371
1412
1382
1394
1424
1204
1936
1329
976
1046
1068
923
900
942
654
639
820
604
1071
608
701
750
714
1086
571
677
620
672
1076
583
1367
781
799
821
860
3291
1310
1385
1433
1490
1540
1510
1526
1523
1477
1444
1455
1494
1540
1595
1581
1592
1640
1090
1159
847
1273
641
625
630
735
1019
648
1050
661
674
738
671
766
572
629
972
592
630
574
625
1023
595
917
566
649
1182
723
728
760
820
765
788
1372
1107
1187
782
848
614
653
975
579
645
595
602
1305
909
750
956
724
733
756
839
822
1173
868
885
692
756
787
848
808
973
774
772
747
756
754
774
755
749
754
735
756
728
740
747
819
723
725
770
744
744
861
1244
2040
2086
2140
2156
2554
762
1357
2177
2786
3072
3399
3390
3983
4633
5593
4903
5776
6692
7526
7568
7577
8205
8814
9430
10021
10925
10943
11279
11927
12874
13577
14473
14498
13448
13420
13297
13280
13279
13304
13889
14637
15211
15589
15620
15680
15840
16534
17549
18049
19044
20008
20635
21575
22229
22881
23018
19237
19748
20311
20940
21277
21901
21002
21505
21739
22333
23026
23297
23528
24066
24626
24585
24683
25310
25383
25433
25420
25441
25472
25504
25540
25590
25625
25675
25713
25214
24685
24690
24664
24637
24672
24744
24743
24224
24171
24220
24223
24223
24261
24242
24264
23969
23932
23887
