5713
5861
5879
5905
5943
5983
5978
5987
4087
4311
4347
4387
6992
5961
5929
4803
3687
3655
3629
3407
3392
3379
3374
3379
3402
3408
5210
1082
5665
719
587
676
669
666
690
704
737
777
817
886
954
983
1042
1018
1081
685
670
691
745
745
723
772
823
854
963
917
922
1006
634
652
593
820
652
656
690
727
793
872
912
964
1012
647
723
688
719
771
866
951
945
961
990
1016
1025
1025
1100
1170
1239
1295
1323
1358
1420
1449
1494
1519
1573
1619
1667
1710
1744
1811
1900
2004
2006
1967
1987
2011
2051
2087
2097
2138
2133
2136
2127
2177
2205
2226
2262
2281
2282
2288
2326
2323
2338
2378
2400
2423
2459
2474
2542
2569
2637
2695
2773
2808
2882
2855
2909
2952
2999
3063
3116
3153
3200
3282
3312
3376
3446
3493
3549
3583
3597
3631
3664
3725
3758
3798
3837
3894
3954
4051
4129
4157
4159
4172
4200
4252
4274
4293
4351
4362
4407
4441
4486
4563
4591
4639
4677
4704
4749
4754
4764
4787
4794
4811
4852
4894
4932
4967
5020
5047
5086
5142
5177
5235
5234
5274
5366
5423
5440
5388
5420
5481
5414
5462
4932
4967
4903
4952
4978
4539
4578
4297
4300
4117
4109
4143
3757
3764
3680
3718
3781
3272
3338
2892
2881
2888
2892
2914
2443
2438
2469
2488
2519
2052
2098
1821
1846
1560
1562
1582
1180
1205
1228
1215
1242
758
953
576
631
616
612
962
597
591
636
666
928
583
833
588
642
554
582
964
580
619
673
743
1079
593
793
590
660
526
644
920
587
981
623
623
675
698
918
620
667
673
722
1104
572
950
600
606
633
681
940
611
650
684
728
996
603
848
617
643
537
595
1138
574
1050
588
608
626
600
825
606
635
552
579
804
594
939
547
578
769
581
870
570
581
498
561
1006
588
596
598
591
948
563
1103
641
663
552
588
902
606
581
611
629
926
614
853
585
633
523
595
804
599
1085
584
631
655
624
822
634
663
543
620
1177
911
1007
608
636
656
567
834
635
675
537
583
809
600
1025
621
650
688
704
1005
607
634
554
558
842
613
1004
619
677
662
567
842
588
629
539
601
812
622
983
601
635
713
731
990
604
634
895
1089
1270
970
957
883
1295
1267
884
1989
2030
2062
2070
574
612
631
662
725
744
762
770
792
852
901
960
966
994
999
1030
1042
1058
1083
1144
1182
1258
1318
1367
1414
1482
1036
1065
862
906
979
704
1004
583
589
763
581
844
584
665
555
579
905
615
639
649
672
988
615
879
587
588
618
603
1035
588
584
528
566
930
591
591
596
615
1000
568
1008
597
608
615
599
963
591
627
567
622
873
600
989
597
641
668
553
829
651
660
548
604
801
659
1089
614
646
692
599
828
589
661
527
568
974
569
632
597
611
991
579
928
575
597
611
589
1002
607
615
559
570
944
557
581
600
622
973
568
792
601
627
547
605
972
618
670
640
670
997
832
851
568
574
609
672
1031
607
622
548
571
810
561
1060
586
597
668
544
807
602
606
546
627
937
612
656
707
709
1019
627
941
623
662
672
698
1007
593
618
549
612
820
605
993
577
579
618
604
967
573
564
532
603
1016
574
599
601
581
910
602
976
600
600
625
631
972
579
637
579
597
774
611
1068
590
591
600
599
895
592
609
514
578
866
597
1005
589
596
599
592
922
548
613
547
604
541
588
598
655
677
881
590
818
599
633
565
600
916
604
582
612
654
950
589
970
584
598
637
530
845
611
647
550
594
989
606
627
543
597
801
627
1030
630
650
681
683
1010
625
656
532
597
867
603
1054
585
578
704
567
887
589
624
727
593
774
603
623
570
592
828
602
964
570
622
705
589
924
611
620
670
699
944
611
677
669
704
1092
589
942
627
629
631
694
809
569
950
577
606
627
698
1049
594
671
615
651
1042
593
792
592
617
525
648
843
615
984
586
619
635
635
1020
621
658
671
729
899
617
1010
643
667
715
757
1026
604
846
610
632
540
620
805
615
992
595
638
670
724
933
625
1017
570
606
672
586
1023
586
629
520
570
854
549
929
551
581
618
670
1032
589
621
587
630
887
584
1007
568
584
611
676
1039
563
774
560
584
522
564
970
551
581
548
584
1030
603
838
630
686
605
680
1081
609
821
597
669
623
651
954
628
840
605
642
586
616
802
591
996
611
656
724
667
855
583
938
601
661
731
777
1046
610
711
627
698
882
589
1070
582
661
628
6178
1325
1264
784
813
1070
2003
2670
2675
2681
2722
2711
875
1957
1990
2012
2028
689
858
767
703
826
733
726
728
733
737
714
732
730
735
741
724
726
724
741
706
735
721
757
1516
768
761
908
774
765
767
732
738
733
750
852
1259
1538
1577
1927
806
643
1617
810
756
767
848
628
621
687
718
1548
1558
1583
1489
1502
1525
1596
1680
1680
1740
1794
1890
1942
1975
2046
2098
2163
2185
2216
2255
2296
2298
2340
2410
2461
2544
2604
2680
2616
2637
2654
2672
2679
2719
2767
2856
2936
3009
3098
3144
3171
3213
3222
3261
3341
3385
3427
3484
3514
3552
3583
3606
