2697
3604
1373
1339
5228
1984
1961
1971
1987
2450
861
1568
6485
1003
3579
665
586
613
1452
910
1179
681
629
666
595
614
667
728
798
845
840
3798
8647
1701
1289
1247
563
983
1168
1560
1087
1549
1078
1017
967
1705
781
900
709
605
613
665
695
708
704
1617
631
617
679
725
676
733
768
801
818
832
852
898
968
1005
1063
1127
1235
572
592
639
643
668
726
728
719
794
910
987
723
771
840
921
983
1018
1037
1089
1149
1218
1245
1334
1355
1413
1440
1480
1507
1552
1587
1612
1661
1712
1789
1867
1936
1964
2041
2103
2193
2262
2324
2387
2298
2314
2376
2436
2497
2563
2633
2635
2668
2682
2717
2805
2972
3049
3131
3163
3221
3275
3329
3373
3416
3472
3559
3599
3674
3707
3746
3812
3858
3949
4027
4106
4150
4211
4225
4241
4261
4303
4333
4376
4410
4433
4454
4485
4484
4521
4562
4594
4622
4694
4739
4824
4892
4937
5031
5093
5194
5255
5323
5384
5413
5463
5493
5538
5571
5602
5667
5702
5748
5768
5776
5828
5897
5967
6039
6123
6195
6263
6324
6348
6376
6411
6416
6416
6417
6413
6451
6528
6585
6603
6625
6676
6668
6694
6721
6779
6824
6885
6899
6929
6946
6998
6990
6825
6822
6396
6416
6399
6441
6448
5957
5988
5783
5760
5760
5466
5463
4992
5007
5043
5072
5027
4572
4584
4609
4629
4647
4175
4158
3766
3762
3748
3600
3578
3361
3355
3090
3090
3095
2698
2740
2609
2630
2672
2346
2343
2033
2071
1880
1922
1922
1626
1667
1241
1282
1350
1313
1356
923
954
860
889
967
625
1022
580
647
737
677
1026
607
637
682
718
1010
634
869
614
662
546
598
842
612
998
590
630
711
630
854
580
622
530
586
816
585
1025
558
594
616
672
1057
655
680
571
612
839
616
1027
628
662
704
735
957
582
623
603
655
1022
626
887
606
657
562
616
819
620
1035
590
625
704
613
819
594
612
557
641
811
604
1068
595
623
644
586
856
585
654
595
590
780
583
1056
624
658
701
750
1059
597
634
532
578
796
574
996
557
644
751
589
789
588
635
527
601
809
582
1042
587
616
674
711
1009
579
605
613
629
758
613
1001
591
604
650
707
1351
602
828
581
626
601
634
983
587
746
602
664
594
635
983
593
810
590
635
562
647
1073
605
837
596
626
594
644
996
619
860
584
634
504
577
860
578
1008
571
644
704
691
929
620
1026
631
698
756
727
970
629
868
591
609
562
643
831
581
818
593
644
546
589
915
582
1026
574
610
613
630
836
572
972
628
662
692
728
876
590
998
602
636
649
587
863
581
1016
589
617
636
647
911
602
647
661
709
938
622
957
623
664
689
721
867
599
1005
628
658
576
606
620
640
688
718
749
817
848
893
942
1019
1074
1155
1190
1263
1307
1327
1376
1443
1520
1509
1567
1629
1096
1183
892
934
903
920
983
688
993
614
694
691
738
1028
611
818
597
662
645
687
982
618
803
612
679
629
671
1134
618
828
612
677
617
685
993
621
877
638
693
675
736
1028
579
928
603
617
631
660
811
624
1008
594
631
678
696
862
636
835
606
1037
605
676
725
730
1007
629
697
664
733
937
619
1035
630
660
701
753
1050
609
849
620
662
582
598
828
596
838
607
660
549
592
828
598
865
667
707
579
606
796
591
981
610
700
766
716
863
590
1014
582
600
678
700
967
642
673
677
712
951
607
916
590
637
693
728
1035
586
883
605
655
546
603
822
587
874
614
653
551
610
842
648
1026
612
680
735
741
899
615
989
589
610
657
696
868
577
1039
595
620
636
695
944
584
611
678
707
1025
600
831
596
662
607
650
1038
618
822
612
600
1248
608
668
694
873
602
675
633
648
803
579
1072
627
665
667
687
964
600
636
583
598
972
608
636
545
615
981
613
646
536
587
848
669
1022
600
608
681
577
825
612
644
537
564
976
611
691
679
739
1001
598
949
569
609
720
688
969
582
608
673
749
1072
605
796
593
687
559
596
919
595
629
544
611
847
581
877
592
664
809
636
857
612
628
573
633
868
586
1018
640
696
752
776
1093
620
666
499
562
852
602
1000
621
636
667
688
991
591
623
666
742
1050
639
820
611
657
506
574
896
618
893
639
680
552
605
855
602
1040
614
604
654
610
813
577
607
529
597
869
595
892
609
650
590
596
943
583
664
606
662
4248
1793
1020
926
1356
2062
2382
2398
2450
2493
4031
2078
2022
1961
1977
957
1005
1012
1089
1111
1138
1170
1199
1238
1276
1333
1390
1446
1713
1784
1720
1737
1780
1834
1861
1934
1985
3235
3408
3354
3288
2944
1750
1712
1748
1754
1738
1801
1887
1934
2042
2091
1249
1280
1329
1368
1443
1494
1357
1287
1318
1326
1388
1426
1425
1435
1323
1397
1420
1499
1588
1677
1703
1757
1786
1841
1897
1916
1995
2063
2062
2105
2123
2154
2220
2299
2411
2456
2525
2583
2537
2585
2620
2659
2703
2738
2805
2829
2860
2879
2922
2974
3062
3114
3145
3197
3237
3301
3358
3405
3480
3533
3603
3644
3746
3784
3794
3861
3913
3959
4015
4020
4036
3526
3498
3353
3426
3476
3130
3142
2783
2834
2654
2687
2690
2302
2312
2345
2308
2305
