15163
15150
15233
15271
15270
14505
14084
13674
13348
12954
12539
12084
11495
11030
11032
11033
11936
12954
13706
14558
15456
16359
17236
18112
19071
19247
18916
18897
18837
17686
17668
17369
17335
16944
16557
16201
15828
15469
15111
14469
13868
13893
13947
13998
13903
13522
13452
13395
13335
13224
13152
13129
12566
12525
12478
11702
11661
11064
11041
10355
9865
9374
8913
8419
7889
7270
6745
6678
6559
6485
6442
6318
6320
6274
6265
7176
8369
9423
10322
10791
11739
11973
12848
13821
14107
15266
15237
15654
15291
14847
14527
14068
13483
13266
13297
13341
13375
13409
13378
13370
13277
13057
13020
13061
13025
13059
12270
12229
11390
11359
11225
11057
11072
10110
9828
9517
8850
8414
7888
7387
7228
5956
5631
5524
5551
6117
6806
7674
8560
10148
10607
10736
10501
10232
9708
9567
9648
17110
1466
1357
1332
1373
1790
2124
2431
1810
1686
1661
1775
1791
1669
1719
2222
1710
2092
2984
4154
5165
5355
5297
5180
5197
5146
5087
5055
5007
4964
4814
4731
4719
4712
4711
4745
4735
4741
4781
4795
4813
4817
4818
4836
4848
4838
4824
4740
4690
4633
4565
4489
4475
4310
4236
4165
4087
4012
4017
4004
3982
4068
4219
4247
4250
3849
3801
3850
3895
3927
3927
3983
4026
3395
2871
2336
1736
1231
1173
1217
1267
1192
1086
1042
1018
942
865
858
855
1558
1345
1318
1346
1199
1622
1991
2149
2506
3259
3423
3501
3337
3186
2972
2869
2819
2795
3014
3036
2997
2990
2822
2901
2960
3081
3210
3317
3560
3538
3748
4019
4265
4315
4085
4095
3924
3921
3947
3875
3873
3789
3746
1622
1843
2052
1866
1691
1785
1942
1998
2321
3180
4320
4355
4222
3928
3743
3742
3884
3687
3397
3000
2818
2563
2325
2132
1935
1962
1970
1625
1433
1207
1037
1051
1169
1038
1098
1930
1127
1124
1116
1171
2105
1822
1776
2077
2426
2574
3357
4125
4841
6136
7522
7556
7554
7707
7668
7658
7790
7893
7942
8060
7932
7767
6399
6063
5858
5668
5088
4167
3333
2492
1854
1470
1374
1440
1460
1284
1136
1268
1915
2047
1698
1090
1195
1443
1734
1666
1984
1870
2368
2716
3649
3971
3752
3460
3169
2928
1863
1842
1777
1677
1756
1614
1637
1752
1880
2559
3204
3992
4759
5626
5501
5159
4858
4739
4454
4222
4085
3878
3538
3199
2892
2593
2269
1884
1582
1361
1074
906
1105
1148
1046
1040
1069
1108
1025
1449
2287
3066
3828
4495
4435
4393
4220
4094
3935
3450
2650
2182
2045
1909
1837
1733
1591
1343
1281
1115
1979
2244
1326
1548
2484
3876
5307
5441
4576
4403
4234
3479
2665
1779
1411
1394
1328
1227
1412
1009
1449
2483
3578
4609
5370
5545
5471
5397
5332
5340
5232
4693
4190
3691
3261
2635
2386
1631
1443
1292
1155
1063
1010
993
885
804
808
965
1093
1312
1333
1134
1140
1106
1195
971
1067
1020
878
882
795
792
821
986
1017
1108
1155
1103
1074
1069
1070
912
849
837
903
947
1126
1424
1509
1306
1167
1087
1112
1074
896
821
815
819
973
1077
1232
1338
1357
1374
1266
1163
1299
1212
947
822
815
796
882
950
977
1247
1498
1347
1247
1223
1147
1070
1032
1030
967
1027
1129
880
838
797
762
834
821
913
950
1248
1311
1386
1309
1338
1379
1382
1403
1423
1326
1070
935
1002
930
1083
1283
1331
1364
1317
1340
1287
1233
1609
1492
1836
1800
1930
2134
1678
1561
1467
1412
1274
1169
1071
1028
983
951
921
869
822
879
1205
2715
3811
4749
5768
6157
6166
5952
5402
4775
4213
3761
3164
2985
2927
2154
1879
1364
1226
1206
1322
1377
1005
1069
1310
1363
1392
1393
1369
1397
1462
1458
1364
1284
936
946
1064
1166
1215
1327
1382
1403
1410
1441
1195
1186
1250
1281
1371
1392
1100
1126
1314
1408
1540
1636
1772
1853
1931
1949
1940
1885
1817
1443
1273
1235
1297
1453
1407
1106
1007
1292
1478
1504
1660
1743
1809
1815
1671
1678
1781
1832
1842
1779
1761
1747
2002
2000
1892
1837
1840
1820
1861
1815
1393
1294
1255
1202
1191
1300
1049
1157
1441
1710
1859
1796
1640
1641
1566
1543
1510
1581
1651
1609
1577
1634
1702
1833
1912
2080
2139
2241
2481
2733
2874
2893
2708
2708
2702
2683
2663
2739
2889
3011
3057
3096
3032
3110
2733
2356
1888
1320
1617
1236
1359
1595
1750
1886
1877
1165
1139
1359
1219
1238
1170
1323
1413
1262
1583
1563
1535
1325
1324
1327
1231
1033
1143
1141
1061
999
953
901
915
979
944
961
1703
1511
1543
2600
3261
3638
4209
3515
2803
2128
2104
1980
1849
1911
1965
1977
2142
2333
2344
2442
2587
2748
2895
3085
3253
3133
3151
3200
2463
1745
1519
1337
1398
1422
1319
1366
1391
1048
1339
1175
989
936
1002
922
906
961
1112
1743
1586
1334
1287
1319
1402
1263
987
1043
1273
1121
1045
1169
1015
1028
1069
1035
934
801
790
771
932
1171
1021
1186
1429
1543
1441
1405
1397
1810
1297
1313
1294
1431
1406
1353
1383
1452
2058
2647
2746
2871
2899
2816
2776
1347
1180
821
1794
1506
1598
1994
1878
1812
1729
1604
1659
1721
2337
3061
4116
5405
5848
5762
5675
5615
5350
5081
4774
4574
4429
4208
3991
3771
3570
3252
2922
2716
2526
2366
2254
2085
1796
1595
1384
1183
990
897
939
936
910
920
894
971
978
926
946
926
12968
2008
2234
2609
3102
4009
4691
5277
5985
6014
5630
5334
5031
4983
4982
4961
4934
4842
4638
4673
4670
4644
4750
4295
3658
3250
2643
1727
1411
1393
1418
1359
1285
1224
1174
1094
1029
993
1011
1181
1338
1209
1302
1805
1398
1075
988
1058
943
872
807
883
838
878
1005
1001
974
939
965
1738
2486
2483
2249
2035
1810
1649
1365
1273
1239
1189
1164
1124
977
934
887
842
840
818
908
941
1087
1247
1899
1670
1433
1301
