7066
7132
7188
7284
7373
7407
7433
7509
7578
7563
7575
5698
5537
5385
3955
660
578
655
686
712
737
801
845
879
920
4288
1562
1297
783
943
714
884
991
1360
2783
912
781
800
1986
712
760
784
819
899
958
1068
1075
1119
1121
1143
1196
1195
1192
1288
1297
1292
1294
738
761
639
636
640
721
723
747
881
930
934
984
654
882
611
632
573
595
651
711
758
801
854
921
1037
1064
1092
1073
1143
1158
620
657
667
744
770
802
937
980
990
1019
1055
1122
1135
1048
1116
1150
1189
1205
1290
1385
1534
1573
1622
1642
1691
1723
1714
1740
1798
1813
1827
1852
1852
1860
1934
2003
2057
2098
2155
2147
2167
2180
2261
2342
2368
2381
2407
2390
2398
2398
2493
2543
2613
2640
2683
2720
2776
2798
2871
2914
3009
3097
3141
3203
3219
3266
3327
3363
3420
3461
3457
3207
3252
3158
3221
3289
2748
2768
2249
2215
2202
2155
2178
1669
1682
1460
1467
1506
1052
1041
804
797
971
594
616
597
635
1028
608
825
625
671
591
585
936
602
619
542
618
836
613
1029
601
670
715
679
1062
587
648
528
590
901
578
1019
617
663
685
730
1060
619
655
642
688
1071
585
1020
583
605
626
696
1061
596
631
662
695
1010
591
844
681
612
540
600
973
572
621
608
638
1031
624
833
583
607
557
618
890
634
1058
637
672
762
648
892
616
663
531
581
1023
589
575
581
600
1004
585
818
565
579
555
575
932
579
673
584
646
980
561
879
589
628
545
569
961
603
625
518
605
866
596
1125
586
638
707
569
840
607
638
559
611
984
589
629
562
581
827
613
1023
601
636
685
661
1071
615
645
502
559
863
597
993
618
676
797
613
828
613
672
509
584
916
637
1040
595
637
774
605
887
587
636
526
595
924
623
1016
590
591
600
607
865
644
1036
609
635
691
689
929
614
985
602
603
654
657
1054
580
597
616
664
963
585
826
603
642
576
571
806
626
920
625
714
632
636
1007
607
796
590
637
543
615
838
586
1050
597
655
668
652
1070
570
652
581
578
1019
605
807
630
629
536
594
814
585
979
643
615
550
604
834
600
1125
611
621
655
691
924
617
1019
601
622
679
631
1101
622
667
628
652
995
621
907
586
626
599
651
1067
586
848
586
644
528
577
892
615
1046
622
635
649
703
964
608
635
583
603
1051
638
807
587
609
546
615
864
605
1002
610
648
672
639
1081
577
596
618
651
921
615
1015
616
633
560
607
886
582
1001
600
607
638
616
1051
585
606
613
621
1028
607
853
590
582
607
652
1043
604
871
608
596
575
611
852
584
1044
1042
609
619
654
697
721
1007
586
665
695
656
1102
586
577
598
633
975
601
839
557
626
556
607
1014
585
842
630
632
552
592
838
618
1078
589
604
625
669
1048
605
630
560
592
1023
596
861
600
647
558
606
1005
580
1018
563
580
601
637
930
595
1379
626
679
755
617
921
605
1013
589
599
601
667
1027
572
623
556
574
590
619
658
676
707
756
789
853
893
995
597
643
699
662
1066
592
648
657
698
1099
600
883
566
637
540
597
1000
638
961
615
665
551
605
849
622
1063
617
631
645
671
961
610
606
627
650
945
596
1039
615
670
646
666
1028
613
827
607
608
537
594
828
584
1145
604
594
610
627
1003
599
648
657
689
892
584
1006
597
650
624
633
1099
605
1030
593
610
691
604
942
596
673
669
608
1035
614
655
564
604
856
618
1018
620
642
742
612
962
575
574
653
577
931
605
618
515
631
1046
586
601
562
581
856
639
1019
586
617
704
614
1043
604
646
724
581
846
598
570
555
589
959
590
615
537
609
1012
581
623
566
595
852
568
1000
570
589
634
566
898
636
684
503
633
953
586
999
606
619
673
689
1003
596
646
524
581
865
601
1059
584
582
733
628
814
585
600
574
619
970
601
679
643
652
1011
634
874
590
633
513
622
931
596
1020
587
615
638
628
966
566
589
540
588
840
613
1074
591
592
756
586
1039
579
588
636
682
1056
577
648
536
590
1003
604
664
583
628
1018
610
843
593
634
542
598
954
582
607
564
608
1056
622
1011
621
672
718
645
1067
613
683
626
702
1092
606
874
612
632
560
599
989
592
646
637
702
1098
611
930
590
655
704
666
1053
4566
1214
1322
1312
1379
995
995
1297
1289
880
894
886
904
841
885
843
875
862
867
820
849
903
892
899
887
839
874
877
893
655
875
737
720
722
716
715
756
793
822
759
918
713
723
709
712
720
740
739
745
728
767
747
720
861
1371
1033
608
598
608
634
628
694
724
796
798
915
983
806
797
814
825
845
863
944
1060
1100
1161
636
584
663
646
726
746
807
802
818
914
964
985
1010
1021
1021
1053
1102
1135
1225
1235
1214
1228
1239
1235
1289
1319
1338
1369
1368
1396
1468
1529
1591
1671
1694
1692
1708
1706
1752
1833
1877
1924
1970
2004
2034
2081
2134
2228
2338
2423
2481
2559
2579
2605
2640
2712
2773
2874
2946
2982
