6200
6415
6584
6541
6228
5747
5733
5699
5621
5701
5843
5836
5479
4838
3688
2757
2261
1774
1722
1808
1961
2166
2389
2573
2712
2744
2741
2561
2642
2552
1823
1633
1605
1373
1340
1155
1187
1209
1601
1251
1177
1359
2148
3092
4219
5340
5179
4941
4834
4714
4146
3676
3609
1884
2435
2992
3597
4035
4294
4896
5306
5671
6527
7385
8134
8189
8046
7972
7948
7915
7809
7636
7032
6046
5232
9305
1249
1448
1523
1850
2322
2873
3558
3759
3006
2052
1572
1311
883
917
1130
865
872
898
1059
872
979
1096
993
1178
1035
996
1020
1079
1127
1074
1446
1622
1606
1391
1365
1517
1775
2619
3598
4505
5609
6467
7403
8240
9178
9901
9831
9619
9570
9550
9528
9540
9538
9579
9623
9703
9844
9820
9651
9504
9449
9379
9185
9153
9196
9230
9418
9486
9470
9259
9159
9018
8572
8533
8520
8537
8472
8569
8314
8191
8146
8163
8160
8126
7933
7829
7738
7647
7323
7343
7289
7199
7166
7135
7047
6647
6228
5805
5704
5770
5755
5792
5780
5743
5734
5671
5614
5373
5281
5275
5365
5384
5420
5426
5405
5400
5398
5410
5308
5273
5224
5212
5324
5339
5380
5344
5312
5279
5149
4956
4888
4833
4744
4349
3949
3467
2953
2301
1763
1733
1740
1753
1751
1780
1827
1853
1755
1665
1615
1582
1587
1567
1582
1603
1618
1675
1665
1647
1560
1555
1659
1729
1763
1865
1914
1764
1743
1625
1542
1456
1484
1611
1694
1758
1921
2019
2169
2147
2233
2365
2486
2618
2620
2728
2856
3004
3141
3194
3346
3471
3615
3739
3884
3845
3881
3992
4107
4213
4327
4465
4497
4604
4702
4780
4935
5140
5215
5313
5425
5581
5628
5685
5433
5499
5445
5559
5695
5355
5415
4601
4716
4769
4912
5092
4671
4825
4257
4423
4320
4291
4312
13217
2249
2963
3671
4159
3496
2691
2026
1794
1681
1552
1398
1923
1209
1183
1276
1270
1526
1250
1194
1216
1155
931
982
1214
1142
1079
925
876
880
865
880
939
942
1017
1111
1056
1135
1146
1196
1256
1307
1349
1406
1599
1675
1655
1605
1614
1559
1241
1112
1001
902
843
1242
1257
1328
2467
1283
1595
1453
1489
1344
1297
1363
1524
1969
2158
2102
1996
1838
1735
1756
1722
1499
1342
1170
1353
1564
1312
1534
1326
1291
965
955
948
916
925
1154
921
1027
999
966
1003
1644
1609
1402
1416
1518
1308
920
1141
1151
1889
2647
3412
4134
4858
5604
6056
5561
4970
4359
3952
3534
3386
3098
2922
2802
2678
2572
2442
2729
3604
3743
3072
2180
1571
1286
1396
1669
1379
1317
1301
1318
1341
1485
1077
1193
1014
1012
977
1011
1154
1036
952
1151
1025
898
923
917
1149
2394
3404
4240
4956
5711
6413
7074
6935
6802
6599
5888
5316
4672
3972
3235
2621
2413
2302
2261
2144
1974
1839
1659
1253
1430
1296
1325
1323
1362
1440
1628
2061
2508
2847
3086
3440
3981
3518
2969
2859
2770
2645
2573
2435
2276
2095
1988
4221
1333
1530
1208
1241
1441
1186
1648
2098
2444
2941
3290
4234
4789
4664
4536
4219
4082
3946
3776
3733
3752
3640
3017
2331
1738
1897
1418
1149
1059
1022
937
903
884
935
1017
1364
1681
1543
1400
1496
1676
2001
2798
3844
4833
5112
5014
4892
4738
4551
4337
3863
3242
2600
2006
1479
1949
1837
1175
1289
1319
1339
1225
1053
961
924
975
996
1610
2116
1938
1551
1682
2028
2527
3202
3845
3699
3062
2362
1828
1423
1308
1124
1270
1376
1149
1041
1187
1445
1315
1310
1398
1529
1479
1160
1216
1313
957
1044
973
970
976
1121
1226
1434
1565
1551
1500
1743
1600
1990
2678
3596
4369
4262
4142
4007
3855
3632
3293
2647
2055
1573
1579
1240
1471
1245
1148
1009
1002
971
1003
1943
2823
3232
3410
2543
2021
1164
1159
954
941
969
957
1049
971
1113
1251
1042
972
1020
2253
1909
5786
1820
2325
2896
1611
2791
1592
1790
1993
2002
2242
1974
1670
1403
1101
940
830
854
996
1098
1227
1298
1447
1341
1690
2469
3080
3891
4457
4328
4233
4116
3827
3712
3332
2753
2072
1459
1913
1877
2500
3168
4008
4808
5555
6341
7063
7702
7989
7420
6770
6236
5544
5008
4200
3837
3504
3446
3351
3246
2686
2180
2027
1537
1298
1510
1462
1664
6378
1707
2328
3143
3743
4412
4747
4948
5055
5152
5515
5716
5589
5936
5809
5317
4834
4283
3866
3674
3663
3679
3687
3501
3455
3439
3432
3281
2956
2610
2495
2391
2305
2238
2190
2164
2010
1949
1906
1929
1933
1987
2021
2054
1822
1761
1784
1801
1673
1336
1088
906
950
818
969
1054
1007
874
1004
993
1064
1322
982
983
828
811
890
1037
1035
1020
979
1111
1273
1289
1442
1317
1289
1346
1040
1174
1400
1363
1369
1422
1484
1472
1937
2937
3785
3315
2792
2225
2146
2033
1939
1841
1947
1989
1766
1682
1540
1530
1756
1605
1632
1365
1340
1303
1231
1302
1352
1492
1595
1662
1787
1922
2046
2078
2153
2097
2163
2192
2335
2462
2586
2445
2554
2645
2745
2862
2987
3103
3262
3415
3545
3678
3784
3969
4255
4401
3044
10063
7934
2211
2675
3041
2846
2674
2435
2487
2565
2513
2080
1865
1698
1382
1418
1821
1059
1161
1233
1273
1184
1195
1166
1201
1237
2124
1795
1350
1172
1070
1207
1197
1223
1645
1894
2082
2168
2164
1215
1373
1354
2086
2968
4478
5030
4988
4939
4872
4742
4460
4094
3720
2604
1814
1581
1440
1236
1198
1367
1401
1508
2040
2151
1937
2201
2229
2173
2675
3179
4649
6260
6646
5809
5057
1616
1281
1518
1476
1821
1633
2240
1632
2043
2754
3464
4457
5321
6140
7457
8666
9396
8784
8836
8847
8837
8951
9021
9104
9241
8171
7709
7897
8702
9459
10184
9071
8446
8397
6799
5817
5034
4942
4961
4906
4930
4911
4888
4627
4332
4274
4421
4426
3939
4060
3541
2506
2457
2411
