21397
21325
21227
19092
18503
18389
18294
25919
25902
25828
25759
25691
25622
24471
24270
24046
23913
23814
23714
23586
22976
22810
22705
28144
28083
25784
25695
25627
25522
25435
25315
25134
25030
24944
24839
24764
24612
24523
24196
24013
23768
23022
22935
22840
22737
22639
22539
22441
22331
22256
22167
22101
22101
22080
15917
15849
14690
15894
15976
16092
16192
16279
16372
16483
16316
16199
16204
16257
16238
16322
16403
16450
16407
16440
16560
16606
16716
16902
16997
17277
17396
17278
16619
18510
17973
17644
17631
17357
22322
22104
18045
17953
7704
4646
4504
142089
648
776
618
599
583
579
771
616
701
538
594
855
604
978
592
605
770
582
953
599
646
675
724
1009
582
656
531
588
894
681
913
582
639
756
572
847
607
639
547
613
860
614
1010
607
674
720
581
859
609
659
519
615
894
592
929
581
580
662
589
781
572
625
518
551
793
598
1023
585
587
588
590
932
608
623
693
734
918
596
774
618
664
577
612
774
594
930
622
647
712
630
767
592
601
536
607
944
578
618
678
688
969
596
948
629
684
693
723
924
620
645
686
720
1004
601
904
598
617
663
553
810
610
622
543
628
966
633
650
666
695
946
614
793
592
609
582
625
814
613
946
590
619
673
717
991
609
629
595
624
789
610
981
609
605
673
607
810
629
658
533
599
980
596
670
653
697
1004
600
788
575
650
573
605
863
604
597
630
667
970
606
920
608
682
753
702
974
578
626
502
561
855
612
1022
615
662
715
776
936
610
638
649
687
972
591
916
583
595
635
649
993
605
645
569
589
898
610
651
661
677
956
581
884
577
640
667
636
1040
652
568
581
580
603
615
605
617
641
775
619
923
606
640
743
704
1078
619
686
514
615
1095
602
805
620
646
573
650
809
597
1312
611
651
795
562
766
572
588
497
575
808
593
1060
619
653
696
743
988
588
601
614
651
1288
893
967
637
630
667
701
937
615
677
502
584
855
612
1032
592
607
680
607
822
580
605
509
570
951
588
648
551
590
624
648
685
732
770
848
922
987
1117
1191
1240
1230
1247
1263
1301
1308
1359
1385
1425
1419
1468
1483
1529
1463
1480
1090
1112
1138
1134
1152
739
1007
632
644
658
693
838
587
582
491
546
842
587
1022
575
632
670
603
1043
587
616
559
582
958
591
565
581
616
898
555
985
571
599
650
664
986
578
654
512
585
827
615
955
573
606
677
606
812
600
602
558
561
915
557
604
511
568
833
585
950
574
619
672
608
822
588
609
540
597
949
596
617
660
684
935
584
972
588
602
671
569
755
615
648
556
587
892
565
587
639
668
965
600
885
588
616
639
661
967
569
593
561
607
833
596
949
609
633
679
713
981
599
629
568
574
831
562
953
577
608
652
684
894
591
666
576
649
896
600
1013
607
622
686
568
797
606
638
544
605
928
596
624
512
578
852
605
967
604
616
665
684
927
582
630
537
576
791
578
1000
558
566
599
558
767
547
573
557
592
868
579
917
583
637
755
577
852
558
635
539
578
967
564
581
588
612
975
597
919
574
615
639
673
1053
598
601
646
705
1015
630
795
610
643
621
657
960
592
816
589
617
562
619
776
569
993
591
603
607
662
907
614
696
661
670
1017
592
2259
2289
969
1659
1468
1328
7961
595
584
606
642
526
1146
1094
1106
1046
2271
1285
695
693
719
746
744
727
781
840
543
604
662
707
743
847
962
679
710
746
806
809
684
700
719
799
842
824
822
836
827
840
875
895
937
971
987
1037
1034
1050
1089
1144
1164
1193
1255
1277
1334
1334
1401
1404
1436
1471
1503
1499
1518
1577
1633
1697
1754
1837
1877
1944
2007
2036
2077
2151
2175
2214
2247
2358
2406
2468
2511
2573
2598
2616
2615
2655
2649
2677
2687
2744
2725
2773
2802
2777
2837
2903
2961
2994
2994
3018
3065
3096
3139
3179
3252
3262
3280
3331
3377
3415
3480
3529
3580
3635
3716
3770
3824
3879
3930
3970
4032
4067
4101
4142
4177
4227
4258
4330
4421
4475
4520
4565
4602
4634
4693
4739
4806
4840
4564
4575
4246
4253
4069
4114
4186
3894
3941
3462
3488
3503
3627
3653
3095
3114
3123
3096
3126
2764
2773
2534
2592
2369
2392
2457
2137
2176
1823
1890
1658
1723
1759
1416
1445
1042
1057
1078
1062
1081
713
794
768
786
1020
576
797
574
603
537
588
807
609
988
585
597
645
555
783
586
618
630
668
977
597
786
578
607
571
614
805
595
1011
589
622
630
658
1009
554
664
690
725
882
604
1016
598
612
562
570
766
628
919
587
601
567
581
750
581
985
570
598
626
631
913
578
616
637
704
1003
638
775
602
627
582
606
968
623
826
588
618
534
596
840
592
1149
594
643
535
588
805
611
861
591
609
517
584
841
602
990
593
655
721
722
1009
587
613
659
709
1004
607
795
637
686
666
724
983
576
836
587
608
564
637
955
616
640
546
575
1006
612
530
575
664
860
588
976
596
633
708
587
760
593
643
500
567
963
643
693
512
570
1015
574
590
508
586
941
577
