2931
3273
621
771
2938
3643
934
922
883
889
610
619
1348
1386
1375
1380
1412
2529
2567
2471
2382
2311
2227
5573
5478
5400
5306
5201
5095
5007
5545
5447
5345
5240
5184
5093
5008
4909
5861
5738
5655
5594
5546
5524
5480
5485
5409
6339
7319
7331
7304
7311
7286
7290
7325
6773
1747
704
809
905
639
809
653
952
656
682
716
676
693
699
722
691
696
670
664
650
680
800
812
828
885
1185
1062
1091
1134
1170
1212
1246
1280
1288
1303
1293
1282
1314
1375
1401
1495
1585
1608
1662
1049
1102
1122
1149
1155
1213
1234
1275
1324
1364
1303
1328
1335
1436
1469
1494
1486
1523
1561
1601
1640
1663
1719
1763
1786
1810
1838
1856
1907
1916
1934
1983
2025
2084
2135
2202
2253
2301
2353
2447
2512
2590
2650
2725
2755
2767
2787
2868
2957
3000
2986
3023
3047
3117
3177
3198
3229
3255
3311
3392
3421
3479
3517
3568
3591
3672
3716
3783
3839
3899
3951
3988
4039
4081
4148
4186
4218
4287
4307
4333
4389
4422
4440
4465
4515
4560
4618
4565
4664
4738
4828
4895
4982
5026
5066
5121
5176
5239
5325
5366
5436
5476
5538
5579
5635
5661
5663
5681
5706
5735
5736
5765
5816
5823
5839
5818
5846
5906
5989
6019
6067
6086
6122
6154
6214
6273
6330
6400
6439
6455
6484
6497
6571
6644
6712
6755
6794
6818
6881
6926
6948
6999
7052
7106
6646
6665
6378
6449
6477
6018
6033
5810
5805
5850
5579
5589
5147
5135
5132
5003
5019
4777
4817
4621
4608
4639
4166
4183
4172
4245
4271
3832
3825
3427
3471
3365
3433
3428
3015
3046
3037
3074
3103
2597
2621
2393
2402
2223
2295
2323
1859
1900
1722
1808
1803
1555
1589
1151
1163
1213
1065
1121
1041
573
588
660
689
725
1000
619
661
682
738
1107
620
662
578
608
820
619
999
605
622
626
643
977
619
640
664
754
971
616
833
594
629
569
613
784
615
926
615
643
556
569
799
654
1105
615
615
656
569
778
575
585
577
604
769
606
956
633
655
548
542
938
618
612
611
629
973
574
964
613
606
624
645
871
631
1066
619
642
671
675
934
597
609
540
593
807
599
989
614
632
676
706
1049
609
664
529
598
888
606
984
614
639
675
701
1008
631
702
563
601
840
583
968
587
585
639
679
965
618
624
529
583
830
593
999
596
591
620
536
859
580
625
517
591
973
595
667
666
689
1035
592
885
620
672
534
603
991
622
630
637
642
958
579
852
640
678
559
568
970
581
593
591
599
990
586
963
588
605
611
619
949
588
623
612
624
992
617
839
611
627
539
620
953
613
637
665
693
898
611
1022
647
671
553
567
834
607
1031
616
640
535
572
977
635
662
707
790
1121
587
973
595
606
564
597
785
606
1096
578
603
635
648
973
637
630
558
614
829
599
1026
589
619
696
589
1018
618
659
565
580
876
603
998
635
637
680
713
983
591
629
537
615
852
610
987
597
656
692
675
1030
595
641
693
705
1023
587
754
591
645
521
563
1031
577
606
637
668
1061
582
796
589
600
560
592
836
594
1008
618
623
729
612
857
606
653
515
624
823
563
1008
597
627
740
606
820
593
624
538
581
1031
604
829
602
611
549
591
794
593
1029
589
601
643
634
982
606
624
548
576
1047
548
612
594
840
723
604
960
587
644
654
646
1054
569
586
625
640
1047
601
885
604
645
539
584
862
652
1054
595
647
663
563
873
627
672
512
582
879
632
1037
571
584
670
610
843
593
614
553
588
983
601
700
605
636
1048
575
924
598
594
586
599
1020
607
620
555
609
1019
586
592
587
655
952
582
776
604
630
551
558
957
570
576
616
646
1035
546
920
568
574
586
609
960
544
601
613
640
1073
578
955
598
644
684
674
1014
595
632
632
684
1079
587
969
625
668
694
763
1104
580
598
604
644
996
635
808
586
624
527
607
792
605
1064
613
676
722
574
891
584
605
555
577
797
611
1084
595
616
691
612
847
619
633
547
627
829
638
1080
576
603
723
581
804
609
674
536
582
953
631
658
628
666
996
617
780
600
674
506
585
860
601
1009
589
636
774
612
819
582
609
547
580
965
575
646
643
698
1035
563
968
587
636
674
655
1024
570
598
563
599
861
630
1000
595
578
661
585
778
556
603
539
546
935
582
640
541
601
1181
637
987
556
590
731
589
795
621
689
521
582
982
578
598
530
613
1004
573
818
627
663
534
585
985
602
678
664
673
1017
609
834
618
635
567
582
817
593
1046
647
844
1758
998
811
1034
834
766
773
788
753
734
721
733
741
706
729
731
726
723
816
931
938
939
955
952
958
928
924
1003
950
960
923
956
955
947
959
967
1441
756
733
716
746
848
938
1875
1637
1649
1963
1348
2195
3036
3879
4490
5057
5117
5150
5210
5250
5299
5297
5293
5325
5324
5883
1079
905
659
635
684
680
699
723
762
781
795
860
932
1001
1074
1127
1184
1236
1283
1357
1399
1490
1564
1039
1100
1104
1137
1185
1275
1329
1044
1097
1127
1169
1170
1149
1205
1221
1306
1325
1402
1398
1407
1438
1475
1616
1673
1660
1704
1752
1818
1870
1939
