2974
2523
5962
3957
1301
915
862
515
1098
646
7309
1098
738
611
615
613
654
729
697
692
714
717
740
779
839
901
1994
989
901
945
1021
1028
1052
1059
1085
1089
1118
1155
1237
1263
1306
1261
1280
1331
1432
1498
1509
1522
1575
1605
1648
1694
1740
1804
1874
1931
1848
1883
1894
1903
1917
11837
635
598
579
855
596
598
624
685
700
715
751
799
861
941
1002
1044
1093
1186
1055
1077
1097
1126
1189
1192
1199
1242
1245
1264
1287
1278
1326
1367
1418
1441
1501
1521
1530
1515
1530
1576
1576
1606
1607
1637
1677
1710
1739
1736
1772
1790
1794
1809
1849
1863
1882
1939
1966
1976
2020
2058
2119
2148
2196
2242
2294
2334
2390
2453
2493
2518
2589
2736
2751
2777
2836
2877
2926
2942
2985
3022
3014
3061
3089
3125
3115
3167
3190
3208
3226
3267
3314
3386
3444
3451
3499
3535
3542
3586
3616
3665
3703
3771
3847
3898
3983
4041
4081
4106
4172
4218
4275
4336
4372
4398
4416
4423
4427
4475
4513
4562
4621
4687
4757
4834
4917
4989
5024
5089
5148
5204
5276
5340
5385
5455
5514
5528
5567
5615
5674
5735
5790
5884
5970
6009
6060
6109
6146
6206
6243
6310
6368
6415
6458
6499
6544
6583
6628
6667
6724
6774
6803
6839
6863
6935
6978
6985
7040
7076
7122
7154
6969
6988
6721
6777
6789
6457
6500
6012
6041
6032
5880
5892
5543
5556
5312
5335
5320
5027
5057
4572
4631
4666
4610
4692
4180
4169
3986
4035
4050
3748
3738
3208
3252
3269
3213
3225
2767
2763
2594
2598
2626
2372
2392
1862
1878
1868
1889
1954
1461
1489
1429
1450
1481
993
1027
763
771
580
613
1031
580
630
600
610
1024
602
777
608
648
520
603
853
621
1074
628
634
641
648
968
595
697
628
687
1016
593
828
612
654
537
601
824
601
966
645
699
588
641
951
603
607
616
660
1026
602
846
620
636
522
618
907
597
1023
624
680
696
669
1043
576
667
687
730
1031
584
1050
583
567
605
655
1011
590
609
560
618
895
624
941
622
660
757
607
869
586
619
567
570
953
576
610
644
692
1021
619
1016
607
627
759
607
837
589
620
514
599
1047
611
627
630
673
1024
622
967
604
607
597
628
1015
593
602
646
690
1060
619
998
588
631
757
605
849
588
603
540
594
992
610
656
715
717
1021
591
814
592
639
554
584
859
609
980
593
634
684
681
1065
584
638
568
597
827
602
977
562
602
715
565
805
574
628
559
612
826
628
1020
590
658
850
607
871
585
624
557
576
833
566
1000
596
615
613
670
996
585
635
660
721
1277
556
1157
584
599
630
642
994
575
598
502
571
871
596
1019
611
633
681
629
1037
604
623
667
729
1102
589
983
570
563
682
587
864
569
597
554
597
844
579
996
582
599
645
687
1011
587
648
539
576
850
572
1012
563
578
626
625
1084
568
583
600
636
942
593
878
570
610
555
576
807
589
1032
595
591
672
584
855
581
608
532
573
1006
611
690
652
684
1038
583
872
608
666
523
568
979
616
698
651
690
1040
593
880
596
601
524
615
982
589
624
540
603
822
609
1024
606
655
816
616
980
604
668
685
684
1025
607
674
595
672
1081
623
872
614
664
572
558
989
572
581
595
631
1038
597
943
578
608
608
638
1001
609
648
558
602
850
588
1000
591
612
712
608
870
580
606
566
580
1005
618
607
620
654
1000
569
972
588
644
675
642
1051
609
620
557
595
812
602
1039
590
627
721
607
837
619
661
544
605
821
585
1057
594
9485
1403
779
639
620
585
578
583
617
620
634
659
725
1151
1103
853
781
779
780
781
788
804
867
928
956
1004
1055
1060
1085
1102
1088
1163
1199
1249
1307
1352
1421
1528
1371
1416
1426
1493
1612
1696
1046
1083
1148
1126
1169
1198
1230
1266
1336
1394
1471
1497
1536
1598
1622
1703
1780
1801
1842
1845
1889
1949
2022
2115
2185
2234
2265
2286
2298
2428
2489
2501
1951
1759
1772
1812
1846
1865
1927
2003
2028
2078
2101
2161
2170
1894
1917
1438
1435
1359
1316
1315
822
872
909
930
959
642
2041
616
614
655
690
651
683
725
583
649
596
613
1012
615
812
613
661
567
613
1028
618
842
586
644
537
571
927
625
813
596
647
575
619
840
584
855
581
635
549
611
937
573
1110
627
621
637
678
1012
573
626
581
611
1179
635
598
668
691
699
714
944
579
790
581
628
556
569
809
576
984
600
601
643
632
985
635
1027
1406
1022
979
994
1029
1043
1441
986
994
1026
1023
1078
579
597
645
686
1515
1175
6639
1049
998
2039
2010
2396
2404
1607
1092
966
847
765
657
555
537
862
1254
1245
857
2047
2091
2106
877
1275
1274
908
910
872
887
868
858
699
900
769
759
732
763
745
1104
918
727
862
787
766
764
822
635
755
863
1226
1209
892
771
768
1145
769
731
759
786
767
803
792
760
761
758
726
795
17105
2635
1694
949
782
4564
1083
1337
2192
1350
8024
8088
8076
8093
4053
2359
2178
815
713
609
600
585
640
694
827
1114
1018
612
2968
645
694
651
615
1340
1039
4937
701
134540
679
794
595
597
593
600
794
595
636
541
563
796
603
981
586
610
717
581
908
594
673
694
