6851
6750
7104
7197
6446
6333
6247
6333
6373
6424
6409
5405
4689
3782
3291
2742
2053
1371
1163
1097
1118
1164
1334
1243
1479
1187
1352
1368
1834
1546
1563
1929
2388
2899
3325
3688
4335
3923
3763
3750
3579
3227
2932
2728
2518
2323
2091
2070
1660
1371
1284
1430
1313
1493
1073
1076
1130
1023
1030
969
1658
1732
1558
1280
1074
972
929
981
925
1427
1673
1422
1454
1411
957
998
1067
1026
913
1743
2622
3475
4247
4642
4445
4274
3454
2761
2281
1871
1296
1196
1253
1192
1885
2390
2265
2142
1877
1473
1142
1262
1275
2001
1960
1791
1782
1887
2235
2492
2751
3112
3401
3672
3905
3907
4095
4423
4809
5231
5587
5965
6340
6722
7051
7391
7642
7845
7917
8168
8346
7502
7510
7556
7105
5939
5442
4697
4119
4275
4499
4599
4601
4901
5169
5343
5541
5754
5830
6076
5984
5978
5375
4678
3991
3158
2439
1717
1413
1395
1573
964
1078
1448
1805
2137
2345
2405
2456
2288
2211
2076
2046
1625
1468
1435
1541
1794
1184
895
1208
1495
2491
3718
4825
5956
7129
8312
9516
9639
9741
9840
9930
10004
10074
10132
9709
9001
8085
7254
6529
5700
4968
4437
3805
3171
2405
1605
1522
1502
1508
1613
1388
1024
1510
1872
2251
2336
2268
2430
2806
3905
4878
5654
6141
5604
4919
4144
3460
3273
3399
3568
3614
3667
3411
3565
3743
3928
4005
3791
3791
3874
3951
3224
2541
1992
1835
1517
1283
1689
1839
1721
1924
2047
2204
2235
2335
2152
1524
1630
1445
1682
1492
1239
1589
2076
2159
2177
2296
2419
2752
2812
2820
2929
2459
1768
1517
1510
1754
1353
1585
1833
1918
2032
2173
2346
2466
2574
2649
2663
2727
2819
2873
2938
2048
1390
1786
2096
2470
2694
3128
3902
4746
4394
4117
3858
3708
3512
3388
3200
2997
2356
1741
1542
1530
1753
1663
1608
1578
1717
1117
1835
2135
2399
2969
3619
4345
3919
3416
3345
3089
2926
2822
2604
2358
2007
1717
1839
1651
1744
1673
1647
956
997
1251
1562
1743
2556
3701
4909
6259
7384
8792
9098
10058
11129
12010
13143
13173
13296
13473
13651
13633
13074
12633
12233
11687
11049
10559
10389
10778
10758
10800
10729
9891
9183
8332
7521
6726
6070
5021
4027
3427
2974
2480
1904
1327
1223
1255
1603
1495
1962
2047
1369
1198
1014
1020
1045
979
953
958
980
929
1927
2358
1581
1416
1830
1611
1640
1624
1546
1492
1446
1440
1210
897
1864
3152
4438
5779
6744
8469
9306
9589
9859
9969
10127
10393
10634
10893
11213
11384
10608
9910
10010
10041
10046
9786
9832
9804
9500
9196
8988
8658
8265
8057
7893
7750
7683
7689
7649
7607
6925
5847
4829
3459
2206
1166
1075
1018
1071
1159
1335
996
1095
1134
1176
1872
2013
1841
1509
1553
1160
2121
2731
3314
2882
1842
1874
1881
1506
1397
1720
1720
1515
1533
1725
1650
1887
1770
1839
2585
3662
4596
4924
4574
4273
4095
3592
3034
2147
1765
1913
1343
981
1042
1294
1056
1031
1043
1198
1430
1602
1800
1688
1856
1372
1383
1638
2525
3410
4186
5285
5626
5532
5678
5637
4985
4579
4179
3505
2526
1781
1641
1824
2172
2347
2694
2812
2594
1980
1315
1501
1455
1257
1284
1065
993
996
1086
1125
1485
1688
1618
1539
1711
1849
1205
1445
2290
3239
4311
5118
5780
6435
6716
7486
8353
8056
7270
6685
5352
4069
3333
3169
2989
2779
2509
2252
2043
1785
1335
1631
1665
2300
2018
1575
1708
1691
1945
2618
3485
4143
4373
4529
4649
4704
4824
4682
4418
4027
3603
3252
2427
1793
1512
1506
1492
1001
1251
1104
1018
1988
1260
1315
1560
1531
1631
1463
1497
1882
2635
3970
5396
6296
6330
6164
5046
4104
3998
3982
3980
3884
3825
3785
3818
3579
3544
3580
3577
3606
3588
3467
3315
3276
3104
3070
3082
3085
3047
2973
2965
2959
3004
2918
2919
2954
2883
2772
2820
1780
1477
1345
1356
1409
1434
1408
1305
1356
1373
1373
1387
1443
1465
1385
1383
1292
1172
2039
2037
1242
1201
1026
1034
1044
1041
1049
1061
1132
1072
1320
1240
1204
1076
1209
1329
1019
1014
1007
975
953
992
1025
1059
1252
1013
1131
1375
1146
1046
1070
1138
965
978
936
1054
1027
968
998
1020
1258
1058
1152
1194
1110
1106
1079
1161
1124
1125
1343
1194
1100
1017
1008
1106
1040
1012
1063
981
1010
1138
1780
2961
3621
4577
5261
6293
7384
7633
7504
7476
7531
7542
7587
7576
7209
6950
6244
5706
5265
4971
4823
4599
4317
4086
3643
2918
2178
1549
1352
1337
1621
2118
2722
3471
4909
5983
5961
6021
5836
213654
2000
2182
2303
2481
2815
3169
3492
3906
4031
3973
4029
4120
4178
4200
4269
4329
4328
4353
4423
4497
4560
4630
4737
4815
4876
4980
5076
5107
5142
5044
5039
5058
5230
5269
4675
4554
2316
2087
3895
1715
1645
1532
1742
1890
1738
1658
1834
2094
2277
2831
2929
3103
3155
3221
3323
3347
3416
3460
3502
3592
3653
3681
3378
3071
2933
2771
2775
2780
2789
2773
2757
2645
2575
2438
2301
2205
2012
1761
2882
3208
2727
2193
1784
1472
1140
1219
1025
906
1010
1069
1168
1088
1070
1013
1035
1010
1084
1125
1264
1077
1091
1082
1235
1182
988
978
923
976
1057
1148
1081
1139
1420
1241
1150
1090
1073
1137
981
1013
1115
9016
1551
1516
1628
1722
2384
3053
3561
4152
4668
5465
6088
5704
5316
5340
5383
5371
5255
5238
5171
5125
5125
5070
5011
4949
4882
4883
4812
4668
4594
4538
4496
4443
4378
4342
4260
4207
4200
3484
4278
4042
4510
5014
5468
5391
4802
4393
3987
3470
3146
2976
2844
2742
2668
2589
2508
2441
2407
2413
2460
2453
2454
2316
2312
1243
1236
1251
761
1523
1256
1169
1186
1283
1247
1222
888
1097
1371
1437
1462
1384
1323
1234
1209
1173
1221
879
1519
1754
2792
3821
4319
5178
5389
6337
6525
