4164
4219
4291
4352
4369
2480
3370
5528
2280
752
669
693
1068
1111
4750
2641
671
608
2291
889
2321
624
669
675
665
664
673
722
756
701
733
790
869
941
977
1034
1126
1210
1246
1304
1405
1531
1582
1649
1578
1605
1616
1662
1666
1705
1753
1338
1442
1496
1510
1480
1518
1588
1910
1932
2000
2086
1650
1296
1293
1201
1254
1285
1328
1335
1360
1421
1460
1492
1538
1561
1606
1604
1633
1627
1667
1760
1809
1836
1911
1891
1871
1871
1883
1911
1965
2025
2099
2108
2132
2133
2175
2215
2211
2268
2310
2312
2313
2311
2342
2402
2471
2542
2611
2670
2773
2862
2932
2972
3024
3107
3161
3147
3161
3176
3173
3219
3228
3286
3340
3402
3462
3566
3634
3674
3724
3777
3852
3912
3971
4029
4076
4121
4185
4239
4296
4373
4449
4517
4568
4622
4645
4681
4738
4790
4846
4879
4947
4971
5033
5070
5130
5150
5180
5226
5325
5321
5380
5453
5524
5565
5613
5656
5717
5770
5817
5867
5949
5992
6041
6049
6064
6095
6108
6123
6124
6153
6171
6180
6211
6241
6270
6290
6282
6301
6287
6288
6320
6364
6413
6406
6395
6422
6457
6454
6177
6193
5693
5735
5763
5717
5751
5449
5498
5060
5051
5046
5000
5022
4555
4584
4549
4562
4614
4119
4160
3908
3909
3827
3861
3851
3393
3422
3135
3168
2903
2920
2949
2692
2722
2287
2274
2267
2292
2265
1807
1817
1794
1796
1821
1364
1383
1125
1110
967
1006
1016
753
980
565
594
604
641
1009
600
663
641
678
875
612
1035
614
636
576
593
784
588
970
605
662
695
652
993
580
655
628
664
1012
580
787
567
586
567
660
1019
563
883
575
669
538
588
810
574
988
593
605
626
625
824
567
1048
595
626
660
689
1008
612
642
669
725
993
620
806
593
647
590
622
1029
560
796
615
641
534
552
811
570
1087
572
567
563
578
938
594
620
549
623
1041
580
821
627
645
621
655
932
581
991
568
599
612
595
864
596
1281
604
642
712
624
878
610
1001
588
603
614
628
943
571
625
609
686
1058
623
829
595
626
543
600
810
600
1032
596
622
667
677
1029
587
634
674
678
967
615
774
568
604
552
611
968
640
888
601
592
564
618
861
597
976
593
623
645
668
896
574
566
610
670
946
600
986
598
621
612
636
970
604
783
581
587
537
598
805
586
1033
601
642
719
668
996
619
696
684
738
981
569
930
587
655
583
654
1126
582
935
575
626
725
569
976
555
571
575
593
955
593
603
535
567
793
615
1082
585
588
656
591
947
570
575
661
598
848
565
614
552
561
884
553
603
566
580
823
639
974
604
650
734
626
942
566
566
613
601
814
564
580
531
603
978
592
607
558
588
963
567
644
856
870
878
625
988
590
597
612
569
815
637
710
548
619
836
608
1025
612
691
702
740
1038
616
639
537
591
835
595
977
584
617
731
570
801
571
590
549
620
931
594
613
654
673
1015
605
831
576
577
565
618
879
611
983
584
609
617
665
948
557
605
552
576
846
627
1040
625
637
623
550
995
584
587
600
581
945
601
600
567
592
981
563
592
666
738
1016
609
829
587
664
563
628
967
584
595
596
599
981
588
932
639
658
697
693
1005
618
644
672
720
984
590
813
601
614
548
579
942
566
613
624
655
956
611
935
611
640
697
724
1114
572
617
492
556
955
594
624
580
595
971
595
990
604
631
655
670
1014
606
726
626
654
965
598
969
612
616
634
686
992
583
608
527
555
943
567
559
556
582
920
602
931
608
621
638
647
1035
604
627
500
552
992
611
690
613
660
1012
572
923
593
592
605
622
966
606
607
537
561
852
567
992
573
558
661
583
769
619
654
565
621
850
597
1013
600
625
702
613
806
625
672
552
599
917
581
645
537
662
1023
584
954
612
623
677
701
992
603
632
668
733
1013
599
947
578
598
635
680
1035
607
635
696
746
1057
621
788
585
662
509
593
1034
587
621
673
714
994
574
820
577
580
505
592
1062
606
648
630
673
1016
602
1045
619
634
667
692
982
622
643
519
551
785
569
1052
607
664
791
584
957
586
644
662
659
1023
577
574
597
607
798
613
1046
584
633
671
576
827
592
585
1158
1024
947
726
744
758
798
1075
588
786
599
623
542
591
1030
585
620
609
622
977
607
818
578
635
505
584
860
542
988
582
620
721
547
846
598
654
2104
1117
853
811
815
781
829
766
783
734
766
746
745
769
723
725
727
3828
1421
834
809
1116
961
946
1002
767
581
729
766
745
762
731
733
796
848
748
729
714
880
1283
1588
1611
1967
1250
2095
2712
3561
4137
4940
5179
5222
5236
5273
5302
5363
5386
5399
5417
5421
5901
882
1321
2165
2801
2811
2839
2983
3748
3828
3265
4100
4725
5009
5032
5068
5080
5090
5148
5188
5179
5064
5915
1273
881
1496
2341
2950
2937
2944
2961
3010
3040
3049
3068
3092
3098
3115
3113
3116
3091
3096
3271
3280
3284
3290
3296
4157
4053
4101
4123
4135
4163
4208
4289
4272
4298
4370
4416
4464
4517
4575
4617
4581
4619
4652
4688
4719
4763
4765
4772
4834
4853
4788
4785
4766
4760
4793
