5338
5352
5363
5411
5465
5537
5606
3481
3358
14315
10136
9467
8765
8782
8796
8835
8440
8276
6655
6672
6694
6707
6743
6752
6721
6749
5571
4933
4310
3676
3062
2806
2272
2440
1992
2383
1107
611
625
610
620
619
645
4089
3031
3019
3097
3042
3389
726
706
678
722
674
642
1297
1067
1101
1119
1111
1125
1078
1050
1068
1093
1127
2085
2187
2211
2236
2179
2144
2156
2200
2250
2274
2367
2447
2439
2495
2557
2214
2221
2246
2288
2314
2339
2324
2330
2360
2387
2453
2526
2534
2575
2581
2655
2698
2771
2810
2227
2282
2300
2412
2404
2406
2404
2424
2438
2496
2530
2653
2544
2610
2630
2639
2646
2689
2748
2808
2869
2908
2937
3004
3051
3133
3284
3314
3369
3426
3463
3470
3480
3451
3494
3557
3588
3639
3700
3740
3767
3789
3848
3910
3962
4021
4070
4088
4147
4201
4270
4322
4396
4399
4424
4446
4498
4519
4544
4571
4601
4671
4713
4730
4773
4771
4800
4828
4882
4910
4955
4988
5027
5030
5062
4993
5038
4808
4889
4914
4617
4662
4348
4408
4394
4410
4440
4012
4039
3768
3778
3741
3757
3775
3370
3404
3157
3183
2980
2953
2991
2734
2775
2478
2501
2299
2287
2285
2054
2068
1683
1718
1698
1727
1739
1311
1361
1356
1412
1431
1080
1106
682
728
791
806
992
617
840
563
638
524
586
884
580
870
588
620
532
601
958
579
570
622
645
940
590
764
610
658
611
645
1047
585
777
535
582
546
563
752
578
970
567
605
649
622
1008
563
573
591
618
992
572
770
586
614
547
553
744
583
942
594
638
668
690
956
582
644
588
625
971
580
793
625
678
520
580
807
596
1030
584
686
721
688
961
558
616
570
669
1017
601
759
598
666
616
619
971
589
797
581
625
563
584
774
574
798
550
583
536
599
816
586
881
606
617
548
565
788
585
1006
608
660
691
706
962
594
634
626
659
986
602
801
599
618
552
577
769
562
989
600
625
644
647
951
568
588
583
628
957
601
817
580
618
551
551
793
592
953
607
607
616
664
991
602
627
676
707
990
595
808
606
644
556
606
786
570
982
630
675
707
716
868
657
905
598
605
641
676
969
599
627
659
701
998
578
803
583
656
499
548
964
582
607
516
589
945
567
620
574
907
819
589
585
541
589
925
560
602
636
678
995
607
1006
604
644
697
646
811
599
615
567
602
902
559
571
544
572
901
572
608
517
576
999
572
558
575
569
839
574
922
556
622
781
591
951
558
605
717
548
799
578
621
559
565
883
571
580
560
594
925
554
959
595
634
656
695
990
573
625
623
683
1025
614
803
602
648
506
573
1022
569
577
587
599
896
565
887
559
553
644
592
771
550
571
526
565
940
593
632
634
656
966
588
877
591
586
586
602
963
596
626
648
651
1010
576
920
563
586
618
618
1014
601
603
546
587
972
560
573
567
580
935
567
929
576
653
703
708
1085
567
601
546
555
949
587
593
606
651
974
589
990
576
619
655
683
1043
606
656
543
592
842
611
972
623
617
664
582
814
597
635
579
614
897
584
618
592
666
1015
574
926
545
558
647
573
816
584
624
515
565
971
598
633
643
687
1011
569
958
604
635
679
713
1006
629
635
502
545
802
606
1052
607
631
656
584
783
598
633
530
604
1065
600
626
586
612
882
589
962
588
622
731
579
907
598
669
698
741
1030
605
619
646
670
1005
581
934
567
582
619
642
1027
588
602
520
562
946
595
625
609
655
1002
592
936
589
610
636
647
1020
592
632
560
595
798
602
1084
611
628
731
636
821
597
613
530
563
777
573
948
581
593
688
589
979
561
603
641
703
958
596
622
530
576
853
582
964
585
633
720
603
864
594
586
542
616
964
590
612
648
700
1081
602
1003
579
585
673
547
774
617
656
552
608
802
599
964
648
681
704
603
834
595
648
515
578
814
611
964
610
631
705
616
950
610
626
674
711
1001
582
604
556
600
815
575
980
592
591
677
611
794
581
614
512
569
986
603
674
642
684
1065
620
830
714
578
607
664
938
594
645
662
678
952
576
865
625
653
545
604
933
574
639
615
661
970
631
1008
593
667
711
672
993
609
667
550
573
789
617
939
601
592
744
586
931
569
574
576
568
942
602
591
599
612
911
577
902
582
600
603
641
977
579
590
622
672
966
618
904
585
628
671
696
1001
632
660
571
607
765
569
1035
5027
1735
1345
2529
1612
1301
741
15903
15894
7915
651
613
584
3039
600
594
1155
1113
1102
587
573
572
1096
1174
563
590
1141
2882
863
742
858
689
884
630
812
838
582
684
760
874
773
729
706
750
699
634
727
857
792
802
761
781
811
630
6293
962
3485
683
2400
968
638
575
566
574
594
578
626
658
676
708
781
825
879
955
1010
1051
1095
1109
1156
1170
1177
1185
1232
1290
1352
1399
1463
1547
1589
1675
1726
1772
1823
1829
1816
1861
1897
1909
1957
1994
1988
2013
2049
2063
2103
2137
2166
2198
2240
2296
2329
2390
2446
2482
2518
2550
2566
2645
2714
