1030
2276
1117
1764
927
823
848
710
678
954
2357
902
488
520
624
723
733
612
954
881
1689
542
823
455
491
1098
840
849
839
806
824
1732
730
746
672
774
680
644
609
922
713
675
1165
582
903
1204
798
1013
861
1254
1002
1222
4501
891
1277
2802
1085
1042
1121
995
1055
1021
1289
1424
1147
1026
1055
1177
7554
1601
2004
852
901
1651
1670
1378
1197
741
726
1610
2292
1080
976
1759
1061
977
1774
1393
1096
889
1096
1145
997
1495
1363
755
882
793
789
744
769
875
893
1360
1225
707
2018
1319
1390
1591
1118
1542
1055
1076
1918
1329
1994
1290
765
1146
763
1418
2192
2246
1114
1086
1190
1590
1133
1156
998
927
994
1038
1068
3741
1521
1359
1160
1585
1882
1495
978
1362
1487
1098
835
2442
3645
1011
812
1196
1244
2019
1354
1480
807
1351
1176
1957
924
978
1220
1738
720
777
1590
1251
946
1119
767
1048
758
1561
1163
998
937
1438
774
1317
731
1240
1006
903
700
950
772
945
905
872
619
1190
935
677
1355
907
827
760
673
1733
808
860
637
1063
1151
841
1076
745
732
769
1160
730
2008
1015
1035
830
920
1162
1538
713
1063
629
1579
1261
1094
680
1155
700
934
949
2004
1064
1054
881
857
799
1048
710
632
981
1065
987
1024
932
1089
773
704
1505
2089
1392
998
1246
1066
1156
1382
1014
1248
873
1304
1898
1137
1276
1529
835
1089
1916
934
793
1568
1021
681
994
937
962
635
949
921
1158
797
617
845
566
938
747
818
892
724
996
773
1066
1111
770
1149
640
563
1487
1419
674
891
633
551
988
1874
1431
872
564
828
671
997
1082
876
574
732
730
698
1029
1946
728
725
580
517
597
1151
770
669
551
887
856
930
787
903
803
882
1046
898
814
785
797
827
808
770
916
1071
1356
1096
686
579
663
578
1795
678
683
594
776
784
922
582
2011
548
520
695
650
1616
1138
597
786
1034
609
1212
931
672
749
665
1290
596
552
1814
1001
686
855
782
813
791
772
833
799
676
935
817
873
746
698
718
834
955
651
1108
646
701
888
1036
672
1011
751
1324
1093
778
740
1370
1448
831
971
629
841
775
924
548
1532
743
743
897
563
969
744
791
959
658
606
986
159229
625
514
636
750
560
703
663
1438
1071
1146
871
700
1537
986
962
820
1132
676
694
829
735
1242
1053
1000
1071
698
533
918
836
652
752
1100
996
650
715
836
638
760
737
625
660
570
744
1201
881
722
889
2184
909
567
807
1105
977
1630
1565
1252
541
774
997
951
634
1016
1319
751
1843
1475
849
517
1144
704
1014
2221
1217
1548
1457
935
977
750
735
2133
1341
1116
801
689
684
1015
880
1330
1582
1096
573
770
967
732
1307
765
1217
1115
647
785
545
1195
793
698
794
1919
1195
629
871
618
822
609
1278
814
702
1686
1221
982
804
606
988
689
1259
1780
1362
696
926
793
1085
893
784
557
1130
1180
966
1256
1045
738
580
870
1028
917
1265
1221
1084
840
1009
1507
617
533
576
1022
872
1918
1187
844
809
588
734
722
925
702
778
1010
899
1089
823
544
865
715
1299
1699
619
1368
1336
638
985
1443
813
716
732
634
2284
1214
1118
911
541
730
730
570
637
901
1145
1291
607
924
616
793
604
1271
565
1211
915
1021
1138
997
993
722
861
949
670
640
688
715
1276
845
855
956
753
725
865
696
1050
726
1207
1073
1283
572
834
649
649
967
568
563
1155
799
1500
928
916
927
726
923
557
721
857
958
1526
1077
848
689
735
1285
997
650
541
569
1306
1526
1107
592
921
1017
725
1326
1397
908
1202
954
930
852
967
665
609
665
792
1052
898
1199
925
721
566
856
595
1136
559
664
1090
1105
542
867
826
558
525
622
767
728
667
575
1257
1470
723
778
994
595
689
587
812
557
2159
1301
681
895
795
943
792
956
710
1134
1510
1014
750
540
702
583
812
545
819
680
1104
1194
1636
1006
666
828
590
851
624
854
551
936
1834
827
638
554
1202
1069
1088
1231
698
1787
1118
1020
1127
1533
1140
1105
1002
600
1188
1161
607
530
876
656
838
580
837
621
871
994
945
985
682
1173
588
929
584
595
2659
861
665
624
1051
696
878
1171
693
705
1454
1030
912
600
2059
1257
1004
689
1111
2026
975
1194
789
986
990
977
981
2450
955
1179
1258
767
1278
2022
1247
1362
948
1204
814
1659
1629
1327
975
771
784
813
1193
1789
748
706
1424
806
941
1302
1088
1029
859
935
1558
882
1123
905
697
713
1671
653
1121
880
594
961
1951
894
798
704
1523
1038
945
850
903
942
965
615
2406
1025
1003
832
929
615
824
957
518
2487
799
639
927
909
1108
1053
563
539
1421
1163
571
544
551
804
905
747
957
2446
737
661
1004
663
791
732
755
1687
1061
683
877
743
887
589
782
912
2129
1066
549
802
513
920
1400
638
820
534
1148
1002
546
1090
571
592
966
727
1106
1537
883
880
868
661
1286
851
565
691
1850
993
839
845
558
577
864
1423
1045
1482
942
798
727
1319
868
701
1043
616
548
1952
721
801
527
805
618
882
891
748
673
1813
891
862
748
991
829
614
914
889
