11101
11369
11453
11488
11588
11565
11598
11627
11669
11678
11667
11675
11654
11677
11711
11687
11664
11652
11653
9558
9520
9478
1755
1737
1772
1762
1728
5529
1970
3633
778
703
795
697
670
661
677
684
692
727
742
726
761
772
810
800
844
887
1488
1551
1564
1063
1080
1076
1149
1140
1301
637
700
762
784
813
902
981
1022
1057
1089
1116
1151
1236
1271
813
802
580
586
529
760
593
621
646
702
715
742
781
811
868
936
974
1032
1060
1125
1160
1203
1250
1319
1358
1435
1475
1551
1616
1688
1729
1808
1863
1917
1968
2005
2053
2115
2189
2158
2216
2251
2298
2334
2368
2402
2510
2594
2641
2674
2718
2745
2779
2852
2896
2966
3068
3136
3173
3197
3243
3272
3328
3367
3342
3360
3401
3474
3516
3554
3594
3617
3688
3718
3749
3807
3859
3883
3909
3927
3936
3952
3991
4009
4047
4063
4077
4130
4143
4174
4214
4233
4249
4246
4278
4305
4324
4359
4428
4466
4495
4557
4596
4601
4618
4652
4695
4714
4700
4723
4765
4773
4837
4915
4977
4966
5032
4501
4565
4594
4313
4393
4029
4028
3892
3901
3895
3543
3557
3583
3587
3593
3165
3168
2815
2817
2667
2708
2691
2486
2503
2072
2074
2063
2061
2054
1679
1733
1558
1591
1619
1286
1319
921
963
999
808
976
573
640
675
700
1022
572
601
556
585
1011
597
604
608
641
902
614
802
600
645
555
616
950
603
628
624
636
988
606
928
590
575
591
626
969
643
662
672
709
977
591
816
635
638
563
584
892
605
648
689
728
997
611
932
616
622
668
684
972
591
674
510
567
998
582
587
577
629
907
592
903
609
588
589
629
901
590
606
651
700
1055
591
941
583
601
612
652
925
585
617
550
573
893
574
600
610
636
968
588
915
602
599
618
658
1131
608
658
550
581
1047
591
609
632
667
969
579
954
589
632
635
679
988
624
637
558
599
813
593
952
562
615
726
619
789
618
664
496
569
910
594
959
599
655
752
607
828
604
622
549
590
957
606
664
584
648
1074
584
926
610
641
669
720
995
612
642
669
692
973
612
976
583
584
598
621
962
569
613
626
666
905
616
755
622
665
539
585
969
622
648
686
717
995
586
812
598
629
590
604
915
586
613
632
676
980
606
916
591
634
671
720
1011
613
629
560
581
855
571
1001
633
673
715
562
950
560
602
648
707
1065
591
621
545
605
825
610
1237
588
590
734
595
798
602
613
494
592
1026
601
651
678
696
998
592
800
602
646
565
601
940
596
611
659
682
1015
621
771
609
645
555
602
798
566
949
589
643
707
573
821
591
655
513
591
879
604
992
602
616
651
687
951
606
624
662
763
1007
583
901
615
610
638
672
915
568
553
593
630
869
587
816
589
637
952
1158
875
769
769
810
844
1021
605
854
640
690
554
581
768
605
1106
568
618
665
561
922
583
602
549
584
831
616
974
617
628
671
698
932
614
622
509
557
856
592
1061
593
621
571
592
929
633
605
562
587
794
603
1050
603
643
679
574
804
604
672
549
620
934
613
645
616
600
809
583
1116
586
612
686
602
934
602
591
617
677
1007
609
639
575
618
889
654
1019
576
611
706
587
972
605
609
612
624
934
566
618
568
580
815
616
993
581
587
672
598
786
600
641
529
592
944
605
670
608
688
1000
560
884
606
621
709
543
910
583
571
638
669
1019
581
587
560
577
773
604
1024
601
586
574
588
922
613
639
551
563
795
586
1002
602
605
675
581
779
640
622
540
592
926
590
634
682
707
1004
612
789
628
620
549
608
849
604
976
623
651
673
564
787
606
630
570
617
923
619
688
676
760
947
582
944
569
608
631
655
935
582
802
581
637
532
591
837
596
968
596
614
656
683
768
608
1043
569
642
681
565
927
584
654
633
714
986
568
799
577
635
554
564
812
571
985
575
619
662
626
947
567
630
628
672
1012
562
730
540
576
554
632
980
598
640
687
756
1056
585
782
569
615
521
552
978
578
624
628
661
982
624
836
599
617
517
607
833
605
1009
610
644
748
625
874
585
602
548
610
815
627
871
628
668
554
577
973
594
1021
586
609
609
587
1067
575
624
637
678
812
596
924
589
649
673
694
876
638
1011
608
598
623
633
889
607
845
604
606
575
619
825
587
957
583
612
634
699
999
621
671
685
711
874
591
944
579
593
614
608
999
567
791
589
601
567
600
822
581
861
596
620
551
607
874
625
5352
1180
1381
1756
1097
937
729
2372
1299
1270
842
874
1691
1767
978
882
960
905
871
876
895
876
856
881
1861
2133
937
876
889
851
1352
1278
872
861
629
919
757
2164
2151
1685
1048
1051
1087
1136
1169
1197
1124
1173
1680
1955
1412
1371
1383
1456
1487
1547
1845
2400
2468
2563
2282
1416
1399
1531
932
997
1075
1088
1144
1212
1315
1340
1403
1407
1418
1486
1572
1662
1714
1803
1860
1867
1683
1716
1796
1894
1900
1955
1996
2026
2044
2109
2205
2295
2342
2402
2414
2449
2483
2543
2617
2705
2799
2843
2895
