5194
5205
5731
4335
2755
2286
2071
1685
2093
1749
1361
2173
2029
3291
2430
1295
1165
1437
1433
1212
1068
1087
1287
1775
1661
1694
2455
1280
1269
1820
2214
4178
3611
3601
2994
3692
3709
3181
2289
2571
1479
1698
1497
1776
2352
1968
1629
1474
1795
1753
1619
1285
1589
1363
1293
1514
1481
2044
1421
1225
1626
1479
1463
1531
1155
1085
1376
2396
1880
1315
1345
1375
1394
2245
2966
1408
1188
1239
1315
1370
1164
1144
1337
1244
2917
1389
1056
1056
1069
2805
1245
2072
1161
1118
1077
1087
2928
1210
1039
929
1032
2991
2366
1891
1636
1328
2121
1260
1536
1278
1655
1905
1750
1773
2492
2584
2614
2193
2841
1258
1862
1567
2139
1735
1254
1222
1137
1374
1196
1180
1127
1095
1182
1261
1556
1912
1274
1665
1239
1021
1004
905
2024
1184
1145
1053
1161
2425
1050
1258
971
1169
1390
1583
1785
1722
1897
2025
2239
2395
2137
1560
1237
1075
994
1120
1663
1056
1151
1182
999
1989
1217
2096
1160
1422
1567
1319
1848
1286
1156
1362
1342
2271
1197
2095
1192
1344
1170
1244
2679
1350
2000
1184
1210
1937
2091
1836
1263
1545
1467
1374
3631
2447
4642
4529
4230
3875
3498
5289
2619
1390
1601
1432
1569
1902
1291
1268
1320
1691
2538
1818
1505
1424
1375
1504
1629
1511
1498
1363
4450
1618
1438
1448
1400
1402
7591
5510
5128
4910
12018
1412
1576
1678
1548
1533
1384
1443
1516
2315
1682
2550
2374
3951
3494
2228
2181
2324
2312
2081
2221
2063
7093
6127
3278
2798
2531
2358
5403
2460
1502
7221
5901
4869
4339
4355
3399
3901
1261
1626
1564
1878
1663
1576
3147
1694
1609
1625
1558
2048
1624
3041
2008
1568
1395
2184
1399
1186
1332
1638
2003
2164
1963
1629
1745
1991
1169
1198
1140
1177
1832
1202
1263
1245
1676
1408
1167
1327
1434
1519
1653
1849
2049
2282
2558
2632
2606
2393
2230
2443
2451
2741
1921
2550
1340
1564
976
1245
2541
1358
1793
1169
1368
1575
1651
1802
1885
1985
2148
2288
2579
2811
3054
3210
3506
3151
3358
3452
3582
3658
3779
4090
4527
4933
5139
5240
5344
4988
5116
5169
5265
5331
5514
5724
5844
5955
6129
6553
6718
6986
7058
7295
7589
7812
7899
8014
8049
8137
8307
8455
8585
8698
8928
9185
9361
9612
9776
9960
10035
10124
10304
10466
10521
10765
10869
10786
10707
10867
10898
11183
11352
11428
11496
11679
11873
11990
12130
12232
12518
12379
12468
12537
12604
12888
13053
13363
13554
13722
13815
13951
13838
13893
13815
13616
13652
13624
13595
13522
13207
13174
13204
13007
12617
11952
11876
11493
11352
11211
11137
11189
10819
10857
10065
9840
9599
9347
9184
8313
8065
7193
6597
6302
6038
5779
5775
5695
5610
5352
5175
5002
4767
4634
4487
4312
3876
3113
2960
2491
2266
1963
1841
1762
1540
1338
1090
1173
932
809
879
1476
1130
1284
1380
1196
1174
1254
1211
1171
1308
1541
1272
1156
1207
1343
1466
1487
1345
1132
1510
1225
1993
1110
1123
1204
1215
3056
1624
1042
1146
1207
1879
1284
2580
1094
1289
1588
1839
2000
1864
1868
1219
1356
1499
1502
1508
1415
2304
1591
1720
5501
4731
4694
2848
2382
2466
2550
2495
1529
1515
1388
1178
2417
1209
1034
995
1170
2316
1040
2859
1043
1170
2156
1125
1139
986
1056
1290
1529
1770
2402
2880
3284
2998
2676
2149
2693
1586
1424
1917
1343
2440
1171
1361
1271
1361
2210
1090
1246
1324
1566
1827
1865
1378
764
879
2413
711
2655
990
635
854
727
2968
1177
840
889
878
3088
752
2223
783
691
1026
1139
2222
681
693
898
722
3232
1093
2126
1029
996
1857
1307
2308
1079
1030
1131
1367
1699
1959
2263
1028
1066
957
1084
1266
1546
1768
1865
1741
1578
1063
1345
986
1077
1321
1625
1867
1074
1090
1028
1165
1388
1175
2280
695
650
870
706
3052
862
1113
952
725
2815
750
2722
739
776
1759
630
2982
685
896
821
668
3065
776
2152
637
647
963
677
2642
992
1124
1107
1092
2378
1116
2184
1378
1228
1086
1086
1871
1082
2670
1099
1001
1259
1436
1682
1961
2197
2435
2770
2938
2987
3305
2984
3284
3556
3949
4277
4350
4738
5069
5373
5736
4588
4766
4993
5185
5410
5642
5891
5414
5621
5528
5763
6038
6308
6495
6598
6860
6858
7084
7270
7222
7424
7142
7432
7766
8075
8399
8111
8425
8658
8780
9063
8973
9117
8661
8653
8813
8901
9280
8311
8525
8392
8704
9108
9253
9557
9781
10175
10621
10108
10315
10438
10345
10511
10576
10485
9848
10150
9856
10115
10402
10582
10937
10803
11009
11090
11423
11751
11327
11602
11496
11770
12157
12492
12798
12499
13007
13072
13359
13670
13453
13751
13418
13762
14221
14604
14944
14646
14680
14957
15275
15748
15649
16036
15801
16203
16549
16810
17277
17038
17359
17455
17746
18055
17821
18103
17836
18207
18542
18926
19342
18976
19263
19401
19710
20119
20011
20270
19860
19764
20029
20335
20398
19787
19625
19902
20296
20431
19653
19485
19377
19291
19276
18532
18385
17998
17851
17547
17386
17272
16361
16228
16072
15952
16319
15130
14766
12824
12517
12242
11006
10803
8706
8621
7126
6845
6679
4933
4843
2847
2715
2700
815
2329
673
700
986
784
2442
661
682
940
636
2751
673
2626
651
627
2086
657
2768
644
618
812
661
2592
701
659
776
618
2715
693
2700
681
677
2139
662
2724
622
629
789
689
2861
1039
2420
976
1079
1735
972
2224
774
748
862
752
2071
1025
1548
1047
1051
1788
922
1786
942
1092
974
927
2538
941
892
839
845
808
858
1004
1007
1044
1091
1193
2428
922
1108
998
908
2216
912
1138
1251
965
2167
932
1185
917
1182
900
875
1955
1172
678
703
639
2985
894
2316
617
652
1957
678
2615
652
614
1040
647
2345
622
2815
694
596
2177
