4433
4790
4945
4635
4688
4147
4020
7134
6408
4446
1933
1497
1226
1077
804
1817
1906
1651
3298
2460
2485
1583
1805
1409
1456
1550
3095
2367
1308
892
957
930
938
999
897
869
961
954
994
1128
1077
3003
894
860
1163
916
937
956
1163
745
635
617
662
697
665
669
668
773
1024
1003
1102
686
1838
1404
2100
2096
1192
1839
1521
1167
1009
1097
1184
1293
1550
3079
2521
2742
1884
1347
1245
1259
1099
1248
2167
1633
1595
2512
1289
1037
990
1187
1204
1118
1168
1125
1422
1585
1260
1302
1364
1053
1170
1378
1040
948
1445
3773
6544
2034
965
1128
1101
967
1219
971
2463
1756
1695
4681
889
834
5428
2023
1630
1479
1922
1680
1447
1108
2504
1743
1454
1983
2667
1311
1054
1078
1064
1101
1087
1006
944
971
1137
1111
1002
911
1129
946
1084
1081
953
1163
1453
1363
1420
1403
1330
1229
1234
1251
1224
1310
1251
1020
1219
1600
1300
1193
1118
1152
1190
1124
1224
1255
1373
1195
1137
1206
1225
1168
1193
1117
1104
1092
1179
1537
1293
1143
999
969
1021
1192
2330
2536
1297
8765
4154
3787
2940
2812
2607
2311
6495
6540
1441
972
1988
1006
1164
1014
1178
904
916
1063
1180
1390
1517
1659
1827
2143
2181
1758
1705
1704
1898
2367
2359
2966
2373
1464
1459
1422
981
827
910
1038
1036
866
1060
921
1075
1375
1827
1409
1202
1465
1075
1146
1290
1418
1163
1065
1085
1122
1037
1046
1022
1280
1278
1213
1208
1439
6038
1107
1746
2488
4647
1806
1213
1353
2549
1190
1100
1144
1055
4720
2974
1871
1430
1666
1601
1162
1088
1209
1349
1456
1573
1698
1416
1171
805
1107
1357
1295
1558
1784
1475
1238
1193
1117
1140
1400
1070
1123
1225
1199
1391
1375
1000
1163
1092
1033
948
915
875
1041
934
902
1134
1149
1136
1051
1140
1010
1860
1188
1258
1245
1101
1533
1027
1194
920
1100
987
946
893
808
825
804
807
1475
1224
968
1117
990
946
919
870
931
1592
1213
1177
1223
1111
1215
1170
1415
1455
1179
1031
1234
961
935
1423
2051
1313
1191
1234
1694
2836
1944
1740
1220
1673
1574
1265
1040
999
1151
1211
1253
1424
1576
1591
3184
3146
3023
1030
982
1156
1416
1706
2250
2557
2953
2933
2576
2731
2580
2548
2626
2640
2476
2310
1849
1434
1175
1264
1538
987
1047
1098
1266
843
845
735
816
762
1045
757
725
1020
941
595
631
584
617
594
591
639
520
709
617
602
750
819
659
640
593
604
804
594
516
601
1067
1369
995
1056
1337
1662
1965
2229
2468
2865
3123
3397
3625
3566
3707
3926
3463
3720
3747
3972
4206
4456
4737
3958
3491
3400
3695
3974
4309
4507
4761
4967
4481
4498
4764
5042
5333
5250
5537
5060
5320
5694
5964
6217
5663
5424
4935
5125
5341
5547
5764
6050
6280
6421
6311
6548
6624
6878
6460
6663
7076
7401
7749
7330
7356
6902
6671
6302
6323
6530
6124
6357
5042
5136
4516
4607
4771
3548
3679
2129
2005
1984
2132
2184
1926
1544
976
800
923
1145
1438
1438
2556
946
1068
1349
1024
2497
1085
710
1015
899
843
935
1111
977
1131
784
893
2321
1002
1454
990
1190
1004
997
2138
1015
1825
993
1013
1282
996
2792
1132
797
722
738
740
701
1017
1237
999
788
697
722
729
685
788
717
781
1036
975
921
1052
1622
906
2016
972
1227
1397
1024
1407
961
1223
801
878
2579
1009
900
885
892
806
860
835
1305
826
920
908
925
1069
1139
1143
1316
1611
1767
1846
1593
1744
1794
1711
1613
1393
1322
1252
1249
1870
1069
1541
1810
1065
1117
957
1188
970
974
768
882
1805
1176
1969
890
895
1025
1235
2548
1765
1067
1073
981
1047
1361
1691
982
1210
1568
1013
2380
995
1263
1422
1721
3082
1056
1449
1095
1182
838
760
1931
1011
989
1064
1279
1541
1869
1878
1371
2088
1242
1292
3319
1021
1013
1000
1028
1110
1086
967
952
1000
1069
1318
1068
933
1092
958
872
1239
1233
988
616
2473
543
528
1795
800
2022
1014
1684
800
1150
1283
1111
1128
874
898
938
682
779
711
1351
797
734
674
627
1659
936
1175
874
1088
2241
944
1533
930
1255
1605
846
2199
983
1273
943
1061
2083
801
1303
923
1263
1586
971
2642
1207
872
745
780
1825
1175
1517
1298
1567
1909
1817
5380
5680
5082
4058
2349
2071
2244
2379
3022
3728
4068
4050
2800
2318
2283
2427
2642
2758
2967
3115
3293
3437
3653
3857
3857
3623
3500
3349
3191
3181
2309
2371
2043
2502
2944
874
1028
888
814
839
871
959
1111
1144
1121
831
944
664
1495
647
688
1087
1454
1267
1084
674
717
643
612
577
703
594
565
608
566
811
601
841
605
568
600
589
1103
1227
1257
653
679
790
598
1645
806
685
733
648
778
716
709
706
746
667
787
745
698
737
1027
1228
788
686
638
633
696
1340
891
883
915
884
1295
856
960
905
1128
887
793
962
898
837
825
742
797
755
788
738
735
891
621
660
630
622
637
609
621
598
2004
843
831
773
751
736
810
856
748
936
841
729
862
947
952
884
1120
911
881
1046
1283
2163
859
965
713
758
1276
683
671
744
745
734
732
891
753
944
939
1056
1659
882
953
1109
1308
1430
1604
1720
1496
1342
1222
1156
931
668
1361
779
709
838
714
748
719
756
745
746
720
798
722
741
767
719
1599
763
710
772
716
723
717
726
697
1057
670
695
657
586
646
636
640
631
1015
762
1177
828
1012
1059
1270
1609
1607
1665
1132
1330
2255
