4264
3220
8575
8611
2619
1878
3657
1873
4155
2057
1886
2322
2063
2049
2053
745
669
677
716
1368
1929
2579
5720
2662
2405
3798
719
699
633
851
2092
662
619
604
599
592
542
576
1269
933
2012
605
1975
698
624
619
631
665
669
715
788
824
870
911
952
965
1000
1085
1148
1168
1189
1212
1235
1224
1263
1443
1524
1592
1550
1637
1664
1696
1675
1761
1814
1884
2002
1987
2014
2034
2045
2049
2062
2085
2125
2157
2170
2213
2230
2269
2276
2277
2320
2371
2405
2461
2461
2478
2397
2392
2439
2520
2561
2634
2652
2679
2717
2775
2797
2837
2890
2961
3001
2996
3024
3065
3116
3180
3227
3257
3230
3240
3244
3239
3270
3258
3327
3398
3419
3470
3509
3512
3531
3532
3580
3623
3628
3650
3665
3668
3647
3654
3679
3717
3750
3780
3833
3907
3970
3968
4033
4111
4140
4198
4201
4231
4287
4361
4434
4487
4523
4564
4615
4670
4721
4763
4787
4829
4873
4889
4935
4962
5032
5073
5121
5195
5241
5290
5338
5406
5393
5428
5479
5526
5583
5591
5645
5699
5734
5777
5821
5844
5891
5934
5969
6008
6067
6111
6160
6232
6268
6310
6339
6390
6439
6477
6487
6535
6588
6591
6599
6617
6616
6652
6677
6684
6711
6736
6713
6244
6298
6039
6090
5794
5762
5782
5510
5548
5119
5097
5059
5059
5054
4639
4634
4648
4691
4693
4235
4264
3975
3989
3809
3827
3819
3572
3553
3254
3294
3038
3080
3104
2859
2894
2438
2433
2474
2470
2477
2004
1974
1955
1963
1970
1461
1494
1223
1193
1041
1040
1068
795
994
568
616
636
683
999
594
610
687
706
844
597
962
613
668
566
573
765
606
819
597
686
555
617
760
606
973
612
661
695
716
1033
600
623
594
619
796
591
849
617
671
561
599
892
574
595
557
624
986
569
791
550
587
562
592
775
571
851
586
600
542
597
816
566
929
570
621
637
592
986
574
605
633
697
957
596
801
562
598
583
572
991
578
786
572
604
548
580
772
566
945
586
665
701
738
958
546
600
617
668
977
612
787
569
597
557
573
789
577
859
597
631
557
602
787
624
934
614
625
663
662
960
606
636
686
693
1040
538
745
557
587
543
569
765
567
939
564
564
596
555
804
579
608
589
666
979
578
794
570
606
557
586
799
567
973
583
633
665
682
1028
565
584
596
640
804
588
916
560
571
545
580
806
589
826
597
632
584
622
797
604
956
588
661
735
692
989
603
598
609
636
906
623
808
600
625
600
639
975
597
779
598
631
561
585
795
587
1159
574
629
536
600
784
600
803
596
633
538
606
809
588
1028
590
612
662
710
1027
576
650
590
642
958
581
815
615
657
588
609
969
592
834
598
606
560
603
911
620
672
553
549
882
560
590
654
736
1110
602
917
619
653
721
586
822
578
611
557
591
989
619
624
566
591
967
599
599
570
592
955
606
633
547
546
909
574
603
643
701
1168
628
623
540
634
897
592
892
596
585
721
645
1031
602
636
651
568
864
630
681
548
589
932
613
620
585
595
782
603
968
593
655
741
589
823
583
602
538
582
934
600
605
649
678
1017
604
835
624
650
544
609
810
608
991
602
623
682
697
994
624
604
578
612
862
585
1015
584
576
673
598
934
600
591
597
586
927
595
559
584
597
814
569
953
570
572
654
564
772
597
659
567
615
806
600
893
601
654
806
590
808
601
642
574
607
917
576
586
626
658
957
588
1016
602
600
599
631
852
616
634
540
572
821
583
964
583
588
599
575
872
576
607
549
607
852
606
945
590
599
598
607
921
598
637
590
607
819
583
1024
594
601
608
583
812
612
653
561
588
763
572
996
608
628
720
619
801
593
613
539
580
917
581
594
578
634
908
608
797
603
627
509
601
812
613
985
586
615
668
686
955
633
676
693
780
1011
598
820
607
622
526
601
925
576
617
647
671
958
595
911
620
633
681
701
1025
609
647
697
734
944
624
959
612
609
620
640
924
555
596
518
629
824
604
1049
595
606
623
615
873
597
655
707
760
1000
618
763
604
641
546
577
911
611
668
700
752
884
600
1037
586
652
589
585
772
591
944
609
647
697
727
988
545
609
670
699
1021
570
946
1142
904
883
901
920
896
941
611
654
680
593
791
631
664
860
902
933
711
961
588
606
619
632
905
615
611
566
623
1000
604
624
680
686
930
977
1247
630
1310
864
797
803
775
776
739
758
760
745
756
725
729
744
720
770
719
767
760
742
726
767
739
734
5377
628
617
1156
1131
1769
576
1136
598
679
573
1119
543
5432
732
2032
636
635
571
579
613
563
601
1203
624
2727
921
2035
671
1883
597
605
618
548
615
1201
623
648
646
640
715
760
793
813
927
978
876
924
993
942
949
1034
1062
1111
1171
1263
1287
1249
1269
1338
1391
1474
1508
1553
1382
1424
1440
1443
1475
1512
1545
1573
1574
1620
1652
1674
1705
1719
1806
1876
1940
1971
1976
2005
2038
2070
2130
2184
2246
2316
2387
2426
2453
2497
2589
2650
2727
2805
2849
2908
2992
3055
3095
3137
3195
3283
