2969
2960
13330
10706
6779
6516
6000
5326
4757
3646
3676
3662
3581
3562
3474
3302
3226
6753
5116
5003
5021
5127
6178
6240
6281
6326
6354
6743
6808
7077
7176
7323
7077
7304
7376
7474
7663
12003
1362
1318
1412
907
937
922
988
920
737
871
881
736
858
871
871
890
869
893
1472
904
1011
927
930
907
891
917
910
917
764
711
663
1164
2457
1067
940
936
965
2067
2115
2023
1890
1872
1926
1878
1942
1973
2102
2085
2168
2154
2152
2084
2105
2114
2391
2453
2532
2566
2534
2547
2614
2611
2623
2714
2729
2718
2794
2825
3012
3038
3143
3137
3154
3146
3181
3177
3190
3175
3175
2767
2759
2737
2835
2179
2199
1107
1090
528
558
1464
577
1759
663
653
1695
613
1565
656
653
536
592
1483
596
1642
658
669
1593
565
1528
575
585
565
619
1034
595
647
595
626
913
604
1120
605
608
784
580
942
608
603
539
580
1013
583
625
571
579
1063
603
894
627
692
535
578
1053
592
618
568
601
1082
589
879
617
674
559
600
880
579
1103
609
663
712
668
1110
590
757
669
700
1066
599
1122
605
635
705
705
1159
613
652
564
597
1061
592
889
631
666
571
604
1386
1007
1008
595
673
736
637
1035
587
623
540
583
887
593
1065
608
616
758
603
987
608
647
534
597
869
607
1109
575
638
829
594
799
590
627
541
597
1035
624
652
531
600
925
587
1057
604
649
689
587
1078
620
686
587
594
1089
581
1054
626
651
670
601
1056
607
676
586
610
1050
574
1090
607
645
696
611
1164
605
666
634
690
1083
616
1072
642
689
731
631
1231
647
718
651
689
1097
605
894
635
647
551
644
879
639
1087
628
673
705
604
1081
618
644
511
581
950
618
1160
607
667
675
638
1128
611
653
519
604
942
610
1117
591
625
656
652
1081
603
632
550
604
927
599
1096
580
587
611
614
1117
619
677
675
713
1081
619
895
614
615
561
589
837
593
1107
593
637
641
676
1140
584
591
599
645
1079
613
955
607
642
579
614
1026
605
674
590
640
1122
610
1060
565
574
679
633
1094
575
605
508
570
925
622
1076
597
652
873
592
919
613
634
540
607
1030
656
703
586
588
1065
580
879
597
607
541
626
1070
583
629
542
557
1059
638
908
593
608
561
601
847
595
1066
603
647
656
597
1117
581
639
534
610
888
584
1129
586
602
728
617
935
601
623
543
597
1028
609
624
599
606
1083
591
1011
575
619
746
596
968
590
644
561
588
868
598
1061
609
630
749
579
995
614
646
684
568
1136
633
686
666
674
1045
589
1090
633
663
673
533
1088
608
655
560
575
1097
580
611
515
606
1073
597
632
559
578
1106
599
856
641
673
543
614
1029
610
643
544
622
955
611
1106
635
669
711
623
1120
596
627
533
598
940
566
1055
600
617
637
656
1085
605
647
590
601
1089
571
1060
583
657
675
610
1116
622
680
669
712
1098
640
835
594
629
514
604
1109
572
607
596
657
1152
613
864
601
653
502
576
1001
625
1065
606
640
816
604
889
632
677
545
605
1048
594
625
567
608
1160
604
926
601
613
523
604
1100
606
660
592
647
1107
597
893
607
646
541
603
1066
616
638
515
583
932
620
1140
587
593
718
564
869
633
642
509
587
1076
576
605
536
598
973
588
1044
573
571
657
614
1107
592
623
554
570
829
592
1168
618
611
747
621
905
622
675
558
591
925
613
1056
591
573
735
594
827
589
633
513
598
879
596
1141
615
615
634
584
920
639
1093
598
603
648
664
989
638
1100
605
620
621
663
1180
585
616
631
633
1109
571
851
585
596
520
600
994
634
919
607
653
580
632
1113
614
866
622
633
564
604
875
590
1021
625
659
673
553
1072
603
641
552
576
1103
624
888
597
650
958
939
928
642
1037
592
599
546
603
890
619
1146
615
661
705
679
970
611
1100
608
628
632
543
1129
610
624
639
640
1104
588
865
583
633
523
617
1154
576
877
590
628
527
593
916
576
1079
618
697
748
591
1090
584
593
579
618
1098
599
866
584
588
555
588
890
603
1018
567
2983
1332
1404
2504
2400
2718
2724
2411
2421
1126
1649
1651
1661
845
1265
1282
892
916
669
864
736
698
719
737
757
704
717
715
733
816
744
729
741
767
753
804
752
803
751
821
1284
659
664
708
732
740
1262
615
642
665
695
727
801
959
765
979
1011
1002
1048
1144
1168
1197
1223
1239
1267
1290
1323
1374
1402
1476
1534
1641
1694
1763
1820
1890
1946
1985
2020
2034
2051
2069
2107
2133
2146
2224
2289
2187
2216
2220
2276
2221
2228
2308
2321
2351
2358
2390
2399
2408
2460
2515
2591
1862
1920
1955
1644
1745
1286
1298
753
796
830
794
1151
570
615
533
548
1124
591
878
555
582
557
571
880
565
1067
594
639
665
614
1093
603
636
600
668
1158
594
845
599
642
542
614
1005
615
952
623
611
558
600
837
577
1143
556
610
631
662
1103
577
598
579
629
971
583
1103
602
643
605
619
1086
607
885
591
588
503
580
945
558
1119
606
625
671
