6360
6424
6496
6576
6850
6936
6945
6967
6992
7697
1755
1267
2030
2018
1962
1950
2169
6374
3318
3215
3250
3294
3373
2821
2799
2872
2863
2880
2947
2919
2932
2965
3010
3056
3214
3274
3476
3510
3634
3732
6098
1783
572
1082
1313
3510
3138
1679
756
715
666
675
639
583
609
616
623
662
756
789
856
903
999
1004
760
650
1390
617
692
736
803
878
932
1009
1055
1082
1120
1122
1205
1360
1434
1490
1488
1513
1529
1576
1645
1716
1734
1838
1850
1887
1920
1955
2002
2105
2147
2221
2216
2272
1742
1752
1803
1843
1926
1970
1938
1990
2042
2105
2211
2251
2307
2345
2229
2260
2348
2375
2442
2464
2436
2442
2479
2512
2585
2643
2708
2768
2794
2810
2831
2861
2888
2924
2968
2999
3011
3044
3072
3103
3133
3187
3232
3245
3276
3307
3364
3375
3424
3457
3529
3584
3651
3678
3687
3720
3768
3825
3900
3928
3953
4030
4079
4098
4121
4177
4140
4214
4268
4311
3907
3086
2714
2237
1934
1631
1355
1121
842
767
818
879
967
1036
1116
1155
1189
1237
1283
1324
1404
1456
1525
1582
1649
1658
1702
1727
1762
1877
1948
2015
2071
2105
2114
2118
2187
2236
2300
2401
2474
2528
2545
2580
2643
2711
2785
2855
2892
2899
2924
2982
3022
3082
3169
3246
3342
3374
3431
3452
3519
3545
3609
3682
3740
3746
3799
3832
3872
3911
3963
4029
4085
4147
4200
4247
4236
4259
4284
4310
4296
4326
4381
4258
4277
4317
4337
4378
3910
3920
3518
3556
3584
3511
3499
3043
3061
3066
3095
3138
2704
2734
2432
2414
2239
2315
2328
1911
1920
1877
1863
1866
1405
1428
1172
1167
1033
1050
1104
704
800
670
687
996
595
917
618
658
697
722
1011
617
645
537
585
868
575
1069
617
699
719
567
916
561
607
670
682
1032
593
606
550
610
845
616
1037
590
630
719
643
840
596
611
531
579
937
596
635
583
628
1052
590
880
599
607
583
578
884
546
595
589
605
1005
609
771
581
581
530
551
806
555
1070
573
597
610
562
808
573
613
521
552
810
591
1046
588
595
613
655
980
585
642
661
719
993
584
969
606
666
711
701
1042
634
589
634
678
950
567
758
564
585
549
582
971
574
617
611
614
980
593
783
551
612
504
580
846
601
995
767
891
601
613
669
653
682
538
589
798
615
1032
627
684
698
749
952
615
652
506
600
882
588
1009
580
535
676
625
851
601
647
516
587
832
606
1080
616
648
656
568
854
601
650
523
601
964
606
673
483
562
919
589
1191
571
572
658
606
902
585
693
702
652
1037
610
643
599
615
855
614
931
567
598
776
603
949
599
611
634
684
1051
572
598
575
586
886
590
981
586
587
632
550
848
604
616
557
603
961
611
583
592
590
904
594
979
599
604
690
589
948
556
569
594
588
982
602
616
514
555
833
581
998
606
643
690
655
1036
616
657
543
597
837
600
1057
588
602
727
610
840
603
591
527
575
988
589
603
598
605
979
604
822
599
613
555
598
797
571
1026
580
576
645
577
858
588
583
558
591
961
609
628
619
649
830
570
1025
627
634
660
682
1004
584
834
623
655
558
604
823
632
987
583
611
613
661
848
607
998
596
634
673
694
1018
576
641
650
697
1016
606
827
613
632
517
591
949
663
959
588
646
681
690
1032
594
615
663
694
996
591
795
575
621
545
592
940
604
608
653
686
973
566
866
599
629
540
578
970
587
618
623
672
1056
616
847
608
621
542
608
829
606
1017
611
632
735
602
819
585
616
543
593
841
629
862
649
668
519
532
797
605
1133
601
629
671
674
1003
615
645
657
711
886
588
1000
607
683
670
713
910
603
1021
610
607
616
657
962
589
835
591
602
578
626
822
642
1075
567
581
584
585
1002
575
636
665
706
870
603
1003
609
619
634
640
970
576
805
587
633
581
607
821
604
815
614
641
509
600
958
576
960
595
661
703
666
1082
625
654
676
726
972
572
843
589
645
577
602
1022
593
780
593
624
547
611
808
600
1013
581
639
717
703
1092
609
645
501
613
935
613
897
587
670
687
751
989
571
849
571
654
499
604
831
596
793
593
629
566
532
778
569
932
600
649
680
666
861
578
959
546
623
664
681
965
617
609
632
697
889
586
845
573
585
559
558
780
608
837
622
617
541
567
794
577
842
581
620
549
585
785
576
944
594
644
671
694
817
582
919
590
674
740
736
1013
567
616
697
763
4437
745
1489
1446
934
951
923
1025
946
853
866
896
864
830
867
864
886
664
871
742
774
755
727
741
710
737
7363
873
1381
782
750
731
743
762
786
882
1058
1068
987
1085
1776
918
649
649
652
664
681
728
778
828
856
856
917
978
984
1075
1165
1141
1132
1154
1193
1198
1281
1333
1171
1203
1204
1233
1300
1340
1387
1445
1505
1555
1573
1605
1648
1680
1713
1749
1743
1786
1839
1865
1940
2023
2122
2176
2232
2275
2271
2265
2299
2318
2346
2401
2440
2341
2339
2344
2370
2401
2421
2455
2521
2559
2538
2564
2608
2634
2646
2703
2732
2795
2803
2818
2877
2898
2949
2983
3003
3045
3108
3122
3171
3215
3258
