4043
3367
2649
1797
1372
1660
1561
1470
1496
1336
1130
1334
1339
1391
1413
1467
1499
1590
1667
1576
1575
1627
1695
1807
1622
1489
1234
1356
1425
1475
1471
1350
1324
1287
1572
1078
1105
1472
1070
1724
1457
1330
1386
1289
1470
1410
1074
1396
1524
1554
1570
1689
1777
1225
1098
1031
1037
1007
1058
1125
1157
1160
1170
1128
1162
1231
1266
1313
1354
1349
1400
1458
1439
1015
976
1011
845
1008
1229
1268
1311
1258
1293
1357
1474
1549
1546
1562
1534
1573
1624
1589
1422
1351
1301
1144
1115
1128
1162
1207
1253
1189
1239
1291
1295
1375
1447
1429
1276
1212
1196
949
878
1878
1738
1711
1819
1091
1249
2203
3182
4648
5753
6631
7325
7593
7408
7285
7291
7266
7274
7215
7156
6963
6440
5802
5220
4584
4237
4215
4260
4183
4162
4222
4101
3919
3562
3182
3112
3012
2945
2894
2823
2734
2671
2591
2601
2653
2673
2818
2297
1767
1671
1485
1428
1331
1463
974
962
932
937
925
911
1014
1245
1485
1475
1190
951
1012
997
1094
1212
1221
1163
1157
990
933
1325
1381
1446
1321
1594
1262
1004
1079
1061
1036
993
950
905
933
843
816
833
997
1233
1560
1140
1149
1313
1414
1229
1043
970
1572
2708
3378
3837
3385
2707
2093
1917
1715
1008
1052
1146
1530
1684
3807
1250
1337
1383
1433
1438
2225
3244
3467
3724
2963
2132
1756
1716
1424
1140
1151
1145
1177
1243
1429
1639
1594
1449
1142
1079
1006
987
1050
1920
1554
1578
1715
1816
2024
2293
3499
4757
5554
5573
5553
5595
5593
5575
5394
5300
5119
4360
3867
3262
2485
2318
1321
1221
1383
1222
1367
1429
1382
1388
1920
1680
1783
1235
1738
2939
3963
4919
5954
6801
6775
6697
6435
5834
5097
4292
3376
2499
2124
1996
1810
1577
1312
1195
1013
990
1474
1852
1658
1875
2574
3010
2695
2870
2932
2867
2949
2969
3022
2958
2890
2754
2163
1576
1625
1528
1691
1142
1118
1172
1190
1292
1319
1476
1455
1493
1735
1524
1653
1604
1166
1428
1596
1513
1523
1581
1682
1747
1735
1731
1571
1741
2273
2775
3221
4268
5079
5032
4948
4755
4579
4456
4380
3809
3306
2781
2057
1452
1354
958
1199
1096
1039
996
1002
1053
1198
1325
1229
1522
1405
1491
1433
1413
1181
1267
1387
1140
1071
1030
1044
1177
1193
1135
1049
1060
1159
1059
937
1310
1045
1026
1157
1270
1136
1177
1217
1135
1112
1284
1549
1740
1726
1426
1380
1386
1411
1303
1789
1305
865
952
928
971
965
976
910
906
962
1224
1536
1533
1490
1662
1404
1066
1018
1099
1017
1053
1013
1235
1021
1573
1663
1675
1669
1971
1944
3126
4594
5010
4964
4669
3620
3452
3392
3319
3360
3295
2965
2604
2248
1621
1336
1255
1385
1156
1111
1547
1948
1000
1063
980
963
1108
1252
1834
1723
1807
1598
1808
2208
3421
4477
5647
6765
6712
6484
6329
6080
5883
5703
5680
5421
5225
4988
4915
4685
4503
4283
4191
4135
3942
3685
3680
3742
3108
1987
1714
1612
1527
1402
1383
1193
1097
1129
987
1026
1202
1090
1188
1277
2661
3975
4909
4303
3953
3214
2961
2663
2436
2089
2002
2706
1045
3322
1110
1109
1215
1134
1978
2742
3605
4541
4481
4343
4149
3951
3497
2411
1622
1612
1523
1498
1184
1403
1490
1513
1457
1330
1347
1283
1339
1355
1371
1397
1401
1216
1172
1299
1624
1560
966
1131
1199
1133
1125
1185
1192
1188
1182
1219
1246
1285
1215
1322
1380
1433
1416
1477
1547
1605
1601
1692
1762
1820
1852
1831
1834
1766
1832
1828
1859
1895
7907
3315
2407
3035
3488
3604
3659
2572
1441
1202
1252
1162
1279
1346
1082
1018
1316
1172
1019
993
1115
1141
1101
1047
1085
1299
989
1121
1404
1428
1212
1316
1192
1044
1011
1024
966
1140
1222
1665
1952
1526
1383
1457
1373
1365
1702
1517
1183
1183
1184
1237
1166
1200
1174
1117
1137
1283
1325
1447
1314
1362
2489
1201
1384
1427
1363
2229
3327
4545
5525
6571
7654
8276
8342
8457
8548
8605
8483
8026
7576
6530
5724
5103
5048
5060
5067
4918
4876
4906
4918
4952
4893
4968
5003
5051
5167
5201
5109
4022
3859
3685
3428
2775
2198
1679
1290
1246
1370
1384
1584
2456
1202
1105
1263
1290
1206
1163
1152
1222
1330
1444
1520
1561
1430
1451
1549
1613
1372
1061
1350
1635
1691
1701
1676
1625
1517
1532
1517
1558
1459
1403
1406
1404
1286
1182
1163
1185
1238
1203
1177
1198
1223
1252
1271
1262
1266
1257
886
774
965
1154
1156
1155
1222
1212
1133
1155
1164
1227
1268
1268
1267
1272
1297
1341
1364
1401
1412
1442
1473
1429
1412
1383
1387
1385
1411
1431
1404
1388
1382
1418
1487
1308
1305
1327
1327
1369
1392
1360
1396
1426
1445
1486
1432
1241
1580
1709
1747
1683
1327
924
948
931
926
923
953
925
1112
1842
2668
3474
4421
5180
6023
6680
6679
6647
6461
6320
6170
6138
5996
5856
5689
5537
5375
5144
4699
4474
4322
4171
3946
3744
3504
3318
3117
2910
2743
2565
2395
2192
2013
1880
1687
1521
1348
1060
936
952
924
927
952
982
1019
1731
2566
3129
3009
2828
2749
2612
2409
2226
2018
1852
1664
1489
1490
2189
2923
3781
4690
5055
4925
4796
4679
4522
4397
4255
4087
3912
3737
3491
3329
3164
2977
2821
2602
2399
2261
2107
1955
1743
1571
1393
1242
1076
954
1100
872
930
896
908
1432
948
850
1759
2010
3244
2277
3814
2306
2451
1680
1695
1712
1777
1769
1754
1479
1302
1600
1940
2082
1630
1754
1651
2056
1748
1635
1241
1397
1234
1216
1551
1291
1088
1204
1118
1812
1760
1703
1689
1512
1717
1991
1762
1901
1733
1810
1666
1681
1762
1825
1677
1470
1297
1308
1321
1269
1190
1230
1136
2377
2085
2054
2271
1610
1633
1484
1483
1504
1935
3084
4198
