23041
22746
22612
22741
22878
23024
23152
23299
23377
23465
23477
23531
23637
23675
23759
23825
23873
24045
24168
24287
24401
24519
24676
24772
24846
24879
24998
25148
24958
25060
25287
25521
25446
25489
25193
25253
25324
25445
25511
25039
24961
24124
23418
22986
22732
22812
22874
22960
23060
23042
23092
23044
22980
22951
22850
22855
22693
22609
22054
22019
22001
22100
22195
22276
22320
22373
22543
22724
22885
23056
21660
21696
21829
21871
21489
20740
20253
19687
19166
18665
18174
18231
18295
18333
18365
18398
18511
18472
18522
18532
18523
18374
18438
18498
18546
18614
18675
18683
18709
18714
18748
18803
18918
18934
18868
18873
18896
18918
18922
18948
19010
19059
19115
19184
19242
19291
19333
19358
19376
19384
19497
19583
19642
19689
19762
19844
19940
20019
20051
20100
20130
20139
20116
20034
19859
19697
19631
19548
19595
19537
19585
19532
19707
19684
19803
19777
19749
19564
19492
19234
19139
18973
18785
18786
18245
18246
18207
14835
14322
13303
12497
11853
11351
10993
10661
10020
9606
9303
9361
9399
9394
9487
9611
9793
10056
10283
10531
10699
10832
10886
10933
10839
10844
10637
10538
10267
9843
10014
10224
10345
10503
10207
9752
9296
8948
8665
8373
8401
8499
8559
8789
8885
8998
9150
9311
9490
9588
9549
9682
9777
9897
9867
9916
10011
10034
10124
10214
10251
10336
9967
10124
9995
9632
9337
9032
8729
8383
8065
7785
7660
7818
7888
7973
8048
8145
8252
8317
8348
8460
8583
8705
8675
8719
8668
8679
8570
8551
8588
8041
8038
8095
8120
7736
7378
7004
6503
6199
5851
5788
5858
5913
6029
6097
6202
6229
6324
6515
6663
6798
6920
6981
7085
7240
7376
7498
7565
7700
7847
7904
7952
8058
8059
8126
8249
8326
8442
8587
8654
8733
8720
8821
8928
8914
8881
8700
8688
8790
8788
8827
8615
8625
8620
8665
8668
8323
8382
8194
8307
8390
8271
7921
7572
7130
6841
6929
7078
7100
7243
7353
7480
7629
7771
7894
8012
8126
8316
8451
8590
8657
8728
8806
8847
8893
8908
8949
8961
8755
8771
8763
8608
8596
8605
8563
8553
8441
8413
8357
8309
8320
8303
7819
7370
6878
6621
6363
5961
5878
5939
6038
6117
6223
6296
6370
6463
6546
6619
6692
6680
6759
6797
6705
6655
6583
6646
6704
6651
6619
6590
6476
6026
5948
5890
5846
3894
3813
3696
1508
1250
1331
1311
1249
1164
1178
1116
1154
1162
1245
1238
1272
1203
1096
1080
1161
1326
1416
1545
1626
1672
1806
1909
2006
1947
2067
2199
2258
2242
2259
2279
2012
1633
1239
887
888
991
1052
1126
1213
1321
1335
1359
1437
1512
1579
1727
1837
1939
2038
2185
2316
2472
2638
2791
2957
3129
3267
3430
3596
3763
3946
4115
4272
4393
4517
4587
4557
4683
4819
4999
5179
5286
5411
5562
5676
5824
5985
6180
6335
6510
6676
6811
6957
7087
7220
7368
7558
7721
7831
7922
8007
8132
8259
8423
8557
8654
8778
8872
9033
9181
9245
9317
9411
9519
9673
9826
9884
10013
10269
10414
10562
10660
10698
10802
10899
10966
11050
11152
11275
11361
11356
11423
11504
11468
11533
11536
11558
11602
11349
11430
11333
11424
11531
11403
11567
11014
10662
10244
9920
9651
9357
9282
9404
9550
9693
9803
9964
10070
10175
10329
10436
10516
10524
10636
10724
10825
10908
10985
11060
11186
11270
11396
11492
11529
11447
11353
11258
11233
11275
11334
11341
11373
11430
11536
11638
11737
11795
11851
11853
11935
12020
12047
12164
12339
12464
12535
12553
12542
12526
12510
12539
12577
12401
12335
11853
11844
11803
11611
11662
11473
11151
10801
10379
10024
9723
9411
9022
8804
8862
8976
9170
9316
9360
9457
9602
9745
9817
9775
9825
9903
10002
10109
10241
10322
10340
10435
10538
10584
10611
10561
10463
10431
10392
10291
10294
10401
10528
10641
10768
10923
10980
10649
10311
9965
9563
9219
9135
9208
9269
9403
9519
9654
9779
9900
9905
9917
9984
10025
10062
10095
10124
10190
10214
10277
10368
10513
10629
10700
10800
10946
11086
11217
11294
11406
11492
11653
11752
11837
11988
12119
12224
12305
12436
12512
12627
12704
12779
12741
12795
12853
12838
12796
12878
12575
12623
12520
12537
12610
12389
12446
12055
12154
11930
11611
11282
10986
10686
10433
10137
9860
9540
9374
9512
9682
9821
9899
9993
10097
10235
10332
10435
10559
10747
10850
10909
10998
11066
11214
11330
11459
11533
11609
11731
11868
11714
11840
11933
12062
12171
12259
12358
12492
12625
12677
12677
12705
12736
12800
12894
12998
13066
13130
13209
13249
13320
13388
12991
13107
13223
13345
13432
12956
12638
12342
12011
11599
11153
10615
10609
10689
10779
10894
11028
11162
11265
11360
11435
11437
11583
11692
11853
11915
12004
12115
12198
12303
12450
12513
12690
12818
12855
12911
12954
13131
13201
13302
13452
13598
13737
13781
13919
14007
14093
14253
14356
14166
14139
14254
14403
14528
14239
14323
14014
14105
14199
14282
14344
14065
14217
14285
14408
14579
14486
14641
14324
14486
14624
14699
14852
14579
14647
14635
14686
14792
14392
14369
14397
14364
14427
13816
13595
13531
13620
13793
13964
14061
13542
13565
13606
13684
13739
13548
13076
12603
12143
11811
11812
11844
11914
11934
11988
11960
11961
12042
11990
12077
12163
12184
12239
12313
12337
12404
12419
12464
12520
12578
12662
12719
12734
12812
12853
12944
13070
13214
13315
13369
13419
13518
13585
13657
13731
13703
13785
13832
13814
13891
13979
14046
14117
13912
14075
14207
14182
13751
13438
13136
12678
12413
12061
11710
11605
11715
11886
12023
12161
12262
12315
12414
12547
12715
12848
12907
13039
13214
13371
13476
13529
13582
13653
13847
13985
14069
14112
14219
14344
14446
14541
14624
14722
14851
14948
14993
15059
15131
15131
15165
15214
15105
15154
15189
15166
15305
15242
15417
15419
15547
15683
15431
15580
15728
15868
15735
15438
15157
14825
14554
14269
13992
14080
14187
14281
14415
14546
14660
14794
14918
15018
15109
15202
15323
15350
15314
15306
15259
15189
15134
15118
15104
15044
15017
14933
14869
14809
14725
14658
14984
1914
2179
2636
3166
3641
4174
4152
3891
3565
3429
2874
2112
1627
1490
1472
1423
