2395
2459
2055
1995
1955
1770
1418
1301
602
548
570
542
812
450
480
432
478
1014
520
1111
625
731
917
577
719
480
447
545
483
940
537
866
716
591
571
504
657
549
1121
486
463
472
500
980
501
699
744
532
572
709
976
673
555
485
490
659
532
883
623
782
757
504
475
504
484
529
476
882
483
713
499
515
486
610
1115
500
648
506
766
980
867
1166
572
453
515
541
1058
668
802
483
542
1864
1387
1866
1357
856
1000
1584
1261
953
1053
896
872
988
1169
1964
757
870
1008
1125
1302
1233
1426
1354
1222
1367
1250
1193
697
590
554
697
1090
742
960
986
792
657
717
677
698
723
539
579
1764
813
797
763
636
665
683
677
752
707
708
1005
1123
1066
730
804
1024
1199
1364
1596
1800
1952
2030
2145
2359
2587
2546
2480
1629
1489
1210
1164
1039
990
1037
513
905
671
599
787
610
1369
500
511
495
496
626
498
1101
793
618
471
485
689
549
470
553
471
692
473
1071
496
468
567
688
822
481
601
888
708
484
545
729
471
450
509
443
1311
571
498
521
499
1010
530
910
464
517
464
446
954
737
537
520
462
793
682
1531
562
468
459
479
1109
565
550
698
723
649
462
921
485
579
648
515
948
487
504
490
473
849
498
896
473
498
538
772
978
457
501
557
627
822
444
948
478
498
443
489
1043
487
512
477
474
1129
526
672
489
446
519
499
697
498
1109
746
747
932
1064
1185
1372
1405
1430
1580
1681
1651
1818
1890
1994
2102
2145
2228
2326
2405
2554
2611
2733
2786
2874
2924
3052
3148
3268
3353
3502
3597
3624
3786
3853
3909
3731
3619
3439
3302
3193
3075
2471
2345
2207
2050
1938
1466
1429
1352
1355
1279
740
653
787
696
751
798
1200
870
888
962
947
1066
1122
1243
1397
1506
1656
1404
1329
753
554
585
564
554
478
476
608
547
925
510
841
522
514
630
531
900
558
531
541
572
1121
549
449
530
786
587
516
978
575
565
520
539
1033
528
546
507
496
886
532
1070
487
515
616
820
1095
715
766
762
587
560
559
772
569
555
631
548
1063
755
614
831
641
913
521
949
545
550
522
537
1032
809
709
581
566
507
535
1100
773
756
550
501
733
526
1106
745
513
537
524
532
520
979
490
640
850
780
822
527
516
446
486
661
524
1271
892
915
954
707
536
499
1254
545
511
555
500
535
511
937
607
526
740
848
1573
547
706
557
506
534
505
973
793
837
1011
671
616
578
1578
576
463
753
470
642
757
1076
789
799
474
633
576
462
1181
618
712
575
582
1123
1237
775
621
696
528
622
1420
485
857
540
746
733
504
629
517
668
519
506
512
496
764
664
537
519
595
750
600
1288
518
540
529
426
500
519
759
503
637
499
520
487
559
673
492
795
494
548
513
517
632
505
507
484
522
500
651
826
518
497
522
508
513
509
664
547
499
511
492
504
523
1169
549
503
543
510
693
530
880
601
817
567
541
553
518
1042
506
574
521
450
919
533
468
557
507
1023
499
747
622
789
643
510
787
526
856
537
457
621
514
710
502
1102
524
450
555
617
819
509
1053
534
585
544
473
908
504
473
545
815
1288
883
1333
896
1120
849
981
1835
551
819
498
444
510
710
1157
855
1386
568
480
558
488
747
475
784
490
444
502
511
905
499
771
512
488
474
470
852
476
728
482
610
671
591
564
499
884
525
504
518
545
921
675
1681
740
683
756
689
676
649
656
648
655
628
615
541
507
664
535
540
509
889
644
879
1943
150685
1339
1935
1081
1305
1540
1232
1712
1166
1570
997
1287
1252
776
666
715
656
756
716
662
644
767
681
1118
1765
1304
2047
1382
1178
968
585
505
503
658
566
584
548
586
453
646
579
569
476
612
601
1560
1266
1228
1168
970
1009
1079
492
976
508
1026
487
663
480
639
601
575
514
638
490
544
767
2030
985
1016
949
1291
1413
865
990
1243
1389
1970
526
643
555
574
792
502
527
454
2276
1430
911
1144
889
1658
538
514
473
474
1028
573
481
500
453
691
866
1970
543
476
624
893
1644
1240
1022
1014
885
1890
505
490
447
459
610
548
1092
522
466
526
461
1324
598
447
564
541
877
1329
2485
1183
955
845
1071
1604
538
867
469
489
467
454
1075
532
470
475
451
751
463
1237
1443
1086
1453
1254
1640
575
515
488
479
1025
496
451
475
507
728
481
912
549
493
442
467
1008
463
472
472
1414
1215
1523
2728
585
492
458
467
467
502
434
486
479
640
464
1393
558
486
535
459
584
432
476
469
433
2205
1834
1118
1126
660
586
499
521
487
516
502
520
499
519
490
509
495
510
486
506
486
514
510
530
513
1393
1591
1128
1131
944
1076
1162
1354
1657
1878
1150
1898
485
494
472
464
905
498
454
529
460
1483
1450
1283
1009
1006
794
670
515
503
1215
463
486
442
472
675
466
530
474
476
751
539
1310
492
464
534
1336
2121
1161
944
1009
677
639
468
894
441
451
465
464
918
457
467
506
