4346
4508
4176
4158
4138
3392
3263
2989
2875
2477
1531
1390
1235
1055
928
801
928
556
506
438
485
972
491
640
480
489
669
481
595
817
1948
804
786
887
711
718
650
684
629
519
511
533
511
546
583
516
596
520
597
716
734
779
652
575
512
521
515
509
542
534
525
559
1013
664
593
568
544
539
548
1389
495
727
470
749
584
523
1139
549
518
478
693
1070
498
551
457
479
478
516
1671
1062
914
549
481
517
479
1162
774
578
523
557
1063
889
783
697
924
847
628
1187
500
522
495
472
1318
755
594
785
568
937
502
444
534
706
622
476
688
496
975
478
497
445
491
1181
486
474
475
728
1061
538
629
481
467
746
845
858
502
501
447
492
1195
738
527
530
473
468
500
931
519
447
486
541
892
462
1176
752
504
488
478
613
481
480
755
847
884
872
1268
777
581
1103
472
884
499
429
583
481
752
475
473
452
573
1054
503
857
467
532
484
505
1129
847
788
554
490
620
774
683
546
508
521
485
914
510
522
473
502
740
503
1152
676
510
495
462
596
511
484
497
481
1342
870
841
548
482
462
494
679
431
469
553
482
1030
790
901
1024
746
1242
816
986
1118
1368
1181
1049
775
1213
1191
875
970
635
641
775
972
968
1418
721
988
1146
781
655
841
840
804
640
600
740
619
683
770
809
1107
1082
1025
639
939
729
627
665
565
577
1084
835
696
750
849
734
906
794
722
661
793
1104
717
1055
921
847
1056
1337
1060
743
733
676
1370
960
830
763
743
898
1054
686
633
660
622
639
1244
1045
773
967
1078
865
640
975
681
977
673
713
639
699
692
850
747
739
686
716
653
673
844
883
1126
874
706
741
587
539
580
539
540
548
609
653
995
674
844
908
1051
893
994
1170
1255
1462
1477
1668
1827
1607
1811
673
693
731
565
512
545
545
535
545
707
721
814
1153
1092
1251
1040
1165
1241
1497
1562
1844
1950
1433
1973
2233
2422
1765
1013
1025
647
649
805
852
942
844
1010
931
834
1144
788
2115
907
1548
1277
1221
1262
834
1051
1219
1375
930
686
1411
776
839
969
865
994
1047
1123
1083
979
894
1193
1229
851
966
957
772
1858
898
909
813
596
995
1057
854
1229
840
783
858
777
989
917
888
1065
732
801
723
736
624
657
599
895
869
769
758
1030
1010
623
586
544
566
736
876
1813
802
792
878
998
1070
947
1733
909
928
862
824
867
1086
1979
702
593
711
540
2001
1196
1034
896
776
758
839
841
892
773
901
1158
2733
799
942
808
913
1715
1230
1228
1230
697
769
637
596
551
514
533
503
565
692
977
751
843
749
698
695
675
627
745
635
661
742
934
884
798
858
661
683
661
690
655
700
627
900
766
662
707
696
658
650
685
648
665
649
680
670
960
632
943
876
875
731
838
1016
1214
1376
1591
1932
2265
2491
2695
2742
2987
2764
2863
3109
3319
3460
3705
3820
4083
4260
4311
4412
4433
4315
4515
4601
4488
3023
2465
1893
1500
1358
1302
1398
1209
831
959
1038
1259
1530
1942
2221
2516
2396
2389
2633
1243
999
1071
560
2116
564
2059
1075
1056
1056
1251
1152
924
1751
1332
1290
1024
1498
910
1116
730
669
620
762
821
782
809
762
786
902
1023
781
835
673
837
1776
1015
1077
1074
963
861
792
881
793
746
845
1005
1127
1102
1098
1183
1248
1346
1513
1650
1493
1356
665
506
1078
985
1304
804
999
1110
1285
1529
1759
2010
1569
1552
1577
1832
2028
2285
2516
2402
2606
2591
2912
3097
3216
3532
3022
3054
2563
2388
2265
1627
1475
1138
1062
1058
1095
1251
798
555
499
432
519
473
710
448
524
514
488
735
486
1137
757
534
571
880
761
825
814
476
561
796
525
586
460
444
492
498
936
489
705
478
531
496
565
1141
518
856
707
527
487
471
835
867
683
679
755
1345
693
777
818
1005
702
495
769
505
837
481
457
869
685
522
509
1016
476
503
453
492
1455
1100
769
1221
965
627
627
1200
722
844
1077
1225
1356
1431
1301
617
525
496
476
589
490
507
568
509
964
692
920
842
885
538
496
497
516
459
893
484
485
455
470
990
546
1263
794
550
501
500
631
528
524
542
491
998
922
886
962
666
1148
540
811
546
451
663
493
1114
762
810
914
1087
1240
1259
1392
1532
1415
1337
853
788
700
727
1435
816
1098
763
711
838
1022
1152
1311
1461
1660
1834
1920
1642
1456
801
740
690
591
841
483
481
509
484
784
467
1308
593
500
559
742
1076
814
524
498
518
705
483
502
503
753
1004
494
635
530
468
466
461
915
498
919
486
478
752
639
931
476
511
700
897
630
479
777
760
572
545
486
725
445
1117
512
487
477
500
753
485
509
791
518
496
484
977
524
475
498
526
771
663
762
762
710
1095
535
588
486
530
511
466
980
488
498
755
852
996
1050
1039
524
484
1067
993
1044
781
887
1192
1135
850
666
1187
571
511
490
483
683
516
508
544
443
761
498
1205
787
628
702
626
1512
471
438
508
700
1177
848
874
537
490
