4984
5096
5179
5225
5295
8999
5424
1422
1385
1393
1431
4194
7040
7042
4348
921
2375
1523
6991
836
740
783
1324
1069
804
1135
925
994
932
983
921
876
920
1217
895
1452
1577
1460
890
2582
2693
2746
1825
5441
3850
823
743
686
688
685
737
656
680
693
718
738
724
732
753
749
791
782
810
843
861
856
862
960
1023
998
1067
1100
1127
1124
1195
1230
1214
1190
1183
1228
1276
1366
1339
1387
1419
1450
1470
1573
1604
1625
1656
1648
1668
1690
1710
1735
1810
1881
1944
2053
2121
2179
2234
2305
2340
2373
2436
2502
2556
2633
2702
2787
2834
2863
2887
2917
2939
3007
3108
3172
3196
3248
3301
3366
3397
3406
3417
3419
3392
3380
3422
3447
3455
3472
3513
3575
3604
3578
3571
3590
3621
3647
3745
3824
3870
3942
4001
4019
4019
4061
4110
4134
4170
4240
4273
4301
4354
4407
4441
4502
4550
4610
4651
4726
4441
4486
4553
4565
4590
4666
4727
4786
4826
4856
4879
4926
4977
5023
5078
5120
5158
5170
5187
5255
5301
5334
5369
5384
5386
5382
5418
5459
5504
5582
5655
5718
5756
5787
5862
5937
5999
6051
6084
6129
6205
6248
6283
6334
6370
6424
6250
6262
6285
6271
6283
6276
6292
6327
6344
6369
6061
6111
5704
5706
5700
5472
5469
5062
5080
5063
4984
4971
4511
4568
4590
4417
4409
4012
4000
4011
4001
3978
3598
3601
3530
3537
3544
3110
3079
2944
2965
2981
2604
2633
2624
2583
2618
2169
2165
1788
1818
1774
1680
1694
1269
1270
1291
1148
1156
787
807
832
732
934
599
655
721
691
1024
593
625
597
649
938
611
622
617
638
874
612
826
605
659
521
591
809
588
1032
588
632
690
559
840
599
634
556
608
925
599
625
662
698
971
612
929
594
618
680
696
993
596
634
659
692
925
560
972
587
621
711
575
862
579
596
549
576
935
594
647
610
672
1033
611
997
563
568
884
549
667
584
587
521
553
927
589
625
540
549
765
570
967
572
635
722
539
775
572
590
514
580
816
575
964
576
597
731
562
790
564
566
559
591
965
587
617
652
698
957
583
848
598
605
503
572
973
578
632
643
722
976
604
1028
602
649
682
706
948
622
673
647
715
1025
627
854
589
623
501
571
832
630
1015
617
636
644
592
794
576
647
551
572
774
601
996
634
630
703
619
913
598
627
667
680
973
609
638
506
555
845
597
940
588
591
640
569
799
591
637
544
648
863
616
1005
580
662
679
647
1002
602
609
602
630
854
618
827
590
614
543
598
960
608
625
675
686
934
598
850
596
650
539
579
807
590
1061
592
614
649
549
852
580
618
542
607
954
622
673
651
674
960
603
778
610
661
516
545
812
579
866
633
688
547
606
966
630
643
677
699
939
582
907
583
631
669
672
982
605
628
684
749
980
582
793
595
628
558
585
905
578
606
610
655
1002
598
939
564
559
668
605
769
552
548
546
591
980
593
598
605
603
885
586
997
599
597
645
570
789
595
653
565
604
807
605
962
562
563
1861
1371
1372
1033
1028
1332
1261
1047
1300
1267
1319
1367
1468
1532
1567
1629
1675
1703
1735
1794
1872
1970
2013
2073
2087
2154
2147
1966
2020
1760
1841
1816
1434
1479
1365
1452
1523
976
1023
656
690
786
783
1074
597
623
553
591
888
631
960
619
712
758
760
1071
595
673
493
556
940
594
651
601
647
1025
609
828
627
659
507
608
982
598
652
707
742
1031
605
842
601
613
558
599
903
591
585
593
671
934
602
783
604
631
573
595
1112
586
1131
758
894
919
886
1004
594
621
674
684
899
607
907
582
622
685
694
1010
567
611
491
570
848
584
963
589
646
676
617
864
595
631
515
573
1111
571
1074
582
577
590
578
799
585
573
543
557
985
610
645
503
545
800
605
1109
594
605
623
630
883
620
668
726
754
1025
583
894
590
586
623
649
912
560
606
526
563
810
609
1007
585
667
714
759
975
586
568
535
571
933
602
621
606
651
1021
625
827
601
625
540
613
941
594
657
650
676
1070
600
918
601
679
735
679
1105
576
582
551
580
778
577
1101
611
597
659
630
855
685
685
511
557
816
561
1040
568
606
671
691
978
591
642
534
612
837
533
995
587
594
620
633
1014
605
650
566
585
786
555
953
546
599
700
569
822
571
616
482
540
968
601
649
657
707
1032
614
803
576
645
510
591
995
589
602
671
719
990
580
814
578
601
540
584
6291
864
799
1273
1400
745
1271
811
1156
615
1147
1082
521
2190
1135
1092
1115
1106
1194
582
1094
557
1080
1127
1080
540
1049
1080
1076
1070
1094
1080
1080
4572
687
617
1836
627
1733
659
1948
614
610
603
1239
2042
631
592
615
7191
7245
5581
11425
1994
1870
1800
662
1753
4125
760
646
605
820
658
635
620
583
569
552
592
637
693
667
695
693
733
751
776
810
4181
638
654
708
744
759
805
2046
2485
3220
3221
3245
3321
3333
4232
2754
3727
3733
3752
3729
3725
3698
3707
3357
3380
3380
3359
3380
3392
3416
3444
3464
3498
3391
3319
3243
3178
3081
2985
3021
3019
3027
3041
3009
3021
3013
2986
2978
2987
3026
3016
