7390
7435
7711
7736
7796
7838
7891
7906
7950
8016
12341
12361
10642
10338
10311
11757
4263
7749
1510
1244
1917
971
1046
1413
1434
1427
1332
2060
741
2001
601
597
604
567
631
590
622
633
626
672
674
684
730
759
1311
595
590
778
735
638
636
736
644
734
981
989
3188
2013
1769
805
875
667
872
1832
2959
3309
3263
2443
2487
609
2036
714
736
698
1069
2039
620
647
1983
1350
1330
1204
2063
765
540
605
673
936
960
985
1048
1046
1081
1085
1173
1249
1276
1304
1353
1386
1417
1479
1564
1657
1667
1685
1714
1722
1765
1772
1990
2069
2118
2151
2151
2196
2256
2357
2417
2515
2583
2645
2626
2689
2721
2797
2895
2933
2979
3035
3085
3134
3162
3195
3250
3285
3410
3451
3534
3568
3618
3650
3722
3789
3858
3910
3964
4009
4011
4078
4148
4204
4239
4262
4270
4285
4332
4375
4398
4473
4535
4642
4710
4774
4771
4783
4802
4833
4840
4861
5028
4996
4971
4969
4962
4964
4989
4980
5042
5086
5103
5157
5127
5161
5205
5215
5285
5296
5353
5351
5414
5410
5433
5430
5449
5490
5485
5494
5506
5519
5582
5626
5671
5705
5735
5750
5715
5764
5828
5908
5976
5957
5974
5998
6000
6037
6053
6080
6093
6081
6099
6152
6182
6171
6196
6235
6234
6280
6327
6332
6419
6479
6511
6568
6732
6561
6584
6658
6153
6179
6003
6005
6021
5448
5456
4980
5008
4984
4972
5038
4492
4509
4264
4281
4310
3807
3755
3698
3720
3738
3219
3238
2722
2690
2706
2709
2676
2218
2185
2030
2050
2033
1689
1667
1188
1147
1163
1033
1063
605
604
635
644
1100
580
595
575
570
866
605
1032
578
573
731
737
1029
612
597
572
604
854
603
992
622
628
713
667
1137
658
697
537
615
814
626
1079
598
628
626
648
1027
605
581
555
597
882
619
1104
592
652
741
623
876
597
687
545
616
1073
635
852
603
621
716
729
821
588
1221
748
766
776
642
1215
590
657
638
711
1074
597
853
597
610
558
587
782
599
948
610
624
551
617
910
607
1058
812
613
609
695
996
579
590
562
669
1039
587
993
571
597
628
682
973
599
1021
580
793
789
848
1043
582
926
704
673
625
682
1059
610
794
586
620
541
617
822
613
949
652
673
569
603
858
611
1123
634
625
628
656
1039
649
644
642
676
890
612
1056
606
603
654
696
926
644
1033
639
636
673
690
850
681
1102
608
675
673
686
922
620
1317
943
984
1066
1073
1106
788
1011
614
662
643
674
970
595
911
615
673
656
711
866
620
1018
660
755
722
740
1141
604
844
610
615
529
581
830
598
1047
586
647
559
611
831
585
873
571
593
552
569
854
591
829
588
637
529
633
882
618
1054
601
679
736
727
947
595
958
585
611
594
535
913
598
600
601
646
1106
596
831
581
583
563
641
806
596
900
613
653
556
595
970
578
583
586
777
1168
713
780
591
608
550
611
808
578
999
564
590
624
785
1010
587
582
633
649
986
562
835
590
639
557
610
891
589
851
589
622
524
589
829
563
939
717
735
782
801
960
576
563
603
667
1071
585
837
609
664
564
662
1039
610
824
589
612
558
589
807
579
914
617
655
544
605
838
599
997
610
608
661
697
828
591
1041
629
645
665
667
1030
594
631
642
684
951
600
827
581
651
537
600
832
585
854
594
772
561
783
955
579
619
715
758
890
626
1000
587
646
604
644
1030
599
829
601
618
550
597
831
609
1040
610
609
623
643
956
615
683
665
720
912
590
953
602
665
630
672
873
593
1038
618
650
658
685
1027
594
943
596
635
713
612
950
600
621
643
685
1089
612
661
572
608
937
586
623
649
714
1046
601
903
612
642
736
582
871
609
643
540
607
1027
624
665
564
607
847
588
1027
607
646
678
584
916
616
679
492
562
987
616
689
544
615
802
640
1012
609
624
740
612
838
624
686
543
600
950
619
641
683
724
1013
599
815
593
620
559
575
911
578
586
614
665
998
553
941
593
561
584
683
992
624
664
698
742
1022
609
808
592
619
536
586
954
591
607
619
655
1063
623
926
579
573
622
684
1019
568
606
618
811
1019
597
858
617
646
539
588
960
579
591
627
654
1021
603
959
557
581
591
571
960
593
651
593
687
1080
581
828
591
611
528
577
958
601
797
822
858
1091
608
828
612
802
609
675
786
582
1077
633
791
818
845
1311
1315
1334
1196
1339
1357
802
1011
1912
752
770
732
751
745
744
736
731
720
741
740
765
774
745
733
756
738
724
766
741
736
755
721
799
776
708
749
725
768
762
835
1240
1485
1511
1867
903
1343
1308
962
874
612
685
702
755
750
764
779
802
824
906
964
985
1000
1042
1169
1171
1242
1335
1448
1476
1571
953
887
903
992
1022
1058
1119
1147
954
1032
948
989
955
961
834
876
936
903
920
954
793
865
926
1031
1074
1137
1184
1098
1159
1078
1110
1161
1184
1220
1260
1298
1366
1399
1420
1451
1531
1630
1651
1692
1741
1814
1883
1971
2000
2044
2032
2023
2059
2073
2187
2292
2354
2397
2401
2453
2473
2515
2520
2550
2563
2565
2555
2575
2610
2651
2724
2812
