6895
6967
6986
7032
7165
7230
15410
15451
15488
15505
14593
10292
10044
9978
9956
9963
9912
9921
9774
9964
752
767
1918
7061
723
720
710
791
752
769
7042
1111
954
1202
1132
770
618
628
660
690
638
689
724
806
824
872
965
1069
1141
1132
8926
1907
5253
2561
1243
1502
853
680
676
753
731
654
644
5139
5145
5096
5086
4242
4177
4141
4089
4080
4118
4137
4140
4168
4209
4292
4416
4410
4413
4415
4418
4423
4508
4515
4528
4546
4616
4692
4797
4865
4884
4867
4979
4965
4280
4271
4272
4299
4331
4468
4471
4554
4647
4705
4776
5040
5039
5061
5063
5059
5059
5045
5061
5129
5180
5179
5231
5266
5298
5315
5398
5470
5534
5602
5597
5636
5662
5708
5760
5846
5920
5958
5989
6024
6101
6173
6235
6295
6304
6313
6355
6402
6443
6523
6598
6655
6715
6756
6790
6824
6852
6935
7009
7076
7187
7225
7292
7342
7404
7441
7482
7550
7631
7699
7784
7830
7835
7857
7849
7925
7981
8018
8060
8088
8087
8132
8143
8186
8208
8260
8288
8102
8121
7749
7772
7586
7637
7675
7413
7390
6942
6933
6940
6953
7021
6657
6637
6671
6662
6660
6294
6328
5903
5940
5947
5976
6016
5682
5695
5265
5273
5319
5325
5305
4887
4901
4618
4618
4557
4569
4567
4101
4137
3866
3879
3721
3755
3773
3516
3527
3259
3296
3047
3112
3126
2907
2966
2536
2506
2512
2487
2545
2127
2153
2155
2172
2144
1837
1885
1476
1497
1488
1527
1553
1226
1257
847
899
953
967
1005
744
1052
645
704
674
708
918
608
1048
638
679
717
785
827
586
984
590
627
680
709
1436
612
599
618
637
639
671
830
611
989
618
645
698
743
1164
615
762
580
593
549
583
822
607
878
640
704
562
563
808
610
876
597
646
551
576
800
607
837
605
631
552
631
804
613
1024
609
634
666
700
872
612
996
588
612
684
609
792
595
685
549
619
1070
607
841
662
661
568
636
784
601
884
655
688
557
599
930
582
616
607
602
957
585
789
607
600
563
588
821
608
956
585
611
651
662
1027
621
665
653
692
997
564
841
603
691
539
602
902
605
884
635
637
548
622
806
601
1013
584
610
648
672
987
624
670
677
710
1010
619
846
633
659
663
696
1354
928
1000
771
813
590
673
827
596
1001
619
645
546
609
802
610
1059
610
641
689
709
811
604
1021
597
608
643
663
1019
605
619
640
663
949
612
857
564
592
542
611
813
614
924
620
648
560
604
957
635
633
657
710
874
636
1032
573
627
610
687
1053
593
836
608
631
546
585
818
646
1007
610
643
687
729
1091
623
660
690
737
917
610
1041
614
638
674
712
826
624
1029
606
641
672
701
1022
562
952
597
628
643
565
992
598
606
599
596
912
586
660
508
590
1014
573
602
663
685
962
611
925
612
645
671
565
860
614
651
543
605
927
625
661
537
566
830
593
983
606
622
657
572
859
608
678
505
565
1002
605
606
542
596
823
663
1061
604
644
732
622
811
613
663
539
602
943
628
645
710
737
977
597
796
577
609
567
575
901
576
583
592
603
912
572
964
598
592
621
627
954
601
603
650
726
1029
635
842
598
629
526
579
953
602
687
669
700
1048
627
935
611
603
631
678
988
607
626
661
691
954
583
829
605
614
535
587
931
603
618
665
687
994
612
953
590
625
636
660
1006
615
651
649
729
1021
625
826
612
642
566
606
925
657
595
671
722
890
608
751
603
679
566
607
793
568
1008
608
611
644
653
904
620
673
705
735
1005
566
990
789
643
634
646
686
585
682
685
730
1030
639
866
641
699
539
640
1118
611
1073
611
697
693
607
805
633
682
555
617
804
590
943
553
563
652
584
825
587
615
517
582
968
584
612
621
661
961
583
1092
591
598
500
585
984
574
586
640
694
1047
647
874
595
617
551
617
828
624
1017
606
654
678
590
877
610
627
551
615
798
628
1041
593
610
632
579
841
604
646
536
601
861
568
1015
595
598
622
600
886
594
648
557
583
797
628
1034
625
643
712
590
832
595
654
524
625
835
621
978
588
691
757
722
1032
601
660
531
602
799
598
998
597
668
1055
888
915
718
748
603
669
970
614
674
646
678
1004
590
847
598
635
543
602
973
604
619
635
675
987
611
964
627
690
2512
1389
1256
2512
1657
1546
1306
11231
648
595
571
573
620
652
671
712
775
804
6053
1213
890
668
615
684
633
618
598
605
571
725
762
718
729
744
751
936
932
787
819
850
886
1788
1838
1871
1906
1938
1930
1913
1942
1921
1965
1961
1985
2040
2201
2223
2242
2324
2333
2364
2376
2361
2349
2404
1218
2691
1754
1702
703
905
767
754
714
776
801
740
728
756
753
587
767
996
1165
966
2233
854
617
640
607
650
693
743
797
876
885
940
946
999
1047
1084
1107
1190
1265
1308
1365
1415
1458
1511
1568
1634
1708
1746
1839
1891
1914
1958
2024
2097
2180
2256
2338
2321
2361
2409
2458
2554
2624
2682
2726
2755
2801
2858
2905
2956
3064
3117
3143
3191
3218
3268
3332
3413
3494
3548
3566
3615
3632
3709
3765
3810
3840
3892
3966
4030
4108
4148
