2464
656
624
662
1285
1361
1324
888
1615
1994
2378
2035
1783
1590
1846
2432
890
1367
846
3169
4355
1211
1266
1046
844
832
826
805
799
798
852
963
929
993
1112
1171
1201
665
619
660
650
662
739
793
840
897
930
938
1019
1078
1127
1116
1193
1256
1332
1362
1193
1167
1200
1039
1015
976
1003
1052
1095
1135
987
1438
623
633
711
751
791
818
835
856
923
967
988
975
994
1009
1058
1066
1113
1129
1165
1168
1202
1259
1296
1321
1359
1401
1453
1340
1388
1393
1431
1448
1481
1531
1580
1647
1660
1739
1786
1837
1903
1948
2010
2076
2143
2106
2076
2086
2052
2137
2213
1682
1728
1290
1332
1382
1307
1375
848
898
938
1087
1145
763
949
597
645
696
692
1075
585
598
552
600
788
582
980
590
609
628
636
902
595
617
666
731
980
589
841
584
602
547
567
897
608
683
680
701
826
615
957
654
684
539
556
790
606
980
601
623
645
652
898
605
651
718
768
1051
610
954
618
691
723
690
874
603
975
650
652
659
593
834
609
630
565
614
808
605
936
591
608
636
693
1001
615
625
567
611
965
624
650
672
688
1029
602
942
624
642
665
702
905
600
682
664
703
1048
612
808
599
620
536
588
962
587
670
690
748
1036
634
842
594
638
517
605
833
628
1045
600
612
648
678
931
587
600
586
599
794
618
1076
588
608
648
702
923
621
670
558
576
782
570
926
579
626
637
670
977
592
627
672
700
990
618
794
588
662
553
565
900
594
668
654
674
974
604
786
618
674
572
583
784
587
987
570
589
616
626
880
608
623
509
600
810
591
993
585
609
676
689
967
618
636
669
688
1035
589
783
560
722
580
644
920
621
655
1633
2130
2882
2811
2833
2708
2619
1851
1593
1164
1010
1080
1158
1233
1298
1354
1382
1428
1490
1606
1689
1734
1768
1808
1672
1734
1552
1628
1640
1335
1379
982
1024
1102
1060
1178
631
660
536
570
794
594
983
576
685
722
704
1091
623
693
541
605
843
612
1055
582
620
718
619
871
602
627
546
605
811
623
1003
611
657
676
656
984
621
671
710
740
973
612
825
637
686
551
583
793
608
1042
609
610
622
628
874
575
609
539
560
814
604
950
613
686
736
663
1000
612
650
720
793
1019
592
827
625
667
595
625
803
622
872
605
652
577
635
927
616
675
663
718
953
612
839
622
669
561
585
963
607
624
650
705
847
638
1002
610
651
558
589
784
574
1001
613
622
689
568
792
595
625
534
587
814
570
844
615
686
669
711
1012
602
756
591
623
634
742
1023
590
777
576
631
627
680
967
583
803
584
669
592
647
956
586
863
564
637
546
592
961
595
824
602
656
556
569
785
569
1087
633
627
653
668
774
610
892
625
646
579
600
810
590
1006
620
650
727
774
832
620
852
596
659
510
602
883
583
1001
567
561
592
619
831
609
969
607
670
723
743
1044
605
676
698
758
884
631
879
616
951
604
632
717
691
888
603
946
622
665
707
726
983
598
612
614
662
796
599
947
597
626
585
619
826
564
861
596
610
595
636
815
613
831
617
684
571
593
798
619
818
580
630
548
625
834
598
803
631
673
531
586
803
607
888
611
626
565
625
845
611
891
609
637
563
567
783
672
869
580
615
561
583
811
576
936
620
640
558
610
882
594
969
604
637
695
738
984
588
613
609
652
823
636
963
605
648
694
706
979
593
811
582
601
555
588
906
582
928
586
596
594
634
916
577
632
652
661
824
582
931
595
606
619
630
826
593
952
586
612
668
673
965
615
806
601
609
631
646
871
619
1021
636
647
686
695
891
617
781
610
638
568
600
822
625
877
625
691
669
676
982
609
781
624
668
706
760
874
615
1003
622
619
530
599
822
596
864
613
640
562
599
1087
580
826
616
637
540
575
806
615
870
627
692
530
607
884
597
834
620
654
677
718
965
617
788
606
669
651
747
1006
623
800
606
688
653
714
909
594
1000
578
607
615
606
906
609
776
587
615
548
557
801
632
824
648
707
647
670
979
618
909
586
602
666
682
911
575
633
557
604
776
633
963
636
638
678
689
923
602
623
591
591
812
617
941
611
691
761
719
972
616
652
729
619
631
5394
1303
874
2462
1241
1756
1691
2182
20330
669
7337
1827
641
593
572
579
1126
1330
1070
948
595
626
579
612
4141
1411
5215
722
650
590
628
2113
764
652
658
613
667
648
1545
1552
1560
1548
1580
1613
1619
1687
1689
1659
1795
1789
1866
1922
2004
2035
2059
2159
2188
2207
2290
2342
2391
2444
2525
2597
2472
2487
2515
2507
2540
2556
2612
2677
2781
2845
2942
3007
3099
3146
3240
3316
3389
3445
3489
3551
3586
3615
3638
3659
3686
3717
3730
3786
3841
3887
3945
4044
4134
4144
4158
4192
4213
4250
4273
4291
4334
4364
4409
4429
4432
4470
4529
4593
4596
4607
4647
4688
4756
4806
4843
4919
4962
4995
5035
5083
5126
5187
5222
5259
5313
5369
5452
5511
5581
5652
5671
