3471
4232
5512
2131
1106
970
1458
1415
1552
1897
957
1101
702
871
3245
2484
1336
1079
957
963
2299
1687
1207
1369
1285
2780
4633
1284
1814
1425
1417
2158
4540
3277
1563
2483
1514
1822
2244
2217
1690
1465
2195
1125
3449
1538
1271
1420
1550
1744
3870
1510
1099
1122
1793
1584
2563
1835
1172
1180
1483
1365
2395
1894
923
1196
1275
1542
1916
1202
1343
1371
1170
1385
1936
1129
1243
1237
1226
1577
1338
1551
1037
979
899
897
824
894
838
1934
914
1270
1162
1394
1263
1213
1278
1385
1420
9525
2740
1947
1520
1311
2131
1573
1659
2619
2011
3749
1557
2240
1786
2414
3561
2478
2123
20027
1901
1568
1546
2962
1461
1332
2341
1474
1383
1364
1179
1051
1117
987
1685
2839
1972
1337
1981
1402
2670
2484
2155
2897
2140
1539
3120
2794
1276
1070
1981
1879
1715
1633
1305
1817
2735
1613
1544
1843
1871
1581
2326
1397
1338
1951
3060
2868
1493
1406
1302
1519
5190
1521
1917
1678
1279
1170
3332
1768
1599
1359
2292
2966
1571
1427
1206
1069
1056
2345
1142
2885
1866
2211
1661
2414
1347
1419
1505
1472
1309
2088
1584
1354
1205
1802
2051
1040
1349
1076
1779
1269
1160
1427
1316
1451
1898
1827
1571
2193
1386
1141
1425
2669
1782
2092
1075
2349
1458
1758
1141
2526
2382
1925
1583
1260
1938
1555
6336
2334
1393
2361
1207
3055
1988
1221
1626
862
1427
1705
2434
2647
1447
1430
1491
1449
1452
1518
1077
1394
1224
1338
1827
1059
1292
2574
1108
1008
1705
933
820
1013
2250
1062
972
1091
1116
1672
1881
1469
1439
1078
1075
1060
956
1143
1135
973
1240
1465
1526
1190
1954
1051
973
1182
1194
1497
971
1707
1572
992
1406
1130
1133
2118
1409
1184
2179
1422
1230
2192
1234
1215
1011
1015
887
1077
1129
2080
2473
956
1505
1192
1907
1210
1246
1393
1083
1794
2519
1750
1729
1295
1291
1211
1111
1318
1169
1234
1451
1980
1308
1323
1545
1064
1050
1064
1891
1476
814
1042
1336
1447
1379
14513
1282
1375
1419
12421
2212
11429
1386
1362
2238
1176
2043
1460
3878
2412
1653
1670
1323
1024
1856
1466
1812
1214
1420
1387
2567
3371
1974
1666
1373
2468
1128
1056
1047
1023
1064
1099
1126
1153
1138
1226
1042
1411
1176
1151
1419
1455
1126
1382
1210
1197
1105
772
780
1690
803
744
1917
2274
1113
1056
1345
1800
817
888
944
848
843
809
869
2176
994
935
907
1068
1131
877
977
1083
1702
1305
1163
869
751
721
1048
1041
1317
1447
953
1782
1710
1514
1357
1402
1228
770
748
1041
2341
660
1265
1238
1138
892
903
1280
898
907
1364
1083
670
1536
898
849
874
867
891
1012
1305
953
899
938
1019
1048
1137
1123
2970
922
808
775
1142
1200
866
857
1029
1910
934
894
815
716
909
1061
802
1163
2334
1063
1024
916
1018
842
882
1036
925
1163
916
1113
962
1064
932
966
802
1696
1071
1026
1114
980
973
952
938
1147
1663
1064
2061
923
883
1006
1081
1005
1028
875
882
763
686
682
834
676
1333
1114
1782
1211
982
770
2857
1060
985
1981
789
1120
1466
991
1035
1074
959
1060
1300
1088
1111
1210
1205
1363
1871
1252
1028
1401
1161
1581
1080
960
1389
1623
970
817
800
2407
1273
665
1200
1002
1020
898
3029
704
878
2140
1100
1259
1192
1067
1153
968
1057
1480
991
936
776
860
862
879
908
1784
921
789
1412
1475
1803
1018
1374
961
1384
1549
1503
1250
2071
933
730
931
787
2595
1117
1223
1000
1031
831
768
2598
1350
1752
1658
1074
1061
1211
1547
1494
1431
818
888
1340
1843
1726
2423
802
766
784
970
1534
1474
1350
1528
1235
1336
1242
1621
3300
1138
1270
1302
1146
2022
3510
1385
1431
1440
2884
3194
1633
1296
1295
1090
1104
1169
1835
1492
989
972
1156
1102
3075
973
963
2943
1286
1824
1070
2747
1513
1317
3041
1261
1766
1159
1691
1185
1154
1348
1164
1274
1432
2253
903
2067
1758
2072
4347
3829
1595
1485
1193
1470
1073
1662
959
903
830
814
787
877
887
953
1015
1845
1052
1572
1393
1906
2377
1427
1232
1194
1272
1424
2872
2072
1757
1892
2957
1334
1483
1432
1546
1334
1919
992
828
1153
1549
1979
1799
1431
1226
3229
2390
1294
1515
1235
2552
2756
2626
1088
1510
1770
2544
2103
1240
1048
990
1028
988
895
992
2758
1060
1224
1465
1131
1048
1095
3136
1491
1569
958
1302
1729
1601
3933
1876
1734
2057
1201
1233
2997
1330
1195
1621
2377
1409
1656
2568
2128
1752
1013
1507
2004
2227
1643
1112
1644
1933
2395
1558
1542
1574
2160
1550
2949
1240
1268
1310
1609
2076
2942
1401
1374
1092
1038
2034
2364
1200
1238
1157
1091
1327
1633
1355
2049
1450
1409
1501
1633
6383
1485
1206
1445
1370
1523
1128
895
943
1402
925
1352
1271
1530
1196
1588
1908
2507
1238
2185
2022
1353
2207
2070
2568
1154
1361
1721
1318
1497
1623
1108
1199
1364
1273
958
840
1618
1393
961
1085
1047
936
1001
1755
1431
1414
1413
1423
1123
3030
1525
917
958
1154
1067
1400
760
2228
886
813
859
807
772
819
722
759
775
954
1189
2422
2576
793
752
2192
1642
1103
1236
937
720
743
967
2112
1108
1210
1333
1287
1181
3112
808
936
1073
1267
1169
1049
1819
1032
829
845
1537
2011
1060
984
1054
1093
1205
1390
995
1068
1689
1423
1741
1972
1787
1712
1721
1161
1241
1708
1230
916
1128
1433
1311
848
811
775
870
887
810
792
890
1139
940
920
925
876
1223
1213
1462
1938
1597
2486
811
811
1383
2027
2561
2267
1107
1234
1308
1176
2080
827
763
784
760
