2705
3092
1101
8187
1264
3144
4736
2317
920
933
1769
678
5083
4393
4218
3681
3173
2933
3295
4322
8285
652
863
3484
4433
1966
794
692
675
652
680
708
754
785
808
965
831
635
629
627
674
756
764
822
729
773
1087
620
709
738
758
796
883
933
1001
1299
1374
1374
1442
1478
1496
1345
1564
1590
1660
1665
1655
1677
1679
1714
1769
1794
1853
1901
2563
2610
2695
2759
2841
2839
2848
2928
2955
2958
3218
3288
3382
3455
3521
3649
3684
3654
3573
3555
3573
3617
3602
3662
3712
3774
3843
3843
3974
4009
4086
4108
4142
4145
4147
4148
4139
4185
4240
4273
4424
4489
4508
4561
4636
4662
4687
4724
4783
4856
4898
4979
5003
5030
5059
5116
5144
5143
5191
5221
5252
5285
5322
5331
5316
5324
5339
5392
5431
5481
5529
5557
5565
5615
5705
5786
5876
5946
5996
6049
6082
6088
6115
6127
6185
6230
6237
6258
6307
6383
6417
6453
6489
6547
6596
6585
6588
6668
6679
6730
6186
6134
6120
6132
6140
6158
6228
6227
6258
6328
6364
6359
6418
6493
6539
6559
6536
6490
6484
6486
6460
6483
6469
6493
6498
6515
6235
6267
6058
6016
6028
5738
5701
5256
5259
5251
5255
5219
4702
4733
4608
4642
4648
4186
4177
3740
3801
3817
3751
3769
3236
3268
2990
3040
3075
2698
2709
2270
2240
2235
2244
2256
1710
1710
1563
1578
1589
1244
1255
801
814
803
739
955
610
665
615
637
1086
603
799
577
621
563
661
866
596
995
612
665
786
599
879
609
634
578
621
1044
600
832
597
655
537
577
875
586
937
594
623
574
619
809
616
1059
596
647
673
641
1032
582
605
609
660
905
600
1019
572
591
625
641
878
581
952
587
641
575
612
1087
578
831
583
674
569
634
1049
599
884
601
660
517
619
871
601
1004
602
632
531
602
863
612
1036
596
659
719
637
1071
637
706
704
757
945
620
1058
575
593
677
740
980
595
991
602
686
660
727
977
603
1056
574
645
580
648
931
589
991
595
610
641
678
824
591
1011
584
638
594
614
1022
594
869
642
666
602
682
973
618
1091
640
651
679
689
986
621
878
601
618
550
599
854
596
896
640
678
542
596
867
615
917
590
632
543
600
866
608
881
608
637
556
633
845
607
1041
599
634
664
695
939
615
1009
601
657
820
577
851
569
596
579
609
1115
614
829
580
613
565
587
794
564
844
613
667
528
585
971
578
619
557
560
1026
572
885
616
664
522
593
848
611
1066
599
636
667
630
1088
606
627
580
584
1001
560
881
599
625
571
571
900
607
890
597
625
537
604
825
579
1080
549
566
595
610
1022
613
668
608
650
1074
566
834
609
643
606
621
1036
615
804
590
584
536
578
866
610
906
604
629
556
604
853
614
1031
611
656
743
767
1020
615
1007
580
636
667
645
1076
627
622
658
695
1008
588
862
565
591
554
635
879
619
881
573
585
582
586
968
591
594
597
625
881
635
1054
573
580
611
635
1033
571
815
594
605
552
588
864
599
1010
608
653
682
721
1112
578
598
595
669
900
590
985
612
622
651
688
891
604
1029
599
643
619
603
1027
590
950
661
671
732
569
962
615
652
668
678
1053
604
645
538
610
962
590
663
618
651
1060
620
956
617
661
771
612
939
612
642
517
598
1047
608
631
561
614
849
552
1016
589
626
713
578
858
613
659
525
576
1002
594
635
560
618
810
614
1017
581
662
802
597
809
580
653
569
599
986
582
591
594
601
966
599
857
576
600
584
589
957
579
630
596
638
1097
573
976
579
646
701
644
1118
592
609
602
660
1000
604
789
597
642
552
626
972
608
688
613
674
1116
600
998
616
667
686
639
1081
592
605
615
610
966
613
893
592
608
552
575
953
564
624
608
622
1038
615
989
592
622
623
641
1063
610
616
609
614
1038
607
851
577
623
569
584
962
596
626
658
707
1020
581
851
585
614
551
629
846
590
1041
635
650
698
705
1025
648
657
684
737
1115
587
949
589
615
641
680
1038
602
636
653
685
1007
632
879
597
638
546
607
1137
597
1134
644
661
749
624
858
622
665
562
615
834
629
1055
568
577
685
596
811
633
659
556
566
931
542
597
544
604
2634
1447
1877
1875
2990
2115
2134
2222
998
1289
1249
886
914
775
1048
736
741
756
778
617
593
613
636
694
751
826
980
1006
1087
1093
7272
7301
7375
7452
7522
7561
7581
7613
7634
7697
7752
7833
7893
7952
7486
6719
5868
5849
5832
5841
5848
5879
5894
5901
5927
5985
6077
6078
6125
5996
5982
6005
5995
5988
6009
6040
6047
6061
6109
6121
6132
6166
6147
6184
6210
6167
6202
5931
5930
5931
5652
5684
5200
5249
5259
5093
5142
4694
4712
4584
4569
4580
4151
4171
4071
4076
4093
3556
3536
3266
3281
3086
3060
3115
2669
2673
2612
2618
2668
2088
2130
1700
1715
1697
1634
1644
1139
1137
966
1033
1100
737
1027
574
595
766
581
814
582
630
509
565
1028
611
684
631
697
1075
622
1006
594
588
631
650
1115
594
595
519
579
1015
594
647
559
542
1028
580
1109
637
636
625
654
1008
575
628
513
599
961
583
1019
600
582
712
571
