2928
775
593
656
3486
7291
4053
4056
3931
3787
5784
5691
5572
5565
5452
5325
5232
5111
6868
6822
6813
6830
6821
6807
6806
6818
6774
6677
6571
6551
4812
1402
924
628
571
875
621
609
596
580
606
622
1455
1445
1482
1388
1434
1463
1494
1561
1598
1602
1584
1594
1606
1637
1655
1666
1672
1722
1753
1751
1759
1813
1772
1784
1822
1646
1318
1345
1218
1215
1226
1218
1080
1088
1111
1053
1045
1061
1081
1166
1212
1224
1280
1300
1353
1373
1446
864
746
783
767
791
867
919
955
948
1047
1099
1150
1182
1238
1259
1235
1329
1444
1453
1417
1455
1502
1554
1621
1736
1786
1841
1882
1906
1934
1943
2004
2053
1896
1954
1512
1570
1246
1234
1270
1118
1176
877
888
730
790
961
589
606
575
626
987
590
956
583
641
520
597
908
611
1475
1134
881
791
779
722
541
947
890
811
735
651
633
557
533
825
896
857
762
637
516
486
479
487
568
511
587
628
513
520
861
901
826
740
576
555
530
527
868
859
793
697
654
595
541
833
880
809
725
640
606
707
766
558
848
872
804
737
669
704
523
832
918
830
734
628
547
849
869
790
670
575
840
890
835
781
718
568
1078
872
798
709
634
524
527
529
535
858
906
828
774
701
657
569
509
494
490
658
534
849
858
789
698
577
510
471
841
868
826
781
531
834
1774
1879
1711
1005
896
931
957
810
791
837
639
1285
1234
1227
498
503
503
524
613
605
641
677
717
751
779
801
830
866
934
985
1051
1078
1104
1131
1171
1196
1227
1290
1112
1098
1133
1107
1295
1045
1218
1149
1281
1200
1236
1387
1069
1167
837
933
1040
998
1053
731
819
936
1026
1073
703
884
746
863
891
951
1003
668
785
571
570
590
596
844
580
600
594
628
883
559
598
614
646
1043
588
896
579
613
635
536
805
562
586
889
910
925
919
888
903
899
879
890
876
863
886
648
823
697
865
913
929
809
520
582
610
630
679
710
725
772
790
854
906
903
840
774
701
635
571
542
513
572
901
1287
1337
540
522
563
882
1258
1228
626
680
691
707
749
735
766
748
727
724
744
790
845
883
948
946
1005
1009
1052
1073
1127
1159
1209
1258
1284
1335
1389
1427
1446
1476
1534
1489
1404
1437
1363
1303
1248
1162
1046
966
875
805
732
668
628
507
839
1255
1246
872
863
849
881
901
919
901
915
676
815
836
912
806
849
844
699
740
695
541
545
559
572
575
560
553
678
870
556
580
594
613
643
689
729
786
805
850
868
809
742
649
703
600
539
464
860
1619
2771
2479
2454
2401
2371
905
888
907
907
928
905
905
922
675
689
595
637
702
744
840
907
980
1036
1093
1125
1173
1207
1285
1324
1386
1412
1501
1544
1583
1651
1874
1913
2042
2076
2119
2179
2235
2291
2328
2333
2376
2410
2429
2429
2499
2527
2560
2560
2607
2642
2681
2716
2751
2792
2822
2827
2858
2854
2930
2984
3001
3039
3073
3123
3125
3188
3214
3247
3276
3316
3331
3361
3391
3425
3464
3518
3560
3609
3661
3725
3759
3818
3879
3930
3959
4016
4062
4111
4193
4265
4275
4294
4323
4341
4344
4355
4366
4425
4448
4471
4493
4525
4541
4557
4593
4646
4632
4660
4700
4695
4600
4663
4665
4738
4758
4247
4271
4028
4048
3871
3870
3921
3541
3566
3501
3586
3647
3349
3387
2903
2936
2761
2748
2742
2542
2607
2162
2173
2193
2150
2202
1787
1840
1758
1792
1817
1326
1371
1033
1083
1146
1091
1153
819
995
608
659
715
619
850
609
643
522
621
852
604
975
608
630
669
716
1001
614
627
569
616
973
627
655
679
694
976
611
918
624
642
679
708
946
576
651
620
666
1056
600
868
582
600
565
571
884
599
649
675
693
1004
631
766
609
616
563
588
779
590
1028
603
618
628
646
888
607
667
543
566
788
610
956
609
633
673
705
961
601
650
536
572
844
593
983
586
625
633
664
907
590
584
619
693
968
623
798
622
659
578
582
925
585
649
651
678
1027
601
793
580
599
559
621
823
591
993
561
579
639
686
950
573
586
581
592
847
587
942
553
591
615
644
913
601
636
659
714
1062
585
779
562
572
563
574
901
580
598
641
696
816
584
1058
607
616
631
673
840
568
909
591
665
747
703
953
621
946
597
619
646
576
807
610
677
574
633
786
629
1010
618
625
643
648
976
605
628
566
580
800
578
950
586
602
639
680
954
608
678
529
565
798
579
1033
599
627
690
606
796
595
664
573
622
790
602
982
589
673
695
653
4344
1325
1355
1780
1017
1033
982
966
935
925
913
937
906
839
871
841
880
809
863
651
855
735
735
720
766
762
738
746
735
733
723
827
759
727
742
756
757
725
760
776
770
787
739
741
755
752
744
747
871
742
738
858
976
1330
1204
1536
1449
2994
1533
1960
1853
1842
663
633
616
612
599
604
636
591
615
640
711
752
797
833
835
809
880
913
891
904
942
963
991
1033
1110
1154
1170
1209
1277
1308
1271
1294
1307
1343
1398
1443
1499
1588
1668
1707
1736
1767
1813
1911
2018
2065
2163
2174
2182
2220
2189
2201
2203
2273
2335
2415
2486
2530
2530
2556
2594
