3689
3816
3695
3860
3683
3143
2653
2020
1826
1687
1835
1626
1432
1386
1179
1035
1070
1212
1317
1416
1589
1963
1928
1031
895
1123
1452
1324
1145
1524
1401
868
946
1101
1335
1446
1633
1852
1941
2112
2257
2243
2644
3102
5549
5620
5187
4751
3686
2691
1711
1564
1301
1183
1188
1064
826
1063
2336
1052
2159
1324
1265
1179
1095
949
960
1000
911
952
821
1056
955
1014
862
922
1016
1454
976
1015
1176
1402
1583
1800
1924
2206
2343
2268
2274
2486
2651
2749
2960
3151
3338
3530
3891
4007
4051
3594
3146
2973
2821
2911
2779
2416
2320
2125
2073
1970
1926
1713
1536
1561
1355
966
1199
1280
1165
1082
1350
1049
1154
985
1058
1244
1399
1565
1812
2026
2287
2379
2431
2559
2680
2813
2710
2409
1643
1213
1192
989
837
800
902
759
790
773
806
847
1004
1118
1274
1593
1202
953
1549
1125
1736
1068
1384
961
1103
2471
1194
1168
926
850
991
979
1082
1318
1471
1414
928
998
756
2447
1298
942
875
1066
2226
1101
1414
1444
1128
1137
1101
1103
1338
2552
896
727
983
697
2245
720
3070
1234
1151
1374
1577
2714
992
2464
752
740
1747
613
2792
1233
1300
1150
1384
1770
1530
1839
1994
1934
2178
2507
2865
2466
2458
2211
1916
1172
909
918
1013
1454
979
1088
1003
953
932
957
892
937
874
855
912
952
879
864
890
895
847
1158
1139
887
995
895
807
777
770
780
791
907
1208
1451
1766
2073
2331
2627
2927
3226
3663
3954
2923
2834
2560
1876
1983
677
634
870
657
2628
667
2270
734
683
934
931
2080
883
938
855
886
1053
972
814
849
759
769
789
752
780
792
798
812
837
851
999
870
796
771
828
782
769
797
895
1096
1059
1043
1005
1363
2856
994
1298
1029
1012
1086
1058
1387
1009
2332
972
1223
1427
1525
3019
798
751
868
1088
2257
993
1831
1117
954
970
1279
2701
1000
2025
956
1214
1493
1108
2563
1049
2462
2249
785
799
807
888
1170
934
812
757
784
791
773
859
2558
1812
1242
1273
1341
1282
1017
1162
1224
1265
1653
1053
1302
1015
1369
1581
1775
1921
1067
1419
1620
1577
1758
1243
1559
1264
1053
797
679
2840
1271
2347
682
657
823
694
2666
774
2439
687
676
1881
954
2673
926
771
838
721
2634
692
2338
658
587
842
659
2841
899
1840
1097
1007
1008
1215
1628
1146
1035
1283
1511
1882
2010
1975
892
1134
779
844
2265
994
1103
1121
945
1062
1150
1182
1330
1517
987
1247
1436
1312
1457
1476
1691
1840
2010
2304
1988
1953
1416
898
1552
1072
1841
1003
1326
2170
1020
1953
1019
1229
1591
1185
1992
1028
1332
971
1096
2596
1067
1021
993
1292
2289
1037
2405
1144
712
852
596
2973
670
634
2332
706
2193
654
628
913
637
2606
599
657
845
612
2730
658
700
834
675
1922
714
2503
694
657
2102
605
2725
669
680
832
707
2362
658
2595
634
666
1912
679
2591
612
631
849
1013
2231
643
2187
635
725
1949
643
2364
650
635
733
587
2463
617
607
782
603
2853
963
2426
808
683
847
786
816
986
1195
873
1078
1295
1426
1305
892
779
792
922
1067
822
1333
911
1121
1316
1396
1277
902
775
848
848
1331
904
1087
1193
1328
1495
840
876
833
880
1118
921
1048
1079
1347
1321
1407
1291
958
923
1014
1205
1553
1527
1741
1313
1423
1562
1661
1794
1922
2124
2299
2543
2823
3097
3341
3087
3361
3634
3979
4269
3694
3842
3950
4102
4284
3156
3462
3544
3537
3807
4082
4346
4015
4307
4514
4852
5068
4921
4909
4528
4641
4653
4290
4558
4380
4602
4762
4962
5153
5185
5440
6769
6386
6213
5228
4944
3757
3494
3351
3377
3562
2485
2355
2371
2360
2350
2144
2109
1912
1476
912
710
893
992
903
866
781
706
647
664
603
663
755
647
627
668
711
1193
1021
1835
1078
1341
1589
1294
2564
1008
1246
1072
1209
2360
978
948
1026
1211
1419
1422
1840
1673
1368
1461
1464
1232
1225
1788
970
958
916
932
1028
890
950
920
1088
1326
924
947
938
937
907
868
843
930
860
896
830
908
835
870
897
900
868
1109
1103
1033
1069
1147
1381
1684
1918
2068
2208
2565
2981
3276
3573
3854
4190
4442
4655
4785
5084
5369
5800
6121
6399
5899
6161
6364
6563
6724
6948
7229
6939
7223
7484
7852
8251
7988
8272
8132
8412
8764
8971
9242
8934
9125
8769
8920
9206
7903
8163
6335
6143
6084
4436
4296
2190
2152
2333
1466
2321
716
711
903
755
2131
1212
2406
1117
911
979
843
897
1198
995
920
987
934
952
863
1019
893
933
822
1280
1191
696
686
691
2658
822
1071
971
1130
888
1037
1165
1332
1596
1656
1850
1929
1627
1832
1446
1638
1834
1988
2201
2178
2360
2321
2520
2494
2341
2722
2132
2004
1951
1964
1951
1884
1928
2074
2315
2396
2339
2522
2094
2279
2591
2163
2282
1661
1190
1099
1403
1701
1246
2307
1046
1321
910
1033
2916
1075
1237
1282
1564
3586
1285
1976
1297
1061
1181
1380
2061
1181
1955
1544
948
1079
1158
1343
1262
1514
1676
1436
1213
1274
1309
1467
1588
1758
1488
1484
1342
1194
1210
1101
1171
1220
1239
1080
1312
1141
1213
1214
1190
1198
1172
1065
1028
1047
963
999
1003
1001
946
979
950
981
1052
998
1038
1082
1095
1303
1538
1866
2140
2471
2750
2932
3191
3328
3433
3629
3823
4047
4306
4459
5378
5763
5979
6214
6558
7238
7394
7033
7151
7103
6915
6788
6214
5415
5021
4815
4561
3384
3143
1838
1581
2676
1218
2441
1605
1311
1300
1138
1352
