5701
5763
5806
5861
5868
5897
5918
5981
5718
3815
3839
10071
10854
3726
2851
4472
1217
887
864
766
696
681
756
713
703
717
742
789
846
955
1018
1040
1083
1083
1091
1076
1122
972
947
974
979
980
1037
1023
988
975
966
820
887
966
999
991
978
1014
1073
1633
1472
1476
1430
1190
1162
1137
1145
2445
1415
1814
1231
1674
988
8639
688
670
1482
2130
663
776
685
620
611
560
594
592
625
656
647
670
723
768
842
949
979
809
895
918
984
1062
1088
1150
1226
1279
1325
1371
1410
1468
1568
1644
1674
1703
1698
1758
1804
1871
1986
2085
2153
2222
2290
2314
2380
2428
2519
2583
2671
2706
2676
2715
2772
2799
2877
2943
2978
3021
3064
3092
3145
3207
3293
3380
3433
3456
3514
3559
3657
3718
3752
3816
3896
3961
4047
4096
4150
4196
4256
4292
4318
4382
4438
4510
4540
4561
4577
4619
4636
4650
4686
4704
4751
4771
4785
4950
4985
5024
5032
5074
5104
5151
5200
5220
5219
5254
5261
5257
5248
5231
5246
5252
5283
5298
5322
5304
5318
5350
5363
5379
5436
5467
5511
5510
5570
5632
5648
5664
5710
5726
5747
5781
5789
5793
5810
5826
5857
5862
5871
5928
5981
6005
6032
6044
6054
6081
6103
6119
6164
6201
6218
6242
6273
6314
6313
6343
6375
6408
6467
6505
6548
6580
6640
6667
6725
6787
6834
6878
6919
6972
7017
7017
7044
7054
7058
7058
7006
7060
6741
6716
6421
6451
6508
6224
6233
5725
5743
5764
5767
5783
5282
5296
5258
5256
5284
4967
4981
4488
4491
4499
4511
4507
4081
4139
3885
3853
3805
3818
3786
3400
3395
3191
3219
2946
2999
3041
2735
2791
2326
2341
2377
2256
2303
1796
1827
1772
1827
1899
1575
1624
1136
1197
1143
1152
1196
638
843
603
595
623
654
995
572
802
578
635
593
676
1065
568
836
572
624
570
578
1001
589
802
580
613
550
621
823
594
994
631
628
619
666
1004
612
677
692
734
879
605
1130
591
620
647
699
822
614
1057
622
670
623
666
1020
609
834
615
636
592
625
990
608
912
561
628
643
681
1008
617
840
610
642
538
596
862
628
874
583
601
529
592
853
584
1042
594
616
641
662
937
592
606
641
648
906
596
1026
629
680
625
702
1102
601
806
603
598
535
601
870
610
993
611
670
687
710
972
635
989
608
646
714
722
885
601
1002
626
643
689
679
1046
608
612
644
684
971
606
833
603
638
561
603
827
612
848
616
652
553
596
793
586
968
583
639
675
678
892
593
1010
590
604
635
686
1024
589
615
685
684
898
598
932
596
668
680
731
896
577
980
618
648
640
681
994
588
835
611
652
552
615
818
593
926
584
623
577
645
827
658
895
630
656
502
593
884
593
866
622
674
504
584
895
606
1021
617
672
736
679
926
604
957
607
676
725
777
1004
621
677
625
658
897
600
974
596
656
664
708
1035
590
810
577
634
143034
621
747
558
559
555
547
777
554
553
539
543
768
557
946
544
535
615
540
920
565
582
603
621
1071
839
889
788
800
1092
770
1342
769
822
928
723
1004
767
810
683
705
996
726
1173
726
739
770
660
961
694
716
644
661
893
696
1149
624
652
668
585
820
595
624
505
563
889
614
2377
1678
1188
1411
2162
2512
2548
2551
2491
1580
1549
1570
1560
1589
1657
1681
1701
1709
1580
1484
1397
1296
1221
1114
1004
920
862
855
877
950
994
1064
1132
1150
1140
998
2046
2780
2821
2907
3427
3483
1781
1683
1670
1658
1628
1619
1604
1602
1635
1651
1645
1661
1665
1740
1783
1829
1876
1995
1229
1236
1291
1266
1278
1383
1385
1424
1499
1544
1608
1559
1655
1786
1842
1852
1860
1903
1918
1929
1937
1944
1975
2032
2104
2148
2219
2268
2312
2360
2052
2068
1877
1919
2011
1602
1665
1546
1556
1587
1133
1154
941
952
809
878
968
586
646
591
676
1050
570
935
582
644
674
645
989
538
571
506
565
858
597
1030
591
654
722
781
1120
581
599
612
654
961
581
925
558
602
649
682
1094
585
623
570
634
963
611
701
648
677
995
599
911
600
613
634
666
1008
606
657
521
556
1011
581
579
603
604
898
595
894
570
577
658
708
974
616
672
491
602
1183
603
757
617
632
563
612
812
592
1293
623
642
757
577
807
582
633
526
570
781
564
970
580
602
641
637
922
566
570
577
596
942
591
964
580
589
594
616
899
588
619
516
551
779
590
1071
595
583
692
618
822
601
628
534
606
938
578
640
567
613
956
586
803
618
623
540
598
928
603
616
566
583
794
576
982
590
597
643
562
901
582
593
647
676
981
588
662
631
700
1074
580
921
610
632
656
715
954
588
617
511
556
809
592
1022
578
593
655
578
1037
629
675
566
587
916
602
648
611
643
976
561
1022
610
600
649
671
930
579
660
532
588
808
596
967
571
637
692
547
867
628
654
509
580
974
580
625
602
629
798
589
942
578
607
587
606
871
594
605
527
532
922
578
621
590
608
634
643
651
664
708
741
734
757
794
837
907
954
1006
1017
1040
1064
1114
1193
1213
1261
1026
1076
1085
1009
1009
583
628
566
594
765
594
969
644
644
687
711
960
611
662
504
