3294
2878
3028
1468
1159
10255
7842
540
797
616
669
780
2896
4486
766
799
671
596
625
663
708
773
839
824
837
873
933
976
1036
1082
1108
1132
1143
1165
1216
1209
1209
1287
1347
1382
1469
640
655
721
715
1402
691
915
621
604
594
577
583
612
651
714
746
774
796
873
882
917
986
1067
1110
1237
1247
1170
741
771
812
822
833
830
873
832
923
990
1066
1092
1116
1109
1218
1312
1337
1352
1376
1427
1453
1511
1584
1662
1738
1823
1864
1909
1945
2002
2100
2189
2248
2309
2347
2365
2413
2469
2558
2638
2725
2796
2843
2909
2930
3002
3014
3079
3124
3195
3246
3294
3347
3391
3344
3449
3517
3573
3518
3542
3608
3654
3726
3790
3871
3986
4050
4097
4174
4244
4328
4413
4481
4527
4528
4578
4605
4626
4652
4656
4684
4720
4738
4774
4803
4824
4841
4864
4878
4909
4950
4986
5032
5103
5125
5155
5178
5202
5236
5271
5261
5288
5366
5379
5422
5453
5502
5510
5545
5397
5426
5475
5522
5545
5595
5621
5649
5692
5729
5814
5861
5916
5986
6086
6162
6229
6301
6361
6401
6463
6512
6544
6565
6587
6635
6722
6775
6847
6899
6951
6987
7042
7096
7106
7160
7202
7264
7314
7388
7431
7491
7507
7561
7580
7622
7676
7758
7434
7479
7159
7182
7052
7074
7087
6852
6902
6638
6649
6480
6511
6495
6219
6236
5836
5784
5735
5751
5776
5517
5557
5115
5126
5199
5166
5156
4744
4821
4751
4822
4861
4518
4492
4070
4123
4104
4099
4123
3699
3678
3441
3414
3232
3264
3285
2995
3005
2545
2552
2568
2647
2698
2272
2287
2254
2281
2302
1981
2002
1575
1624
1579
1571
1605
1293
1317
956
1038
1036
1035
1082
626
825
582
611
662
692
894
625
1020
647
689
728
752
929
657
833
595
633
552
600
822
601
890
605
697
601
699
1029
604
805
625
673
711
757
861
577
1003
562
561
547
592
837
583
854
622
654
563
599
1155
608
861
621
654
543
599
819
616
866
639
670
534
574
812
636
1288
977
1036
1020
1031
1062
641
924
718
688
561
597
641
684
738
766
821
878
978
1033
1113
1166
1201
1230
1280
1331
1430
1468
1539
1593
1705
1797
1880
1943
1995
2065
2121
2178
2252
2303
2354
2438
2526
2624
2702
2767
2797
2843
2869
2900
2950
3044
3132
3088
3199
2705
2767
2736
2807
2869
2355
2433
2249
2312
2229
1944
1985
1680
1726
1780
1713
1798
1265
1308
1109
1146
1178
828
917
841
921
1077
636
1011
594
654
736
623
1020
605
663
522
624
960
579
677
630
692
1031
590
1019
568
653
725
693
1070
592
649
495
577
893
587
1027
612
672
755
746
1103
653
701
667
729
1055
642
844
621
625
573
582
828
583
971
617
631
632
670
956
578
644
655
700
1051
642
861
588
594
569
578
802
628
1101
614
637
677
675
926
624
672
701
709
985
595
808
594
609
560
588
801
596
910
611
664
550
592
974
591
596
612
653
820
612
1013
644
696
555
568
825
603
978
604
608
623
638
982
585
610
665
687
1020
606
940
622
616
661
738
1068
603
655
679
743
1016
589
907
596
657
549
620
816
646
999
628
671
701
733
1000
599
658
565
613
861
618
985
601
614
643
688
1001
621
644
521
583
834
631
1000
602
641
683
649
1098
623
658
545
581
798
611
1012
589
612
698
683
1100
610
645
696
731
971
614
947
598
662
690
664
1019
592
667
635
681
1058
610
928
586
612
713
604
828
597
633
522
605
850
623
980
604
635
700
730
1013
586
602
539
595
854
595
967
555
574
565
570
983
585
624
584
587
800
604
864
602
615
535
575
979
605
633
651
674
1003
621
874
593
599
614
615
993
591
603
558
572
988
589
633
642
653
1000
594
819
625
666
556
613
952
618
624
667
696
1020
606
972
611
664
683
706
1004
592
607
573
583
935
568
597
589
611
977
602
1008
586
603
595
605
945
580
624
525
583
807
581
1020
632
657
707
696
1127
596
633
535
586
847
582
1030
615
621
648
531
1005
652
697
728
677
1041
622
691
688
635
673
568
1034
621
659
759
584
814
597
650
566
606
802
577
1000
613
646
791
586
921
599
641
676
688
1073
596
648
544
561
837
600
990
622
708
749
730
1004
583
608
651
685
1016
586
978
603
613
635
647
1057
580
592
529
567
802
578
974
576
564
672
582
800
598
632
541
583
804
610
1015
575
563
672
572
817
612
658
569
596
780
616
968
607
622
670
705
976
565
641
517
594
865
608
1005
594
604
665
685
941
621
692
676
730
1040
587
5047
1402
1427
2469
2373
2349
2385
2423
1880
1008
1016
711
844
796
589
746
1617
1642
1247
849
842
677
2438
910
869
784
776
4778
1897
2111
694
948
706
903
710
678
684
1281
697
689
693
753
799
873
1016
1067
1096
1133
1207
1217
1284
1540
1599
1637
1665
1720
1735
1788
1909
1988
2026
2039
2089
2138
2141
2233
2436
2476
2526
2574
2505
2522
2577
2622
2672
2775
2856
2890
2920
2988
3048
3101
3159
3252
3332
3376
3456
3467
3505
3561
3594
3678
3762
3840
3901
3986
3993
4062
4085
4138
4224
4290
4333
4416
4444
4476
4525
4592
4667
4701
4785
4837
4844
4853
4861
4896
4940
4977
5016
5056
5080
5079
5102
