2734
1134
859
1676
1949
1147
1933
1202
946
963
1741
3443
1656
1198
1189
1614
1238
1058
2618
2019
3145
1419
1278
1212
1690
1341
1357
1975
1914
2183
1482
1331
924
1661
1042
920
1099
1414
1765
1806
633
560
531
529
517
546
517
527
618
544
496
544
603
587
629
653
494
531
1027
521
530
510
504
517
519
603
566
539
533
558
547
534
637
538
574
571
563
718
920
911
975
856
829
746
790
994
1241
1136
1256
640
607
603
554
643
598
994
895
897
753
827
801
799
674
708
5142
1409
1716
1113
8351
1069
1062
1045
1132
1038
11572
1268
1238
1288
1338
1333
7518
939
928
930
712
932
958
1193
1178
1325
1028
800
1348
1204
765
696
674
663
2024
1094
1078
2777
943
997
1250
974
980
1035
1139
1770
856
802
627
693
873
680
639
626
613
623
621
572
666
638
572
587
756
763
1281
593
588
581
621
670
1014
679
630
590
574
820
948
592
590
582
582
758
931
592
789
714
612
1094
641
657
793
546
572
855
675
602
644
568
693
900
653
550
606
642
883
1032
699
638
790
795
1665
2052
1039
871
707
624
1610
722
625
712
759
686
1043
572
754
617
578
843
698
744
558
543
737
752
1102
605
615
613
669
745
569
559
564
580
583
677
934
832
953
782
609
854
749
589
756
684
995
1130
850
814
878
780
736
653
1201
1279
1512
1539
785
870
713
788
825
622
981
1284
1075
1267
1211
741
1415
650
751
601
1319
1594
1288
1537
1076
790
858
1905
1666
1264
1060
748
740
2067
1853
1588
934
1309
1040
1465
812
724
840
1018
991
864
732
731
2153
1113
1198
965
1111
1017
1261
1363
945
1313
733
1619
611
1348
935
634
856
1537
774
770
659
957
954
1791
2182
969
1163
829
851
1613
1991
884
668
737
727
807
784
1391
623
592
731
923
1444
1583
1030
596
623
524
600
1014
1057
509
531
582
585
1201
1198
518
758
541
527
1839
924
511
531
507
492
608
922
1452
759
550
489
501
1535
768
489
497
513
518
549
1124
1592
498
527
521
489
1762
955
498
536
524
562
756
691
1248
712
620
858
808
1437
1100
634
549
526
676
565
630
636
606
597
551
574
1196
1517
763
670
605
638
1588
1435
630
549
601
618
745
577
1806
1022
709
634
660
2391
1045
1097
967
681
505
694
1225
751
866
877
902
982
759
953
1192
1976
1123
1014
777
652
1115
700
715
676
938
807
1634
726
778
889
821
868
843
826
801
1397
1186
1330
888
686
636
659
736
652
874
666
1096
1266
1264
767
1035
809
910
1108
922
762
1363
699
976
840
877
972
900
795
817
1735
878
880
922
1998
1357
878
900
816
1235
576
769
515
529
508
496
1150
909
532
536
507
956
694
1253
693
517
684
523
842
1089
532
542
564
722
724
586
533
569
526
724
1505
515
555
545
513
642
1306
599
552
556
501
497
1524
544
510
519
552
1012
1053
576
641
535
584
541
715
534
544
545
503
1891
640
496
548
564
613
714
1352
583
534
549
557
642
1644
755
601
873
926
760
1073
822
993
909
769
904
1840
845
782
811
754
878
712
647
729
697
699
743
1007
687
705
711
589
768
971
1063
778
764
634
629
959
1047
770
743
898
605
1703
2118
575
660
881
847
696
833
667
732
687
889
837
826
659
654
691
699
2004
853
882
749
1114
1060
882
870
811
588
811
828
688
1408
910
606
674
831
596
981
697
900
796
869
738
1023
731
913
975
1160
879
874
829
755
900
1285
1073
1213
975
1330
1030
866
701
949
1545
663
648
930
1083
1505
1144
1083
1202
1002
754
943
1155
991
1312
821
806
566
553
560
650
534
875
748
2169
2999
724
1155
1099
810
821
767
733
1292
933
1324
1826
926
759
731
758
969
827
1571
745
788
853
779
1443
706
818
1641
1236
909
1561
2579
754
834
912
767
796
798
699
562
617
616
855
1194
809
674
868
761
662
1164
954
842
1035
689
855
2099
2144
616
591
2262
936
950
999
1095
1036
694
711
755
1706
696
578
547
643
577
551
1102
792
686
556
566
522
526
1132
929
583
757
763
528
775
624
776
544
541
592
533
528
1299
748
505
489
490
475
516
863
1537
496
509
519
496
1579
692
1115
503
508
506
663
519
1517
520
512
516
533
535
794
940
526
680
561
520
724
642
889
511
519
534
536
540
855
866
587
568
533
617
616
802
875
585
782
577
613
585
943
1169
566
621
594
802
1116
1251
601
634
554
593
569
1009
1070
576
608
587
640
887
1096
636
607
570
659
583
948
839
578
693
549
616
752
590
569
619
563
596
540
852
907
904
589
582
594
578
686
834
991
555
784
592
544
619
804
1116
669
728
573
527
626
1162
902
615
626
545
609
810
726
1225
676
586
584
592
575
894
995
606
763
573
644
725
994
798
570
531
583
577
739
562
578
521
509
927
955
526
663
538
545
1075
919
597
571
564
597
913
553
549
582
623
536
1542
578
522
537
552
766
1784
581
548
541
530
593
957
1121
