4805
5756
6894
7926
8740
9334
9258
9011
9230
9494
9700
9892
10081
10293
10602
11020
11248
11490
11367
11550
11418
11315
11347
11337
11368
10830
10708
10667
10641
10628
10131
10364
9528
8859
8253
7587
7117
6348
6078
6064
6089
202445
1080
1118
1200
2056
2932
3321
4235
4263
4120
3940
3800
3655
3176
3004
2672
2576
2525
1653
1587
1547
1624
1476
1524
1573
920
1023
1208
1477
1668
2587
4081
5323
6591
7022
7130
7186
7051
7182
7292
7419
7560
7615
7721
7834
7963
8050
8122
8168
8241
8355
8456
8532
8635
8701
8829
8771
8839
8863
8174
8127
7979
7982
8029
7363
7358
6628
5993
5258
4577
3908
3105
2803
2915
3041
3149
3207
3305
3444
3582
3690
3785
3856
3966
4037
4121
4228
4328
4431
4490
4583
4667
4719
4764
4842
4193
4104
2970
2175
1484
1519
1567
970
978
1253
1458
1527
1597
1670
1744
1821
1896
1956
2039
2122
2193
2294
2352
2385
2484
2587
2691
2783
2901
2990
3113
3189
3132
3177
3230
3300
2739
2732
2666
2629
2696
2432
2489
2011
1873
1504
1606
1556
1760
1466
970
1232
1511
1640
1712
1764
1868
1967
2084
2170
2210
2243
2338
2457
2528
2599
2684
2714
2798
2928
2979
3061
3140
3109
3133
3202
3240
3297
3375
3269
3334
3395
3227
3204
2838
2750
2638
2612
2521
2576
2626
1985
2001
1946
1912
1957
1970
2134
1655
1597
1551
1464
1525
1449
1417
1502
929
1137
1391
1619
1738
1807
1832
1777
1831
1913
2012
2111
2176
3949
1686
1582
2752
1615
4159
1694
1497
1484
1592
2077
1466
1544
972
885
897
906
1632
899
954
903
867
1160
914
887
872
924
1347
899
1396
937
950
1316
869
1708
930
883
883
880
1376
869
1222
924
1000
923
891
1551
958
1754
2596
3365
4178
4008
4207
4395
4623
4941
5219
4427
4134
4268
4377
4525
4616
4706
4776
4857
5005
5107
5149
5221
5310
5399
5501
5611
5715
5764
5851
5943
6077
6177
6479
7370
8413
9407
10327
10928
11102
10366
10239
8963
9042
9121
6490
5784
2858
2186
1532
1417
1424
1494
1614
1421
1530
977
914
1224
1572
2594
3706
4416
4484
4544
4595
4677
4759
4818
4835
4958
5067
5165
5284
5388
5527
4997
4913
2849
2804
2279
1482
1492
1675
1564
1166
1058
1200
1388
1571
1682
1814
1897
1958
2036
2099
2187
2312
2420
2530
2591
2687
2820
2923
3025
3063
3132
3173
3305
3408
3471
3564
2795
2789
2793
2729
2713
2622
2631
2400
2454
2560
1972
1899
1780
1649
1746
1506
1561
1576
937
1188
1579
1698
1761
1840
1936
2069
2144
2245
2302
2365
2445
2543
2638
2730
2850
2940
3035
3138
3263
3083
3095
2898
2977
3106
2528
2419
1796
1439
1480
1411
1501
1191
919
1174
1414
1569
1679
1730
1815
1929
1992
2076
2141
2247
2319
2407
2544
2617
2703
2796
2882
2981
3085
3138
3220
2971
2981
2901
2856
2983
2691
2760
2454
2359
2349
2207
2092
1483
1424
1464
1411
1425
1608
1832
2618
3652
4710
5500
5534
5592
5767
5927
6032
6145
6173
6285
6397
7173
8188
9147
10097
10545
11591
12946
13659
13682
13146
13084
12994
12352
11673
11014
10364
9667
9109
8584
8413
8403
8447
8514
8584
8371
8408
6366
6092
5686
4896
4124
3251
2476
1715
1006
1087
1191
1308
1354
1443
1538
1649
1754
1854
1928
1976
2065
2130
2216
2277
2330
2405
2466
2539
2649
2757
2870
2992
3087
3133
3157
3212
2839
2853
2748
2705
2823
2370
2458
1904
1828
1399
1419
1428
1513
1390
1108
1180
1473
1665
1699
1875
2022
2168
2326
2538
3628
4461
4456
4424
4504
4613
4693
4804
4852
4909
4978
5052
5103
5198
5202
5275
4938
4892
4789
4600
4522
4053
3922
3804
3671
3554
2707
1850
1433
1574
1577
986
1037
1290
1489
1552
1643
1754
1832
1892
1963
2042
1853
1956
2030
1427
1349
848
839
854
831
1167
822
797
1315
1534
1534
1483
1656
931
1091
1225
1409
1386
1274
1201
1169
1160
1158
1076
888
836
1187
793
850
1455
871
1271
909
908
893
995
1246
897
1138
930
920
925
875
1138
914
1720
946
907
978
902
1179
884
927
883
872
1475
905
1579
953
890
1252
1341
1278
1343
1267
1271
1272
1336
1306
1334
1360
1815
2152
2560
3335
4066
3972
3825
3656
3554
3469
3287
3094
2902
2678
2105
1552
1292
1440
1344
1286
1311
1324
1305
1261
1284
1592
2017
2425
3221
4195
4345
4217
4106
4029
3802
3665
3486
3342
3201
2851
2292
1748
1330
1317
1150
941
993
956
847
857
1040
887
1037
1107
1181
1299
1271
1329
1307
1277
1265
1380
1667
2510
3453
4300
5119
5796
6674
7009
6953
6808
6703
6218
5737
5178
4658
4135
3375
3252
3903
4759
5595
6264
7114
8033
9016
9854
10784
11507
11911
12119
11596
11050
10504
9824
9647
9498
9398
9314
9185
9051
8823
8654
8485
8476
9299
9749
10097
10452
10563
9981
9384
8804
8366
8214
8169
8181
8157
8094
7960
7863
7753
7536
7335
7147
6907
6701
6295
5672
5064
4516
3951
3359
2808
2252
1655
1063
873
814
909
979
1038
1071
1025
932
881
967
1359
1488
1361
1266
1489
1217
1213
1249
1371
1531
1687
1580
1638
2113
2734
3379
4380
5531
5710
5562
5487
5424
5373
5250
4626
3973
3340
2678
2116
1545
1301
1263
1184
1026
856
803
842
840
823
834
842
850
977
1197
1415
1494
1427
1423
1412
1522
995
980
923
988
1000
867
903
878
978
1152
1272
1370
1190
1201
1268
1225
1369
1455
922
973
1000
944
905
876
887
955
1026
1096
1055
1321
1260
1341
1281
1323
1104
1024
1022
874
905
874
893
977
897
927
929
917
893
861
934
914
955
955
938
954
954
869
885
923
894
903
893
887
881
874
875
871
887
879
948
897
862
941
965
909
904
907
935
