4304
3772
3803
3919
3998
4101
4092
4172
4260
4377
4578
4746
4892
5097
5289
5389
5479
5596
5745
5810
5798
5782
5793
5393
5494
5677
5735
5023
4338
3693
3025
2396
2567
2662
2692
2964
3055
3150
3339
3439
3475
3536
3412
3455
3522
3612
3710
3316
2495
1649
1569
1032
998
1373
1668
1798
1845
1911
2005
2098
2199
2309
2394
2445
2640
2794
2899
2973
3017
3126
3264
3388
3444
3511
3585
3679
3749
3761
3856
3958
4068
4179
4241
4343
4437
4556
4729
4836
4900
4959
5061
5171
5276
5523
6573
7642
8702
9764
10872
11141
11249
11332
11466
11607
11715
11836
11953
12050
12171
12305
12443
12615
12818
12998
13121
13233
13362
13468
13556
13681
13712
13668
13634
13736
14068
14308
14634
14984
15238
15555
15865
16220
16564
16921
17243
17420
17544
17664
17789
17913
18017
18131
18289
18459
18626
18818
18887
18955
19059
19138
19212
19300
19347
19378
19494
19583
19651
18781
18613
18387
17935
17101
16432
15778
14993
14334
14301
15290
16332
17371
18308
19287
19411
19465
19508
19571
19636
19716
19812
19914
20024
20088
20384
20634
20719
20793
20930
20992
20668
20808
20126
20105
20052
19957
19317
18699
18055
17381
16735
16410
16488
16579
16657
16739
16851
16910
16978
17076
17176
17206
17250
17260
17286
17332
17354
17383
17409
17426
17437
17229
17180
17081
16963
16949
16557
16503
16429
16391
16343
16239
16265
15670
15533
15263
14585
13932
13192
12496
11825
11105
10970
11064
11154
11207
11260
11376
12180
13166
14210
15168
16158
17010
17168
17329
17389
17480
17508
17523
17580
17624
17655
17720
17769
17786
17816
17837
17992
17953
17993
17923
17526
17479
17230
17218
17160
16884
16682
16400
15571
14826
14735
15147
14856
14219
13912
14023
14117
14242
14398
14540
14583
14707
14786
14902
15030
15142
15205
15225
15270
15318
15809
16879
17906
19034
20040
20938
21609
22358
23313
24282
25350
25747
26730
27611
28612
29320
30204
31006
31858
32750
32064
32025
31945
31878
31410
30766
30053
29418
28920
28411
27886
27759
27780
27864
27974
28044
28113
28161
28219
28289
28496
28645
28393
28543
28559
28583
29294
29852
30814
31384
32259
32789
32998
32712
31917
31057
30269
29717
29746
29755
29782
29755
29755
29786
29856
29902
29895
29892
29930
30026
30103
30147
30143
29937
29951
29979
29868
29781
29871
29822
29857
29943
30040
30111
30193
30189
30254
30344
30507
30704
30514
30585
30206
30216
30204
30222
30327
29357
28580
27795
27131
26444
25840
25213
24551
23799
23133
22480
21739
21613
21734
21810
21909
21942
22018
22104
22212
22298
22380
22439
22527
22673
22786
22886
23001
23187
23219
23342
23404
23694
24618
25574
26462
27417
28382
29409
30417
31456
32661
32779
32886
32981
33062
33161
33512
33575
33629
33726
33838
33936
33993
34070
34110
34034
34026
34096
34023
33988
33630
33702
33150
33066
33182
33461
33699
33821
34036
34246
34544
35466
35567
35694
35812
35917
36162
36220
36317
36382
36451
36383
36362
36450
36528
36623
36721
36849
36798
36836
36825
36782
36875
36976
37038
37118
37207
37290
37412
37578
37754
37847
37950
38039
38184
37635
37440
37196
37127
36766
36035
35405
34756
34088
33418
32817
32606
32697
32804
32868
32962
33027
33160
33235
33380
33458
33541
33659
33806
33927
33985
34047
34164
34323
35265
36262
37274
38255
39191
39870
39577
39732
39731
39294
39147
38698
38582
38457
38363
38295
38304
38401
38289
38265
37668
37035
36340
35680
35073
34616
34668
34722
34791
34851
34920
35123
35319
35506
35642
35801
35955
36045
36130
36184
36257
36435
36521
36587
36432
36573
36694
36293
36300
36039
36038
36010
35912
35210
34650
33938
33160
32451
31782
31446
31481
31503
31538
31572
31597
31630
31702
31782
31904
32066
32217
32417
32578
32743
32911
33064
33203
33346
33513
33630
33769
33975
34143
34246
34347
33944
34038
33489
33459
33434
33326
33367
33173
33130
32788
32660
32531
32466
32383
32254
32211
31131
30421
29635
28846
28055
28015
28111
28203
28230
28277
28323
28351
28484
28558
28608
28656
28759
28827
28905
28962
29052
29144
29264
29314
29122
29399
28802
28846
28898
28944
29111
28769
28861
28716
27988
27305
26662
25973
25241
24549
24411
24488
24542
24589
24624
24676
24673
24710
24762
24891
24950
25030
25055
25079
25089
25147
25189
25271
25310
25345
25204
25300
25206
25050
25037
24560
24523
24356
24346
24302
23974
23942
23894
23922
24175
23827
23932
22924
22183
21523
20808
20052
19362
18697
17981
17329
16593
16215
16297
16336
16427
16528
16657
16742
16836
16935
17042
17234
17237
17254
17340
17435
17529
17690
17838
17909
17994
18088
18196
18339
18431
18517
18564
18669
18738
18800
18844
18858
18891
18897
18953
19074
19229
19358
19425
19475
19533
19645
19342
19306
19051
19011
18997
18655
18599
18512
18532
18614
18386
18499
17453
16790
16130
15424
14768
14213
13442
12708
11980
11217
10527
9775
9148
9270
9410
9551
10043
11559
12133
12414
12566
12760
12942
13114
13407
13602
13788
13936
14036
14085
14183
14255
14414
14553
14703
14791
14851
14975
15029
15098
15207
15305
15375
15522
15634
15670
15944
16866
16918
17020
17071
17140
17197
17260
17262
17278
17290
17302
17414
17462
17128
17097
16321
16236
16079
16039
16031
15969
16054
15875
15897
16001
14958
14159
13518
12907
12135
11369
11172
11153
11193
10458
10502
10447
9843
10022
10040
10009
9805
9073
8450
7821
7194
6535
6616
6758
6908
7064
7149
7214
7187
7257
7325
7368
7442
7527
7654
7787
4746
4515
1369
1498
1548
1567
1637
1553
2014
2727
2807
2833
2889
3015
3140
3186
3265
3327
3393
3565
3810
1669
1547
4206
958
2900
1378
1404
1730
2036
2524
2576
2502
1842
1409
1456
1481
1452
1476
1548
1513
1646
1002
1264
1669
2803
3946
5063
5635
5789
5895
6028
6193
6336
6421
6549
6634
6795
6869
6956
7042
7247
7389
7455
7527
7604
7679
7737
7846
7943
8047
8147
8291
8353
8454
8554
8637
8753
8883
8939
9168
9235
9323
9493
9628
9699
9751
9827
9954
10153
10285
10361
10468
10551
10670
10745
10818
10880
10919
10990
11087
11201
11271
11377
11526
11731
11783
11856
11914
12013
11793
11809
11125
11082
10956
10873
10964
10681
10777
