6351
6422
6442
6429
6567
6640
6778
6852
6884
6911
1027
1011
1037
1035
1072
1106
4381
8959
945
937
989
1039
1033
1055
1195
2352
4817
1298
1011
1870
2537
3506
949
572
900
1037
1736
1545
1493
885
906
1167
1806
3989
951
651
739
772
812
894
1016
897
609
651
712
785
860
924
944
1007
1058
1103
1153
1209
1267
1286
1350
1408
1514
1520
1596
1583
1645
1687
1707
1814
1884
1938
2003
2089
2205
2269
2318
2318
2242
2254
2281
2306
2319
2398
2476
2553
2625
2667
2699
2719
2717
2748
2847
2894
2984
3055
3194
2574
2648
2643
2649
2669
2711
2736
2809
3058
3122
3129
3115
3125
3114
3212
3219
3261
3334
3374
3477
3557
3648
3687
3763
3805
3805
3838
3908
3954
3999
4009
4063
4093
4174
4198
4237
4317
4405
4522
4553
4649
4704
4769
4792
4821
4840
4888
4944
5014
5048
5084
5110
5095
5114
5143
5182
5238
5239
5263
5296
5318
5334
5389
5418
5455
5478
5534
5570
5582
5602
5640
5667
5680
5714
5749
5777
5839
5912
5958
6000
6052
6118
6154
6180
6230
6292
6325
6371
6412
6405
6414
6420
6453
6492
6509
6544
6615
6602
6599
6605
6597
6611
6639
6668
6668
6750
6742
6545
6569
6558
6296
6334
5846
5889
5904
5842
5916
5571
5627
5091
5118
5179
5169
5192
4667
4714
4641
4667
4689
4205
4236
3901
3894
3885
3895
3856
3323
3361
3115
3112
2888
2910
2966
2703
2725
2235
2206
2207
2197
2216
1785
1756
1704
1716
1736
1221
1211
980
1023
996
1034
1103
590
927
572
605
625
653
904
590
1255
608
671
842
638
882
621
985
583
661
662
712
1082
613
657
602
650
1055
629
794
592
661
553
568
764
565
992
569
641
679
593
967
598
667
698
710
1044
593
792
581
599
545
627
1011
636
871
627
597
554
585
839
582
999
592
634
673
715
975
590
619
650
700
927
599
1022
642
640
676
692
1003
619
831
583
580
536
600
824
583
1108
590
593
613
619
952
616
649
675
738
949
602
1034
596
614
627
632
1013
588
1004
597
630
646
582
951
598
609
614
670
999
619
658
539
599
843
620
1028
618
655
738
628
976
595
629
716
548
869
608
635
543
620
970
591
632
564
607
824
629
992
603
647
672
585
1057
587
624
690
575
822
576
623
560
591
991
577
595
584
603
992
560
619
528
573
847
595
1020
598
635
678
558
841
609
655
513
615
938
626
1010
588
615
615
681
949
617
638
579
635
837
589
983
586
592
685
584
846
559
576
547
617
955
622
638
677
701
1036
622
869
591
626
545
624
833
619
1016
591
615
628
645
951
556
581
532
574
858
601
1022
623
649
769
588
928
577
615
654
649
1031
593
600
578
595
985
595
618
629
672
1067
600
805
584
615
557
603
952
564
595
560
562
1039
584
929
588
646
661
616
1048
617
653
695
755
1041
593
920
617
642
546
608
991
596
626
659
683
1031
625
913
593
577
608
649
1026
574
607
559
592
973
593
624
613
671
1050
595
920
615
641
670
649
1023
608
640
658
682
1057
599
971
619
662
676
732
1050
604
642
511
560
990
594
656
618
684
1097
590
913
584
617
641
676
1071
602
648
504
555
1004
594
647
619
713
1091
576
1021
580
596
643
673
1031
610
611
567
592
827
595
1057
571
559
663
586
800
621
698
563
593
833
597
991
587
610
703
598
805
613
663
506
574
984
579
645
548
633
1039
568
931
610
637
684
698
992
598
632
664
729
1048
604
945
586
586
604
621
960
589
639
661
725
1067
610
793
591
654
504
591
1063
619
650
654
691
1046
588
802
600
659
515
606
1033
592
644
599
640
987
620
1040
613
628
624
629
956
584
636
515
544
835
577
1074
610
626
631
540
929
597
631
665
661
1024
602
610
559
600
810
598
1024
588
597
639
590
825
583
598
552
598
947
588
602
602
597
1002
581
848
605
631
550
586
951
562
587
613
623
981
604
810
563
877
676
718
821
574
1049
619
683
790
587
794
603
628
540
607
838
608
1034
601
655
690
600
663
575
587
673
648
882
586
992
602
645
695
735
1090
589
618
651
678
933
595
820
609
2132
1755
1724
1636
1638
9787
1440
1348
863
854
1757
1341
1352
1309
794
781
1047
798
796
1053
758
769
579
606
637
698
746
1859
607
647
709
785
857
1185
1123
941
969
885
1880
1028
1303
1320
791
3333
2801
2780
2816
2832
3039
763
761
727
716
734
733
729
731
718
799
828
785
746
742
723
793
621
671
734
727
713
743
713
745
746
731
718
821
1235
1273
1090
1477
1782
2425
3007
3319
3209
3142
3187
3197
3233
1840
1835
1843
1802
1756
1733
1777
1852
2766
2806
2827
2871
2911
3127
3183
3203
3200
3190
3205
3064
3077
3126
3183
3233
3257
3105
3090
3109
3168
3218
3237
3217
3200
3202
3205
3180
3181
3197
3138
3165
3154
3121
3107
3121
3196
3274
3337
3416
3470
3499
3517
3552
3578
3595
3603
3621
3659
3695
3730
3744
3818
3859
3919
3927
3934
3975
4008
4016
4024
4065
4141
4173
4222
4244
4276
4298
4355
4373
4371
4378
4419
4442
4489
4522
4559
4620
4644
4699
4732
4793
4852
4953
5008
5092
5157
5180
5195
5224
5269
5337
5402
