3784
3851
3899
3953
2104
3310
3349
12337
4549
4572
4588
4630
4646
4712
4771
4823
4901
4650
4752
4705
4740
4788
4860
4984
5122
5147
5076
1039
704
644
666
617
621
618
607
707
709
744
1140
608
638
691
700
1337
1369
896
850
903
879
851
925
952
992
1049
1092
1115
1132
1186
1231
1320
1396
1980
1982
2008
1960
1904
1955
1938
1956
2020
1678
1689
1769
2043
2050
2084
2146
2061
2077
2068
2048
2064
2085
2082
2107
2139
2167
2225
2246
2276
2317
2330
2397
2442
2448
2467
2490
2505
2529
2586
2620
2722
2755
2788
2867
2939
2987
2922
2997
3058
3071
3100
3134
3161
3165
3193
3192
3273
3310
3347
3367
3413
3441
3541
3575
3616
3644
3682
3708
3730
3721
3733
3733
3760
3863
3940
4002
4087
4161
4237
4275
4335
4363
4381
4433
4462
4468
4492
4530
4599
4597
4618
4653
4700
4708
4741
4787
4827
4876
4921
4934
4987
5021
5056
5078
5101
5118
5175
5192
5213
5251
5285
5309
5343
5359
5368
5387
5445
5467
5500
5547
5589
5619
5631
5665
5683
5694
5712
5741
5771
5839
5909
5995
6031
6083
6086
6088
6161
6233
6082
6163
6064
6151
6188
5807
5867
5394
5454
5436
5445
5443
5113
5099
4670
4692
4660
4671
4725
4292
4338
4010
4003
3982
3993
4037
3741
3706
3316
3314
3333
3327
3379
2920
2929
2639
2659
2444
2432
2488
2234
2265
1950
1975
1768
1771
1774
1533
1591
1265
1331
1076
1075
1636
1354
1345
1100
1089
1688
1710
1741
554
601
653
708
771
813
837
911
1016
1059
1151
1173
1205
1239
1285
1357
1429
1516
1572
1608
1621
1643
1685
1500
1662
1718
1325
1381
1110
1126
927
981
1027
547
591
559
582
998
578
798
569
580
521
572
906
610
948
571
631
678
638
1143
570
591
605
622
936
550
832
564
575
519
565
914
606
935
604
668
546
624
848
600
973
565
586
615
644
996
618
636
673
713
1053
609
850
625
671
654
676
1074
617
779
589
603
564
634
844
583
876
604
598
570
610
870
623
960
588
618
633
702
828
595
1028
576
602
607
619
983
621
650
682
723
952
600
808
577
636
568
617
838
621
866
589
645
535
584
923
566
548
568
649
858
590
977
569
588
595
633
1016
561
758
560
600
549
564
786
563
927
609
684
711
654
1013
596
622
652
708
836
571
944
589
578
614
674
815
593
1010
577
593
604
617
968
572
967
616
662
752
601
955
594
618
670
705
1067
589
637
520
580
978
587
671
657
705
1017
601
947
620
656
692
566
900
594
623
527
564
935
632
681
559
590
812
563
958
588
632
746
573
892
588
649
549
553
938
575
612
538
605
819
606
958
579
633
814
574
776
553
659
519
565
975
587
631
677
709
989
594
822
577
599
501
576
1043
594
611
655
719
1024
592
1038
594
600
632
617
944
611
632
687
738
981
617
785
578
588
570
613
891
603
687
670
683
1072
601
890
625
677
729
743
1074
607
679
659
702
1017
592
852
626
678
546
592
936
592
603
656
667
1001
612
921
591
622
669
665
1048
614
626
671
704
1003
597
808
582
608
545
583
938
610
668
683
760
1107
598
796
586
628
514
645
912
572
949
605
670
768
766
1040
654
720
695
742
1076
582
916
581
642
705
707
1076
586
593
607
605
909
605
815
586
599
565
607
1122
609
1066
610
638
638
675
877
586
647
565
593
806
630
951
567
608
712
610
906
575
608
555
583
925
589
632
646
666
987
582
1095
602
621
565
586
891
624
667
625
649
985
610
801
579
624
534
615
797
599
1103
585
603
685
618
796
606
684
556
594
793
609
985
592
631
651
566
843
623
694
581
629
823
604
1038
622
628
680
698
1014
599
681
523
566
856
602
977
624
643
656
569
816
581
617
547
592
810
623
995
580
604
618
683
922
584
607
553
636
847
584
972
585
648
669
555
855
624
670
513
586
1012
607
647
641
678
998
571
829
581
614
521
569
1016
620
655
665
695
1013
615
1017
604
612
615
610
892
591
648
513
586
837
604
956
581
598
741
600
801
603
687
514
570
973
585
653
665
626
647
632
995
613
640
668
639
1064
576
620
533
579
992
581
619
607
603
1039
612
992
587
599
631
642
1037
561
620
546
600
873
650
825
603
644
649
569
930
661
654
540
578
797
588
1056
590
621
677
556
802
582
632
529
597
979
600
657
607
626
1013
597
963
606
628
646
655
1007
601
623
523
578
910
568
612
520
606
1048
585
867
610
618
563
612
1414
914
853
893
934
974
741
1411
954
1442
1262
1065
873
7156
5102
5053
5008
4979
4963
4941
5000
5004
5041
1100
1075
1076
1103
1111
1113
1017
931
849
762
679
581
505
847
919
671
843
724
765
707
717
716
707
861
775
716
698
699
738
696
719
714
722
887
993
764
725
743
834
725
723
727
727
751
747
749
739
729
751
840
910
1287
1206
2141
659
627
635
605
591
589
626
659
716
768
797
888
922
976
1037
1082
1252
593
686
590
599
634
664
716
705
728
800
795
786
871
910
949
982
997
990
1000
1054
1139
1208
