4464
4596
4655
4709
4859
4935
2936
2710
5023
3552
4413
1387
2179
1168
715
1853
1296
1082
811
675
691
613
622
606
633
669
663
689
697
723
743
785
774
875
940
1019
1086
1133
1181
1251
1309
1280
1325
1348
1370
1385
1381
1413
722
617
648
667
652
686
733
741
783
843
935
979
963
1042
1064
1093
1121
1170
1273
1376
1468
731
866
874
901
961
950
974
1028
1041
587
598
651
725
783
866
988
1014
995
1054
1076
1061
1138
1203
1257
1277
1323
1336
1401
1462
1527
1616
1647
1704
1755
1793
1842
1912
1994
2110
2159
2206
2230
2301
2339
2411
2503
2580
2652
2687
2710
2710
2757
2792
2841
2878
2937
3023
3030
3055
3065
3113
3136
3161
3191
3245
3306
3347
3431
3475
3536
3614
3696
3730
3807
3848
3886
3952
3986
4044
4105
4174
4251
4350
4380
4413
4477
4526
4555
4585
4608
4659
4737
4786
4806
4830
4848
4895
4961
5026
5063
5086
5123
5139
5162
5172
5191
5216
5235
5285
5333
5377
5400
5435
5451
5483
5493
5478
5524
5578
5637
5683
5691
5739
5748
5795
5797
5841
5898
5909
5958
6018
6098
6166
6244
6124
6213
6284
5971
6014
5525
5538
5547
5529
5513
5042
5047
5002
4997
4998
4587
4617
4227
4219
4072
4107
4159
3872
3850
3394
3391
3394
3391
3416
2948
2931
2933
2943
2979
2697
2724
2269
2235
2159
2129
2106
1913
1955
1452
1468
1477
1437
1439
1011
1048
1066
1037
1070
681
885
619
625
622
657
995
634
860
610
611
554
614
796
606
994
590
650
684
715
896
602
1038
592
669
721
731
1096
597
609
628
643
928
609
771
583
642
607
616
1013
588
830
607
624
551
608
866
645
981
596
673
711
721
1055
598
580
582
624
1003
601
830
609
658
631
677
1024
583
910
591
657
709
670
947
602
1279
621
692
835
628
864
620
991
602
658
669
705
1038
602
624
645
683
965
623
848
594
650
583
612
817
584
1035
612
692
744
705
1015
627
673
695
728
957
604
828
554
574
561
623
997
633
980
623
642
545
614
816
623
981
598
632
666
703
939
577
605
610
641
884
572
1030
593
613
633
655
974
598
802
570
617
540
576
791
567
1040
603
607
647
683
980
611
683
673
690
848
603
1004
624
684
606
644
1063
607
997
619
652
674
591
936
580
641
642
664
991
624
662
593
614
823
620
1001
593
649
789
619
962
592
610
643
549
885
607
660
518
625
988
577
600
562
572
805
624
1069
591
629
696
615
895
585
641
741
583
755
564
562
534
590
967
590
618
558
620
1011
540
600
519
555
846
592
1102
589
619
644
565
851
630
651
574
623
820
610
1029
605
705
757
719
1069
614
643
562
619
808
601
1078
608
627
714
598
821
618
612
541
613
966
617
641
671
679
941
621
828
590
649
554
630
807
611
991
631
650
690
717
963
586
619
563
592
910
611
1011
613
642
701
617
948
597
614
664
687
995
587
608
543
592
1012
596
617
648
696
987
621
826
562
607
568
623
967
610
614
593
594
935
585
992
591
595
598
573
994
637
664
663
687
924
603
818
606
624
555
611
1072
582
644
628
647
899
582
861
601
625
670
679
1066
573
612
607
604
920
563
586
615
655
1018
578
917
589
597
605
623
936
591
582
612
660
1045
580
908
604
654
688
755
1077
587
626
491
549
959
577
619
565
590
969
585
961
585
592
614
616
974
621
636
553
581
950
609
612
645
684
969
582
915
571
576
614
687
987
619
614
519
577
856
576
989
554
589
708
603
841
607
657
542
569
860
572
1024
561
574
662
573
796
606
626
549
549
918
580
566
573
585
936
569
992
612
623
628
626
944
594
620
633
664
938
584
964
608
605
617
611
957
628
633
668
741
997
626
863
591
666
500
571
1032
617
629
685
694
1019
611
835
610
668
543
596
941
606
630
597
629
1005
606
945
607
657
687
744
1029
614
634
513
570
868
590
1045
630
662
684
562
970
578
594
615
660
1015
577
583
540
586
829
610
1109
592
589
633
583
787
591
623
514
605
997
573
663
669
684
1027
593
806
602
649
579
607
924
593
661
601
669
1002
634
849
598
660
579
605
823
580
1001
608
660
663
570
820
624
651
536
586
830
604
1021
604
604
658
703
1013
604
675
677
763
1097
583
911
632
626
682
692
918
571
583
595
643
999
619
816
595
616
540
597
934
596
625
611
640
1043
616
810
567
585
520
557
846
574
1011
569
588
682
582
822
579
595
528
550
1211
997
828
1700
841
805
2470
747
739
722
728
788
744
1570
763
714
724
748
728
726
746
735
738
726
729
729
737
723
732
721
731
713
739
774
520
796
873
1244
1804
1823
1828
2114
1211
1798
2093
2424
3262
3844
4034
4843
5446
6496
7103
7989
8612
8936
8975
9025
9036
9109
9135
9170
9171
9029
9043
9047
9058
9153
9168
10009
10837
10841
10900
4227
4296
4997
6020
6684
5970
6018
6324
6644
7546
8163
9047
9727
10405
11381
12170
13086
13631
14148
14498
14998
15781
16288
16821
17583
18104
18944
19454
19944
20685
21173
21646
22460
23036
