3686
1997
1403
1307
1442
1060
1139
2123
1017
1208
1152
865
4052
1227
1240
1227
1132
999
1273
3213
1312
1465
1240
1292
3157
1564
1616
1389
1651
2220
2381
1807
1108
976
1043
2476
2027
1841
1420
1996
2155
2560
1331
1137
1103
1366
3069
1339
1355
1181
1052
2072
1836
1128
839
1003
1357
814
2544
1728
1247
1015
1134
972
1687
1045
1320
1319
1106
1148
1357
1121
887
917
2166
885
970
986
687
2305
2528
901
1009
1235
1051
1045
2042
1489
1580
1055
2908
1715
1418
1292
1092
1157
1790
1577
997
1024
2581
6472
1041
1096
1248
1013
777
3722
1006
959
1701
1098
1105
1080
1250
1509
907
1134
1016
1003
1131
2173
1486
1056
974
1030
1057
772
1662
2223
796
1049
988
997
1145
1662
3363
1305
1095
977
969
989
949
1612
1058
1145
1142
1551
970
1558
773
1596
1136
1165
1361
1044
1614
935
1429
1231
1060
1373
1475
1899
1040
1708
1059
917
1100
915
1398
1448
1762
805
852
1012
881
1432
1612
724
1076
800
838
780
741
824
757
706
719
784
1762
1262
739
782
766
779
645
2488
2670
1164
692
749
676
1757
2770
1292
788
712
665
900
2388
812
690
1115
784
803
862
2203
2336
1053
907
908
809
766
975
894
725
879
1541
1285
1125
2052
822
1118
1154
910
1400
1661
845
1261
845
1263
1165
2577
1228
1120
1123
1125
1076
1163
1071
1256
1002
871
1657
1123
850
885
925
1435
2323
1080
985
780
1510
1129
2079
1116
1016
1142
1337
1703
1412
1147
997
1105
778
1180
2961
1099
1020
1315
933
956
2538
1464
1119
1171
1347
1535
4357
1440
2349
2787
2950
1302
1499
2799
1014
2698
1080
1019
1081
1007
857
2595
1247
1032
799
2125
3816
2274
2233
1799
1095
1998
1252
1220
812
1270
974
1185
1788
979
836
1247
1046
2600
2588
1126
978
1086
3474
1299
927
1020
1300
2133
1304
1461
1585
2027
10482
1329
1366
1394
1272
10868
1266
1414
1167
1521
1493
1238
1149
1478
5175
2246
1133
1050
2008
2498
2968
1511
1403
1365
1429
1485
1484
1619
1216
1449
1451
1907
1308
971
4002
1428
1473
1369
1278
2562
1478
1812
1532
952
1448
2443
1589
1187
1019
911
712
2902
845
935
761
833
916
824
1082
879
822
1003
1100
881
941
863
819
903
1184
962
2520
974
974
949
808
1353
1083
795
923
959
1182
1112
1511
1472
1566
1183
944
1003
977
1259
1240
1713
2283
2223
1417
1510
1448
1372
941
871
858
848
926
885
796
1850
2369
1282
1077
1024
1030
1081
1433
1553
911
685
1015
929
2514
2359
783
768
1065
792
750
695
740
727
791
1571
3386
1429
924
852
890
941
1788
1330
1235
818
849
638
734
607
662
689
1779
665
620
610
628
670
660
622
1212
630
628
723
1003
990
689
848
1213
902
652
676
1386
893
1342
1026
695
667
1843
691
767
682
1903
916
658
595
636
677
619
586
1825
612
1531
676
637
691
1077
616
669
628
638
2814
946
614
652
626
637
2122
786
701
948
741
878
2238
658
954
660
744
728
1077
1845
1227
1154
1020
909
918
976
1164
1161
942
666
1242
2518
714
956
896
1215
777
1953
715
617
672
666
753
1261
2027
686
610
690
640
1294
1687
595
652
670
896
610
930
1317
817
827
852
848
900
915
1275
625
771
667
651
641
638
655
617
652
667
653
2013
676
689
598
711
651
651
779
1520
722
720
1017
650
668
642
642
664
639
646
626
779
674
1514
943
736
654
1954
1078
576
664
626
852
1254
2039
685
968
687
629
612
1149
1350
644
1456
674
841
652
781
614
614
623
628
830
1064
1195
876
774
1345
1286
1385
1302
1213
1113
1090
844
976
1281
2284
1195
1566
1145
1039
1531
4068
1365
1605
2319
3735
2512
3951
1154
1041
1370
1484
1079
1526
1198
1281
1038
1351
969
1182
1307
1542
1230
1310
1256
1506
1282
1595
726
746
749
727
1053
1323
852
1115
702
895
954
1128
881
1657
1327
1511
1515
1027
931
771
816
2173
944
1069
953
970
955
926
1265
1383
879
748
661
682
687
658
784
1478
667
664
1022
830
847
2248
660
911
917
923
1673
1243
789
749
871
711
935
919
905
1727
740
934
903
894
920
659
915
677
891
1238
869
954
782
891
916
615
849
871
861
1193
978
695
703
645
702
1676
2372
652
739
1267
965
1649
1204
884
1141
1220
1331
1135
881
1216
1103
1065
1119
981
1859
1198
1650
1182
2568
1608
1449
1198
1073
1003
683
3874
1052
9070
924
1777
1687
1792
1419
2347
2098
1160
1647
1435
1180
2548
1050
1612
1008
1065
1254
932
1273
935
952
1499
1118
1843
1229
1105
1002
1239
1393
983
1084
1302
1472
922
843
802
1394
991
1062
691
854
799
2271
1821
907
794
998
1081
2139
992
1442
1633
1374
1048
2312
958
1105
1388
1628
818
639
669
750
1291
971
2301
1596
1122
1023
914
1047
2161
3118
1179
1196
1382
1477
3354
1072
861
951
1931
2185
2128
1246
1274
852
702
2310
2036
980
783
1015
825
2370
1682
853
1042
801
846
967
1644
923
697
653
644
1434
1097
687
722
663
638
1377
1017
680
714
674
864
1026
1086
714
807
653
809
1122
713
692
629
939
880
926
614
709
647
639
655
1521
720
665
637
867
770
1446
810
1299
1024
971
1450
969
770
1142
1078
1009
930
1101
986
1025
1111
1032
695
883
858
869
680
830
825
873
583
833
902
584
836
