6532
7103
7127
7162
7185
7241
7243
7242
7263
7276
5361
5118
5119
7229
7436
918
2340
2459
4958
783
643
632
647
638
1745
620
645
662
712
697
732
769
741
801
815
851
917
1783
1002
991
1034
1017
1047
1206
1207
1157
1158
1217
1179
1069
955
962
1075
593
761
612
586
639
649
640
671
735
747
1732
623
630
683
714
755
820
970
994
1050
1110
1123
1290
1372
1439
1379
1448
1434
1434
1471
1545
1618
1690
1713
1723
1772
1786
1878
1995
2055
2085
2152
2166
2195
2270
2329
2409
2500
2547
2569
2579
2589
2604
2708
2766
2839
2882
2904
2828
2856
2903
2932
2984
3039
3066
3095
3106
3117
3168
3185
3216
3299
3380
3443
3520
3542
3467
3511
3553
3606
3633
3661
3701
3741
3778
3810
3842
3854
3885
3944
3962
4024
4086
4166
4233
4314
4399
4471
4499
4593
4617
4675
4711
4764
4811
4824
4903
4949
4984
4988
5011
5014
5038
5110
5195
5272
5279
5334
5375
5388
5406
5479
5500
5540
5574
5626
5654
5739
5793
5788
5793
5798
5782
5842
5853
5865
5899
5928
5962
6003
6021
6079
6114
6158
6211
6272
6331
6366
6362
6390
6447
6487
6511
6520
6536
6562
6549
6550
6567
6576
6567
6633
6690
6755
6815
6828
6865
6867
6846
6858
6871
6886
6875
6686
6719
6650
6683
6669
6204
6214
5913
5907
5883
5919
5976
5413
5386
5124
5123
4960
4980
4989
4703
4706
4269
4224
4219
4236
4255
3859
3824
3473
3466
3473
3175
3219
2766
2767
2775
2790
2817
2453
2416
2125
2112
1957
1999
2018
1774
1810
1517
1547
1361
1349
1340
1055
1072
688
678
708
716
1197
916
954
600
571
598
622
954
641
690
727
751
978
597
842
602
645
556
583
799
625
835
601
668
548
592
830
614
855
629
640
540
601
805
597
1005
621
710
770
776
943
640
1008
601
629
634
632
883
602
609
659
738
899
622
972
584
621
628
665
928
590
837
593
664
530
576
834
609
990
558
574
599
609
830
581
600
627
676
914
618
1007
608
643
564
619
825
605
860
594
628
538
595
926
612
628
606
642
975
582
945
581
605
704
586
963
597
639
667
579
1016
610
660
689
603
932
592
626
658
705
1050
579
630
490
563
1033
602
599
562
553
908
560
586
606
644
907
588
951
599
652
657
574
975
603
631
707
587
939
613
634
706
622
969
599
628
666
688
990
630
652
564
617
908
584
588
610
665
926
604
791
605
648
556
591
802
641
1008
631
672
777
597
804
604
610
585
608
971
598
628
641
679
938
608
920
573
611
657
702
1003
618
651
620
698
1054
587
974
587
603
681
586
844
580
606
558
608
906
595
666
617
698
1044
575
1005
566
609
683
590
790
607
652
526
559
959
590
589
532
550
828
592
988
589
626
698
537
846
599
631
546
615
830
614
980
622
651
662
575
853
615
646
557
606
961
633
693
672
733
1042
592
815
614
640
535
628
958
599
640
598
661
984
597
1035
616
651
698
765
1024
637
729
678
698
975
605
803
592
654
544
579
777
589
993
614
656
710
602
811
586
647
537
592
808
600
989
617
641
768
615
994
599
657
705
659
1046
622
661
525
552
831
598
993
592
614
664
598
809
590
624
516
612
833
573
999
592
640
593
658
1025
608
632
632
652
912
658
877
612
641
591
621
938
606
630
653
679
994
621
785
575
599
556
562
766
587
963
568
599
713
571
838
566
597
551
573
921
574
619
594
640
944
567
790
590
667
504
538
831
595
827
667
710
556
613
932
628
683
670
695
1012
585
928
598
644
645
693
994
626
661
708
774
969
582
840
590
618
569
588
919
601
621
630
710
1053
622
981
584
596
656
567
793
523
585
490
539
1055
592
628
655
672
996
605
1009
580
597
661
583
754
622
673
550
566
790
593
997
571
575
590
616
919
549
603
568
590
785
594
976
604
645
677
676
948
596
630
583
604
822
620
975
598
636
639
559
781
618
660
553
597
986
615
654
631
670
1007
601
958
602
628
660
689
987
590
609
523
637
811
608
994
619
663
701
714
993
607
631
477
569
1047
589
606
641
711
1035
595
819
639
630
560
611
905
604
673
657
712
1177
607
832
602
640
541
605
922
570
655
615
681
1025
582
803
580
595
546
581
1100
555
1176
603
622
654
680
1025
591
619
656
709
1045
603
937
576
589
645
588
1012
572
585
557
572
813
579
1006
587
614
716
566
822
579
575
535
589
1081
583
1145
594
598
711
550
1151
1771
1536
1922
2113
1428
1358
1746
1728
1733
949
995
1024
1074
1131
1170
1211
1246
1211
1247
1259
1309
1348
1380
1441
1487
1499
1547
1574
1622
1650
1706
1742
1737
1709
1630
1532
1455
1345
1436
1261
1160
1157
1170
1179
1256
1261
1262
818
854
906
930
862
5076
642
624
622
664
708
1227
633
640
675
765
817
902
969
1162
1120
1148
1198
1189
1153
1246
1271
1292
1309
1366
1401
1454
1548
1634
1685
1695
1738
1798
1803
1811
1905
1993
1467
1524
1575
1482
1592
1138
1163
942
973
1047
736
1104
577
651
686
670
1048
581
664
581
605
826
575
1003
576
