4980
5011
5290
5358
5506
5568
5594
3673
3440
4351
5531
8818
849
5471
4253
4095
4075
4043
4027
3400
3297
3273
3152
3116
3099
3151
3216
3238
3301
3364
3515
3499
3482
2965
2914
2859
2868
2925
2999
2994
3011
3057
3075
3084
3127
3196
3290
3446
3627
3754
3846
3927
3965
4007
4012
4075
4132
3713
3758
3769
3826
3859
3897
3213
3244
2873
2785
2677
2695
2727
2767
2788
2860
2921
2943
2978
3011
3005
3030
3059
3118
3040
3055
3122
3191
3226
3290
3410
3460
3513
3560
3617
3666
3725
3741
3826
3894
3943
4001
4016
4047
4072
4079
4104
4120
4154
4204
4322
4373
4422
4495
4549
4588
4626
4668
4721
4721
4777
4836
4857
4864
4889
4936
4975
5016
5022
5080
5141
5211
5225
5237
5249
5253
5262
5281
5326
5388
5433
5441
5468
5455
5469
5495
5537
5581
5584
5592
5705
5707
5739
5748
5750
5778
5855
5867
5912
5952
5985
6033
6090
6168
6211
6211
6243
6274
6294
6364
6372
6388
6422
6478
6507
6546
6559
6586
6620
6692
6746
6786
6825
6904
6972
6995
7003
7016
7062
7121
7158
7164
7170
7210
7292
7338
7377
7392
7422
7441
7503
7564
7581
7604
7667
7434
7499
7170
7232
7279
6916
6913
6925
6983
7006
6535
6576
6308
6360
5883
5846
5857
5662
5655
5512
5510
5526
5258
5260
4789
4859
4903
4782
4785
4511
4511
4259
4289
4263
3821
3847
3700
3750
3789
2433
2445
2443
2438
2406
2415
2386
2156
2208
1972
1995
1948
1657
1695
1145
1144
1172
1060
1146
837
900
688
760
1257
954
1080
551
555
648
596
820
588
633
521
582
819
578
1040
636
678
701
748
848
656
1120
609
655
694
705
882
631
1045
600
607
632
632
1005
568
615
680
695
972
557
981
572
636
563
606
842
646
909
606
639
668
747
987
591
805
603
641
539
604
833
588
1018
610
702
710
697
1064
603
706
681
688
1001
597
834
601
639
539
595
1009
574
877
576
591
556
611
826
598
1060
615
658
720
592
860
618
1038
583
619
607
602
996
640
655
724
765
1046
584
761
608
655
603
637
1008
592
850
609
661
568
630
779
603
995
628
725
759
788
1013
598
664
609
599
972
614
854
568
622
561
607
822
620
960
573
612
672
698
1014
577
596
618
660
813
572
992
602
644
543
582
837
599
1025
596
669
690
616
1010
605
643
682
775
1060
590
810
588
653
600
605
984
606
894
590
638
534
583
816
580
993
607
616
664
718
906
563
1121
596
630
669
710
1011
611
665
671
791
1036
624
818
614
663
607
643
1018
571
818
591
617
536
589
816
636
1018
593
612
647
701
1043
609
654
575
617
1018
583
781
605
647
556
637
1038
601
992
597
610
635
663
1049
617
1312
619
659
733
650
920
667
985
601
617
674
718
1095
610
632
662
674
1076
662
824
597
623
542
674
853
599
1002
617
653
693
724
1041
609
679
665
651
1019
616
761
595
595
550
612
995
637
908
602
611
515
603
833
597
1044
614
651
772
826
975
574
649
645
678
937
612
1027
597
604
605
607
898
626
815
624
632
570
596
807
569
1034
587
616
680
708
1045
613
623
626
690
1122
586
1001
593
655
526
534
1090
575
1039
595
642
655
592
922
594
730
790
755
1037
598
654
559
618
980
604
971
580
595
656
596
963
590
668
841
753
799
671
677
522
581
893
554
608
559
612
828
616
996
634
681
703
584
1003
588
649
697
566
842
606
625
537
588
939
603
632
598
613
977
571
626
530
556
783
597
1074
588
628
677
534
893
603
598
538
691
876
601
1092
572
610
611
655
950
612
622
591
613
777
589
1030
605
639
738
587
821
583
673
565
612
921
614
651
683
717
1026
620
845
649
677
530
606
836
617
1049
605
667
730
749
992
584
615
532
580
860
627
1020
580
589
648
581
932
569
642
685
591
1044
568
548
546
556
938
594
639
607
636
1006
590
779
599
624
558
613
927
599
669
603
598
1001
587
901
621
630
662
674
1021
621
651
689
745
1009
605
891
618
746
582
581
920
640
709
816
850
1019
613
1020
628
663
700
715
996
588
661
524
586
979
573
636
597
657
1095
580
932
587
595
609
606
1005
645
674
716
755
958
602
978
604
655
659
726
1065
588
647
507
551
941
588
629
599
652
1010
587
963
592
667
696
633
1116
611
661
588
607
942
607
660
614
663
1025
563
925
571
572
615
595
1110
607
622
515
591
919
596
952
558
560
697
612
794
614
641
527
582
855
589
1070
611
646
745
577
789
592
3334
3147
3186
3245
3201
846
1828
890
664
873
770
779
803
723
740
754
759
767
806
731
752
760
766
747
716
745
732
751
744
732
755
756
781
1552
3141
13697
2713
3844
4325
3983
1038
4358
1031
5025
2301
689
2177
691
2313
2298
683
2564
1278
1178
5353
4259
4043
1956
2778
1365
717
654
609
587
609
636
638
651
701
720
758
818
887
938
912
934
969
1005
1034
1099
1171
1257
1098
1125
1166
1219
1263
1300
1200
1289
1341
1383
1391
1375
1365
1390
1472
1546
1616
1621
1631
1654
1650
1678
1683
1752
1832
1845
1864
1896
1888
1910
1942
1989
2082
2109
2142
2169
