8360
8370
8447
8494
8528
8593
8631
8699
8764
8795
8854
8512
10813
1289
2051
2406
2348
2392
2383
1111
7875
1588
1617
1646
1304
1338
1343
2243
7489
1196
901
909
1692
1897
925
962
898
1026
4489
3577
1933
3295
4373
1077
741
593
960
642
698
765
752
768
831
955
839
632
713
533
548
550
490
540
559
2434
2485
2475
2435
1363
1357
1426
1444
924
878
1721
1484
5256
1027
993
987
923
1757
1776
1764
1748
1801
1865
1906
1947
1980
2008
2095
2156
2215
2312
2311
2374
2409
2464
2506
2588
2390
2420
2405
2444
2478
2482
2509
2527
2602
2586
2597
2582
2619
2670
2714
2738
2783
2801
2800
2857
2892
2958
2998
3048
3109
3073
3095
3147
3207
3279
3306
3374
3361
3427
3487
3481
3537
3575
3600
3685
3708
3811
3876
3941
3982
4038
4086
4126
4187
4215
4243
4280
4333
4382
4460
4513
4628
4703
4779
4811
4826
4858
4889
4948
4984
5042
5102
5136
5175
5193
5249
5285
5311
5372
5417
5483
5520
5546
5580
5222
5308
4842
4879
4877
4828
4849
4306
4317
4279
4266
4264
3815
3793
3523
3525
3258
3257
3286
2986
2978
2511
2529
2551
2381
2401
2142
2122
1918
1951
1930
1648
1682
1161
1151
1171
998
1021
756
792
567
618
856
639
969
563
629
828
597
804
587
633
562
569
994
588
604
608
648
1023
610
820
583
604
562
586
844
615
1049
575
602
737
579
803
573
593
517
619
1034
597
672
631
679
1128
602
1019
609
621
671
696
1058
589
641
521
632
990
618
992
595
585
675
586
821
636
677
523
581
1293
592
626
500
589
1261
623
1016
537
586
717
580
913
726
613
517
567
1012
588
649
533
615
1023
601
868
624
634
549
577
1018
610
640
653
664
1073
598
869
624
635
542
585
844
593
1110
626
638
685
734
1078
601
664
590
581
990
587
1011
613
637
673
657
1052
605
653
596
638
1036
568
874
614
615
543
595
830
577
1069
604
600
612
625
860
616
1066
575
600
623
635
1058
621
715
620
657
1019
607
898
614
659
549
609
1186
927
1114
608
630
666
674
976
586
606
609
651
902
606
1060
651
703
686
743
1100
617
845
592
623
539
634
936
618
876
642
706
602
674
1068
609
890
591
646
544
618
1076
598
817
600
682
560
586
823
611
916
591
645
552
610
834
596
1034
632
668
731
709
1448
922
951
994
1014
1010
701
1009
579
690
666
682
1037
613
825
590
601
541
607
917
585
936
577
605
535
599
967
587
612
578
588
1021
589
853
608
641
601
624
1109
609
801
574
568
518
584
879
630
1039
601
633
676
665
1082
566
601
546
576
1027
591
805
593
632
522
576
854
593
1028
593
643
673
643
1121
590
601
590
567
974
602
842
607
610
533
594
908
607
1115
605
611
630
636
999
554
606
586
625
1015
626
836
617
605
643
670
1093
578
833
607
621
542
612
845
617
889
605
635
556
619
828
611
931
603
639
564
593
859
606
1027
608
716
729
708
1041
593
670
571
610
1036
601
854
593
658
543
601
827
585
1020
580
611
632
635
1009
599
636
570
625
1038
588
814
583
614
524
592
887
580
994
589
638
667
585
1050
568
630
570
640
1053
603
894
585
640
523
564
837
566
1053
579
623
634
658
917
578
1048
584
597
650
687
1054
584
632
567
612
1079
599
816
615
647
554
570
967
575
590
548
584
973
593
612
531
604
1010
590
626
552
558
966
555
612
580
669
1090
616
1006
619
654
747
622
853
593
615
584
731
798
597
655
547
608
979
596
607
529
601
1003
600
658
643
686
1109
605
979
587
620
729
602
1013
579
602
714
572
884
615
650
536
606
1006
634
653
629
651
1033
607
1059
647
677
746
700
1063
606
708
652
707
1052
600
896
619
643
521
590
1033
616
673
558
605
1039
600
979
617
649
764
615
839
586
599
554
618
979
630
644
616
595
982
608
997
589
665
698
673
1066
620
680
609
623
1073
604
988
590
640
680
612
1093
617
648
548
609
1087
601
625
623
660
1044
587
965
582
581
611
672
1047
609
638
540
581
1020
608
652
608
663
1046
613
1059
578
572
568
548
982
623
651
550
591
2571
1043
1355
1744
2035
1630
1377
14652
755
1280
708
698
776
783
752
724
745
754
794
879
912
950
1007
1028
1110
1199
950
958
1002
1051
1090
1161
1200
1257
1308
1355
1361
1408
1490
1528
1587
1634
1183
1233
1283
1321
1396
1436
1498
1526
1524
1581
1632
1705
1777
1857
1900
1764
1737
1741
1777
1770
1787
1788
1784
1809
1826
1852
1875
1911
1930
1944
1960
1996
2031
2067
2112
2147
2187
2221
2255
2277
2284
2330
2396
2488
2538
2598
2658
2687
2692
2717
2751
2829
2904
2975
3062
3106
3164
3231
3301
3325
3352
3377
3409
3447
3499
3486
3551
3627
3681
3741
3826
3888
3973
4039
4081
4127
4184
4246
4267
4317
4358
4444
4486
4524
4535
4585
4638
4313
4329
4361
4229
4273
3745
3746
3499
3550
3367
3236
3294
2825
2836
2852
2572
2577
2281
2252
2021
2061
2092
1659
1720
1612
1683
1705
1078
1088
656
687
835
604
908
581
637
523
585
836
591
1064
629
683
802
594
1002
597
613
543
593
844
643
