5309
5316
4742
4630
4731
4739
4533
4534
4599
4609
4890
4842
4942
4999
5180
3838
3288
2561
1634
1741
1733
1358
1110
1112
1061
1200
3677
2001
1961
1874
1874
2050
2128
1575
1379
1415
1463
1440
1429
1499
1502
1515
1638
1723
2124
1853
1732
1919
1574
1485
1425
2297
3473
5017
5143
5084
4814
4370
4122
4162
4200
3568
3104
2698
2330
2046
1760
1844
1933
2235
2332
1753
1827
1376
1295
1324
1517
1410
1394
1392
1287
1810
1741
2151
6728
1959
1686
1454
1349
1658
1561
1019
940
3216
1836
2055
2577
2776
3297
3913
4178
3748
3507
3205
2785
2448
1966
1553
1342
1175
1430
1402
1551
1735
1478
1582
1339
2425
3269
4339
5372
6272
6063
5840
5407
4631
3846
3223
2682
2251
2092
1788
1274
1313
1310
1404
1357
1399
1175
1210
1388
1313
1389
1354
1087
1275
2858
4052
5310
6377
6324
6017
5743
5452
5304
4839
4445
3992
3457
2990
2610
2675
2697
2818
2935
3058
3024
3104
3103
3144
3258
3316
3382
3489
3624
3565
3613
3848
3982
4228
4129
3995
3102
2119
1791
1678
1356
1228
1326
1154
1126
1216
1255
1220
1008
1178
1080
1071
968
961
1089
1159
1196
1293
1441
1564
1541
1599
1191
1304
1561
1713
1800
1888
2151
2331
2506
2482
2619
2764
2880
2703
2502
2583
2682
2762
2807
2976
3074
3185
3376
3669
3912
4052
4145
4202
4164
4139
4193
4267
4387
4467
4515
4625
4669
4754
4888
4883
4907
4934
4958
4953
4927
4918
4947
4978
5028
4994
4995
5058
5122
5191
5199
5262
5332
5359
5421
5468
5526
5647
5756
5809
5817
5888
5941
5970
6022
6044
6081
6136
6201
6225
6280
6215
5865
5555
5410
5446
5542
5719
5872
6023
6063
6189
6347
6430
6575
6643
6780
6978
7139
7306
7397
7520
7646
7791
7916
8033
8125
8226
8214
8310
8414
8500
8622
8706
8776
8912
9122
9250
9411
9549
9723
9872
10046
10279
10373
10436
10556
10611
10682
10697
10709
10744
10804
10905
10849
10688
9856
9395
8978
8606
8265
7909
7300
7115
7073
7064
6966
6858
6720
6826
6881
6958
7108
7152
7211
5070
5076
5166
5174
5067
5114
4666
4206
3674
2938
2363
2007
1668
1782
1840
1995
2151
2187
1773
1343
1286
1292
1137
1476
1247
1141
969
937
884
850
821
810
913
1076
1131
1212
1310
1392
1551
1597
1638
1790
1912
1995
2082
1831
1786
1886
2012
2131
2275
2476
2580
2757
2849
2986
3116
3245
3366
3548
3585
3658
3699
3675
3745
3813
3926
4051
4291
4372
4472
4574
4657
4778
5987
6930
8109
9169
10268
11237
12331
13212
14218
15126
16019
17192
18078
18068
18098
18199
18302
18456
18580
18660
18738
18927
18951
18879
18555
18253
17647
17169
16620
16087
15567
14860
14330
14022
13865
13740
13535
13306
13165
13058
12715
12514
11939
11432
10824
10260
9657
8918
8800
8696
8584
8422
8216
7849
7517
7268
7043
6908
6721
6518
6470
6344
5827
5268
4711
4042
3375
2750
2676
2575
2376
2177
2022
1993
1886
1753
1475
1358
1400
1486
1441
1654
1453
1605
1128
945
1560
1659
1830
2063
2372
2326
2527
2326
1836
1752
1898
2072
2128
2241
2429
2500
2616
2698
2735
2763
2911
3050
3140
3225
3321
3422
3576
3671
3862
3993
4068
4191
4267
4330
4280
4293
4339
4405
4364
3780
3328
2864
2412
1979
1512
1406
1157
1083
892
1019
1020
1011
994
1006
1079
1112
1145
1080
1265
1410
1328
1360
1292
1253
904
972
1049
964
903
873
1012
879
945
1001
1103
1268
1314
1305
1315
1409
1061
942
979
1037
975
891
875
987
929
1098
1241
1385
1255
1372
1275
1254
1448
1039
1084
1225
1169
1089
1043
1002
1023
907
909
928
1000
1093
1036
1276
1263
1330
1338
1281
1375
1424
1436
1522
1290
1345
1933
2389
3309
4181
5018
5614
5479
5362
5260
5141
5101
4643
4165
3658
3120
2551
2104
1449
1166
1003
889
926
879
861
898
995
1099
1097
1254
1342
1409
1316
1332
1331
946
1118
1362
1243
1116
995
880
858
928
956
997
1075
1072
1296
1450
1355
1405
1324
1273
940
1021
1129
1118
1060
948
870
871
917
973
1035
1284
1424
1361
1480
1326
1228
921
968
1056
1014
900
926
878
932
990
1045
992
1424
1768
1818
2187
1613
1120
1223
1302
2236
3001
4038
4979
6002
7153
7377
6851
6222
1459
1202
1179
1175
1248
1268
1371
1441
1432
1327
1402
1482
1359
1773
2142
2742
3626
4352
4792
4682
4600
4499
4529
4421
4203
4065
3907
3792
2971
2113
1371
1311
1553
1244
886
920
1052
999
1022
897
1022
936
860
870
955
977
1278
1301
1512
1401
1333
1353
1318
943
1038
1259
1012
1025
988
1099
1059
1308
1606
1369
1364
1385
1465
1193
1082
1010
828
906
926
1016
1110
1150
1014
1008
1044
1083
1512
1307
1422
1278
1518
1544
954
999
1038
1067
1025
2062
2806
3584
4396
5215
6080
6957
7354
7919
7287
6566
5841
5301
4816
4796
4584
4314
4161
4001
3802
3649
3484
3358
3216
3018
2110
1574
1647
1487
1605
1536
1450
1484
1420
1723
2269
2499
2755
3016
3626
4147
4292
4481
4614
4609
4696
4780
4877
5081
5287
5435
5509
5665
5803
5893
6045
6182
6192
6254
6418
6620
6795
6916
6996
7050
7172
7272
7333
7261
7318
7339
7545
7658
7737
7831
7930
7992
8028
8105
8145
8311
8475
8558
8552
8609
8661
8698
8744
8803
8827
8842
8887
9115
9286
9221
8301
7427
6573
5626
5233
4966
4801
4101
3473
2978
2501
1805
1418
1350
1431
1587
1490
1619
1564
1188
1286
1306
1017
980
1184
2299
2798
3220
3230
2570
1830
1766
1787
1803
1843
1691
1637
1675
1671
1617
1666
1699
1591
1512
1433
1419
1381
1335
1292
1315
1244
1051
1037
1048
1021
1055
974
973
1533
1025
956
928
977
937
899
883
1184
1184
1256
1408
1396
1106
968
1013
1066
952
1009
