9155
12202
12229
12245
12286
12319
12329
12356
12344
12366
12428
12505
12522
12505
11593
10561
10325
10173
10052
10008
2824
2818
2781
2816
2802
2768
2756
2648
2531
2431
2329
2238
2162
2044
1933
1815
1719
1617
1526
1449
1376
1277
2388
2395
2275
3768
1792
1003
4144
1166
891
866
882
899
1005
5819
651
643
664
3395
4703
2307
792
2515
716
2724
1659
768
621
598
604
588
568
613
625
674
697
747
887
559
661
711
786
840
931
977
1007
1085
1191
1240
1276
1338
1483
1543
1614
1491
1075
1007
1065
1096
1109
1124
1150
1179
1238
1282
1331
1342
1345
1402
1445
1454
1497
1512
1525
1525
1569
1620
1599
1639
1642
1723
1773
1814
1854
1880
1913
1974
1978
2005
2025
2066
2116
2183
2245
2326
2349
2340
2368
2443
2510
2576
2671
2677
2671
2700
2774
2822
2893
2951
3038
3066
3128
3164
3253
3357
3408
3489
3411
3419
3502
3630
3670
3730
3832
3905
3999
4082
4171
4207
4238
4282
4363
4406
4458
4529
4590
4600
4621
4636
4648
4693
4739
4823
4880
4909
4973
5053
5136
5197
5295
5320
5353
5345
5374
5385
5391
5384
5383
5374
5321
5331
5292
5322
5325
5305
5312
5342
5357
5197
5188
5191
5040
5049
4727
4724
4487
4488
4500
4004
4017
3791
3781
3741
3259
3307
3118
3165
3190
2674
2691
2637
2610
2655
2081
2128
1650
1646
1674
1452
1492
1029
1036
1085
839
947
602
659
523
578
1022
638
681
602
642
1152
658
1026
628
639
647
655
1066
590
674
636
693
1074
630
823
603
633
520
564
1270
602
612
610
594
1359
596
945
595
622
793
668
879
590
579
545
587
1027
603
605
623
654
1097
600
954
573
626
653
586
1079
603
629
610
613
1042
601
996
568
554
588
604
1043
639
644
539
598
1089
598
659
585
631
1047
578
1001
592
638
666
649
1073
609
656
565
584
996
601
634
562
606
1064
609
991
593
602
628
622
1050
609
633
530
594
930
606
1022
585
593
730
611
856
598
622
554
625
997
611
615
543
601
1107
621
1018
586
588
725
589
918
623
644
532
590
971
606
650
536
605
1113
592
1028
607
643
662
616
1031
645
658
529
578
887
588
1093
610
654
706
582
1195
904
919
540
603
1150
601
627
549
618
900
590
1054
586
615
755
581
1000
601
645
818
600
1067
624
660
535
587
1246
607
994
580
620
654
548
1041
577
597
566
578
1020
571
617
558
603
1067
583
1052
553
562
580
588
1047
556
585
554
578
856
587
1129
579
609
773
625
861
582
615
532
552
873
629
970
607
652
768
606
1153
558
574
627
667
1126
585
594
532
590
877
581
1110
607
643
776
606
909
607
620
554
613
990
594
628
612
659
1138
605
1015
603
618
762
580
868
600
649
541
590
869
596
1013
609
626
726
578
855
585
634
572
593
855
611
1037
617
637
745
598
1076
613
671
700
661
1100
585
616
543
609
877
569
1029
573
601
777
610
870
588
608
557
606
1010
614
643
589
650
1137
615
853
599
635
531
579
1064
590
628
595
612
1024
586
850
589
609
565
590
1018
581
578
606
643
1037
596
1012
591
595
623
603
1078
591
607
555
596
846
623
1064
574
604
759
570
1056
571
572
580
587
1037
601
608
600
619
1085
614
955
611
612
654
627
1069
602
654
572
589
1016
593
982
582
616
639
636
1030
595
622
559
592
881
575
1023
583
629
702
599
873
632
664
564
609
831
559
1117
576
616
785
589
987
586
568
590
635
1096
591
616
553
594
1067
590
586
586
583
1034
596
958
619
638
650
631
1325
582
573
608
624
992
569
1878
585
597
639
675
652
650
666
682
733
905
595
633
550
553
965
584
588
612
589
1077
567
1123
597
579
618
624
1172
693
582
549
587
810
584
1044
594
585
795
588
981
563
578
699
576
1050
600
646
523
560
915
601
1007
564
620
671
583
1083
573
627
537
631
929
574
1021
562
602
659
618
1076
590
612
510
604
911
592
1078
598
607
692
723
1093
557
592
516
584
950
626
1037
582
608
707
607
873
577
652
580
595
1050
622
878
601
633
540
639
901
591
990
609
658
790
621
865
579
643
565
630
1067
615
858
616
657
543
612
865
616
914
571
601
557
601
867
582
1025
570
591
629
601
1053
590
601
515
615
941
558
1072
586
639
594
637
903
598
1031
612
639
3901
3992
1224
1729
1728
2004
1264
1058
914
936
940
890
887
899
893
849
933
4749
989
905
934
894
889
679
890
764
763
721
1367
804
796
766
762
732
746
738
1539
784
836
742
785
796
736
778
812
1923
679
630
1514
1505
1488
1434
1459
1520
1553
1565
1569
1564
1584
1633
1649
1733
1985
2013
2020
2066
2052
2090
2145
2184
2247
2283
2374
2465
2501
2511
2577
2649
2682
2719
2825
2877
2918
2961
3033
3071
3131
3171
3228
3290
3293
3440
3511
3580
3637
3689
3736
3810
3823
3869
3900
3904
3931
3946
3965
4003
4078
4164
4233
4317
4400
4498
4554
4591
4673
4720
4783
4831
4878
4929
4977
5032
5092
5130
5119
5109
5127
5177
5218
5267
5316
5374
5379
5432
5460
5454
5492
5525
5555
5567
5632
5658
5687
5705
5740
5741
5789
5775
5807
5775
5791
5828
5844
5883
