2590
1599
1144
792
704
671
658
771
735
1125
1046
753
729
704
883
1456
771
584
602
659
631
1455
972
805
771
610
841
1336
789
645
675
591
828
633
1761
833
625
587
791
1749
1160
646
687
591
628
1378
785
585
627
663
1050
660
1744
571
552
622
641
2156
627
601
652
660
642
1884
751
1056
818
945
829
1158
1503
814
851
711
681
623
682
604
612
683
774
741
699
661
622
681
684
643
620
752
688
646
661
678
1799
653
599
605
578
809
2082
629
742
635
630
646
621
606
628
622
611
665
1194
699
715
790
682
1951
658
721
629
715
913
1146
1832
725
651
607
714
640
2195
751
651
728
719
996
681
620
615
598
668
1974
708
579
663
578
1079
1821
654
603
598
672
671
1972
653
622
596
667
1889
1528
666
767
605
678
2002
1395
638
617
629
666
2086
1260
651
620
872
724
971
2412
860
640
588
677
653
1288
656
596
581
830
855
1752
637
709
664
892
1771
1015
604
633
618
681
620
1157
811
664
699
889
860
1054
939
735
1091
1063
907
1914
771
625
588
773
1773
595
597
697
600
925
1934
829
730
669
866
655
737
624
657
622
625
1415
821
614
603
598
600
1184
1398
589
611
557
681
760
1580
638
567
844
1011
1824
1347
908
1060
764
748
1056
630
605
818
966
1075
977
961
1234
888
830
698
833
2347
686
616
580
743
767
792
2404
873
606
582
783
2475
2107
575
584
873
809
811
808
750
811
885
821
799
840
1016
995
933
842
960
909
919
1133
1105
776
752
724
809
794
883
1276
1017
870
984
1688
1296
869
643
875
952
1045
888
804
854
1065
937
898
720
679
1742
1029
828
1303
809
1701
913
714
978
1113
677
1961
915
930
1104
1086
1351
1629
1125
1056
795
960
1429
1016
1375
2064
1071
1113
1622
1062
1041
926
973
935
836
810
1996
811
996
828
773
1051
900
1304
1847
888
857
870
1065
889
814
849
841
816
866
830
839
1038
878
767
708
1119
1729
1435
1396
916
877
802
755
797
840
929
1240
1033
908
733
1075
1049
886
779
685
1571
1033
1136
1208
1142
1359
979
1845
2424
1058
938
1053
955
1751
913
843
1436
1175
1309
5365
770
770
763
991
2487
876
1335
1179
800
984
2292
822
967
836
946
942
897
910
985
895
1104
813
702
739
659
672
634
742
790
684
614
646
1480
747
634
599
646
794
1180
1175
788
616
710
889
872
657
610
636
623
589
853
731
731
684
665
995
1549
1451
1379
1327
981
817
744
708
1258
605
824
653
891
1264
1755
769
615
613
721
1338
720
658
610
1227
1223
1077
682
696
611
618
644
1284
1135
1092
1099
766
946
703
1508
671
638
630
694
817
2188
719
666
613
691
891
1282
695
628
662
884
902
738
655
902
833
813
829
830
896
621
931
832
843
656
592
857
628
875
882
644
846
677
721
866
851
849
856
818
875
838
870
1651
731
673
621
612
619
647
616
635
649
916
745
683
617
608
617
615
641
794
621
595
792
600
645
864
604
590
631
764
760
1202
693
635
630
749
1097
1254
669
597
655
625
686
844
656
930
632
640
1086
808
626
710
680
622
1047
900
677
605
622
752
666
1258
650
629
751
658
651
787
640
644
642
882
658
640
727
823
644
652
1171
1039
760
762
602
673
600
941
897
622
668
621
757
859
683
613
603
630
730
1079
686
671
656
598
699
1041
695
660
562
575
613
1103
591
633
605
566
785
968
671
562
608
577
830
1134
640
706
592
714
1116
1458
680
863
678
581
837
1171
634
592
581
611
1205
722
683
715
687
1736
1531
1088
1181
1268
1382
743
830
798
883
858
939
718
628
664
648
634
654
685
726
680
681
618
662
703
1207
1384
708
731
615
625
830
1064
638
650
710
717
755
1104
1311
808
663
602
651
671
1896
598
635
601
653
692
640
1026
615
802
602
599
589
772
983
588
661
546
595
705
689
824
641
595
663
608
599
936
608
595
678
603
663
1804
1735
724
708
607
666
738
1691
1409
663
581
782
742
953
669
1340
607
602
592
662
1588
1025
681
589
593
587
663
1862
1095
693
609
589
742
965
1417
698
599
606
580
657
1407
861
620
610
678
690
751
1994
818
708
758
668
771
728
1228
1659
782
709
605
631
868
938
718
633
622
638
730
1029
617
635
635
624
762
779
1232
755
653
612
1131
659
772
1194
1185
658
873
733
790
156177
639
539
530
861
754
651
542
723
528
505
548
556
568
541
553
669
608
538
523
519
517
581
1072
621
580
682
518
591
707
738
655
638
571
582
578
1172
557
663
979
603
629
765
638
678
927
645
615
572
612
564
616
600
661
601
594
607
527
1609
623
554
657
560
559
642
626
617
656
632
669
546
539
604
860
813
641
626
616
717
569
645
705
726
657
726
681
632
670
645
724
820
865
589
755
757
559
537
738
667
618
651
674
591
655
737
704
826
1011
690
667
705
831
883
874
854
798
835
688
