4376
4462
4516
4613
4731
4786
3219
3518
12323
2258
689
648
1318
2287
619
609
599
623
637
738
740
755
790
836
927
919
970
1067
1087
1436
627
628
715
749
717
712
726
761
803
887
935
993
1009
1027
1167
1206
1235
569
595
613
666
699
744
841
848
843
874
918
931
948
576
592
554
585
600
639
665
715
656
694
759
829
866
943
1001
1048
1078
1121
1190
1211
1246
1337
1418
1450
1486
1534
1608
1658
1751
1661
1694
1743
1759
1799
1852
1886
1934
2019
2084
2126
2150
2202
2241
2289
2343
2419
2452
2486
2553
2594
2654
2704
2773
2807
2839
2887
2924
2934
2943
2987
3065
3129
3191
3241
3332
3376
3409
3464
3499
3584
3642
3695
3818
3901
3953
4026
4079
4110
4147
4186
4255
4326
4361
4416
4465
4530
4567
4622
4678
4724
4775
4807
4846
4892
4940
4983
5048
5109
5171
5200
5253
5286
5329
5365
5389
5423
5467
5484
5526
5565
5599
5610
5667
5731
5792
5849
5897
5976
6024
6051
6108
6138
6190
6227
6229
6242
6239
6236
6239
6271
6350
6395
6381
6160
6178
6007
5988
5991
5539
5574
5493
5487
5488
5010
4995
4565
4558
4548
4537
4545
4193
4181
4006
3989
4001
3560
3546
3524
3543
3584
3185
3213
2765
2772
2767
2700
2679
2179
2172
2034
2030
1999
1690
1703
1260
1263
1309
1121
1156
913
918
746
828
1020
563
615
579
632
1018
607
972
586
584
699
593
870
626
627
511
582
1003
617
651
585
616
994
584
999
582
588
622
674
1002
620
664
557
590
839
611
1032
618
647
655
550
812
589
651
499
589
1143
600
623
520
560
882
578
954
559
591
684
586
975
606
661
728
718
1055
632
703
666
690
1092
623
984
583
600
632
671
1095
588
607
536
583
945
593
645
577
598
997
539
977
592
630
648
654
1025
560
639
522
574
827
583
1073
616
616
724
597
781
592
643
564
608
842
611
977
583
984
828
808
808
583
589
615
614
615
614
637
610
664
892
579
1001
606
629
755
614
844
572
610
530
618
915
566
608
563
594
1065
583
1030
578
610
733
581
818
613
657
542
601
811
592
984
597
660
795
611
887
596
632
557
591
778
617
1007
577
611
725
571
975
578
669
722
624
1030
561
605
497
578
900
571
974
563
589
718
599
834
578
600
528
592
1014
605
635
650
722
1029
627
831
598
618
565
599
901
628
680
637
658
968
579
813
587
642
536
586
910
573
665
588
666
1106
605
983
596
613
655
668
959
590
649
543
589
814
575
963
544
574
732
605
979
565
558
596
641
1008
605
607
638
659
1022
593
941
611
625
621
651
981
583
597
593
625
931
564
912
587
594
609
621
951
589
605
545
613
861
581
975
598
593
630
567
799
630
650
540
611
813
575
1074
586
618
936
1038
865
579
561
562
576
923
582
602
530
578
1005
587
599
607
596
964
597
948
603
595
608
626
945
591
608
581
576
993
599
598
608
610
1010
624
905
618
633
653
672
947
579
607
477
532
1023
576
642
642
672
1061
596
906
620
605
657
673
979
604
628
559
610
843
609
1009
614
622
687
593
934
588
612
671
706
1029
613
639
559
594
853
605
970
581
598
606
612
969
610
623
566
592
847
572
1015
580
590
608
616
988
604
609
518
540
763
623
1082
617
644
667
706
978
565
583
548
599
801
614
1056
581
598
623
612
880
615
703
610
632
975
599
866
609
622
517
592
833
602
1030
611
619
672
588
773
595
684
565
625
1003
620
808
621
631
543
617
839
613
912
619
651
558
623
811
615
1025
572
590
606
611
902
592
580
625
688
958
561
976
589
608
638
689
837
614
1027
584
592
606
632
891
617
885
603
624
637
657
943
586
822
608
638
544
616
851
596
905
617
667
523
561
825
612
1010
609
650
703
679
1001
606
696
681
756
974
613
995
604
631
669
762
980
613
973
610
639
681
687
781
606
1025
610
619
617
665
798
596
964
629
655
726
760
851
612
994
607
671
674
678
979
592
799
604
620
671
713
857
616
1007
636
644
676
709
971
613
822
598
625
536
577
818
594
892
615
647
527
567
802
597
945
575
591
564
537
771
585
888
590
593
571
636
865
608
1040
607
647
682
724
887
611
1031
604
635
684
553
816
599
637
593
664
1302
605
826
598
614
562
631
846
602
864
629
656
532
576
972
570
574
578
552
970
567
814
599
617
546
573
827
608
1023
592
604
4875
1153
1360
1435
1394
1332
2069
1727
1679
1061
1273
1288
867
889
821
887
891
914
630
846
787
746
737
750
697
740
730
721
729
750
652
754
725
699
726
715
735
744
721
710
727
769
739
999
954
959
967
971
946
974
942
1195
1987
851
1990
639
1190
633
616
678
687
748
798
817
606
661
588
594
626
617
619
636
687
737
763
793
738
755
782
811
818
872
944
991
1001
1100
1142
1182
1249
1310
1399
1479
1539
1600
1643
1663
1586
1647
1684
1690
1753
1802
1833
1877
1924
1998
2094
2164
2199
2218
2254
2287
2346
2427
2352
