3007
1877
821
1343
886
627
930
819
1092
1231
807
951
714
627
688
1102
1370
718
692
1017
914
1198
624
738
607
687
812
681
619
1151
897
756
641
607
879
1556
1528
883
716
1008
847
634
681
847
616
897
633
662
594
773
1270
1083
623
609
596
608
915
753
641
806
1034
679
701
666
709
2357
1928
1056
751
737
912
789
844
1439
1371
1168
1021
1089
846
908
1001
1442
1114
625
590
858
1020
829
700
699
884
715
1110
1219
812
1053
734
663
734
702
717
855
648
1174
1141
797
726
856
720
733
898
739
701
988
1121
637
582
556
567
565
578
1285
592
572
549
586
1445
863
718
677
617
829
671
1112
755
723
1032
905
1237
1169
755
604
589
560
746
1036
727
1262
1005
562
579
1212
565
775
838
819
572
883
554
915
1100
817
676
788
612
832
698
727
619
648
641
1255
897
609
1419
620
575
569
637
1228
802
570
796
1264
767
644
1705
696
854
1090
991
915
993
1188
885
960
723
995
802
879
843
1552
1202
766
676
807
695
584
624
1196
863
992
1166
961
688
960
690
810
848
845
953
1043
792
834
736
642
843
842
858
802
847
905
848
1249
859
838
835
720
739
642
647
661
650
1026
805
1756
626
625
619
618
1310
689
849
663
746
697
1720
1089
1053
829
1086
676
852
688
930
1034
1179
1116
1094
1147
965
1050
1016
1007
1988
1329
693
899
1199
1339
996
1098
1390
769
652
713
1220
931
1072
971
1164
1212
936
1043
1263
1488
1272
1023
1003
866
1543
1183
991
742
597
913
714
701
1159
615
1503
739
607
616
1140
707
693
841
614
603
2243
857
970
829
1008
750
2373
640
590
1952
823
674
879
1271
682
690
646
729
893
1533
710
720
705
674
754
1585
720
645
843
735
1063
670
706
726
929
688
767
754
683
681
832
691
1140
811
1609
887
719
689
703
662
953
655
635
1027
692
961
736
690
833
742
736
679
664
689
895
1093
666
649
649
684
893
709
629
681
583
648
1526
661
619
643
602
865
667
1109
663
639
664
1027
626
658
733
790
621
649
648
864
1334
712
712
657
1116
938
1206
686
648
686
689
1028
755
1498
1315
855
842
657
779
709
659
939
798
732
808
1737
1002
756
868
626
647
638
748
820
740
840
640
605
966
1491
734
695
651
699
1553
646
676
673
623
889
620
1082
660
769
725
942
1119
634
647
647
620
624
604
751
847
807
659
618
668
682
610
1305
924
1197
1285
980
949
1512
1442
752
641
652
656
811
652
1805
782
730
641
1196
728
662
640
633
1268
1778
1040
642
725
644
663
643
917
1050
739
1705
1004
650
678
1640
743
591
581
587
1250
1343
625
605
624
608
647
1840
597
908
698
624
800
1027
1365
627
682
713
827
1388
675
614
787
647
751
1626
769
677
620
710
1648
977
669
744
678
638
1045
1775
792
1010
843
974
858
1418
874
656
841
789
804
625
999
745
623
608
625
968
988
632
613
710
1691
904
1111
604
671
608
1132
641
602
603
623
631
664
1167
676
921
662
707
2079
1068
594
646
733
628
1474
864
1241
955
980
939
2108
806
622
1537
1426
830
1300
1848
783
698
651
735
1939
1636
744
719
691
717
1099
1355
680
1294
1064
680
632
610
598
600
684
585
593
905
1328
1034
877
609
706
878
839
658
641
637
1261
1152
1063
938
809
625
643
1726
799
983
1377
1214
806
999
839
655
619
620
638
1472
1066
1110
683
608
742
956
853
699
661
656
1368
1059
825
663
617
598
591
1146
843
905
614
1250
821
815
811
982
1020
1061
915
987
864
1182
651
642
638
725
645
649
607
616
660
615
1892
779
790
626
664
737
678
857
774
668
1035
1017
861
677
653
644
644
811
676
708
1229
1396
923
882
909
806
763
783
761
771
746
749
1014
623
631
652
619
732
613
602
654
630
820
879
1321
689
645
632
761
2025
1666
1323
1150
949
1655
1392
1734
699
836
1796
1222
732
981
710
644
923
807
852
849
1649
894
699
608
719
1164
1459
628
605
601
606
2401
658
691
654
604
620
792
1839
610
678
644
1019
682
667
819
842
811
636
595
661
1129
2147
1030
659
746
876
655
1851
697
850
1484
858
1026
731
915
1552
764
792
932
1315
814
1347
684
768
755
882
954
1163
1611
1651
808
762
827
821
751
750
794
1388
991
922
904
977
1185
954
919
914
2053
1082
997
770
609
642
898
686
699
961
1134
658
596
657
615
856
1268
1347
721
845
786
736
674
1147
849
595
614
675
876
857
1620
1460
840
647
628
637
632
751
627
773
843
997
866
1264
1277
1007
1139
1322
992
1532
853
810
671
834
622
645
929
864
648
1700
690
655
979
641
640
616
678
646
915
684
1966
638
594
927
637
631
1065
1167
823
630
624
1045
689
631
1723
1097
1163
743
701
608
840
898
880
1441
620
648
802
648
884
888
726
638
1029
687
621
1221
1194
935
688
661
667
1268
1461
605
643
674
926
1105
1088
612
660
882
659
1035
620
653
704
764
631
832
