6745
7098
7341
7705
8022
8332
8756
8816
9035
9066
8558
8402
7152
6847
5906
4841
4448
3369
2734
2050
1448
1579
1396
1316
1036
1257
1471
1801
2105
1705
1607
951
860
994
1189
1349
1571
1781
2190
2333
2471
1222
1038
659
552
1623
561
777
759
898
1575
884
1683
876
1209
1496
1206
2498
831
1031
1007
1190
1358
1255
1252
829
737
732
738
1228
853
834
1065
973
1286
1030
1021
819
1088
1372
1409
1701
882
1141
674
870
1984
1033
1777
954
1300
1653
930
1981
961
1079
739
930
1902
959
1820
889
1207
1569
959
2239
1111
965
1202
1280
2164
697
870
814
858
967
907
1195
980
1258
1543
1897
2194
2146
2217
2246
2511
3170
1033
2431
1208
1214
1122
931
951
921
1188
1192
1268
1446
1188
3318
2256
1113
1257
1289
1450
1600
2234
1937
1339
1700
3640
4304
4002
1629
2032
1862
1331
1238
3237
4367
4923
1847
1163
1506
1644
1361
2002
2962
1271
1429
3904
1171
1795
3961
2786
1928
3061
1804
1716
1565
1332
1376
1084
1170
1016
991
1183
1453
1564
2406
2505
2421
1436
1201
1366
876
967
1036
1351
1556
1749
2003
2315
2504
2742
2949
3159
3396
3543
3729
4034
4278
4306
3867
3892
3013
2751
1901
1831
1830
1738
1789
1886
1722
2117
1106
1283
3237
2129
1879
1280
1116
1381
1454
1592
1044
1344
1268
1256
2905
4097
4927
5420
5259
5453
5701
5965
6160
6433
5674
5736
4934
5465
5868
6264
6505
6714
6856
4873
4198
3952
4158
4415
4639
4865
5103
5290
5475
5737
6099
6152
7274
7110
7692
8117
8621
8873
8352
8445
7233
6992
6108
5955
6082
6387
6653
7052
7341
7548
8182
8511
9050
9626
9952
9355
9557
9814
9925
8871
8190
8134
7901
8070
8180
8723
9014
9233
9751
9821
10161
10674
11203
11594
11149
11378
11639
11934
11198
10888
9987
9832
10042
9671
9832
10129
10411
10379
10402
10535
10665
10532
10502
10083
10214
10199
10334
10380
10388
10092
9054
8688
8096
7678
8096
8278
8513
8740
8832
9146
9632
9769
9807
9761
9767
10035
10065
10142
9899
9594
9248
7446
6304
5810
5015
4910
4692
4341
4389
4434
4743
4888
5224
5047
5087
5109
4320
3151
2222
1306
1149
1335
956
1018
1067
1098
1238
1322
1266
1369
1490
1620
1677
1799
1820
2082
2165
1603
1119
1137
1089
1376
1121
1244
1256
1372
1440
2463
2216
1314
938
1026
1038
1080
1117
1199
1324
1329
1417
1585
1727
1790
1980
1997
1921
1815
1817
1250
1870
1112
1075
1217
1330
1307
1296
1337
1134
941
1875
1134
1109
1743
1601
2189
1071
1111
955
993
1058
1136
1295
1378
1338
1324
1239
1190
1269
1343
1515
1563
2422
1189
1707
1273
1018
1052
1100
1175
1022
935
906
1073
1035
1175
1234
1033
997
896
943
1150
1473
1965
2277
2064
1741
1781
1751
1684
1217
1045
1197
1398
1898
2385
2615
2675
3858
4308
5744
6835
5925
7656
8097
9067
10187
9641
11396
11374
11109
11187
9916
9497
9159
8755
7454
4292
2376
861
498
487
732
746
749
1455
1342
554
496
689
901
917
679
750
553
1643
796
1149
498
518
558
710
724
601
868
817
1192
918
668
527
589
668
623
701
521
662
558
638
831
1003
685
1134
977
1124
1442
1037
4127
1724
3211
2382
1466
1278
1060
1244
1012
1144
927
1037
1741
1449
882
953
1286
1186
1362
1729
1370
893
897
2368
2014
1244
1267
819
862
1681
1730
929
1450
1137
685
1157
1645
1020
787
898
1422
1113
1491
1958
1244
920
881
895
749
816
816
1719
2248
1733
1072
926
1671
1247
2162
1769
1617
1133
1141
1479
1472
1891
2699
1100
1222
1156
1055
1578
1971
1092
1295
1234
1711
1052
1031
953
914
909
1161
1073
5112
1562
1360
1120
1152
1496
1221
1443
1321
1729
1196
1111
1944
1640
1540
1044
1138
1161
2963
1291
1613
1064
1417
1235
1723
1540
1000
1414
2147
1354
1036
1246
1763
1076
1034
1207
1126
1463
1228
1464
1181
933
1104
1045
1336
1040
1150
2156
869
935
976
739
617
800
995
617
686
2296
1137
787
1180
1060
760
926
744
885
884
754
1329
1906
1132
1239
1085
1034
828
1426
1087
871
1227
904
1183
1025
1004
833
970
948
1093
2266
1656
822
1022
957
907
1505
748
1343
1268
936
1542
1402
847
1053
861
718
1262
870
1116
805
937
1041
1327
879
729
827
677
1091
2393
1092
1150
1213
967
1183
1635
1102
907
1174
1152
873
1870
774
972
1192
931
2588
1070
1102
743
820
1273
824
842
1129
839
930
577
988
574
514
858
580
1035
705
1251
689
1475
854
888
1052
1376
539
837
874
696
1233
1739
631
629
1065
882
977
695
932
1298
586
985
767
826
742
1810
862
617
741
1296
1016
805
573
570
737
720
962
567
826
1523
1284
811
586
845
730
915
689
664
691
808
1069
910
1118
704
771
784
1036
789
617
755
756
556
689
534
816
1135
1612
650
644
598
676
597
891
919
576
715
598
897
981
1419
693
984
912
556
1058
808
677
518
551
971
952
845
773
896
974
894
1029
660
953
829
700
863
844
710
565
855
1854
1001
615
941
553
892
1387
756
595
714
649
1128
1072
1267
675
1294
656
807
663
1523
1472
1062
602
525
1148
574
1320
610
900
664
976
974
759
535
1221
651
757
614
923
1706
663
537
577
713
926
596
533
845
1106
780
903
848
629
800
851
759
1166
635
1161
721
1012
1354
562
517
885
659
544
1210
1168
874
556
522
1126
798
823
555
692
944
637
1082
784
640
809
689
986
828
561
743
586
1286
1014
1123
