2307
2441
1491
1214
958
897
1009
498
589
433
488
494
495
699
504
1209
516
952
549
485
479
500
477
506
490
1014
526
941
466
460
517
474
930
546
475
524
520
968
475
653
453
461
484
488
1038
715
666
480
500
455
546
1163
451
732
642
506
480
507
587
463
463
481
454
1013
487
719
472
478
708
669
572
434
569
907
466
567
438
980
448
474
427
460
1140
503
506
535
478
766
494
993
496
449
453
613
968
650
723
703
671
692
451
1384
758
803
963
1044
1078
1150
1313
1477
1639
1781
1971
2112
2103
2245
2380
2574
2702
2654
2764
2870
2997
2983
2904
2834
2710
2577
2019
1784
1817
1184
1529
1076
1101
590
500
583
493
464
509
520
478
503
907
499
534
484
459
771
483
739
952
1181
2050
457
620
443
494
498
682
1329
585
625
478
518
512
477
945
442
489
465
516
1017
480
690
481
482
515
502
951
477
498
473
485
904
505
967
542
744
499
463
799
514
1018
444
478
586
500
851
491
487
495
452
857
513
789
570
442
484
480
1100
472
635
507
444
497
471
996
476
774
508
483
458
686
821
448
1451
488
467
473
442
505
480
1029
501
465
496
484
1020
475
750
526
509
489
440
855
475
908
459
493
502
564
795
546
898
490
494
487
464
848
853
1272
755
798
1045
1272
1484
1551
1559
699
579
514
576
1571
833
919
939
799
752
876
1140
1293
1469
1506
1652
1786
1892
2018
2161
2252
2429
2597
2658
2583
2484
2354
2236
1766
1897
1946
1951
1940
1308
1035
769
750
653
661
998
512
458
479
466
670
481
1054
467
473
494
449
808
491
892
491
455
512
476
843
500
985
733
610
528
496
799
481
793
487
469
526
480
915
499
963
520
500
725
799
719
523
977
502
527
851
546
545
538
1573
871
860
788
913
1098
1089
1247
1142
1266
1431
1605
1713
1496
1397
921
865
756
767
685
472
995
507
471
482
445
802
461
472
459
481
829
489
968
472
531
547
524
1000
484
724
484
516
453
560
738
828
786
735
500
440
472
537
489
459
570
474
841
465
882
815
631
613
552
1370
711
918
529
486
498
531
948
514
649
488
524
532
462
1246
829
932
529
478
443
534
1129
896
912
1010
717
641
679
624
592
576
633
603
633
611
676
601
616
675
627
564
539
530
584
1153
1426
1220
1621
1752
1385
597
535
494
512
485
505
1122
464
759
501
496
453
475
805
499
852
487
504
485
498
770
757
1110
1235
1130
820
950
1060
1297
1576
1727
2048
2330
2506
2480
1883
1842
1702
1684
1626
1601
1544
1159
1112
602
617
533
494
949
866
1407
558
730
527
459
602
487
805
476
496
472
489
1007
485
814
469
477
512
854
1761
480
491
500
536
744
508
1093
674
593
468
529
713
569
549
516
552
745
504
923
476
486
472
498
1161
643
835
1033
1101
1073
785
810
826
749
880
691
761
983
1181
1432
1158
1945
630
562
609
762
1097
576
723
772
938
1919
691
782
577
747
996
1281
2142
571
749
884
1093
1804
572
966
563
749
956
1071
2130
808
1039
896
1071
2037
581
750
1040
1339
598
562
956
595
876
580
794
1034
1098
2051
546
722
1015
1305
1928
732
890
694
775
888
1107
1884
564
1071
589
761
1070
1310
2000
634
524
503
547
782
958
1298
497
528
529
496
635
503
696
491
592
498
495
762
515
501
569
556
541
502
523
490
521
500
513
500
533
855
523
484
501
492
600
492
508
486
503
670
522
776
486
493
489
521
493
508
484
552
504
630
617
665
496
513
493
530
631
512
783
562
753
1046
1354
2332
791
1080
761
843
1751
518
619
526
485
529
512
518
518
550
828
995
1465
488
819
497
524
487
518
652
512
559
493
495
499
489
829
661
801
1016
1071
2206
883
1199
946
994
823
846
1463
887
827
1284
875
2395
1543
1452
1003
970
960
897
1263
1102
821
787
1004
1734
526
440
521
527
1122
570
973
509
587
537
478
1250
1306
926
1033
1225
1328
757
1796
524
502
490
490
937
472
483
473
471
697
445
964
514
430
502
451
1058
526
698
879
556
1246
549
449
539
513
743
732
1132
829
1043
1032
960
1129
634
981
673
597
730
544
1014
539
582
882
744
685
584
454
556
511
1152
521
974
491
485
526
504
1097
502
502
596
480
995
512
443
501
815
733
479
1033
705
561
761
524
889
522
486
572
496
867
566
846
471
592
485
540
1078
509
449
538
482
913
514
1102
640
483
592
494
1029
543
556
556
479
1097
503
469
498
451
869
454
1019
496
466
556
482
1086
491
473
588
441
668
528
946
480
499
583
435
923
440
542
431
485
1077
692
490
528
474
616
453
1001
455
498
450
496
903
505
439
545
439
902
437
1034
514
484
540
447
792
446
487
474
502
777
525
922
492
484
612
469
783
514
477
489
511
847
479
1009
478
474
502
451
935
447
493
483
466
766
511
1037
491
497
518
523
689
502
438
481
462
886
448
881
461
471
