7301
7526
7595
7631
7655
7739
8230
8253
8300
8315
8346
8377
6433
2657
3248
2722
4183
644
618
647
705
745
778
816
873
3622
6776
5904
5711
5603
2189
2164
771
1737
1726
4109
680
1573
4887
830
594
623
599
618
1401
609
657
665
691
693
701
743
766
1360
1285
823
895
935
998
1025
1035
1097
1173
1223
1269
1322
1386
1431
1444
1507
1584
1635
1721
1799
930
940
974
983
1068
1065
1094
1054
1100
1151
1060
944
988
1072
1110
1160
1205
1228
1321
1417
1442
1476
1530
1584
1618
1630
1681
1735
1815
1841
1291
1324
1341
1375
1392
1412
1448
1528
1276
1292
1325
1266
1271
1330
1346
1379
1367
1413
1476
1566
1579
1620
1612
1614
1643
1689
1713
1762
1782
1846
1873
1871
1890
1945
2033
2107
2148
2209
2215
2252
2292
2382
2471
2557
2591
2591
2581
2588
2606
2607
2643
2678
2671
2689
2740
2845
2940
2972
2964
2951
2971
3005
3001
3041
3099
3127
3131
3153
3167
3177
3206
3284
3357
3384
3419
3478
3490
3508
3505
3539
3560
3585
3578
3619
3660
3680
3699
3744
3774
3777
3803
3815
3829
3832
3830
3849
3886
3941
3988
4022
4077
4099
4186
4247
4302
4372
4424
4462
4525
4580
4637
4663
4716
4756
4804
4839
4864
4917
4974
5027
5063
5105
5184
5265
5356
5421
5372
5394
5443
5470
5492
5530
5660
5666
5724
5731
5678
5717
5490
5530
5303
5370
5378
4939
4953
4774
4835
4851
4348
4341
4379
4406
4432
3984
4009
3555
3559
3554
3557
3570
3157
3219
2970
3062
3118
2808
2857
2414
2438
2447
2277
2294
2053
2106
1906
1963
1966
1712
1754
1285
1284
1299
1165
1239
954
990
806
842
998
580
588
563
616
952
625
806
595
611
519
587
848
611
916
632
680
714
704
960
610
618
670
709
1026
593
778
610
639
576
618
823
621
963
606
621
646
685
940
572
590
532
584
839
600
970
610
663
693
731
977
575
618
527
580
850
600
949
567
570
580
618
928
605
648
582
613
811
616
1073
598
641
645
589
801
606
634
562
599
830
577
979
609
656
662
607
811
598
642
572
645
801
588
973
606
667
716
764
1014
603
654
507
569
836
596
1052
598
623
651
691
894
625
688
575
625
856
610
972
601
625
652
656
901
580
601
649
708
1078
626
819
608
644
547
591
971
573
588
625
652
955
616
756
567
592
565
621
804
627
964
608
624
646
654
956
599
633
664
717
923
595
804
609
640
567
605
752
618
908
644
701
556
616
973
603
610
644
682
913
622
851
597
630
532
621
804
585
999
615
656
738
704
1019
592
629
654
707
955
598
962
585
595
611
611
920
630
651
583
612
809
627
990
592
613
648
575
790
602
662
560
587
917
578
571
598
674
954
609
888
591
614
717
616
819
582
587
544
604
957
596
609
603
631
916
640
924
594
627
670
694
1021
610
643
683
715
1045
645
949
599
617
689
596
832
608
624
517
592
951
625
677
720
710
954
609
816
598
636
547
616
822
613
989
603
681
697
684
970
580
629
502
580
819
602
1051
585
606
690
577
788
565
621
513
617
872
619
912
575
614
650
557
848
552
624
505
571
877
597
954
590
610
647
679
949
566
583
587
646
1204
549
1077
586
599
630
664
1072
596
618
551
591
838
607
1062
595
614
618
644
1018
631
617
678
703
979
604
980
590
587
675
585
831
631
652
557
587
825
602
1050
602
615
674
706
990
609
657
543
598
880
608
984
590
593
628
680
1002
608
645
686
755
1050
605
816
593
697
573
643
831
607
999
608
627
713
596
838
616
643
555
603
990
623
660
691
750
1067
592
833
628
678
582
584
970
609
638
702
737
1070
591
799
587
584
533
599
950
571
595
545
1276
926
924
965
643
632
725
590
976
586
598
613
661
1002
589
645
582
631
1056
608
890
595
615
544
564
898
553
615
569
612
1109
575
935
575
612
644
670
1046
600
678
572
610
804
574
948
566
611
700
563
849
600
600
579
613
972
621
634
671
712
1056
588
928
607
671
722
687
964
573
619
566
584
814
570
1017
587
612
685
614
837
600
630
534
582
810
818
822
585
640
709
593
867
577
589
524
603
822
583
1094
592
647
679
681
1135
574
596
637
667
873
593
984
613
695
667
713
1013
610
852
630
682
618
691
1011
589
849
620
648
508
585
902
606
1004
603
652
719
716
1055
626
666
683
714
855
625
1010
587
674
656
1320
1378
1357
1210
2006
1996
2043
2054
16566
929
924
749
757
792
763
737
721
754
775
747
762
3346
3233
3608
3393
1540
3266
2959
602
2376
573
2215
717
677
2497
724
678
649
678
650
667
684
664
684
701
661
687
662
711
876
793
756
774
1061
2280
4523
947
2525
848
799
2052
714
2009
666
1958
630
627
678
624
1143
561
602
623
801
769
1076
538
531
527
519
672
554
589
644
694
743
790
850
892
941
984
1039
1093
1107
1125
1091
1122
1132
1197
1257
1283
1336
1380
1399
1430
1442
1493
1553
1601
1640
1715
1654
1675
1701
1742
1800
1881
1949
2017
2004
2034
2090
2123
2196
2262
2316
2349
2366
2377
