5877
6141
6200
6281
6360
6432
6422
6444
6467
5079
4806
4813
8886
1988
3003
3008
3493
4572
4662
4743
4046
4035
5336
2401
768
618
581
593
595
582
591
618
636
670
678
872
650
649
662
899
645
676
719
1385
653
685
720
786
786
791
805
798
808
879
958
958
967
877
915
996
1088
1103
1370
666
1400
959
951
925
963
941
587
640
664
678
678
710
744
762
759
838
915
878
916
919
970
910
1002
1026
1095
993
1031
1038
1066
1118
1202
1223
1260
1335
1377
1398
1398
1449
1507
1557
1599
1658
1706
1760
1817
1880
1954
2003
2063
2088
2141
2191
2273
2327
2395
2464
2518
2523
2532
2566
2588
2609
2619
2640
2658
2669
2689
2700
2730
2801
2829
2876
2945
3007
3053
3111
3157
3206
3279
3348
3406
3434
3499
3559
3591
3647
3721
3780
3805
3808
3827
3849
3916
3939
3926
3968
3999
4032
4095
4159
4177
4198
4230
4234
4253
4291
4320
4403
4442
4462
4482
4494
4522
4577
4619
4679
4733
4801
4851
4904
4948
4990
5038
5098
5188
5235
5311
5385
5418
5446
5466
5485
5517
5527
5595
5677
5725
5740
5799
5866
5903
5984
6033
6082
6155
6209
6271
6309
6332
6393
6430
6465
6540
6601
6654
6703
6778
6840
6885
6942
6995
7047
7097
7128
7190
7253
7259
7329
7380
7258
7330
7015
7070
6844
6879
6942
6561
6580
6173
6204
6234
6233
6245
5855
5881
5509
5533
5604
5577
5589
5301
5327
4872
4930
4993
4827
4818
4512
4529
4112
4152
4194
4114
4161
3721
3660
3705
3750
3801
3478
3518
3102
3122
3054
3011
3046
2794
2881
2478
2505
2495
2469
2489
2228
2297
1810
1879
1818
1823
1824
1511
1560
1158
1205
1209
1253
1338
872
918
579
639
607
666
988
614
826
617
698
666
713
872
638
1017
613
642
673
679
907
592
829
593
653
630
678
1001
615
810
625
649
589
583
592
607
643
687
755
803
839
995
607
822
660
699
674
703
1003
570
812
638
690
645
679
871
630
973
626
663
727
741
792
589
910
593
1012
606
669
713
754
1049
590
638
676
694
820
602
995
610
630
663
695
975
578
788
603
644
545
561
850
587
855
611
643
564
613
834
620
902
650
687
542
644
856
609
968
610
661
733
739
891
590
997
597
590
673
704
944
614
604
624
647
768
594
977
584
651
692
741
1003
574
801
588
633
587
604
775
587
854
599
645
555
607
805
596
1011
589
632
675
724
874
601
966
586
603
632
670
847
553
1026
609
661
675
663
1000
609
650
682
734
1015
607
814
607
669
614
631
954
617
825
581
633
584
578
970
596
945
599
636
670
725
814
586
1053
626
640
663
703
962
621
666
538
582
1001
607
662
522
633
1011
620
662
529
608
840
603
956
611
627
704
574
790
625
674
539
578
978
613
647
683
731
973
641
929
595
605
635
656
916
618
656
668
742
1065
622
823
594
660
543
611
956
637
676
558
581
762
610
1034
609
641
732
599
819
633
667
558
625
803
572
995
632
682
702
745
1036
614
679
522
544
849
603
981
602
643
668
675
958
588
608
628
705
940
638
822
592
631
519
572
837
618
857
610
638
552
580
791
600
1006
631
648
688
622
804
573
621
497
606
816
612
876
621
696
594
612
993
583
608
652
721
1025
585
971
617
635
677
701
1014
627
1014
616
638
677
695
928
605
633
516
617
833
583
979
622
664
693
727
1040
608
648
585
612
836
606
988
587
637
710
765
1086
618
633
524
555
852
610
1010
599
624
684
725
1053
612
641
496
570
826
629
1141
624
641
656
530
822
613
661
553
588
920
596
624
702
708
959
613
852
624
666
570
631
928
597
617
621
646
910
613
841
615
678
594
603
979
594
614
641
674
1018
597
940
592
638
670
724
977
592
635
612
644
1053
628
853
621
654
567
626
948
613
637
677
722
873
602
1053
625
678
645
667
827
612
858
605
650
564
610
962
624
662
710
739
1006
626
884
594
618
542
985
586
620
742
620
686
751
739
1112
598
585
560
610
809
611
985
592
624
698
601
843
588
609
535
573
840
600
1027
622
630
647
679
934
607
630
533
658
821
612
958
597
617
648
701
1035
615
722
675
688
1008
608
803
621
631
535
597
977
610
637
691
720
980
602
811
621
677
543
594
819
613
993
647
643
735
625
852
623
678
539
595
822
577
953
598
611
666
609
782
606
647
561
620
1006
616
810
602
643
568
1282
1319
1341
904
825
820
796
844
804
1003
1292
1261
1273
1312
1358
1439
6878
6904
6934
6985
7023
7054
7118
7170
7190
7249
6769
6798
18122
6558
846
788
2112
4822
8467
779
5788
620
609
1842
636
604
562
572
1133
1133
1073
1120
1111
1748
611
1962
611
585
582
561
1972
603
596
568
965
901
613
632
595
559
1082
1074
1278
575
1117
642
704
6242
1023
735
744
980
750
1550
1298
641
601
650
642
638
646
647
625
712
684
718
720
798
836
874
919
966
939
963
1137
1120
1152
1197
1253
1262
1257
1345
1342
1374
1377
1401
1451
1528
1591
1659
1709
1748
1806
1813
1831
1860
1908
1935
1962
2049
2118
2173
