4631
4873
4918
5048
5210
5225
3485
3364
4019
1338
1288
921
2002
1994
1977
2003
4070
1505
7688
1021
3671
1301
693
738
699
598
627
697
654
686
709
735
745
755
721
702
763
796
920
982
1118
1104
1134
1144
1166
1198
1268
1341
1381
1433
1065
1050
1028
788
1721
1573
1590
1549
1557
2428
1379
1331
1225
675
823
599
648
698
684
730
779
873
816
878
1050
8694
871
636
1103
1078
1241
957
590
614
670
883
927
986
1041
1099
1141
1181
1274
1327
1399
1457
1508
1560
1592
1824
1890
1939
2014
2023
2063
2113
2120
2195
2273
2341
2417
2465
2521
2558
2619
2718
2804
2857
2931
2984
3070
3117
3186
3257
3304
3414
3474
3528
3606
3657
3703
3797
3852
3914
3965
3993
4007
4059
4134
4178
4224
4280
4333
4411
4479
4535
4625
4691
4768
4835
4858
4922
4967
5008
5032
5080
5127
5176
5271
5315
5365
5418
5478
5537
5595
5682
5750
5800
5832
5892
5943
6002
6050
6083
6130
6161
6235
6283
6285
6310
6351
6369
6391
6460
6538
6602
6644
6725
6814
6840
6868
6947
7019
7093
7169
7271
7325
7377
7439
7488
7543
7594
7642
7694
7728
7751
7795
7810
7827
7860
7898
7942
7987
8008
8036
8055
8111
8125
8171
8206
8232
8252
8295
8306
8314
8328
8359
8398
8441
8452
8459
8534
8584
8580
8625
8642
8691
8753
8771
8802
8872
8648
8702
8576
8627
8670
8410
8400
7932
7941
7958
7990
8018
7694
7739
7409
7426
6946
6970
6984
6977
6979
6537
6491
6486
6469
6446
6270
6293
5852
5850
5867
5900
5926
5412
5453
5174
5205
4979
4951
4918
4684
4662
4322
4337
4201
4202
4256
4021
4048
3705
3713
3525
3557
3583
3312
3336
2815
2809
2793
2768
2802
2609
2679
2149
2107
2119
2122
2182
1735
1710
1736
1776
1819
1522
1596
1073
1101
1154
1134
1192
707
867
607
688
515
604
849
586
903
624
666
655
624
749
600
1048
584
666
732
721
963
600
954
567
631
684
711
901
556
995
596
569
615
663
1015
592
607
627
660
1005
562
782
558
574
565
603
1037
627
874
597
615
648
650
960
567
942
568
640
691
706
891
561
1003
591
606
621
655
975
596
665
491
533
1016
571
632
524
586
1050
610
614
569
583
799
610
1044
602
648
690
563
873
628
666
527
563
953
604
702
650
736
1014
574
1000
602
607
670
717
990
593
649
635
700
1054
566
809
555
625
536
576
979
591
632
561
594
837
572
955
573
579
664
601
826
570
603
540
611
865
588
1011
633
698
754
766
1132
583
627
579
561
836
586
938
569
598
619
614
901
568
594
605
695
1121
601
3690
594
626
655
708
753
827
885
974
1009
1062
1118
1163
1213
1292
1337
1404
1475
1499
1529
1547
1553
1580
1647
1677
1395
1432
1103
1140
966
992
1013
562
638
582
667
1062
594
958
578
574
593
625
827
591
1082
625
701
770
711
1021
579
616
540
618
839
576
1015
593
605
640
683
1059
584
611
555
601
843
590
987
583
588
634
675
1049
596
605
553
564
830
596
1055
596
625
677
701
1042
610
643
506
574
861
619
1105
600
601
680
561
803
617
656
563
570
919
582
609
635
667
975
608
827
618
676
561
600
977
596
611
618
621
953
601
764
608
670
526
597
1024
598
619
637
678
1029
596
946
572
596
622
665
994
605
635
575
578
1050
614
816
613
639
545
630
983
599
619
628
667
857
584
1046
602
630
583
632
875
577
832
572
703
599
621
975
656
667
685
702
954
568
894
583
617
534
586
874
608
1041
582
622
655
678
982
581
617
584
613
792
582
995
574
585
665
598
896
589
604
551
581
857
612
1001
606
634
659
666
937
576
585
553
615
826
605
1063
584
613
629
661
997
608
614
676
700
979
607
824
577
602
544
563
924
583
687
626
666
962
582
844
614
661
546
596
819
614
1030
621
646
726
620
860
626
665
555
627
805
568
1016
625
657
744
630
821
606
668
574
647
1081
627
818
627
693
538
610
835
624
996
638
666
714
742
1059
628
671
522
581
1017
587
633
676
719
1032
660
1017
605
655
708
693
1031
575
586
603
605
984
583
849
595
629
543
609
837
612
998
616
649
695
561
817
578
601
524
592
863
607
1005
743
563
579
596
767
537
583
526
606
1013
611
657
680
704
1029
593
958
574
560
554
572
968
603
623
542
610
983
606
645
666
683
1002
619
829
617
659
532
552
960
602
609
679
713
1032
564
966
591
4292
2065
948
1504
1161
1441
1279
1300
15836
5334
804
5953
642
1539
1495
1440
620
618
591
633
1173
1121
1236
2057
1595
1482
1452
1473
1465
1445
1531
1538
1540
1555
1547
1565
1561
1557
1650
1625
1654
1728
1796
1831
1660
1617
1645
1662
1684
1690
1733
1750
1778
1846
1893
1901
1924
1949
1964
2006
2048
2058
2092
2128
2184
2206
2220
2253
2234
2224
2254
2293
2378
2400
2426
2430
2327
2317
2362
2449
2507
2586
2667
2276
2248
2247
2263
2307
2363
2422
2471
2524
2542
2576
2626
2680
2752
2855
2949
2993
3050
3108
3141
3175
3244
3431
3506
3557
3651
3736
3745
3740
3743
3813
3886
3939
3976
3992
4008
4025
4069
4109
4131
4161
4205
4234
4250
4269
4303
4320
4364
4422
4512
4524
4553
4546
4560
4604
4630
4651
