2939
1723
1006
773
1189
1872
1123
996
798
1089
962
1948
2011
889
1316
1395
1087
1660
1365
863
845
830
823
923
866
740
878
2352
1484
995
690
1228
962
887
1074
961
1451
858
832
748
824
774
1200
859
990
1738
900
652
761
744
884
1655
1960
881
1251
1279
1478
1066
683
1147
872
676
708
632
1867
1639
734
672
629
612
837
1422
1395
623
654
643
722
736
1648
1499
695
652
636
659
1392
1580
668
650
663
652
731
1858
1229
1374
762
619
691
602
870
999
610
605
603
813
836
814
824
623
825
868
846
926
1130
1166
1387
708
741
770
1756
880
632
1024
1461
979
906
1169
694
786
755
680
679
1864
1252
810
644
851
671
806
874
874
880
643
1139
1016
1027
970
955
886
1108
1173
1458
1344
1295
691
896
1407
1030
669
654
1179
1004
803
660
1007
559
1256
1124
1475
842
818
746
770
577
588
617
1250
1300
792
653
674
827
614
635
645
731
634
2728
733
615
854
1213
702
593
669
718
995
1682
1011
738
1069
732
1027
595
631
835
1020
1667
751
1136
1008
817
1445
1449
651
603
1340
1130
828
627
1142
838
797
944
758
880
1285
794
744
1445
1285
917
657
897
788
2362
1467
919
743
815
1107
724
607
990
804
1577
966
828
1455
1037
684
936
1086
1311
832
871
838
861
864
834
954
875
732
941
1029
1069
834
753
798
797
1079
1293
946
990
1294
855
1687
1792
949
889
913
682
1153
2301
1098
830
953
637
718
1910
622
613
932
1126
935
919
623
658
639
637
677
2178
1437
987
616
667
1543
1505
639
623
650
1463
1494
1181
1561
733
864
856
847
691
1559
861
942
1102
761
780
716
726
714
715
2946
943
1069
723
711
915
1487
885
635
616
1677
1110
1268
649
772
898
679
1114
637
626
1497
731
848
1438
672
631
678
667
2449
2119
635
631
623
677
1085
627
634
2319
858
628
2178
609
577
600
631
1064
1558
762
623
827
660
643
1445
766
652
1832
876
1464
1442
590
840
868
580
977
771
1348
788
688
853
582
746
594
614
596
624
1243
1674
715
876
638
798
800
778
621
862
585
697
1726
1070
786
685
610
879
640
614
1065
680
685
1150
1569
1120
585
615
626
680
648
988
612
1982
933
854
875
595
653
646
669
848
884
1638
813
698
660
630
756
906
888
622
880
1523
913
797
801
1377
629
601
604
984
1015
1606
1126
673
659
689
890
1195
1127
629
567
681
593
1971
626
619
634
681
658
666
954
678
1002
1342
1542
1153
946
852
1027
1141
2149
1395
1271
985
811
988
1192
2289
1596
1076
815
760
798
889
885
713
1907
1687
853
999
773
1199
849
719
3891
1340
1732
1328
2235
1451
1491
983
857
946
902
1039
936
1124
1648
1526
1284
1181
1302
1474
1472
1646
1506
1000
1997
2486
1690
1929
1798
2403
4195
1467
1543
1215
2471
1711
2119
1399
1188
1206
1111
1745
1542
2241
1330
1055
1268
1724
1037
1738
1334
1244
971
1178
893
1537
1060
1797
1006
730
1051
1117
1322
1879
1100
1083
1074
1386
1136
957
1005
920
941
980
936
1766
890
779
935
975
955
857
948
911
1069
910
1904
624
646
884
888
970
998
1129
643
797
1605
1412
966
875
970
1528
2667
970
1206
890
814
835
892
1857
1096
704
1265
1890
754
983
1542
1525
1080
2246
1372
737
710
1591
1085
1853
789
770
1015
1544
1154
1269
761
806
843
1020
2381
2865
796
751
907
891
1170
1519
808
1811
964
826
2654
1064
693
853
1482
816
1655
1056
1101
815
817
988
2001
1094
1055
1088
917
929
1622
1099
2039
982
784
2063
2128
1211
746
1404
857
927
1349
784
914
1065
1101
1244
2199
1627
886
611
627
773
1720
1285
1812
1234
727
1024
1195
1808
1015
1872
971
734
688
803
657
773
943
1053
897
2502
995
936
1285
924
1686
1874
2823
1517
1055
1047
979
1743
881
1074
1401
931
1187
2067
838
685
842
1015
909
1227
792
1022
899
718
1011
2206
1593
819
880
1333
924
2042
846
783
1158
1413
1317
1541
1540
896
1041
881
1892
1425
1435
1619
835
1775
1495
901
1798
1281
1124
1875
1188
1885
1054
716
646
644
1575
1235
797
985
1043
822
944
894
1377
2050
852
743
794
1598
703
646
620
678
1624
867
1749
927
841
745
642
664
1461
669
1280
735
1130
1637
828
1278
1105
1092
1167
928
973
969
719
703
721
862
1085
1796
854
805
907
681
619
869
1057
689
616
1284
1355
1278
595
623
692
666
1770
1270
762
951
792
613
651
982
927
636
644
631
635
1845
1634
674
774
622
617
1337
1071
739
731
675
664
1166
938
680
621
637
635
742
872
649
747
1054
716
635
775
1437
911
645
673
639
1263
627
616
926
652
734
935
1561
664
761
629
782
1072
730
1666
613
852
938
671
855
610
1389
648
863
585
1283
1202
670
1854
614
822
686
646
950
1090
953
652
753
668
821
735
1444
1228
628
1208
742
707
1310
785
778
651
610
607
693
979
1527
1553
1225
1077
780
1034
767
1467
799
717
807
646
795
1039
971
705
995
776
984
659
1603
702
697
672
1065
642
747
1752
1188
730
729
1102
1048
642
1375
1491
1164
732
653
930
1052
803
1419
651
1035
