1517
758
803
855
1238
1774
1099
1139
993
1295
910
908
883
999
1183
1554
760
1103
1050
770
639
720
951
2162
761
598
594
612
772
917
2102
729
704
729
812
767
777
686
751
602
743
2114
624
840
578
856
878
603
1115
838
660
815
685
991
1972
994
690
1004
1180
683
1088
724
619
674
988
1144
717
706
923
786
887
1031
942
1180
656
797
630
796
1572
646
1046
756
608
1117
936
786
685
707
656
1157
1720
770
741
631
1004
1288
842
845
1377
612
734
682
734
732
735
718
688
717
915
629
623
634
1403
620
732
625
673
599
989
1612
597
689
675
692
1572
1266
826
696
734
622
971
1687
619
649
594
747
1261
1629
739
881
687
621
1098
1418
866
861
863
869
824
873
839
1158
845
811
997
1933
867
821
794
844
1384
1294
811
818
811
993
960
1501
838
833
916
679
842
958
831
739
613
653
965
578
613
827
829
678
825
1036
732
711
602
855
855
997
702
849
911
777
1095
627
774
760
583
590
1675
828
917
698
812
1078
711
584
582
615
751
744
728
732
749
758
646
610
1555
850
859
939
581
618
772
2191
615
602
608
782
1625
1542
541
576
1051
734
1266
1183
820
833
586
839
864
957
742
868
996
831
936
1029
862
932
820
822
803
722
1229
1299
745
810
805
1106
627
1052
690
843
626
891
814
1023
925
632
846
850
1270
616
1572
1029
839
967
1115
804
727
1917
1347
567
583
614
698
1733
1148
550
868
805
590
1685
1115
806
846
800
608
1400
1791
537
744
600
668
779
1105
1460
569
822
797
776
726
919
868
771
810
765
767
957
822
764
972
1016
1069
1271
1666
825
735
544
582
613
666
797
631
743
666
562
562
837
743
626
640
609
992
1558
958
605
564
638
688
1269
1676
607
578
587
718
1319
1789
1067
1288
1004
747
806
933
873
670
797
608
1219
742
811
821
807
601
586
601
936
575
982
604
672
1734
604
594
782
1489
1528
1839
1041
872
1096
1126
1440
833
599
831
1393
993
842
817
1126
1119
1378
934
869
1582
1035
1347
707
882
850
653
884
724
918
1285
1301
1281
1027
715
938
1202
739
698
1367
652
1347
1054
645
614
676
671
960
1417
825
655
635
717
636
1196
1308
690
806
607
700
1043
1358
601
605
653
613
1166
1395
635
799
667
612
1128
1275
636
586
630
636
1138
1197
663
610
843
791
1416
1109
910
634
706
720
1155
1265
625
670
632
588
1108
1317
818
1212
874
694
2201
2131
1171
902
738
935
1366
1928
790
930
725
1151
979
960
979
961
961
948
896
1260
1602
832
729
946
859
860
1019
847
995
1094
798
806
1580
813
874
716
901
875
855
867
1123
1020
1056
789
721
878
888
1009
1025
1008
1296
1115
924
847
971
908
777
1207
1260
1157
927
1563
1558
1052
919
1023
1192
958
880
987
1035
991
1248
2263
1024
1036
1432
948
1048
1130
1583
997
934
958
1028
961
826
744
1112
1150
1184
840
1062
844
798
1032
1473
1459
1030
722
890
1032
1211
787
1106
1515
1149
944
951
1141
1236
772
854
930
1576
1017
1115
1097
984
885
897
1345
824
769
1017
812
1814
11998
1145
1360
1253
1476
1179
1066
863
1080
1193
1802
1005
1155
978
1288
1153
1404
1143
1279
1391
2015
1440
1635
1741
1086
1099
1166
788
803
1482
1625
1203
1269
961
1280
1370
2550
1886
1553
1468
1035
1397
959
790
1831
862
1035
716
1220
770
1151
1042
1393
1366
859
2200
5762
1358
872
925
858
983
1167
1673
1412
1366
2285
1031
2064
1042
1051
3272
1041
745
942
800
1528
2315
824
801
1119
1097
1119
1274
1328
868
898
813
831
894
1493
2305
762
727
926
898
1010
1389
964
1287
1199
838
699
1213
1481
1682
1531
1290
1255
1040
893
971
1260
1644
1539
1570
1221
1409
832
753
870
1103
808
1732
2077
890
762
1165
1254
875
2068
995
1093
818
916
899
886
1244
1772
782
921
1483
926
985
1520
771
1115
1018
1007
1028
1846
1346
1292
1046
944
800
1026
1225
1425
1175
795
907
1051
1001
1663
750
838
947
981
1236
1319
1597
679
750
775
739
1324
2169
1485
725
728
732
784
2996
2445
906
750
790
698
901
2189
1287
797
782
765
888
1182
1405
1490
1109
750
890
841
916
939
850
1062
936
731
1090
1338
947
750
989
1155
998
1554
1633
2587
1280
703
755
706
1014
690
666
662
697
1000
791
672
679
646
687
826
1323
743
609
654
622
1606
712
604
605
686
695
617
1103
661
595
618
747
598
1492
984
1032
662
592
856
929
897
702
826
693
602
882
692
850
690
803
609
869
1068
887
765
750
763
856
1280
987
658
592
1127
677
627
712
784
814
671
1585
730
928
657
735
653
997
615
641
722
716
1719
717
972
666
635
714
1043
765
722
639
786
718
576
851
736
775
895
825
875
693
642
608
605
670
2582
851
864
621
827
720
888
651
832
646
850
664
918
913
726
680
651
1005
1018
998
859
746
1118
751
906
648
611
668
707
1400
681
728
724
643
760
1324
1082
1028
671
731
1011
652
710
1079
662
632
738
1455
642
632
593
587
772
962
682
791
579
