5049
5287
5397
5397
5525
5580
5361
5090
5012
5075
5088
5022
4971
4649
4533
4358
4138
4135
4282
4354
4423
4494
4661
4873
4914
4852
4735
4509
4370
4065
2665
2373
2053
2024
1947
1911
1881
1815
1708
1689
1618
1245
6377
2199
1728
1914
2061
2249
2936
3707
4164
3117
2204
1254
1331
1308
1271
1304
1182
1099
1161
1165
1380
1501
1725
1729
1632
1663
1818
1964
2113
2235
2397
2541
2747
2889
2891
2761
2651
2452
2521
2341
2299
2111
1896
1770
2097
1717
1200
1336
1772
1844
1668
1670
1724
1838
1824
1833
1844
1723
1457
1247
1094
1019
1054
1072
1180
1167
1090
1010
1014
1040
1147
1148
1113
1025
993
991
2723
1440
1284
1228
1102
1199
1160
1221
1417
1109
1016
1013
1218
2263
1142
1618
1686
1550
1528
1817
2125
2237
2212
1983
1695
1996
2211
2002
2500
2853
3448
3679
4027
4178
4337
3534
3189
2383
2184
1987
1631
1417
1305
1178
1109
1005
1079
1562
1189
1110
1280
1921
2489
1955
2027
1807
1731
1946
1993
1766
2050
3009
4259
4931
6063
7306
8592
9544
10716
11727
11931
11473
10779
10534
10477
10351
10292
9954
9806
9912
9784
9622
9327
8882
8575
8094
6063
5248
4108
3176
2421
1820
1980
1972
1970
1349
1245
1628
2258
2793
2704
2375
2046
1702
1453
1207
1739
1595
2002
1792
1525
1507
1104
1092
2193
3112
3564
4514
5116
5684
5441
5095
4524
3856
3359
2901
2178
1610
1560
1478
1335
1247
1243
1329
2051
1635
1503
1336
1529
1773
2299
2558
2915
3480
3280
3011
2697
2391
1911
1515
1317
1412
1240
1531
1815
1003
993
1103
1069
1107
994
1023
925
908
901
933
1061
956
1649
1854
1596
1590
1804
2067
2032
1755
2336
3459
4697
5882
6927
8274
9417
10578
11644
12647
12743
12920
12908
12897
12917
12919
12854
12877
13025
13158
13270
13267
13332
13388
13496
13541
12890
12774
12676
12527
12576
12725
12854
12881
12985
12277
11454
10672
9880
9065
9127
9332
9357
9415
9516
9624
9703
9860
10004
10189
10470
10601
10763
10852
10893
11132
11334
11480
11636
11802
11986
12223
12308
11889
11884
11860
11812
11698
11460
11347
10198
10221
10212
10335
9848
9289
8838
8199
7416
6759
6583
6650
6836
6942
7026
7117
7197
7322
7417
7496
7463
7490
7616
7214
6448
5703
4965
4144
3474
3222
3311
3502
3391
3309
3365
3464
3434
3550
3684
3837
3986
3983
3219
2350
1530
1598
1429
1101
1426
1703
1868
2022
2198
2406
2592
2847
2985
2987
3071
3121
3285
3385
3474
3569
3616
3727
3886
4092
4249
4309
4282
4313
4399
4504
4677
4821
4923
5036
5139
5240
5398
5472
5561
5397
5479
5562
6001
6996
8156
8334
8399
8464
8522
8271
8315
8403
8499
8567
8659
8752
8835
8923
8954
8951
9143
9142
8926
8859
8747
8683
8624
8693
7941
7548
7254
6440
5824
5136
4166
3512
2592
1969
1445
1308
1332
1095
967
949
1013
957
907
928
890
1463
1515
1291
1307
1323
1297
1764
1090
1634
2430
3362
3522
3582
3605
3602
3610
3126
2809
2189
1572
1338
1462
1578
1702
1323
1300
1345
1559
1452
1586
1329
1304
1009
1125
2003
2544
2664
1969
1470
1156
960
1214
1503
1383
1475
1505
1971
1534
1546
1562
1600
1921
2403
2686
2850
3175
2550
1791
1111
974
958
1130
981
1331
1008
938
1061
972
1421
1343
1368
1640
1496
1486
1527
1855
1461
1703
2178
2437
2577
3100
3477
3402
3749
3451
3097
2773
2386
1718
1579
1482
1555
1758
1904
1974
2394
2854
2349
1658
1492
1678
1755
1707
1775
1888
1998
2417
2863
3214
3571
3935
4116
4412
4769
5032
5390
5755
6057
6414
6704
6790
6911
6802
6615
6493
6307
6214
6164
6002
5908
5525
5322
5173
5073
4984
4737
4551
4378
4193
3980
3629
3409
3204
3005
2808
2536
2358
2174
1920
1629
1443
1332
1163
970
880
887
963
1025
968
881
922
976
908
960
906
1032
966
898
903
900
1058
883
850
929
1066
983
985
1012
1037
1180
1432
1436
1767
1432
1692
1974
2072
2386
1649
1500
1340
902
1194
1460
1654
1782
1686
1745
1836
1935
2055
2109
2217
2297
2367
2491
2600
2705
2821
2857
2900
2981
3120
3219
3291
3361
3456
3535
3713
3820
3916
4068
4186
4260
4167
4115
12077
2390
3306
3994
5153
5737
5231
4666
4195
3934
3781
3407
2955
2081
1571
1441
1577
1492
1497
1579
1346
888
1155
1425
1509
1525
1570
1652
1748
1859
1962
2065
2124
2208
2296
2433
2539
2647
2742
2844
2994
3120
3231
3330
3428
3621
3743
3792
3888
3961
4010
4141
4242
4301
4396
4476
4551
4633
4713
4867
4978
5094
5196
5328
5498
5596
5682
5707
5752
5878
5957
6026
6076
6109
6204
6276
6348
6409
6479
6587
6816
6912
7515
8544
9634
10828
11828
11897
11995
12062
12091
12068
12146
12231
12368
12603
12751
12881
12980
13098
13212
13357
13515
13661
13734
13865
14062
14166
14303
14384
14467
14527
14590
14688
14750
14827
14922
14942
15000
15083
15172
15252
15291
15338
15410
15502
15583
16463
17476
17556
17576
17596
17616
17668
17733
17888
17937
17957
18001
18052
18000
18012
18062
18111
18148
18215
18263
18434
18524
18584
18592
18680
18118
18068
17976
17451
16736
16009
15105
14392
13605
13203
13255
13255
13144
13107
13062
13017
12881
12813
13387
14339
15379
16420
17350
17379
17385
17294
17161
17011
17031
17011
17036
17045
17041
17074
17177
17277
17388
17426
17500
17269
17494
16672
16671
16716
16699
16902
16289
15686
14959
14205
13496
12583
11942
12012
12064
12120
12275
12373
12457
12544
12528
12546
12543
12415
12443
12449
12501
12600
12664
12697
12762
12780
12801
12823
12848
12090
11951
11736
9482
8842
6336
5602
4885
4210
3495
2684
1959
1269
899
1040
1145
1246
1454
1654
1778
1885
1956
2034
2156
2249
2358
2445
2578
2741
2778
2829
2924
2842
2918
1277
1261
1477
1486
1518
1754
1680
1171
1843
2990
4107
5446
5585
6756
7152
