13723
16445
16464
16477
16449
16459
16449
16486
16466
16469
16497
16502
16486
16514
16550
16547
16501
16488
16464
16450
16447
16510
16540
15722
14472
13958
13952
13470
6282
6261
4083
4074
4014
3968
2224
1232
1055
867
831
1438
991
940
718
647
612
610
590
643
647
694
764
812
876
917
1041
1080
1114
2297
1877
1684
11438
1495
1918
1713
1465
1439
1427
1447
1422
1449
1480
2624
3220
1565
820
658
1941
672
623
676
643
1518
654
633
640
669
674
1333
621
643
743
717
752
792
824
841
855
1119
1114
1145
1178
1158
1136
1125
1188
1239
1440
1447
1497
1462
1486
1484
1507
1546
1580
1621
1673
1713
1205
1258
1246
1307
1330
1368
1428
1492
1689
1759
1815
1815
1883
1920
1986
2039
2125
2184
2209
2277
2323
2160
2172
2220
2290
2325
2346
2387
2405
2452
2506
2532
2622
2691
2752
2813
2871
2905
2955
3043
3077
3103
3136
3170
3183
3162
3150
3190
3208
3220
3246
3277
3310
3338
3391
3425
3432
3442
3435
3430
3448
3459
3474
3490
3521
3578
3646
3682
3694
3736
3735
3780
3612
3587
3559
3546
3558
3536
3532
3555
3595
3616
3613
3606
3635
3687
3687
3663
3684
3712
3741
3740
3735
3755
3788
3807
3828
3843
3870
3905
3963
4006
4023
4034
4061
4071
4203
4255
4286
4324
4373
4394
4426
4461
4488
4515
4550
4569
4622
4649
4694
4757
4835
4865
4892
4941
4987
5037
5079
5117
5221
5254
5294
5299
5302
5337
5376
5443
5500
5564
5547
5627
5652
5661
5716
5465
5450
5510
5384
5404
4922
4985
4886
4930
4980
4439
4491
4168
4253
3998
4086
4099
3797
3770
3355
3395
3442
3312
3323
2835
2883
2828
2809
2848
2366
2358
2149
2144
1962
1974
1951
1703
1729
1251
1291
1329
1316
1374
1004
1016
576
619
657
688
1029
601
663
640
696
1011
575
870
596
654
556
565
946
568
600
536
596
996
576
608
536
583
944
597
660
697
727
957
589
674
582
665
1046
605
1016
764
795
843
697
847
605
644
543
604
1101
717
731
655
723
994
592
592
569
598
959
594
627
638
678
1035
608
941
591
628
710
598
971
569
599
718
571
816
599
644
539
604
965
588
607
646
679
1033
614
988
616
635
678
682
1000
611
663
668
708
1012
595
817
589
610
558
586
983
585
593
606
626
999
578
900
603
635
737
621
830
584
636
526
605
1002
641
690
658
688
986
571
1018
562
628
667
674
1006
583
650
1016
993
1014
621
722
902
868
978
735
870
772
740
775
831
872
958
1064
1086
980
1041
848
943
558
574
664
588
991
574
625
493
563
1076
583
653
691
770
1106
597
918
572
592
627
623
1117
598
640
539
572
944
601
956
563
608
722
594
894
585
626
507
590
958
576
633
579
586
971
585
984
571
564
697
587
829
633
665
560
591
924
580
595
610
629
958
596
974
595
597
638
672
1012
606
622
540
537
859
590
1011
602
616
617
592
827
584
613
533
583
1129
577
632
541
630
811
601
1010
575
615
701
587
1062
599
619
655
685
1007
603
693
661
684
1037
578
933
567
565
578
585
992
597
610
542
584
986
568
570
577
586
928
540
913
550
597
620
645
967
559
637
561
586
878
569
1046
561
552
711
612
817
546
593
548
575
832
593
977
599
620
631
546
1055
555
619
657
597
1001
601
638
562
574
787
574
978
599
625
732
730
874
590
634
545
613
922
598
631
650
669
1224
718
981
579
628
724
561
826
597
651
542
607
821
623
979
597
680
793
593
840
595
645
506
588
902
609
966
752
730
770
691
968
582
629
676
679
1031
566
594
551
599
821
588
1000
587
610
730
613
836
589
606
500
585
1013
568
627
585
604
992
612
822
598
647
536
595
922
577
661
570
590
962
562
823
578
628
536
571
923
564
560
591
662
970
603
991
568
593
661
650
999
587
616
560
599
862
596
963
565
576
714
587
976
565
587
636
625
1085
586
605
632
654
1026
573
936
558
610
647
618
1054
610
679
601
663
1009
588
946
571
599
613
608
954
607
643
560
592
779
599
1079
603
645
824
572
813
619
677
488
551
836
590
1128
595
597
680
574
958
586
562
597
636
1013
601
624
562
587
1039
588
586
590
605
973
568
946
607
668
696
649
1086
590
609
564
597
1007
587
576
582
601
954
621
999
584
646
659
629
998
593
637
556
585
947
609
653
620
657
1029
581
980
573
609
679
684
980
571
644
509
598
847
608
1006
614
625
729
581
930
599
600
593
623
1030
613
638
539
565
864
648
1024
601
603
634
707
1175
3741
3724
3568
3590
3638
3362
3690
877
1791
2090
1933
1861
1490
1435
1402
602
561
1156
1096
1101
1085
1121
1088
1088
1234
1084
1144
1042
1093
1120
1107
675
616
788
616
788
760
799
755
732
741
739
746
814
758
734
755
736
741
771
983
1073
1889
681
2384
671
621
655
618
649
679
716
719
775
834
874
1375
654
647
678
881
937
1034
1038
1085
1251
1265
1219
1278
1313
1409
1436
1413
1501
1403
1400
1387
1397
1405
1387
1378
1403
1495
1583
1664
1702
1695
1726
1760
1789
1818
1856
1886
1937
1971
1986
2031
2046
2065
2092
2155
2204
2289
