5570
5642
5651
5710
5800
4522
2414
2400
2387
2243
2243
2248
2307
2344
2363
2380
2392
2461
2533
2627
2666
2735
2749
2924
2981
3104
3140
3194
3233
3247
3371
1056
12016
8575
8442
8464
8488
6600
6655
6725
6843
6903
7039
6345
5210
766
610
618
634
579
593
654
751
719
799
935
1208
1201
871
1414
821
773
791
777
772
795
801
815
817
856
920
926
937
1051
1149
1113
1148
1193
1388
1448
1466
1716
1764
1827
1688
1720
1134
1185
1208
1249
1285
1338
1388
1411
1425
1415
1439
1473
1506
1559
1599
1665
1717
1759
1778
1779
1853
1900
1952
1981
1937
1976
1943
1963
1851
1869
1890
1923
2008
2056
2087
2094
2120
2174
2231
2273
2345
2402
2445
2495
2517
2547
2574
2592
2614
2667
2735
2781
2832
2878
2900
2962
3033
3087
3135
3205
3265
3282
3328
3360
3370
3405
3412
3458
3501
3531
3623
3690
3743
3826
3790
3854
3886
3913
3970
4031
4100
4160
4210
4254
4292
4358
4400
4432
4491
4528
4577
4644
4703
4754
4764
4776
4699
4739
4767
4841
4927
4948
4928
4960
4978
5046
5113
5219
5285
5340
5378
5385
5400
5435
5468
5537
5602
5637
5681
5711
5791
5832
5871
5953
6007
6054
6129
6173
6200
6253
6206
6135
6147
6156
5574
5581
5290
5306
5203
5220
5191
4692
4713
4381
4411
4180
4175
4182
3867
3849
3454
3453
3214
3306
3411
3169
3228
2460
2424
2468
2450
2517
2274
2340
1753
1726
1716
1651
1692
1229
1290
1204
1171
1206
765
816
594
634
547
610
864
601
952
591
596
558
609
968
624
617
583
598
887
632
1035
591
646
562
605
1071
634
848
593
650
516
567
910
620
1036
594
651
682
644
1149
611
691
620
694
966
606
1039
618
697
654
722
1002
596
1019
599
615
610
659
1496
875
967
601
573
645
571
978
594
607
602
588
1089
600
620
572
597
957
580
632
588
633
1066
603
1018
601
547
676
590
859
586
634
566
597
946
621
655
544
604
891
564
1517
966
845
851
862
901
611
683
550
554
1096
738
579
578
608
813
602
977
575
607
796
576
839
585
618
526
614
1062
582
592
605
643
1002
610
904
599
629
547
772
865
575
583
589
598
1009
578
961
612
631
691
624
1454
927
971
993
1013
1021
632
886
573
626
556
573
1030
586
601
612
629
1088
615
1004
615
660
693
635
1072
625
650
624
649
1017
593
907
592
615
551
596
992
594
588
533
545
964
581
1005
553
569
568
588
1068
613
638
621
633
1015
602
826
604
618
523
596
980
598
673
609
714
1072
616
925
632
646
546
632
904
605
1030
634
675
719
743
1062
652
707
646
681
1053
599
1065
607
672
712
649
576
634
643
699
724
822
636
889
705
676
569
626
1126
614
1141
626
654
737
610
842
714
629
545
585
882
682
1033
583
603
736
610
842
595
628
518
605
1011
580
628
534
593
1067
563
1181
617
617
522
589
1054
586
596
622
641
992
573
911
591
604
541
602
849
590
1075
602
642
726
598
854
577
675
538
593
833
594
1056
607
632
724
604
846
605
699
550
612
849
585
1092
631
655
715
677
1014
561
619
553
598
833
603
1037
630
641
865
610
1177
941
926
707
738
851
608
1042
590
628
670
684
1068
582
599
581
619
890
568
1001
582
657
725
586
748
595
662
567
614
983
613
604
601
637
1090
578
823
572
610
550
572
979
602
638
592
629
1070
597
1029
615
663
670
654
1071
566
575
572
601
853
616
1031
1136
1292
1283
951
982
948
1002
1008
925
1556
1317
1281
3986
1109
1004
868
822
791
768
785
784
828
961
960
952
960
897
925
921
976
974
1097
1144
1366
599
1289
602
623
595
601
603
626
692
690
719
779
859
1006
1056
1118
1202
1173
1166
910
947
1006
711
1100
606
767
1596
1208
1349
1337
1327
1353
1387
1468
1486
1488
1378
1377
1449
938
1127
602
590
613
604
1034
612
657
587
570
966
1298
619
584
667
631
632
691
746
778
831
874
968
598
722
591
635
1105
606
959
628
624
662
581
1038
1444
593
632
678
1451
946
977
1057
1053
1087
993
1011
726
756
562
604
971
595
656
620
657
1137
593
1044
627
680
577
599
611
630
677
695
739
805
866
909
650
692
736
581
1054
612
627
604
631
1018
614
713
660
702
1600
1250
1116
834
1156
626
655
658
666
698
560
644
839
604
1006
606
609
666
660
1109
650
660
543
614
873
608
1517
843
867
1172
6181
1056
1705
1431
1784
1287
793
10123
8567
8559
7968
8020
7988
7997
8021
12070
12061
12067
12076
12077
12093
12067
12188
12146
12128
12100
12080
12063
12087
12038
12048
12040
12064
10893
10861
11028
793
794
764
763
1247
960
658
787
749
673
893
1027
871
1387
1551
1542
1824
1329
2317
707
645
1131
1189
2127
632
1193
1048
863
1879
1415
673
677
638
637
693
747
842
909
914
941
980
1006
1052
1084
1115
1203
1317
1512
1516
1579
1630
1735
1802
3089
3080
3105
3135
2400
2188
2215
2243
1617
1690
1797
1864
1861
1874
1861
1851
1879
1956
2063
2112
2158
2171
2180
2192
2234
2267
2323
2403
2483
2469
2680
2778
3511
2409
6504
941
745
734
771
764
740
787
778
819
897
998
837
657
641
661
604
625
714
674
662
656
675
