5753
5842
5888
5930
6030
6092
6166
6177
6180
3729
3755
15753
8250
5044
3526
1661
1423
2247
1259
1060
748
736
760
707
713
653
663
696
714
740
769
784
822
868
935
999
1073
1168
1216
1259
1292
1293
630
630
629
628
635
659
728
717
767
885
891
901
931
950
1005
1065
1121
1202
1212
1610
941
613
744
735
609
1175
620
604
662
628
610
616
655
657
701
763
787
781
828
905
951
1011
1070
1100
1128
1131
1147
1164
1171
1200
1268
1314
1348
1431
1485
1527
1573
1626
1665
1736
1771
1784
1819
1838
1862
1920
1979
2027
2097
2091
2087
2114
2104
2089
2112
2100
2124
2179
2239
2309
2378
2403
2433
2478
2508
2528
2606
2661
2692
2691
2699
2742
2731
2727
2742
2754
2781
2816
2859
2904
2942
3019
3048
3059
3082
3075
3127
3181
3191
3237
3275
3347
3450
3481
3478
3507
3512
3525
3564
3596
3645
3704
3738
3750
3765
3814
3856
3895
3957
3973
3608
3547
3535
3529
3512
3520
3526
3572
3641
3692
3699
3704
3709
3726
3750
3790
3817
3883
3961
4050
4134
4239
4276
4337
4331
4356
4305
4311
4303
4348
4378
4445
4519
4580
4696
4760
4840
4904
4982
5054
5116
5151
5173
5207
5222
5259
5304
5333
5366
5398
5441
5531
5594
5652
5703
5800
5881
5895
5816
5303
5317
5312
5250
5319
4893
4887
4724
4747
4746
4483
4512
4062
4068
4120
4104
4126
3781
3814
3829
3826
3788
3426
3384
3203
3213
3090
3074
3117
2892
2953
2423
2439
2449
2386
2371
2192
2181
1941
2000
1943
1811
1837
1442
1453
1484
1321
1364
1093
1175
977
975
1044
764
1008
682
700
714
794
1024
619
695
539
588
783
629
971
608
589
688
614
828
594
668
595
613
762
628
1068
643
698
757
804
1053
650
740
700
807
891
663
1032
672
723
730
752
1385
677
868
612
690
640
673
976
580
797
614
638
647
714
982
642
841
569
662
648
665
1002
667
809
672
703
668
716
1025
652
846
611
726
545
646
855
635
996
561
613
739
715
951
603
1029
628
672
731
769
854
609
891
592
667
570
665
796
656
862
641
679
560
584
844
590
1003
587
634
637
686
817
580
996
636
681
663
748
805
712
1077
607
675
697
662
891
662
1015
632
645
669
728
1002
639
712
729
810
935
623
1064
654
655
643
673
799
605
1010
665
627
678
645
761
571
1009
585
580
606
568
821
615
1014
605
666
665
747
1008
596
866
593
654
616
658
868
648
781
608
667
660
658
881
632
1038
638
696
696
706
975
652
740
609
607
677
649
975
576
789
616
644
618
610
1048
621
792
610
720
639
728
984
650
865
642
678
720
734
1007
569
841
627
657
648
680
934
655
989
610
661
734
814
886
607
915
596
1002
631
726
725
764
1003
613
655
752
696
834
621
997
628
617
677
716
929
595
814
609
656
559
557
810
586
852
604
637
547
588
792
592
928
633
689
555
627
805
587
1010
617
593
652
635
828
593
1024
593
608
618
675
966
590
605
660
657
2005
609
635
590
613
600
641
654
662
771
592
601
579
542
821
588
927
621
687
530
623
833
641
989
604
599
661
663
837
618
1039
622
631
684
690
767
583
989
618
698
730
707
932
592
571
620
596
993
591
803
572
680
624
712
1064
678
841
607
693
600
668
1032
609
1011
615
625
706
688
875
609
1093
615
624
646
732
941
586
647
592
616
1014
654
721
579
639
976
608
659
515
572
849
669
982
659
654
719
629
858
637
728
539
664
1116
610
658
652
723
857
641
917
609
610
704
684
960
621
697
696
764
1042
604
861
594
686
567
681
958
643
679
564
632
780
626
1024
634
663
763
624
829
604
643
586
630
795
585
1001
631
710
701
763
1002
652
751
558
605
864
645
1017
654
692
732
852
832
775
819
610
627
681
730
778
891
972
1034
1054
1084
857
946
627
716
535
613
824
578
1096
603
618
671
576
824
551
607
535
583
781
589
861
626
689
551
577
930
570
645
633
665
1023
566
874
596
643
691
662
850
597
1098
594
708
731
704
974
561
604
546
646
826
566
994
578
600
691
716
1023
593
630
942
638
658
696
964
566
612
683
708
1010
579
623
498
562
918
560
973
569
603
655
710
1021
597
652
498
574
840
607
1082
615
663
694
546
899
596
643
504
569
951
586
705
630
669
1002
594
898
627
644
541
638
963
610
670
664
693
1001
612
840
626
677
551
598
962
593
612
664
682
1043
583
918
571
620
661
705
4671
1926
1377
1240
1269
1014
2774
954
826
884
875
904
836
897
886
929
856
886
866
876
661
878
749
730
731
729
711
762
750
730
721
727
755
745
1584
1570
777
747
733
732
774
749
757
742
745
763
727
764
753
740
736
761
842
780
1326
724
610
637
658
659
1227
577
575
642
663
686
663
692
690
760
828
720
721
734
750
766
808
896
868
901
964
994
864
945
780
885
925
979
1051
1093
1130
1198
1256
1353
1391
1458
1511
1564
1607
1693
1742
1805
1866
2018
2038
2109
2157
2210
2288
2344
2412
2432
2482
2545
2601
2672
2751
2822
