1274
1378
767
1222
894
772
743
742
736
805
734
666
677
762
788
807
991
1011
1300
1391
1085
780
809
880
974
1130
1309
1405
1520
1685
1811
1910
3195
3381
3250
1274
807
994
1102
850
866
733
715
751
699
677
744
663
702
699
679
651
1656
929
1856
872
674
800
802
745
705
773
727
737
759
744
746
742
749
742
693
1048
791
882
1264
1377
879
817
778
808
1026
755
814
761
1208
835
796
804
879
894
936
988
1011
1050
1095
1222
1128
991
839
913
1207
1797
1851
1584
1568
1596
1743
1914
2271
2703
3027
3157
2870
2758
2559
2448
2289
2170
1763
1540
1586
1665
1810
1962
1960
1774
1568
1706
1829
1941
1972
1962
2058
1938
2029
1796
1604
1627
1705
1494
1073
858
736
673
1036
917
748
677
690
691
679
655
672
720
968
714
1104
746
991
680
652
632
966
1247
1256
1089
1024
1019
1150
1209
1316
935
878
1095
905
827
846
902
770
810
1901
1052
881
1063
1334
1643
1904
2050
2046
2524
2891
3187
3017
2988
3114
3456
3701
3963
4240
4527
4870
5127
5479
3571
3620
2782
2963
2428
2532
2713
1107
2299
892
1046
1180
1304
1510
1868
1920
1588
1333
1959
908
913
1354
902
2495
960
1983
1006
1157
980
1168
1204
757
718
721
683
739
1013
972
806
967
1045
1294
1540
1707
1842
2051
2238
2239
2049
2231
2593
2860
3156
2814
3067
2728
2947
3205
3489
3807
3505
3742
4016
4302
4612
4613
4874
4487
4765
5120
5376
5356
4949
4860
4285
3872
3512
1933
1787
897
652
2515
610
2423
623
634
1900
578
2655
1004
1259
1284
1593
2706
989
2357
826
920
763
723
744
734
710
699
707
733
712
827
922
1089
1256
1433
2707
901
953
1121
1366
1530
1686
1976
1878
2007
2524
2831
3178
1601
1280
863
858
944
908
794
918
852
932
799
836
826
845
797
825
800
830
851
1709
1728
976
945
1197
1405
1447
1591
1756
1995
2283
2522
1862
1864
2067
2337
2585
2164
2434
2755
3047
3338
3369
3775
3879
4090
4490
3563
3743
3900
4126
4436
3421
3634
4004
4330
4650
4868
5142
4504
4651
4539
4753
5125
3655
3922
4215
4473
4081
4212
4447
4442
4751
4353
4601
4883
5215
5699
5348
5318
5062
4950
4903
4170
3833
2899
2707
2518
2093
1908
747
708
851
848
1900
966
1163
1395
1642
2064
2500
2994
2566
2819
3093
3171
3486
3595
3924
3849
4182
4274
4676
5001
4827
5016
5267
5490
5739
5201
5281
5001
5141
5173
5269
5431
5152
5312
4784
4627
4519
4447
4406
4250
4074
3758
3450
3157
2836
2467
2390
2276
2173
2022
1877
1758
1590
1331
1213
1000
820
695
787
862
798
772
775
819
795
793
936
1070
917
889
935
923
911
795
887
849
973
895
952
869
822
862
874
851
844
857
937
826
993
857
793
838
884
891
898
878
935
855
860
934
921
970
940
953
828
898
871
928
887
817
845
904
1020
927
922
854
863
942
873
886
828
972
1093
967
1094
988
894
922
873
965
888
828
851
869
870
927
865
957
883
978
910
913
986
890
934
873
921
1041
927
874
922
881
906
909
947
854
940
910
1065
872
737
742
764
709
734
668
694
705
681
675
729
733
720
737
762
699
819
708
698
869
1252
771
734
743
747
686
746
705
2280
718
2372
700
756
2165
935
1844
739
721
1012
715
2337
728
716
978
744
2391
859
6325
963
922
893
916
916
865
905
1047
897
884
814
854
882
916
945
891
911
885
934
877
895
895
919
983
913
985
889
928
1026
1136
1261
1221
1251
1381
1429
1496
1572
1737
1776
1827
1946
2051
2440
2487
2463
1790
1740
1518
1126
1022
1033
1225
1359
1415
1432
1506
1540
1289
1233
1555
1046
1036
1103
1247
946
1148
823
768
795
938
1180
1427
1314
1271
1112
1280
1125
1148
1295
1167
1282
1311
1372
1387
1533
1541
1520
1534
1578
1650
1726
1768
1750
1739
1575
1721
1889
2032
2149
2235
2339
2587
2733
2736
2842
2956
2995
3098
3144
3217
3360
3533
3709
4024
4113
3865
3802
3763
3630
3441
3381
3389
3335
3316
3261
4195
4224
4525
4744
4277
4438
4663
5050
5414
5808
6230
6705
7200
6659
7055
5620
5852
5191
5011
4911
3315
3289
1137
1095
946
997
1484
1137
1107
1075
1253
1079
1234
1199
1369
1182
1189
1360
1587
949
1053
932
2682
812
1037
1681
1412
1843
1155
1388
1073
1208
2212
1708
1434
1610
1911
1492
1144
2656
1325
1392
1001
998
1174
1145
1267
1681
2121
1286
1158
1220
1202
1299
1300
1185
1339
1210
1320
1017
1021
1380
1204
1181
921
854
1155
1271
1092
1358
1346
1327
1338
1207
2395
1228
1133
1300
1024
1964
1274
2043
1278
1130
1379
1329
2397
1155
2130
1031
1305
1589
1142
3013
1236
1095
1160
1253
1895
1264
1462
1365
1293
1289
1070
1373
1162
1308
1118
1083
1331
1088
1864
1224
1757
1264
1481
1404
1519
1946
1573
1814
1182
1163
1143
1259
1146
1142
1340
1045
1047
1146
1010
3263
986
977
1154
986
2038
999
2571
1137
1068
1155
1152
1540
1029
1656
971
967
991
929
1777
982
1997
958
1246
1658
1481
2639
1002
1281
1213
1453
2430
1080
1966
1057
1309
811
928
2196
1028
1910
1028
1351
934
1237
1319
1156
1102
1152
1134
1123
1148
1255
1153
1280
1423
1288
1910
1217
1244
1134
959
1105
1177
1410
1623
1707
1850
1840
2031
2107
1828
1280
1313
1267
977
980
2495
1529
1424
1312
1300
2302
1290
2335
1659
1258
2757
871
1794
1191
1232
1271
