3767
909
956
904
1126
1025
974
957
1109
1099
750
716
1076
1170
858
1213
775
1182
1555
1697
822
809
1043
816
917
939
2512
2237
1321
839
1076
1165
1028
825
756
1105
1097
1001
1043
876
934
934
1036
1057
1012
740
741
663
686
668
1009
1115
1413
1047
937
1103
724
931
1196
665
806
781
705
1007
900
982
989
1003
993
987
1011
676
651
748
741
899
997
915
980
789
729
716
1358
1924
1318
1637
1069
987
1104
992
1668
902
1425
1067
992
1399
2931
2551
1112
975
999
1049
1373
707
3609
1105
824
1062
1139
792
1185
1086
1219
1420
801
1312
898
2165
949
1284
1153
1319
1137
1132
1250
826
1534
1124
1114
2080
1234
1245
1113
1491
1181
866
914
772
763
733
1859
694
1214
692
712
630
1255
844
675
686
671
2031
1547
815
864
980
974
1939
881
636
1075
960
873
895
623
663
750
657
841
1460
1048
1048
1295
1004
956
1225
1006
1900
1827
1478
1971
1131
738
804
1427
1161
1839
948
964
757
823
1657
1265
968
742
857
697
934
2043
1424
1319
1076
1088
1077
766
782
729
1013
1153
1022
687
668
607
641
678
681
782
1840
885
1036
731
708
1245
858
600
648
618
800
1854
2356
833
1374
939
1105
845
865
1030
758
692
771
926
856
893
863
811
770
988
2067
616
630
670
702
923
1864
632
647
1197
766
742
1973
646
687
679
726
593
1531
1215
725
744
639
624
824
658
632
625
716
631
2714
605
665
639
707
632
1951
615
638
635
1453
790
1797
1808
820
1080
955
876
1444
1456
1163
856
936
909
922
1544
921
840
1083
1105
953
927
1093
857
725
829
776
1364
967
890
909
830
820
770
756
759
1686
886
1510
1089
1218
1102
786
975
1959
1091
763
721
1205
957
2356
681
831
1176
710
988
654
615
662
685
854
976
1498
1473
1028
664
662
621
1205
628
804
919
952
2208
824
785
1277
1374
989
653
748
2222
1113
836
1793
1681
661
793
777
1113
823
1794
1001
711
640
637
1099
1613
963
811
727
669
1670
978
695
928
663
764
1076
818
862
760
946
1389
923
682
640
595
974
1269
728
1921
616
645
698
639
758
1926
1220
874
728
715
720
779
871
762
756
1320
975
718
790
986
782
1679
3022
846
1241
1225
1307
1210
846
984
2265
917
863
1358
787
659
660
706
1083
2131
1478
1500
1059
1059
875
714
899
1783
1179
863
861
1070
1155
789
1024
771
2389
790
778
1006
756
1693
841
693
1174
1513
1202
1468
736
672
739
2016
1177
1679
841
699
667
1374
1831
1109
2259
1011
735
654
724
888
2715
932
1080
785
842
845
783
983
693
1849
793
767
676
1123
2067
694
673
653
1197
893
784
896
938
863
718
791
3014
1379
838
1020
979
765
858
871
728
1801
782
900
981
652
1189
638
659
1351
1207
889
2275
1245
1046
702
1053
2001
1234
759
662
724
666
629
763
2051
831
1203
891
679
698
1686
1327
625
640
610
795
793
2109
646
616
602
620
636
870
2454
1013
797
652
643
955
1623
606
623
644
1478
1080
711
840
857
854
850
871
859
1030
1463
1347
958
1083
726
732
757
882
1695
1782
1105
1070
1273
776
761
621
606
914
678
1035
1217
832
777
690
853
685
782
1260
769
1922
1035
664
612
861
972
740
636
618
616
2626
667
605
622
637
640
1920
603
604
616
645
1626
972
667
607
603
627
687
609
609
627
653
1276
864
822
668
1084
724
724
1731
1052
674
916
936
753
1096
774
717
635
893
777
1457
820
1028
1368
709
846
626
626
697
652
919
684
2072
937
855
922
615
669
1470
1280
753
732
1245
1054
823
648
642
697
1448
766
767
714
851
1177
793
1703
705
1742
868
1080
1765
753
633
607
614
966
1400
1230
903
931
1372
955
639
874
935
1388
840
1173
1205
928
681
658
706
632
1957
1547
1045
1278
1021
662
696
841
789
690
869
1498
1695
784
708
690
995
612
852
858
982
1047
686
1172
1559
639
706
656
823
1197
1988
873
648
836
892
651
3242
802
936
987
960
918
879
902
1197
1078
981
2137
2233
715
717
1244
1294
1345
1231
1384
815
844
1580
1325
1139
949
758
1052
791
972
1013
2999
1537
1162
1056
880
791
945
2337
1134
1111
683
1049
717
974
729
868
1661
1472
1452
907
1024
832
843
1765
1478
1921
1058
733
799
879
1021
1192
1415
1881
1410
1122
725
1055
670
1063
1600
1407
887
1014
658
1068
845
1236
796
1264
1859
1079
1706
1047
1039
987
897
1308
774
865
943
1429
1111
1065
3598
1281
1306
1140
1200
1422
1694
1269
1221
1100
947
1129
1050
1116
901
927
1050
863
669
838
746
981
930
1576
727
896
790
1007
2710
1244
986
990
945
1031
2043
1308
1234
1082
1212
777
1413
916
700
806
732
862
948
982
653
768
632
854
1448
1172
863
664
725
1285
1698
924
800
750
730
701
654
1048
1219
1152
844
876
649
655
1033
674
639
647
663
888
652
1039
607
658
632
836
895
890
914
879
855
650
912
625
836
894
882
843
658
899
886
890
838
664
853
885
977
665
862
1040
1054
1014
904
1391
923
961
867
1003
709
662
617
623
662
591
1259
1047
990
680
1079
1178
946
958
949
