4849
4883
4970
5044
5052
5055
5001
3367
3037
3977
9026
1030
936
936
544
930
513
559
523
3386
3535
2269
2277
1721
764
5056
772
634
677
766
694
566
603
606
2177
1083
1008
980
1017
1025
1016
875
876
933
997
1066
1098
1139
1186
1763
1610
1624
1643
1436
1470
1319
1368
770
789
1048
941
956
1024
1078
1119
1171
1187
1284
1346
1409
1406
1481
1576
1620
1673
1700
1712
1762
1792
1860
1974
2054
2087
2130
2162
2179
2212
2420
2503
2582
2630
2665
2651
2704
2788
2873
2945
2929
3051
3095
3145
3206
3259
3308
3364
3440
3511
3543
3600
3615
3670
3686
3712
3776
3830
3888
3939
3946
3958
3970
3995
4012
4065
4072
4121
4197
4236
4301
4295
4291
4271
4271
4287
4288
4317
4362
4358
4396
4410
4442
4477
4522
4551
4582
4655
4687
4727
4800
4820
4841
4894
4909
4978
5024
5067
5161
5190
5234
5292
5347
5391
5449
5528
5581
5648
5674
5701
5745
5806
5834
5876
5874
5894
5909
5945
5974
5984
6050
6074
6150
6224
6274
6338
6393
6458
6528
6577
6619
6673
6726
6740
6791
6839
6861
6867
6881
6966
7021
7027
7043
7076
7081
7116
7136
7192
7217
7201
7239
7270
7277
7284
7269
7311
7341
7345
7375
7392
7345
7356
6953
6973
6768
6791
6761
6524
6567
6152
6202
6242
6201
6216
5749
5757
5567
5560
5612
5343
5373
4929
4932
4929
4807
4818
4518
4512
4363
4332
4348
4007
4016
3638
3650
3694
3749
3731
3276
3284
3092
3170
3127
2860
2929
2451
2500
2545
2475
2473
2016
2048
2072
2065
2059
1609
1653
1358
1395
1250
1229
1237
834
880
888
954
1107
607
833
608
609
537
595
835
598
944
601
621
692
605
838
609
636
539
591
819
586
1018
620
614
690
654
782
574
653
582
619
973
654
843
635
683
535
618
864
611
1012
615
630
642
632
945
605
637
575
599
942
600
617
615
638
959
591
930
582
620
658
697
1034
592
614
644
692
1030
615
807
620
668
563
615
800
636
1037
595
614
666
567
788
629
681
549
618
815
601
973
595
581
667
578
843
571
604
573
675
926
595
611
616
621
986
567
916
574
582
575
590
994
579
590
530
588
1037
603
616
642
687
954
631
848
581
599
545
536
927
609
647
642
696
1051
587
1026
598
613
665
664
994
605
621
640
653
898
595
931
580
621
660
695
989
599
666
635
692
1062
587
960
611
724
748
727
988
580
596
656
741
1044
637
842
585
636
525
584
839
609
982
598
692
695
585
829
605
623
597
627
829
592
997
582
583
593
567
860
640
703
521
678
889
611
971
582
625
746
597
810
601
654
500
573
995
607
636
681
753
1020
619
849
597
644
516
592
833
595
1010
592
604
620
562
842
567
585
535
580
938
596
680
639
671
993
601
999
602
635
698
728
1033
1343
957
924
947
969
922
1064
602
659
777
597
818
590
644
553
581
934
578
594
512
581
1198
593
913
591
609
693
582
792
596
625
508
563
950
551
602
484
582
1151
620
799
627
662
559
575
975
600
694
639
696
1058
636
814
623
636
534
584
840
595
1003
627
636
692
724
991
596
600
623
666
1027
596
992
590
617
647
637
979
575
613
624
633
947
570
892
618
668
523
590
861
587
959
601
594
610
613
753
605
983
566
610
671
594
1067
612
649
705
751
1023
600
839
615
666
538
593
819
623
1059
631
658
702
727
1000
610
637
653
692
884
607
1042
635
676
741
765
1025
624
858
609
649
555
626
811
623
886
632
699
673
738
1038
613
854
614
622
648
703
1002
613
843
613
643
550
594
817
611
880
596
644
574
605
815
599
997
612
669
694
707
1005
598
617
612
692
819
670
991
601
619
703
711
972
596
793
578
589
570
598
882
577
848
581
616
556
636
973
580
630
662
708
1046
611
818
619
692
592
603
1100
615
843
561
655
547
607
815
601
987
610
611
650
701
1005
569
586
603
639
982
577
772
600
667
502
568
833
579
992
597
640
653
615
1016
585
601
610
651
1037
584
794
607
625
536
578
795
578
1024
583
650
708
682
1007
556
603
549
597
1037
580
749
595
615
626
677
1118
558
781
583
616
547
592
809
594
847
587
644
563
574
751
589
928
605
619
555
593
804
607
1051
601
636
673
684
931
600
648
570
618
1026
604
806
579
612
548
620
792
603
1054
608
619
656
688
1041
598
627
664
673
1006
588
751
578
599
561
554
779
619
1042
597
587
594
636
975
607
624
672
702
2575
1062
1753
1561
935
827
1888
1333
2358
2339
2348
2389
2446
883
1639
1650
1636
673
880
764
600
675
743
5869
1307
797
671
642
653
620
620
617
659
630
686
735
746
781
805
881
946
951
581
637
624
695
708
716
767
778
784
857
936
1039
1090
1106
1156
1166
1165
1217
1303
1312
1372
1441
1526
1555
1416
1491
1548
1591
1611
1669
1688
1650
1720
1813
1866
1931
2008
2014
2073
2114
2190
2243
2338
2386
2425
2421
2426
2445
2476
2515
2570
2586
2594
2570
2617
2677
2700
2722
2720
2722
2763
2771
2819
2943
2973
2989
2972
2961
2979
3017
3027
3065
3101
3139
3172
3225
3268
3313
3368
