2633
2592
607
651
5575
4320
713
695
732
652
659
683
695
741
795
886
969
5031
573
640
969
608
581
630
676
701
725
774
789
876
5809
1289
1112
1514
2148
1087
1070
1021
997
1015
1019
1047
1099
1130
1174
1205
1270
1307
1349
1406
1508
1590
1636
1689
1933
1938
1984
2046
1682
1816
1730
1757
1747
967
1077
1121
1138
1196
1291
1375
1422
1460
1581
1648
1679
1613
1671
1742
1802
1862
1919
1972
2034
2104
2173
2286
2334
2360
2368
2182
2211
2300
2410
2475
2543
1984
2011
2040
2144
2210
2260
2290
2379
2331
2345
2415
2407
2507
2557
2591
2561
2612
2625
2728
2769
2861
2890
2977
2979
3013
3067
3095
3124
3165
3217
3277
3331
3377
3431
3476
3524
3586
3660
3714
3755
3828
3870
3922
3970
4046
4111
4159
4190
4229
4274
4329
4334
4405
4420
4453
4509
4378
4322
4353
3845
3865
3438
3495
3288
3335
3418
2869
2916
2487
2467
2348
2376
2367
1843
1880
1359
1375
1403
1318
1347
983
1141
638
687
728
633
1146
603
632
557
576
1048
604
649
562
598
1023
592
620
536
588
897
628
1102
614
632
773
597
928
628
669
556
579
1004
633
712
577
643
1054
610
1110
612
629
683
654
1166
626
637
564
595
1119
608
915
594
668
549
594
1039
630
632
545
613
919
642
1160
596
629
855
632
931
626
620
588
608
879
587
1159
630
624
655
645
1208
606
642
572
602
935
608
1086
605
641
651
610
1147
625
684
563
624
1125
627
900
594
657
545
596
927
637
928
631
672
559
627
882
625
1116
610
640
869
600
923
892
911
598
616
936
615
940
624
723
592
620
1068
584
643
493
593
1139
609
1080
625
674
770
601
913
651
1137
637
647
643
663
1105
599
652
568
660
982
601
1159
614
597
639
562
1142
655
667
562
595
893
573
1150
589
644
662
637
1126
609
657
518
565
935
560
1139
563
616
757
607
1063
615
592
577
619
926
609
1187
629
636
903
658
865
586
599
540
585
1040
572
636
566
602
1077
632
969
614
626
575
641
1076
646
651
596
589
1130
602
966
635
693
537
602
1094
588
689
534
591
1070
599
1123
590
653
661
580
1122
611
644
571
618
1144
627
1604
634
624
637
693
917
619
628
580
618
1003
571
1222
610
606
556
585
1073
604
891
588
649
500
586
1150
609
634
614
688
1212
598
991
596
668
544
614
893
611
1125
593
677
713
602
1183
590
586
572
602
938
592
1079
594
619
865
597
918
600
629
548
582
996
603
1138
603
661
689
586
1090
590
601
566
635
934
630
1140
611
651
738
648
1115
618
641
617
608
1139
633
913
626
628
559
601
1134
635
666
566
608
1157
582
868
597
632
555
594
892
611
1123
615
598
811
626
936
632
668
541
616
863
571
1133
582
615
778
590
861
590
594
569
604
1145
633
872
626
649
545
587
995
644
1138
636
656
720
614
1240
636
667
559
611
1134
571
624
553
587
1086
603
1075
606
675
667
617
1165
576
592
588
597
1165
635
866
596
627
526
602
936
627
1193
615
641
800
623
907
617
641
565
625
951
638
1121
617
657
853
596
1024
574
666
1267
1049
1033
790
812
745
764
1168
574
1003
595
608
778
592
1160
611
631
541
642
1061
605
647
551
613
1175
618
934
635
660
580
575
1088
624
626
589
584
1198
566
1020
611
616
672
618
1182
595
642
592
662
1204
588
1079
543
589
634
596
1121
595
591
571
601
1236
585
997
587
595
619
595
1075
572
580
598
615
1089
612
902
600
611
556
591
899
611
1104
621
660
785
603
891
602
635
544
617
882
597
1127
592
622
826
608
853
618
674
500
610
950
630
1097
594
662
968
613
879
606
629
524
607
1054
568
608
551
620
1158
606
858
594
613
504
593
969
638
1048
575
590
804
601
857
566
599
540
580
1065
597
610
602
631
1131
592
996
609
670
690
598
1128
577
602
557
587
916
602
1071
593
603
753
605
977
587
608
551
606
1064
581
594
518
577
1269
615
1001
571
608
788
604
933
614
656
546
585
1028
584
588
532
588
1080
630
892
621
662
509
548
1084
550
607
549
528
3678
3210
3248
2822
2861
2037
3315
1443
1325
1253
916
919
875
883
802
862
857
885
848
900
900
883
851
857
663
841
734
732
720
713
741
549
744
757
741
787
732
765
627
838
900
796
614
623
1307
641
694
739
763
821
887
973
1016
1049
1152
1166
1174
1192
1211
1237
1301
1316
1393
1463
1499
1576
1571
1615
1639
1675
1712
1733
1744
1768
1855
1895
1916
1965
2001
2062
2127
2155
2204
2256
2320
2384
2416
2434
2462
2544
2556
2578
2638
2691
2728
2771
2814
2912
2973
2973
3036
3069
3134
3177
3251
3273
3332
3062
3094
2676
2660
2732
2412
2436
1990
2007
1641
1687
1718
1376
1405
816
848
922
870
1212
603
624
547
644
1008
610
1162
592
634
629
661
1110
632
944
591
620
539
605
1019
602
974
599
604
534
624
1054
580
606
589
564
1130
592
851
636
659
491
566
1180
591
888
571
570
606
603
931
579
1070
560
637
717
596
1103
560
581
568
577
1084
579
883
