2729
3230
965
4041
5280
8960
1835
4877
675
665
686
659
670
694
731
774
851
888
932
987
1062
1099
2054
2258
2317
2379
2181
2184
2244
2258
2254
2232
2234
2160
2154
2237
2254
2041
2076
2114
2144
2070
2147
2173
2204
2218
2253
2272
2277
2330
2418
2442
2518
1857
987
956
988
1023
1042
1103
1120
1088
1082
1085
928
981
1057
1109
1177
1218
1183
1221
1271
1302
1390
1463
1558
1615
1665
1705
1737
1800
1841
1945
1994
2064
2134
2163
2203
2272
2313
2370
2414
2471
2521
2519
2583
2660
2703
2748
2825
2859
2946
2982
3000
3041
3069
3105
3146
3205
3240
3278
3344
3422
3507
3574
3604
3664
3259
3276
3301
3319
3336
3378
3403
3467
3527
3558
3635
3698
3731
3828
3873
3886
3935
4053
4102
4167
4211
4280
4364
4397
4424
4425
4449
4475
4510
4554
4582
4607
4691
4717
4753
4820
4826
4781
4870
4518
4573
4607
4190
4187
3688
3622
3625
3613
3589
3025
3033
2995
2955
2997
2536
2565
2208
2227
1666
1687
1696
1199
1209
822
839
583
635
873
584
1075
594
623
622
651
1053
590
665
565
1008
1328
1306
1020
1091
1314
1028
1013
1525
1193
1245
814
835
609
684
992
556
1193
567
609
687
584
1132
589
626
505
560
1040
581
1083
590
637
525
564
1182
593
1051
595
678
776
605
991
576
635
681
580
1117
601
647
503
573
962
622
1037
578
646
868
617
969
576
628
788
539
1017
620
635
510
586
1082
556
587
512
566
891
593
1158
568
587
714
605
1092
584
625
784
604
848
602
623
543
593
999
597
646
574
612
1120
588
630
504
581
901
583
1106
593
636
812
574
867
616
641
559
600
875
578
1069
612
674
723
656
1085
598
613
535
603
919
555
1037
601
603
788
560
865
577
575
529
611
1052
590
624
574
595
1100
621
950
600
611
566
601
853
612
1106
606
662
705
673
1061
594
638
580
591
905
604
1080
618
647
791
643
1046
600
645
669
592
1191
593
615
541
582
1054
606
616
543
579
1091
600
887
598
645
558
615
1002
609
617
570
601
1094
616
1051
592
595
587
581
1049
608
668
578
670
1120
604
956
606
644
525
597
1041
629
680
569
701
927
595
1040
611
597
678
691
1148
580
632
551
565
991
560
604
572
598
1069
593
1012
614
658
731
602
1055
578
605
607
626
1094
602
1017
608
670
656
594
1064
611
679
540
572
1024
573
604
542
609
1120
589
971
586
609
638
557
1132
568
633
530
591
1044
574
559
564
608
1102
585
1023
602
633
701
668
1185
624
650
530
584
909
598
1109
560
563
762
594
849
616
671
515
616
938
580
1114
594
626
792
600
962
608
615
553
597
1071
586
596
555
575
1072
583
1017
595
605
636
635
1071
615
645
614
668
1089
617
1134
584
581
598
586
1072
611
686
624
697
1115
623
918
591
653
531
594
1051
625
688
567
550
1052
589
892
601
631
516
605
1064
597
636
550
573
1047
584
1073
634
662
659
585
1053
620
661
556
575
838
572
1180
638
657
756
582
1033
584
628
643
583
1098
590
587
568
615
905
616
1125
593
631
777
615
863
583
647
551
562
999
585
602
578
612
1119
574
870
584
612
581
573
1020
577
592
556
559
1030
600
891
585
647
556
593
851
561
1069
585
656
826
565
864
584
632
551
591
875
587
1089
587
632
668
599
1063
581
607
552
690
1124
602
1044
628
573
678
666
1093
609
631
610
684
1079
605
909
606
627
548
589
1030
599
591
533
577
1072
620
876
571
611
573
562
848
575
1045
577
598
698
574
926
579
614
514
564
892
554
1130
618
692
715
691
1086
593
600
557
583
885
572
1078
592
617
773
607
878
606
637
556
609
869
568
1079
569
589
732
581
921
586
630
574
632
1058
598
612
549
561
887
586
1198
571
564
745
593
966
602
609
623
549
1125
620
667
528
595
924
617
1098
571
602
769
588
1069
593
569
599
608
1099
593
614
565
590
878
603
1119
600
601
710
576
862
645
679
544
611
1002
614
655
532
572
1052
578
1039
623
619
803
580
1021
573
599
693
626
1092
598
622
544
611
887
569
1062
608
658
679
576
1098
624
676
502
590
918
589
1117
574
579
750
585
860
592
602
543
605
1028
601
2530
1418
1341
1343
1836
1734
1703
11812
714
602
593
6068
944
1339
619
614
642
628
634
663
652
619
632
686
715
709
719
956
921
966
953
951
1003
1021
1062
1093
1115
1039
1076
1123
1141
1154
1174
1189
1299
1379
1314
1348
1386
1454
1553
1589
1656
1703
1733
1784
1814
1852
1931
2006
2025
2043
2091
2116
2147
2212
2264
2343
2411
2455
2520
2540
2575
2610
2690
2764
2859
2902
2946
2930
2941
2997
2979
3020
3049
3059
3094
3100
3101
3120
3166
3221
3273
3304
3319
3384
3404
3403
3422
3427
3453
3497
3529
3564
3649
3695
3737
3772
3828
3891
4060
4145
4172
4214
4243
4276
4321
4355
4409
4453
4476
4522
4546
4607
4660
4737
4811
4927
4988
5025
5063
5107
5129
5208
5286
5321
5405
5442
5477
5477
5501
5506
5569
5620
5709
5678
5692
5712
5768
5821
5862
5902
5920
5907
5906
5924
5717
5772
5459
5502
5162
5196
5160
4818
4830
4247
4271
