2996
2695
710
702
18927
616
673
1072
1775
1764
1694
1196
1036
1003
1048
1091
1124
1001
926
1026
1065
905
821
823
852
864
939
948
993
1064
1073
1126
1169
1141
1157
1143
1165
1139
1159
1205
1268
1319
1365
1411
1460
1469
1524
1325
1310
1333
1364
1415
1464
1495
1521
1541
1552
1188
1176
1228
966
1530
637
649
696
742
762
843
816
790
817
841
895
957
979
842
747
726
698
727
785
841
856
850
894
926
931
954
987
1033
1064
1101
1112
1182
1182
1219
1223
1274
1355
1386
1447
1508
1544
1567
1647
1694
1761
1804
1842
1836
1910
2018
2070
2116
2137
2151
2175
2196
2231
2255
2306
2393
2444
2504
2518
2565
2608
2680
2744
2829
2892
2917
2965
2995
3021
3070
3154
3215
3269
3289
3338
3361
3407
3471
3510
3562
3606
3658
3678
3717
3787
3824
3882
3929
4003
4063
4115
4231
4249
4291
4333
4365
4429
4486
4543
4627
4649
4661
4661
4681
4713
4662
4723
4745
4763
4795
4816
4811
4822
4838
4452
4437
4447
4424
4488
3966
3951
3801
3804
3747
3482
3541
3147
3183
3212
3021
2973
2685
2684
2568
2584
2597
2178
2147
2147
2162
2144
1651
1675
1229
1220
1222
1040
1037
833
865
701
732
836
629
1013
619
658
669
565
853
600
627
540
594
827
649
992
611
618
654
563
1002
611
642
683
730
1065
593
618
552
608
832
591
987
607
622
702
604
815
605
663
546
608
992
579
591
617
671
917
629
802
601
665
530
623
996
609
635
668
691
1017
585
816
616
654
538
601
960
558
598
597
643
1023
602
978
579
594
637
624
983
605
647
558
578
764
648
1057
577
576
679
605
955
558
618
679
620
1034
609
640
645
690
1040
618
1011
610
653
679
671
1008
600
633
650
686
1017
624
943
591
640
680
704
978
579
620
544
587
820
583
1006
586
598
600
594
867
611
662
498
590
881
558
1023
567
577
699
581
887
554
588
632
588
1022
554
610
513
552
1009
596
643
586
564
968
564
950
624
681
712
675
1034
575
649
515
549
981
584
626
568
650
1037
602
952
607
668
733
710
990
600
648
542
584
1042
613
623
667
678
1438
604
722
566
618
674
706
1138
620
658
550
613
814
605
1044
596
624
728
566
965
575
587
611
606
961
603
678
548
562
814
608
960
595
685
643
651
1034
582
567
557
587
856
577
1019
616
658
705
744
1039
608
645
550
606
838
619
1010
608
673
743
769
1009
579
620
527
585
863
610
1005
594
633
787
621
863
609
661
657
687
1022
617
820
608
644
546
614
834
620
999
630
658
685
598
848
612
644
606
659
1029
617
808
619
655
539
634
859
618
950
593
612
555
623
827
585
987
587
600
644
682
980
583
583
606
643
866
592
978
611
621
638
684
844
618
984
605
614
652
702
983
601
848
607
680
656
655
974
583
791
583
625
541
619
823
601
896
610
657
561
607
808
621
995
600
672
661
651
1020
655
732
692
635
811
617
1011
604
695
667
722
911
633
998
637
685
727
756
861
722
1070
613
644
680
721
883
613
1012
620
645
689
709
780
615
1046
606
610
639
644
953
590
808
601
637
670
691
874
615
1066
640
642
669
675
882
580
824
597
612
502
587
831
608
889
637
677
491
562
838
613
887
593
632
554
576
809
611
841
613
665
584
644
807
609
1042
608
619
660
687
863
626
1023
603
637
712
582
805
604
684
587
663
1099
630
899
627
653
550
625
815
602
898
622
650
579
599
913
567
593
641
678
1026
608
780
637
631
558
595
811
597
987
585
630
671
656
994
590
585
623
638
964
575
785
597
619
560
603
871
614
876
595
621
558
655
872
601
1028
566
579
598
593
934
610
628
638
670
1011
592
803
595
635
635
644
1011
631
821
611
635
545
619
839
602
903
620
643
540
606
867
638
1007
591
662
749
757
949
612
993
597
603
662
689
1063
629
666
695
737
1003
609
898
581
599
520
614
822
618
928
613
660
545
612
1030
606
622
644
716
920
619
1072
596
659
606
666
1060
576
806
613
672
506
598
835
600
995
617
696
751
736
1124
598
628
634
646
776
585
944
628
659
672
691
861
623
975
602
657
641
678
1068
590
981
600
659
710
630
1056
609
609
610
596
978
603
615
559
598
972
557
626
635
675
978
616
939
647
638
665
566
844
610
646
561
599
948
625
667
537
600
847
568
2661
925
937
838
1835
874
795
743
756
719
632
748
742
744
788
749
755
742
739
752
773
768
721
735
769
714
754
736
742
750
2215
814
781
755
781
802
884
1002
1926
1355
1882
1844
1846
2027
653
613
600
625
721
747
756
832
991
1058
1052
1338
1344
1365
1401
1416
1434
1481
1573
1690
1746
1794
1748
1758
1763
1807
1892
1930
1932
1955
1922
1922
1945
1962
1983
2005
2002
2034
2092
2153
2215
2141
2162
2142
2105
2133
2199
2239
2313
2393
2497
2499
2504
2511
2536
2606
2118
2138
2063
2119
2136
1693
1744
1452
1519
1258
1304
1324
931
1019
945
1065
1106
584
853
606
628
581
