4892
4946
4983
5017
5037
4812
3114
2934
1371
1171
1033
951
976
1014
1012
1022
1087
1104
1094
1106
1159
1203
1223
1225
1264
1283
1357
1384
1450
1461
1507
1410
1322
1235
1152
1065
984
907
814
741
656
795
791
1628
1161
1057
1105
981
1012
986
1061
960
983
961
968
986
1013
1040
1087
1107
1128
622
620
1133
725
696
714
698
763
797
961
980
971
1072
1082
1148
1240
1214
1162
1200
1248
1360
1459
1286
1208
1240
848
1789
1700
1701
1637
1652
1488
1493
1535
1055
1079
825
974
724
787
938
655
976
617
624
529
597
1069
611
598
562
601
907
605
1128
565
593
495
620
1134
583
833
587
613
543
605
800
580
1431
917
963
980
965
1088
633
637
665
687
943
604
1075
612
696
628
730
925
610
1037
605
653
588
662
1067
584
1017
595
633
843
576
973
633
641
676
649
1108
585
680
507
601
1005
585
614
638
685
1142
632
950
630
624
747
597
939
572
588
542
589
1028
592
639
564
599
759
603
1047
606
621
779
598
940
630
633
589
576
981
600
646
482
590
895
608
1041
609
652
780
626
830
621
701
540
584
953
605
598
614
624
863
564
824
556
608
541
570
968
579
629
596
669
1075
552
917
575
572
599
591
953
569
587
640
702
1070
583
788
579
597
550
614
993
605
639
673
695
1084
592
950
613
614
640
681
1042
589
596
620
655
940
555
811
568
585
544
562
946
591
605
646
665
999
578
1009
552
557
573
572
1010
604
616
643
671
1015
602
784
591
616
528
578
953
588
627
666
717
1000
569
975
719
621
623
704
806
586
985
605
684
763
728
1458
985
998
1023
1013
1019
595
931
612
637
646
649
929
604
635
688
717
1063
628
828
625
691
548
626
1123
608
1208
634
671
711
627
825
625
678
559
598
801
624
1005
572
625
755
614
820
614
683
518
581
968
564
610
574
608
1067
555
1100
610
594
570
594
961
592
615
650
693
1046
560
816
572
608
523
580
832
545
975
561
613
744
608
817
589
626
536
586
842
583
967
569
585
716
586
818
597
609
555
579
846
578
1042
591
651
716
711
1114
575
592
541
534
819
581
999
580
620
682
564
943
559
583
551
594
800
598
954
606
636
650
698
953
588
606
529
585
806
563
1099
576
592
639
600
851
623
644
552
612
941
591
638
596
674
1137
592
793
579
620
515
632
1020
592
656
611
685
1044
595
1095
613
603
611
628
929
584
614
559
610
846
589
1003
578
604
713
560
821
564
601
542
554
925
576
582
584
604
986
617
904
580
575
626
552
1035
599
610
533
581
952
595
607
637
632
1053
599
1003
623
659
677
642
1026
591
623
543
618
902
599
1051
606
642
731
551
841
640
697
548
601
827
591
1020
606
647
715
570
817
589
651
498
557
1021
593
673
609
641
945
583
993
576
572
603
623
1083
584
593
531
542
994
599
596
579
587
986
567
797
584
609
557
575
933
649
661
620
656
1018
642
1030
574
604
647
674
1067
629
684
558
614
838
581
1095
588
581
662
566
760
558
579
512
601
980
567
650
610
669
1089
588
952
608
619
638
641
952
594
620
533
605
870
628
1018
593
610
692
666
1041
589
632
503
597
1020
594
591
588
590
943
641
1028
2003
1297
1280
1686
1341
2444
2123
2075
2050
918
1658
1630
1623
905
1273
1265
2220
961
1391
975
992
969
948
938
986
1021
1045
1148
705
735
769
829
868
931
1021
1077
1122
1061
1064
1089
1142
2021
2099
1973
1781
1429
1454
1475
1531
1576
1431
1462
1482
1537
1610
1696
1727
1767
1821
1852
1875
1926
1972
2052
2112
2174
2242
2233
2272
2326
2406
2465
2535
2594
2629
2656
2693
2748
2828
2859
2901
2951
2905
2906
2935
2713
2774
2323
2330
2336
2087
2104
1813
1855
1598
1658
1744
1310
1365
958
990
1049
852
998
597
642
678
715
1095
615
694
648
677
1043
626
1016
622
620
672
744
897
599
1044
585
625
636
664
1064
601
616
624
626
894
612
821
841
563
575
650
792
596
1004
581
604
632
596
1059
584
595
607
648
819
588
1095
651
648
594
627
1003
578
875
593
650
519
592
858
576
959
567
574
570
604
851
579
987
536
558
615
597
1070
604
628
516
568
898
548
961
554
585
584
597
1025
596
672
659
703
921
584
1026
589
667
625
5952
1716
1805
1782
1962
2440
2606
2010
16372
13681
13658
13686
13711
13716
13729
13795
13864
13922
13957
14031
14060
14084
13950
22028
22076
22117
22126
22154
22150
22163
22187
22204
22236
22293
22334
22397
22469
22486
22519
22573
22595
22530
22566
22839
22861
22897
22920
22946
22937
22975
23053
23056
23071
23120
23150
23187
22962
22964
22970
22972
22954
22978
23053
23105
23121
23125
23107
23107
20029
20058
20135
20140
20148
20163
19921
20063
19984
19903
19821
19718
20402
21708
21652
21609
21580
21562
21487
21405
21362
21297
21207
21143
21069
20968
20918
20885
20831
20757
20724
20619
20551
20501
20427
20449
20396
20348
20164
20115
19862
19790
19568
19520
19151
19147
19163
19006
19064
19004
18997
18990
18969
18950
18439
18461
18456
18552
18556
18037
18046
18007
17976
18006
17606
17672
16176
16149
