6801
6863
6905
6888
6641
6695
10396
10410
10324
6403
1252
1255
1761
2937
9774
2050
4161
825
667
688
801
4861
2057
1992
2031
2606
904
1126
597
721
1832
573
618
2719
2816
1404
6678
6330
5094
3958
3832
3326
2051
1982
1987
1986
1991
2021
2022
2074
1035
1080
1124
1140
1175
1187
1233
1303
1476
1010
809
611
635
702
727
800
828
893
935
977
1032
1103
1159
1221
1294
1337
1370
1370
1429
1506
1557
1591
1642
1678
1704
1764
1884
1934
1973
2030
1509
1269
1303
1380
1464
1472
1489
1511
1490
1523
1568
1669
1772
1825
1895
1944
1985
2058
2104
2025
2050
2069
2112
2159
2185
2228
2321
2355
2404
2447
2471
2438
2676
2757
2813
2849
2895
2978
3050
3102
3124
3143
3135
3156
3192
3244
3296
3320
3361
3403
3476
3539
3518
3578
3563
3549
3595
3589
3584
3583
3654
3707
3787
3829
3883
3917
3942
3976
3970
3972
4002
4037
4044
4047
4065
4141
4197
4235
4266
4270
4283
4315
4339
4365
4415
4464
4569
4572
4598
4613
4640
4678
4740
4789
4825
4855
4891
4927
4966
5013
5043
5102
5142
5168
5170
5170
5190
5193
5219
5229
5276
5273
5296
5308
5292
5309
5345
5375
5389
5186
5199
5061
5098
5123
4601
4617
4134
4126
4140
4047
4045
3463
3430
3403
3425
3442
2991
3044
2622
2608
2389
2410
2486
1975
1996
1955
1974
1987
1470
1532
1055
1077
1122
1057
1168
571
595
536
596
1004
587
678
523
577
1052
593
1010
611
623
642
590
1071
589
642
575
569
999
582
982
600
589
589
611
1031
592
622
549
563
959
567
562
600
611
1029
585
975
584
598
621
555
1215
575
596
523
564
983
581
597
524
609
1106
565
1002
554
562
570
614
1104
597
603
531
543
871
555
1041
545
560
669
581
921
604
631
569
590
855
589
1051
592
628
761
610
899
588
605
531
571
1045
582
601
565
589
1036
587
1005
613
660
695
686
1091
588
619
624
640
1054
597
985
582
578
599
589
1066
627
614
652
709
1058
607
837
611
612
535
608
1045
629
667
615
635
1043
585
880
584
618
537
608
1024
575
614
581
605
1065
588
946
595
634
676
641
1081
576
611
525
560
802
556
1079
618
635
771
578
1056
581
606
666
609
1052
590
620
530
597
872
627
1062
587
613
798
618
869
585
583
515
607
1088
589
612
638
659
1140
594
842
622
656
542
597
1003
593
624
587
619
1116
636
962
603
650
531
588
906
587
1049
596
618
696
612
863
622
649
561
595
870
696
964
605
632
676
667
1083
604
643
605
683
1116
610
1002
632
650
704
698
1087
608
647
651
690
1116
635
906
590
599
565
593
979
628
655
571
574
1045
631
824
586
589
553
600
897
612
1043
587
609
737
605
927
579
586
556
598
866
592
1040
626
648
681
692
1006
586
633
553
601
811
578
1079
575
565
706
603
859
610
631
538
589
837
622
1129
590
603
688
580
889
573
626
549
624
1136
652
612
517
585
873
590
1208
572
587
740
607
1139
605
619
650
601
1068
610
655
551
598
887
614
1008
625
612
754
572
952
594
594
633
600
1035
588
624
528
590
891
581
1045
587
610
764
556
834
596
587
519
575
992
612
644
560
571
1025
553
983
596
571
732
580
991
558
597
620
564
1097
577
586
530
577
883
568
1022
590
591
597
583
1061
624
620
517
564
866
573
1122
574
584
716
610
837
661
650
540
589
977
593
621
620
650
1068
611
847
599
611
541
594
835
582
1229
614
602
739
611
836
598
669
496
602
1024
602
656
591
657
981
577
1041
582
662
576
627
1099
584
911
615
672
526
575
844
592
1083
582
650
674
640
906
619
1119
577
626
648
627
1076
595
590
601
635
1014
561
892
569
607
522
596
1109
1042
580
568
598
627
652
1129
581
594
614
630
1026
600
834
576
624
502
594
1059
590
644
542
660
1133
579
847
571
621
556
580
1010
573
647
553
637
1094
595
971
597
649
575
610
819
617
1053
608
634
909
721
886
586
593
560
616
859
621
913
618
668
521
584
843
583
1056
599
664
774
583
1135
590
647
602
636
901
610
1072
621
678
647
697
981
643
1111
631
657
650
707
1073
608
840
570
608
579
587
841
591
1072
560
589
632
562
1031
605
681
646
706
957
587
1018
563
564
573
588
3961
3436
3443
3154
3124
2956
1972
1299
2020
1776
2299
2268
2230
2167
920
1612
1606
1559
859
1228
1258
615
873
736
735
753
805
720
749
739
744
734
731
722
740
706
730
743
727
736
742
742
731
737
775
810
1044
1102
1103
897
778
770
855
785
1720
1605
1452
1059
973
999
981
1006
1023
1043
1070
1153
1149
1128
1145
1198
1240
1288
1317
1343
1254
1230
1222
1206
1217
1253
1273
1342
1403
1440
1441
1481
1521
1560
1603
1646
1651
1675
1686
1680
1692
1722
1743
1810
1865
1892
1919
1984
2069
2111
2168
2124
2115
2130
2147
2132
2122
2100
2106
2138
2154
2228
2290
2373
2423
2477
2550
2615
2620
2636
2715
2723
2744
2785
2797
2842
2846
2869
2881
2989
3070
3134
3182
3262
3286
3334
3330
3382
3001
3040
2714
2693
2686
2414
2451
1961
1957
1972
1945
1985
1531
1580
1504
1534
1533
1148
1175
692
728
