14508
14763
14912
15038
15140
15243
16153
17237
17346
17488
17799
17983
18052
18193
18376
18521
18744
18889
19024
19161
18992
18975
19123
19341
19382
19530
19684
19460
19631
19546
19784
19953
19978
20189
17429
16757
15962
15173
14417
13416
13212
13204
13287
13335
13386
13508
13632
13753
13827
13854
13810
13558
12443
11734
11211
10702
10122
9556
8838
8125
7512
7139
6914
6747
6665
5907
5129
4339
3548
2743
2797
2922
2983
3037
3132
3178
3265
3333
3437
3531
3602
3650
3751
4845
5846
6837
7826
8842
9206
9272
9390
9478
9586
9642
9683
9737
9799
9856
9948
10006
10076
9921
10007
9960
9257
9129
8310
7574
6781
6098
5508
4855
4179
3552
3598
3621
3723
3810
3898
3979
4066
4112
4233
4305
4395
4489
4533
4494
4506
4607
4685
4772
4782
4842
4859
4296
4257
3969
3281
2412
1588
1691
1486
925
1116
1302
1415
1406
1306
1400
1552
1429
1370
1279
1274
1211
1172
1059
1096
1164
1375
1533
1394
1406
1271
1314
1045
1580
2502
3624
4698
5566
5462
5139
4768
4496
4279
4067
3374
2606
1875
1284
1382
1207
969
1026
1047
1013
1139
1110
1222
985
1455
1492
1350
1308
1335
1403
1086
1065
1843
2547
3501
4338
5211
6157
6150
6001
5865
5711
5495
5252
5094
4892
4305
3639
2913
2230
1568
1442
1943
2472
2267
2163
1995
1675
1471
1332
1209
1121
1482
1376
1579
1411
1415
1383
1308
1309
1744
1815
2145
2579
2912
3196
2659
2151
1574
1371
1358
1248
1119
969
1095
902
869
895
995
992
997
885
880
1305
1287
1310
1377
1277
1275
1323
1124
927
955
1058
1100
1001
849
865
887
1279
1340
1325
1291
1291
1238
942
949
1076
955
952
941
994
1035
997
922
1158
1292
1318
1334
1292
1293
1388
1219
1813
2683
3652
4683
5528
6387
7239
8032
8865
9691
10630
11466
12391
12424
12323
12236
12143
12046
11967
11865
11761
11689
11523
11373
11275
11144
11034
10910
10775
10624
10767
11510
12191
12793
13414
14150
14493
14266
13699
13137
12475
11851
11296
10736
10175
9621
9104
8441
7878
7705
7525
7417
7331
7134
7014
6931
6826
6657
6541
6460
6391
6267
6176
6055
5968
5843
5718
5565
5401
5277
5179
5026
4927
4787
4670
4521
4358
4223
4067
3918
3714
3552
3102
2749
2414
2041
1592
1398
1289
1253
1344
1297
1358
1394
1038
973
1051
1026
877
856
862
855
976
1029
1069
1170
1275
1256
1382
1342
1327
913
980
1135
1146
944
891
887
914
961
952
953
1232
1366
1279
1443
1461
1331
1292
974
1022
953
886
947
954
996
1051
1109
1363
1379
1408
1700
1307
1277
1298
903
1089
1265
1287
1214
1174
1066
929
912
983
968
1358
1373
1574
1296
1251
1319
922
998
1084
1120
1109
1049
971
899
860
864
870
930
1041
1309
1532
1287
1361
1290
1276
1314
886
1030
1093
974
915
858
804
788
802
840
924
828
1537
1443
1396
1415
1422
1006
980
1017
972
927
933
923
910
951
828
842
967
913
939
1392
1386
1369
1271
1296
1329
960
1013
1099
1034
942
920
963
953
1049
1308
1285
1314
1342
1269
1365
1390
949
1057
1224
1274
1223
1100
997
895
994
911
867
1265
1373
1441
1277
1359
1317
960
1019
1144
1128
1053
955
909
917
1066
993
955
1023
1106
1065
972
871
840
875
884
875
862
968
1043
880
845
862
859
959
1083
931
957
1016
872
856
866
844
966
892
1298
1280
1443
1431
1458
1485
1544
1489
1299
1622
2052
2563
3172
3058
2964
2928
2886
2831
2712
2619
2450
2304
2147
1985
1342
1280
1274
1309
1295
1270
1124
986
1165
1176
1094
1036
932
871
846
929
1094
1122
1306
1251
1373
1293
1268
1041
954
958
860
876
947
1098
1154
1076
1097
926
1264
1318
1337
1359
1338
1430
974
972
932
953
892
916
965
1037
1060
1066
1006
1322
1330
1445
1290
1379
1320
1127
938
1082
1154
1046
916
859
919
993
1047
954
964
924
1270
1280
1352
1331
1288
1444
982
1111
1267
1328
1369
1258
1165
928
875
848
838
836
815
1338
1242
1247
1300
1260
1669
2132
2632
3454
3633
3609
3360
3187
3020
2858
2728
2539
2004
1397
1294
1359
1299
1422
1055
937
993
1050
941
889
874
922
983
1047
1034
1308
1481
1311
1294
1399
1323
937
1101
1260
1666
1596
1863
1840
2157
2511
2695
3029
3148
3052
3106
3198
3293
3353
3487
3625
3743
3849
3902
3990
4081
4156
4261
4310
4419
4518
4572
4599
4627
4677
4692
4759
4805
4823
4918
4976
4874
4819
4940
4990
5050
5158
5226
5315
6537
7687
8884
10059
10439
10400
10439
10640
10754
10861
10967
11072
11173
11337
11435
11544
11555
11530
11550
11723
11799
11866
11987
12147
12321
12471
12644
12789
12868
12970
13125
13175
13235
13347
13493
13633
13707
13762
13870
13936
14048
14215
14320
14419
14418
14548
14692
14825
14913
14967
15038
15114
15264
15373
15484
15614
15777
15881
15988
16086
16195
16256
16404
16520
16596
16633
16718
16852
16955
17118
17309
17432
17581
17722
17842
17964
18061
17671
17792
17712
17708
17755
17276
17442
17171
17234
17285
16738
16236
15806
15230
14698
13981
13398
12795
12188
11385
11060
10778
10546
10356
10257
10158
9979
9918
9822
9721
9659
9561
9394
9281
9187
9148
9054
8970
8769
8702
8641
8640
8617
8586
8567
8453
8407
8275
8179
8103
8064
8105
8006
7880
7807
7726
7681
7640
7476
7367
7262
6951
6830
6707
6596
6483
6321
6192
6064
5912
5786
5629
5518
5362
5185
5031
4854
4688
4348
3743
2941
2216
1536
1294
1304
1330
1318
1272
1341
1362
1392
1405
959
1021
1061
974
912
862
873
968
1074
1079
951
1399
1396
1372
1485
1380
1325
1173
966
1064
1058
888
860
924
1530
1582
1630
1597
1834
2208
2249
2546
2147
2243
2365
2459
2566
2687
2747
2817
