2480
2599
6010
5668
508
502
504
499
501
551
495
1923
1229
699
738
737
818
806
881
901
941
989
986
1004
1040
1124
1189
1323
1403
1442
1458
1522
1027
7430
693
601
1233
1720
1365
1654
2040
2510
2494
2160
2232
1473
3047
2688
2696
4616
832
744
845
936
1010
1075
1880
1941
2022
2182
2258
2393
2654
2640
1924
1855
1945
2224
2312
2308
2267
2293
2297
2314
2355
2392
2484
2491
2512
2559
2575
2570
2597
2634
2684
2718
2775
2786
2825
2802
2135
2180
2297
2277
2334
2365
2406
2617
2576
2570
2575
2588
2589
2684
2766
2857
2939
2957
2998
3016
3061
3081
3110
3130
3155
3130
3164
3192
3204
3260
3332
3381
3466
3502
3446
3502
3549
3593
3678
3720
3790
3850
3898
3943
3987
4021
4053
4095
4137
4180
4230
4278
4365
4459
4529
4589
4632
4674
4696
4743
4801
4877
4930
4985
5070
5138
5197
5266
5329
5384
5435
5502
5567
5611
5625
5645
5658
5697
5722
5737
5777
5847
5882
5890
5929
5956
5994
6033
6081
6107
6107
6090
6142
6209
6256
6295
6341
6413
6402
6436
6509
6574
6647
6728
6796
6860
6858
6912
6947
7011
6840
6899
6929
6985
7007
7041
7061
7098
7171
7240
7294
7348
7408
7387
7439
7478
7505
7579
7489
7504
7579
7129
7151
6922
6982
6957
6480
6497
6294
6348
6394
5947
5982
5751
5750
5788
5395
5421
5339
5381
5380
4699
4694
4700
4708
4730
4257
4290
3869
3865
3893
3759
3732
3348
3384
3420
3244
3265
2877
2905
2710
2739
2759
2339
2335
2146
2163
2179
1918
1966
1478
1498
1517
1329
1360
1087
1097
866
884
1018
595
659
649
719
1014
608
810
605
654
573
617
854
607
1007
584
617
666
608
960
590
638
537
595
822
569
1048
602
624
748
606
965
572
630
2198
1297
1734
1281
1793
953
988
956
912
1308
1141
871
879
890
929
993
926
969
928
1494
983
570
894
884
1001
1215
1164
845
870
896
937
994
1059
1073
898
940
992
1034
1066
1137
1153
1214
1248
1306
1347
1397
1423
1511
1599
1664
1704
1750
1790
1864
2006
2067
2141
2200
2244
2287
2351
2396
2480
2564
2634
2667
2736
2736
2804
2862
2929
2998
3083
3120
3153
3204
3250
3325
3348
3404
3497
3520
3435
3481
3528
3217
3299
2793
2863
2918
2628
2675
2399
2411
2165
2219
2285
1814
1860
1742
1838
1899
1406
1451
1131
1147
961
1038
1102
755
969
565
618
707
676
1055
615
675
687
745
1111
612
821
625
659
535
613
1008
593
586
605
674
988
619
983
591
584
616
630
975
589
641
652
689
1007
596
982
597
598
611
601
970
560
595
558
602
786
614
1035
598
610
632
631
926
613
667
702
751
1045
603
800
592
648
563
580
921
598
609
614
665
838
600
1005
627
683
573
579
819
585
959
651
671
699
703
1001
583
602
667
641
954
594
935
602
595
635
632
810
593
1000
633
669
675
579
846
608
641
580
609
819
606
1004
603
646
672
684
1027
575
563
558
581
1030
581
579
588
602
952
570
964
600
622
655
678
999
570
578
592
616
978
575
798
581
597
534
578
977
567
665
652
720
1091
635
850
595
616
510
592
830
626
1008
616
690
761
709
1070
606
637
506
562
840
612
1081
586
598
586
631
989
588
604
534
594
816
597
1107
616
686
727
709
1518
1325
1293
1346
1311
1351
1007
1072
798
835
673
691
985
588
672
625
642
975
603
811
603
690
544
585
812
586
1027
608
627
706
726
1080
610
625
529
597
3169
595
586
599
620
642
679
686
739
786
830
882
933
970
983
1023
1041
1044
1044
1110
902
960
909
982
1051
697
1056
632
683
705
748
972
591
941
617
649
710
727
904
631
997
639
649
729
595
810
575
620
545
596
820
581
984
593
622
657
682
999
600
658
560
597
793
575
963
575
576
605
636
957
599
645
578
644
869
595
965
580
602
637
570
824
562
656
524
583
838
606
963
606
642
665
657
1014
595
625
676
718
1043
596
839
603
645
519
579
846
611
1043
616
641
674
706
1030
587
606
532
560
793
630
1021
587
588
600
639
1024
607
634
693
718
985
593
831
634
676
523
575
814
631
968
607
650
560
608
977
620
649
660
727
1019
612
883
598
636
558
586
983
617
620
621
663
834
627
1024
612
652
562
603
853
608
1063
602
626
695
592
792
623
666
562
613
783
593
891
622
682
671
715
1030
644
855
630
690
656
704
1002
643
835
610
652
631
679
1037
592
821
590
622
634
685
1018
588
894
583
625
628
717
1023
633
801
645
682
1718
1687
1298
2199
1298
2093
2060
1996
1982
889
1276
1273
1073
911
818
878
833
865
881
897
673
895
988
1032
1073
669
631
653
619
671
663
740
758
792
876
912
962
1080
1136
1209
1248
1286
1297
1361
1436
1513
1620
1723
1837
1840
1092
1122
1187
1279
1279
1303
1319
1301
1245
1340
1374
1280
1357
1338
1368
1413
1451
1462
1533
1499
1556
1615
1650
1689
1746
1800
2007
2091
2118
2175
2012
2017
2023
2040
2068
2107
2186
2248
2329
2392
2454
2473
2509
2538
2572
2649
2732
2769
2874
2949
3013
3075
2896
2982
3080
3147
3221
3254
3354
3347
3366
3425
3501
3546
3637
3642
3715
3775
3811
3838
3893
3923
3966
4045
4115
4177
4211
4211
4237
4263
4295
4382
4439
4475
4512
