17358
17600
17749
17898
18026
18153
18258
18405
18524
18740
18917
19091
19247
19473
19715
19976
20166
20375
20515
20571
20693
20430
20308
20268
20303
20190
20272
20392
20450
20440
20609
20748
21041
21230
21384
21565
21690
21820
21805
21764
21559
21276
21297
21322
21381
20937
20521
20093
19567
19095
18631
18286
18205
18107
17792
17553
17611
17676
17722
17754
17721
17693
17651
17646
17674
17656
17632
17586
17567
17552
17511
17474
17467
17382
17340
17349
17248
17277
17332
17223
17269
17265
17317
17443
17549
17626
17746
17888
18084
15145
14965
14552
14159
13891
13540
13174
12783
12386
12163
12178
12234
12321
12425
12546
12667
12790
12882
12986
13001
13097
13099
13110
13156
13130
13197
12995
12952
13082
13163
13320
13102
13228
13391
13522
13481
13393
13251
13101
12948
12706
12832
12956
12958
13092
13039
13123
13135
13142
5431
4402
3830
3457
3081
2607
2191
1772
1326
1150
1246
1182
1164
1163
1680
1250
1052
1110
1043
1079
858
1077
1301
2059
3404
4588
5766
5832
5721
5592
5519
5336
5069
4915
4504
4099
3657
3202
2927
2610
2361
2455
2429
2521
2553
2725
2888
3009
3138
3095
3090
3115
3053
2657
2173
1702
1117
833
912
1040
1189
1396
1432
1573
1710
1835
2023
2217
2336
2380
2368
2494
2587
2720
2905
2979
3134
3240
3336
3383
3405
3341
3417
3411
3027
2589
2176
1906
2050
2207
2231
2294
2412
2551
2719
2939
3090
3288
3511
3703
3834
3962
4127
4398
4677
4894
5176
5243
5246
4960
4778
4770
4763
4371
3883
2974
2719
2483
2342
2257
2197
2199
2089
1912
1916
1748
1619
1446
1317
1240
1332
1239
1080
968
1004
957
1074
1058
996
1068
1009
1064
1019
915
919
945
1006
925
949
934
927
991
1031
1020
1019
971
918
1112
1011
977
984
963
961
1011
1027
980
948
1007
1052
1021
1029
1048
1063
983
943
986
861
963
994
1110
1178
1216
1274
1309
1434
1238
1294
2046
2136
2152
1945
1574
2330
3558
4803
5874
7030
7258
7111
6659
6419
6314
6229
6102
6125
6256
6349
6441
6400
6434
6517
6600
6664
6674
6556
6616
6651
6652
6589
6515
6429
6454
6500
6474
6521
6573
6576
6592
6616
6629
6632
6688
6708
6722
6738
6733
6684
6776
6850
6807
6881
6899
6917
6951
6960
6997
7066
7008
7054
7105
7121
7173
7147
7092
7092
7115
6593
6594
6255
6248
6197
5619
5622
4782
4798
4390
4368
4453
3902
3914
3016
3019
2908
3007
3026
2166
2229
1808
1807
1416
1440
1492
1060
1316
832
1083
1071
1015
1738
896
1318
840
1003
849
990
1250
833
1251
909
1193
1039
1087
1612
958
1233
888
970
735
919
1235
807
1757
962
1247
840
1040
3382
2126
3863
2181
2894
3900
2910
3893
3505
3222
2952
2239
1928
1674
1563
1137
1155
1097
1082
1071
1148
1220
1073
1386
1507
1729
1883
2093
2160
2051
2128
1704
1787
1787
1844
1765
1688
1291
1125
1226
1173
1242
1120
1090
1096
1255
1418
1561
1636
1696
1790
1936
1915
2115
2201
2351
2481
2631
2797
2958
3026
3202
3300
3400
3460
3507
3647
3734
3787
3869
3988
4060
4167
4252
4381
4549
4427
4562
4639
4792
4865
5000
5028
5106
5191
5057
5214
5210
5285
5298
4959
5082
5010
5135
5065
5152
5203
5389
5383
4914
4434
4022
3547
3075
2670
2215
1847
1543
1179
1244
1393
1562
1629
1718
1762
1822
1948
2134
2258
2345
2467
2578
2739
2880
3030
3152
3360
3543
3660
3753
3858
3935
4002
4151
4279
4404
4588
4718
4851
4955
5097
5414
5604
5726
5852
5984
6168
6365
6390
6439
6554
6497
6563
6112
6064
6121
5715
5303
4887
4478
4179
3891
3539
3171
3264
3412
3558
3960
4814
5359
5721
5836
5822
5727
5650
5324
4407
3930
3416
2944
2944
3027
3107
3149
3250
3319
3378
3426
3510
3602
3674
3753
3749
3724
3768
3843
3883
3959
4018
4104
4166
4002
4096
4135
4200
4299
4389
4440
4525
4601
4708
4786
4839
4688
4723
4808
4923
5098
5224
5253
5370
5491
5641
5651
5590
5626
5668
5774
5869
5914
5881
5903
5979
5981
5982
5836
5960
6084
6125
6174
6228
6273
6421
6486
6581
6670
6716
6813
6927
6996
7070
7154
7206
7277
7268
7259
7314
7281
7221
6459
5896
5292
4612
4125
3529
2941
2279
1717
1243
1036
1124
1233
1155
1112
1122
1101
1053
1069
1122
1148
1153
1215
1271
1432
1527
1564
1611
1656
1722
1807
1873
1913
1911
1923
1917
1965
2014
2117
2213
2290
2369
2471
2582
2657
2731
2796
2899
2948
3091
3117
3059
3065
3069
3097
2640
2590
2580
2572
2614
2455
2502
2313
2246
2092
1536
1274
1249
1295
1201
1039
1213
1370
1392
1383
1193
1209
1253
1275
1296
1380
1482
1604
1675
1650
1686
1712
1804
1816
1841
1833
1826
1851
1960
1970
1848
1876
1970
2026
2070
2064
2191
2323
2384
2450
2437
2441
2535
2545
2562
2594
2616
2605
2626
2683
2689
2693
2583
2612
2641
2647
2638
2582
2651
2705
2767
2742
2817
2913
2916
2919
2981
3057
3146
3254
3322
3387
3441
3472
3472
3533
3602
3740
3840
3885
3937
4038
4133
4156
4187
4219
4290
4444
4488
4554
4657
4781
4895
4945
4995
5024
5094
5159
5199
5189
5138
5219
5130
5189
5112
5239
5239
5181
5162
4640
4647
4497
3955
3420
2960
2418
1808
1360
994
1046
1076
1122
1171
1295
1378
1398
1494
1553
1650
1712
1700
1735
1793
1924
1971
2013
1984
2026
2086
2190
2265
2326
2417
2493
2562
2606
2646
2676
2729
2746
2757
2788
2756
2824
2858
2868
2950
2951
2989
3026
3128
3214
3374
3449
3525
3598
3682
3754
3910
3984
3998
4063
3796
3798
3651
3172
2762
2306
1909
1542
1157
1040
838
1113
1370
1446
1544
1670
1826
1986
2118
2186
2303
2435
2520
2621
2678
2759
2788
2822
2767
2723
2768
2839
2787
2848
2823
2809
2666
3633
1014
1068
1171
1130
1210
1122
1212
1079
1038
1046
1090
1122
