3493
3529
3599
3644
1865
1623
1621
7124
6877
6727
6698
6606
6592
6540
6419
6302
6079
9350
9269
9210
9131
9058
9000
8951
8883
8812
10841
10716
10626
13032
13832
13809
13753
13821
13770
13743
13742
13848
13879
13929
14014
13724
9860
8496
4076
3871
3826
3730
3670
3635
3634
2895
2902
2975
3049
2005
1635
1604
1627
1631
1440
1502
1527
1619
1615
1503
995
1031
891
869
943
950
956
977
1036
1080
1095
1237
645
669
757
780
807
771
785
792
839
951
1035
1029
1092
1148
1132
1148
1199
1272
1321
1399
1433
1454
1463
1598
1664
1737
1733
1781
1793
1815
1870
1943
2011
2077
2100
2033
2004
2016
2040
2039
2078
2150
2172
2217
2228
2276
2321
2383
2478
2565
2619
2671
2693
2691
2742
2842
2940
3024
3108
3159
3229
3269
3324
3329
3378
3430
3476
3529
3592
3629
3729
3733
3786
3857
3956
4026
4082
4091
4134
4199
4266
4345
4437
4530
4580
4590
4605
4646
4649
4683
4707
4757
4814
4847
4875
4938
4998
5041
5110
5167
5232
5297
5308
5326
5339
5362
5383
5392
5394
5425
5439
5479
5522
5534
5579
5596
5612
5630
5640
5681
5699
5729
5755
5821
5853
5882
5924
6003
6052
6089
6085
6122
6149
6184
6204
6189
6178
6178
6168
6178
6171
6206
6235
6255
6305
6352
6443
6495
6544
6187
6222
5940
5938
6019
5491
5495
5412
5431
5414
4918
4959
4496
4502
4496
4469
4444
3922
3891
3753
3790
3813
3487
3480
2964
2975
2984
2990
2991
2516
2495
2289
2336
2387
1876
1851
1812
1879
1915
1398
1434
1129
1138
897
915
1005
595
654
636
696
1110
588
862
604
669
561
608
927
625
659
594
654
1070
603
817
606
657
515
605
1222
541
1197
595
605
645
661
1117
610
627
639
681
976
571
948
560
550
652
592
1029
590
591
532
584
888
567
1006
573
653
840
581
920
580
616
530
573
1142
585
1155
594
614
774
552
827
586
565
546
534
1010
584
633
574
550
920
599
994
622
640
657
669
1030
607
681
603
667
1205
588
1021
601
595
638
665
1098
546
601
527
566
875
630
1068
602
648
669
681
1082
586
600
533
612
1009
591
634
558
615
940
624
917
602
621
572
604
1000
580
662
578
642
1148
609
1066
600
633
661
580
1062
587
640
526
607
844
601
1067
640
679
755
591
892
580
606
540
568
807
601
1042
633
659
723
677
1047
616
633
563
603
801
587
1059
605
656
733
616
1136
596
644
518
548
892
591
1089
589
637
785
595
876
610
686
545
557
965
608
639
584
614
1114
598
826
602
635
548
568
1009
574
584
594
589
1055
562
895
596
612
535
597
844
590
968
615
950
560
568
632
615
1041
598
655
799
633
922
608
616
571
604
896
593
1044
582
633
706
611
1048
578
622
552
604
850
602
918
594
641
542
575
1045
621
883
595
621
632
674
1050
610
646
630
637
1074
548
872
587
617
538
591
864
624
887
644
640
536
597
844
611
986
603
645
550
605
924
607
1058
604
676
693
698
925
580
1076
609
663
716
619
1120
612
640
607
634
1027
622
862
599
628
639
703
990
618
1106
617
692
646
691
1100
603
828
597
660
541
635
1082
631
869
583
661
545
579
1086
558
822
583
625
565
593
809
607
1069
627
642
716
613
991
554
635
562
608
1056
587
852
630
624
545
567
833
580
1147
576
643
786
594
916
590
659
569
620
831
582
1076
591
622
643
600
1071
604
668
603
649
1165
584
867
591
641
543
616
868
599
1150
600
601
627
664
1064
622
616
603
648
1048
596
870
613
633
558
565
863
595
1080
606
631
627
560
1076
598
661
544
579
1060
593
866
569
585
560
584
827
620
1094
605
617
622
638
925
617
1081
604
656
731
648
1118
595
621
610
640
1074
570
827
609
611
564
616
947
580
896
566
576
547
579
991
558
571
576
595
1092
562
824
562
551
535
597
930
570
871
565
574
585
543
877
582
969
601
637
653
604
1061
562
569
537
579
957
621
1011
614
661
552
575
863
625
916
632
675
540
598
897
620
1037
617
659
675
634
1064
632
674
603
627
1040
596
894
582
692
519
577
1061
594
1064
564
592
722
596
983
605
629
725
583
884
599
653
575
627
1000
598
648
502
655
1011
598
629
668
693
1076
626
1033
611
653
793
592
996
608
628
519
613
1087
572
586
635
646
1098
584
1103
589
618
737
603
888
612
616
549
619
997
582
604
551
588
1089
595
592
620
629
1036
627
959
597
651
691
635
1051
555
2843
1477
2187
1800
1395
1668
2176
1773
1790
952
1315
1285
912
937
893
928
679
872
743
918
722
727
726
714
762
691
701
743
711
717
710
1730
742
778
772
741
742
744
756
710
769
529
759
757
727
776
729
742
724
838
948
1286
1844
2412
2402
2418
2433
2721
1239
2054
2678
3291
3921
4874
5780
6449
7086
8233
8267
9203
9902
10897
11530
12217
12589
12925
13558
14570
15229
16092
16397
17244
17528
16933
17680
18102
18060
18006
17992
17958
17930
17908
17847
17821
17820
17069
17067
17053
17012
16920
16895
16828
16714
16688
16750
16793
16704
16728
16739
16801
16865
16891
16933
16970
16924
16967
17003
17051
17117
7927
7929
7930
7942
7938
7932
7956
8042
8102
8152
