2546
1021
736
1279
1404
553
553
611
639
827
1575
674
613
576
587
1527
596
590
586
603
675
1427
660
584
890
1143
1018
2389
2377
759
1126
1067
679
1006
875
1067
1448
1479
847
731
824
981
1104
737
612
688
670
1144
1806
618
601
762
577
573
979
627
762
678
590
1138
885
807
832
830
912
722
642
846
896
844
1173
963
752
745
956
1112
947
734
638
666
2071
1194
890
932
648
730
1123
786
589
626
602
1256
737
726
1133
1181
616
663
671
1610
1539
911
837
1166
915
1084
1397
791
643
772
880
627
1463
1262
580
617
639
813
797
2524
664
775
690
664
614
1299
1095
599
602
576
874
690
604
624
591
573
588
602
1082
1509
931
900
1280
601
672
781
1357
616
596
587
576
1150
819
909
644
627
596
662
1661
659
588
826
1143
642
577
625
612
575
641
577
588
2075
1190
721
898
593
608
918
1228
616
608
576
677
629
718
843
617
570
637
628
1692
667
594
892
739
619
728
871
710
728
1159
1218
669
613
617
599
609
964
835
644
630
595
1058
790
658
765
602
704
1345
1365
664
673
726
627
607
969
1376
1163
994
1299
1276
1174
739
969
1505
915
638
807
672
680
667
608
762
883
790
832
925
739
645
820
1028
674
625
615
611
1057
634
640
622
968
716
780
693
863
900
1199
888
674
593
709
1407
1176
794
730
644
984
1389
745
628
598
673
1344
784
1382
639
581
888
623
633
635
574
601
839
908
849
688
597
596
654
748
965
702
709
973
904
969
731
724
677
621
611
1118
700
657
701
747
1023
872
1020
782
1302
686
781
860
670
656
666
925
1337
919
862
1204
769
632
899
612
657
632
883
787
1703
1333
871
633
763
796
2363
1825
765
873
971
1040
1904
1971
1096
1284
1451
1570
1366
717
1040
1200
970
683
2330
1027
770
981
700
1012
1043
952
883
791
894
654
938
627
1181
781
1037
1066
1533
970
1355
756
797
1503
1168
871
1200
966
912
920
945
913
876
958
969
1118
1128
1029
1053
820
780
669
918
709
632
668
1121
610
911
818
601
690
596
588
1212
647
628
628
881
771
1048
1133
632
598
688
633
1268
779
686
605
623
662
1352
620
617
599
583
614
1081
648
701
588
659
1003
1236
718
854
650
805
857
807
838
702
890
673
632
657
597
632
706
852
1060
637
597
666
783
766
739
759
801
721
636
746
627
623
831
665
621
669
630
727
680
895
822
889
1032
999
1152
1148
882
950
614
657
693
668
642
944
666
911
1117
865
607
1307
589
672
636
632
671
1611
1283
709
690
663
621
625
1173
988
1133
727
978
783
1375
1036
786
783
766
744
1132
876
920
594
684
578
1117
1105
586
727
718
716
1090
825
1002
661
831
706
1350
770
620
604
611
650
848
598
1021
607
627
586
621
624
1038
1783
589
970
1047
703
785
808
904
771
683
640
642
993
1309
816
653
639
795
1014
855
603
632
953
833
644
893
1733
657
732
681
678
709
1358
769
621
737
799
656
1302
1530
702
840
868
842
919
752
689
666
615
728
637
592
644
614
679
594
637
610
752
1980
960
727
648
622
591
823
631
679
610
618
809
814
1142
615
666
586
626
646
607
1172
621
610
886
633
863
881
584
683
674
684
742
695
827
746
710
619
894
823
836
803
777
784
785
797
785
818
770
618
771
605
636
633
806
792
825
787
804
835
605
934
663
699
651
681
688
707
656
655
611
625
717
707
748
604
612
897
881
593
628
767
593
844
1165
626
600
631
690
1015
979
593
624
717
585
629
1213
591
586
579
643
1433
716
613
643
637
775
660
606
703
1252
1000
1048
1407
764
802
891
1189
1012
1157
819
640
634
649
1159
631
655
662
620
648
836
867
725
678
616
673
660
618
615
625
650
636
1302
618
637
631
637
904
916
670
551
922
1323
743
1632
1094
1246
606
660
591
1072
844
1025
720
820
839
874
820
598
622
603
847
684
625
1028
991
770
848
669
627
669
688
819
698
869
683
1046
1069
637
666
762
837
858
658
652
665
1120
1932
793
780
788
713
978
1136
712
698
636
681
2588
2029
765
1134
751
856
771
612
1020
730
681
1245
1294
706
588
644
614
1625
934
832
673
654
1043
610
854
876
587
582
740
1878
1957
663
1235
1078
625
997
1627
889
727
1346
629
894
1327
692
604
1429
1014
692
1084
1655
891
788
900
1533
807
740
652
1352
792
984
844
803
879
883
932
840
1213
1054
1142
1325
1275
1740
1538
893
946
1082
1296
1584
895
905
1023
1206
1170
2135
966
699
617
647
683
1247
663
703
628
685
677
1290
673
755
593
894
890
892
617
844
830
848
865
704
611
829
871
855
859
913
653
641
601
581
642
853
636
693
652
591
1182
1292
627
748
612
639
1058
636
588
662
641
671
917
1159
618
602
728
613
1013
1804
699
863
887
865
857
682
749
600
747
691
832
687
651
634
626
609
2050
611
609
606
588
593
1317
822
629
639
