3567
2854
2049
1500
1352
1145
1116
1126
1343
920
1003
1346
1028
1101
1203
1446
1399
852
1085
1365
1302
1049
1012
1033
1107
1157
1147
1151
1219
1863
2002
2978
4102
5238
5829
5316
5324
5258
5219
5126
4494
4038
3546
3037
2560
2089
1726
1633
1750
1887
2018
2167
2365
2517
2665
2770
2868
2881
2863
2848
2828
2320
1956
1580
1181
1205
1210
1200
1187
1213
1230
951
1011
1046
1186
1195
1204
1225
1258
1298
1332
1309
1325
1338
1360
1407
1438
1406
1851
1814
1239
1125
1062
1031
863
866
1275
835
1351
961
1078
1292
1104
2045
1543
1542
1447
1494
1553
961
1133
1253
1243
1267
1132
1075
1047
1024
1076
1222
1380
1576
1205
1782
2271
2779
3150
3080
2660
2236
1706
1256
1284
1144
1158
1266
1140
1150
978
949
1152
1141
1106
1114
1180
1205
2131
3065
4013
5015
5697
5722
5765
5790
5820
5944
6118
6182
6174
6186
6201
6197
6183
6182
6166
6166
6129
6074
6056
5933
5884
5716
5712
5663
4782
4307
3830
3366
2866
2423
2021
1638
1569
1533
1472
1445
1365
1312
1307
1328
1349
1406
1384
1243
1263
1221
1216
1234
1252
1172
1082
941
915
882
889
854
844
818
745
945
1133
1121
1140
1123
1147
1146
1188
894
1099
1480
1051
1089
1444
1318
1264
1174
1185
1168
944
1128
1302
1349
1356
1132
1101
1138
1149
1120
1475
857
933
974
1055
1313
905
1013
757
1277
2195
2412
2630
2360
1839
1205
1452
1219
1038
977
1162
1218
1239
1275
1331
1339
1326
1319
1139
1300
737
733
1149
1246
1454
1207
1192
1343
2280
3297
4327
5211
6079
6973
7857
8879
9743
9882
9714
9300
8912
8483
8064
7503
7876
7946
8015
8081
8041
7999
7976
7572
7526
7000
6973
6619
5992
5409
4807
4244
3601
3110
2876
2886
2889
2888
2916
2923
2950
2910
2913
2920
2537
2535
2552
1695
1683
1044
994
869
762
1490
1143
1191
1130
1186
1192
1161
1172
907
1112
1291
1353
1370
1422
1457
1426
1410
1324
1205
1626
763
927
791
841
1601
748
1629
754
787
1429
1153
1149
1348
1170
1137
1179
1118
1716
2697
3723
4749
5689
6558
7471
7760
7772
7782
7782
7779
7041
6878
6331
5787
5176
4765
4315
3858
3484
3268
3236
3277
3304
3310
3308
3337
3303
3306
3304
3040
3071
2326
2373
1448
1484
1457
1275
1481
771
1782
1137
1175
1176
1140
1143
1227
937
1143
1327
1255
1240
1195
1202
1217
1285
1318
1316
751
1586
1211
1133
1180
1171
1318
1319
1265
1229
1134
1157
1206
1429
1865
2422
2902
3402
3906
4417
4927
4516
4214
4246
4293
4257
4257
4247
4233
4249
4421
1261
1177
1155
1198
1622
3284
2078
3179
4119
4959
5738
6187
6365
5955
5497
5028
5051
5017
4964
4909
4803
4744
4742
4665
4563
3822
3225
2715
2325
1863
1336
1230
1274
1257
1071
936
973
947
889
931
939
1031
994
865
880
901
1014
1259
1298
1310
1372
1278
1342
1349
939
1716
2587
3608
4591
5351
6153
6689
6530
6349
6028
5536
5010
4326
3752
3250
2841
2804
2998
3806
3685
3690
3568
3582
4393
5157
5305
5241
5185
5142
5048
4873
4743
4572
4339
4144
3849
3618
3451
3274
3088
2895
2739
2552
2380
2226
2018
1864
1714
1524
1317
1125
963
879
913
931
905
930
868
900
936
880
896
934
918
887
881
888
920
903
886
904
893
891
883
911
924
908
934
898
905
909
912
899
890
905
902
962
914
911
887
878
915
904
963
926
930
907
889
883
865
893
907
881
897
906
894
897
872
873
880
904
854
887
3806
1069
1024
995
1314
1265
1403
1458
1821
2233
2630
3042
3373
3584
4035
3915
3785
3660
3468
3097
2422
1995
1547
1779
1833
1768
1925
1605
1681
1668
1600
1628
1255
1708
2206
2639
3211
3527
3802
4081
4479
5346
6108
6892
7656
8418
9231
9680
9546
9316
9123
8592
7755
7037
6319
5258
4511
3754
3052
2365
1575
1118
762
1208
2263
3320
4366
5416
6502
6731
6812
6850
6947
7009
6952
7045
7121
7087
7085
7116
7193
7284
7371
7412
7522
7589
7716
7799
7866
7937
7996
8094
8165
8238
8292
8376
8452
8464
8541
8565
8567
8601
8628
8711
8751
8816
8865
8932
9000
9045
9148
9290
9388
9521
9611
9672
9730
9799
9898
9987
10056
10123
10159
10262
10332
10443
10570
10662
10704
10753
10822
10931
11015
11104
11214
11360
11476
11625
11753
11851
11944
12019
12074
12211
12327
12405
12471
12542
12623
12682
12704
12758
12826
12845
12898
12920
13015
13114
13214
13301
13402
13466
13592
13686
13800
13925
14035
14111
14169
14224
14302
14376
14440
14491
14562
14595
14666
14740
14810
14883
14965
15022
15101
15211
15350
15452
15557
15646
15706
15808
15906
16009
16117
16205
16224
16265
16287
16318
16342
16365
16412
16433
16497
16549
16612
16678
16715
16784
16759
16719
16443
16433
16486
15904
15822
15415
15050
14301
13570
12858
12099
11401
10590
10531
10591
10648
10686
10765
10864
10896
10984
11069
11117
11167
8993
8359
7629
6898
6194
5434
4721
4043
3202
2546
1765
1208
757
924
1227
1439
1489
1581
1682
1792
1863
1967
2039
2100
2227
2319
2440
2549
2616
2644
2730
2828
2921
2973
3022
3110
3156
3292
3383
3476
3573
3655
3725
3804
3856
3962
4052
4161
4256
4469
4652
4688
4750
4530
4747
4857
4863
4833
4565
4661
3886
3803
3746
3654
3546
2932
2227
1525
1441
1491
1233
871
1131
1388
1545
1639
1729
1815
1907
2029
2161
2272
2335
2403
2460
2534
2614
2670
2725
2786
2895
2957
3014
3060
3148
3219
3258
3344
3388
2987
2896
2312
2379
2781
882
2205
1442
1384
1396
1499
1465
1611
1423
1656
1964
2231
2554
2887
3639
4723
4962
5094
5232
5344
5507
5618
5707
5841
5960
6039
6075
6129
6205
6279
6363
6435
6498
6999
7952
8951
9991
11137
