17627
17838
17988
17981
18039
18076
18428
18491
18580
18703
18762
18847
19017
19133
18574
18602
18547
18662
18850
18264
17657
16682
15792
15080
15048
15160
15361
15526
15660
15785
15909
16044
16134
16218
16255
16048
15390
14879
14883
14931
15003
14904
14924
15055
15195
15367
15494
15915
16251
16349
15683
14942
14273
13486
12710
11592
11552
11550
11579
11622
11158
10880
10694
10562
10362
10353
9990
8850
8127
7401
6571
6441
6547
6605
6704
6802
6876
7081
7210
7042
7032
6948
6853
6836
6687
6790
6453
6432
6338
5936
5990
5969
5899
5791
5462
5102
4276
3489
2687
1882
1235
760
953
1232
1398
1506
1556
1618
1717
1805
1941
2046
2160
2242
2255
2309
2420
2533
2597
2676
2743
2790
2936
3082
3181
3126
3162
3216
3000
2915
2798
2924
2783
2820
2745
2493
2380
2274
2366
2426
2172
2176
1752
1663
1576
1573
1611
1128
1311
1544
1635
1702
1973
1531
1505
1670
2690
3803
4869
6021
7065
8118
8449
8625
8718
8836
8987
9099
8467
8481
8528
8594
8674
9497
10490
11438
12409
13475
14315
14396
14452
14535
14373
13876
13175
12553
11930
11237
11250
11386
11482
11594
11699
11763
11901
12282
13253
14214
15244
16279
16641
16718
16781
16801
16838
16846
16864
16917
16935
16993
17049
17065
16402
16303
16197
16161
16280
16027
15950
15922
15786
15747
15816
15933
15607
15687
15032
14379
13746
13025
12315
11658
11278
11339
11463
11555
11631
11712
11821
11779
11831
11875
11936
11991
12079
12143
12270
12350
12446
12556
12684
12859
12987
13013
13066
13098
12915
13030
12615
12535
12283
12199
12096
11793
12594
12824
13748
13718
13124
12111
11279
10531
9819
9721
10065
10285
10494
10711
10947
11144
11169
11243
11402
11621
11798
11977
12136
12190
12298
12379
12528
12567
12631
12689
12482
12559
12432
12117
12102
10967
10892
10787
10774
10831
10284
10238
10103
10045
10101
8795
8133
7397
6700
5910
5064
4280
3410
2600
1991
1344
993
1066
1208
1327
1514
1659
1714
1822
1906
2044
2147
2245
2299
2398
2556
2723
2816
2820
2878
2931
3017
3152
3282
3407
3501
3633
3794
3877
4017
4104
4187
4303
4364
4428
4727
5746
6478
6544
6629
6675
6771
6898
6531
6615
6351
6253
6233
6055
6073
5552
5414
4838
4156
3433
2210
2460
2819
2528
1657
1394
1487
1164
859
1124
1410
1611
1728
1824
1899
1968
2051
2118
2189
2237
2314
2443
2534
2630
2773
2805
2593
2610
1044
1017
1653
1511
1417
1429
1501
1416
1260
1715
2739
3872
4940
5918
6986
7449
7582
7711
7828
7938
8056
8164
8277
8401
8488
8577
8695
8800
8869
8923
9073
9116
9204
9301
9414
9555
9422
9347
8642
8475
8358
8284
8229
8674
9558
10114
11054
11927
12578
12891
13220
13445
13704
13075
13029
13137
13254
13380
13413
13503
13588
13715
13828
13983
14133
14256
14370
14401
14537
14611
14722
14838
14905
14981
15041
15106
14811
14767
14730
14651
14606
14467
14583
14145
14012
13945
13720
13047
12270
11596
10930
10158
10126
10259
10370
10468
10524
10560
10667
10755
10878
10976
11070
11203
11166
11212
11237
11294
11328
11345
11371
11438
11497
11509
11249
11278
10798
10714
10850
10662
9902
9113
8461
7731
7055
6412
6259
6370
6475
6577
6670
6784
6846
6937
7034
7122
7219
7343
7448
7497
7610
7709
7777
7829
7890
7912
7974
8020
8064
8144
8206
7796
7790
7096
6396
5608
4944
4265
3372
2906
2416
1822
1474
1254
1324
1231
1380
1462
1248
1295
1623
2408
3325
4303
5351
5805
5698
5591
5451
5244
5207
5112
5049
4595
4016
3385
2843
2331
1755
1487
1411
1332
1178
1035
906
955
1025
981
1084
1239
1348
1478
1361
1371
1252
1256
1274
1380
1460
1327
979
1005
1009
926
931
843
887
991
948
1315
1266
1238
1352
1391
1362
1344
1236
1250
1190
1378
2844
3420
2877
2151
1675
1693
1658
1636
1656
1646
1641
1659
1674
1632
1590
1581
1598
1647
1683
1725
1764
1792
1826
1851
1798
1776
1751
1762
1688
1703
1719
1784
1728
1720
1753
1749
1779
1810
1861
1882
1964
1926
1966
2025
2040
2056
2159
2225
2273
2334
2407
2452
2426
2387
2399
2440
2436
2493
2537
2578
2605
2663
2684
2669
2749
2779
2803
2916
2951
2926
2932
2935
2863
2885
2873
2892
2930
2944
3040
3114
3175
3210
3250
3238
3267
3325
3377
3384
3401
3388
3388
3406
3330
3320
3354
3368
3331
3358
3407
3422
3477
3574
4199
4891
5738
7061
1762
2716
3695
4653
5596
6417
6375
6253
6161
5865
5758
5688
5661
5646
5573
5539
5531
5566
5564
5557
5468
5508
5373
5208
5040
4883
4724
4568
4368
4198
4100
4027
3984
3904
4451
5294
6199
7014
7798
8662
9520
10280
11101
11775
12564
13391
14159
14924
15637
15935
15857
15826
15762
15707
15519
15424
15089
14398
13905
13441
12898
12366
11820
11300
10698
10419
10180
9995
9827
9632
9457
9295
9161
8990
8723
8604
8063
7376
6828
6169
5604
5104
4913
4776
4701
4468
4318
4206
4049
3887
3587
2707
2004
1319
1264
1507
1550
5738
1118
2484
1661
2150
2745
3287
3618
3792
3442
3412
3429
3398
3385
3248
3095
3001
2637
2481
2389
2225
1773
1332
1317
1658
2008
2421
2845
3225
3273
3192
3074
2920
2777
2701
2616
2430
2283
2114
1428
1266
1276
1281
1369
1288
1011
928
1031
987
905
887
853
983
937
989
1102
1516
1261
1292
1340
1296
1273
1392
1000
913
861
834
917
905
910
926
991
934
921
1273
1269
1393
1424
1352
1163
944
1005
1023
954
875
867
882
905
1050
950
1331
1342
1388
1347
1326
1349
1323
1323
1082
950
973
923
957
994
888
939
1008
1103
975
1261
1291
1297
1383
1330
1353
1289
1485
1371
990
1068
1099
1019
905
997
1838
2833
3763
4821
5218
4782
4197
3576
2946
2236
1452
1415
1336
1388
1762
2326
1880
1860
1842
1703
1553
1395
1184
1063
938
937
937
1434
1550
1465
1535
1491
922
1627
1621
1691
1908
2276
2561
2757
2908
