4671
4334
4387
4451
4012
2183
5619
8939
1262
2351
1190
1050
1384
1375
715
1607
657
648
641
629
654
656
673
703
778
797
796
915
1032
648
654
698
704
715
695
795
872
886
962
1000
1084
1145
1051
1077
1146
1191
1243
1286
1367
1400
1452
1487
1505
1542
1619
1761
1808
1875
1235
1801
1856
1775
1820
1861
1467
1468
1378
1410
1401
1485
1536
1627
1500
1593
1674
1747
1783
1919
1942
2010
2043
2042
2104
2174
2277
2387
2429
2477
2526
2541
2551
2598
2664
2728
2794
2869
2944
2994
3030
3054
3110
3147
3188
3213
3262
3330
3368
3416
3475
3531
3575
3610
3637
3719
3784
3835
3890
3918
3965
4048
4126
4154
4200
4248
4279
4340
4383
4460
4524
4588
4645
4692
4731
4769
4814
4862
4936
5013
5113
5144
5191
5223
5285
5389
5450
5512
5554
5530
5601
5617
5687
5726
5776
5744
5767
5783
5830
5867
5677
5685
5677
5587
5590
5158
5178
5194
5223
5283
5001
5035
4540
4534
4567
4596
4618
4281
4276
3855
3877
3904
3920
3956
3659
3647
3164
3196
3166
3166
3164
2857
2894
2501
2530
2544
2535
2537
2296
2359
1925
1941
1886
1904
1919
1475
1509
1268
1324
1242
1227
1263
983
983
588
608
639
642
979
600
819
578
587
560
614
841
643
896
638
661
555
560
780
598
1086
602
651
528
575
878
594
843
588
595
507
617
860
569
1019
568
654
700
728
913
611
958
601
620
681
545
806
566
578
579
640
1081
608
797
603
616
607
637
824
585
852
629
648
548
559
976
580
588
588
613
950
604
848
610
624
535
583
817
621
967
578
626
684
619
1045
605
640
638
661
1001
561
774
589
618
524
585
963
614
905
574
600
545
601
816
598
1002
601
655
664
594
945
580
609
658
698
1057
596
821
617
638
647
674
999
639
840
609
661
546
610
812
600
878
619
671
538
604
827
583
992
595
610
640
675
831
593
1016
595
638
685
657
1015
618
643
675
717
965
601
821
598
642
564
608
817
604
884
615
641
566
583
906
605
621
646
689
865
611
985
598
628
597
606
986
585
756
595
605
510
584
853
564
1084
609
615
625
657
961
603
702
666
643
803
607
1018
643
655
648
698
935
835
992
621
613
628
644
928
594
909
608
662
744
576
911
586
636
673
665
1098
623
696
502
568
954
567
659
621
703
992
587
940
611
646
724
604
893
597
621
604
608
908
627
678
539
615
846
609
1022
611
640
694
558
925
643
625
498
548
970
683
740
545
581
807
639
1035
612
650
701
591
837
628
683
582
604
922
603
656
702
745
1015
570
806
580
622
534
588
920
598
700
581
610
621
621
599
655
668
708
723
847
608
633
629
695
1010
604
792
577
584
559
628
974
590
610
616
644
995
587
936
597
596
603
617
965
602
656
692
710
1008
603
794
617
633
556
596
955
579
597
615
626
961
587
917
591
609
617
608
972
606
627
680
723
1032
588
802
584
635
529
581
980
596
624
687
729
983
598
817
607
706
561
648
846
585
1017
634
660
712
734
981
656
748
684
701
1011
584
946
611
612
625
657
921
593
610
675
705
998
607
835
599
619
575
617
1094
594
1056
632
645
720
628
900
606
692
556
584
816
615
971
590
608
680
591
799
591
621
536
582
937
561
618
625
668
1037
638
1056
620
652
509
588
975
608
648
637
719
1059
593
836
594
631
530
622
880
569
961
599
658
720
585
839
609
651
546
612
838
607
1013
608
669
832
645
876
629
643
548
571
765
587
1048
622
633
693
734
1089
598
615
586
609
814
579
920
612
647
731
582
814
573
611
544
592
791
609
1042
561
580
606
635
904
578
611
519
566
836
596
960
607
643
666
571
817
620
675
561
596
942
569
575
579
585
946
586
820
584
587
559
582
948
587
605
603
602
956
612
1026
618
623
628
666
964
552
596
581
616
842
598
990
590
591
710
572
808
590
649
532
572
921
620
688
663
693
985
595
974
605
638
699
648
1053
620
640
544
569
920
576
569
592
620
1029
595
950
599
661
710
653
1006
596
661
560
659
907
584
960
578
640
670
570
856
600
648
554
618
845
597
1045
607
627
656
603
840
580
605
562
572
975
589
597
616
635
989
584
995
578
577
595
571
972
607
637
579
595
931
600
585
622
644
1001
567
789
613
653
554
601
949
768
603
606
656
818
3595
4796
1843
971
892
1803
980
947
1598
1605
1623
884
1227
1258
775
1004
755
714
739
735
772
710
752
714
724
782
711
705
726
735
796
960
1162
934
942
950
5528
633
1201
2337
1231
657
711
612
585
603
609
607
611
819
664
639
675
711
749
806
861
937
973
1038
1068
1105
1353
1479
1517
1571
1622
1659
1709
1740
1787
1849
1938
2005
2066
2112
2071
2110
2134
2156
2165
2185
2174
2185
2278
2340
2419
2475
2518
2575
2632
2681
2758
2821
2871
2927
2974
3017
3021
3047
3080
3112
3136
3213
3310
3414
3495
3561
3593
3643
3659
3732
3728
3757
3807
3852
3870
3908
3970
4025
4085
4149
4176
4259
4288
