7683
7728
7711
7321
7364
7063
7116
6856
6970
13658
3938
6371
2191
834
757
627
4479
653
611
666
720
712
739
782
818
879
907
1051
641
691
794
879
884
996
712
647
697
693
721
722
792
741
762
773
796
815
862
926
969
1016
1081
1110
1114
1113
1179
1018
777
609
677
579
683
660
625
628
625
680
681
740
822
908
959
1033
1083
1150
1175
1189
1229
1250
1310
1380
1477
1529
1591
1617
1699
1720
1740
1798
1846
1883
1947
1999
2045
2082
2130
2150
2198
2253
2330
2391
2457
2501
2573
2619
2674
2728
2798
2849
2878
2895
2895
2958
2986
3029
3047
3063
3094
3144
3194
3236
3289
3326
3366
3401
3433
3463
3514
3553
3632
3698
3779
3863
3920
3961
3991
4030
4036
4085
4135
4201
4269
4327
4391
4460
4507
4548
4599
4659
4759
4827
4913
5035
5135
5156
5222
5270
5283
4763
4789
4856
4833
4788
4835
4887
4932
4917
4924
4921
4933
4979
5023
5060
5079
5078
5112
5136
5175
5195
5211
5248
5292
5327
5353
5391
5438
5482
5538
5610
5662
5740
5822
5881
5983
5922
5933
5987
6057
6110
6175
6195
6294
6362
6421
6475
6537
6554
6295
6366
6371
6282
6366
5888
5913
5843
5826
5875
5517
5561
5045
5037
5068
5086
5090
4833
4843
4330
4333
4370
4369
4383
4147
4152
3679
3686
3717
3721
3732
3369
3420
2917
2976
3009
3068
3105
2615
2629
2310
2328
2270
2316
2392
1962
2029
1717
1736
1676
1714
1728
1434
1480
1113
1148
1105
1088
1093
647
793
589
571
600
660
1015
620
836
599
593
626
654
1090
587
790
596
633
635
687
959
628
812
619
663
670
737
1060
557
858
584
608
521
596
673
715
1033
609
646
698
736
930
624
850
616
1055
641
711
742
708
1001
619
668
700
748
944
642
1032
627
691
667
686
1014
598
802
628
666
570
581
800
585
834
616
652
557
595
802
618
930
642
676
542
582
830
611
1006
615
661
705
737
858
608
1050
614
624
684
714
1025
629
621
680
735
920
626
1005
588
619
642
663
976
596
798
589
628
557
591
795
572
880
599
627
577
627
885
599
993
584
591
577
641
787
585
1005
570
586
624
666
833
557
1019
597
601
640
668
960
573
573
604
681
993
580
814
573
638
525
620
1047
621
838
593
627
617
631
993
580
936
583
661
682
679
893
587
1050
602
652
703
640
975
564
611
582
558
982
589
612
545
613
1021
583
602
526
566
829
601
1003
615
611
657
572
898
628
660
528
558
961
603
673
664
706
976
587
920
572
562
588
610
903
588
632
661
735
1091
623
759
620
674
556
615
946
628
666
579
596
823
615
1000
611
651
762
613
832
610
638
514
598
848
580
956
619
655
710
708
1024
618
654
528
577
836
625
988
631
660
672
705
997
606
640
678
748
1092
620
830
611
660
557
620
842
621
857
631
670
540
604
842
602
1014
599
630
683
559
819
574
602
517
596
817
594
840
602
677
531
571
1028
574
601
618
658
1036
609
945
619
633
644
683
934
627
1021
636
666
718
773
980
601
638
572
640
854
605
997
613
633
678
689
1058
612
613
540
580
803
616
1036
568
585
611
618
936
584
597
509
557
883
566
1001
600
659
728
714
1040
618
638
515
564
812
614
1107
602
625
720
576
804
581
666
534
586
966
603
688
675
698
1012
595
822
605
621
562
637
976
611
617
626
639
892
614
832
632
659
521
567
1003
590
591
587
570
1006
569
893
571
580
576
582
939
576
598
589
608
1083
600
787
611
641
544
620
982
627
661
690
728
870
618
1084
619
660
573
613
864
618
858
607
648
559
610
992
627
670
712
720
1020
633
903
599
640
545
607
834
629
998
596
632
698
746
1102
588
626
538
584
821
623
968
594
625
715
614
841
606
630
531
582
827
619
1036
609
621
638
642
948
597
578
562
599
802
612
1018
604
624
654
693
1027
615
668
697
740
1006
603
829
619
637
546
605
997
610
637
685
688
953
606
825
605
657
547
594
822
612
958
637
642
722
618
843
625
656
553
629
836
616
966
617
658
693
603
837
607
644
604
609
995
609
798
617
655
567
594
783
605
980
620
650
694
742
1080
605
669
553
2101
1334
1320
1026
934
951
920
874
892
890
939
943
931
892
911
2360
969
1473
946
675
1342
1385
791
621
679
720
793
864
1043
1131
1161
1203
1240
1269
1334
1413
1500
1532
1075
1220
1182
941
1000
942
669
564
4414
4356
4359
4350
4360
4386
4400
4436
4438
1062
1068
1002
1043
1061
1107
1139
1173
1175
1196
1235
625
611
660
701
740
816
886
917
967
1014
1056
1075
1118
1046
971
901
819
749
1667
1572
901
706
818
874
917
953
1012
1052
1117
1181
1223
1271
1307
1371
1401
1457
1563
1621
1653
1698
1788
1798
1865
1832
1895
1991
2049
1445
1482
1529
1479
1578
1638
1710
1759
1803
1844
1881
1965
2015
2076
2163
2166
2184
2250
2331
2400
2475
2553
2591
2570
2605
2654
2678
2729
2754
2733
2783
2856
2907
2985
3041
3025
3067
3096
3144
3151
3171
3225
3251
3293
3333
3363
3447
3475
3543
3577
3626
3675
3707
3774
3824
3861
3881
3891
3906
3924
