9925
10197
10226
10339
10336
10430
10465
10513
10600
10663
10717
10833
10886
10933
10977
10974
10997
9287
9189
8998
8887
6001
3424
3407
3060
2181
2248
2263
2253
2275
2292
2303
2321
2323
2327
5427
3018
5369
2386
784
781
620
592
729
638
626
620
633
626
617
610
671
1481
747
711
761
831
868
909
564
564
536
569
545
565
599
518
534
563
1009
635
633
677
730
746
799
927
983
1087
1137
1055
1045
1080
1169
1257
1389
1464
1458
1450
1455
1551
1646
1747
1818
1885
1906
1925
1983
2063
2160
2234
2309
2351
2374
2442
2455
2521
2587
2657
2692
2731
2792
2861
2906
2856
2900
2996
3079
3104
3108
3121
3152
3221
3289
3376
3453
3500
3569
3607
3661
3735
3782
3842
3870
3933
3995
4022
4063
4092
4149
4188
4239
4305
4401
4464
4531
4591
4638
4726
4771
4776
4818
4881
4887
4959
5012
5067
5124
5155
5226
5251
5273
5318
5362
5403
5451
5495
5523
5581
5623
5629
5630
5682
5721
5727
5734
5767
5769
5838
5889
5946
5996
6067
6117
6150
6190
6251
6348
6417
6487
6548
6608
6662
6689
6755
6810
6876
6928
6964
7001
7059
7084
7131
7164
7214
7240
7280
7317
7324
7394
7426
7464
7517
7549
7463
7500
7220
7268
7312
6982
7004
6695
6666
6531
6570
6606
6356
6373
5874
5876
5870
5884
5902
5602
5632
5562
5556
5601
5063
5075
4742
4811
4719
4749
4790
4209
4251
3948
3960
3724
3722
3737
3483
3490
2944
2955
2946
2935
2919
2225
2194
2168
2226
2208
1877
1928
1464
1480
1453
1451
1481
1067
1136
846
881
826
874
1028
629
854
587
634
598
641
1059
625
852
624
634
534
596
964
613
631
668
704
904
597
1027
616
674
624
663
1010
630
973
585
626
648
562
835
622
652
544
609
998
618
650
519
571
832
591
980
614
692
812
604
924
614
640
817
619
920
603
635
543
600
955
603
626
510
579
825
607
1035
638
687
713
579
914
617
633
546
578
934
612
690
499
567
971
592
1174
595
609
621
671
919
588
660
686
659
1040
636
708
524
652
747
605
1013
619
660
728
565
860
615
638
508
567
847
605
1001
603
634
689
578
883
581
647
512
616
1056
585
607
567
595
786
635
1034
589
596
693
591
876
621
621
532
578
947
573
624
642
689
1074
584
775
628
675
529
581
983
601
614
684
699
1047
577
848
605
651
562
602
814
618
1009
657
703
712
737
994
597
605
658
702
964
625
960
619
665
684
718
1030
608
627
670
740
993
615
838
624
656
586
593
816
615
999
610
672
686
648
988
591
647
518
561
856
597
966
594
670
721
618
885
589
671
539
603
854
596
974
606
647
664
587
835
595
612
542
608
1033
616
639
504
556
834
592
1079
644
694
738
762
966
592
650
620
642
1039
604
1021
602
605
628
653
914
607
677
614
675
1029
587
944
604
620
649
692
1027
597
704
677
752
1037
614
930
600
666
741
713
1087
592
673
658
718
1047
590
819
588
620
562
630
809
598
962
594
610
651
703
1023
571
597
559
545
838
560
990
567
614
600
636
983
568
623
501
581
878
587
953
567
586
627
674
953
571
595
570
593
907
563
956
560
541
581
607
945
581
606
625
648
931
588
832
604
613
571
619
873
586
974
615
628
630
679
940
604
606
624
685
1032
603
839
595
623
555
601
997
602
628
653
689
1048
601
928
577
628
682
624
1067
602
613
531
579
838
608
1028
609
624
736
588
845
622
628
548
613
966
638
681
680
699
997
593
846
613
693
515
603
1045
574
647
645
672
1038
608
803
597
628
562
626
843
624
973
610
645
682
693
969
596
624
539
642
862
642
1030
579
602
613
557
785
581
631
525
630
1037
622
617
615
623
966
593
948
596
619
708
589
878
612
634
538
605
845
612
993
611
651
666
563
992
614
616
621
636
997
627
700
681
706
988
609
1017
604
613
629
638
992
591
599
508
557
1052
578
616
536
566
946
577
638
588
661
1103
587
854
634
664
516
591
996
600
617
524
610
831
600
1039
613
646
668
659
1068
572
592
548
578
818
634
1038
599
648
688
720
1079
587
650
670
727
1057
567
1008
580
633
669
695
1059
605
645
700
737
997
591
772
558
593
524
596
963
583
637
634
671
1006
612
822
629
643
532
587
799
607
1047
628
632
673
556
791
613
702
575
604
935
576
616
646
738
1056
607
805
584
575
564
602
955
605
644
662
747
1026
585
828
594
607
540
576
956
607
645
530
619
915
615
6350
916
1464
2266
1709
2490
2847
2283
2278
2282
936
1627
1597
1617
884
1258
1274
943
912
904
914
897
891
617
867
896
882
889
857
902
847
883
895
913
708
881
733
742
735
761
749
719
864
738
743
1451
784
742
833
828
764
766
753
736
743
738
755
749
760
769
771
764
688
2132
1837
2066
670
1912
628
622
653
640
674
690
738
801
850
880
1365
644
637
662
631
595
624
698
713
744
820
858
930
1013
1091
1145
1173
1160
1150
1185
1227
1297
1339
1364
1396
1433
1486
1512
1542
1586
1623
1663
1706
1739
1812
1088
1056
