7440
6925
6499
6089
5837
4627
3879
3274
2613
1852
2037
1709
1386
1179
1006
1128
1985
2782
3180
3020
2816
2710
1965
1672
2335
1902
1761
1778
1570
1572
969
1100
1295
1423
1200
1760
2768
3538
3991
4243
4065
3710
3219
2558
1808
1336
1334
1056
1500
1522
1237
1298
1592
2356
2045
1279
1288
1198
1043
965
888
896
964
937
891
901
884
1060
1019
895
1023
940
934
969
1213
1210
1179
1146
1157
1169
2427
1858
2785
3562
4305
5066
5882
6991
7865
8963
10202
10056
9547
9142
8784
8446
8161
8000
7776
7600
7363
7373
7179
6952
6678
6225
4989
3842
3184
2511
1916
1606
1654
1276
1263
1148
1034
1101
1112
1502
1908
2051
2166
1329
1456
1196
1120
1954
2344
2700
3106
3455
3063
2402
1885
1878
1772
1534
1271
1062
956
949
1190
1190
1025
1002
1019
1022
1003
1023
956
1009
1207
2040
2931
3915
4638
5517
6244
7011
7898
8884
10164
11250
11985
12734
12358
11826
11537
10747
10052
9327
8782
8357
8337
8262
8288
8131
7891
7799
7652
7595
7401
7139
6390
5714
4980
4534
3748
3039
2374
1833
1750
1651
1604
1835
1733
1904
1703
1234
1388
1340
1363
1251
1258
1407
1299
1908
1973
2086
2735
3628
4354
5013
5298
5421
5828
5114
4178
3409
2625
1904
1745
1802
1842
1817
1305
1121
1093
1165
1157
1162
1147
1225
1136
1081
1179
996
1005
1015
1085
1197
1059
996
1093
1288
1302
1275
1279
1329
1703
1678
1612
1325
1277
1006
1101
1350
1342
1135
1699
1675
1724
1942
1967
2299
3438
3798
4270
4494
4132
3180
2230
1990
1804
1603
1457
1234
1235
1234
1122
1427
1227
1156
1149
1183
1100
1257
1160
1286
1205
1102
1157
1340
1436
1390
1354
1295
1239
1142
1101
1340
1156
1810
2533
2715
2468
2249
1968
1809
1383
1121
1383
2243
1947
1969
1756
1863
1727
1722
1927
1891
2938
4226
5540
5801
6015
6182
6378
6637
6756
6791
6965
7020
7060
6439
5519
4593
3773
2863
2390
2491
2621
2744
2779
2670
2723
2782
2847
2837
2828
2615
1783
1737
1909
1021
1166
1343
1502
1608
1618
1639
1623
1838
1916
2021
2009
2011
1698
1705
1765
1649
1720
2169
2519
2430
2374
2754
3031
2577
1773
1872
1566
1430
1701
1235
1173
1223
1238
1208
1167
1213
1495
1872
1989
1944
2117
2049
1242
1274
2146
3059
3873
4579
4315
4056
3694
3257
3035
2756
2424
1898
1594
1355
1244
1291
1198
1181
1239
1332
1309
1306
1287
1392
1410
1265
1159
1191
1106
1133
1390
1131
987
1045
1059
1049
1181
1036
1139
1243
1765
1797
1815
1768
1714
1806
1633
1832
2240
3348
4677
5989
6715
5971
5258
4669
3965
3230
2274
1965
1878
1889
1983
2039
1685
1720
1675
1654
1942
1746
2684
3110
3879
4241
4080
3989
3716
3580
3118
2484
1725
1711
1655
1981
1729
1658
1851
1734
2001
2295
2710
3196
3573
4078
3923
3711
3528
3250
2897
2447
1887
1816
1675
1705
1717
1750
1708
1652
2002
2393
2907
3594
4515
4423
4341
4377
4346
4233
3951
3747
3522
3365
2657
1920
1793
1763
1694
1772
1682
1900
2572
3001
3194
3046
2739
2281
1634
1396
2286
1905
2003
2218
3082
3715
4814
4423
4418
4225
3862
3668
3361
2813
1796
1739
1690
1740
1892
1685
1781
1680
2099
2964
4104
5258
5677
5487
5330
5205
5099
4783
4181
3263
2208
1713
948
1127
1058
1109
1026
1020
1035
1142
1200
1678
1769
1621
1477
1463
1271
1190
1442
2566
3743
4863
5736
5647
5544
5444
5376
5283
5125
4232
3354
2523
2040
1137
1066
1228
1333
1496
1437
1518
2347
3186
3862
4476
3661
2771
1707
1416
1241
1186
1165
1113
1795
1949
1926
1614
1759
1727
2104
2149
2378
2812
3218
3473
3233
3091
2861
2820
2786
2638
2457
2362
2156
2017
1973
1948
2014
1899
1721
1671
1705
1713
1748
1725
1450
1137
1081
1041
1079
1097
1039
1075
1102
1101
1972
1755
1707
1804
2021
1789
1718
2050
2313
2993
3559
3840
3406
2430
1464
1238
1154
1204
1085
1322
1058
1067
1212
1133
1083
999
995
1042
964
999
1133
1253
1377
1403
1395
1325
1295
1451
1174
1235
1199
994
989
1075
953
1949
1300
1271
1213
1113
1055
1084
1324
966
1572
2191
2522
3244
3473
3347
2456
1760
1435
1066
1329
1501
1563
1576
1649
1701
1809
1983
2178
2241
2316
2412
2541
2665
2689
2502
2466
2422
2382
2418
2488
2535
2500
1689
1542
1455
1564
1694
1093
1336
1671
1533
1496
1522
1515
1591
1642
2584
3385
3858
2991
2247
1544
1355
851
1069
1381
1556
1756
869
935
1121
1252
1359
1383
1765
1567
1514
1550
1831
1189
1008
1520
1784
1709
1817
1922
2004
2083
2102
2172
1997
1545
1466
1630
1606
1250
1008
1465
1826
1591
1595
1652
1771
1620
1657
1705
1792
1543
1573
1549
1611
1094
1346
1856
1898
1940
1994
2083
2090
2252
2377
2516
2625
2712
2849
2987
3144
3253
3411
3552
3736
4086
4279
4444
4621
4714
4770
4809
4748
4800
4977
5003
5080
5092
5120
5179
5192
5303
5457
5651
5824
5965
6315
6609
6659
6090
5558
5035
4497
3697
2867
2185
1497
1593
1465
1356
1467
1701
1998
2706
3638
4574
5332
6137
7023
6915
6805
6662
6143
5572
4805
4128
3385
2553
1829
1541
1498
1564
1341
865
1143
1472
1701
1818
1852
1949
2039
2149
2253
2360
2471
2545
2667
2751
2828
2928
3021
3105
3175
3290
3357
3434
3508
3576
3655
3767
3861
3937
4002
4120
4224
4251
4286
4384
4481
4552
4636
4670
4758
4885
4984
5069
5177
5198
5193
5261
5325
5419
5595
5715
5761
5807
5890
5961
6015
6074
6105
6187
6245
6363
6431
6491
6555
6605
6690
6773
6873
6940
6991
6958
7031
7075
7201
7252
7275
7304
7397
7425
7437
7461
7492
7502
7555
7598
7577
7682
7806
7875
7971
8074
8173
8251
8316
8361
8432
6832
6883
7013
7119
