4468
4420
3809
3485
3127
2709
2508
2304
1995
1642
1526
1689
1331
1411
1868
1380
1316
1287
969
1160
1322
1469
1569
1627
1719
1724
1770
1979
1892
1620
1959
2354
3514
4221
5117
6018
6897
7785
8498
8494
8487
8497
8256
7763
7382
7011
6635
6146
5508
5074
4486
4351
4302
4240
4218
4255
4151
4176
4191
4258
4328
4415
4497
4587
4662
4588
4615
5587
6326
6249
6164
6432
6436
6325
6278
6260
6160
6059
5810
5767
5758
5699
5697
5710
5735
5752
5703
5684
5672
5680
5679
5584
5568
5578
5578
5502
5447
5368
5298
5197
5025
4935
4833
4847
4798
4825
4879
4859
4869
4860
4858
4941
4967
4916
5005
5127
5087
5063
4937
4749
3338
3043
2868
2735
2640
2589
2074
1457
1501
1736
1911
1239
1403
1484
1338
1268
1398
1375
1245
1226
1181
1308
1188
1027
1295
1504
1507
1588
1625
1673
1740
2009
1720
1551
1500
1520
1508
1543
1583
1565
1536
1440
1348
1297
1276
1222
1157
1087
1116
920
824
803
849
958
1118
1269
1303
1328
1342
1395
1516
1583
1714
1815
1897
1826
1871
1886
1910
1939
1959
1976
1960
1993
2013
2023
2001
1993
1968
1973
1863
1913
1926
1950
1945
1945
1973
1993
2022
1999
2015
2024
2131
2225
2305
2335
2392
2523
2607
2618
2734
2708
2734
2783
2785
3769
4564
4576
4599
4638
4672
4720
4747
4587
4565
4553
4022
4010
3253
2798
2112
1603
1196
1214
954
1132
1265
1307
1319
1237
1233
1244
1247
1294
1219
805
775
753
862
1289
954
1734
955
1151
1308
1227
1259
1192
1195
1222
1205
1214
1047
973
1018
1100
1105
1137
1177
1152
1160
1147
1099
1200
1184
1206
793
819
1135
730
1214
956
1214
1272
1165
1145
1157
1135
1164
936
977
1181
1314
1314
1325
1347
1330
1319
1329
1321
1066
1011
1790
1149
1201
1158
1165
1485
1152
926
1120
1351
1412
1414
1418
1424
1413
1433
1458
1304
1311
1350
817
1506
920
1099
1291
1134
1569
755
762
1202
1135
1196
1170
1137
1132
1256
1086
1666
2654
3691
4693
5686
6558
7425
7600
7517
7440
7390
7302
7125
6821
6316
5820
5177
4618
4079
3895
4925
5910
5962
5938
5943
5944
5981
5991
6028
6030
6010
6043
6034
5484
5474
5469
5266
5282
4436
4413
4183
4190
4192
3371
3344
2911
2908
2402
2369
2358
1815
1804
1567
1558
1594
882
1266
753
739
787
935
1170
825
1533
931
1111
1290
920
1161
796
813
1203
1197
1345
1234
1183
1150
1145
1062
939
906
914
893
920
914
993
1049
994
944
916
907
909
950
871
891
863
879
892
938
1195
726
898
749
759
1456
924
1115
929
966
1918
1121
1439
1142
1142
1193
1107
1001
1206
1350
1349
1307
1228
1158
1077
977
1018
990
942
1505
1359
1270
1253
1253
1182
1180
1225
1161
1528
2053
2570
3038
3620
4169
4788
4936
4862
4875
4921
4955
4983
5014
5061
5075
5085
5097
5103
5119
5125
5141
5182
5184
5207
5214
5188
5182
5245
5243
5034
4965
4019
3987
3594
3119
2690
2205
1735
1233
1268
1110
899
982
1114
1053
1033
1061
1036
1079
1130
1113
1105
1088
1101
738
736
1322
889
1559
933
1083
878
943
1462
1020
1461
1074
1252
1369
1492
1537
970
1115
842
915
1071
1115
1768
1325
1160
1770
2188
1695
1141
1146
1145
1243
1242
1216
1267
1208
1336
1419
1043
981
1070
1487
1328
1346
1183
1214
1179
1222
1126
1211
1227
1161
1150
902
1070
1304
1401
1325
1324
1404
1509
1565
1657
1743
1836
1814
1834
1826
1848
1865
1893
1906
2072
3009
4140
5318
6574
6722
6861
6898
7050
7079
7121
7180
7252
7224
7181
7184
7192
7208
7211
7247
7218
6696
6675
6381
6361
6347
5614
5590
4948
4306
3821
3333
2881
2480
2029
1606
1592
1615
1621
1628
1625
1592
1584
1549
1562
1553
1547
1143
1872
765
788
759
917
1704
1135
1133
1120
1107
1047
1050
1164
894
890
951
1011
895
891
992
1101
1078
977
982
882
912
1045
744
1318
932
1456
921
1110
747
778
1589
1169
1166
1223
1137
1171
1213
1189
964
1163
1391
1408
1408
1442
1446
1454
1486
1466
1366
1307
1077
9318
1175
1150
1669
2285
2684
3249
4239
4870
4312
3425
2469
1920
1372
1219
1238
1239
1257
1182
955
949
976
1049
986
956
985
1003
1007
1048
1090
1131
1159
1151
1177
1219
1223
1260
1294
1303
1336
1392
1404
1361
1380
1414
1416
1440
1489
1498
1510
1512
1479
1472
1492
1501
1496
1525
1531
1563
1625
1670
1654
1667
1671
1743
1750
1663
1612
1618
1609
1682
1843
2777
3744
4067
5108
4319
3908
3504
3052
2362
1903
1461
915
854
855
863
968
1053
1073
1078
1087
1151
1167
1372
760
760
772
924
1204
924
1352
934
1028
1159
1290
1316
1256
1192
1168
1166
914
1058
1237
1308
1332
1335
1344
1366
1374
1359
1370
1154
1331
770
1111
1131
9026
8126
1152
1103
1076
1131
1072
1139
1165
1282
1386
1053
998
1377
1208
1122
989
827
800
808
1389
1475
1477
1498
1399
1426
1123
1024
1237
1464
1553
1669
1752
1831
1921
2012
2092
2162
2244
2337
2380
2447
2543
2631
2713
2793
2860
2931
3052
3267
3370
3445
3516
3569
3642
3703
3746
3802
3871
3929
3892
3994
4084
4202
4298
4396
4465
4573
4675
4687
4717
4736
4830
4858
4907
4943
5022
5124
5220
5273
5339
5385
5470
5530
5657
5740
5780
5854
5916
6009
6111
6173
6246
3766
3737
2318
1685
1438
1444
1459
1419
1488
1540
1442
1474
1498
1400
2214
3255
4203
5271
6233
7165
8150
9193
10262
11323
12311
13016
13095
13180
13286
13390
13507
13581
13676
12596
12536
12464
12441
12490
12537
12665
12427
12304
11685
11006
10304
9598
8903
8157
8004
8300
9325
10358
11372
12419
12927
13038
13122
13219
13325
13436
13493
13537
