2511
2658
1014
923
967
12337
1938
4742
713
1220
1149
987
649
638
609
584
596
638
629
656
684
749
799
855
750
779
786
877
952
1021
921
957
987
1051
1090
1120
1144
1113
980
1010
1086
1150
1180
1332
707
738
795
816
881
986
990
1102
1092
1109
550
652
657
818
711
726
752
824
882
952
1005
1050
1130
997
1045
1135
1221
1290
1372
1396
1339
1363
1399
1471
1541
1554
1616
1678
1763
1803
1821
1844
1901
1968
2035
2063
2070
2119
2164
2251
2319
2359
2395
2457
2517
2596
2686
2743
2784
2824
2848
2894
2919
2952
2991
3012
3034
3063
3107
3137
3180
3194
3202
3233
3243
3255
3265
3264
3261
3310
3367
3413
3470
3505
3567
3651
3723
3749
3774
3810
3862
3898
3941
3954
3987
3993
4055
4080
4110
4157
4208
4256
4277
4326
4254
4304
4351
3918
3907
3427
3446
3466
3391
3400
2766
2753
2745
2755
2762
2394
2385
1838
1856
1863
1853
1884
1291
1338
1044
1021
774
809
947
571
997
581
606
582
621
1020
598
625
561
630
1139
578
842
586
595
561
546
1174
624
858
588
628
533
612
909
596
1060
597
619
641
599
1086
581
641
531
579
1047
591
905
578
666
524
557
915
602
1104
609
607
623
633
1051
603
646
561
575
1067
552
873
616
592
557
583
844
576
1115
581
592
640
576
1125
582
625
600
650
1040
621
888
627
654
544
594
1168
598
880
593
602
585
572
833
614
1024
586
621
557
614
860
572
971
588
616
563
588
906
597
1022
604
657
676
637
1100
573
610
606
620
1077
603
896
603
660
510
595
905
601
1164
599
644
679
614
1104
588
649
576
586
1082
595
887
577
587
562
552
834
593
1127
583
584
679
626
1089
619
633
595
594
1014
592
929
595
623
538
610
919
615
1147
594
614
625
633
914
566
1062
584
639
675
600
1066
611
599
575
609
1105
600
880
615
575
536
586
1072
609
622
545
588
1079
594
624
540
599
1022
588
633
527
583
1040
597
613
610
633
1115
592
1025
614
653
757
587
865
606
628
577
619
1012
601
645
511
574
1063
576
632
616
590
1020
619
634
700
596
965
616
1073
574
630
772
615
1111
572
628
826
575
952
613
628
544
609
1058
1072
652
692
730
856
574
1069
623
638
947
563
837
548
608
589
634
1076
570
880
594
616
505
576
1095
579
655
571
599
1081
564
998
592
617
822
595
1246
902
911
575
595
1015
598
611
592
611
1074
572
974
554
575
606
543
1137
595
615
565
565
1062
590
1042
564
594
677
563
1025
593
602
579
594
1091
586
622
567
568
1085
566
961
560
588
597
592
1108
579
593
514
535
1139
598
650
561
578
1053
603
1003
574
593
609
540
1128
590
588
548
565
898
1251
558
554
574
608
644
959
567
606
506
574
1033
583
578
566
598
1095
610
1038
568
564
733
583
883
646
667
542
588
1012
582
631
565
584
1068
598
991
626
625
655
589
1099
620
622
546
572
894
590
1115
592
596
730
586
875
567
598
529
577
1161
561
579
573
584
955
601
1020
555
575
748
560
1028
582
633
672
583
1097
602
595
591
597
1141
579
970
561
575
683
561
1062
566
561
518
533
1058
565
579
583
607
1094
598
1019
590
622
672
573
1098
595
630
546
588
919
607
1146
597
595
763
625
886
586
609
562
584
860
626
1428
911
915
940
790
1077
576
592
637
572
1127
598
624
516
602
912
606
1149
607
645
815
593
894
598
612
542
597
1004
594
607
584
614
1136
605
1059
580
606
735
565
904
566
648
546
619
896
596
1081
623
644
773
589
961
599
658
506
555
878
575
1070
609
615
795
606
1042
627
663
701
582
1095
570
565
525
582
925
573
1068
597
606
755
610
873
585
608
552
644
1093
576
616
558
569
1123
615
828
618
640
576
639
1014
605
660
509
591
1133
583
870
606
645
539
603
1044
561
589
567
589
1090
607
1050
563
631
671
611
1077
607
642
536
629
987
656
1086
557
558
736
596
1053
565
567
666
570
1106
591
582
578
617
1073
601
1042
565
584
665
559
1075
606
627
561
586
1064
646
983
585
615
632
634
1092
569
616
535
602
870
581
1085
579
598
733
592
947
624
668
542
2381
1310
1226
2800
1371
1535
11981
670
587
589
569
562
737
6479
1833
654
588
637
629
581
588
1266
598
606
650
668
696
715
749
552
619
683
684
688
686
723
736
720
741
751
747
778
793
817
832
880
912
879
906
957
1012
1029
1045
1083
1084
1099
1037
1104
1177
1248
1305
1232
1281
1282
1293
1298
1354
1403
1495
1535
1603
1606
1587
1565
1570
1597
1638
1708
1764
1779
1804
1827
1853
1871
1914
1928
1990
2031
2045
2081
2097
2132
2197
2251
2298
2305
2309
2363
2398
2411
2463
2517
2597
2578
2580
2599
2629
2643
2665
2781
2842
2887
2904
2965
2993
3040
3067
3096
3084
3101
3161
3205
3238
3250
3267
3296
3346
3387
3453
3497
3544
3611
3667
3710
3779
3833
3873
3916
3965
4043
4106
4145
4198
4259
4295
4319
4345
4372
4388
4398
4413
4430
4489
4523
4558
4604
4539
4547
4275
4300
4282
3980
3983
3523
3518
3256
3272
3308
