3177
589
4060
1326
1333
4071
944
8054
2560
2492
2521
2658
1903
1222
1046
10347
1084
885
907
883
768
794
798
765
819
628
1190
1177
1258
879
1368
1167
726
760
790
622
673
705
752
805
838
835
883
912
945
997
1074
1154
1194
1227
1285
1363
1345
1389
1423
1503
1548
1574
1623
1671
1722
1802
1868
1927
1956
1988
2014
2034
2073
2098
2174
2276
2317
2376
2376
2446
2497
2540
2604
2669
2724
2728
2742
2769
2806
2872
2979
3076
3159
3199
3233
3265
3271
3256
3250
3280
3307
3325
3387
3455
3532
3557
3598
3640
3684
3706
3751
3749
3767
3777
3801
3829
3820
3810
3807
3831
3881
3944
3985
4029
4065
4092
4113
4136
4101
4147
4193
4230
4264
4268
4302
4314
4349
4369
4386
4419
4441
4514
4586
4629
4701
4783
4850
4914
4976
5026
5088
5153
5189
5239
5295
5337
5388
5471
5529
5577
5624
5676
5707
5787
5850
5881
5950
5997
6024
6034
6054
6064
6107
6107
6145
6190
6204
6235
6271
6293
6308
6334
6338
6344
6385
6401
6458
6508
6516
6532
6579
6605
6609
6661
6692
6740
6767
6756
6812
6849
6883
6930
6979
6971
7024
7039
7086
7103
6879
6897
6475
6512
6530
6473
6479
5993
6037
5884
5870
5860
5658
5651
5214
5189
5205
5236
5210
4707
4718
4590
4645
4651
4329
4347
3862
3870
3880
3876
3829
3454
3495
3370
3425
3433
2955
3004
2890
2918
2917
2474
2468
2199
2206
1997
2042
2038
1657
1677
1653
1688
1703
1211
1229
838
864
876
707
813
605
641
542
590
979
594
626
536
621
876
662
1074
608
616
653
682
981
623
676
626
602
726
580
1034
588
627
726
584
1044
589
603
662
606
842
606
649
574
614
860
620
1012
585
618
696
596
940
598
672
747
754
1041
616
713
666
697
1025
604
970
633
657
716
755
871
589
999
619
670
718
734
1157
622
642
675
695
926
606
787
602
622
574
655
843
629
974
609
674
676
611
973
605
659
681
710
848
618
1029
630
659
700
745
978
588
819
587
641
543
621
851
601
976
591
619
627
628
824
636
982
617
596
622
622
1010
638
669
542
560
831
581
997
591
642
639
689
1028
610
627
663
715
868
603
1044
591
523
592
656
983
605
823
604
643
575
574
903
596
594
571
571
932
584
797
617
646
641
687
1013
592
812
586
628
702
733
943
599
775
587
646
537
597
794
554
980
603
593
627
623
787
583
1057
617
643
667
706
912
594
719
618
654
871
617
1053
591
683
632
684
1031
617
817
612
633
538
576
780
604
963
617
660
559
616
834
611
1010
607
632
679
715
967
589
608
623
701
1105
611
886
616
665
546
613
847
636
985
582
593
638
659
842
608
1071
620
638
652
544
830
596
627
549
614
789
606
898
610
654
579
572
814
568
988
627
623
650
681
936
595
631
664
696
879
617
1039
604
616
585
597
779
608
1052
593
604
602
602
896
589
630
649
709
928
612
1029
612
633
656
675
959
590
845
578
623
577
601
789
607
900
639
672
571
623
816
608
994
639
669
706
754
990
589
612
623
659
1003
584
765
561
571
587
605
1047
596
826
605
643
563
595
822
577
1000
572
587
583
615
1235
623
693
657
708
899
625
995
630
695
655
699
1041
600
791
599
620
637
689
959
590
800
585
619
630
651
1034
622
836
626
656
555
584
927
588
591
624
679
812
580
977
606
642
637
667
991
589
910
562
585
700
575
745
564
636
544
604
952
604
627
558
597
846
615
965
612
663
707
594
1218
621
685
732
768
864
603
629
525
595
939
599
647
563
593
788
634
1014
622
680
719
577
797
600
652
538
573
965
591
633
554
588
986
625
638
657
682
979
635
896
608
644
661
674
974
625
662
570
629
843
575
1017
599
608
694
599
776
646
675
552
578
796
572
987
586
603
695
596
769
575
680
554
603
905
586
640
486
581
865
639
998
612
669
817
590
836
604
610
547
604
944
588
611
656
673
991
604
831
702
678
545
603
1049
604
678
663
706
1039
599
837
610
615
507
592
868
609
1029
634
709
758
771
1078
603
636
666
710
913
619
995
618
623
673
726
1002
594
605
629
677
992
597
810
607
671
555
583
786
604
1061
595
615
630
643
933
614
636
576
574
797
566
984
596
616
644
582
822
604
646
562
598
802
591
924
626
682
795
592
963
610
2709
855
1264
895
1598
1653
2451
2471
2478
2488
2498
938
1645
1672
1675
1195
1143
1139
1133
1161
1192
1075
993
884
777
693
571
545
905
1287
1244
688
898
732
773
761
736
711
844
722
734
761
744
748
738
744
719
757
727
794
5023
4437
4479
6286
4461
2147
2287
794
2037
690
698
3455
4698
943
754
705
657
665
658
644
624
654
702
750
759
771
805
838
894
956
980
992
1016
1056
1097
1115
1142
1165
1212
1241
1283
1352
1434
1439
1467
1514
1561
1607
1665
1713
1753
1821
1872
1923
1996
2005
2039
2066
2105
2146
2175
2195
2239
2259
2319
2348
2415
2474
2543
2594
2653
2711
2784
2850
2907
2980
3039
3080
3124
3176
3197
3250
3262
3306
3360
3394
3458
3467
3508
3559
3615
