6446
6519
6596
6669
6655
6676
6701
6773
6825
6821
4955
4934
994
1294
1293
834
877
906
898
900
853
814
865
2795
2495
5153
1114
693
695
733
772
783
774
806
827
840
891
981
1015
1055
1097
1148
1389
1432
1388
1398
1415
1486
1590
1708
1795
1923
1967
1978
2009
2040
2863
2939
2979
3037
3097
3117
3191
3324
3066
3084
3176
3195
3220
3234
3515
3112
3150
2768
2737
2659
2672
2811
2882
2971
3030
3076
3069
3074
3072
3100
3128
3183
3221
3205
3241
3270
3329
3375
3423
3471
3534
3526
3543
3581
3621
3691
3742
3797
3876
3910
3994
4043
4097
4130
4195
4271
4317
4363
4463
4509
4572
4603
4652
4659
4728
4748
4758
4807
4832
4805
4822
4827
4466
4520
4329
4324
4380
3916
3910
3908
3926
3988
3501
3520
3092
3125
3184
3153
3201
2691
2707
2688
2695
2751
2199
2190
1933
1960
1747
1795
1848
1397
1476
1395
1469
1522
1019
1090
792
842
575
646
951
622
996
600
659
662
668
1035
576
648
517
558
858
621
1018
601
669
721
719
1061
608
632
527
593
850
586
1040
605
673
713
713
1098
595
643
665
699
1030
625
823
607
661
520
615
1004
571
622
579
620
1014
573
9201
1442
1434
1140
1008
879
905
1000
1067
1137
1212
1347
1233
1058
1080
1126
1190
1245
1294
1275
957
869
1322
770
781
813
863
925
975
1040
1124
1163
907
936
1024
1074
1112
1172
2389
2469
2541
1703
1741
1898
1913
1911
1866
1925
1984
2020
2099
2127
2144
2172
2174
2173
2230
2278
2361
2423
2508
2572
2598
2632
2748
2661
2741
2826
2856
2876
2908
2822
2766
2793
2825
2868
2912
2916
2917
2912
2902
2965
2990
3022
3063
3115
3204
3332
3428
3470
3514
3501
3504
3551
3578
3619
3672
3678
3775
3830
3906
3975
4057
4105
4189
4131
4199
4248
4296
4373
4390
4451
4521
4548
4580
4616
4461
4526
4199
4253
3978
4023
4043
3789
3800
3277
3159
3226
2922
2057
1436
1326
949
665
711
783
849
933
1020
1075
1140
1174
1230
1277
1326
1393
1486
1114
1167
914
974
762
867
954
616
892
613
663
507
567
1053
617
685
661
715
1030
623
861
621
659
520
600
1062
608
660
651
684
889
631
1075
634
667
545
620
885
1818
1184
1105
1106
1121
1126
1146
845
863
708
774
797
553
964
634
675
707
755
1070
625
828
677
559
621
717
1538
1059
3398
590
655
679
706
724
725
892
824
862
886
937
965
1042
1114
1158
1169
1184
1198
1261
1344
1458
1292
1068
668
640
637
657
706
778
847
967
655
701
748
821
880
915
979
1024
1060
1063
1109
1383
1456
1389
1417
1159
1184
836
670
583
692
750
567
598
614
628
621
631
729
765
811
880
928
970
987
1060
1090
1068
1078
1175
1257
1250
1628
633
655
740
706
769
835
913
711
748
793
800
873
947
988
1072
1041
1073
1133
1167
1234
1135
1250
596
680
640
722
1056
608
640
675
685
694
733
768
665
878
616
676
531
599
943
621
837
605
667
511
625
846
652
806
670
630
608
663
801
620
866
629
661
557
596
827
590
868
603
671
540
592
805
606
857
583
647
531
617
869
557
1026
619
645
493
568
846
607
1061
589
621
658
681
942
630
650
611
640
858
623
1121
581
630
670
704
1016
596
848
597
621
512
578
872
590
1024
594
604
640
672
1023
597
635
679
716
910
592
1086
614
663
641
666
856
634
998
587
611
639
654
950
612
821
606
678
674
717
997
609
985
638
644
702
730
975
620
845
612
639
586
624
838
619
893
612
680
676
693
1027
628
798
626
682
692
753
869
616
1060
607
637
549
599
837
599
909
615
651
553
617
1169
608
916
628
642
542
595
857
611
894
631
674
546
639
887
601
881
618
673
628
681
1059
593
842
583
660
627
652
1042
603
836
587
662
554
610
891
601
1070
580
622
602
618
1049
606
861
591
624
531
572
850
619
898
608
646
566
609
1047
625
968
623
648
674
704
1087
611
653
565
630
870
639
1092
621
666
721
757
1075
623
679
498
588
937
623
968
630
665
750
636
1084
595
638
522
606
1007
599
724
582
619
1075
637
972
618
636
683
603
1016
573
637
570
592
963
577
606
626
657
1008
606
1021
583
597
627
674
1048
596
621
539
605
850
606
1052
634
674
714
739
1088
626
657
675
724
1081
608
821
603
644
563
629
856
582
1000
618
676
707
676
1083
611
617
653
675
1098
616
845
592
662
537
606
847
626
1152
632
675
720
743
1402
1306
1300
1457
1888
1578
2327
1765
1762
725
568
629
623
632
673
721
775
855
1132
1163
2331
2294
2264
2259
2439
753
770
806
615
720
721
705
715
764
722
734
738
728
755
742
717
723
717
729
766
744
758
727
734
725
759
855
926
1237
2130
2414
2478
2494
2529
3072
647
635
678
723
777
876
962
1011
1082
1155
1170
1218
1293
1344
1403
1469
1591
1670
1680
1694
1718
1814
1125
1195
1272
1312
1401
1513
1572
1592
1655
1699
1730
1789
1859
1957
2024
2058
2110
2147
2179
2303
2361
2455
2473
2542
2513
2548
2609
2652
2688
2761
2845
2871
2897
2897
2941
2933
2947
2959
2952
2997
3054
2973
2961
2496
2483
2485
2329
2326
2069
2102
1832
1894
1872
1598
1797
1312
1238
1255
1203
