12266
12291
12307
12336
12384
12408
12459
12543
15930
15997
16017
16046
16035
16083
16082
16113
16121
16121
16136
16151
16166
14292
14164
13081
13009
12692
9383
9371
9372
9262
9208
9246
9314
9311
9298
9250
9222
9170
2310
2168
2037
1950
1717
1580
1467
1452
1392
659
693
780
886
956
989
1016
1094
1149
1167
1152
1255
892
929
774
845
2008
640
598
670
732
758
835
916
819
589
614
634
709
757
1157
638
658
626
683
1640
945
615
614
548
578
1002
626
622
976
630
665
583
638
853
580
581
603
586
660
655
874
720
689
733
824
1057
614
801
617
688
578
705
915
608
799
577
619
557
585
807
587
901
580
634
536
584
780
593
982
573
653
713
670
863
589
958
587
588
641
629
1031
620
660
687
724
1000
600
819
561
592
542
605
807
600
880
589
634
508
578
978
798
589
619
673
682
615
959
564
629
576
583
956
562
764
613
642
526
587
801
583
1047
636
653
664
719
1012
574
569
596
667
887
572
977
587
639
629
692
866
595
985
624
623
614
627
994
594
981
617
649
654
552
962
618
637
639
703
1077
615
641
541
582
947
584
676
616
693
1091
609
932
593
588
626
592
835
582
662
559
709
859
621
679
547
566
795
581
1098
605
617
649
546
914
618
649
527
561
953
623
660
532
590
818
608
990
600
666
774
594
841
603
637
545
584
936
600
628
665
715
1026
579
791
574
601
528
607
957
575
578
582
596
936
560
930
611
649
714
685
1090
607
635
640
676
891
631
805
603
609
560
609
954
610
639
665
695
1045
617
940
600
631
673
654
956
637
629
675
708
983
594
833
619
662
516
590
961
593
683
620
655
1314
883
1248
598
651
694
729
787
793
866
803
825
1021
615
820
602
645
550
605
941
589
688
654
763
1063
606
822
591
617
550
590
766
597
1035
622
678
712
721
974
637
677
695
729
996
580
957
605
633
678
693
981
602
668
712
784
1074
605
827
603
643
536
594
1097
610
1081
608
663
683
572
779
581
820
985
1007
970
814
988
573
584
698
641
836
606
626
522
595
928
578
649
541
631
1040
696
1090
613
605
551
602
944
597
617
637
679
1038
618
818
594
622
522
610
860
607
1011
601
624
671
637
981
601
642
520
608
828
632
1057
612
655
694
576
865
623
667
517
579
823
604
1100
592
630
658
601
949
611
609
504
565
839
607
1075
633
670
685
580
850
584
678
515
591
878
615
999
611
636
684
728
1009
601
634
557
616
835
606
959
598
691
756
608
839
643
680
587
628
941
616
627
613
670
1041
597
817
604
629
539
615
1007
598
584
567
583
918
602
970
601
602
629
631
942
566
602
552
583
793
628
1020
576
584
694
583
810
598
658
548
573
909
569
648
657
702
1040
634
913
627
579
613
619
969
575
592
549
561
962
560
569
602
644
1031
578
964
583
654
701
692
1039
593
630
581
619
917
608
989
591
635
683
572
890
615
630
552
616
834
600
1023
597
614
644
574
810
576
601
537
574
974
591
616
591
604
988
598
948
598
600
622
626
964
610
648
535
602
980
587
622
599
602
997
572
790
587
600
561
635
976
601
615
616
634
963
590
953
599
605
673
681
975
609
643
552
604
889
591
1042
589
581
644
607
799
562
615
566
609
930
591
622
649
676
1030
621
979
612
627
624
617
924
588
587
503
565
857
627
999
579
580
613
620
1025
592
612
526
584
955
605
631
666
680
995
602
1001
614
653
700
678
1004
607
628
587
612
808
606
1011
606
620
661
696
1058
627
640
536
566
914
620
944
625
657
683
715
1040
597
630
518
555
985
581
646
593
631
984
593
818
594
604
572
585
893
623
694
613
652
986
592
1006
616
638
650
541
819
600
669
539
588
960
609
626
549
597
808
616
993
606
622
639
626
923
610
638
560
592
785
558
1123
591
584
694
567
943
585
631
745
607
849
604
618
548
614
859
645
1012
612
657
745
611
970
623
625
662
688
996
596
668
656
685
986
604
903
616
660
721
712
919
550
1016
579
615
664
692
1048
615
702
679
675
987
615
791
584
618
545
636
828
594
1012
626
680
710
619
1004
606
630
651
670
808
582
1016
642
690
730
773
990
585
888
618
4738
835
816
1737
880
821
758
8058
15859
614
580
6241
2181
662
1237
2836
798
659
698
684
684
644
664
762
630
624
639
655
685
705
737
745
752
848
876
794
840
920
941
936
1006
1037
1068
1093
1169
1174
1237
1322
1373
1425
1374
1363
1411
1422
1385
1406
1422
1425
1475
1545
1552
1547
1566
1584
1614
1670
1696
1720
1788
1800
1795
1804
1824
1849
1894
1957
2017
2069
2142
2214
2278
2358
2417
2509
2517
2562
2621
2671
2721
2754
2821
2843
2916
2964
2972
2996
3019
3049
3066
3099
3145
3207
3237
3263
3277
3299
3308
3355
3381
3438
3453
3537
3591
3664
3722
3773
3818
3855
3874
3934
4000
4057
