2929
1160
977
696
1079
927
969
2016
1185
1580
1331
1369
1161
824
594
1718
1105
1047
1234
1270
741
695
2084
1129
1797
1456
905
1820
1352
2260
1068
1457
882
1268
1198
1104
1509
1111
1001
934
1101
1111
911
815
2071
803
694
745
1009
1630
1017
741
1240
927
701
1504
623
767
680
546
1465
595
514
533
1324
814
727
676
690
681
668
906
844
683
648
1240
927
974
826
876
909
1216
765
784
818
1855
934
1108
797
721
712
833
890
821
1058
1423
1190
594
989
791
760
711
1036
1039
1907
935
967
1750
638
592
559
562
536
2036
928
826
738
742
615
2222
837
620
597
664
1178
1260
1231
595
570
609
860
1438
1173
1442
660
557
566
1060
1065
567
711
749
721
525
1635
665
530
497
493
708
502
512
545
501
629
813
493
488
1313
721
484
701
480
479
462
556
717
1041
478
506
515
1499
818
534
530
510
571
529
966
955
492
630
618
526
887
1204
546
701
531
502
712
709
706
683
702
493
673
658
1044
560
537
524
540
534
883
1071
538
598
563
625
1135
1782
643
569
612
575
575
624
1535
558
629
728
969
609
784
814
841
731
552
716
570
737
726
1385
740
596
578
657
1066
717
548
555
553
551
514
595
534
1307
550
696
708
549
754
729
529
759
504
510
702
589
622
934
568
521
510
523
506
503
563
1053
752
554
877
533
542
944
689
616
578
554
531
627
1163
659
722
564
590
555
512
1385
509
540
536
589
592
1713
2878
575
826
850
1041
606
559
772
565
590
775
716
599
950
521
897
507
526
625
1757
903
533
539
592
620
1572
1362
646
580
614
726
1050
823
614
857
697
1021
716
1581
602
749
784
738
540
760
693
942
646
662
608
1283
1487
896
1018
600
681
756
1677
792
979
665
585
609
690
836
601
819
791
1001
834
1050
637
1050
760
986
816
550
902
916
1124
964
655
647
847
634
967
646
661
1338
1019
832
1112
1505
675
1011
726
1724
1685
674
605
1062
928
968
914
1405
1196
877
1147
990
1137
789
697
651
1061
1419
1901
957
858
811
794
1034
987
1429
925
974
980
741
705
596
555
639
906
1444
550
589
1089
1292
1445
980
565
583
699
637
736
1127
912
879
896
850
1036
855
645
783
579
1241
1383
755
715
513
494
653
672
547
518
552
498
992
1304
959
716
546
745
813
796
719
1394
523
770
785
966
1036
766
611
1084
783
600
557
516
524
1284
832
582
731
816
1262
1234
1094
658
626
1553
640
854
1584
553
509
536
501
504
486
480
494
904
678
594
602
513
550
562
571
636
936
538
549
585
596
781
1112
564
596
555
569
702
549
502
645
716
786
1046
717
619
560
628
1406
779
483
525
540
486
1232
716
802
684
635
691
938
687
637
533
530
477
590
499
580
794
509
663
999
1141
532
592
628
585
792
997
1071
808
610
646
583
810
1012
922
611
568
593
797
1268
701
631
613
816
601
1093
790
614
608
810
1383
1092
581
581
584
903
948
718
637
595
727
610
892
645
618
626
617
1118
1018
574
654
589
677
1762
575
796
716
540
599
750
510
654
567
1186
710
781
564
597
515
594
551
556
816
515
543
680
716
691
749
583
512
509
958
479
794
594
538
813
1385
907
781
608
607
580
785
700
792
527
583
510
693
601
1122
761
591
543
797
1343
746
757
680
729
817
870
609
722
520
546
1039
966
695
764
744
568
636
1028
1146
769
898
880
943
764
646
578
790
603
615
950
1422
623
620
554
566
1177
887
727
572
553
773
755
765
1197
558
623
582
761
1136
1135
876
1209
858
867
790
820
1589
814
595
569
588
834
985
562
552
630
648
853
1782
1793
668
541
1007
523
591
1082
858
749
521
477
496
1065
745
559
771
546
731
590
1043
1084
708
535
570
701
530
1321
987
1470
1055
955
910
1194
1292
1587
1684
1823
1396
1168
610
606
844
589
548
490
651
2858
1043
786
618
649
846
1066
1006
575
2391
1140
681
667
660
1460
677
590
877
847
1454
1215
1041
908
599
680
811
1252
1251
656
1452
1103
622
1364
694
562
540
570
622
712
1016
672
1131
910
724
736
1570
611
607
676
832
1569
1321
1053
756
1198
1030
933
978
1830
959
655
626
1164
1137
761
974
1261
2876
1223
666
817
945
1169
1045
654
874
706
1734
900
1091
725
741
738
1185
748
739
847
1660
1467
793
1070
900
639
897
747
2089
1419
1104
1099
710
730
630
1118
881
882
1228
1168
1064
692
700
1050
1183
2502
825
1042
1009
1125
674
751
709
807
715
706
757
697
837
847
962
554
687
701
692
711
628
2684
1488
650
759
1030
705
730
724
716
695
1494
1192
872
800
1014
676
676
830
871
800
1117
1151
1105
664
1092
1282
647
984
702
1329
1680
1176
1512
1216
904
901
691
2200
1338
712
682
1074
835
857
1385
797
1439
959
1077
852
588
671
784
589
577
582
764
613
1415
959
730
600
805
823
847
659
1281
969
1411
798
977
720
701
2853
9199
917
734
902
1230
897
