5708
5743
5752
5763
5824
5666
5722
3589
3506
5848
10085
1186
5865
710
614
656
650
694
718
654
686
721
754
761
768
1352
575
670
870
1767
705
644
654
668
713
752
762
777
835
896
979
1052
1092
1141
1206
1260
1296
1384
1437
1510
1554
1625
1639
1664
1588
1068
1012
1433
1519
1162
1172
1150
1118
1124
1193
1173
1192
1208
1248
1271
1300
1376
1401
1383
1392
1407
1448
1459
1512
1527
1539
1527
1581
1625
1662
1715
1812
1868
1930
1812
1865
1903
1942
2016
2063
2134
2181
2211
2229
2240
2327
2379
2419
2458
2512
2559
2613
2644
2699
2689
2730
2766
2831
2856
2859
2895
2931
2996
3015
3077
3101
3078
3113
3140
3212
3279
3357
3361
3377
3416
3434
3478
3488
3488
3518
3546
3595
3653
3695
3735
3798
3840
3898
3899
3952
3943
3999
4049
4090
4169
4235
4300
4335
4361
4350
4361
4378
4388
4383
4414
4474
4478
4522
4563
4594
4611
4622
4657
4700
4710
4743
4775
4893
4905
4914
4924
4962
5008
5061
5109
5164
5193
5210
5244
5290
5354
5400
5440
5474
5494
5537
5553
5576
5620
5625
5721
5763
5821
5893
5462
5502
5155
5232
5056
5081
5132
4680
4661
4330
4336
4071
4141
4168
3754
3743
3245
3267
3347
3279
3340
2754
2691
2740
2782
2842
2267
2306
2016
2060
1850
1885
1924
1516
1547
995
1006
1077
854
927
585
625
517
597
862
584
1042
596
621
638
638
1119
582
586
611
640
987
550
802
601
626
563
615
854
601
1072
602
610
636
673
1054
588
626
606
641
1046
575
830
596
618
552
566
852
596
1060
596
612
608
612
968
570
609
618
639
1063
578
807
598
619
566
620
870
565
1023
600
608
561
608
808
609
1025
606
685
717
681
1080
623
580
616
566
987
583
806
592
604
548
604
879
600
880
598
617
578
592
975
597
628
603
635
1085
598
820
596
597
546
585
896
592
839
604
634
576
576
802
602
1002
618
645
643
687
1033
601
606
591
657
918
614
1049
600
622
552
571
869
590
884
610
659
551
598
869
615
988
637
621
665
684
961
612
643
633
660
1078
592
846
585
656
598
638
1032
623
980
600
614
710
595
984
601
652
696
546
936
607
655
545
619
969
574
753
607
652
1044
595
621
625
663
941
618
1105
622
684
763
554
831
610
630
563
599
948
584
591
631
676
1059
584
912
598
631
719
626
867
609
617
551
605
948
566
588
547
601
1051
611
604
661
675
1091
620
947
597
650
701
669
1079
573
624
545
628
835
597
1043
615
639
661
552
908
596
627
545
612
850
594
1096
591
604
678
564
805
585
613
544
590
936
589
649
594
608
1011
623
844
607
636
525
611
859
625
1113
616
665
714
700
1089
587
680
597
665
1024
557
804
607
629
518
587
840
619
1199
720
753
776
802
1049
611
619
561
637
851
600
1053
615
669
700
711
1033
594
641
526
611
896
612
1021
593
613
650
678
1010
617
655
562
605
848
625
1054
605
645
708
587
771
629
656
561
569
862
596
985
621
690
671
569
882
599
650
539
593
856
606
1021
611
645
697
706
1046
629
652
504
568
905
585
1047
592
650
692
675
1038
606
635
527
587
895
614
1032
598
643
676
663
1012
556
574
590
625
1081
638
850
607
661
561
593
1001
580
612
593
633
1044
628
824
584
621
555
624
881
629
1026
624
672
690
709
1054
614
615
626
659
972
582
814
597
633
522
599
904
599
904
649
703
524
582
1013
603
611
634
679
1056
615
844
596
632
557
616
828
598
1033
630
677
701
698
1036
576
610
644
928
980
589
873
607
597
619
615
956
580
635
524
563
835
592
1000
584
635
1119
901
917
566
589
541
597
997
601
598
625
657
1020
614
1018
612
607
727
606
812
601
656
547
608
976
623
642
598
626
972
573
933
568
588
632
603
1019
586
612
653
685
1019
597
1010
578
593
705
589
874
572
598
516
596
990
589
589
647
693
1134
1126
1339
1312
2226
2105
2005
1877
645
612
692
722
757
855
947
969
1029
1077
1148
1182
1216
1271
1346
1461
1487
1546
1569
1329
1369
1114
1189
1275
891
1015
552
587
780
610
959
566
602
492
540
865
578
1046
590
656
694
713
1142
565
601
626
672
1284
567
1212
583
577
613
662
1132
608
636
519
577
883
616
1005
594
618
670
663
1124
617
672
645
681
1027
583
986
606
604
720
601
900
601
627
529
615
825
583
1087
599
4736
1343
1375
1781
956
1031
952
16072
15157
15172
15215
15267
15280
15316
15372
15419
15413
15415
15447
15513
15529
15443
15439
15471
15506
15507
15560
15613
15634
15652
15613
15625
15634
15614
15650
15684
15690
15750
15723
15715
15698
15682
15670
15670
15676
21145
1762
1683
1642
7719
2126
7197
4728
1083
1466
819
1640
594
815
2163
750
1649
646
657
654
678
716
784
838
901
937
987
1013
1021
1068
1128
1543
1593
1613
1611
1628
1643
1695
6089
6161
6177
6243
2184
2120
2143
2179
2181
2221
2219
2191
2152
2075
1985
1903
1874
8433
5839
5672
5543
5532
5538
5567
5598
5661
5701
5765
5775
5774
5780
5784
5802
5847
5873
5918
5947
5968
5986
6025
6025
6033
6043
6054
6098
6144
6197
6216
6240
6278
6326
6354
