24689
25839
26165
26294
26252
25855
25841
25926
25911
25920
25495
25029
24564
24183
23661
22983
22683
22343
22132
21796
21718
21750
21738
21765
21767
21821
21113
20443
19892
19323
18488
17615
16737
16873
16977
17054
16891
16809
16831
16726
16616
16333
16321
16418
16488
16480
16394
16353
16369
16357
16301
16276
16263
16212
15960
15912
15897
15862
15838
15802
15821
15756
15673
15637
15521
15412
15329
15310
15279
15247
15267
15238
15216
15202
15130
15043
15258
16155
16965
17840
18720
19497
20071
20874
21550
22061
23299
24375
25572
26664
28110
29303
29886
13596
12708
11954
10986
10056
9186
8388
7509
7467
7194
6890
6746
6309
6168
6108
6066
6076
6020
5767
5679
5662
5597
5514
5429
5278
5272
5212
5193
5201
5185
5233
5147
5015
4805
4723
4650
4492
4458
4430
4356
4333
4312
4269
4275
4114
3942
3921
3854
3680
3464
3279
3249
3217
3172
3074
3033
2991
2970
2942
2921
2878
2832
2776
2737
2710
2683
2664
2571
2543
2462
2396
2398
2275
2274
2267
2313
3167
4519
1618
1619
1296
1170
1078
1018
960
893
1784
2487
2855
3331
3750
4107
3588
3054
2486
2424
2398
2431
2382
2237
2139
2099
2051
2016
1915
1895
1872
1835
1786
1726
1750
1829
1695
1425
1093
1079
1219
1108
1210
1262
1183
1037
1099
1103
1139
1556
1328
1418
1235
1102
1405
1275
1130
1049
989
1080
1005
1022
1002
972
1423
1608
1535
1366
1366
1346
1353
1317
928
938
932
980
947
850
907
847
811
1253
1311
1303
1342
1604
1335
1324
1119
984
968
1027
1029
908
953
843
910
941
962
1278
1302
1340
1343
1531
1368
1297
984
1251
1618
2517
3502
4238
5014
5697
6464
7241
7634
8097
8644
9124
9192
8625
8147
7765
7625
7583
7566
7515
7417
7311
7221
7025
6864
6624
5754
5138
4550
3790
3077
2201
1505
1436
1000
861
1133
1418
1489
1525
1623
1686
1733
1818
1885
1978
2069
2106
1987
1886
1838
1727
1865
1959
2094
2205
2243
2302
2397
2359
2357
2485
2606
2660
2743
2789
2887
2952
3335
4355
4946
5019
5074
5083
5160
5263
5356
5437
5528
5616
5692
5821
5916
5984
6023
6081
6180
6236
6304
6354
6434
6525
6610
6702
6794
6887
6942
6985
7098
7112
7161
7157
7214
7253
7270
7330
7388
7452
7534
7608
7687
7757
7803
7873
7936
7990
8048
8138
8202
8266
8327
8390
8439
8539
8630
8823
8870
8927
9010
9114
9149
9238
9360
9469
9524
9608
9696
9763
9874
9936
10007
10074
10169
10253
10379
10477
10560
10624
10647
10746
10867
10983
11056
11042
11096
11228
11326
11408
11497
11580
11623
11672
11770
11884
11935
12011
12088
12188
12306
12390
12487
12569
12709
12730
12788
12880
12939
13008
13091
13142
12997
13009
13052
13126
13201
13256
13205
13278
13329
13384
13453
13459
13479
13487
13536
13101
13039
12662
12594
12126
11369
10535
9769
8961
8264
7833
7874
7904
7979
8001
8009
8074
8169
8289
8324
8786
9845
10927
11903
13006
13173
13262
13285
13296
13439
13561
13564
13563
13614
13719
13773
13310
12776
12333
11785
11163
10647
10036
9372
8564
7726
7360
7042
6726
6512
6242
6102
5863
5518
4812
4169
3482
2847
2280
1650
1487
1419
1519
1430
1475
1324
1742
2840
3898
4956
6042
7146
8249
8450
8605
8743
8865
8992
9143
9159
9241
9285
9379
9498
9624
9759
10757
11909
13005
14098
14611
14706
14777
14839
14912
14998
15064
15095
15154
15178
15228
15227
15191
15161
15120
14988
15059
15112
15242
15329
15424
15475
15638
15787
15852
15143
14468
13929
13427
12865
12314
11784
11253
10541
9945
9321
9032
8787
8529
8358
8244
8143
7998
7839
7686
7512
7224
6698
6115
5450
4831
4227
3930
3810
3700
3618
3480
3379
3189
3026
2891
2750
2613
2464
2329
1691
1700
1490
1448
1471
1468
1370
1599
1924
2139
2615
2154
2262
2435
2523
2576
2632
2684
2695
2792
2939
3554
4547
5623
6675
7719
8654
8775
8892
9085
9214
9330
9410
9492
9575
9726
9825
9912
10001
10106
10191
10778
11927
13356
14391
15495
16698
17749
18783
19128
19244
19322
19437
19537
19568
19640
19698
19757
19833
19922
19985
20043
20087
20170
20322
20494
21672
22559
22720
22875
22906
23036
23166
23287
23438
23570
23658
23658
23606
23605
24656
25651
26726
27764
28857
29840
30912
31164
31230
31308
31412
31493
31595
31642
31697
31767
31853
31878
31866
31933
31969
32019
32110
32183
32248
32293
32400
32478
32564
32804
32974
32975
33068
33153
33195
33255
33316
33424
33524
33623
33705
33831
33900
34047
34188
34296
34251
34256
34293
34292
34286
34254
34280
34408
34570
34656
34716
34781
34792
34887
35003
35124
35216
35348
35425
35585
35750
36220
37020
37984
38957
39893
41442
43066
43713
43924
44140
44233
44459
44703
44921
45133
45357
45589
45789
45932
46217
46454
46681
46916
47166
47404
47640
47854
48051
48258
48488
48714
48877
49045
48943
49063
49180
49335
49495
49733
49936
49389
49469
49566
49716
49907
50010
50218
49696
49738
49709
49562
49076
48497
47917
47378
46722
45994
45179
44384
44401
44454
44566
44507
44569
44558
44583
44674
44704
44621
44582
44601
44604
44622
44631
44651
44605
44584
44592
44581
44604
44417
44102
43917
43711
43469
43264
43076
42885
42693
42461
42221
42046
41849
41645
41423
41190
41038
40874
40676
40588
40336
40168
40012
39826
39644
39497
39343
39162
38969
38914
38728
38574
38371
38237
38126
37983
37826
37614
37440
37199
37016
36816
36619
36455
36316
36142
35963
35796
35605
35426
35186
34378
33619
32891
32148
31220
30448
29790
29852
29898
30016
30093
30201
30315
30394
30464
30488
30600
30664
30734
30795
30863
30864
30912
31017
31081
31165
31181
31176
31278
31423
31567
31678
31772
31828
31960
32026
32090
32150
32217
32303
32376
32480
32562
32643
32723
32831
32915
32942
32995
33048
32938
32871
32725
32612
32502
32457
32545
32551
32459
32375
32455
32529
32598
32657
32769
32913
32992
32875
32881
32783
32714
32793
32862
32965
32966
33001
33078
33125
33192
33277
33335
33368
33408
33481
33533
33592
33648
33567
33478
33501
33563
33625
33679
33725
33818
