4996
5203
5325
5272
4505
3962
3734
3570
3089
2628
2189
1787
1424
957
1115
1136
1375
1347
1239
1361
1085
1047
1060
1149
1375
1192
1353
2276
3642
3719
3829
3988
3760
3751
3884
4034
4178
4332
4422
4505
5185
6249
6542
6618
6657
6711
6785
6866
6982
7062
7153
7210
7259
7311
7399
7501
7548
7623
7711
7793
7877
7942
8002
8099
8192
8287
8132
8189
7294
7151
7029
7042
7079
6631
6686
6227
5790
4911
4075
3241
2465
1877
1501
1677
1838
1944
2077
2170
2292
2352
2402
2488
2577
2650
2734
2789
2868
2977
3090
3197
3286
3384
3444
3547
3607
3725
3879
3955
4070
3571
3670
3642
3580
3597
3066
3059
2990
2870
2735
2769
2841
1820
1499
1734
1995
2199
2385
2843
3151
3066
2643
2132
1858
1894
1945
2006
2066
2041
2002
1975
1870
1480
1177
1154
1238
1312
1347
1377
1528
1288
1266
1320
1276
1360
1293
1248
1427
1460
1381
1310
1247
1250
1090
1041
1080
1090
1040
992
1176
1090
1046
1038
1143
1154
1247
1317
1231
999
1071
1088
1059
1296
1186
1139
1119
1154
1180
1158
1332
1069
1059
1065
1049
1251
1061
1146
1244
1058
1165
1296
1272
1273
1053
1214
1127
1013
955
981
1021
1373
1107
1233
1321
1187
1076
1082
1077
1006
964
938
944
1100
989
1197
1190
1054
1053
1022
1044
1045
1036
958
941
962
984
999
993
1205
1166
1161
1098
1085
1074
1021
998
988
972
979
2161
1864
2766
3595
4402
5076
5914
6751
7547
8343
8518
8057
7563
7006
6469
5898
5582
5499
5328
5222
5196
4955
4737
4548
4358
4134
3952
3179
2523
1855
1330
1284
1289
1315
1346
1552
926
975
995
912
873
884
940
945
956
947
1007
1308
1304
1301
1525
1565
1352
1041
958
1108
1164
1025
841
881
873
909
994
938
1163
1324
1303
1291
1493
1389
1328
1019
976
878
875
851
851
903
971
1036
1101
1098
1288
1295
1367
1411
1259
1328
1474
900
1042
1260
1391
1337
1728
2585
3497
4375
5301
5402
5432
5420
5013
4358
3501
2764
2037
1445
953
907
917
982
1025
953
922
839
868
1244
1398
1413
1287
1351
1355
1340
1042
1275
1420
2072
2886
3755
4545
5158
5058
4938
4783
4257
3568
2853
2161
1593
1314
891
938
806
849
902
965
1037
1089
1053
974
876
1420
1325
1352
1301
1324
1400
1404
1311
1302
1290
1280
1472
2137
3164
4109
4966
4868
4172
3488
2736
2075
1679
1011
961
1213
1618
2672
3739
4363
4508
4637
4720
4832
4911
4993
5092
5163
5244
5329
5424
5450
5518
5592
5691
5797
5869
5944
5995
6088
6147
6249
6312
6392
6555
6707
6849
6915
7027
7045
7117
7120
7197
7287
7322
7403
7484
7570
7682
7768
7850
7910
7997
8070
8148
8231
8308
8393
8427
8509
8604
8684
8769
8846
8951
9028
9089
9047
9124
9190
9276
9345
9376
9470
9543
9613
9654
9711
9746
9813
9886
9960
10081
10153
10235
10318
10398
10473
10597
10666
10762
10815
10894
10941
10991
11026
11055
11111
11149
11245
11343
11414
11497
11606
11730
11839
11950
12055
12109
12179
12270
12366
12464
12538
12598
12682
12823
12857
12935
13010
13093
13145
13357
13512
13575
13668
13757
13852
13927
14881
15953
16910
17930
18638
18740
18799
18869
18959
19060
19142
19215
19280
19408
19500
19633
19697
19781
19827
19891
19947
20018
19993
20047
20134
20214
20283
20345
20434
20537
20625
20709
20768
20860
20920
20962
21027
21127
21208
21291
21352
21405
21488
21598
21733
21781
21714
21737
21768
21827
21898
21439
21470
20693
20164
19620
19073
18489
17672
17296
16888
16284
15723
15217
14573
14093
13704
13298
12852
11994
11503
11274
11141
11025
10885
10676
10511
10385
7941
7344
6709
6184
5745
5115
4528
4071
3623
3131
2396
2193
2050
1906
1789
1638
1504
1298
1148
1043
905
936
1290
1285
1291
1370
1553
1406
1428
959
943
1051
1003
881
870
866
981
1033
1365
1250
1376
1354
1369
1402
1379
957
942
969
966
958
1305
1174
1516
1471
1415
1323
1364
1585
1725
2215
2628
2825
3395
4023
4979
4950
4320
4335
4063
3841
3623
3442
3264
2611
2050
1427
1321
1364
1549
1008
1060
1144
1066
945
894
886
967
1087
1390
1322
1488
1368
1307
1354
1318
941
1118
1270
1156
1022
897
881
1015
890
996
915
886
1090
1283
1297
1323
1298
1239
1125
1543
1640
1908
2023
2137
2405
2561
2632
2642
2634
2705
2784
2934
3044
3197
3289
3381
3499
3618
3754
3879
3991
4136
4266
4403
4563
4558
4644
4549
4564
4467
4105
3784
3454
3125
2774
2438
2082
1729
1328
1299
969
1104
1240
1216
1270
1201
1179
8666
3978
1505
1649
1950
2515
2945
2974
2192
1521
1195
1051
927
906
888
881
910
770
869
1071
1073
1007
1133
1321
1388
1235
1189
1344
924
929
1107
1276
1295
1234
1183
1087
1245
1210
1063
1083
1115
1069
1047
1050
1114
1092
906
893
918
820
823
938
830
950
1054
1164
1012
728
864
1022
1057
1074
1094
1094
1098
1097
1102
1131
1145
1170
1140
1127
1158
1165
1090
1062
1029
1033
1055
1085
1001
1017
994
1041
1092
1139
1200
1244
1231
1259
1287
1334
1372
1394
1395
1395
1473
1547
1488
1515
1660
1674
1619
1617
1633
1645
1692
1694
1743
1747
1742
1727
1754
1756
1767
1763
1764
1773
1789
1852
1899
1911
1737
1700
1707
1735
1785
1785
1822
1807
1814
1823
1799
1715
1702
1707
1721
1732
1669
879
911
933
1037
900
886
888
989
1023
936
907
915
903
900
903
905
911
900
902
872
899
913
978
975
885
900
868
3251
1006
1051
1050
1036
3361
1794
3779
1713
2444
1132
1793
2817
1599
3539
1223
1193
1085
1014
1008
1016
1043
1174
1806
2212
1961
1478
1448
1487
1465
1492
1547
1727
2844
3951
5111
5617
5701
5843
5961
6136
6282
6412
6514
6597
6717
