5181
5259
5316
5386
5420
5452
5467
5482
3288
7009
663
1480
790
510
706
993
840
818
548
774
580
898
590
857
819
734
3388
821
661
590
698
1595
855
938
638
592
602
891
571
572
1241
691
613
682
651
695
767
715
726
715
740
763
814
937
933
955
980
638
620
656
694
1259
658
604
687
783
820
547
623
657
750
809
912
943
984
1044
1103
1020
1045
1100
1176
1182
1243
1348
1422
1458
1567
1587
1607
1661
1704
1799
1876
1965
1890
1929
1960
1979
2029
2061
2127
2162
2210
2253
2277
2293
2356
2434
2453
2548
2627
2694
2759
2801
2797
2835
2875
2925
3011
3090
3147
3218
3214
3232
3247
3285
3351
3436
3480
3512
3556
3593
3616
3652
3656
3701
3716
3785
3776
3820
3835
3840
3862
3889
3894
3922
3947
3966
3985
3977
4023
4058
4097
4143
4050
4075
4074
4080
4094
4103
4125
4218
4243
4295
4321
4343
4400
4450
4533
4579
4567
4593
4623
4607
4598
4604
4605
4642
4685
4726
4759
4779
4807
4804
4807
4824
4868
4859
4902
4917
4961
5006
5054
5117
5186
5243
5339
5440
5462
5507
5144
5011
5008
5008
5008
5044
5064
5081
5094
5119
5148
5173
5219
5236
5287
5330
5364
5409
5444
5446
5476
5509
5541
5594
5660
5741
5775
5805
5834
5788
5849
5905
5975
6002
6041
6054
6078
6129
6196
6213
6258
6312
6320
6359
6406
6457
6402
6444
6402
6473
6517
6015
6013
5778
5817
5582
5583
5614
5137
5145
5221
5260
5257
4819
4861
4596
4648
4377
4454
4458
4057
4083
4069
4121
4154
3651
3618
3391
3442
3210
3236
3313
2626
2716
2152
2149
2181
2163
2186
1753
1820
1830
1879
1924
1448
1465
1105
1097
1120
1090
1109
745
746
649
678
807
566
955
566
568
630
577
827
620
640
532
572
1088
617
1070
602
615
650
598
858
596
622
536
581
990
609
648
579
616
814
593
997
616
681
737
704
985
612
648
690
713
1019
590
903
604
622
653
688
962
581
612
533
563
795
624
1021
618
651
698
732
962
609
624
513
587
961
570
573
589
635
993
610
819
606
631
544
607
943
590
605
648
685
1020
616
946
603
622
630
612
896
573
565
556
622
828
601
1018
634
661
677
622
776
600
610
555
584
816
586
951
632
633
685
678
889
599
639
561
629
821
585
1064
570
617
699
662
982
583
620
537
577
825
579
952
590
584
603
590
843
591
599
493
532
1009
601
616
649
679
971
613
782
603
636
539
589
907
618
610
656
684
964
593
824
595
601
557
590
767
577
846
617
663
558
593
781
630
951
590
645
721
622
789
609
603
545
583
815
587
1061
564
580
577
589
875
579
652
497
575
811
616
917
632
686
532
577
825
650
957
594
595
637
682
905
604
637
673
725
1028
582
798
611
670
517
568
810
599
843
588
622
547
595
773
583
917
586
618
537
576
773
580
974
604
632
659
710
794
592
1027
616
629
677
706
962
609
614
636
660
964
602
793
601
633
691
752
864
612
1066
598
634
694
759
1000
611
859
594
638
666
715
984
615
868
587
579
605
662
923
620
843
594
629
536
583
854
619
970
600
610
663
726
985
619
706
655
687
1004
577
785
610
606
553
569
767
617
1074
589
591
631
561
820
579
608
520
612
832
568
1017
610
656
675
686
1032
616
656
708
726
980
582
790
593
630
545
596
774
576
1027
586
595
605
622
901
584
584
616
658
917
594
796
647
670
533
585
882
619
1032
621
615
609
629
902
601
650
672
685
959
599
790
587
630
541
617
797
583
986
645
636
671
687
839
611
993
592
615
641
673
935
565
600
655
673
917
591
786
603
655
584
617
810
591
807
622
659
568
596
907
564
579
639
662
925
590
747
599
611
564
606
795
589
833
602
662
551
575
794
602
950
647
634
657
693
980
606
628
686
671
858
621
966
612
650
581
607
769
603
805
582
604
525
556
841
610
936
617
626
647
682
953
603
621
681
669
922
574
802
574
647
629
670
963
591
908
581
590
648
575
917
576
617
723
587
864
575
635
504
581
978
556
592
512
568
933
644
693
701
700
944
581
1013
595
610
642
622
832
605
622
584
579
860
549
583
642
673
1004
544
921
571
618
681
609
799
592
604
532
573
933
555
620
523
581
1001
595
598
603
616
915
584
919
574
601
628
627
948
547
597
528
598
807
566
952
574
633
654
572
785
592
650
510
587
814
565
1039
579
635
775
599
779
546
617
492
548
990
557
620
617
625
948
644
866
621
696
516
587
844
611
975
628
678
1580
1043
858
831
2041
897
1026
832
769
789
757
745
761
742
1166
773
767
743
750
641
750
769
733
719
734
765
718
729
732
745
761
745
737
732
821
1253
1498
1522
1817
1240
1552
2469
3093
3690
4557
5186
6108
6707
6742
6756
6767
6792
6847
6875
7714
8220
9288
10049
10708
11574
12509
9263
9365
9934
10661
11262
11837
12579
13052
13862
14501
15102
15946
16560
17392
17899
18693
19194
19743
20569
21105
21902
22725
23296
23834
24491
25024
25597
26383
26412
26361
26369
26383
26418
26452
26485
26507
26498
26511
26431
