5882
5945
6339
6409
6451
6496
6552
6572
6695
4184
4156
1556
1356
1305
1291
1298
1318
1201
1097
995
906
821
713
641
582
536
862
1309
1248
846
1206
1261
1443
1670
1564
1618
1389
790
870
830
868
1008
1522
998
5268
1072
1064
1162
1991
630
640
704
741
793
831
899
938
976
1054
1067
1043
1071
1143
1118
1182
1270
1236
1242
1284
1282
1018
956
1483
607
877
975
604
756
775
858
909
987
1051
1090
1374
1477
1534
1561
1626
1628
1635
1666
1739
1799
1889
2017
2043
2141
2191
2206
2243
2318
2374
1836
1933
1898
1890
1971
1931
1915
1888
1923
1990
2056
2236
2279
2333
2405
2442
2480
2529
2612
2622
2630
2653
2679
2731
2761
2783
2816
2843
2892
2986
3052
3075
3154
3248
3339
3319
3357
3405
3435
3462
3492
3515
3555
3573
3662
3719
3810
3899
3987
4033
4070
4091
4103
4135
4192
4289
4347
4371
4391
4416
4450
4483
4524
4580
4489
4508
4164
4188
3846
3810
3598
3635
3639
3410
3418
2903
2897
2887
2895
2890
2476
2450
2385
2385
2399
1913
1970
1642
1657
1402
1424
1449
1143
1167
690
729
752
734
1068
599
691
611
645
873
589
1026
593
653
543
559
827
561
1023
580
592
613
604
1003
563
613
585
614
1017
577
802
601
642
573
603
1026
587
897
598
602
529
589
823
596
1114
588
616
630
634
817
582
1033
574
599
615
623
1036
581
601
661
729
1066
624
852
601
642
595
641
1055
631
838
610
639
544
604
899
635
1011
592
614
633
664
1024
598
635
574
632
1051
599
850
591
630
542
615
1097
595
981
566
577
600
627
968
604
1289
603
654
764
631
893
597
1029
595
672
705
673
1099
573
650
554
623
1050
635
848
594
670
558
601
831
598
1042
605
674
715
680
1051
598
693
755
685
958
607
842
599
650
541
620
993
648
979
618
656
524
613
855
616
1104
620
688
719
695
1009
603
635
600
654
941
598
1110
615
662
648
676
1053
624
890
582
590
569
565
806
569
1036
586
595
614
625
1097
618
632
633
666
850
622
1067
596
616
627
645
1117
592
959
613
648
725
630
1012
594
639
647
647
1111
643
664
544
587
1272
976
1611
2563
2505
2538
2515
2440
7380
974
843
1477
828
801
779
796
791
763
745
780
789
617
610
677
741
798
855
904
928
836
889
969
1006
1053
1135
1216
1258
1308
1354
1398
1419
1458
1544
1667
1675
1691
1741
1764
1792
1831
1894
1952
2008
2087
2066
2066
2119
2190
2281
2355
2463
2510
2538
2563
2615
2722
2791
2875
2931
2972
3005
3051
3101
3147
3219
3286
3355
3382
3431
3437
3489
3506
3554
3635
3707
3757
3809
3833
3884
3948
3968
4059
4092
4128
4176
4268
4329
4393
4102
4120
3592
3652
3642
3581
3613
3061
3047
2858
2841
2863
2583
2603
2100
2134
2144
1851
1877
1476
1500
1503
1408
1416
912
917
757
774
1062
581
584
616
652
1010
615
828
582
603
561
615
981
573
621
562
580
1054
613
989
610
655
688
621
1110
631
640
655
679
1025
589
864
601
615
562
616
988
599
634
670
684
1033
601
989
596
622
636
631
1028
586
645
550
579
962
576
588
587
596
1001
593
963
590
621
612
619
1043
611
650
627
661
1058
601
996
615
789
840
798
1048
587
627
521
572
989
594
627
591
634
1060
588
988
610
613
637
662
1124
599
614
495
547
1048
606
649
553
657
1131
589
993
591
638
669
662
1080
633
650
493
543
870
593
1112
572
562
706
614
847
611
661
555
587
853
596
1036
608
625
729
600
837
555
603
507
573
1009
655
614
596
657
1049
584
981
622
686
718
683
1045
602
625
651
710
1039
614
1020
601
610
655
646
1065
626
632
668
741
1078
619
842
590
648
555
614
1020
605
650
669
684
1094
588
790
565
633
525
589
1028
571
626
553
601
1069
602
988
622
674
735
693
1094
616
644
504
565
871
583
1109
626
663
716
557
1053
584
615
636
625
1048
600
604
532
573
836
599
1155
606
660
865
612
771
620
611
528
576
1003
566
586
563
620
1043
614
820
630
709
515
598
1009
589
639
606
597
1067
607
819
586
659
528
588
852
564
1026
599
650
710
607
865
603
641
573
593
814
574
1059
601
642
634
682
1034
613
654
655
719
1005
599
981
645
693
754
679
1001
585
604
595
674
1042
581
877
568
644
532
597
974
597
606
584
591
1084
613
786
574
607
548
580
811
581
1024
568
594
739
559
853
582
593
514
574
850
587
3253
1130
2021
1427
2176
1396
2120
1499
20867
1018
1178
893
663
574
702
773
1433
610
586
620
638
647
667
757
736
812
866
924
1102
1084
1041
1116
1144
1190
1198
1230
1250
1249
1312
1400
1444
1490
1445
1517
1547
1617
1679
1722
1738
1738
1742
1749
1776
1819
1871
1949
2012
2088
2144
2209
2282
2334
2367
2422
2465
2493
2526
2562
2573
2583
2618
2630
2669
2714
2745
2788
2872
2919
2961
3014
3030
3098
3057
3057
3106
3142
3170
3224
3268
3308
3314
3316
3313
3329
3354
3378
3384
3427
3418
3445
3467
3456
3489
3522
3559
3638
3619
3666
3719
3744
3754
3751
3770
3785
3807
3848
3865
3935
3998
4033
4051
4089
4084
4099
4109
4135
4197
4276
4288
4314
4346
4399
4442
4503
4556
