2739
2827
1160
1072
1103
1099
1111
1253
3437
4025
2036
583
581
597
725
1907
580
803
1379
686
2595
1011
1943
1262
1149
2025
661
689
709
739
773
806
841
896
938
965
1080
774
637
657
700
713
711
734
722
741
769
789
824
859
901
809
870
917
983
1024
1104
1140
1173
1228
1311
1070
1083
1148
877
871
825
911
597
620
632
675
729
719
754
771
806
829
886
934
947
973
1032
1060
1092
1109
1127
1169
1209
1241
1259
1288
1349
1430
1494
1551
1622
1689
1669
1706
1704
1713
1775
1797
1831
1851
1883
1937
1970
2018
2019
2032
2072
2077
2074
2104
2162
2174
2233
2313
2355
2389
2456
2499
2564
2597
2666
2729
2810
2846
2891
2913
2972
3003
3018
3054
3061
3095
3145
3164
3214
3258
3283
3313
3349
3372
3435
3476
3511
3560
3598
3644
3681
3715
3785
3855
3961
4021
4047
4100
4121
4147
4158
4188
4217
4236
4271
4299
4354
4438
4499
4587
4643
4690
4748
4826
4931
4978
5018
5077
5133
5189
5225
5274
5303
5364
5376
5374
5385
5400
5408
5471
5494
5528
5542
5598
5654
5680
5730
5775
5799
5800
5810
5828
5844
5861
5888
5917
5930
5925
5909
5914
5919
5946
5986
6005
6013
5991
6018
5748
5716
5734
5299
5303
5341
5323
5297
4842
4847
4491
4493
4473
4436
4446
4034
4043
4064
4118
4128
3651
3627
3229
3271
3302
3282
3320
2831
2895
2844
2889
2906
2419
2467
2070
2068
2069
2114
2146
1664
1667
1693
1741
1791
1336
1337
1091
1090
909
923
928
685
980
626
687
773
581
811
601
628
560
609
801
595
1009
598
633
700
609
820
624
656
578
632
826
628
986
579
601
672
602
830
618
648
551
583
924
613
660
681
706
1029
619
882
597
602
563
574
795
600
975
596
586
625
568
798
577
618
539
596
956
598
630
680
680
983
598
947
612
662
682
708
971
592
622
563
609
849
619
990
609
612
718
604
815
609
634
530
612
960
596
636
505
600
1252
621
908
570
598
707
603
828
627
689
539
600
985
595
618
501
608
1026
614
878
604
638
526
576
959
679
687
682
682
982
609
894
607
610
527
548
790
579
1058
622
623
637
628
874
584
644
629
660
1047
589
949
605
606
639
660
983
573
620
659
699
998
562
837
589
636
540
593
817
600
1035
623
631
638
634
826
604
1039
596
645
654
624
1023
613
666
644
668
948
579
876
587
652
573
588
826
610
997
633
663
705
719
950
599
621
670
702
885
605
985
648
703
713
752
988
603
829
622
672
557
585
786
619
824
625
691
665
690
958
611
869
609
654
661
689
1003
620
822
613
651
569
587
804
614
855
573
614
543
587
843
604
996
592
603
625
651
947
579
615
628
702
884
635
1036
560
615
688
710
959
600
817
574
626
518
605
945
600
871
601
626
520
623
956
577
633
573
653
1020
999
1278
1759
2010
2216
2369
2534
2184
2281
2152
2333
2319
2312
2536
2476
2682
2425
2431
2773
2827
2918
2572
2685
2783
2864
3153
2715
2838
2667
2792
2622
2640
2839
2652
2769
2426
2422
2729
2953
3330
2826
3231
3181
3352
3473
3127
3370
3206
3294
3068
3160
3274
3218
3286
2768
2870
3180
3307
3505
3135
3222
3281
3395
3590
3430
3372
3279
3471
3563
3723
3975
3570
3578
3637
3603
3758
3841
3945
3829
3922
3825
3981
3885
4014
4077
3884
4080
3844
3831
3877
4002
4122
3928
4035
3799
3929
4235
4200
4428
4065
4231
4420
4399
4616
4119
4248
4126
4227
4110
4210
4441
4169
4567
4216
4481
4460
4675
4813
4398
4595
4740
4853
4921
4564
4638
4384
4755
4822
4938
4926
4754
4837
4614
4810
4830
4841
5024
4610
4821
5053
5234
5223
4976
4952
4877
5130
5160
5214
5284
5230
5233
5020
5181
5283
5440
5645
5394
5635
5279
5238
5655
5683
6070
5740
5826
5882
6068
6168
5847
5866
5599
5614
5368
5434
5711
5585
5631
3145
2875
5574
1874
974
983
1290
1343
1453
1722
1938
2311
2706
3117
3318
3772
3979
4225
4667
5081
5328
5425
5680
5820
5690
5982
6218
6606
6875
7232
7365
7296
7549
7899
8241
8662
8831
9063
9339
9427
9629
9844
9995
10112
10582
10719
10954
11012
11293
11533
11690
12080
12447
12677
12997
12563
12851
12878
13112
13410
13553
13597
13675
14080
14296
14478
14484
14635
14704
14824
15008
15183
15619
15618
16022
16235
16433
16632
16849
16892
17077
16799
16972
16957
16960
16740
16621
16732
17113
17499
17603
17380
17262
17082
17294
17244
17452
17639
17459
17544
17242
17527
17705
17753
17717
17858
18112
18330
18148
18154
17356
17066
17427
17582
17939
17945
18155
18542
18781
18810
18726
18917
18941
18992
18959
19147
19120
18866
18970
19013
18988
19008
18489
18502
18446
18455
18406
17731
17675
17287
17574
17641
17716
17765
17274
17228
17061
17055
17329
17876
17867
17782
17773
17766
17348
17322
16826
16779
16779
11099
8686
7778
16078
7245
7855
8220
1275
6916
966
1298
1249
727
2066
628
601
537
864
809
2341
655
583
595
587
643
673
613
559
576
613
613
621
622
617
627
676
701
730
740
737
756
741
787
813
835
841
837
868
1856
738
683
712
796
851
941
792
777
781
770
779
808
827
834
847
851
936
1003
1067
1166
1197
1223
1281
1313
1332
1433
1444
1490
1049
625
617
659
704
769
797
859
950
780
759
775
797
834
862
850
882
913
959
990
1038
1092
1104
1119
1176
1230
1306
1374
1510
1526
1533
7912
1432
841
666
603
571
560
