6600
6679
6782
6880
6880
6925
6998
7022
7070
7094
6584
4663
1351
912
1279
1300
7810
1950
7778
3438
3199
1005
1115
614
559
799
730
819
927
817
1980
561
564
548
513
528
3487
952
794
794
594
608
1275
670
791
710
755
765
824
869
938
1017
1064
1899
1963
2011
1930
1974
2013
2064
2078
2122
2144
2128
2185
2068
2083
2078
2160
2232
2274
2327
2363
2431
2486
2430
2458
2472
2517
2613
2691
2794
2257
2307
2324
2315
2333
2408
2438
2498
2560
2628
2755
2754
2786
2805
2838
2654
2759
2854
2924
2995
3072
3086
3092
3093
3104
3112
3127
3156
3183
3249
3301
3379
3390
3432
3459
3567
3609
3683
3776
3827
3873
3916
3876
3902
3924
3985
4027
4107
4007
4078
4108
4115
4127
4180
4233
4248
4355
4340
4359
4334
4313
4287
4304
4304
4345
4374
4436
4487
4510
4501
4534
4564
4549
4544
4573
4587
4581
4576
4564
4614
4648
4667
4682
4705
4715
4826
4855
4919
4980
5038
5075
5098
5195
5287
5356
5405
5418
5473
5497
5541
5615
5704
5749
5809
5860
5883
5913
5964
6077
6164
6229
6288
6332
6355
6397
6435
6462
6520
6575
6664
6687
6660
6629
6629
6638
6639
6682
6679
6733
6727
6723
6783
6820
6896
6946
7016
7070
6876
6873
6892
6812
6819
6287
6325
6157
6149
6124
5910
5929
5570
5615
5689
5658
5672
5236
5270
5090
5062
5031
4748
4739
4316
4312
4308
4156
4156
3949
4025
3877
3880
3888
3643
3635
3254
3204
3160
3139
3152
2782
2823
2871
2884
2946
2528
2532
2351
2342
2174
2148
2116
1954
2006
1559
1575
1544
1548
1666
1077
625
669
750
865
950
1031
599
657
670
683
993
631
703
737
785
1003
575
809
614
662
555
577
783
637
885
572
672
520
587
951
580
628
647
696
979
615
800
616
660
566
596
945
586
604
629
658
859
619
967
607
654
552
615
803
571
998
577
586
639
593
825
593
619
548
591
822
557
830
584
615
623
667
979
604
759
601
586
633
697
922
605
818
573
588
617
691
957
613
836
566
591
606
636
903
612
882
558
616
635
701
986
616
802
619
690
501
600
804
575
1028
616
622
673
744
854
592
905
623
662
505
562
837
585
1045
601
633
707
746
774
586
870
632
668
545
596
789
598
1024
609
679
742
697
865
624
979
606
643
681
742
1013
603
628
643
673
766
613
892
588
922
583
616
637
683
818
590
953
614
642
702
746
1033
587
674
661
681
905
611
1000
612
679
559
613
849
592
849
608
627
606
622
803
598
814
602
626
552
572
788
594
836
602
660
543
615
811
601
837
636
716
567
611
780
638
865
649
677
570
617
791
620
913
624
660
534
573
788
642
902
608
649
532
582
841
588
969
622
665
534
558
794
599
969
605
645
667
715
987
602
652
673
700
894
618
988
585
625
636
641
873
580
769
576
630
521
584
845
585
974
605
622
666
695
1003
603
655
690
741
853
586
999
573
596
610
603
761
577
952
580
593
614
645
938
592
866
632
640
704
771
986
606
950
621
673
705
730
929
611
780
610
628
554
613
801
613
869
603
624
681
712
974
624
788
647
719
733
748
849
599
992
579
627
526
592
839
595
873
646
687
486
580
1175
600
970
623
660
546
595
817
618
897
612
658
567
584
809
605
894
618
656
702
759
1079
637
871
608
674
675
717
1005
603
796
571
597
583
646
828
584
1029
554
580
611
649
967
596
805
590
635
548
554
781
593
797
593
652
577
590
980
616
903
605
619
663
692
982
589
662
517
595
845
786
792
618
646
697
751
994
598
666
550
616
786
617
988
591
640
717
632
964
584
622
532
599
955
602
672
644
670
1071
625
945
609
654
703
731
1043
598
637
561
578
938
587
607
625
684
946
576
987
582
582
604
670
1002
605
667
521
566
832
602
992
656
667
694
725
1029
629
641
701
725
994
614
817
607
646
554
576
797
568
946
646
713
701
636
979
613
642
704
720
999
599
809
595
636
525
593
846
610
1090
618
682
710
702
937
624
666
699
734
1023
624
790
580
620
572
624
810
592
870
631
710
539
589
932
603
627
680
744
892
616
1075
612
680
545
613
937
569
947
580
634
673
629
1006
600
614
650
691
1151
603
994
606
626
643
642
954
574
613
634
689
922
599
843
582
623
573
620
816
588
1001
615
668
693
719
953
578
617
536
589
1166
1095
1117
530
920
1355
1186
1317
1396
1528
1504
929
1282
1312
883
902
1137
948
927
947
908
901
885
876
850
896
932
891
894
931
913
943
699
886
772
750
757
755
787
826
695
786
627
704
572
608
673
770
1041
661
513
532
498
592
584
537
527
862
909
928
889
892
828
658
690
583
750
891
898
889
782
808
739
661
631
519
507
522
492
514
520
557
507
544
563
838
906
958
871
946
974
854
859
886
771
832
687
588
589
604
632
512
564
859
901
934
824
855
823
758
758
750
779
654
683
706
637
520
851
899
929
876
908
810
722
660
606
1128
501
601
605
645
675
684
627
720
