5329
5389
5443
5475
5557
5587
5599
5619
3823
3364
3475
8612
5753
5496
5499
5432
5445
5454
5440
5385
5283
5186
5079
5276
5169
5078
4956
4861
4774
4681
4580
7813
7720
7616
7519
7424
7325
7249
7153
7067
6954
6873
6679
6610
6570
6510
6459
6385
6836
6913
6769
6650
6435
6300
6566
6580
6577
6576
5568
1737
1733
1812
1058
1025
1053
1070
1076
1111
1135
677
674
659
728
748
764
799
829
787
1558
632
889
627
663
632
677
738
773
790
742
746
779
785
816
869
932
967
995
596
630
638
692
724
733
740
759
730
807
809
700
768
839
926
998
1005
1039
1147
1201
1177
1121
1129
1152
1145
1200
1246
1265
1338
1368
1408
1411
1448
1464
1543
1562
1589
1614
1626
1656
1699
1811
1890
1950
1993
1989
1989
2004
2044
2133
2229
2284
2334
2352
2396
2420
2470
2492
2556
2607
2660
2695
2761
2848
2908
2954
2999
3045
3093
3138
3178
3223
3273
3320
3379
3447
3496
3479
3521
3573
3642
3683
3726
3782
3841
3876
3886
3919
3937
3959
3981
3982
4024
4052
4074
4088
4113
4140
4163
4175
4189
4239
4246
4245
4250
4278
4301
4378
4420
4498
4455
4437
4438
4241
4260
4182
4201
4245
3722
3681
3185
3180
3156
3156
3158
2755
2746
2588
2609
2624
2150
2157
2089
2146
2176
1636
1583
1185
1193
1197
1185
1201
684
702
536
569
892
643
1035
592
612
729
619
1083
607
663
576
615
940
592
762
589
636
1010
609
1013
582
595
742
586
867
605
650
577
601
952
600
646
602
645
1033
588
1005
600
637
666
616
1017
615
642
524
564
843
604
1102
660
528
569
570
1285
909
924
529
598
1165
613
664
523
617
951
591
1003
577
608
800
594
1024
603
664
707
678
1129
623
644
690
735
1111
609
1026
580
636
711
626
1095
618
652
505
584
1389
1351
1349
1285
1268
1305
845
988
575
554
658
608
1021
597
656
566
607
836
602
1134
593
663
806
600
837
595
630
567
587
814
608
1030
605
664
786
575
1046
573
589
608
632
1056
567
617
497
558
974
599
991
591
629
724
608
854
576
577
561
613
980
590
616
619
651
1110
612
993
597
623
760
579
834
581
598
543
609
848
626
1051
603
628
703
590
825
600
662
578
578
800
613
1062
610
625
724
599
994
619
660
697
694
1090
584
646
546
603
875
596
1025
597
629
746
601
825
603
620
548
606
1014
577
603
626
661
1091
616
812
614
623
555
647
994
605
653
601
634
1044
582
851
615
658
543
610
973
580
622
598
651
1025
626
1006
574
631
697
676
1107
594
620
589
640
843
611
1073
574
573
695
604
1051
585
574
591
603
996
606
620
625
663
1050
608
1032
609
608
632
600
1033
598
654
603
658
1024
592
936
606
686
695
627
1016
587
624
564
577
857
582
995
608
641
704
572
831
604
624
570
609
842
559
1029
572
597
731
589
985
554
613
652
581
1051
595
615
559
582
1002
577
610
572
580
1006
611
949
635
675
720
689
1086
600
620
531
575
1004
583
650
560
609
1061
594
1001
611
601
628
635
953
606
624
549
573
977
609
606
615
628
1015
569
978
577
584
657
649
995
589
621
561
580
812
591
1000
594
596
693
579
1028
567
561
606
590
1028
607
675
507
540
880
613
1005
594
624
645
631
1113
598
634
536
643
873
587
1156
603
592
646
682
1002
585
584
533
575
789
595
1137
620
667
725
684
1032
574
608
562
619
892
598
1064
587
600
714
558
860
571
612
617
647
1019
569
774
594
628
515
569
830
551
1043
612
626
727
604
815
575
632
573
593
995
603
796
624
677
545
633
848
633
1005
609
615
565
628
838
611
1085
574
592
607
614
941
596
622
618
668
907
563
1014
595
618
660
701
928
619
1026
589
585
594
612
929
589
870
593
644
593
602
1024
611
839
609
634
542
625
837
594
924
616
686
532
589
830
618
1045
630
648
682
641
1049
636
724
660
739
1006
620
1011
611
684
662
734
952
642
1005
628
725
692
711
897
631
1040
582
654
584
626
891
610
1042
640
671
732
798
904
616
1113
607
685
629
691
1068
620
933
613
653
611
657
876
603
1034
635
677
705
727
1102
598
841
577
585
558
624
864
592
872
622
646
532
558
860
594
888
597
620
569
571
830
586
888
606
643
549
633
851
595
1043
586
627
655
634
863
576
1103
603
629
722
587
839
601
654
561
622
1110
623
848
605
620
532
630
851
603
900
637
652
560
582
953
570
614
592
658
3073
1348
1326
1775
2539
2057
2018
2073
2101
1439
1428
1456
1454
1452
1443
1384
1274
1172
1072
999
887
812
722
621
530
578
866
1314
1356
867
1964
1970
2023
2040
677
874
718
734
742
730
759
757
708
740
731
711
730
708
745
771
761
751
759
770
809
1467
660
635
670
729
625
612
659
704
725
800
801
851
862
878
819
933
986
1056
1135
1013
1021
1106
1187
1205
1236
1237
1278
1346
1402
1494
1542
1602
1644
1674
1716
1816
1864
1972
2016
2089
2100
2107
2119
2137
2144
2158
2199
2246
2277
2347
2407
2437
2353
2382
2416
2403
2434
2441
2460
