2496
2617
618
835
3244
5355
1261
2220
4907
3897
2413
2358
1317
938
971
739
665
715
756
792
853
909
1027
1108
1129
1396
565
594
699
814
824
835
804
816
912
945
1024
996
750
632
698
707
738
776
829
834
844
877
944
1008
1138
1202
1175
1188
1063
1006
628
737
607
804
584
595
639
678
680
742
759
577
621
674
658
673
686
759
785
849
920
954
1084
1108
1106
1039
1083
1124
1150
1164
1229
1236
1219
1269
1331
1383
1411
1425
1448
1489
1534
1596
1660
1698
1737
1762
1791
1864
1920
2003
2092
2142
2190
2227
2268
2321
2333
2415
2517
2595
2635
2663
2681
2762
2826
2870
2958
3013
3051
3116
3124
3129
3161
3184
3251
3308
3298
3335
3385
3395
3424
3452
3474
3510
3532
3550
3605
3653
3706
3860
3928
3986
4054
4112
4193
4226
4262
4278
4279
4326
4364
4386
4467
4480
4267
4269
3985
4010
3848
3833
3850
3466
3435
3275
3314
3383
3093
3116
2626
2621
2604
2457
2484
2255
2233
2078
2061
2050
1705
1732
1669
1753
1820
1338
1370
1142
1136
955
971
1012
818
1004
607
625
681
730
959
597
621
490
580
853
574
1038
563
563
638
578
905
572
635
678
600
955
590
634
521
594
858
581
914
554
591
708
537
756
579
642
530
616
911
628
922
565
572
666
580
768
591
647
554
586
913
573
589
633
669
961
611
984
608
608
602
608
874
606
617
568
585
797
579
963
577
618
727
548
785
568
646
562
588
752
597
978
594
645
686
742
1032
596
630
590
582
860
580
939
584
606
682
614
808
597
642
541
634
866
593
985
608
610
610
624
856
562
571
562
571
977
577
564
580
580
846
606
825
590
634
545
632
794
607
1020
589
667
711
667
1014
630
713
713
794
1058
617
886
625
654
505
593
952
614
678
641
658
938
599
995
608
590
603
582
919
593
611
623
691
908
602
880
642
668
672
713
1012
568
605
536
616
820
605
968
613
620
638
665
889
613
619
668
741
962
612
827
605
650
518
584
962
613
635
668
712
843
619
990
626
662
540
572
809
593
968
594
617
670
703
1012
599
599
610
631
904
592
950
603
638
679
698
860
598
1038
625
645
657
607
837
609
637
553
611
796
606
973
605
630
656
677
985
608
660
514
579
990
625
640
666
685
940
598
939
647
661
690
719
954
595
628
662
733
1059
614
790
583
618
545
566
879
557
598
620
668
1268
909
946
742
760
582
653
850
598
980
598
640
695
705
957
582
603
575
604
808
604
997
562
568
581
622
893
564
575
494
553
867
564
1004
606
656
679
732
975
597
635
688
721
1782
614
629
664
724
698
717
961
599
593
615
666
966
608
829
616
650
489
543
848
597
972
585
615
650
711
1039
612
633
609
612
756
623
1012
660
606
636
691
916
630
640
676
697
1005
619
826
605
626
540
604
930
621
696
702
731
832
605
1010
645
693
710
751
927
559
916
604
671
744
706
843
622
1064
597
615
661
580
794
589
640
527
611
827
618
947
659
668
697
711
1003
645
667
550
585
799
595
962
592
667
681
688
954
622
685
559
666
753
630
1021
579
645
750
608
807
581
626
537
581
809
599
986
588
663
702
696
1036
602
650
698
705
967
593
789
606
643
526
567
842
620
1000
595
602
618
649
880
586
632
512
554
814
634
951
595
617
636
642
970
601
623
680
721
927
598
842
629
684
554
583
801
658
876
588
643
573
616
928
619
705
657
677
989
599
765
624
669
577
602
918
597
640
653
676
856
611
982
632
666
575
630
807
606
1074
619
655
678
568
795
615
669
534
586
794
593
865
638
702
668
695
936
647
802
614
667
613
696
1008
610
832
620
675
604
665
984
606
878
613
671
645
673
957
598
904
567
577
588
618
947
599
785
617
685
537
603
796
594
1029
629
644
696
771
823
556
857
600
690
544
592
796
590
980
615
649
730
762
815
598
860
614
681
506
592
855
608
1022
611
690
683
724
852
625
991
616
666
683
708
960
621
663
703
746
844
610
818
589
1035
602
633
654
683
851
665
999
624
655
694
737
983
609
664
690
700
851
601
939
622
677
564
607
807
592
890
612
620
548
633
852
615
861
614
655
547
597
828
617
911
599
647
545
617
813
584
883
650
700
569
656
870
615
822
624
672
475
2898
814
797
1962
1322
1722
1662
16709
3857
859
1058
1514
644
638
654
691
649
649
644
713
752
794
882
943
994
1008
1096
1132
1065
636
626
632
711
759
804
941
947
968
1198
1260
1324
1336
1360
1412
1333
1331
1312
1339
1354
1331
1366
1418
1504
1539
1588
1655
1689
1753
1827
1875
1923
1986
2048
2096
2163
2218
2253
2276
2340
2403
2445
2500
2574
2630
2662
2691
2742
2822
2880
2943
2992
3058
3102
3175
3222
3259
3288
3322
3377
3433
3508
3551
3589
3640
3700
3760
3854
3909
3989
4065
4109
4151
4215
4295
4382
4453
4539
4565
4594
4623
4641
4709
4782
4837
4877
4898
4927
4931
4942
5015
