3188
2253
1114
722
1403
1297
593
613
594
632
624
699
1073
582
588
617
599
1824
1040
804
650
638
621
595
1520
1469
595
586
605
602
659
989
597
595
660
606
814
1416
731
645
899
1040
676
1785
673
601
608
609
644
1248
1084
672
615
580
598
683
843
1041
570
595
572
608
584
1350
1106
571
597
624
605
1438
777
571
574
649
587
679
827
1685
638
658
673
652
1526
944
1070
963
929
998
1063
1277
619
637
616
608
598
1230
1783
638
621
688
598
696
622
2179
954
691
671
994
1421
1957
645
592
654
642
1116
1453
622
763
643
957
651
818
829
808
906
825
899
582
805
814
617
800
782
878
828
916
627
783
813
819
880
813
811
771
807
811
794
671
796
803
850
603
644
595
634
602
559
579
569
640
580
2133
575
626
649
568
1139
1813
637
739
884
795
828
739
666
858
1090
1256
1442
827
605
1035
1199
1278
599
790
613
613
1055
1128
852
887
666
683
841
1574
793
793
730
764
884
969
1328
1648
778
1110
1566
952
1127
1944
1112
801
2215
840
1252
702
1344
1465
982
690
630
676
621
2029
1525
1863
880
737
630
1784
1328
641
621
632
1571
679
1032
605
610
631
672
716
2146
682
1031
731
935
811
1311
1731
685
589
744
927
1993
693
597
598
608
628
1008
613
562
603
639
1224
740
615
627
581
659
600
1615
584
596
649
939
906
2120
675
609
609
663
653
1328
875
1724
682
614
625
637
643
601
691
817
848
850
829
960
829
816
672
995
856
818
847
612
606
619
601
870
700
673
953
790
2352
727
652
733
760
2226
630
609
605
583
591
648
1362
586
567
922
791
737
1738
631
633
604
578
1150
868
593
1167
703
658
1787
1299
706
570
634
579
1539
1996
1130
831
735
921
650
699
809
928
1071
664
1704
848
1048
678
929
1074
833
836
605
916
1123
662
780
659
874
675
792
891
1362
1544
928
786
670
1273
1894
692
751
756
786
1279
1739
662
686
823
944
2411
1446
1438
1489
1140
639
1522
912
596
861
1036
864
614
630
629
634
622
641
928
600
616
1510
783
630
1222
836
599
635
658
819
1991
758
715
638
685
744
1063
803
622
677
1166
1172
1310
875
1066
703
696
681
1238
818
1963
1129
686
616
1930
694
627
639
596
2225
908
641
613
633
698
913
1833
955
1202
916
1023
1481
1013
813
1039
830
953
1680
1201
660
866
860
1484
1498
1815
1561
1081
1000
904
722
2115
5536
1112
765
686
1069
1355
1310
791
1355
1053
812
1558
1965
787
2097
1043
1031
1395
1563
987
1029
2082
1578
953
1268
1068
2477
1604
1677
938
1726
1632
1864
1386
1219
1045
1781
1808
1100
2016
1172
1531
1566
1186
2020
1590
2217
1414
1120
840
920
1337
1218
981
1222
1456
1548
879
1995
1207
975
825
1118
1033
2705
1617
929
913
742
1135
2377
2130
1228
1017
1145
1282
1612
964
875
1121
1301
947
766
966
1013
1001
1075
1073
1080
1003
949
703
680
678
740
707
705
1248
875
1007
890
885
894
889
784
733
852
965
1180
860
775
968
869
848
1033
895
804
1649
1135
923
825
995
879
1269
1167
1453
1182
1406
1284
1463
1919
911
1259
1391
1270
1196
1961
1416
801
808
723
988
1775
898
830
891
868
913
1054
991
953
1063
855
1090
1155
2346
867
800
2356
1050
1001
1527
1060
1201
1681
1116
2149
969
934
751
804
790
1261
1447
977
913
872
776
849
857
997
1723
1527
989
1049
2102
2000
1042
1405
1247
1057
1273
1058
1251
1692
2124
977
1516
1484
1140
1724
1065
1667
1474
1279
832
1142
1036
970
1120
1337
1473
1460
1806
1081
908
931
2022
1353
949
1044
836
833
1324
1923
1123
1158
954
1509
1502
907
913
1808
905
792
1683
1638
1240
1405
921
1142
3186
1982
934
881
932
899
1124
879
979
1148
879
1071
1203
1723
1450
1397
1805
1167
1014
1221
1220
1689
1414
954
2401
930
1360
1505
749
2901
2571
921
827
1104
1473
983
1096
999
818
1104
937
1072
1040
873
776
749
742
711
709
724
878
1276
1216
1785
816
773
754
1248
1645
2754
1011
766
669
697
1044
1257
724
730
631
1826
824
1386
668
833
664
624
877
1213
624
637
992
756
1767
2286
819
679
822
1448
1699
703
621
671
674
751
1216
965
1217
1720
925
794
720
783
1000
866
1058
1418
1662
1049
805
725
699
824
919
833
704
676
662
1279
1435
639
663
667
725
1141
1323
687
975
1014
1074
697
1423
943
769
689
697
1308
1659
782
651
665
866
745
1424
741
653
665
741
757
1005
1007
717
738
638
626
1238
874
625
650
881
853
1146
1119
679
641
610
1262
881
642
1056
675
753
655
1616
917
768
1113
963
870
662
1043
971
910
842
929
845
893
691
800
691
1302
852
737
905
777
893
840
620
643
675
676
968
991
626
673
719
682
695
827
643
618
613
832
1432
858
868
626
635
902
1111
628
865
884
832
1128
982
671
640
640
624
598
848
799
706
891
675
650
944
1321
890
823
1349
989
1136
713
689
669
668
2117
1598
1917
1710
807
684
1761
1152
1412
1520
1525
1223
1267
1148
1480
1191
928
887
1422
1441
1379
861
818
800
