2539
2644
593
602
3493
7487
4399
1392
849
1072
4132
1122
997
1026
1052
1046
1093
1109
1117
1144
1233
1289
705
646
723
784
809
882
907
947
1047
1069
1130
1164
1181
1280
1403
1437
1435
1430
1422
1500
1576
1609
1635
1650
1700
1729
1751
1759
1812
1749
693
641
753
598
664
669
767
744
762
800
847
921
995
1191
1234
1253
1288
1323
1359
1424
1465
1469
1461
1493
1554
1590
1703
1840
1907
1903
1907
1987
2027
2067
2090
2147
2233
2305
2368
2404
2464
2509
2572
2634
2712
2793
2802
2811
2877
2944
3023
3087
3129
3185
3217
3251
3291
3317
3344
3417
3488
3563
3621
3678
3721
3720
3750
3790
3841
3867
3899
3961
4012
4061
4124
4157
4222
4279
4320
4400
4445
4484
4503
4547
4579
4629
4684
4731
4747
4772
4796
4856
4922
4989
5056
5094
5131
5162
5098
5136
5179
5250
5292
5337
4955
4980
5014
4998
5045
5085
5112
5105
5149
5163
5211
5286
5322
5386
5432
5470
5267
5275
5282
5027
5058
4600
4600
4619
4621
4637
4144
4146
3973
4004
4022
3671
3644
3193
3214
3210
3204
3218
2804
2804
2863
2913
2939
2429
2434
2207
2235
2025
2087
2077
1766
1788
1352
1359
1358
1220
1255
1030
1012
881
886
1021
614
659
665
670
983
575
866
625
657
551
570
881
594
613
651
675
969
582
819
601
611
543
619
996
593
614
565
607
839
637
982
598
631
736
605
977
587
601
594
642
964
597
625
655
681
1017
605
791
639
640
525
564
940
567
627
582
604
996
599
983
601
678
723
706
1072
594
653
531
593
644
575
1006
606
626
749
602
832
607
634
508
597
1019
631
686
624
685
1095
604
992
608
633
663
696
1048
614
611
545
594
843
628
1013
591
620
696
611
859
635
676
537
579
804
598
1052
600
636
699
583
820
616
611
545
607
813
587
1035
575
602
633
660
1055
582
658
640
686
896
612
1009
621
674
664
708
980
580
913
645
701
663
722
1082
627
826
613
634
537
589
806
634
1016
615
679
720
689
1040
622
647
673
717
897
630
1054
602
691
669
729
1603
943
965
726
756
762
785
1031
611
813
611
675
607
662
1085
590
783
607
672
597
643
975
566
811
561
606
591
616
821
612
998
609
638
651
691
1053
599
618
660
724
862
583
1009
582
596
656
683
860
595
1019
595
692
678
686
992
629
762
601
639
594
636
1016
593
800
572
598
571
612
987
585
836
585
613
535
579
786
580
904
566
623
539
584
838
605
996
592
614
639
675
1010
594
604
625
688
926
598
1059
614
628
624
637
937
614
819
601
598
557
608
806
593
1015
595
608
622
629
879
604
1009
594
620
648
691
823
609
1010
623
626
684
698
1055
611
634
640
653
1010
579
812
619
652
555
599
858
614
836
597
617
563
601
836
620
995
586
583
618
676
832
595
944
602
644
650
706
1050
611
628
703
706
855
619
1024
632
664
729
754
846
600
1002
630
684
676
681
988
610
786
605
642
558
604
796
591
808
588
629
560
636
768
644
880
618
645
535
586
847
607
891
577
603
548
584
759
578
1020
587
626
685
646
927
604
959
624
678
720
766
1021
626
657
719
670
827
608
1054
596
625
669
727
1003
593
855
584
612
137980
662
832
611
623
628
639
1478
564
580
807
638
1644
745
1709
641
614
2335
944
1551
590
596
1406
616
1584
588
641
539
610
592
604
1166
589
621
1596
578
1361
590
634
553
603
1523
791
1336
744
767
1187
584
1493
599
614
2670
1252
1042
1008
1240
600
635
1534
670
1379
602
684
600
683
1430
680
1560
670
626
1421
637
1613
671
682
549
632
1556
609
1368
593
658
542
586
1353
588
1498
586
625
1461
572
1312
570
623
522
601
1560
611
632
500
545
1579
588
1460
591
608
1393
617
1533
597
626
535
571
1557
571
1503
569
607
1442
595
1406
584
598
534
623
1471
589
625
576
577
1544
594
1346
624
606
527
587
1386
596
1495
579
581
1391
623
1578
594
613
535
583
1349
591
1570
591
628
1466
606
1482
597
637
556
635
1226
597
597
618
638
964
614
822
613
639
578
612
934
598
583
584
596
993
607
942
605
603
603
582
870
546
586
517
562
841
650
1020
598
620
658
666
896
575
783
773
805
918
560
933
569
573
582
591
972
581
618
575
582
899
583
602
637
623
840
600
919
576
604
598
626
933
603
641
532
576
1029
600
606
619
640
975
602
910
601
664
731
722
1078
600
630
565
614
1018
618
825
621
630
523
601
869
593
1296
634
651
747
628
811
595
616
544
606
826
589
985
603
631
652
655
908
574
608
642
665
971
626
948
604
614
620
604
868
596
598
545
576
826
595
968
584
573
535
553
815
585
609
513
583
945
599
630
626
671
963
612
823
629
687
534
586
950
616
650
538
585
796
579
1008
591
628
647
576
937
587
585
610
664
983
611
645
671
718
981
620
935
637
637
647
678
856
561
614
521
552
857
615
961
597
589
611
638
955
603
630
537
571
948
592
586
641
674
969
568
