4841
5237
5311
5385
5456
5546
5565
3481
3266
3327
3289
3302
3317
3355
3399
3471
3522
1694
1279
1299
1563
905
745
1759
4254
688
617
648
778
700
752
796
869
938
1043
1144
1225
1223
1192
663
655
668
716
749
748
779
795
796
873
932
960
722
610
708
756
833
913
955
610
613
1044
989
995
1042
1092
1121
1155
1016
1044
1074
1074
1087
1122
1179
1197
1238
1272
1344
1367
1413
781
825
862
937
979
1056
1181
1251
1251
1306
1386
1466
1391
1435
1476
1486
1539
1625
1633
1683
1740
1767
1816
1854
1986
2049
2095
2110
2140
2152
2245
2303
2404
2507
2582
2623
2618
2656
2713
2791
2876
2919
2944
2973
3008
3066
3087
3145
3268
3361
3472
3512
3569
3634
3716
3755
3808
3875
3963
4035
4107
4154
4299
4910
4953
5046
5105
5161
5214
5278
5326
5249
4599
4713
4770
4838
4882
4909
4951
4981
5052
5123
5252
5337
5380
5429
5442
5473
5529
5605
5679
5739
5814
5866
5911
5954
6024
6103
6170
6186
6250
6275
6308
6318
6409
6486
6574
6699
6755
6837
6870
6943
6989
7030
7127
7203
7262
7340
7397
7450
7494
7523
7574
7660
7719
7783
7826
7875
7914
7966
7993
8023
8260
8324
8358
8416
8423
8483
8552
8607
8654
8689
8726
8780
8839
8883
8970
8649
8700
8729
8653
8701
8228
8260
8214
8287
8342
7992
7986
7539
7585
7450
7503
7553
7226
7273
6963
6972
6779
6761
6777
6565
6608
6275
6321
6056
6102
6131
5878
5968
5686
5758
5473
5496
5522
5270
5313
5037
5058
4906
4930
4929
4725
4725
4430
4417
4269
4284
4307
4092
4126
3798
3777
3673
3700
3702
3538
3531
3215
3237
3093
3163
3206
2875
2880
2543
2583
2431
2455
2504
2227
2269
1855
1904
1934
1976
2033
1512
1542
1521
1551
1582
1243
1270
855
904
915
885
939
556
790
581
607
532
601
874
605
1031
603
645
707
702
976
595
634
684
718
865
636
985
622
672
706
721
896
606
973
591
615
670
678
902
606
843
614
627
661
675
835
622
944
636
693
735
779
1029
621
781
621
671
515
583
807
618
843
623
697
647
667
947
626
834
649
727
699
737
851
597
1014
593
636
535
577
788
596
931
626
644
561
599
1080
603
880
623
658
544
597
823
585
843
630
707
533
602
870
602
872
620
630
694
743
1098
598
814
594
615
683
712
1002
624
829
575
630
658
699
864
608
1023
587
596
637
641
960
636
852
608
689
518
578
826
618
899
629
676
633
690
1024
646
1002
617
634
683
737
1028
608
680
555
637
837
609
1031
653
717
764
737
992
606
636
574
592
844
632
1027
613
641
681
733
999
603
658
530
586
917
605
682
654
736
1091
650
972
591
671
799
665
1076
592
614
533
565
941
567
606
647
708
1060
593
1019
587
615
662
691
1018
630
653
560
579
768
564
986
642
678
687
727
1056
609
635
625
668
944
591
785
615
644
515
586
827
598
1059
625
667
674
711
1037
623
689
649
690
1018
615
802
589
662
538
598
767
626
1134
656
690
732
764
966
640
690
699
753
1020
616
840
596
672
512
609
862
575
860
633
649
562
598
944
608
635
679
722
863
594
1051
609
683
524
567
797
568
996
742
770
789
776
1009
614
634
683
696
1009
623
986
631
650
678
712
976
602
702
677
732
1006
589
859
615
660
567
605
807
580
999
591
615
645
664
867
546
579
483
584
866
597
1003
577
575
619
625
1005
601
623
570
613
841
595
948
561
581
618
630
1077
586
617
561
579
836
588
971
577
583
593
616
1007
575
587
607
634
961
612
928
582
588
613
620
966
565
601
659
710
1052
590
919
560
553
677
621
786
554
643
559
590
793
616
1087
576
621
709
724
1044
620
638
547
565
797
637
1005
568
617
641
600
1026
605
648
520
576
834
619
842
592
652
501
567
970
598
647
647
691
1065
583
951
582
627
662
679
1032
588
609
542
551
935
565
621
644
670
1015
595
806
616
642
536
612
1054
608
595
622
653
910
582
998
592
617
652
686
1036
564
582
494
545
982
586
682
605
639
999
608
1043
611
671
715
668
1014
616
645
560
601
816
599
921
615
698
747
688
1037
602
633
498
553
839
590
999
617
634
720
612
949
592
615
635
662
1024
583
620
570
607
841
607
994
605
637
657
570
836
603
635
538
611
833
619
987
605
629
721
600
981
608
621
618
631
1039
605
654
547
588
855
594
971
630
666
701
747
1004
583
680
639
692
1096
613
947
610
608
614
657
993
638
684
518
572
829
592
975
599
657
780
586
3956
1061
2032
1851
1310
1330
1246
16063
16044
16029
16036
16008
16028
16081
16049
16065
16073
16088
16112
16149
16189
16230
16250
16299
16302
16344
16376
16398
16607
16652
16691
16724
16735
16780
16828
16858
17644
18621
18728
18734
14752
14682
14594
14622
14647
14695
14617
14533
14437
14392
14351
14235
14145
14050
13972
13883
12984
7496
7427
7424
7428
7407
7356
7299
7291
7419
7364
7350
7375
7395
7354
6645
6630
5601
5537
4507
4505
4528
3579
3558
2500
2554
2537
1634
1645
636
665
591
578
1582
576
1394
607
646
530
582
1413
591
1532
566
594
1552
582
1350
594
660
539
581
1479
625
1619
555
