3971
4028
4086
4118
4041
2309
3634
7222
6043
3781
993
1182
1492
649
627
627
781
811
634
695
655
596
596
611
612
646
686
696
774
909
1355
596
629
638
679
742
787
856
915
1019
1092
1352
632
676
712
753
803
862
913
1003
1008
1037
1228
1267
1349
1425
1450
1523
1346
1297
1349
929
985
871
937
944
977
1002
1022
1045
1124
1138
609
645
671
754
791
866
931
953
880
905
958
1026
963
983
1079
1176
1211
1148
1156
1227
1266
1306
1351
1366
1398
1454
1526
1583
1652
1687
1704
1723
1725
1711
1714
1786
1851
1912
1966
1952
1958
1974
1969
2001
2038
2051
2097
2144
2133
2182
2188
2219
2272
2327
2377
2423
2463
2497
2542
2568
2662
2736
2782
2820
2896
2959
3022
3048
3089
3147
3190
3285
3332
3373
3408
3465
3528
3607
3669
3715
3709
3746
3782
3787
3842
3906
3946
4004
4027
4039
4086
4120
4130
4140
4165
4208
4258
4323
4336
4392
4419
4467
4509
4572
4604
4659
4700
4774
4826
4897
4981
5057
5056
5070
5074
5079
5122
5103
5098
5120
5136
5153
5176
5102
5087
4632
4655
4670
4519
4545
4171
4118
3978
4035
4089
3739
3706
3297
3352
3378
3390
3408
3014
3057
2797
2825
2824
2525
2557
2083
2077
2106
1930
1936
1676
1680
1474
1499
1527
1221
1261
767
797
836
718
829
572
624
526
579
1002
616
636
498
554
836
585
1128
591
625
721
601
999
599
600
619
623
994
581
646
549
565
841
597
963
614
632
743
585
916
562
602
701
693
1019
585
635
494
547
941
605
1001
595
609
637
579
857
615
650
508
605
1057
591
601
600
618
960
572
946
579
585
667
578
950
570
577
606
641
1056
617
611
544
578
804
583
977
593
644
655
644
1048
593
666
558
578
799
599
1078
570
655
811
595
798
587
600
519
590
993
590
641
677
730
1119
628
801
609
667
503
586
913
581
950
597
629
702
597
822
571
612
513
618
1023
587
593
590
617
976
561
949
561
563
571
557
1008
598
839
599
630
572
593
838
607
1039
583
611
630
666
839
599
991
576
601
620
616
933
580
584
653
712
1113
575
791
598
595
539
601
863
589
1025
602
621
669
747
1079
600
626
692
754
1072
580
807
576
609
537
595
984
597
630
569
606
1020
589
822
585
652
500
576
1118
593
609
610
651
1066
605
879
606
596
541
613
808
588
1033
585
634
796
597
862
580
571
559
594
782
635
895
600
675
495
541
865
590
1043
596
653
695
700
1100
601
685
643
705
859
606
974
588
636
631
681
857
608
997
589
593
588
632
1012
603
775
603
644
544
609
832
600
1034
561
575
585
615
980
603
655
678
730
903
608
978
596
656
600
625
1038
582
823
591
637
537
594
803
594
869
612
639
544
622
922
618
978
596
651
653
680
1009
596
605
595
640
913
592
798
570
601
532
565
991
553
769
550
554
537
576
796
577
992
561
615
696
644
1122
595
619
548
581
826
604
952
586
630
686
691
940
550
792
543
588
554
606
793
631
826
650
657
552
590
812
594
994
615
667
694
633
905
612
1015
601
592
614
623
889
686
716
709
752
989
578
785
594
602
519
545
779
605
898
615
672
533
561
832
615
928
601
632
515
599
814
603
1042
608
663
753
718
795
605
988
608
674
730
761
1094
614
640
682
749
846
628
1033
580
634
658
670
949
614
790
583
642
506
584
895
619
973
587
634
697
757
1027
571
618
631
658
884
587
969
604
618
571
617
800
593
870
606
640
545
594
956
585
617
609
664
1000
562
922
560
581
681
560
931
582
605
681
587
972
585
645
678
569
935
587
601
683
732
1017
570
608
529
583
994
590
621
527
589
934
590
699
618
638
936
589
933
617
657
725
600
967
594
624
739
596
909
604
651
692
556
1019
596
621
678
747
1518
615
623
665
719
964
593
607
604
651
915
573
776
608
654
561
558
2584
604
604
621
675
711
731
784
813
793
827
895
931
994
1040
1101
1120
1125
653
926
591
599
686
709
1027
599
594
621
641
941
572
904
583
598
683
606
826
602
616
543
614
966
559
566
552
570
918
558
968
560
559
639
537
790
573
589
554
559
912
608
650
552
601
820
605
1030
567
631
692
515
846
578
643
531
596
842
597
985
595
626
768
587
822
587
606
576
615
932
611
609
612
646
926
625
823
618
617
533
578
5039
828
722
693
749
707
775
769
748
759
816
932
1669
923
792
817
836
772
764
773
767
800
781
751
751
779
744
754
740
740
747
768
726
737
824
1177
1223
1518
1244
2099
2686
3293
3599
4493
5072
5819
6372
6896
6627
6611
6588
6576
6528
6581
6615
6688
6741
6771
6808
6827
7275
1271
1278
1273
2926
702
1211
1212
1214
1193
1694
1233
994
653
669
672
736
739
801
864
950
1062
1166
1201
1098
1126
1148
1178
1029
1068
1079
1150
1140
1180
1177
1177
1250
1321
1358
1378
1453
706
722
789
827
905
959
1044
1088
1129
1200
1263
1182
1252
1251
1287
1300
1346
1355
1442
1488
1479
1531
1597
1595
1595
