5013
5065
5146
5186
5206
5219
5252
2722
3612
2094
2390
2372
2399
2351
2642
1244
1778
1789
1818
1752
852
6578
1967
2521
690
797
2055
842
2512
734
1995
605
627
604
608
625
702
705
789
889
913
902
918
1025
1099
1123
1127
1136
1111
1120
1190
1056
1089
1052
1054
795
794
706
709
724
747
773
817
820
899
898
906
928
945
959
1014
1024
1085
1124
1127
1151
1151
1163
1204
1223
1264
1362
1407
1459
1354
1385
1474
1466
1402
1446
1451
1431
1440
1489
1512
1557
1587
1588
1592
1599
1655
1713
1589
1647
1676
1728
1727
1773
1835
1867
1895
1933
1926
1958
1995
2042
2115
2166
2164
2178
2179
2202
2222
2267
2319
2357
2397
2420
2450
2489
2499
2529
2545
2592
2624
2620
2615
2621
2676
2713
2747
2761
2856
2904
2935
2984
3047
3110
3176
3178
3206
3268
3310
3339
3419
3462
3497
3545
3591
3640
3696
3716
3780
3817
3840
3899
3951
3987
3973
4027
4009
4011
4052
4086
4146
4196
4239
4231
4248
4260
4279
4284
4328
4357
4380
4437
4489
4557
4620
4678
4744
4817
4882
4859
4900
4952
4983
5012
5057
5098
5181
5237
5273
5317
5357
5372
5409
5445
5459
5468
5461
5483
5220
5203
4981
5065
5113
4732
4757
4699
4688
4662
4205
4169
3902
3884
3826
3867
3884
3618
3618
3187
3212
3251
3094
3113
2802
2814
2590
2586
2577
2243
2254
2253
2242
2226
1952
2006
1601
1611
1599
1625
1658
1213
1227
936
951
781
821
857
617
1027
606
625
663
682
816
630
1054
578
602
619
609
928
601
600
623
663
962
599
820
601
630
543
596
1103
1013
594
624
694
762
730
1058
577
614
690
728
996
612
829
567
586
561
577
928
616
626
629
650
891
568
813
597
616
540
581
949
583
638
607
648
2139
1317
1863
1512
1894
1748
2487
2205
2199
2162
829
1009
812
742
779
737
728
708
745
725
749
740
764
797
775
782
823
772
835
792
788
759
763
630
643
675
681
739
1050
1117
1118
1168
1200
1215
1275
1344
1390
1445
1479
1470
1475
1493
1553
1627
1680
1758
1784
1818
1870
1910
1980
2065
2115
2174
2201
2217
2231
2281
2350
2419
2475
2503
2534
2582
2590
2597
2602
2647
2688
2683
2419
2445
2466
2462
2499
2576
2574
2645
2447
2417
2278
2309
2316
1982
1966
1529
1527
1514
1518
1510
1149
1164
1189
1182
1190
817
844
559
575
576
584
972
586
803
590
584
555
598
808
595
1004
580
644
714
669
1124
597
622
502
565
840
590
1000
596
617
672
687
948
593
813
583
606
570
605
867
616
833
614
638
535
542
844
595
974
618
634
643
701
862
609
1016
629
608
652
688
970
624
629
653
701
920
565
833
585
620
553
599
848
612
805
606
597
530
570
821
617
824
596
611
566
599
811
601
981
619
662
723
758
838
614
933
578
641
676
706
973
588
587
653
719
779
618
997
596
638
677
719
979
623
833
602
641
560
586
786
613
987
595
605
641
651
889
584
606
663
699
881
594
1021
590
657
555
579
802
582
819
572
608
542
559
875
557
565
567
675
1041
544
1276
884
910
910
780
976
574
625
669
552
1087
586
631
673
578
1011
603
613
666
698
1028
589
597
559
580
934
586
591
504
606
933
580
609
632
687
1041
594
959
593
628
700
597
970
600
625
702
603
960
623
638
704
605
931
579
643
692
708
1009
562
611
505
605
976
573
603
600
671
1017
604
842
620
691
545
609
860
621
1027
618
641
677
594
840
621
636
545
619
977
617
650
672
695
997
609
957
589
584
603
616
946
589
629
671
684
931
574
942
588
592
685
565
786
581
642
534
609
903
579
610
639
686
1001
574
986
560
594
713
586
821
601
633
515
558
973
615
635
584
588
802
616
1024
575
584
674
589
817
605
644
554
592
801
615
1067
600
597
673
584
798
621
682
522
593
951
629
635
692
701
927
610
793
612
652
544
613
924
594
621
634
704
981
573
908
600
625
678
709
987
634
638
656
679
915
579
808
563
604
531
587
773
626
1061
573
620
641
573
821
601
661
510
578
848
580
973
576
580
675
556
979
577
613
647
650
1014
604
658
529
548
854
572
1084
580
611
644
555
837
608
691
547
618
809
610
965
622
627
658
685
1000
630
663
704
703
941
626
839
636
690
552
613
932
584
597
652
721
1033
557
743
552
589
557
573
802
589
973
549
582
682
580
787
559
604
533
581
1007
607
589
605
647
949
604
817
605
655
535
597
842
602
855
647
692
549
610
984
639
696
695
736
1058
611
5950
1652
1433
1367
2174
1151
1381
1422
1417
930
1653
1640
1649
818
997
739
761
727
716
900
709
746
733
735
743
711
692
695
589
753
719
713
553
1122
1120
1084
1072
1102
1106
1135
1097
1100
1101
1087
1062
1756
1305
1228
1188
591
1175
1908
625
1974
603
591
574
954
938
650
1826
846
617
1869
614
1984
553
594
839
784
781
771
755
790
815
844
959
984
1012
1048
1059
1072
1104
1160
1226
1124
1073
1081
1087
1097
1102
1130
1184
1197
1203
1238
1258
1328
1405
1457
1523
1550
1557
1554
1555
1543
1597
1676
1780
1791
1801
1799
1822
1863
1898
