2606
4326
2100
2465
2480
2468
5901
1630
1924
1863
1814
532
5340
4538
4586
7623
2024
3956
1036
633
671
704
757
833
876
947
978
1312
606
605
690
734
787
770
793
794
808
860
843
981
983
845
869
912
931
997
1053
1095
1112
1145
1124
1135
1181
1233
1353
1385
1485
1874
645
1403
859
635
662
651
715
836
723
753
782
863
912
968
1023
1119
1168
1158
1186
1220
1250
1341
1408
1503
1555
1609
1643
1667
1695
1801
1873
1920
1987
2044
2077
2091
2129
2187
2255
2310
2398
2453
2491
2548
2612
2644
2688
2774
2853
2879
2928
2963
2987
3019
3081
3126
3174
3238
3287
3303
3369
3426
3465
3509
3549
3622
3719
3743
3768
3788
3779
3792
3812
3823
3831
3848
3855
3860
3862
3857
3907
3953
3985
4027
4101
4173
4202
4228
4180
4216
4261
4302
4352
4398
4424
4502
4548
4552
4563
4559
4585
4587
4619
4654
4681
4697
4759
4795
4848
4881
4895
4904
4956
5006
5058
5048
5094
5168
5161
5164
5170
5186
5216
5236
5278
5305
5330
5333
5357
5387
5387
5410
5400
5439
5446
5454
5464
5353
5343
5257
5264
5277
4864
4815
4572
4552
4376
4431
4427
4153
4175
3695
3681
3687
3677
3665
3311
3309
3321
3370
3404
2914
2906
2664
2641
2494
2510
2539
2160
2125
2133
2135
2114
1665
1705
1411
1442
1224
1203
1215
968
987
621
663
670
657
967
558
571
614
656
977
585
829
569
630
562
611
767
585
860
574
640
517
595
797
573
994
630
626
678
686
992
610
627
615
648
1035
600
883
1174
602
639
673
723
688
958
602
624
653
714
983
594
665
651
675
884
602
939
593
668
534
544
811
610
827
610
680
493
608
969
590
880
594
606
652
662
1029
596
631
548
619
818
602
930
694
756
554
600
915
585
641
574
663
1064
591
781
606
662
556
628
891
591
862
607
660
524
598
835
566
982
566
636
663
598
981
561
622
695
744
979
592
821
575
590
556
567
985
589
806
562
622
544
585
788
583
962
617
625
640
674
996
562
585
624
645
982
608
808
609
644
559
589
764
555
843
564
585
526
559
795
580
949
614
626
648
669
976
614
650
692
725
1039
581
817
594
653
530
594
794
583
956
600
648
736
547
752
582
662
573
626
985
582
758
570
630
539
573
766
574
982
551
616
641
679
1010
569
590
672
743
874
587
990
580
606
567
599
795
587
921
578
599
557
597
802
565
896
573
624
642
641
961
603
614
671
727
1011
600
801
580
602
590
605
986
561
804
597
590
551
569
765
553
1113
604
644
515
562
758
550
849
589
639
548
617
811
573
1005
576
591
607
611
945
597
612
622
661
933
562
774
627
632
645
642
947
594
833
587
612
544
604
945
600
649
545
557
917
578
600
631
700
1054
612
948
622
668
719
569
744
553
579
470
553
992
604
654
505
580
1036
587
592
544
595
930
609
644
564
572
885
577
592
656
719
1139
582
652
666
718
1031
575
938
585
566
697
625
927
601
632
650
608
866
627
677
521
573
959
611
627
580
605
812
606
961
594
657
730
594
784
584
646
504
574
966
607
617
664
689
993
606
818
619
647
541
619
804
618
982
608
629
689
736
1013
606
654
572
594
822
605
1009
600
630
705
617
935
593
656
697
693
1038
596
616
555
581
809
586
989
575
611
675
579
829
612
675
557
612
783
629
989
608
664
755
589
810
605
636
543
605
959
578
589
634
675
1004
611
968
628
639
680
723
964
610
657
546
574
837
601
976
606
621
652
566
827
595
627
538
614
836
636
1002
609
633
680
743
1059
631
686
571
604
843
596
1001
585
586
648
590
788
622
638
560
602
760
612
1047
603
621
653
585
806
620
664
503
593
950
583
601
643
697
981
638
852
588
668
578
621
791
604
997
586
647
726
706
986
630
674
698
741
1081
602
771
625
650
482
582
1006
611
653
692
753
1012
611
954
614
612
652
683
980
589
613
625
647
917
623
884
611
598
613
603
920
565
575
570
618
769
599
1046
632
695
752
742
1096
627
658
683
718
926
615
810
591
604
524
580
921
615
691
672
731
870
601
981
645
680
496
549
833
623
978
619
634
685
722
955
606
634
680
726
1009
611
931
621
644
672
695
818
579
966
611
658
702
602
805
558
611
563
583
828
590
925
578
648
665
635
1019
585
620
548
582
970
603
617
651
671
940
600
920
621
666
710
740
1011
580
612
662
1169
892
1082
873
1514
1345
2250
1984
1203
907
763
767
745
751
810
748
724
725
731
732
722
733
798
736
746
734
735
751
753
743
761
781
2165
876
670
641
588
610
710
737
756
772
803
806
844
871
927
954
1043
1101
1206
1305
1365
2214
2224
2245
2246
2279
2373
2443
2572
2558
2602
2617
2789
2921
3015
3103
3065
3014
2951
2933
2978
2984
2962
3000
3053
3144
3163
3226
3247
3268
3292
3318
3330
3370
3392
3429
3481
3505
3557
3588
3627
3684
3743
3839
3897
3953
4007
4066
4140
4186
4230
4267
4327
4381
4445
4492
4538
4592
4664
