6034
5534
5563
5513
5533
5548
5103
2525
6528
5418
918
847
582
633
580
1263
612
758
886
732
889
1038
3341
6096
698
642
631
1771
863
793
790
798
806
865
898
918
943
967
1019
1065
1106
1126
1143
1129
1128
1174
1233
1245
1280
1331
1371
1458
748
667
714
784
747
586
715
740
779
813
681
692
887
596
677
643
709
720
743
782
853
910
953
1017
1045
1122
1105
1106
1323
640
713
790
848
828
972
1012
1050
1091
1050
1225
1315
1355
1432
1521
1564
1604
1643
1703
1735
1790
1881
1963
2045
2120
2165
2204
2240
2325
2386
2460
2513
2581
2634
2649
2741
2561
2595
2193
2235
1991
2056
2013
1747
1753
1359
1447
1446
1393
1419
1004
1066
1025
1060
1102
745
963
586
690
646
675
986
578
792
566
635
540
586
970
579
800
582
597
531
594
935
587
595
624
638
963
569
771
599
690
558
584
1053
607
817
546
600
532
602
799
573
1009
600
626
649
682
1009
585
599
615
676
1040
611
822
619
647
557
574
787
590
961
594
611
613
632
980
573
633
648
682
1034
594
1737
601
653
707
747
824
865
1055
589
604
658
669
1000
544
608
569
641
996
616
867
627
682
626
664
1028
590
862
641
657
567
605
812
574
924
571
647
532
605
830
634
997
608
647
491
548
852
593
980
594
686
740
735
1084
587
633
594
638
999
558
838
556
558
509
576
854
598
973
579
589
617
656
1034
587
640
594
648
1020
606
837
590
625
504
584
852
618
997
598
641
688
627
1053
610
638
677
707
1024
605
809
590
628
534
596
855
582
1000
591
621
647
676
870
608
1029
597
613
681
708
993
600
654
627
661
968
590
828
576
634
555
599
961
590
616
574
581
918
564
637
562
622
978
606
617
575
558
977
572
590
630
657
965
605
1019
614
617
650
619
798
580
617
573
614
961
581
603
579
600
932
592
658
552
576
966
593
600
653
679
966
578
926
569
616
763
587
946
566
566
676
589
834
584
594
572
615
943
593
617
626
653
1004
606
1033
615
625
634
640
929
603
636
672
705
976
623
834
633
653
560
594
953
583
626
574
579
929
564
899
594
590
693
615
788
586
618
560
603
966
618
640
650
710
1021
615
924
589
621
632
664
1019
619
687
663
706
1053
586
949
569
554
591
612
926
599
641
576
631
1067
614
641
658
691
1006
561
964
586
621
646
666
918
599
671
519
544
992
584
633
651
691
995
615
958
595
627
644
657
1001
607
642
500
591
888
610
1062
574
946
963
926
945
750
784
593
683
1124
606
627
628
647
978
597
878
549
541
666
574
899
628
664
514
589
964
594
675
576
607
989
585
1015
632
607
666
707
1042
618
638
563
610
823
604
1066
601
676
753
583
856
600
649
559
606
1092
586
643
562
624
865
595
978
571
620
747
564
946
602
689
692
680
1127
607
619
631
632
942
593
950
583
580
598
591
966
576
579
552
593
939
588
636
609
655
999
592
948
599
610
631
664
1017
593
653
493
551
852
585
1059
589
594
711
632
809
581
634
554
566
783
589
1018
602
628
656
550
1020
578
620
673
647
1050
582
598
580
596
815
599
1020
589
615
702
604
809
592
612
536
598
953
616
597
644
687
1074
605
973
599
632
757
583
816
598
647
547
612
825
613
993
634
660
681
577
874
594
648
542
590
819
602
928
603
647
720
580
951
606
625
677
686
1006
567
581
584
598
797
600
1007
591
586
596
578
840
597
631
564
589
966
577
609
614
638
987
615
824
615
616
574
635
913
625
695
624
637
955
561
826
618
650
534
585
949
547
582
619
667
971
618
958
617
602
663
682
977
606
665
566
577
839
631
991
591
638
696
602
975
590
625
663
636
1007
608
609
655
671
1054
592
927
586
617
608
656
967
601
667
600
675
1010
587
956
581
708
717
664
1042
597
625
557
558
801
597
1008
583
608
628
549
800
615
638
517
605
816
576
1065
572
581
679
592
908
589
620
653
646
1001
602
625
608
618
987
604
634
612
636
1062
585
907
607
600
605
615
910
590
584
550
572
1031
587
593
632
668
1024
607
946
600
635
670
697
969
602
635
541
585
977
608
637
651
673
1009
602
934
581
611
1466
1719
1678
2260
1326
1744
2000
1977
2003
2012
1006
1018
1019
1028
1892
2374
2408
1522
1630
1674
4343
2398
2382
2371
2372
5793
1770
2192
2229
2306
3386
613
611
655
719
816
873
908
976
1041
1090
1123
1206
1299
1322
1092
578
778
847
905
861
901
952
936
1081
1156
1224
1255
1303
1345
1310
1314
1340
9226
1338
1327
591
772
587
3281
3291
3310
3329
3366
3425
3506
3563
3557
3551
3543
3546
3564
3581
6311
597
665
688
523
925
918
606
2137
598
1898
625
673
700
498
1102
1129
1091
529
1086
598
524
1797
623
1814
580
569
1822
592
1763
584
517
508
9047
8485
1777
2414
938
560
539
581
522
1112
1126
1070
1148
775
627
610
615
