2446
5820
5285
4770
1321
1075
814
800
795
700
625
608
586
630
671
766
720
719
713
631
593
599
619
589
627
652
638
680
696
736
627
654
729
671
742
778
5112
584
919
1029
1225
1828
1355
1065
768
2396
541
549
647
2494
2660
2553
2026
1349
1100
868
599
612
665
748
773
801
772
801
821
851
943
991
962
1008
1024
1025
1069
1110
1190
1191
1184
1181
1308
936
617
633
574
676
1566
652
1364
695
671
555
605
1491
611
1457
578
630
603
620
1389
630
1570
591
652
1331
548
1674
623
620
538
564
1641
557
1301
555
590
541
566
1470
567
594
541
587
1523
557
1415
540
575
529
577
1369
568
1519
582
641
1355
582
1514
598
613
527
571
1533
625
1348
577
597
581
584
1316
578
1409
574
610
535
587
1367
568
1553
592
615
1353
554
1516
600
611
543
566
1528
591
1418
569
593
535
598
1360
540
1506
584
612
1332
588
1499
606
599
539
578
1413
590
1495
599
621
534
578
1386
583
1409
573
627
533
566
1385
594
1497
594
622
1409
562
1582
572
631
540
584
1306
578
1428
593
624
555
580
1465
570
591
598
609
1501
578
1578
573
611
517
602
1403
600
1405
645
609
578
610
1339
557
1748
572
604
1338
601
1551
583
623
541
598
1539
589
1445
580
597
530
566
1590
603
857
583
586
539
616
833
608
994
606
689
694
771
1079
606
676
676
735
1071
613
751
603
646
565
654
801
575
871
585
610
512
555
806
621
965
609
630
663
721
976
592
619
616
591
967
587
810
575
590
569
604
795
591
960
604
593
630
645
849
586
612
646
697
1382
591
658
731
800
633
650
813
570
963
586
640
666
696
1004
610
638
687
744
902
613
990
607
623
548
568
833
610
857
603
623
539
613
833
602
963
607
685
716
775
1001
587
594
602
619
917
600
758
586
575
604
614
959
604
809
600
598
525
564
844
622
1146
592
623
891
897
928
709
821
590
605
579
611
817
588
949
570
605
602
649
920
563
574
597
675
920
575
793
608
648
649
684
993
595
797
567
560
555
594
962
578
619
572
604
972
601
629
649
698
1021
620
913
617
660
681
583
853
593
620
549
594
933
632
689
555
624
982
598
608
561
598
955
590
579
551
623
1048
601
605
621
619
1063
646
611
599
633
818
560
889
569
585
648
624
941
602
641
664
562
789
603
604
537
624
944
617
638
527
585
809
592
958
574
607
715
578
879
568
588
567
571
899
581
601
667
689
909
588
755
627
651
547
611
792
621
996
588
614
670
717
946
611
620
551
581
843
585
984
570
574
624
563
886
591
661
713
694
988
570
621
505
607
928
602
908
562
616
700
588
869
606
635
524
584
793
648
1014
581
613
646
562
850
626
646
524
606
910
570
605
620
667
970
609
946
638
665
704
736
968
590
624
1027
1253
1185
663
956
585
645
695
564
845
577
645
540
643
810
613
967
607
645
693
702
967
620
676
557
608
905
611
812
586
616
723
585
806
614
651
479
589
855
587
977
602
650
687
592
856
576
593
531
559
904
591
675
687
723
985
613
813
630
627
556
623
789
609
987
597
621
662
687
908
608
651
624
668
941
598
740
633
657
553
620
901
608
626
666
710
957
610
888
589
615
672
698
979
595
616
665
715
922
581
929
627
683
729
704
997
564
578
532
600
814
605
986
594
645
680
699
995
604
613
676
720
918
611
796
601
594
584
563
924
619
619
631
687
720
560
1040
603
631
532
576
816
581
1026
598
601
650
659
865
574
626
666
674
915
596
931
626
615
638
666
774
592
994
623
666
684
616
782
601
664
564
606
777
590
936
592
607
644
665
907
595
618
507
558
1003
646
700
672
707
1047
602
962
608
664
722
782
5347
1076
1009
1337
1285
1119
940
878
890
835
872
897
1961
1211
852
905
856
909
628
877
739
948
900
734
755
730
712
736
729
725
738
733
715
732
739
750
718
736
760
728
729
734
757
750
872
739
719
722
749
710
789
899
1283
1853
2161
2142
2125
2459
1235
2016
2075
2140
1614
935
1329
1952
2085
2686
2303
1442
1409
1486
1538
1535
1588
1624
1669
1073
1082
1142
1155
1170
1143
1129
1243
1292
1331
1290
1302
1354
1388
1429
1365
1387
1464
1505
1572
1634
1683
1796
1822
1842
1842
1862
1886
1938
1975
2013
2062
2118
2172
2210
2249
2314
2393
2464
2545
2635
2702
2598
2630
2682
2702
2703
2728
2785
2781
2865
2927
3023
3113
3206
3259
3288
3352
3361
3391
3391
3442
3490
3524
3516
3578
3582
3630
3633
3655
3709
3758
3831
3888
3905
3930
3954
3943
3993
4065
4106
4145
4158
4193
4219
4252
4251
4309
4360
4387
4371
4366
4380
4408
4443
4519
4561
4624
4633
4645
4649
4673
4704
4756
4778
4807
4821
4868
4924
4955
4989
4988
5035
5032
5056
5097
5180
5205
5252
5282
5334
5382
5462
5515
5570
5633
5665
5514
5514
5556
5557
5561
5611
5667
5751
5820
5863
5911
5924
5946
5978
6022
6092
6169
6201
6232
