3712
2330
1091
1232
726
603
601
674
1988
1990
1299
1130
1551
958
652
693
662
632
1371
1546
1435
758
707
718
645
802
1788
1575
858
867
721
828
773
2043
724
1381
697
713
646
1033
1235
884
602
685
670
1055
1455
1050
601
624
620
643
1128
1328
612
587
648
619
835
982
862
657
626
620
690
640
658
993
719
621
759
607
632
668
1147
618
883
892
821
854
820
661
1019
803
901
884
592
873
854
832
837
813
605
785
648
860
843
712
847
844
634
822
806
822
830
838
875
850
827
851
598
616
849
867
642
972
1009
811
810
1069
1176
906
738
1190
706
871
773
1033
1195
1048
1117
1040
987
2123
1802
890
1042
1116
1220
796
1712
1424
850
662
613
760
673
679
644
645
595
617
1512
916
637
852
1101
640
837
859
832
604
865
972
926
695
595
794
698
640
621
620
617
963
771
907
1274
807
958
675
654
658
608
910
845
624
1315
934
1178
679
711
1432
797
1868
748
626
2214
919
948
1070
1192
731
897
1917
816
717
652
691
684
1312
833
639
1359
1089
635
636
582
887
623
715
1261
816
669
972
923
990
1032
797
718
645
661
613
752
910
748
877
731
619
1174
858
628
690
873
697
676
1117
1213
929
641
760
806
629
628
876
679
585
798
1102
1359
617
719
821
845
839
826
850
603
1410
888
778
896
856
929
842
724
633
606
650
1471
842
944
816
730
845
1111
1055
635
631
1437
812
847
771
1155
1844
898
677
726
1329
1581
849
954
1085
1463
786
646
889
982
1223
1050
899
1159
1050
865
730
835
1414
745
635
614
682
638
872
721
714
730
605
1881
1632
810
644
688
635
643
603
910
868
679
734
776
680
819
1123
591
628
600
649
768
943
748
1095
645
980
854
2000
634
766
750
999
2163
1689
715
712
858
889
1260
1721
774
1483
946
693
2201
896
915
706
1048
709
2073
727
901
689
913
978
1866
708
1080
1255
1187
1565
2212
673
738
1202
854
860
777
844
779
753
691
822
1835
1652
1422
739
795
803
749
679
593
807
1046
1492
712
1154
687
633
765
832
595
637
1090
915
671
737
692
689
647
719
1083
868
602
1398
677
597
2113
652
747
636
603
799
1434
1367
834
686
969
1414
1983
647
602
621
1062
1042
1722
887
647
627
713
809
1285
1020
894
658
889
685
1209
885
623
628
817
1501
632
625
626
700
1261
1163
645
629
644
630
1550
1249
729
670
652
814
831
1610
645
723
604
750
866
810
580
640
603
1813
856
783
594
622
771
1155
1289
667
782
686
718
2100
1428
824
695
841
626
1028
1098
570
583
599
597
683
844
1237
635
698
674
622
693
1342
776
589
612
614
777
803
907
612
603
623
640
1158
827
781
1495
787
592
1276
1105
970
800
708
929
707
2162
943
759
652
640
553
1172
1580
553
690
634
576
572
2016
1074
565
732
559
659
606
1318
1729
592
602
614
571
544
1569
575
561
577
600
664
1534
796
578
592
617
645
569
2217
601
801
793
1018
777
997
1560
830
840
641
606
1370
795
942
604
610
606
699
1234
1102
616
859
583
625
1023
1426
701
1137
852
938
587
1490
1090
1611
1401
956
611
848
590
1393
645
795
815
1175
712
830
611
772
812
874
573
834
820
819
798
757
608
802
802
792
829
787
821
808
813
832
988
606
805
822
599
829
609
667
574
589
568
1710
1198
598
572
625
733
965
615
762
572
575
1237
1310
829
784
688
664
801
828
1018
983
670
598
2333
1339
797
685
604
770
1589
565
623
588
959
1421
807
596
601
693
1053
906
894
756
713
1215
2343
1808
800
778
858
946
1857
1370
711
624
642
1271
1319
612
1714
1722
651
1140
1271
671
628
641
757
776
2020
605
660
610
640
781
827
1528
1031
686
608
671
997
1275
617
603
857
619
2050
655
613
654
616
592
1160
1073
577
626
911
630
708
1188
700
677
588
576
1713
1146
662
1490
618
576
843
1342
588
613
633
566
1223
2318
686
592
643
727
1098
1112
622
610
641
691
822
640
629
633
672
598
835
636
817
836
813
1524
674
833
867
578
594
628
845
601
606
620
700
1403
682
616
604
603
577
783
753
1479
597
628
709
563
699
1155
1833
570
608
595
563
2106
1788
668
660
597
540
1439
964
575
559
577
615
1408
632
585
662
576
602
2030
585
557
607
1185
682
920
907
856
630
836
661
833
957
740
1045
1004
974
1194
652
1189
807
597
1272
2112
869
974
737
1052
1577
955
777
880
1507
974
1104
1070
737
738
742
1041
1336
2339
678
787
675
975
1756
737
740
1012
1286
1399
2012
656
591
620
747
1202
2143
688
763
709
703
655
1150
715
712
656
780
1787
1835
656
669
651
635
1901
1271
643
659
1309
662
593
1620
623
628
628
680
1753
1164
1337
731
725
1017
1649
1240
858
663
668
1013
1201
2412
652
611
964
652
1013
653
718
726
645
689
1146
581
609
915
915
900
1326
999
778
679
798
2109
985
677
899
1075
816
739
2041
753
1271
1280
1441
3179
727
1234
