7377
7528
7588
7633
7707
7757
7847
7852
7916
9954
9989
10030
8062
7802
7787
5521
634
567
1173
591
607
1099
502
1076
1119
545
1490
1095
1129
1092
1157
1442
3827
1479
1737
684
717
676
688
651
657
678
717
762
828
933
623
631
679
761
785
808
814
841
887
902
971
1036
1122
764
1075
951
933
939
925
969
871
948
980
1024
1082
1140
1220
1282
1380
1405
1443
1499
1594
1635
1685
1726
1817
1905
1962
1912
2004
2101
2182
1535
1558
1634
1708
1769
1839
1875
1792
1857
1892
1904
1794
1853
1894
1946
2011
2042
2092
2144
2149
2182
2217
2241
2319
2386
2476
2514
2569
2611
2658
2677
2712
2760
2789
2836
2896
2969
3052
3088
3150
3182
3292
3300
3375
3442
3482
3564
3623
3677
3747
3810
3844
3912
3932
3991
4007
4178
4204
4211
4231
4288
4344
4401
4452
4510
4545
4589
4621
4627
4686
4702
4712
4749
4775
4818
4877
4923
4974
5028
5090
5134
5177
5251
5308
5348
5417
5482
5504
5585
5630
5692
5750
5799
5848
5900
5932
5968
6005
6032
6098
6126
6168
6237
6280
6319
6344
6388
6486
6574
6642
6750
6855
6924
6979
7043
7114
7158
7221
7293
7327
7359
7383
7389
7398
7449
7484
7526
7501
7500
7535
7539
7541
7559
7592
7624
7670
7523
7573
7532
7565
7575
7152
7158
6901
6932
6939
6943
7006
6652
6658
6360
6365
6371
6396
6398
5989
6036
5722
5721
5737
5732
5745
5328
5355
5030
5034
5004
4984
4992
4615
4605
4414
4418
4247
4333
4367
4142
4154
3692
3675
3701
3729
3714
3528
3542
3269
3282
3111
3111
3106
2821
2834
2482
2524
2565
2556
2604
2397
2425
2166
2158
2008
2029
1973
1814
1849
1373
1395
1419
1419
1478
1232
1271
822
899
919
929
1032
639
698
681
737
834
573
836
589
1007
599
628
660
668
813
604
992
622
688
727
734
1079
585
638
662
695
814
587
1017
579
617
576
593
773
606
863
598
596
536
592
807
615
831
619
677
499
579
850
616
853
610
661
551
625
792
603
846
638
679
559
638
809
635
860
628
652
586
622
852
594
823
627
656
561
596
807
617
843
595
636
573
617
829
585
877
632
697
590
622
770
614
925
598
673
728
714
1018
612
697
641
656
857
617
960
605
700
714
730
980
590
795
616
635
530
560
797
576
1000
639
687
738
722
966
580
616
656
659
818
605
946
595
636
693
711
836
603
996
601
671
716
755
1009
591
807
607
636
656
690
896
626
1019
658
715
752
780
968
628
869
622
586
524
560
802
622
936
612
689
664
711
947
609
859
623
700
761
778
846
603
1012
578
617
498
603
823
600
892
613
663
514
603
1144
579
871
609
634
552
587
809
596
859
593
635
579
617
830
600
833
638
659
691
724
998
594
877
596
618
645
653
989
609
779
606
641
627
666
874
617
1014
579
589
629
645
945
622
804
610
652
542
595
890
634
864
620
657
620
654
1021
621
918
606
630
637
670
915
618
677
549
566
777
605
1042
610
691
742
713
1003
588
609
551
595
802
621
977
607
628
666
687
1047
575
640
553
615
911
600
650
663
685
983
624
919
609
623
670
691
1015
586
606
555
587
970
554
568
585
642
925
577
964
564
587
641
657
985
582
593
539
560
778
589
987
607
637
687
708
1060
613
603
666
680
1019
637
843
623
659
486
587
887
603
975
620
654
634
693
1016
607
626
710
729
992
600
836
593
665
550
619
834
624
1079
631
681
729
759
1002
642
683
736
756
998
607
818
590
615
520
630
904
602
859
630
699
536
616
1016
570
575
606
659
829
612
1033
637
698
587
629
862
611
1026
604
626
665
747
1044
598
668
658
670
1291
653
780
603
601
609
604
924
608
662
678
720
1022
562
806
589
645
516
599
868
611
984
608
632
666
717
1346
919
926
813
849
880
584
957
595
664
700
696
1046
620
633
535
553
819
632
999
603
631
663
662
1111
632
656
527
564
820
618
979
610
617
657
699
1105
623
670
732
789
1019
628
961
582
654
675
632
1045
575
603
649
704
1013
579
938
554
590
807
582
795
575
597
542
607
833
602
961
590
612
682
712
1021
550
600
515
587
864
578
958
584
604
617
643
997
580
620
574
605
826
605
852
584
619
550
593
963
579
593
607
636
909
587
962
580
624
661
633
948
604
626
521
571
973
586
644
605
653
1013
587
828
597
649
542
590
944
582
615
644
650
1000
648
963
629
672
755
816
1004
596
585
538
569
929
551
589
582
635
1038
612
1002
606
636
705
727
4457
1097
1335
1335
1373
2144
2022
1973
1962
951
1277
1249
847
894
890
893
735
589
885
753
760
7117
951
838
798
781
763
753
759
762
2967
922
805
858
2744
1092
668
657
635
640
670
700
740
775
759
779
816
1288
626
647
745
791
635
638
737
709
721
743
742
756
839
899
931
976
1027
1088
1111
1154
1229
1258
1257
1293
1314
1356
1387
1445
1496
1548
1588
1605
1664
1714
1772
1779
1804
1817
1828
1857
1885
1916
1949
1989
2034
2093
2116
2159
2227
2306
2345
2398
2495
2528
2557
2582
2636
2690
2719
2759
2819
2850
