11807
11795
11789
11694
11737
11785
11747
11645
11533
11443
11345
11208
11129
11035
10870
13933
13692
13546
13458
13387
13340
13204
13192
13168
13131
14043
14097
1702
2465
1897
1712
1475
6769
6060
5642
5180
4974
4875
4792
4647
815
630
578
602
640
952
853
628
614
606
583
5137
1170
655
601
769
624
645
731
645
1307
1056
1078
1224
883
602
604
611
648
637
662
703
761
732
730
767
806
836
841
895
978
952
808
818
1051
1120
1046
1123
1219
1222
1100
999
1034
1071
1108
1109
1239
1250
1279
1294
1310
1342
1410
1507
1492
1506
1207
1200
1229
1312
1356
1372
1259
1254
1389
1436
1476
1349
1476
1475
1791
596
607
664
717
790
861
939
1010
1038
1074
1153
1150
1145
1213
1312
1387
1424
1432
1534
1599
1619
1657
1680
1744
1784
1830
1733
1754
1727
1788
1055
1246
1309
1352
1401
1445
1499
1518
1561
1647
1693
1754
1798
1860
1894
1946
1975
2043
2090
2132
2244
2236
2260
2325
2346
2381
2456
2515
2445
2498
2583
2620
2685
2694
2804
2883
2915
2969
3029
3120
3162
3208
3256
3297
3349
3383
3413
3445
3430
3454
3491
3500
3529
3505
3536
3608
3646
3633
3678
3786
3795
3783
3819
3915
4000
4035
4034
3914
3965
4012
4046
4069
4096
4179
4228
4261
4320
4353
4415
4411
4412
4402
4443
4470
4567
4562
4604
4618
4615
4630
4634
4664
4725
4741
4795
4882
4946
5026
5067
5159
4626
4617
4659
4721
4752
4769
4808
4825
4767
4774
4745
4734
4735
4256
4281
3823
3840
3843
3854
3908
3347
3365
3153
3125
3136
2954
2980
2477
2460
2483
2342
2348
2083
2111
1902
1913
1907
1546
1562
1574
1572
1584
1113
1146
779
827
872
857
1072
928
943
797
847
1537
608
627
660
745
776
804
821
571
730
582
600
839
585
1031
599
610
741
573
817
573
595
544
592
807
570
1013
572
627
668
685
1091
570
602
609
663
917
592
971
589
616
635
685
1029
592
870
614
657
572
630
975
586
818
1062
597
602
606
661
710
1012
625
688
738
715
1037
627
725
644
745
1007
626
945
610
648
656
716
905
588
952
569
663
580
631
1022
612
811
623
682
583
610
998
603
834
609
679
592
701
1033
592
862
579
610
523
616
841
621
1086
624
650
678
711
1099
614
657
651
722
900
616
1080
594
667
676
729
898
615
1111
611
686
652
688
1056
1209
634
670
696
812
804
846
638
822
600
635
594
696
1024
617
860
608
659
624
580
750
602
873
592
639
525
657
750
555
978
582
636
665
632
996
554
652
716
663
903
582
1015
642
706
622
657
999
597
812
576
631
502
579
1459
617
704
714
764
815
882
1522
991
823
720
755
825
798
816
589
1077
732
649
675
676
1030
616
620
638
864
1026
603
847
605
639
559
652
797
599
909
592
615
538
591
829
580
1028
579
600
631
671
861
647
999
584
632
892
895
1118
593
631
636
672
891
603
985
614
620
693
756
893
582
1018
619
622
641
699
990
567
749
586
635
551
600
1446
660
693
753
797
679
713
850
599
870
635
652
566
599
828
618
893
651
676
532
599
839
585
1072
602
918
966
940
972
685
992
590
626
672
712
954
590
674
637
722
890
601
1055
611
652
682
718
1032
620
802
691
742
155009
798
2039
2030
2002
1898
1389
1499
1034
981
1014
1116
762
724
1214
966
1227
1101
567
1355
1106
1211
1091
1172
1136
1150
1122
1122
1886
1096
1247
1257
1275
1320
1354
1369
1387
1415
1351
1263
1133
1030
1784
1696
1636
1541
1437
1333
1220
1133
1028
955
1905
940
2055
1957
2047
1933
1817
1695
1592
1513
1434
1494
1426
1329
1209
1112
1023
1873
1778
1659
1586
1497
1421
1314
1234
1130
1047
926
831
2476
2949
2865
2774
2807
2069
2003
1986
1763
1289
1202
1167
1521
632
667
700
740
765
788
823
877
933
985
1068
1105
1115
1161
1212
1235
1114
1072
1090
1122
1065
1315
1279
1226
1275
1344
1413
1464
1462
1388
1467
1452
1501
1553
1580
1669
1718
1746
1692
1691
1706
1713
1710
1723
1743
1838
1516
1274
1063
905
831
984
837
785
795
1716
702
687
646
688
684
658
649
681
727
762
764
761
823
907
982
689
742
795
888
949
1010
1143
1223
1282
1290
1297
1274
1313
1353
1429
1541
1591
1654
1661
1714
1806
1833
1889
1860
1880
1918
1618
1701
1154
1193
1246
1188
1212
695
702
704
740
1046
567
1805
1388
1423
1397
1336
1384
903
955
819
814
1009
606
611
647
694
1036
619
1028
685
710
746
724
1178
587
730
558
568
1113
661
665
713
760
1050
625
1046
587
595
660
641
1074
563
647
526
593
1070
579
859
595
628
532
585
858
582
1419
597
606
722
543
800
559
602
556
573
811
557
1007
582
602
613
623
1034
583
621
644
696
1078
570
998
1057
610
603
598
612
670
716
557
644
838
626
1103
624
646
753
665
829
610
668
562
604
976
635
656
623
654
1056
604
806
616
697
513
605
995
634
649
507
592
872
596
1087
605
639
739
583
940
570
584
626
718
1090
605
584
608
688
1114
609
960
608
672
714
701
1023
580
613
523
568
873
608
1013
568
617
648
589
1074
604
642
534
662
1151
629
566
607
659
958
642
1138
614
681
741
668
1017
642
677
548
600
828
592
