4071
4191
4246
4282
4472
3874
3887
3774
3564
1077
2170
1265
1255
3712
563
553
1455
1328
1323
1069
1598
1250
783
670
603
571
572
572
600
1242
1019
664
687
622
602
593
578
583
644
676
695
725
740
784
803
802
901
935
978
1091
1147
1056
695
618
659
689
732
756
927
981
1029
1085
1109
1152
1130
1069
609
1084
611
578
624
632
664
688
742
790
894
970
870
900
1167
606
620
624
680
711
778
950
979
983
1045
1082
1191
1245
1235
1223
1220
1238
1294
1347
1415
1478
1543
1631
1651
1654
1702
1789
1896
1985
2045
2139
2171
2184
2193
2263
2323
2385
2468
2551
2599
2670
2727
2772
2850
2916
2969
3040
3076
3133
3134
3182
3257
3282
3342
3444
3506
3535
3560
3790
4151
4219
4278
4478
4518
4587
4636
4657
4698
4719
4768
4831
4877
4940
5001
4992
4818
4883
4698
4806
4868
4288
4335
3992
4030
3878
3969
4002
3413
3441
3057
3079
2822
2815
2827
2557
2583
2091
2063
2050
2048
2053
1558
1576
1531
1592
1623
1210
1248
748
803
781
797
944
633
1038
597
625
638
649
1028
591
846
607
669
570
643
1073
606
876
562
621
856
895
1025
586
871
591
609
548
603
855
593
905
602
615
517
568
890
583
1088
591
652
677
646
1113
590
586
598
585
884
621
1035
610
649
579
585
1057
574
789
566
601
548
560
847
667
1066
592
616
643
677
1001
600
1009
574
596
627
619
828
550
1004
592
603
605
579
1093
594
601
634
649
1037
614
863
601
790
565
610
849
611
917
619
664
688
752
848
605
1096
583
603
618
622
901
623
1059
589
603
621
653
1089
594
609
672
684
931
606
1074
614
633
655
676
882
575
1098
613
630
656
689
1082
591
845
593
632
584
626
845
604
888
595
641
532
611
906
645
868
621
673
571
590
843
574
911
610
679
551
627
871
603
1069
621
649
704
666
909
615
1121
609
657
684
694
977
635
703
616
645
892
564
1040
592
615
624
642
982
575
874
583
597
141258
650
797
602
597
600
598
926
614
635
523
557
860
593
977
579
573
745
591
1130
855
940
950
963
1476
856
924
802
813
1144
843
1317
791
819
939
782
1021
774
791
733
759
992
730
1217
710
749
825
680
960
684
692
653
667
950
857
1126
692
709
776
800
842
623
676
603
623
874
636
1000
634
645
633
632
977
620
659
729
735
1012
598
778
596
652
549
591
811
583
939
551
590
618
573
792
582
629
537
609
997
572
592
612
627
987
600
925
618
648
691
730
999
627
683
663
692
1088
589
939
603
634
654
552
826
611
623
519
610
948
629
691
666
712
1027
586
832
630
604
571
633
770
600
1008
605
620
660
691
1050
627
665
549
578
796
606
976
641
642
683
584
922
625
707
596
612
957
590
612
631
680
1014
601
777
589
637
530
600
1001
599
605
650
677
972
567
903
585
623
765
592
624
597
611
569
573
784
604
1031
611
690
739
761
1092
616
529
567
638
899
631
967
583
630
672
657
1065
613
658
499
537
940
591
690
630
658
980
591
924
599
608
689
632
1030
605
641
564
560
1002
616
630
673
747
1054
597
955
586
1144
1541
2438
1640
1399
672
1020
1271
1309
912
1961
1979
2378
2791
1827
1817
646
901
763
728
724
1186
730
628
648
741
704
727
721
1580
771
742
748
766
738
762
735
733
729
723
736
707
742
752
722
730
720
742
1631
986
957
946
957
1262
1550
1539
1848
1301
2159
3069
3574
3610
3683
3754
3824
3869
3884
3603
717
650
633
685
705
693
719
763
765
740
1105
941
994
1005
998
1025
1041
1054
1083
1113
1117
1151
1114
1414
1335
1339
1386
1410
1472
1503
1556
1620
1690
1741
1792
1878
1946
1984
2041
2046
2062
2092
2146
2178
2191
2240
2329
2382
2427
2475
2529
2654
2686
2728
2783
2799
2799
2844
2853
2881
2934
2968
2967
2998
3038
3109
3157
3214
3245
3275
3307
3347
3373
3391
3443
3496
3520
3581
3590
3627
3646
3652
3664
3722
3764
3768
3779
3813
3853
3888
3913
3944
3930
3944
3961
3971
3981
4024
4064
4103
4100
4127
4126
4162
4225
4270
4302
4334
4402
4449
4467
4504
4543
4598
4681
4727
4792
4841
4891
4929
4971
5005
5066
5126
5181
5218
5233
5254
5282
5302
5312
5349
5401
5445
5494
5528
5578
5646
5687
5716
5772
5507
5600
5381
5402
5394
5078
5087
4578
4601
4634
4645
4656
4180
4220
4063
4098
4141
3634
3636
3400
3441
3409
3235
3249
2961
3032
2839
2880
2892
2476
2483
2328
2373
2398
2046
2050
1589
1616
1627
1621
1677
1217
1215
1082
1122
1190
912
1020
598
659
701
553
907
567
574
530
609
894
631
1126
588
574
666
576
918
591
619
507
575
925
559
636
524
543
986
571
931
584
606
640
680
1042
598
668
637
686
1002
604
839
598
624
593
643
995
597
839
645
637
544
606
802
583
1024
850
614
656
691
725
596
705
627
651
1013
596
816
607
649
542
574
896
569
584
633
654
1020
594
800
579
628
561
574
769
575
980
554
619
655
658
1036
583
614
652
685
1025
595
821
589
646
602
689
633
585
674
658
597
550
589
831
594
1039
646
633
663
647
949
