8775
7207
6533
4631
4201
3454
2948
1755
1356
2242
4057
2114
1788
978
943
1080
1169
1660
1772
1338
1099
1101
3491
5124
1634
1350
1263
1497
1581
1591
1699
1855
3651
1701
1122
1020
1273
1353
1224
1306
1224
1242
992
1298
2031
2806
3359
1430
997
1003
942
1039
1089
1177
1141
1234
1311
3007
3130
1448
1042
1033
1058
1036
1134
1567
1490
1353
1792
2885
1095
1000
1067
1005
1083
1018
950
984
1270
1137
890
1100
1245
1422
2397
2082
2213
1293
1345
1905
2234
1743
2114
1708
1080
1880
968
890
1014
1157
1924
2299
1335
1283
1192
1233
1127
1079
1139
1118
1257
1724
1610
1214
1182
1271
1044
1143
1341
1267
1279
2145
3033
2429
2085
1150
1942
1702
1569
2342
2110
1807
1588
1115
1449
1464
1869
1993
1479
1123
1210
1309
1292
1456
2536
2699
2190
1988
3034
1599
2122
1085
1317
1327
1502
1406
2003
1372
1825
2723
2902
2349
2868
1729
1423
1175
1270
1336
1379
1997
2042
1775
1214
1117
1283
2680
1115
1404
965
981
921
994
3352
2153
2246
1095
1232
1495
1245
1201
1095
1086
1157
2407
4790
2484
1206
1221
1702
1344
1382
2791
1506
3603
3470
1956
2518
2179
1710
1669
1691
1772
1804
1706
1656
2044
1654
2652
1853
1790
1298
1594
1475
1339
1238
1163
1139
1035
1262
1002
2242
3940
1097
1005
1119
971
1100
1008
1013
1140
1075
1708
1743
1184
3138
3242
2402
2055
3155
1415
2455
1187
1019
948
1149
1234
1616
1742
1258
1209
1058
1048
2289
3177
1858
1104
927
1108
1941
1495
1639
1625
1619
1173
1088
1016
1029
1148
1099
1097
1592
1111
1045
2100
1288
1405
976
1404
1090
1069
805
933
2347
958
2031
1074
1985
1599
1115
1678
1171
1116
1120
1101
1183
1082
2824
1213
1185
1911
1483
1747
1607
1413
1123
1170
1109
1080
1626
1107
2110
2463
1658
1357
1816
2218
1746
1527
1553
1329
1293
1386
2314
2186
2005
1650
3087
3402
3333
2427
2569
1426
2447
1447
1352
1533
2126
2036
1609
2225
1881
1976
2543
1512
1311
1253
1405
1208
2355
3628
2697
1879
1759
1656
1564
1034
969
1014
1063
1290
1438
1622
1852
2018
3424
3299
1838
1260
1240
1348
1096
1261
1299
1000
1183
1456
1831
2162
1849
1994
1371
1603
2379
1890
1206
1162
1430
1261
2275
1698
1234
1170
1193
1186
2257
1874
1588
1461
2186
1303
2840
1758
1641
1676
1572
2464
1395
2873
1661
2348
1860
1328
1348
1469
1808
933
1338
1253
1182
1844
2259
2523
1982
1346
2239
2044
2398
1244
1162
1498
1180
2213
1943
2059
1260
2042
1777
1714
1796
1321
1588
1229
1108
1074
1368
3053
2050
2813
2396
2717
2060
1470
1465
1413
2091
1484
1394
1135
1192
1146
1210
1251
1079
1237
1186
1098
1939
2103
1562
1616
1243
1094
1162
1563
1430
1986
2033
3217
3328
1224
6470
6140
3231
1469
1858
3464
3202
1692
1573
1379
2400
1474
1694
1181
2128
2911
1688
1519
1465
1507
1403
1266
1108
1084
1005
1821
1120
2681
5246
1908
1590
1481
1259
993
987
1004
1086
1286
1635
2021
2112
2439
3229
4722
1319
1016
1018
1206
1810
873
1042
1023
970
979
884
1951
1679
2761
2545
1713
3519
1836
2488
2076
1457
1260
1574
2623
3577
2046
2714
1189
1040
934
1006
846
770
1172
4453
1555
1493
1237
1065
1011
941
1188
676
647
839
706
727
636
1826
2049
1608
902
850
1015
1166
1248
857
876
877
811
834
994
1051
1257
1071
972
1365
2242
1102
1109
1193
1070
1471
999
880
866
828
919
881
904
939
1004
996
1196
1741
1149
1304
1572
1843
2163
2449
2832
1948
1986
2142
970
1166
1020
961
1523
1029
1823
944
868
828
1062
959
1080
1290
1426
1546
1532
1410
1421
900
1068
1107
1357
1563
1701
1885
1794
2039
2077
1726
1288
1030
950
1096
1132
1323
1171
820
642
667
686
635
670
639
621
630
681
658
1419
1325
877
800
787
822
783
993
1035
1001
1162
1427
1897
2144
2360
2643
2836
3101
3356
3564
3789
3669
3453
3056
2940
2566
2098
1474
1072
928
1119
1427
1220
990
1188
1437
1659
1979
2272
2402
2289
2034
2210
2582
2522
2200
1343
865
678
837
1048
1099
1087
1243
1404
1454
1502
1649
1061
1240
956
912
2097
1256
1341
951
1236
1561
1082
2251
718
619
990
634
1843
588
2257
871
974
1968
946
1740
1104
1159
944
929
2306
911
1210
1445
1780
2038
2089
2499
2033
2242
1621
723
1833
1053
608
971
602
2614
623
601
782
583
2406
654
2504
1157
893
912
1013
1090
1203
1170
903
675
1661
819
789
743
703
769
697
1342
1217
857
680
658
591
604
634
953
907
1150
922
1157
1088
1350
1592
1869
2197
1962
2258
2424
2290
2049
1618
1591
1028
1137
1162
1077
1062
1025
1064
1022
1121
747
995
1536
972
815
950
1098
1933
819
821
815
1113
906
787
817
852
769
778
767
836
800
1015
942
800
851
883
1072
910
1040
1102
1157
1263
979
1044
1206
1387
2456
1161
1463
932
1174
1489
1172
2258
1322
779
685
643
642
592
724
671
642
712
618
1019
1072
686
669
666
645
609
661
699
991
720
670
1371
928
957
909
1046
1133
1327
1443
1634
1915
2368
2266
1992
1189
801
1656
851
810
839
723
1102
1181
1020
884
690
811
796
710
702
688
892
793
782
692
709
718
769
711
1121
880
808
738
1002
1005
1385
610
560
562
575
859
729
873
1084
1262
1473
1436
723
644
2077
809
1767
629
610
1800
584
1979
562
564
666
576
2266
567
2317
877
871
1090
884
1904
812
707
886
561
2041
588
1709
615
566
1001
929
1341
945
880
974
869
793
