4981
5082
5079
5087
5267
5340
5096
3215
3318
3304
2362
2255
3972
2314
2706
2749
2801
2860
2574
902
1926
1975
2031
2092
1222
1225
2464
1918
4754
691
640
685
718
738
744
840
912
973
1058
1733
650
655
644
660
673
710
730
748
784
823
867
849
867
886
900
961
997
1009
998
1050
1140
1187
1245
1299
1349
1350
1391
1421
1539
1427
649
634
716
699
692
714
732
800
809
630
690
749
771
826
885
944
1037
1075
1161
1213
1275
1292
1389
1454
1534
1598
1624
1643
1730
1770
1846
1902
1947
1969
2046
2096
2175
2089
2089
2115
2162
2221
2306
2385
2457
2478
2537
2574
2647
2741
2804
2915
2958
2947
3004
3085
3119
3170
3223
3290
3326
3351
3399
3455
3507
3564
3605
3659
3692
3758
3788
3809
3802
3809
3848
3898
3941
3975
4045
4086
4143
4198
4238
4275
4330
4344
4359
4378
4401
4458
4492
4515
4558
4582
4608
4643
4660
4702
4725
4785
4840
4882
4949
5012
5084
5176
5208
5263
5318
5346
5371
5386
5398
5426
5447
5478
5530
5574
5616
5657
5688
5779
5845
5890
5978
6057
6110
6157
6193
6216
6276
6344
6156
6203
5715
5717
5761
5702
5721
5257
5223
5080
5092
5063
4838
4842
4467
4547
4573
4336
4324
3998
3995
3864
3928
3910
3680
3665
3209
3251
3291
3100
3160
2824
2859
2662
2662
2664
2421
2445
1992
1984
1991
2032
2105
1664
1714
1663
1677
1702
870
1086
589
592
614
613
958
591
630
518
545
868
620
1014
592
597
625
692
997
633
690
680
741
1056
581
992
605
637
771
620
885
597
608
544
620
807
631
1014
603
621
670
683
1045
611
643
511
574
866
594
1071
573
582
613
651
1008
621
646
697
800
1062
584
797
603
640
560
597
753
598
1075
582
630
771
557
841
632
666
562
591
984
607
673
697
770
1079
591
853
633
676
573
607
957
608
635
712
762
1034
582
819
600
587
551
626
998
575
587
545
620
830
612
1001
585
644
767
581
966
583
591
614
650
990
569
572
571
596
961
603
820
590
599
545
550
948
555
592
614
654
1017
598
943
590
646
677
637
1043
603
606
538
605
835
589
1028
577
577
688
603
804
578
613
510
573
1006
630
687
656
690
1039
609
926
572
643
702
615
1002
597
624
545
598
818
604
1008
595
623
728
606
851
625
660
518
569
847
598
1025
603
636
671
576
814
568
619
492
587
872
555
979
559
579
595
634
1027
569
599
601
629
862
587
977
586
610
630
682
1034
580
867
606
676
1113
1032
1055
731
763
583
628
532
574
817
586
973
619
653
747
573
1358
916
949
963
1007
1089
782
972
578
614
637
695
969
584
826
554
608
578
597
1001
614
837
601
696
625
653
1007
599
801
614
664
599
649
1042
584
811
566
586
555
615
795
612
1059
618
643
631
629
1052
610
623
648
681
791
593
1007
586
712
687
737
904
613
1055
610
634
664
689
984
624
875
618
682
629
680
1029
614
875
600
655
602
640
1015
603
824
590
650
545
583
925
585
832
583
599
567
642
866
575
1003
608
622
663
696
981
577
585
589
571
841
594
1078
616
634
633
638
983
587
810
585
585
566
589
799
588
1012
612
628
681
746
975
652
1053
593
689
716
683
895
580
1017
607
619
654
616
1037
591
658
604
617
960
574
822
568
649
558
566
762
596
849
602
653
548
580
840
585
1024
582
580
595
598
803
581
1061
597
615
619
642
998
578
674
725
744
907
605
948
601
638
681
723
884
608
997
633
692
668
683
986
615
1065
619
655
714
749
871
594
858
609
669
531
627
911
659
870
627
666
505
587
904
606
823
593
640
561
612
814
595
1058
613
613
687
675
871
618
990
627
683
728
744
980
611
627
644
691
822
581
1011
587
602
669
715
1064
583
808
593
639
147126
644
1212
654
703
664
721
990
616
642
560
602
825
578
989
561
635
858
607
1002
595
646
710
738
1025
624
654
628
653
820
584
894
601
661
705
549
833
595
630
584
611
848
619
1007
601
633
718
618
849
571
591
537
575
797
616
949
582
600
686
569
803
572
601
538
586
782
595
1047
608
584
606
667
892
592
655
692
702
954
573
790
600
660
515
612
826
613
1042
593
610
650
593
780
604
659
515
582
1313
905
967
996
960
980
670
931
619
656
691
714
932
618
646
678
717
1083
587
914
594
638
680
684
825
611
624
540
607
956
629
644
666
709
994
614
815
612
666
536
636
852
607
990
585
571
586
613
915
600
649
550
588
843
573
951
596
597
671
614
749
650
704
513
578
981
596
661
682
722
997
623
825
615
637
558
604
893
583
579
591
603
917
573
942
605
605
610
643
878
566
621
504
573
835
620
1066
619
648
718
766
969
611
627
656
707
985
605
918
580
604
637
665
1046
585
604
552
571
922
565
652
657
670
946
597
916
612
618
618
631
978
590
629
578
567
1009
599
597
618
633
918
600
866
606
627
676
719
1003
594
640
530
587
1072
588
752
597
614
541
605
846
591
