5896
5955
6004
6027
6074
6129
6187
6181
6203
4455
10345
10368
10421
2339
2331
2387
7740
7765
7753
7687
7695
2652
2185
1461
1204
1028
953
689
1436
1514
680
680
729
757
772
780
811
788
820
835
902
930
908
925
930
972
997
1006
1006
1047
1065
1159
1229
1262
1369
1369
1446
799
933
968
995
1033
1027
1081
704
745
1059
549
508
554
595
672
734
763
803
842
936
1007
1036
1087
1133
1207
1314
1381
1476
1202
1224
1252
1280
1302
1102
1123
1132
1197
1194
1219
1263
1289
1375
1462
1558
1616
1670
1677
1691
1743
1757
1859
1929
2013
2090
2139
2216
2256
2320
2215
2216
2258
2323
2380
2491
2529
2576
2472
2527
2545
2565
2575
2623
2721
2801
2865
2919
2986
3041
3089
3114
3151
3172
3200
3225
3257
3295
3347
3383
3385
3391
3389
3414
3456
3505
3551
3626
3675
3697
3735
3807
3845
3899
3946
3992
4051
4109
4153
4163
4208
4240
4252
4292
4305
4355
4400
4425
4475
4484
4518
4541
4566
4606
4649
4700
4764
4816
4865
4893
4940
4971
5027
5069
5110
5178
5158
5185
5161
5203
4726
4805
4809
4775
4845
4315
4331
4260
4310
4296
3941
3935
3518
3527
3536
3563
3617
3161
3186
2876
2898
2690
2677
2690
2336
2346
1990
1998
1790
1857
1893
1451
1487
1420
1423
1436
965
996
772
817
732
733
1038
604
784
549
613
576
632
727
578
1015
581
580
601
653
1047
558
607
560
578
971
575
805
588
605
539
567
806
591
971
592
606
639
604
1020
588
626
588
587
995
567
776
580
580
535
545
826
572
987
547
568
606
629
986
558
567
601
669
1054
601
824
598
663
598
625
1029
557
779
599
629
548
565
801
583
814
583
610
561
597
746
597
997
615
640
554
600
811
613
1012
605
647
694
677
1031
613
640
603
624
998
602
863
563
622
557
627
838
581
987
627
629
629
667
1031
579
624
584
667
1042
600
885
580
631
509
583
897
623
990
598
618
661
642
984
546
573
641
667
1055
607
856
615
652
546
603
822
604
1055
610
654
687
722
822
600
1017
599
623
671
703
1036
604
673
623
676
1012
592
805
588
625
524
565
950
595
611
534
574
917
575
633
511
582
1014
604
624
503
565
987
558
595
624
655
1022
611
947
617
673
719
598
832
604
639
565
629
920
583
612
541
601
930
596
640
525
587
941
579
610
660
698
986
581
928
571
590
713
609
984
582
614
690
595
889
602
636
541
604
937
595
659
606
654
1033
583
1052
583
634
710
711
1040
597
631
648
675
1013
604
860
592
611
507
555
977
588
616
564
570
963
558
918
548
594
742
566
790
538
582
526
583
955
598
605
616
655
1035
594
952
556
587
608
647
1037
566
614
627
634
1010
590
901
554
573
622
629
1056
605
643
553
569
971
601
669
614
627
979
575
962
596
620
653
687
1019
604
598
487
555
1032
606
627
654
712
1037
583
933
562
583
569
597
981
589
623
513
587
892
619
1037
596
636
762
612
843
596
643
516
611
994
601
641
583
604
991
636
973
569
559
655
597
829
618
636
520
579
954
582
684
575
654
1008
590
961
611
611
634
662
988
623
651
518
565
824
592
1044
573
666
764
544
788
583
631
553
605
1095
603
637
491
581
938
578
976
561
571
676
573
982
584
611
608
622
1007
609
615
619
602
912
623
1018
569
568
584
573
962
570
585
670
725
924
568
656
587
590
968
598
957
597
636
651
615
986
593
647
553
578
766
568
1074
563
601
742
576
821
589
605
524
551
805
575
940
549
592
674
544
1014
537
558
592
602
983
544
589
499
572
825
543
1013
590
631
762
574
931
602
614
570
627
943
598
555
602
636
1013
588
936
579
587
713
587
831
599
664
561
607
826
626
995
629
646
669
565
864
596
621
542
576
824
599
959
593
600
705
600
921
608
636
692
735
1070
568
591
562
611
896
612
998
572
605
660
600
824
572
611
547
607
1016
600
636
668
698
1029
623
912
629
597
545
616
952
638
673
634
669
1012
580
808
607
679
541
612
957
591
628
633
665
985
605
1007
597
605
681
746
1036
612
684
567
619
807
598
981
572
594
730
586
967
594
630
683
645
1032
603
606
607
630
932
574
940
597
602
605
611
1015
583
590
579
585
932
577
962
584
639
677
702
1064
593
655
571
606
806
608
1017
599
639
666
533
830
662
696
528
589
807
572
1092
588
613
637
582
960
611
3441
1118
1333
1747
1775
1316
10506
9791
9789
9788
9773
9776
9791
9664
9657
9697
9742
9745
9738
9746
9759
9776
9780
9825
9879
9907
5903
6128
6117
6108
6127
6135
6014
5919
5820
5753
5653
6232
7065
7021
6979
6904
6833
6764
6708
6633
6559
6532
6578
6125
6075
6099
6182
6177
6126
6151
6169
6211
6277
6319
6361
6367
6538
6573
6621
6009
5893
5864
5831
5846
5836
5828
5824
5829
5838
5813
5822
5858
5901
5911
5927
5921
5923
5919
5972
5965
6014
6064
6074
6092
6123
6133
6161
6201
6245
6310
6326
6377
6323
6306
6325
6348
6341
6400
6434
6459
6483
6492
6206
6219
6052
6050
6060
5774
5836
5360
