3522
3048
2341
1248
723
639
962
681
891
859
849
888
869
844
1025
1066
883
737
1365
1655
743
673
663
1126
1250
998
731
882
612
1006
666
649
956
1644
1824
1383
1108
984
731
2297
1198
1047
734
842
870
1934
785
1213
928
879
923
1442
714
773
701
1104
1001
1655
1946
926
767
887
736
1808
687
1041
700
649
803
903
1426
624
765
664
632
1026
766
764
700
650
919
1220
821
733
600
665
664
1677
878
699
626
643
1222
1039
653
683
673
906
1975
799
655
879
709
636
632
1090
640
904
948
888
755
744
899
1099
1646
1063
1026
1171
1292
723
717
690
884
696
646
769
888
1941
707
627
918
708
614
691
1147
917
940
1026
690
727
1094
965
963
669
696
1347
1564
1363
922
808
1331
1240
803
863
909
1031
1019
1107
723
724
720
756
1820
1654
1163
1009
1045
1306
1158
1565
839
811
845
1607
2199
674
1091
842
852
956
1855
947
901
895
1262
1008
1148
690
1166
748
1368
1027
1529
2124
1111
650
1456
879
853
680
657
764
1504
2737
1684
1288
766
708
1998
1541
851
825
962
870
802
1379
1320
1105
733
2113
1860
1224
846
1540
2071
791
2119
858
807
1029
1122
1410
1941
1288
942
2290
1164
717
767
697
823
818
875
1088
1252
645
881
918
671
649
901
821
802
1400
770
622
699
1376
855
703
858
705
757
1169
1281
1240
866
661
646
652
750
1450
999
1075
839
839
916
640
821
644
790
683
923
629
863
893
678
626
638
1451
1049
867
1070
699
1170
2757
782
654
757
637
614
648
599
796
2257
690
726
719
728
914
1087
713
699
1152
1108
1259
1086
1604
761
889
729
930
1295
903
1285
1376
853
895
1053
884
658
818
1237
1435
914
989
1407
961
1032
749
1110
824
1407
955
952
938
958
950
934
825
1019
1141
809
905
844
740
670
680
793
1116
1991
1339
805
664
648
610
636
631
1303
613
2079
981
1023
1019
963
834
904
908
1870
1090
1238
873
1041
868
1067
1015
1274
1414
2621
771
1083
938
708
1234
918
735
625
642
630
604
618
2853
636
1484
740
1064
2572
1771
934
686
675
1181
1170
706
894
1424
1113
2460
3198
1101
910
1318
1560
1211
626
602
1322
1115
651
1635
775
609
629
644
2698
1491
654
613
665
654
1902
834
620
801
1183
689
829
831
858
604
633
846
1162
777
848
959
796
1127
1081
870
813
878
606
607
1129
849
832
772
851
863
883
1120
861
642
882
872
605
830
897
845
753
981
833
856
872
855
603
831
853
613
870
613
925
937
615
917
806
612
841
642
819
654
918
747
744
785
778
809
766
747
764
792
830
776
726
976
1067
761
2084
659
703
653
736
870
858
628
912
642
832
684
857
679
852
594
664
1079
860
1172
659
1298
668
858
672
814
828
671
902
655
865
708
996
1166
850
1019
835
1184
734
618
649
631
1283
661
605
612
1041
666
928
880
615
757
950
654
656
737
614
605
782
693
833
844
851
868
737
856
845
827
949
602
640
872
865
857
857
815
846
835
915
734
649
638
665
672
623
871
1241
683
627
683
697
926
815
963
792
788
626
629
694
716
697
654
660
638
615
801
680
687
1622
663
627
973
664
625
1274
616
622
611
625
958
705
758
712
726
741
1715
674
601
583
662
585
825
614
645
630
745
592
2182
872
841
592
623
967
1020
947
830
1093
1033
900
636
860
1246
812
1023
1009
825
822
1170
1184
880
1984
1202
1083
779
1229
1050
865
680
729
727
2314
959
781
850
1136
1036
810
781
2452
774
721
893
1366
739
665
1772
1488
930
721
1057
1905
771
728
690
1705
1109
1423
993
717
1263
2341
2386
1295
1284
693
709
776
741
1032
1351
2040
882
602
742
670
676
885
691
717
621
661
765
1681
641
673
612
620
665
638
1164
719
658
1535
749
795
726
1139
584
667
621
683
597
1352
1884
684
964
611
840
1010
650
865
693
750
600
1005
1352
1330
629
672
694
655
1391
883
583
837
968
699
692
1364
1585
720
624
622
1461
693
2274
901
595
627
815
1249
1135
831
1555
740
808
728
975
1184
697
627
652
649
850
1369
638
707
788
676
633
914
1190
608
643
646
1173
773
827
687
608
645
616
785
841
1252
651
858
1019
808
895
1912
2550
647
622
635
1280
827
811
596
789
694
580
839
1365
961
863
872
780
827
1144
1667
858
811
1492
1207
1142
728
760
1260
1285
1005
661
1373
1963
706
669
1269
1367
1790
1557
902
700
679
795
1577
985
975
1248
896
761
745
1440
1003
994
985
2005
1218
1046
827
783
1567
1359
829
911
1790
1023
834
1481
1096
958
1006
985
1441
2139
1222
742
757
931
1309
885
1306
987
687
902
1334
2035
725
725
1870
1426
1845
807
847
851
656
940
602
1683
980
610
651
793
850
950
669
824
831
845
1536
642
656
612
569
632
909
602
622
1080
615
2191
911
688
640
671
623
1049
1116
603
589
1046
811
1192
1098
802
864
971
746
1744
1118
952
851
877
1190
1044
817
1418
1209
655
832
782
787
846
757
646
775
1397
1213
857
716
688
1110
1818
