2550
593
610
1757
1335
1299
4220
960
930
951
947
963
986
1005
915
815
735
667
579
1660
1107
3863
2268
2325
2372
2399
2446
844
1563
1608
1642
841
1221
1243
886
1993
878
786
863
1507
5925
3214
2946
2958
3012
2329
1815
1804
1789
1769
1752
1745
1558
1566
1596
1737
1778
1817
789
597
558
1179
630
674
745
782
873
955
998
1077
1089
1114
1117
1119
1222
1324
1380
1475
1530
1512
1549
1617
1644
1732
1779
1857
1879
1908
1969
2029
2107
2191
1896
1846
1219
1257
1291
1324
1378
1464
1512
1576
1597
1655
1671
1697
1702
1771
1852
1951
1991
2089
2096
2072
2119
2065
2099
2139
2199
2279
2349
2370
2387
2378
2388
2410
2453
2489
2525
2579
2620
2603
2644
2673
2708
2756
2809
2851
2872
2831
2895
2990
3079
3118
3059
3120
3159
3065
3089
3120
2679
2723
2406
2397
2172
2171
2186
1851
1885
1728
1738
1768
1429
1452
1444
1444
1429
878
914
592
638
772
612
822
593
636
504
563
1040
626
668
522
589
1043
603
596
515
601
962
606
629
544
598
931
574
602
637
659
1165
621
666
671
728
1040
574
957
599
631
768
611
938
604
652
676
580
887
612
684
560
617
932
617
643
554
575
763
604
985
605
660
779
604
815
579
651
560
574
919
577
605
641
684
1090
604
779
590
612
547
598
849
593
965
607
620
681
707
937
573
628
491
551
865
589
1023
552
585
691
604
958
559
552
571
566
1001
579
581
559
599
834
596
1089
580
581
649
565
771
624
678
555
597
807
631
959
596
645
753
575
779
579
637
512
589
933
541
586
599
635
983
590
946
568
611
665
663
1058
609
639
551
568
825
572
946
586
634
693
561
872
566
629
518
623
914
629
985
607
622
648
688
1013
613
630
572
568
807
621
1031
590
622
680
604
1292
1330
1250
1241
10512
1190
668
737
617
610
620
679
699
801
801
856
1558
972
959
1000
1058
1092
1093
1199
1179
1427
575
643
679
728
780
874
921
975
1058
1096
1184
1242
1312
1378
1487
1533
1378
1407
1456
1477
1493
946
983
938
1279
641
688
722
818
893
941
980
1049
1079
1156
1213
1280
1351
1424
1459
1538
1598
1689
1758
1803
1837
1615
1636
1681
1770
1246
1274
1281
1313
1340
774
805
807
886
932
962
986
1016
1093
1205
1234
1253
1284
1347
1345
1397
1464
1529
1598
1622
1685
1521
1575
1601
1690
1391
1349
1361
1357
1348
965
1032
1080
1101
932
972
1003
1063
1170
1251
1106
1149
765
800
870
854
966
615
1113
633
707
714
1186
651
707
770
857
610
677
704
1001
606
642
707
658
988
609
645
529
608
1091
637
709
696
724
1200
1241
1311
676
712
736
830
1536
617
637
675
706
1071
588
785
600
612
1411
630
651
668
738
794
829
700
802
806
2057
1045
1000
1000
574
635
688
736
790
866
941
990
996
1013
939
935
954
738
1067
602
665
701
686
1079
609
672
1454
945
992
998
1247
637
700
726
818
855
630
666
707
750
1022
636
886
623
668
510
569
1003
619
626
536
1197
619
627
759
597
929
583
647
691
705
1034
587
605
630
635
1021
588
645
563
600
817
605
1107
659
679
736
1157
612
629
663
695
704
572
644
806
598
646
541
608
957
617
683
657
699
853
584
1128
591
609
670
669
1074
1163
566
589
622
676
937
609
664
853
619
649
758
608
802
575
632
521
579
796
600
1015
610
631
685
697
1281
1148
592
594
628
637
587
642
662
717
748
753
857
637
681
523
566
830
593
1067
566
598
638
568
902
581
643
639
622
650
623
1064
1193
933
976
984
1024
889
937
940
963
1042
611
851
582
643
551
577
810
556
1165
597
641
1221
592
625
674
703
720
568
656
692
771
587
596
640
594
1055
627
694
708
746
956
556
819
599
694
573
572
1473
1315
1383
974
993
857
1063
589
676
733
718
734
943
603
784
620
614
577
594
976
587
612
638
668
894
585
1187
1236
599
615
663
696
811
1599
662
681
708
588
840
626
638
518
580
795
566
872
586
642
606
663
1970
1462
1472
1150
1206
1180
1205
1296
813
590
637
668
759
866
931
764
884
606
695
602
699
1069
627
859
572
671
562
1060
1095
576
752
634
681
562
610
796
587
1354
1139
631
635
707
742
765
787
803
846
713
749
872
555
1270
1143
1186
881
883
955
991
1537
899
1786
1253
1331
1376
1031
1387
1153
903
1655
1681
1677
917
1300
1305
929
911
930
902
915
907
1261
979
980
939
1465
1632
1158
1097
1098
1077
919
911
970
991
977
1022
1039
1071
1124
1134
1177
1196
1230
1305
1366
1419
1506
1562
1602
1546
1607
1697
1764
1810
1854
1866
1893
2278
2361
2423
2204
1423
1402
1430
1494
1512
1592
1590
1614
1655
1701
1741
1791
1798
1881
1886
1947
1945
2046
1347
1376
1415
1451
1485
1548
1603
1616
1654
1722
795
830
893
971
1031
1104
1091
1134
1157
1197
1276
1302
1338
1431
1452
1488
1476
1503
1597
1077
1117
1182
1228
1275
1321
1380
1486
1470
3853
5009
928
642
610
643
709
701
662
626
648
667
698
755
760
821
845
993
623
622
700
786
832
887
955
1010
1044
1130
1187
1251
1349
1413
1456
