6066
6054
6101
6179
6213
6219
6212
6238
6283
4318
4273
4348
13254
3014
1154
5426
3961
3643
3600
3650
3700
3763
2457
2414
2035
1980
2044
2071
2164
2191
2230
2267
2262
2253
2318
2355
2348
2392
2460
2498
1719
1741
1778
1805
1868
1816
1831
1851
1951
2048
1947
2011
2054
1493
1453
1475
1526
1569
1592
1647
1657
1713
1766
2942
891
1039
942
771
855
920
899
933
992
1044
1038
1062
1058
1108
1132
952
999
1026
1061
1175
1220
1226
1189
1240
1341
1413
1148
700
725
763
810
887
916
998
1046
1130
1180
1238
1299
1357
1403
1414
1407
1505
1564
1588
1638
1664
1718
1789
1819
1899
1902
1944
1979
2035
2122
1408
1428
1486
1552
1589
1666
1736
1837
1888
1976
1997
2043
2095
2147
1858
1879
1913
1528
1528
1597
1652
1716
1766
1811
1795
1836
1840
1872
1927
1977
2020
2094
2118
2124
2145
2174
2194
2215
2223
2259
2291
2332
2418
2487
2514
2044
2094
2106
2187
1525
1559
1587
1620
1679
1695
1734
1772
1821
1844
1884
1900
1920
1950
2001
2035
2078
2158
2183
2211
2234
2268
2270
2299
2368
2166
2225
2134
2190
2218
2247
2454
627
641
697
734
851
852
914
960
991
1051
1092
1142
1210
1293
1394
1454
1512
1552
1596
1692
1496
1512
1575
1616
2479
691
606
628
683
741
821
921
1015
1090
1140
1163
1190
1238
1273
1303
1361
1396
1433
1447
1482
1509
1485
1487
1459
1538
1564
1579
1653
1647
1690
1336
1331
1431
580
609
906
623
677
689
749
777
797
875
911
991
1048
1067
1100
1117
1216
1265
1279
1318
1369
1369
1434
1492
1580
1665
1726
950
956
1004
1028
1019
726
771
808
842
888
951
993
1068
1150
1115
1158
695
748
800
777
1110
611
670
465
531
1030
615
4095
1128
883
934
1033
1060
1103
1151
1210
1229
1201
1259
1142
1147
1203
1260
1278
1338
1335
1434
1477
1544
1560
1552
1047
1037
744
644
634
690
724
749
792
828
889
736
744
772
770
1015
587
644
504
618
847
577
1001
576
654
712
696
1180
565
618
480
532
837
566
1014
599
628
753
591
995
591
645
666
646
1017
600
656
510
586
808
601
1050
603
663
646
566
862
596
627
506
756
830
572
1101
590
602
682
567
877
590
653
710
602
1042
577
635
569
589
820
575
1002
596
651
701
703
962
581
652
630
683
1034
586
910
579
602
654
655
1018
596
636
508
536
864
595
986
559
571
657
587
809
578
613
574
605
831
615
1007
584
580
610
537
937
598
618
535
609
824
629
1050
596
608
668
702
943
567
623
556
580
828
600
1030
594
604
638
663
911
625
647
691
704
1007
593
946
601
622
689
608
833
580
619
558
578
909
597
649
524
602
844
564
1236
942
996
885
880
897
659
986
603
668
718
753
1026
637
675
515
646
932
605
991
583
668
736
758
1028
609
640
645
698
1032
619
801
602
637
525
604
793
591
978
567
605
681
582
822
581
619
554
605
831
599
1032
576
593
574
615
930
604
627
534
550
820
569
1029
616
646
660
681
989
586
625
653
693
979
613
817
593
625
581
635
827
614
1003
589
618
639
572
909
590
603
560
589
768
609
1005
594
627
686
592
852
595
618
513
582
801
564
1076
606
634
643
692
917
606
694
558
619
822
582
1012
599
612
645
574
848
630
702
548
620
813
605
1040
604
603
645
707
996
619
709
698
712
899
624
968
620
630
679
694
1360
612
793
602
668
594
651
993
609
834
598
643
612
671
996
596
920
572
592
634
665
987
590
838
639
634
614
679
1018
640
876
578
580
522
560
823
602
945
590
629
714
717
1008
624
954
573
615
645
662
820
591
848
564
621
2383
1379
2170
1316
1248
1252
1273
1339
1374
1469
1507
1589
1610
1649
1693
1752
1811
1880
1958
2047
2041
2091
2127
2151
1903
2006
1468
1498
1507
1435
1490
1203
1270
748
759
789
816
995
638
710
680
717
918
613
1099
635
664
703
726
850
634
1041
614
652
704
739
827
586
1047
572
664
683
716
973
607
953
610
634
666
746
1001
596
869
607
623
670
736
1051
591
808
573
649
630
666
885
614
944
628
644
726
793
1058
612
794
576
654
600
657
996
592
796
600
671
640
677
1109
594
817
616
652
618
676
975
608
825
650
700
667
714
963
572
947
607
681
650
726
882
635
1076
600
641
695
722
857
607
855
615
1030
606
634
667
657
899
632
663
703
773
924
625
991
631
660
699
748
1043
632
831
599
642
517
553
793
600
866
632
689
565
605
526
601
652
718
786
639
684
815
620
2731
2147
1211
1836
1170
1362
1153
903
1979
2006
2072
2113
888
1267
1260
592
941
950
1044
1108
935
1018
1060
1105
1175
1225
1288
1367
1436
1438
1250
1724
643
682
743
774
852
931
990
1066
1055
1114
1203
1278
1361
1352
1423
644
701
733
671
1107
640
667
745
770
872
989
1083
1114
1148
1203
1224
1260
1089
1113
1177
1242
1278
1260
1349
1430
1545
1582
1645
751
779
668
623
678
715
744
810
882
969
1037
1115
1176
1241
1281
1368
1401
1471
1481
1457
1505
1497
1484
1520
1586
1612
1675
1732
1817
1846
1911
1906
1966
1708
1698
1703
1706
1711
1767
1590
1679
