5532
5782
5913
6032
6196
6055
5999
6055
6115
6011
6073
5933
6094
5326
5240
5269
5320
5383
4557
3721
3472
3348
3444
3618
2950
2113
1495
1463
1443
1138
900
1869
2978
4067
5053
5909
6123
6693
6451
5953
5023
4287
3553
2829
2106
1439
1539
1445
1542
1659
1043
915
1045
1252
1329
1402
1499
1587
1692
1808
1913
1925
2003
2146
2279
2347
2447
2410
2437
2508
2594
2636
2720
2790
2860
2931
3022
3090
3132
3196
3291
3392
3510
3599
3686
3796
3820
3880
3950
4009
4110
4186
4270
4272
4332
4394
4478
4533
4604
4642
4726
4797
4871
4931
4969
5036
5121
5217
5333
5409
5481
5487
5316
5357
4655
4327
3407
2578
1780
1537
1355
1084
1221
1304
1313
1337
1350
1400
1317
1267
1374
1434
1469
1530
1566
1595
1858
1793
1713
1492
1037
1257
1499
1640
1761
1873
2020
2119
2228
2201
2161
2074
1714
1776
1783
1536
1228
1602
1746
1946
2008
2079
2117
2170
2115
2074
1964
1971
1797
1767
2172
1537
1322
1879
2239
2202
1898
1502
1359
1327
1737
1703
1462
1341
1252
1262
1173
1367
1128
1581
1309
1249
1375
1302
1434
1438
1392
1218
1331
1274
1101
1127
1322
1278
1518
1374
1542
1413
1413
1544
2036
1613
1321
1063
1181
1153
1112
1076
987
1031
1089
1619
1488
1456
1307
1402
983
1044
1077
1026
902
984
1099
1087
1004
881
1110
1284
1433
1373
1299
1430
1392
1005
996
1069
1044
982
996
990
976
988
957
1093
1326
1331
1377
1308
1307
1337
1342
1035
1078
1099
1020
954
910
1418
2274
3056
3646
4030
4409
4710
4227
3764
3280
2803
2697
2554
2404
2102
1956
1866
2389
3099
3821
4555
5107
5564
6078
6407
5804
5182
4587
4014
3784
3484
3322
3271
3236
3120
2909
2530
1665
1405
1442
1289
1208
1212
1380
1030
884
876
953
1009
1548
2769
3800
4669
4818
4617
4387
3846
3241
2798
2375
1860
1508
866
799
779
824
869
957
1018
1019
1059
1094
1107
1091
1226
1180
1174
1138
1181
1284
1014
1406
1678
1786
1801
1810
1685
1616
1584
1550
1505
1134
1115
1203
1159
1126
1171
1059
806
935
1083
1119
1173
1197
1251
1327
1478
1496
1434
1374
1220
1224
1352
1274
1425
959
1103
1219
1364
1447
1481
1484
1554
1660
1797
2036
1939
1888
1786
1714
1587
1532
1563
1610
1700
1666
1579
1513
1579
1607
1631
1599
1651
1711
1695
1422
1365
1420
1446
1454
1398
1438
1489
1546
1624
1650
1739
1812
1786
1806
1852
1819
1821
1842
1877
1892
1931
1937
1984
2033
2085
2136
2164
2174
2284
2295
2354
2396
2409
2443
2436
2461
2452
2488
2542
2463
2494
2526
2500
2529
2570
2603
2697
2687
2702
2719
2748
2799
2859
2919
2990
3057
3000
2987
3007
3031
3035
3008
3002
2946
3012
3010
2979
3003
2978
3032
3061
3076
3081
3119
3109
3147
3155
3221
3276
3212
3193
3221
3357
3417
3455
3589
3298
3284
3363
3160
2817
2674
2635
2582
2555
2573
2567
2574
2632
2553
2538
2547
2573
2599
2524
2436
2461
2448
2427
2372
2349
2375
2373
2346
2251
2223
2280
2238
2183
2137
2045
1702
1637
1207
1177
1412
800
994
950
1047
1394
849
1442
784
867
1091
988
1548
831
1058
828
850
1260
828
1565
953
1189
1332
779
1249
826
991
771
801
1417
849
980
1133
1285
1535
772
1248
1050
1230
886
827
1375
826
966
857
845
1702
965
1238
1007
930
749
769
1295
1021
1554
761
830
1060
922
1308
847
1542
957
1086
1240
1209
1547
766
882
791
851
1205
784
1501
949
998
1034
1088
1479
801
1130
842
769
756
861
1332
746
1549
959
1138
1056
900
1318
938
1565
945
1153
1263
1163
1352
747
866
809
750
1288
732
1858
925
1094
1279
1304
1399
826
1403
863
1039
1050
1087
1407
829
1401
747
832
824
868
1494
789
1335
928
1020
768
743
1254
829
1671
922
1110
1259
1147
1337
759
1513
966
1047
1173
1069
1309
756
1658
958
1185
1091
927
1522
920
1032
1015
1101
1284
749
1503
966
1103
1082
992
1320
761
1650
912
1025
1067
1098
1396
747
1257
924
1029
934
884
1485
865
1197
801
797
726
814
1260
1001
1504
912
1083
1110
921
1291
793
1518
796
899
1053
986
1603
757
890
959
906
1506
770
1303
774
800
1006
992
1245
928
1332
905
1067
786
814
1210
870
1250
744
809
760
764
1158
736
1645
913
1037
1134
1248
1357
1126
1170
1212
1149
1161
1171
1399
2159
3085
4101
5153
6259
6955
6548
6212
5918
5713
5590
5267
4788
4283
3859
3393
2986
2598
2088
1982
2081
2174
2176
2203
2249
2355
2392
2445
2466
2531
2612
2765
2897
3024
3094
3232
3357
3448
3547
3567
3623
3783
3336
2985
2052
1451
1263
896
931
1113
1179
1276
1399
1547
1675
1750
1760
1806
1916
1952
1959
2017
1327
1101
1175
1160
1129
884
890
1004
1134
1266
1444
1524
1648
1766
1930
2105
2274
2522
2679
2835
2918
2842
3030
3201
3361
3449
3451
3227
3291
3363
3091
2599
2019
1585
1208
1337
176141
1930
2843
4154
5441
6320
6347
5663
3884
3679
3575
3580
3574
3276
3321
2790
2783
2809
1966
1940
1570
1602
1667
1116
1604
865
1111
1123
848
1195
858
1092
790
870
1540
971
1213
1248
1342
1498
832
1416
878
1042
795
808
1415
839
1032
792
841
1577
923
1217
1042
1174
1169
1145
1265
1164
1123
1123
1135
1160
1316
1155
1273
972
905
960
1023
1063
1171
1358
1584
1797
1923
2024
2196
2366
2620
2832
2999
3043
3180
3328
3491
3657
3824
3970
4133
4303
4451
4619
4807
4911
4982
5046
5170
5237
5171
5246
4687
4422
4068
3782
3494
3667
3820
3930
4071
4225
4340
4404
4501
4635
4802
4962
5062
4758
4777
4920
