4249
4418
4719
4757
5722
5681
4201
3851
3897
4044
4025
13114
2495
1867
901
637
833
659
642
641
662
673
673
723
694
710
740
766
823
882
934
950
979
1031
1090
1084
1092
1985
2082
2166
2256
2086
2097
2199
2192
2169
2158
2122
2093
2150
2195
2241
2300
2163
2242
2254
2323
2370
2431
2486
2564
1951
1945
1635
753
773
834
585
660
679
761
804
841
951
975
915
958
1043
1105
1182
1229
1091
1137
1142
1157
1177
1197
1216
1280
1278
1292
1328
1330
1359
1372
1403
1434
1510
1544
1596
1662
1744
1828
1883
1971
1968
1998
2047
2084
2173
2284
2378
2443
2455
2448
2510
2565
2624
2698
2828
2852
2883
2932
2975
3046
3086
3127
3166
3186
3192
3245
3284
3346
3392
3458
3535
3639
3681
3705
3787
3840
4437
4493
4561
4605
4698
4744
4768
4381
4130
4198
4261
4299
4334
4343
4307
4337
4366
4404
4469
4516
4541
4561
4576
4611
4623
4705
4777
4861
4881
4905
4934
4947
4966
5037
5138
5212
5188
5197
5208
5220
5240
5277
5303
5358
5422
5464
5500
5520
5515
5550
5551
5558
5614
5645
5710
5746
5758
5771
5778
5799
5838
5864
5899
5953
5995
6048
6091
6088
6112
6124
5941
5976
5711
5763
5512
5531
5575
5361
5369
4892
4881
4861
4775
4791
4555
4593
4347
4356
4390
4137
4175
3759
3764
3807
3678
3673
3385
3391
3211
3242
3283
2999
3039
2584
2599
2636
2649
2650
2256
2322
2130
2153
2149
1861
1898
1435
1458
1516
1412
1421
1159
1155
1022
1046
1094
863
1083
602
620
687
750
1090
628
670
696
714
830
623
1033
620
651
694
712
1367
608
824
591
609
653
688
985
597
812
607
633
676
720
956
607
818
589
663
656
706
996
587
811
584
611
639
661
987
604
805
579
649
482
574
832
588
968
600
671
710
673
904
620
961
632
694
725
762
904
628
849
600
630
529
629
823
632
878
616
668
531
581
834
598
972
595
615
661
702
841
601
1000
616
641
665
707
823
602
994
580
594
628
629
882
592
937
599
615
648
661
1000
605
681
686
741
912
606
1025
617
665
713
764
954
625
986
658
724
743
825
965
584
957
547
611
698
763
927
599
979
591
653
698
779
1005
592
851
607
658
654
700
975
612
820
610
672
671
695
852
615
929
621
703
706
730
980
593
790
597
619
612
652
975
614
791
616
673
668
684
1080
624
830
597
644
664
702
944
637
839
642
695
696
739
997
582
854
638
719
649
723
913
654
1013
614
675
688
746
881
600
824
614
1014
633
683
697
710
937
620
635
689
722
840
628
947
637
718
702
753
1018
612
813
620
714
539
585
828
609
830
601
646
543
573
778
594
857
634
674
554
570
733
584
1057
616
634
653
660
803
603
1007
598
605
637
653
908
627
615
684
739
851
627
1014
591
621
641
667
916
599
868
594
655
564
615
798
583
897
623
649
531
583
818
609
1000
605
620
658
703
841
620
992
608
644
692
741
930
576
952
611
624
648
718
1010
625
642
671
735
1012
595
826
605
652
629
677
1018
647
861
624
676
648
675
1028
587
909
566
597
631
677
835
589
996
591
603
658
688
965
581
640
545
575
1030
601
625
556
604
929
616
605
534
544
807
601
965
598
629
661
550
769
602
687
571
598
943
612
601
648
713
930
612
942
626
630
697
724
1291
926
967
972
811
572
621
629
669
715
585
690
930
636
699
525
618
900
599
965
596
626
677
622
846
602
621
544
608
822
582
1139
622
650
671
708
988
603
673
532
583
849
604
993
607
621
616
595
904
600
623
684
738
991
621
809
638
667
553
589
799
619
883
616
683
537
591
814
618
1077
604
607
647
592
768
599
613
527
584
810
624
892
613
642
520
552
933
587
667
622
662
993
591
897
642
626
665
681
864
623
1049
634
649
683
711
924
570
617
551
623
806
588
957
625
667
698
734
1042
589
630
571
589
820
575
977
600
625
689
712
919
603
651
518
580
830
610
1024
697
590
603
598
763
612
661
506
604
914
624
970
618
644
709
552
892
598
638
513
570
988
607
648
711
756
1003
613
889
621
661
559
630
918
616
678
697
724
1006
616
839
635
678
563
583
942
579
596
654
673
995
586
898
570
605
635
654
957
578
594
590
640
983
599
777
618
651
594
618
933
624
643
676
715
846
594
1024
622
664
585
617
847
610
844
613
657
520
585
947
624
661
689
750
1046
602
868
583
611
547
591
852
614
966
587
658
699
1075
1505
879
1108
771
15968
14488
14505
14586
14599
14626
14651
14688
14720
14723
14718
14739
14729
14742
14722
14761
14816
14869
14853
14887
14759
14742
14777
14782
14853
14859
14908
15012
15038
15091
15132
15205
15237
15278
15360
15411
15435
15435
1782
1075
582
814
732
726
793
729
739
814
786
850
861
939
811
852
887
925
931
952
1304
1369
1404
874
935
981
1019
1022
1090
1116
1116
1104
1119
1265
1309
1345
1418
1451
1482
1526
1617
1710
1752
1833
1775
1814
1864
1894
1977
2029
2098
2154
2207
2266
2348
2394
2456
2520
2591
2638
2659
2678
2729
2823
2870
2908
2944
2978
