4219
4241
4496
4516
4544
2532
2210
2256
3987
8735
1580
1556
1529
1528
1455
1130
1259
3747
720
702
776
675
630
643
673
696
697
760
832
848
938
1009
1184
578
622
649
1081
725
633
592
644
695
620
645
684
712
743
827
877
923
1012
1078
1158
1204
1277
1327
1404
1419
1506
1561
1664
1772
705
1296
641
615
618
582
581
771
612
658
724
747
773
826
903
934
985
1016
1088
1166
1210
1192
1235
1287
1344
1427
1497
1547
1633
1732
1786
1803
1745
1809
1915
2017
2070
2089
2123
2139
2198
2271
2351
2458
2516
2581
2607
2641
2697
2793
2855
2918
2974
2999
3048
3075
3084
3121
3186
3242
3274
3323
3382
3488
3517
3573
3654
3716
3780
3388
3365
3381
3390
3418
3398
3403
3415
3429
3468
3476
3438
3433
3429
3442
3508
3545
3606
3648
3635
3633
3666
3723
3726
3749
3765
3847
3945
4008
4078
4062
4060
4074
4059
4045
4065
4073
4074
4095
4135
4161
4195
4217
4217
4222
4214
4222
4295
4305
4315
4320
4359
4375
4373
4443
4539
4558
4581
4646
4713
4771
4846
4923
4865
4889
4916
4960
4998
5048
5095
5144
5178
5214
5260
5303
5332
5347
5352
5408
5451
5447
5498
5489
5497
5516
5540
5552
5189
5248
5284
5052
5044
4793
4792
4575
4597
4626
4319
4351
3902
3985
4044
3958
3947
3543
3511
3383
3378
3412
3118
3133
2656
2653
2675
2433
2420
2188
2178
2048
2088
2103
1675
1680
1668
1673
1696
1272
1314
1015
1020
866
902
929
690
1028
605
645
680
722
972
585
595
528
614
916
599
1028
614
660
720
546
1033
597
613
655
704
1024
579
620
861
880
1016
592
636
672
686
983
592
774
568
632
600
563
901
579
609
524
579
1047
595
959
570
583
595
590
984
569
612
636
678
974
582
813
565
610
518
583
940
575
595
644
694
1094
590
902
561
599
634
640
1036
552
574
556
571
1015
576
601
630
661
1001
595
954
588
621
672
633
1036
725
696
573
578
740
595
966
607
646
663
696
1013
617
727
568
593
961
591
608
663
682
1019
587
943
600
604
612
610
999
582
623
579
584
936
578
612
621
649
997
580
934
599
626
661
702
1083
606
633
539
563
832
604
955
567
591
725
618
841
619
645
552
611
840
593
999
594
655
757
600
821
592
604
517
587
965
593
627
551
569
958
569
954
586
625
634
657
959
583
661
657
677
1001
577
954
581
577
609
591
941
586
593
610
662
939
566
782
569
631
542
569
980
580
688
576
553
781
548
772
567
582
549
597
982
571
573
582
623
1011
592
976
595
613
642
659
1016
607
662
544
556
793
579
1038
635
656
729
587
961
548
558
677
605
979
596
609
568
609
857
614
1048
601
635
667
570
858
585
617
555
600
940
601
645
657
712
1097
594
769
582
610
543
555
973
541
578
533
636
1099
612
846
706
621
600
663
849
549
992
606
637
688
591
824
621
642
553
616
834
614
1034
603
612
622
662
950
577
597
660
710
989
583
931
631
645
692
725
1049
591
603
630
672
970
598
793
590
604
568
616
922
610
672
589
642
1033
627
863
592
629
508
596
839
608
1075
570
585
612
561
865
584
593
526
583
805
592
1068
616
681
722
763
1017
624
612
556
588
783
592
1053
581
601
708
604
801
602
630
545
607
810
589
1034
625
649
752
604
821
604
669
568
620
935
596
604
574
577
775
557
1140
573
572
684
602
945
594
607
645
698
1126
594
651
575
598
999
601
978
571
572
676
604
1014
599
597
609
644
977
622
622
568
598
845
613
1050
582
590
678
578
755
619
674
558
626
961
601
638
596
668
1041
575
918
584
602
672
587
942
569
562
567
621
1013
597
581
562
615
855
585
998
606
667
709
706
1161
614
634
580
587
798
624
1032
572
599
709
617
882
610
621
544
607
934
599
688
651
708
1067
619
877
596
625
535
591
838
597
1015
586
583
668
581
856
675
577
559
601
954
566
626
633
693
892
554
1051
592
690
636
662
995
606
894
575
651
538
591
826
617
983
609
654
712
740
891
597
1098
579
679
672
628
996
603
612
673
718
1042
597
811
609
624
524
556
950
591
1014
605
631
667
683
999
596
675
666
712
1052
585
793
582
613
539
593
932
599
681
628
667
1002
596
821
588
647
534
578
987
585
630
624
689
1040
599
804
586
602
515
590
839
589
1018
573
604
709
567
796
555
587
577
631
849
605
805
600
667
536
535
816
563
1050
608
10348
6782
5169
3201
2591
810
1914
1400
3895
695
755
1257
653
1971
642
1755
646
1804
1370
980
690
683
646
652
1463
652
609
623
617
602
609
622
590
706
774
766
816
823
883
932
982
992
999
1035
1038
1043
1109
1143
1155
1175
1200
1241
1376
1431
1541
1423
1457
1449
1499
1545
1594
1684
1730
1779
1825
1850
1871
1936
2004
2060
2137
2190
2197
2260
2323
2366
2427
2463
2515
2584
2610
2649
2665
2673
2682
2716
2722
2746
2767
2806
2816
2851
2890
2950
3005
3056
3113
3136
3155
3198
3253
3322
3395
3448
3513
3568
3631
3687
3742
3787
3830
3898
3948
4036
4081
