2393
1534
753
923
716
939
792
762
925
788
909
613
612
782
1080
770
923
621
739
934
832
628
706
702
624
617
1094
821
623
792
662
669
619
768
1188
754
850
878
1027
1183
699
1304
719
775
783
785
985
992
676
809
645
605
625
850
978
618
755
654
633
634
874
990
676
609
646
707
1425
584
707
826
662
616
634
966
604
913
823
673
989
1401
959
653
587
667
635
1935
851
633
680
618
609
1628
742
561
617
644
808
1194
788
593
625
854
919
761
627
1269
958
727
611
945
939
755
754
808
700
686
1126
647
644
614
662
831
896
1209
1650
778
675
764
574
888
2093
1335
679
656
698
1119
1333
1420
623
697
697
1001
671
809
613
808
996
629
685
815
606
635
703
652
650
1691
915
929
694
662
871
862
661
637
638
1670
1072
676
1164
963
890
1211
848
828
680
672
1908
1349
825
861
768
667
1599
1148
852
888
642
610
993
659
699
695
667
608
611
718
683
658
669
940
837
716
1005
895
653
794
812
735
714
710
759
969
771
969
799
776
728
593
717
835
746
741
592
639
604
1047
764
947
735
669
628
615
663
619
651
1165
823
928
702
689
733
807
1339
722
852
943
1102
938
926
718
1195
945
889
1179
1077
940
913
792
773
658
1178
1245
778
725
626
675
904
880
768
772
623
631
879
703
1064
669
610
631
638
663
625
653
591
675
620
652
1984
706
628
589
604
618
725
1609
676
618
592
630
619
951
598
611
1132
600
749
582
608
687
831
710
1468
587
596
601
692
1833
757
585
580
622
604
1940
1542
670
594
634
626
1113
970
734
615
577
1320
1161
611
599
594
659
614
881
1196
628
601
604
760
1074
664
580
598
576
630
1067
813
696
640
570
676
808
1177
654
579
682
753
753
1153
619
637
610
1029
1458
1388
645
572
587
650
1061
605
645
956
928
927
685
1058
599
604
834
1121
1388
829
937
920
807
928
1416
995
806
691
797
785
1593
864
729
643
791
657
1921
1012
975
898
716
879
633
1079
656
661
714
1075
2224
1188
947
1108
838
1118
1632
1330
1349
1178
1101
1194
1312
1317
1831
971
898
877
809
679
808
691
682
1716
1505
841
773
774
732
736
1472
842
714
877
730
1443
885
691
827
910
828
1210
851
838
940
849
1008
902
863
890
862
890
1184
826
679
694
671
810
1256
907
943
1043
1752
1536
973
659
1520
1256
1492
696
832
2223
1186
2057
2597
1110
1116
1401
809
1221
1667
2443
796
915
1779
1473
1011
1089
1074
1106
1035
887
1229
1320
1642
871
1034
1367
1024
941
812
1896
907
841
819
805
1027
857
1713
921
835
878
639
1028
901
2195
784
828
663
746
976
1454
812
742
869
1323
957
1641
853
816
751
761
767
1117
1827
1095
853
957
1070
1047
1005
837
974
910
788
708
1250
849
2003
879
668
1339
1004
1007
1381
2310
1186
896
932
822
878
729
1018
817
757
663
1029
889
1396
1049
1215
1161
1366
1649
1239
811
793
1024
964
899
979
900
862
873
845
866
803
705
1284
899
1249
789
1197
2077
847
848
717
703
883
1052
726
886
910
815
1025
700
1043
1115
958
659
569
577
567
584
668
557
645
582
567
629
649
589
606
1346
817
585
582
585
602
626
708
615
2294
2630
5722
1039
960
2010
995
792
1119
1010
5666
836
1004
1595
1177
1448
600
722
647
596
1044
1014
699
613
611
664
842
959
692
572
958
874
925
677
854
624
616
611
1132
1160
617
1031
701
981
642
992
1024
1052
683
1145
1107
1480
714
1037
986
873
1602
1492
900
739
663
758
902
1229
925
888
753
991
1228
1004
1043
843
1249
1092
1144
793
815
821
692
2022
1265
883
762
720
766
2005
1711
896
637
943
613
1748
690
634
585
618
625
631
1192
583
917
619
882
677
646
660
639
851
724
1503
1419
1163
912
704
643
1388
1402
646
642
593
747
2039
880
692
708
1001
1036
951
644
856
607
1145
837
881
849
1411
877
800
701
662
754
835
1177
979
926
1144
994
684
754
782
754
937
848
1079
694
1786
1984
1231
880
639
781
601
1926
646
857
879
673
591
843
814
823
613
832
1407
769
720
866
659
1487
767
685
631
623
1262
617
687
604
649
652
703
1201
1220
594
645
601
598
1153
1329
627
640
614
566
859
1736
598
640
600
609
1503
635
608
622
597
624
1598
585
609
614
562
589
972
572
630
608
563
607
1330
902
596
574
645
744
981
805
644
614
632
672
602
701
867
853
831
859
838
814
579
578
599
783
784
612
613
606
828
768
850
613
635
605
630
650
631
739
975
1070
671
724
1034
713
693
669
678
647
639
678
702
715
1105
791
739
630
728
981
839
711
688
655
651
663
996
646
668
665
599
638
649
659
666
638
723
593
599
782
650
604
601
687
881
2280
820
618
645
607
596
615
1150
643
613
602
630
624
1275
609
625
624
606
631
776
779
688
660
661
675
622
720
597
583
632
688
629
1075
603
657
606
604
633
651
1054
893
723
