3228
3576
3617
1171
5336
958
854
912
6770
2499
5024
1171
951
963
933
916
925
956
958
983
1039
1032
1092
1167
1229
1254
1330
557
1602
1159
1057
1074
1080
1104
1159
1173
1243
1291
1087
1110
1119
1120
1175
1238
1318
1395
1496
1559
1627
1652
1675
1698
1799
1875
1939
1991
2026
2028
885
1121
655
1658
1651
1589
1601
1619
1512
1579
1636
1658
1745
1772
1831
1796
1799
1799
1839
1876
1906
1926
1978
2021
2080
2076
2075
2092
2166
2219
2139
2145
2190
2247
2262
2319
2436
2495
2564
2590
2645
2700
2762
2831
2938
2979
3015
3055
3114
3157
3233
3309
3388
3417
3439
3485
3524
3581
3610
3688
3753
3803
3878
3953
4027
4084
4091
4133
4175
4209
4264
4309
4363
4399
4457
4496
4530
4564
4612
4640
4697
4758
4820
4854
4910
4970
5007
5060
5116
5146
5218
5261
5294
5332
5340
5406
5466
5492
5490
5529
5604
5647
5729
5784
5855
5881
5927
5955
5983
6019
6053
6109
6145
6181
6216
6262
6300
6372
6407
6471
6528
6594
6657
6742
6850
6905
6942
6975
7028
7084
7087
7125
7147
7146
7144
7166
7229
7299
7311
7321
7301
7315
7327
7313
7382
7398
7433
7455
7298
7322
7315
7312
7326
6869
6887
6635
6636
6435
6442
6432
6151
6176
5852
5872
5682
5677
5687
5426
5412
4985
5013
5007
5012
5008
4638
4641
4496
4589
4604
3990
3991
3708
3681
3485
3495
3516
3257
3281
2843
2857
2889
2782
2811
2495
2390
2011
1999
2007
1847
1834
1581
1578
1397
1424
1442
1130
1169
908
904
697
717
829
565
1010
619
673
720
734
980
578
620
647
691
877
600
1052
583
612
533
604
834
570
1015
581
658
690
703
1058
602
657
669
730
922
640
1018
599
672
601
636
1024
619
818
576
615
565
609
794
619
901
642
676
581
617
797
619
1029
623
654
673
731
986
566
646
589
624
1055
598
816
608
663
602
622
1056
561
815
587
640
549
575
812
561
1055
599
616
621
637
1330
649
669
637
710
912
601
1033
619
689
692
750
956
600
832
597
654
638
698
1026
597
819
570
629
595
656
1078
625
832
633
661
501
593
1086
592
602
645
671
798
580
1011
620
680
620
674
1073
613
961
593
631
720
611
867
616
648
540
606
974
598
639
521
574
839
618
1036
617
647
693
612
948
618
663
727
585
816
584
602
568
618
1006
601
665
584
604
849
601
1031
637
690
735
624
883
607
608
554
595
1000
605
629
547
555
961
601
640
701
740
1063
605
950
581
595
604
616
959
624
639
562
616
875
590
945
643
658
749
582
779
616
650
512
544
876
613
1001
599
674
764
573
803
574
587
560
597
936
586
612
576
625
811
640
1057
592
670
755
603
877
606
622
516
595
953
592
566
587
636
1009
607
898
614
671
517
565
976
590
661
603
654
1023
578
854
616
629
540
596
800
577
1067
639
680
710
750
1014
600
657
678
732
1002
621
949
633
632
674
707
1014
609
638
691
751
1063
607
825
625
702
528
573
805
608
1004
622
602
634
661
1003
609
667
540
556
779
582
997
587
646
720
605
846
588
625
544
615
852
583
971
588
652
807
582
794
600
605
512
606
1074
624
635
558
599
826
583
1013
595
624
640
646
936
575
608
670
707
1045
592
941
618
598
631
644
971
613
609
637
690
992
603
1041
601
623
652
682
998
605
702
697
739
1037
613
1009
633
654
689
716
1042
630
679
681
712
981
609
834
636
657
535
605
856
590
999
612
617
662
685
1002
606
629
548
595
874
588
965
615
669
674
717
1064
614
681
584
611
863
611
983
615
734
754
718
988
624
678
502
592
881
600
991
594
639
714
670
1016
627
710
723
805
1086
604
793
604
628
562
606
826
588
972
624
674
789
799
1075
619
654
683
732
1009
616
873
627
666
874
596
620
580
650
621
700
1080
552
929
541
592
674
598
1131
577
612
547
590
850
576
1034
604
611
618
543
844
610
630
524
606
981
635
663
676
692
950
595
892
619
590
585
630
981
585
639
627
658
992
623
833
620
639
547
596
808
626
1032
619
639
662
670
992
605
642
500
632
852
618
998
591
608
694
627
869
598
636
550
613
955
615
633
658
725
1035
590
920
593
647
768
583
895
604
667
527
593
867
563
953
575
589
617
571
975
574
629
656
632
1084
579
595
623
657
947
584
1064
581
607
642
592
1065
586
612
523
586
1043
560
653
549
578
980
587
593
634
680
1012
606
832
643
688
526
570
953
584
614
5917
1988
1350
1863
1744
1668
1643
1010
1291
1311
920
925
868
896
832
860
893
916
843
896
886
895
653
847
737
747
722
732
750
709
765
859
740
692
752
774
746
736
728
725
723
736
732
723
720
740
692
759
740
728
736
748
754
731
739
764
856
1272
1826
1859
1869
2175
1342
2228
3110
3477
3539
3572
4144
5083
5759
6332
5475
5784
6708
7284
8154
8742
9349
10213
10783
11302
11762
12374
12380
12425
12436
12428
12628
12665
12664
12717
12760
12798
12819
12773
12782
12824
12854
12893
12919
12932
12878
12924
12951
13002
13061
13075
13136
13166
13190
13176
13204
13110
13152
13188
13185
13223
13255
