20532
20852
21085
21245
21303
21316
21449
21589
21725
21866
21950
22060
22100
21972
21960
21510
21831
21933
21992
21799
21188
20531
19851
18831
17972
16822
15996
15210
14449
14022
14167
14319
14463
14181
14280
14282
14117
14075
14050
14201
14378
14162
13447
12737
12026
11325
10527
10065
9974
9843
9928
9834
9700
9688
9667
9720
9770
9900
9971
10063
9446
8701
7924
7146
6388
6218
6280
6375
6473
6549
6615
7323
8449
8614
8697
8769
8884
8984
9039
9112
9192
9270
9408
9519
9626
10242
11267
12231
13219
14302
14386
14409
14483
14577
14644
14707
14777
14840
14869
14890
14929
14984
15047
15104
15166
14987
15063
14544
14443
14397
14359
14442
13864
13940
13254
13179
12984
12250
11562
10882
10152
9525
8879
8572
8641
8727
8811
9013
9119
9246
9399
9569
9748
9811
9877
9882
9912
9958
9966
9995
9743
9673
7828
7644
7633
6581
5889
5094
4252
4201
4108
4062
3899
3545
3498
3506
3430
3342
3353
3328
3301
3321
3223
3165
3100
2967
2863
2874
2793
2740
2688
2636
2666
2678
2567
2514
2537
2527
2516
2429
2393
2417
2411
2426
2424
2438
2471
2412
2266
2144
2139
2126
2128
2079
2312
2276
2029
1840
1693
1526
1339
1212
1077
963
885
923
1057
1003
1044
1121
1033
894
1011
905
948
975
1042
1131
1135
1119
914
929
915
979
960
1060
1415
1490
1406
1372
1489
1290
1343
960
960
1254
1506
1601
1680
1773
1880
1981
2055
2118
2251
2385
2487
2470
2319
2301
2298
2471
2480
2580
2657
3090
4219
5283
6642
8302
10006
10328
10632
10901
11141
11293
11497
11607
10595
9543
8367
8282
8130
7995
7856
7616
7314
7009
6871
6601
6525
6434
6337
6224
6174
6149
6107
6086
6033
5969
5938
5764
5518
5297
5059
4758
16986
2446
2927
3553
4130
4495
3835
3124
2527
2185
2170
2092
2126
2147
2195
2237
2252
2185
2163
2131
2138
2178
2137
2120
2087
2086
1967
1959
1975
1987
1943
1906
1880
1866
1857
1812
1834
1770
1753
1752
1763
1803
1766
1743
1735
1712
1729
1756
1720
1721
1664
1648
1546
1513
1483
1442
1425
1340
1223
1194
1409
1278
1195
1079
1114
1000
1240
1340
1145
1051
1019
984
997
1045
919
1013
1170
1328
1376
1247
1218
1159
1069
988
943
917
947
950
944
989
1039
940
929
897
921
1179
1078
974
939
1020
1004
1001
1006
938
961
885
876
897
903
938
906
867
877
852
935
904
944
921
935
958
912
919
934
958
923
922
930
971
919
956
929
924
971
926
916
915
965
950
1010
2084
3199
4374
5516
6614
7757
8888
9677
9452
9238
9058
8900
8704
8470
8231
7570
6958
6439
6066
5652
5321
5023
4647
4294
4328
4381
4432
4522
4577
4640
4696
4731
4802
4850
4879
4966
4876
4408
3885
3301
2870
2410
1919
1497
1010
899
895
882
929
922
875
820
840
838
821
807
847
913
1035
1160
1325
1492
1650
1836
1894
2036
2131
2260
2340
2439
2542
2703
2849
3015
3148
3280
3429
3643
3708
3848
3979
4089
4266
4428
4555
4701
4868
4987
5099
5206
5328
5458
5603
5725
5872
5999
6062
6136
6131
6003
6066
6123
6094
6137
6152
6230
6249
5872
5514
5159
4933
5086
5179
5225
5282
5386
5545
5619
5676
5720
5762
5879
5942
6002
6129
6278
6421
6533
6648
6791
6954
7069
7137
7207
7258
7345
7432
7525
7631
7709
7762
7827
7898
7978
8042
8104
8220
8289
8428
8486
8555
8635
8769
8790
8888
8980
9061
9178
9244
9311
9258
9286
9278
9251
9270
9207
9278
9351
9477
9547
9589
9622
9734
9416
9034
8665
8324
8400
8533
8559
8624
8703
8782
8938
9038
9140
9189
9257
9385
9405
9452
9534
9671
9840
9890
9977
10057
10172
10301
10411
10519
10658
10737
10870
10972
11129
11267
11380
11468
11584
11643
11753
11855
11933
12010
12085
12157
12245
12420
12509
12572
12645
12717
12794
12852
12952
13004
13076
13219
13300
13353
13415
13470
13592
13711
13830
13933
14032
14170
14329
14451
14587
14710
14881
14957
15020
15080
15215
15290
15398
15511
15633
15770
15898
16023
16176
16334
16509
16638
16625
16625
16595
16603
16651
16653
16655
16675
16688
16704
16706
16719
16796
16862
16963
16953
17001
17072
17128
17219
17234
17163
17159
17084
17076
17039
17026
17058
17107
17181
17256
17330
17397
17436
17549
17605
17733
17811
17834
17480
17138
16833
16438
16100
15789
15504
15227
15291
15355
15320
15145
15306
15763
16226
16672
16897
17017
17211
17423
17632
17849
18089
18276
18493
18702
18926
19046
19247
20323
20449
20170
20232
20434
20417
20371
20294
20268
20291
20279
20282
20301
20387
20413
20447
20506
20490
20450
20386
20272
20220
20171
19423
19415
19380
19380
19328
19322
19297
19282
19179
19139
19099
19081
19026
18943
18883
18851
18803
18758
18698
18639
18610
18584
18552
18862
19590
20327
21044
21706
22497
23223
23850
24546
25319
26182
26910
27630
28316
29033
29832
30559
31347
31384
31171
31036
22936
22675
22408
22173
21896
21630
21357
21042
20747
20492
20308
20117
19991
19855
19707
19592
19444
19352
19233
19128
19001
18921
18749
18591
18453
18231
17991
17756
17574
17377
17177
16977
16772
16589
16386
16162
15884
15664
15484
15358
15220
15053
14920
14772
14623
14471
14026
13438
12785
12206
11583
10977
10216
9883
9710
9516
9302
9025
8814
8616
8438
8078
7399
6820
6184
5611
5052
4481
3903
3154
2831
2686
2557
2448
2331
2162
1933
1752
1664
1552
1373
1217
1045
957
1002
1451
1307
1401
1313
1344
1397
1684
1399
1374
1340
980
1147
1481
2125
2906
3736
4605
5156
5106
4984
4977
4966
4957
4957
4916
4466
3659
3007
2407
1797
1360
1290
1268
1291
1303
1313
1391
1303
1572
1729
1670
2024
2444
2832
2881
2781
2667
2573
2426
2210
1854
1572
1373
1169
1168
1173
1291
1346
1301
1304
1528
969
1002
803
820
1029
1236
1117
1145
1218
1797
2529
2436
2683
3007
3330
3668
4195
4620
4502
4403
4314
4223
4107
2536
2295
