6065
6124
6127
6152
6175
6195
6225
6260
6298
4276
4172
4206
1697
1402
1397
1421
1396
1396
1420
1443
1444
1345
1341
803
2136
1740
1530
1115
1129
1140
1178
1191
1200
4276
1177
658
729
738
675
662
689
713
705
731
770
821
900
920
933
961
983
1155
1140
803
1144
651
1081
1096
1099
878
902
943
943
948
944
945
794
812
784
819
896
976
1073
1137
1190
1215
1219
1256
1354
1416
1503
1385
634
646
662
668
690
760
736
771
808
894
948
1003
1240
1241
1224
1280
1358
1429
1527
1712
1728
1725
1677
1707
1760
1825
1906
1973
2010
2041
2080
2086
2088
2122
2151
2258
2344
2402
2458
2484
2528
2538
2555
2671
2727
2791
2810
2810
2851
2868
2865
2908
2957
2990
3063
3093
3128
3216
3273
3368
3427
3460
3502
3535
3552
3582
3590
3620
3660
3686
3710
3723
3830
3835
3899
3922
3949
3998
4034
4049
4061
4066
4106
4147
4187
4247
4284
4398
4392
4405
4404
4412
4427
4425
4440
4465
4205
4211
3911
3932
3684
3677
3712
3425
3442
3065
3078
2800
2798
2783
2442
2447
1965
1938
1923
1932
1962
1513
1500
1458
1465
1517
998
1016
773
798
700
739
994
596
859
597
640
951
948
935
704
1037
583
606
635
641
1056
619
645
510
610
880
629
1015
599
617
645
677
971
592
934
601
636
518
613
842
637
927
613
631
497
538
833
574
1049
620
671
684
680
965
597
964
602
612
656
679
1006
669
675
703
748
1006
570
844
598
640
502
576
882
623
880
587
649
516
584
866
616
878
600
662
493
584
855
596
1003
608
655
724
745
878
619
1010
609
694
736
704
1033
614
621
669
751
907
626
1010
582
690
657
658
990
622
848
602
625
505
585
862
601
1012
582
665
698
663
1008
602
635
660
702
957
627
1003
591
621
524
576
813
591
855
572
620
532
574
940
562
596
558
592
1041
559
932
563
560
696
566
950
556
571
611
592
1058
568
625
698
567
980
571
602
686
616
1000
602
602
558
582
938
570
578
559
582
946
542
589
600
626
994
561
922
555
566
630
578
1042
576
577
650
576
1020
566
566
644
584
954
596
616
654
682
1030
577
602
563
643
946
605
629
635
713
1017
596
852
633
677
559
587
831
584
1071
613
672
724
572
834
631
647
516
611
983
613
699
624
696
1093
607
980
592
624
711
710
1110
609
679
657
699
1070
588
1002
600
636
654
549
892
597
653
516
572
963
582
642
570
603
1007
569
1007
561
562
703
574
778
596
642
553
576
939
588
630
491
553
853
573
1069
571
640
792
559
823
571
624
556
576
842
616
993
597
644
652
553
862
597
671
511
603
1027
613
671
664
705
1061
614
894
608
617
557
611
955
575
592
589
634
1009
540
979
618
620
640
654
939
634
643
695
721
991
610
838
584
631
539
592
824
597
967
597
634
704
603
805
621
670
573
591
802
615
1038
592
594
673
584
929
561
612
619
620
1009
610
635
503
544
854
593
984
563
578
694
571
794
588
619
532
627
838
587
1005
601
649
696
720
1103
608
627
635
683
967
625
817
608
629
561
618
989
589
596
613
622
920
578
805
594
634
516
576
875
596
1079
573
608
676
592
827
572
679
506
592
1044
611
668
609
685
1035
592
880
619
650
562
604
842
610
865
647
717
571
624
637
676
670
684
703
751
783
861
883
918
966
908
1067
627
685
679
714
983
610
878
608
654
548
607
959
596
610
621
668
1063
619
1043
595
600
690
597
789
592
639
555
589
932
606
646
652
689
1035
605
989
591
625
723
590
818
564
607
522
559
845
620
1023
593
622
691
678
998
596
620
540
633
877
601
1014
596
629
691
702
1011
599
633
543
611
871
614
987
564
580
645
558
839
574
584
523
543
1017
612
658
602
656
1006
593
1051
583
630
671
687
1005
566
635
522
571
876
596
1033
600
612
663
674
958
576
608
562
595
958
600
614
651
716
1065
573
833
594
589
569
597
932
580
591
615
633
949
594
859
600
620
613
602
913
594
612
617
682
1021
582
800
600
594
534
619
1162
574
1159
616
680
733
693
999
617
672
692
748
1122
631
898
595
604
684
616
1016
588
607
537
581
832
607
1031
606
672
798
605
855
619
664
542
614
1104
605
1117
615
627
705
590
845
619
637
527
566
1049
611
2754
2104
869
1475
1259
1521
1280
1272
921
1270
1260
1290
1669
1626
1621
855
1250
1271
691
874
753
760
747
731
737
734
733
738
771
735
759
818
829
1214
1534
650
688
607
593
605
613
587
580
614
663
594
577
624
730
555
629
684
729
776
803
866
1004
1086
1117
1087
1148
610
553
632
602
612
636
695
742
800
874
954
1022
1068
1120
1167
1218
1253
1347
1383
1419
1504
1558
1617
1653
1729
1762
1845
1918
1979
2047
2091
2099
2092
2000
2029
2041
2109
2139
2158
2212
2279
2368
2458
2514
2544
2576
2596
2639
2712
2774
2842
2916
2934
2941
2980
3025
3050
3069
3128
3239
3319
3196
2397
1687
1314
1030
691
764
1170
1262
1264
1359
1414
1428
