3729
3742
4599
4610
4471
4372
4269
4394
4431
4279
4228
4155
1548
734
1029
777
630
646
672
713
770
824
882
934
969
1000
1024
1087
1159
723
576
943
929
791
712
587
1038
945
1665
1000
880
875
887
931
969
1022
1094
1186
1205
1288
1334
1386
1423
1479
1519
1339
1323
1272
1134
1078
996
973
876
796
694
550
1055
1111
854
877
892
896
944
972
995
1040
1068
1105
1182
1189
1193
1210
1238
1181
1176
1043
945
878
805
720
599
562
1043
966
819
747
1084
692
768
6359
1191
1514
703
1979
1495
914
878
662
629
609
614
640
665
677
755
795
738
762
802
840
912
600
603
663
847
946
895
882
819
737
749
729
742
759
764
796
1000
1040
1037
1055
1104
1136
1157
1214
1296
1386
1453
1450
871
743
689
794
892
684
798
677
600
617
651
1156
843
858
786
581
595
628
1622
961
982
1017
1076
1123
4215
1191
660
816
651
643
632
645
602
655
686
748
656
934
591
657
679
709
735
817
3828
3723
3731
3479
3418
3336
3156
2710
1006
778
665
784
767
895
664
613
638
647
779
609
578
559
2684
2312
2208
5310
924
633
597
990
1201
1020
948
1030
1097
5380
1422
5342
938
631
614
1270
582
1538
1546
1638
1511
2876
2705
2448
3376
1069
650
647
632
728
805
791
717
3601
878
1265
1124
1351
704
605
571
698
1307
654
663
1791
5409
1074
663
637
1217
976
826
839
838
2464
2475
2430
2707
703
706
769
576
598
633
682
728
788
887
966
969
1033
1079
1135
1198
1268
1368
1456
1380
1388
1438
1477
4935
706
873
598
640
639
688
728
866
949
976
1024
1082
1155
1217
1307
1400
1490
1333
1406
1508
988
1019
993
1059
1099
1153
1220
1236
1373
1515
1608
1119
1175
1184
1200
1240
1355
1418
1509
1538
1591
1639
1697
1793
1876
1923
1990
1791
1880
1387
1185
1144
1176
1104
1154
1233
1276
1355
1443
1814
1876
1551
1569
1630
1563
1632
1722
1785
1849
1940
1990
2030
2203
2364
2429
2491
2558
2975
3079
3158
3222
3322
3421
2907
2846
2909
2957
3017
3246
3283
3361
3422
3218
3196
3197
3231
3268
3369
3448
3472
3541
3790
3857
3920
3993
4046
4117
4173
4275
4169
4208
4264
4325
4412
4483
4603
4132
4089
4131
4413
4511
4611
4673
4707
4558
4533
4562
4632
4660
4766
5190
5302
5407
5460
5465
5508
5571
5629
5719
5775
5285
5328
5442
5599
5698
5659
5484
7713
7603
4644
4238
3877
3555
3334
3052
2844
2692
4040
4012
3912
3645
2760
2522
2311
2122
2092
2095
2125
2196
2248
2217
2203
2208
2945
3000
2832
4397
1017
835
871
1083
1500
1425
1340
1265
1231
1272
1142
896
767
655
3597
3557
952
621
711
1410
1211
846
768
841
845
810
845
902
970
1417
1310
12886
1355
865
748
1951
642
11126
983
879
794
1069
632
606
595
608
617
4323
4139
4003
3652
3394
3151
1197
2943
845
2359
695
673
666
651
703
711
791
803
893
939
1006
1172
7115
7090
7009
6822
6615
6199
6013
6539
6418
6579
6183
12141
10529
9902
9431
9172
8028
7639
7754
7589
7430
7188
5833
5760
5774
5794
8852
712
595
636
632
619
772
722
796
599
648
703
9596
9369
9267
8830
8538
8348
8031
7725
7444
7369
7397
7335
7352
6606
6528
6557
6489
6403
6411
6462
6490
6523
6917
6981
6900
7095
7188
7106
6992
8388
8157
8074
7926
7723
7649
7548
7327
6950
6863
6652
6526
6152
5996
5991
6224
6234
6240
6274
6755
6781
6179
5929
5829
5841
5771
5633
6970
6744
6572
6453
6365
6294
5822
5662
5420
5170
4982
4925
4918
5066
5256
5274
6176
6318
6567
5698
3591
2574
1247
1175
1170
1662
1794
616
595
596
630
643
671
742
770
10359
761
613
594
1132
1076
776
895
879
1170
955
1136
971
946
2360
800
942
930
865
558
591
570
558
818
8145
1552
889
785
960
802
908
890
665
709
596
575
664
704
4989
1299
837
796
820
774
775
803
1943
619
1233
680
1081
1038
996
988
1030
1006
904
619
622
520
660
891
732
754
765
875
776
777
741
955
608
555
684
1002
1003
1502
2400
3184
3714
4586
5431
5789
5817
5833
5897
5927
5960
6003
6051
6101
6118
6234
6914
2355
1842
732
3317
1960
2618
894
978
928
2681
1490
1090
955
9188
8899
8761
8445
8057
7458
6995
7008
6965
6987
7011
7029
7048
6261
6152
6123
6098
6108
5807
5807
5810
5757
17813
17957
17943
17943
17995
18024
18158
18343
18439
18526
18611
18343
18349
18256
17577
17166
17114
17057
15705
14952
14156
13762
13560
13534
13318
12957
12752
12793
12827
12451
12415
12418
12444
12465
12526
12605
12516
12399
12228
12131
12090
12107
11582
11355
11193
10905
10756
10621
10524
10453
10260
10084
9921
9496
9361
9260
9120
8744
8589
8495
8352
7928
7501
7275
7184
7105
6984
6875
6740
6665
6585
6469
6353
6248
5496
5240
4857
4672
4450
4279
4140
3999
3879
3875
3821
3512
3345
3193
3055
2655
2218
2054
1948
1815
1715
1599
1486
1350
1246
1181
1096
978
834
1083
861
6254
6156
5913
5705
5704
5562
5320
5031
4696
4238
4044
7688
7567
7651
7800
7999
8191
2602
2295
967
1569
2642
981
777
647
3438
3343
2937
2618
2305
2132
2050
2631
2370
2098
1477
1274
1092
1043
1036
892
902
929
931
950
955
951
811
661
551
559
556
806
672
610
578
524
781
523
1051
905
577
617
649
586
552
545
619
620
631
611
663
689
4893
4498
1128
713
651
677
1516
630
579
566
579
580
599
630
611
637
688
1229
