8590
8644
8739
8782
8831
8870
8894
8955
8980
9050
9127
9169
9173
9177
7390
7006
7016
6872
1876
1319
1362
834
1565
1923
2078
1918
1675
814
1208
1249
649
973
910
1076
874
5208
843
777
627
632
695
758
793
800
898
917
980
1285
778
749
831
892
911
936
1018
976
998
1060
1115
1135
1140
1552
1601
1637
1612
1747
1837
1885
1955
2036
1518
1536
1398
1450
1573
1560
1594
1658
1661
1684
1699
1714
1731
1748
1788
1816
1884
1929
2004
2069
2292
2301
2311
2345
2262
2372
2432
2537
1958
2002
2020
2006
2051
2046
2051
2074
2111
2289
2319
2338
2397
2434
2445
2488
2550
2611
2655
2719
2759
2807
2871
2930
3003
3042
3082
3115
3165
3211
3248
3269
3326
3341
3367
3378
3398
3441
3511
3588
3703
3719
3775
3864
3934
4005
4049
4075
4101
4143
4187
4213
4216
4262
4266
4266
4347
4390
4450
4424
4437
4463
4479
4501
4549
4580
4618
4678
4722
4789
4867
4934
5011
5106
5096
5108
5096
5097
5079
5081
5069
5076
5069
5101
5155
5196
5199
5215
5259
5252
5261
5272
5295
5329
5347
5361
5396
5404
5448
5482
5481
5515
5581
5614
5645
5656
5690
5683
5772
5788
5824
5884
5920
5977
5970
6009
6044
6070
6120
6186
6211
6252
6294
6325
6371
6423
6129
6190
6197
5964
5976
5686
5705
5538
5534
5537
5306
5301
4830
4839
4856
4754
4751
4424
4430
4224
4256
4273
4026
4033
3621
3651
3648
3696
3688
3241
3293
3106
3144
3157
2875
2886
2399
2387
2393
2373
2374
2046
2043
2063
2097
2072
1656
1662
1298
1348
1400
1186
1261
898
935
686
720
934
611
668
509
570
822
603
902
637
689
579
620
798
606
1007
593
652
684
717
1002
613
649
538
579
806
573
973
572
616
675
698
1016
609
650
684
713
1017
648
827
617
666
1047
1057
996
850
984
589
625
686
586
823
549
683
535
571
836
549
1019
579
663
711
702
1046
620
665
532
566
842
585
997
629
692
763
722
1060
593
701
654
763
878
629
806
615
682
495
571
851
607
1036
574
592
648
568
809
598
615
555
632
801
625
1016
596
655
679
554
871
598
616
561
589
807
586
963
628
677
666
682
938
626
654
563
577
786
604
988
586
600
695
603
783
609
623
555
641
823
586
1015
586
632
686
723
1015
586
671
671
702
876
581
965
600
669
667
715
1372
633
830
610
647
572
651
1021
618
844
594
630
618
652
982
630
908
605
649
653
703
993
617
881
613
652
633
686
1031
635
910
591
598
554
548
805
590
947
577
585
609
614
847
636
967
607
667
718
744
893
638
859
596
628
557
666
817
632
870
629
672
549
599
859
598
973
600
636
675
675
834
584
960
641
647
683
691
763
595
1017
626
668
684
633
868
636
1001
621
659
685
711
1013
624
680
679
749
953
624
998
664
708
727
753
872
626
1017
626
645
685
717
919
600
1012
582
614
643
635
795
590
948
615
636
680
711
961
577
828
621
689
643
690
1026
610
799
606
659
635
640
838
634
971
614
641
669
716
965
609
808
589
699
618
700
1007
612
821
617
667
679
696
1140
615
867
615
715
664
752
992
602
848
633
670
683
749
1052
561
912
602
639
630
697
890
629
1019
594
625
670
696
736
585
915
621
1090
607
644
689
720
939
609
639
688
758
891
624
987
632
668
717
741
1072
595
799
613
609
539
602
836
598
844
610
655
556
611
829
651
878
641
675
586
631
837
604
913
607
711
761
733
886
603
999
640
629
680
710
971
634
637
697
742
913
626
996
611
668
688
722
998
578
854
641
690
553
607
786
554
853
600
618
544
641
871
631
1056
611
637
680
695
872
619
1066
605
629
668
695
884
618
951
617
672
707
695
1020
621
645
678
688
966
600
836
602
647
628
684
1008
650
893
599
612
640
669
1070
598
872
585
594
600
592
813
597
1030
611
626
634
687
989
601
623
559
554
1006
592
642
545
609
955
605
676
548
575
796
590
950
625
666
774
611
823
630
674
554
584
1008
626
666
690
742
989
613
942
616
627
699
771
986
605
635
660
717
1035
625
828
619
668
568
625
928
613
690
512
614
849
616
1064
626
666
758
612
836
593
624
532
606
812
566
999
603
644
675
712
1014
605
653
518
562
792
601
1062
624
660
687
707
1014
616
644
694
773
1013
615
819
585
647
532
588
804
591
869
627
703
517
583
829
629
1084
629
668
715
557
796
589
663
523
631
882
601
845
617
652
558
605
978
589
625
667
702
1003
590
894
589
595
607
614
775
581
3732
3340
3365
3419
3014
2986
2000
1011
804
15690
3303
692
1392
688
638
637
602
612
622
633
660
705
785
776
724
735
743
733
781
819
895
775
804
854
912
936
1054
1110
1076
1171
1220
1118
1144
1160
1188
1234
1274
1297
1365
1375
1404
1463
1500
1547
1580
1636
1670
1701
1811
1856
1910
1978
1997
2035
2070
2112
2207
2303
2328
2413
2454
2497
2571
2633
2696
2771
2809
2839
2913
2980
3016
3081
3136
3179
3249
3281
3307
3375
3413
3439
3442
3500
3529
3551
3577
3517
3555
3587
3610
3655
3699
3762
3851
3860
