4044
4086
3283
3146
2484
1636
1424
1126
1343
762
1703
813
727
711
762
1197
1027
803
866
964
1107
1263
1417
1611
1758
1967
2119
2291
2390
2575
2776
2866
2793
2566
2328
2184
1770
1456
1114
840
927
859
993
907
814
888
830
843
873
923
917
899
835
927
879
838
1080
894
837
853
825
862
863
779
828
851
921
851
929
922
994
1148
1210
1067
1048
1487
1115
931
981
959
868
977
974
1217
1331
1582
1889
2168
2536
2063
2312
2636
2854
3148
3182
3353
3354
3707
3702
3854
4022
3527
3637
3439
3448
3408
3487
3362
3190
3161
3179
3184
3082
3095
3077
3050
2928
2895
2810
2795
2651
2607
2621
2551
2518
2510
2508
2470
2434
2326
2297
2199
2042
1921
1874
1848
1772
1752
1736
1730
1738
1692
1693
1698
1844
1842
1879
2061
2283
2380
2650
2758
2936
3125
3063
3273
3487
3644
3835
3735
3510
3340
3201
2944
2670
2446
2311
2154
1974
1845
1682
1481
916
686
2172
683
2443
636
596
1956
950
2448
943
840
935
862
2085
666
2581
710
630
981
720
2072
651
2396
762
643
884
657
2484
657
2231
708
623
932
690
2556
688
2032
1046
927
798
922
822
941
1231
828
735
756
730
738
759
774
857
762
755
754
727
765
878
755
812
855
832
789
774
766
801
802
788
777
925
800
833
821
779
823
728
805
747
803
829
980
821
776
835
692
824
859
745
817
793
785
768
779
852
842
775
751
805
723
765
777
859
885
877
783
746
756
739
768
780
793
740
790
894
795
955
873
815
798
849
774
775
780
846
811
840
828
781
805
822
779
752
789
762
773
789
812
797
781
1358
964
995
1240
1023
1114
1051
1064
1178
1007
1061
1006
990
1102
1077
996
1277
996
1022
1099
1079
1127
886
746
699
789
1242
676
518
884
657
2069
671
606
854
650
2186
691
1748
674
581
891
686
1794
689
2009
636
619
1453
652
2214
535
602
858
669
2104
682
1607
588
602
778
581
2125
747
1972
533
657
789
656
1858
604
2253
694
729
1323
677
2176
533
644
781
645
2241
911
975
1194
1360
1572
1757
1954
2205
2391
2619
2810
3165
3411
3615
3819
3935
3550
3596
3827
4032
4237
4429
4718
4555
4823
5071
5303
5543
5842
6037
6261
6351
6526
6664
6822
6927
7224
7353
7600
7896
7975
8174
8176
8421
8667
8836
8985
8634
8695
7515
7789
7135
6849
6654
5174
5141
4807
4397
3726
2612
2319
1586
1388
1113
1057
1661
898
1028
707
764
764
744
720
732
1545
1029
776
720
734
892
691
709
736
680
1507
882
730
814
943
805
744
806
796
712
753
748
690
666
1671
833
835
769
842
1013
858
727
721
688
784
762
1044
826
968
702
706
684
806
726
780
730
1665
897
782
1052
735
711
676
785
694
610
757
664
1581
801
795
784
729
794
733
783
746
796
775
795
777
783
724
694
722
720
696
720
730
975
705
673
766
684
688
637
669
661
630
683
676
619
1347
725
758
794
716
808
765
827
732
787
723
850
1150
1426
1495
1703
1875
2207
925
1988
748
829
759
730
755
753
772
731
745
781
725
753
854
742
776
702
765
913
688
657
662
669
675
678
683
778
721
713
852
692
651
888
848
807
795
861
786
834
1047
945
881
1022
1371
1146
868
2088
865
1343
900
996
1069
1107
1262
1163
1336
1456
1633
1792
1759
1920
1882
2045
2172
1942
2112
2281
2346
2525
2546
2707
2890
3028
2930
3111
3230
3124
3048
2721
2674
1886
1486
1139
986
902
1010
864
921
891
931
899
1600
923
1070
1217
1066
2577
940
978
1201
1410
1451
1086
2198
1058
1254
978
1071
2455
1062
2216
1102
1370
1550
1185
2186
1028
1350
941
1026
2131
1062
1927
957
1198
1627
1038
2065
1004
1252
833
913
2319
999
1248
1036
1246
2599
978
1932
1032
1228
866
988
2540
970
1108
1237
1390
2376
969
1536
936
1080
927
966
1619
948
2166
1012
1204
1412
1176
2213
1019
1156
994
985
1834
984
2094
937
1123
1301
933
2105
1008
1182
1043
1048
2360
1049
2278
1046
1044
1211
1315
2187
958
1100
976
968
2214
1307
1426
1089
1113
1067
891
2331
1198
921
887
979
1732
987
2022
942
1139
1337
1445
2284
890
1036
1067
962
1762
921
1897
925
1127
1111
991
2111
991
1195
1003
1040
2274
906
1050
1074
1239
2579
885
1229
883
1104
928
909
1939
999
1002
1254
1565
2838
958
1800
959
1108
1308
1340
2469
904
1100
959
937
2012
894
1908
907
1077
1186
959
1984
916
1123
927
1008
2404
921
1167
1398
1569
2426
958
2038
1038
1301
1559
1565
2857
913
989
887
941
2324
956
1113
1145
1155
2334
898
1813
923
1106
1210
1471
2774
925
1119
1062
1263
1676
983
1776
920
1089
1462
889
2140
949
1226
1075
1068
2122
925
1691
937
1080
1567
958
1904
951
1101
989
939
2198
911
1080
1259
1449
2970
593
2362
609
602
1797
653
2289
902
851
928
813
1845
825
723
762
762
2024
793
1628
595
549
893
945
1726
741
726
745
591
2203
528
1874
582
523
1372
564
2259
550
550
807
549
1840
564
2137
565
510
1980
603
1791
701
866
1115
943
2106
795
916
835
722
2157
796
1598
882
811
1019
816
1059
769
749
786
825
893
885
1028
1193
1146
1152
1003
1220
931
875
902
963
663
715
711
628
670
924
740
