2697
1039
736
751
873
759
782
1209
1184
1025
933
1269
1317
1719
2106
2138
1273
781
2292
1337
1213
759
778
1697
3567
1794
847
877
854
958
2012
2457
1146
1266
1293
1425
716
1074
2940
959
733
676
814
1132
1062
728
1014
1312
703
691
2036
1885
654
696
820
1604
1366
1338
651
664
635
613
773
1341
1448
1807
703
667
858
869
836
645
891
636
917
806
1454
664
907
867
888
914
644
922
670
604
809
1055
765
652
834
660
746
695
890
658
700
2023
904
740
901
940
704
1036
644
944
645
964
924
650
783
645
676
642
830
762
616
678
626
1075
672
757
639
676
702
755
663
949
809
687
667
731
698
1401
716
831
757
774
731
1265
656
1138
894
712
773
671
712
668
872
693
1178
691
767
716
659
752
660
920
1040
815
695
718
1092
1159
657
649
703
1029
1549
632
638
604
772
1537
2243
856
1024
1285
736
644
1225
897
732
748
659
1157
627
669
669
634
928
648
879
925
1012
837
630
1672
627
632
694
705
851
1890
818
678
724
593
650
896
706
639
652
846
1149
1210
988
836
929
1103
855
1268
761
1238
1068
1259
1298
806
763
756
772
796
1365
1065
1197
894
739
798
667
627
755
624
621
1480
1072
628
894
582
852
848
620
890
737
614
1260
939
1312
743
609
638
631
1347
682
658
1471
1143
662
808
634
650
707
796
896
645
1263
1594
1052
711
628
658
661
637
623
718
597
794
2216
927
885
663
681
1386
1432
601
776
1744
1097
1556
646
614
698
646
639
895
615
1426
1013
607
644
625
1773
639
775
621
684
1218
1391
625
660
596
677
1222
1005
616
619
1026
877
692
1537
650
772
627
817
1386
830
1375
775
639
1059
1108
623
614
664
644
1170
2274
634
800
650
968
792
917
624
889
1750
1446
1603
634
591
743
1166
890
2119
1650
1267
1049
856
827
1236
731
1089
1014
1455
1389
630
970
829
935
954
2464
2664
1208
866
1072
1028
2378
1310
991
934
927
1168
852
1519
1328
1122
1025
727
737
1099
935
1264
1918
1840
789
1091
838
1016
753
631
923
1859
1282
1001
794
769
1034
775
1519
666
1616
1192
1164
762
710
909
693
810
696
1460
1889
941
625
700
635
722
1480
1586
1814
1016
780
1020
696
882
689
674
641
624
2178
1143
2072
677
955
641
650
714
1322
1829
870
801
883
1144
1009
908
709
1888
1328
1210
711
956
728
637
886
732
670
2204
1691
1004
689
653
768
697
1798
877
1681
946
930
647
680
1248
966
632
643
966
1438
763
636
605
619
660
667
796
897
1190
1710
937
926
609
615
2059
648
619
671
1660
790
1639
1399
665
635
628
626
665
1864
1637
640
634
617
587
730
2088
680
611
1072
637
607
804
1644
588
624
626
617
629
2350
739
749
624
623
696
1090
1038
594
620
1084
668
682
1205
616
635
742
758
923
749
2017
694
642
674
595
636
667
628
1071
624
632
1139
673
625
985
786
672
720
883
1340
775
1145
706
677
1150
598
610
658
857
933
619
3052
673
974
624
672
1651
624
599
653
663
1088
2279
753
712
635
699
1279
855
1161
1108
744
849
668
896
1001
649
651
626
1772
1087
1015
965
785
1857
2342
868
1508
1037
771
1167
1650
751
875
1099
2462
1200
1348
2531
1098
1229
1628
1986
12727
1243
1261
1351
1136
1825
1216
1206
1282
7220
3474
2617
1449
3254
1786
1250
962
1298
1275
845
1169
1104
875
1107
1282
819
1510
1399
1347
1136
1012
971
1081
1529
901
2336
1176
744
1174
972
1608
1885
2114
869
909
1013
1026
2052
1387
837
870
1055
948
1433
903
1601
1286
1289
1126
836
1122
1091
911
1837
1261
1682
1872
1030
1289
1049
1365
1530
1772
1150
1264
1496
784
967
1656
1069
892
806
889
894
1337
1032
1037
822
684
1030
1479
741
682
656
923
1692
1783
828
776
991
1000
1202
932
1026
1200
1163
892
1287
886
935
989
937
1617
979
1012
841
861
724
1152
1803
1781
1638
1038
1344
2008
1433
1213
1811
1382
1022
985
850
1386
1440
1471
940
1004
1705
961
1778
659
1495
971
912
863
819
819
824
817
873
679
1378
793
708
679
839
679
653
1086
717
972
2648
686
809
671
804
2051
820
894
936
1132
726
1730
1647
845
846
780
933
1288
1623
1112
926
1085
1343
1123
874
1342
889
804
672
1325
745
703
692
1044
1169
1900
1027
883
680
868
697
817
1257
1227
894
842
1166
883
992
1088
1538
810
954
868
727
715
715
716
710
890
1440
1107
884
899
1304
1367
1198
2243
963
876
1013
842
1025
899
803
769
1683
1007
991
921
946
866
873
877
806
1338
893
711
710
690
653
646
669
706
724
723
716
759
1010
1092
678
815
973
853
864
836
1072
755
1018
2281
2385
1028
1046
1096
772
825
1382
1146
990
928
1014
877
785
1354
668
1245
1045
972
1107
748
985
881
866
965
1402
1231
2617
3108
924
891
848
1278
1185
970
828
652
704
641
853
646
594
675
1135
899
626
847
888
605
627
600
644
935
1831
984
631
634
693
1531
1051
860
628
650
1056
923
682
580
676
616
593
715
805
1291
834
1365
638
607
689
1784
819
610
616
586
737
1673
830
