3361
2435
1110
1261
1120
896
865
1266
1252
655
883
601
1296
1035
1008
892
1099
998
1098
974
699
1028
739
1251
1091
684
866
883
628
1009
779
1299
957
1409
1131
1194
693
623
662
1097
1312
851
696
685
674
625
1301
1355
706
644
786
864
1085
1145
640
668
616
655
710
1054
650
630
702
634
640
1332
600
612
600
650
609
1135
614
616
718
619
852
1102
589
614
729
840
692
1447
885
907
655
598
902
682
838
618
579
648
613
1396
713
652
613
593
965
826
777
940
1370
877
1122
1347
759
674
1021
1034
897
1829
2926
746
894
879
850
847
947
675
846
685
692
829
1780
822
793
798
636
809
927
1497
725
936
683
870
1186
2084
797
772
804
816
1035
1171
947
722
758
963
1411
921
893
885
949
1078
927
954
743
1318
726
1225
1076
1096
1286
1332
1267
713
1863
1238
1128
894
1051
2782
1133
1136
1256
1456
1198
1106
951
965
883
1748
1033
1072
2269
947
982
1104
725
1573
1619
1094
1126
888
1049
738
1158
1188
1507
1257
897
2327
1802
1457
1000
987
1406
2155
1043
1269
1029
885
970
2912
1913
1065
1066
886
1177
1970
2895
1176
1012
1064
760
2521
979
732
1336
1579
1362
1153
1683
1467
1247
1084
1055
807
1553
1210
1408
939
1595
1280
1033
1325
1207
1188
1212
1397
1603
1615
1668
1060
1351
1063
1621
975
1228
1363
1776
1682
1189
1493
1295
2009
1698
1275
1184
1366
919
971
1897
1618
1046
1176
941
1140
957
936
1117
1306
1344
1228
2368
1365
1284
874
891
1281
1176
1769
934
1800
1235
1208
2604
1257
828
1006
1906
819
1098
1450
1901
874
796
679
979
2104
1266
905
1089
904
1028
1846
1930
815
1192
809
1136
1602
2712
1195
768
713
1138
903
2501
1130
770
824
1350
1463
1116
1346
1042
1344
1142
1212
1229
2711
1703
1970
1747
853
774
1211
1409
2395
927
769
765
1180
720
1619
1338
1298
785
1025
1020
1032
959
942
962
1518
909
1169
1342
2371
1677
997
1351
1006
1048
1808
1184
1001
1041
797
1249
1461
1802
1098
964
966
1292
969
1085
941
1339
1005
703
833
715
1397
952
1251
801
779
727
829
1643
1810
714
838
913
782
1940
3016
967
689
782
733
843
2062
1638
682
834
1247
917
769
840
1597
687
799
839
729
1024
901
925
975
908
940
931
1194
873
1116
1372
1449
768
939
1243
1816
1117
1484
1051
1325
264393
1063
809
638
655
654
696
795
611
721
686
648
799
599
698
646
687
677
668
725
659
698
727
695
665
666
684
678
682
738
1005
1282
678
743
1001
1052
689
780
621
606
612
1197
651
1203
770
645
644
637
601
615
794
620
978
959
902
917
760
788
1172
906
894
606
713
682
705
1572
628
665
635
661
782
892
1180
805
719
683
767
676
644
667
702
701
725
825
690
738
659
611
627
1684
1129
712
661
704
709
1386
1402
909
805
612
793
1161
1139
623
648
741
871
704
623
899
619
691
630
895
609
1024
673
667
733
844
718
731
666
680
752
728
713
1057
889
639
1047
1056
779
923
856
696
754
856
667
680
665
638
692
752
635
733
733
632
683
673
610
825
620
641
2149
1187
592
669
641
620
853
1897
563
764
790
629
1191
596
849
575
676
622
1438
834
843
661
597
592
1170
578
825
788
808
830
684
731
680
623
590
586
1106
596
923
838
859
736
593
615
614
609
597
1488
1168
753
627
1079
986
940
634
622
646
620
663
1211
918
628
629
870
587
836
670
631
633
904
1133
627
603
650
801
916
1583
638
869
850
983
637
683
640
613
659
849
1209
998
823
739
603
801
715
1445
598
594
600
683
1212
1122
601
614
599
713
1029
671
582
627
587
753
2242
1245
1005
712
909
788
1434
1603
621
757
634
634
635
1895
800
608
653
680
903
1699
666
585
941
715
893
2040
2793
1568
1405
1269
1229
2906
1638
1396
1020
1041
2867
1401
1249
1442
1256
953
3427
1226
1195
1441
1326
1705
1674
1344
5015
2226
1820
1191
1076
1328
2518
1491
1173
1342
1157
1129
6561
2961
1296
1384
1475
1949
1443
849
1022
1038
882
918
846
809
968
1002
932
1048
1112
833
1242
793
1034
1057
1217
1038
824
756
800
855
835
1092
1148
1790
2244
1007
1023
1002
757
947
979
2294
1053
889
1076
1116
1090
1263
1241
12070
1349
1132
779
687
723
760
1244
713
829
748
2686
1072
1010
958
1223
1257
3156
907
837
898
935
872
1120
1024
872
1105
816
880
708
950
795
761
706
679
748
1396
924
635
753
668
644
779
1283
743
930
730
945
1101
735
657
748
860
1064
666
1102
1497
1395
720
643
685
916
1249
698
709
703
838
643
1253
686
694
672
794
1142
849
721
802
1221
1551
750
748
857
771
723
1197
861
658
1417
918
1473
1007
673
649
719
889
1896
1076
864
1048
1276
1529
616
675
625
859
900
1346
1275
933
718
869
905
919
703
928
866
884
855
684
823
687
871
691
759
1037
846
655
631
617
942
1422
780
704
711
808
1268
1057
810
862
623
1253
821
1347
659
723
711
1187
766
1033
821
890
944
712
1599
1016
767
807
619
856
1072
1180
1069
1050
1175
935
1463
627
595
793
628
1175
843
1223
1069
