4513
4563
4597
4669
4700
4626
3065
2640
2623
2675
930
980
928
775
622
654
715
752
838
793
1288
683
572
606
4616
1170
1121
2931
591
2756
1091
1132
1211
1191
629
1258
1288
4927
849
651
597
598
650
632
641
700
673
730
720
731
750
782
825
861
695
670
713
727
777
862
913
962
1030
1054
1125
1197
1286
1315
1332
1365
1437
895
906
887
951
940
965
967
965
1009
1106
1148
1192
1200
1199
1200
1241
1267
1280
1358
1372
1427
1433
1440
1469
1529
1550
1611
1638
1678
1711
1715
1779
1834
1195
1237
1221
1253
1304
1364
1352
1407
1408
1425
1437
1409
1465
1440
1461
1446
1482
1514
1552
1626
1703
1757
1815
1890
1927
1990
2050
2131
2203
2329
2376
2421
2423
2491
2516
2585
2642
2725
2721
2773
2767
2796
2826
2888
2949
3022
3120
3143
3181
3250
3299
3337
3399
3486
3559
3632
3657
3675
3750
3827
3876
3911
3958
4042
4106
4109
4126
4176
4204
4224
4257
4283
4324
4375
4443
4518
4592
4678
4743
4828
4894
4926
4991
5044
5099
5143
5190
5222
5274
5321
5368
5412
5472
5475
5482
5521
5540
5601
5660
5721
5774
5807
5861
5867
5947
6036
6054
6059
6061
6093
6104
6149
6144
6172
6185
5981
6036
5526
5516
5556
5424
5423
5127
5108
4937
4969
4979
4548
4593
4516
4555
4600
4053
4067
3683
3705
3717
3711
3708
3240
3267
3091
3134
3150
2849
2880
2409
2383
2370
2224
2194
1990
2030
1910
1964
1944
1649
1735
1204
1231
1284
1066
1121
847
865
554
581
802
597
988
602
688
690
656
1033
574
620
672
702
918
672
948
596
626
667
701
922
572
822
617
661
658
693
1003
607
897
640
663
552
597
830
605
1000
611
666
682
660
1040
627
654
650
676
757
646
1040
626
640
647
695
962
593
871
566
610
594
651
989
610
838
605
676
596
702
1055
617
839
591
670
589
672
1095
599
828
578
632
520
625
887
615
961
605
661
690
667
1113
566
604
663
700
836
594
996
561
604
638
679
824
602
1026
593
607
647
672
997
595
901
598
608
619
664
930
601
790
585
606
592
617
994
607
794
577
621
547
577
803
585
805
566
646
537
597
865
559
962
620
605
615
660
1002
569
586
628
649
883
579
978
608
674
608
652
993
560
803
584
585
545
555
792
590
1035
612
637
697
717
909
632
1027
609
625
688
700
828
610
995
620
633
694
714
1054
597
654
626
677
1025
630
889
608
641
565
614
830
617
857
614
644
522
611
816
610
1028
601
646
678
713
935
615
986
587
663
712
707
1122
596
616
660
653
796
632
997
648
719
692
733
1125
569
789
608
687
680
740
1105
589
855
593
662
555
603
813
586
842
586
626
534
628
863
658
866
603
630
482
565
900
613
871
615
663
563
626
827
604
1041
626
601
657
694
884
617
1004
625
719
791
780
1024
616
711
781
592
636
586
980
663
705
658
703
1032
617
891
606
632
139733
654
918
617
610
601
590
1079
612
605
582
610
925
607
1163
587
606
876
587
1120
604
633
718
608
1051
607
691
555
618
974
587
1185
589
675
843
593
953
625
643
552
611
898
594
1122
572
617
797
613
965
616
616
562
604
874
590
1148
594
637
810
589
3919
1346
1723
2462
3034
3920
3988
3800
3809
3773
3775
3743
1012
2398
2787
2809
2819
2856
2869
723
940
729
772
805
752
725
1182
760
740
740
744
715
728
713
765
1104
962
911
901
648
650
684
714
752
771
846
905
970
985
1057
1094
1109
1102
1128
1107
1124
1119
1145
1159
1162
1191
1278
1340
1386
1434
1702
1803
1833
1692
1719
1767
1799
1898
1956
1978
2006
2023
2084
2149
2216
2269
2343
2403
2447
2505
2585
2636
2700
2739
2783
2832
2895
2946
3113
3154
3219
3264
3299
3349
3405
3410
3449
3475
3487
3534
3562
3590
3784
3834
3958
3996
4019
4086
4183
4239
4275
4348
4363
4374
4399
4488
4531
4594
4631
4554
4591
3948
3936
3617
3648
3694
3353
3352
2708
2690
2718
2686
2701
2143
2110
1991
2022
2037
1415
1422
927
929
937
838
1166
587
604
533
567
1053
596
646
577
605
1119
601
1042
577
587
622
567
1167
580
597
558
566
1086
594
610
525
551
1183
618
1070
610
627
681
596
1234
617
660
523
613
1253
609
872
619
645
572
610
889
591
1452
617
701
922
598
922
598
606
551
623
888
569
1214
630
667
698
580
1117
586
630
537
596
1224
603
1118
626
673
685
568
1096
612
655
568
611
895
610
1110
618
617
811
599
903
585
642
555
608
1030
580
587
552
611
1179
608
893
597
630
562
592
1070
609
622
567
590
901
576
1135
588
649
821
575
1098
583
586
630
569
1135
592
632
515
604
1205
624
1060
620
660
694
604
1474
926
916
727
750
947
611
1070
571
604
699
587
1110
604
624
577
607
1072
606
615
538
555
1140
585
1093
601
624
671
582
1156
599
611
553
613
933
598
1081
567
590
785
561
938
597
623
521
611
1115
591
601
561
618
949
591
1094
589
600
791
595
912
596
598
537
588
1073
579
613
565
576
1061
585
1112
567
619
836
588
1135
590
590
530
593
1079
604
644
558
590
1102
607
1060
572
595
691
566
1115
