3042
3046
3074
708
705
4455
3712
1219
1288
564
523
1065
1053
1041
1040
1070
1189
1793
3330
2808
1276
945
784
857
811
823
804
874
946
967
1558
621
658
699
736
747
768
782
825
861
723
704
762
852
871
951
994
1025
981
1033
1083
1159
1214
1240
1257
1387
1443
1500
1708
595
949
664
843
661
598
606
652
713
677
713
753
826
890
945
1000
974
1033
1070
1102
1104
1163
1207
1248
1299
1369
1446
1508
1623
1651
1708
1758
1798
1904
1963
2004
2061
2073
2008
2041
2060
2158
2229
2292
2337
2334
2391
2459
2525
2570
2663
2673
2718
2721
2759
2813
2871
2951
3054
3133
3148
3156
3214
3271
3314
3371
3446
3514
3538
3615
3658
3730
3775
3832
3889
3967
4068
4110
4038
4093
4146
4186
4246
4272
4340
4412
4421
4403
4434
4426
4465
4478
4539
4584
4613
4678
4736
4739
4763
4757
4780
4850
4854
4863
4841
4901
4933
4982
4998
5014
5042
5104
5160
5205
5234
5246
5268
5312
5335
5393
5431
5440
5456
5418
5415
5431
5433
5459
5502
5520
5559
5583
5578
5588
5628
5650
5693
5751
5836
5917
5999
6070
6132
6207
6261
6328
6375
6443
6477
6516
6528
6533
6506
6547
6571
6594
6622
6635
6636
6632
6649
6735
6656
6695
6251
6308
6081
6128
6065
5892
5922
5434
5401
5407
5286
5296
4998
5010
4792
4800
4811
4358
4390
4421
4473
4499
4035
4025
3635
3638
3583
3379
3351
3000
3012
2795
2851
2882
2511
2565
2444
2455
2474
1975
2019
1622
1622
1602
1496
1532
1093
1149
1130
1020
1071
633
971
608
601
692
618
901
588
659
509
594
997
594
648
667
660
1031
607
875
575
595
590
598
884
640
1005
585
606
623
698
1021
578
573
574
613
861
609
1037
604
647
753
586
887
582
613
532
591
821
602
1030
568
573
732
609
903
604
627
553
565
816
602
1088
597
632
627
667
950
592
632
651
667
1311
654
1135
621
640
631
633
1024
621
617
573
546
839
579
1052
607
637
656
668
1038
628
655
647
682
1027
619
973
628
598
755
600
940
616
698
551
619
850
621
1038
615
637
694
710
1040
632
657
586
616
866
588
1032
596
639
674
664
1032
574
641
661
736
1052
603
804
653
674
587
613
826
606
1005
609
638
734
564
904
601
672
563
610
1008
620
597
677
701
1051
555
798
603
630
582
605
988
615
706
715
793
1147
580
839
607
610
533
602
1020
591
654
518
636
892
632
991
583
597
791
592
957
605
603
633
652
1030
605
642
603
675
1086
647
869
633
668
558
582
993
592
647
589
675
1076
591
988
572
620
592
597
967
569
582
557
589
833
538
1047
597
583
664
620
841
604
643
546
611
1030
646
630
710
675
1040
603
970
603
655
663
698
1015
594
658
529
592
831
585
1014
592
569
717
575
867
600
658
534
615
828
598
1022
580
591
715
572
817
2020
2000
1702
2363
993
1935
1074
10264
2520
2480
2446
2458
2452
1753
1697
1293
665
620
890
2040
2783
2807
2843
2699
2603
972
1002
1017
1032
1044
1095
1106
1150
1003
1043
1088
1088
1088
1126
1164
1207
1261
1311
1348
1365
1452
1549
1537
1621
1658
1686
1684
1748
1847
1907
2001
2004
2022
2045
2069
2142
2197
2332
2416
2472
2476
2486
2544
2564
2652
2750
2825
2866
2884
2951
2989
3022
3083
3159
3269
3264
3300
3348
3377
3440
3505
3532
3590
3608
3662
3693
3721
3771
3817
3872
3929
3945
3962
3988
4014
4047
4053
4116
4229
4322
4439
4455
4502
4531
4584
4615
4632
4636
4645
4633
4636
4608
4584
4589
4544
4554
4583
4573
4548
4546
4514
4526
4208
4177
4013
4003
4020
3745
3745
3405
3420
3182
3233
3265
2897
2903
2400
2410
2435
2441
2491
1999
1955
1941
1910
1941
1604
1613
1108
1108
1110
1078
1036
659
881
589
612
555
599
888
617
981
614
606
663
682
1013
602
1014
628
615
609
585
792
587
999
612
635
665
673
1072
614
628
661
692
995
573
861
607
623
557
583
813
616
854
607
616
568
625
865
607
991
597
705
721
644
821
610
1003
612
671
718
697
1033
616
711
654
679
925
603
978
608
649
691
729
827
561
1010
608
689
644
653
961
567
779
611
582
543
593
811
584
874
583
663
543
635
1042
659
806
615
626
554
591
794
621
879
618
691
532
620
819
597
1082
615
619
678
730
974
607
1000
599
656
717
796
674
621
614
638
637
772
598
1039
609
654
705
769
1060
617
922
600
623
158397
638
1503
590
664
1383
582
1537
567
632
538
574
1292
577
1550
576
583
1591
553
1499
582
626
1432
589
1505
575
619
538
586
1315
569
1809
577
606
1480
583
1374
604
624
543
623
1399
586
1557
623
606
1464
603
1443
579
588
526
562
1366
628
1498
559
618
1522
580
1333
581
654
552
598
1384
619
1559
582
620
1322
618
1541
598
659
543
583
1610
603
1332
616
680
553
594
1360
593
1505
584
614
1552
602
1310
573
589
532
571
1492
565
628
543
562
1485
596
1500
590
612
1360
592
1509
590
613
601
554
1609
580
1498
574
600
1443
569
1425
582
597
541
643
1479
603
619
531
626
1549
610
1345
589
612
537
601
1338
618
1283
599
558
600
628
994
627
626
539
592
849
618
1063
614
638
686
575
859
627
677
514
581
