7079
7122
7177
7230
7270
7312
7340
7380
7468
7530
7577
7276
7243
7270
7043
6735
6736
810
566
1714
1674
1463
1246
1186
952
3567
4741
2479
1056
670
668
714
679
660
659
688
700
740
811
884
913
959
1029
1078
1121
1103
1132
1171
1011
984
944
999
1091
1124
1106
1136
1159
1201
1223
1269
1304
1328
1325
1335
1356
1408
1473
1564
1584
1649
1391
1372
1426
1247
1205
1123
1190
1210
1239
1241
1231
1287
1372
1441
1472
1531
942
1008
1008
1050
1062
1123
1242
1302
1371
1431
1444
1463
1624
1662
1744
1844
1912
1980
1877
1873
1895
1889
1981
2029
2076
2141
2167
2186
2266
2295
2357
2422
2499
2556
2610
2679
2755
2840
2949
2943
3015
3051
3100
3139
3173
2803
2885
2974
2985
3054
2550
2545
2491
2514
2562
2072
2107
1752
1771
1580
1581
1579
1160
1196
1199
1170
1191
815
963
560
599
661
590
1064
572
618
488
549
859
586
1095
604
607
623
564
865
589
618
512
604
1004
629
663
678
695
1007
578
821
619
666
524
810
1386
1270
1324
1021
966
1275
1281
723
802
581
618
666
740
849
932
989
1074
1105
1120
1160
1232
1344
1161
1170
1214
941
1054
579
652
794
581
835
559
620
493
600
972
595
662
580
654
1081
571
929
572
616
742
574
981
592
622
516
580
849
576
1009
589
637
692
575
1045
613
653
701
675
1104
624
660
640
683
1007
606
1058
600
674
687
635
1024
604
680
559
560
950
572
598
556
563
940
579
597
611
661
1055
583
818
613
637
548
567
978
587
607
592
614
844
578
1044
597
602
629
660
985
582
644
528
577
830
569
1009
604
622
669
719
1003
599
669
627
669
1098
603
1020
557
576
576
584
942
581
656
706
739
1019
589
858
614
639
559
585
943
594
552
603
642
958
590
792
586
604
534
588
817
616
1017
634
656
737
598
803
641
653
568
600
942
574
599
625
656
955
598
838
605
649
551
603
945
600
636
669
739
1029
598
822
606
637
550
578
939
591
583
569
634
877
595
966
599
596
649
565
842
628
646
535
595
979
557
581
517
551
843
605
919
568
598
637
643
1126
609
658
493
549
858
601
1076
617
643
675
581
883
603
639
551
605
859
631
1023
596
617
701
575
844
621
642
523
617
839
612
1110
623
639
641
654
895
616
1007
607
635
687
715
861
622
1041
632
684
724
671
1065
596
653
655
702
1021
592
885
605
641
533
582
866
679
945
632
712
650
709
1086
627
788
636
661
543
615
858
607
1011
616
678
740
696
1093
600
641
621
673
1134
645
821
588
618
517
565
876
576
913
577
586
546
615
859
600
1042
624
663
729
755
890
609
1005
611
661
699
585
1005
624
659
687
717
1039
586
792
602
660
555
624
1073
597
827
583
648
1147
969
954
927
1044
602
699
710
678
1011
561
646
520
614
1034
603
799
565
608
550
604
813
596
1004
573
654
665
633
1026
573
641
584
668
885
582
1008
593
638
578
604
814
582
1006
581
654
665
570
1022
601
653
681
688
978
593
819
582
633
552
601
987
593
899
590
641
538
589
799
562
967
587
591
620
641
873
585
1034
573
597
611
649
1000
594
634
664
726
988
582
780
612
630
593
626
1036
585
841
590
604
551
586
779
602
1015
603
628
639
640
999
590
581
597
631
1034
604
854
621
649
620
648
966
592
948
556
596
620
601
869
617
1268
604
644
716
619
869
619
1046
605
613
621
662
992
584
589
593
589
987
594
803
591
613
538
567
855
604
1067
594
614
635
662
1022
611
588
637
653
1003
602
780
580
602
517
596
1014
618
892
599
614
558
618
838
595
982
612
650
706
718
944
575
576
589
590
853
605
1036
611
622
631
689
949
615
796
569
1046
744
709
739
610
1071
604
616
670
727
1038
593
670
643
712
850
578
1033
573
642
624
692
1203
614
949
599
631
641
568
936
595
600
608
621
947
601
668
486
562
907
617
971
578
624
751
586
980
612
588
614
568
941
612
631
514
606
965
587
663
543
602
830
623
1015
617
641
703
615
978
601
630
750
602
822
602
639
508
599
1026
575
594
558
614
1000
585
626
493
561
847
583
1038
586
591
681
578
817
631
647
550
620
919
613
992
588
621
644
670
912
615
648
533
594
795
588
994
602
670
853
612
811
593
601
545
624
1311
1275
1241
883
922
1168
965
994
3076
3306
3299
3194
9186
8852
7063
7025
7056
7083
7064
7055
7033
7039
7032
7035
7064
4879
4857
4354
4249
4142
4040
3941
3832
3719
3616
3494
3416
3308
3218
3108
2991
2893
2720
2627
2557
2510
2325
2249
2129
1115
1044
978
930
838
648
534
530
512
521
523
3561
3217
3117
3014
2915
2835
2725
2660
2576
2520
2485
2515
1422
641
635
705
617
608
592
633
657
696
757
786
820
897
948
1052
1091
1090
1123
1171
1205
1222
1257
1323
1335
1237
1302
1422
801
790
616
631
657
606
1053
616
635
651
676
1024
598
1041
672
722
706
750
1031
582
628
536
561
1006
552
608
598
619
1039
564
947
