12584
12605
12076
12092
11419
11474
11326
11272
11148
10222
9817
9017
8487
7820
7723
7881
7919
7948
7967
7999
8021
8063
8003
7784
7502
6609
6609
6646
7189
8195
8372
9279
9523
10523
11486
12034
12470
12744
12376
11946
11012
10934
10898
10926
10946
10927
10861
10822
10908
10986
11012
10641
10579
9490
8063
7094
6167
5598
5129
4718
4186
3738
3452
3237
3050
2910
2764
2625
2599
2569
2592
2708
2723
2692
2688
2641
2654
2660
2677
2518
2473
2406
3151
3966
4691
5122
5451
4979
4573
4139
3689
3210
2652
2158
1623
1186
1249
1345
1206
911
997
1170
1333
1524
1578
1609
1598
1583
1669
1699
1661
1669
1628
1562
1557
1577
1452
1398
1418
1558
1349
1265
1278
1278
1312
2065
2219
3059
4171
5382
6381
7438
8500
9783
10157
10082
10031
10017
10040
9929
9886
9884
9934
10038
10091
10112
10013
10100
10115
10044
9972
9948
9951
9940
9967
9911
9883
9893
9884
9816
9771
9690
9626
9551
9448
9397
9312
9133
9045
8267
7961
7463
7019
6555
6183
5814
5498
5148
5118
5129
5116
5157
5214
5212
5211
5074
5058
5067
5073
5049
4365
4367
4297
4322
4339
3791
3800
3108
3171
3018
3044
3104
1903
1353
1214
1168
1159
933
1046
1146
1181
1132
1219
1309
1300
1106
907
897
1068
1168
1171
1149
1028
975
1443
895
1023
1251
1141
1966
1757
1734
1677
2069
2590
3581
4476
5356
6235
7229
7655
7643
7657
7671
7650
7654
7668
7714
7828
7750
7445
7164
6955
6796
6522
6169
5442
4701
3993
3373
2759
2540
2397
2218
2039
1384
1288
1264
1201
1407
1283
988
1056
1113
1034
987
998
1014
1010
1022
1017
1023
1055
1016
981
978
983
956
964
954
1022
1101
1013
922
1015
1235
1199
1238
1210
1201
1184
1203
987
1128
1321
1501
1678
1693
1768
1746
1703
1653
1632
1620
1539
1531
1526
1555
1551
1549
1554
1541
1535
1536
1499
1410
1301
1182
1203
1163
1363
1224
1123
910
1126
1306
1357
1289
1124
1136
1102
1098
1058
1039
1045
934
950
760
749
1385
1011
1057
1093
1037
1163
1176
1181
1152
1177
1210
1164
1183
1207
927
1091
1274
1391
1414
1349
1281
1261
1277
1292
1312
1277
1247
910
921
1274
799
1582
880
1111
1226
1188
1166
1278
1154
1153
1215
1189
1143
1148
1230
1160
902
974
1176
1280
1290
1327
1337
1402
1518
1498
1453
1410
1436
1429
1422
1363
1375
1145
1159
1616
758
1302
919
1019
1161
1148
1162
1180
1183
1201
1321
1670
1686
913
832
834
933
1017
1087
1173
1245
1302
1176
1224
1198
1169
1187
1169
1172
1056
1246
1553
1643
1731
1787
1870
1907
2006
2045
2154
2216
2294
2373
2478
2538
2557
2536
2506
2485
2529
2385
2423
1976
1871
1824
1207
1163
1142
1167
1254
940
1055
1247
1462
1467
1416
1381
1383
1441
1181
1104
1204
1199
1205
1184
1246
1270
1119
1654
2712
3878
4879
5763
6619
7623
7735
7746
7796
7944
7986
8018
7779
7764
7113
7107
7122
6871
6879
6904
7755
8040
8359
7839
7390
6997
6558
6180
5796
5813
5845
5811
5780
5780
5780
5789
5809
5795
5807
5776
5471
5452
5445
4768
4784
4683
4640
4599
3734
3698
3257
3160
2612
2051
1494
1160
1297
1297
1466
1420
1194
1208
966
933
1039
1809
2776
3679
4681
5066
5107
5137
5243
5238
5231
5191
5137
5043
4977
4857
5654
6563
7499
8372
9388
9886
9803
9799
9480
9516
9526
9014
8940
8272
8275
8147
7758
7305
6660
6119
5705
5276
4624
4418
4415
4375
4321
4250
4174
4167
4158
4155
4249
4253
4152
4076
4015
4042
3868
3832
3233
3249
2504
2442
2706
2599
1979
1455
1157
1253
1187
1055
939
1079
1132
992
945
975
982
903
901
894
897
997
751
934
1068
1077
1481
727
1334
917
1075
1161
1408
1281
1268
1180
1270
1316
1292
921
1042
1213
1279
1257
1225
1235
1249
1147
1042
946
920
818
817
769
755
761
763
1407
828
920
1126
966
1149
898
1144
1139
1189
1181
1166
1413
910
921
1194
1420
1457
1448
1420
1395
1431
1460
844
832
919
1138
1231
1168
1200
1308
1183
1187
901
981
1139
1270
1268
1276
1394
1473
1518
1547
1556
1473
1538
1578
1459
1525
1558
1317
1902
1253
1330
1399
1360
1258
1210
1199
1211
1510
1986
2563
3251
3877
4251
4254
4278
4305
4254
4320
4329
4300
4261
4292
4281
4256
4197
4131
4076
3977
3841
3834
3808
3827
3763
3746
3701
3659
3673
3663
3493
3397
3067
3031
2749
2639
2537
2006
1484
1170
1187
1232
1191
1362
1333
919
949
1125
1324
1324
1313
1309
1319
1339
1359
1361
1337
1341
1348
1361
1289
848
848
854
866
1139
1004
1271
1229
1203
1287
9229
1199
1127
1167
1199
1028
1032
1076
1212
1474
1387
1169
1190
1158
1221
1163
917
963
1049
971
856
834
834
832
877
999
1302
1246
1281
1223
1203
1223
1280
1212
1076
961
972
945
833
906
973
1084
1174
1235
1301
1308
1292
1278
1263
1280
1294
1332
1316
1325
1271
1300
1315
1290
1231
1177
9165
1201
1197
1683
2117
2353
2939
3283
3457
3285
2616
1941
1410
1184
1157
1151
1228
1243
1589
2131
2612
3393
4388
5327
6336
6509
6586
6619
6626
6750
6797
6817
6799
6727
6721
6755
6748
6799
7658
8424
8471
8513
8511
8512
8460
8379
8297
8241
8198
8188
8213
8169
8090
7966
7961
7934
7918
7900
7887
7891
7823
7708
7636
7558
7458
7444
7602
7588
7563
7565
7569
7529
7530
7505
7467
7419
7352
7250
7196
7126
7122
7122
7042
7069
7049
7049
7050
7046
6990
6997
6999
6937
6883
6821
6765
6704
6644
6682
6688
6663
6657
6679
6680
6674
6588
6551
6430
6320
6254
6184
6123
6033
6028
6010
5992
5884
5869
5851
5824
5788
5763
5794
5791
5727
5865
5839
5762
5690
5633
5587
5563
5422
5397
5452
5520
