5529
5633
5730
5744
5829
9482
9528
9572
7256
7402
2831
2114
879
661
761
707
695
724
670
676
707
723
764
770
871
902
940
1048
1170
1256
727
708
4473
3018
666
582
882
553
546
555
606
1728
1619
1424
3022
563
4109
1653
1002
5037
814
2166
950
649
565
587
636
680
706
734
694
628
681
717
755
800
830
923
981
1184
1258
1290
1335
1549
1588
1633
1697
1767
1867
1957
1993
2081
1722
1814
1850
1901
1943
1985
2024
2102
2168
1570
1605
1623
1659
1694
1791
1794
1802
1831
1856
1878
1780
1808
1855
1903
1934
1982
2069
2131
2167
2130
2147
2163
2155
2200
2247
2317
2375
2439
2502
2568
2639
2702
2749
2836
2887
2899
2963
3051
3119
3124
3164
3250
3298
3322
3366
3410
3463
3525
3597
3652
3709
3774
3835
3874
3928
3973
4010
4080
4147
4179
4244
4324
4345
4412
4439
4484
4522
4572
4607
4673
4734
4768
4812
4874
4917
4964
5020
5047
5145
5224
5277
5335
5406
5479
5533
5572
5658
5733
5820
5892
5954
6022
6066
6102
6132
6178
6259
6314
6349
6423
6472
6530
6574
6636
6684
6734
6816
6844
6890
6936
6991
7052
7142
7189
7266
7323
7356
7440
7485
7525
7571
7608
7624
7662
7687
7705
7762
7798
7820
7864
7896
7913
7910
7893
7885
7911
7934
8001
8045
8102
8133
8217
8262
8289
8103
8192
8257
7998
7999
7417
7422
7432
7442
7463
7244
7302
6854
6850
6855
6864
6870
6445
6467
6440
6458
6506
6200
6208
5878
5898
5450
5451
5444
5388
5422
5278
5336
4888
4882
4883
4882
4862
4483
4499
4524
4524
4571
4228
4239
3801
3822
3681
3703
3686
3426
3466
3107
3105
2901
2932
2971
2756
2779
2468
2497
2327
2319
2377
2201
2217
1885
1906
1731
1792
1830
1572
1632
1295
1322
1177
1201
1235
1006
1039
767
801
615
676
836
615
851
623
657
532
603
828
628
856
599
644
560
601
822
580
897
603
630
590
601
780
587
943
604
628
672
682
983
582
658
606
626
832
597
1036
582
643
681
673
924
566
803
573
639
536
575
795
575
1028
594
599
635
685
976
573
662
636
664
859
585
988
600
674
666
669
869
624
968
613
663
695
701
964
560
752
599
664
586
653
860
583
1052
658
704
726
741
980
631
811
613
642
543
602
802
627
895
609
631
646
645
1000
630
791
624
662
702
716
854
615
992
602
608
547
620
811
597
863
633
670
562
615
1136
599
826
604
656
524
578
782
622
930
637
679
540
577
788
597
896
658
702
698
727
1010
597
793
589
641
644
687
999
608
843
576
632
658
673
848
597
981
590
598
618
611
871
589
810
612
650
525
589
843
668
908
625
673
664
730
1036
639
924
626
640
703
742
990
608
654
539
617
835
623
1024
642
670
706
776
1046
623
673
559
610
817
622
1014
600
610
660
685
977
618
667
540
598
943
618
718
675
725
1025
626
919
599
645
710
725
963
602
603
539
608
956
571
646
630
695
1008
544
881
566
625
649
668
1057
583
598
532
561
785
585
1014
634
705
759
768
1143
608
627
692
738
915
615
853
621
682
515
593
807
623
962
623
663
681
709
1034
618
602
657
711
1049
954
608
626
699
660
692
805
637
1142
628
648
678
694
886
649
722
694
752
1060
592
783
609
619
566
611
724
596
956
591
638
552
573
956
635
625
650
696
810
597
1085
636
672
591
625
889
608
933
580
598
616
659
915
605
612
643
677
1033
624
947
623
647
677
702
972
603
665
683
741
974
593
828
616
648
568
623
752
617
1018
612
630
656
688
866
566
622
560
611
826
599
939
598
679
714
673
989
614
661
559
572
819
631
962
602
665
730
649
1054
592
622
567
594
789
594
954
599
613
676
692
983
595
607
657
682
948
599
986
612
614
596
634
955
577
596
623
657
949
578
951
584
634
779
591
866
548
595
562
565
797
601
916
591
608
659
678
970
606
579
522
560
834
597
980
597
626
662
700
1016
622
680
555
612
843
621
858
631
671
544
617
924
590
687
679
735
1047
606
917
621
687
733
698
1021
608
636
533
567
964
597
643
670
702
1030
611
813
616
639
537
591
969
615
613
649
705
954
642
1013
593
621
609
656
931
578
589
523
536
944
586
637
634
668
949
610
984
613
593
595
602
873
613
630
600
632
829
609
973
610
651
700
724
1013
599
634
527
564
808
590
974
616
628
693
572
935
611
639
667
696
1031
604
626
546
656
5222
1055
829
789
789
780
771
809
784
2143
613
1170
1137
1105
1378
1090
1119
1093
1064
1044
1106
1115
1529
1144
1120
1096
1064
537
1068
1093
1098
1091
1107
1098
1118
1425
1245
1118
1155
5639
814
669
894
868
751
603
625
642
630
730
638
645
646
694
715
739
756
786
858
872
883
892
927
586
651
673
713
697
712
760
814
844
923
968
937
958
1041
1134
1229
1303
1296
1323
1338
1368
1412
1412
1432
1400
1392
1429
1465
1517
1539
1589
1622
1619
1635
1676
1682
1700
1745
1793
1828
1843
1867
1902
1905
1928
1989
2069
2126
2178
2260
2267
2288
2307
2324
2345
2341
2366
2446
2470
2502
2525
2576
2627
2671
2710
2746
2773
