14723
14832
14938
15216
15268
15274
15297
15359
15368
14708
14157
14071
14032
13982
13875
13869
13903
13912
13968
13974
12825
11183
11147
8486
7218
7161
7127
7091
7302
7272
7254
7199
7166
7273
5676
5686
5500
5342
4823
4556
4575
4592
4402
4450
4492
4522
4571
4638
4717
4645
4818
4937
2294
4613
971
1704
1255
884
704
614
1241
558
1107
1361
531
1135
1735
1274
625
690
759
771
782
788
834
882
922
2170
5070
1059
1131
3929
1916
850
787
734
727
949
982
954
990
2531
1390
1599
2331
1518
3346
1251
1579
4673
790
714
648
627
638
670
1325
650
631
637
671
644
820
672
615
665
680
684
667
692
754
826
914
991
1085
1136
1186
1228
1226
1235
1261
1290
1304
1368
1431
1454
1498
1498
1547
1594
1628
1669
1644
1464
1489
1531
1587
1639
1704
1749
1825
1868
1891
1980
2036
2129
2188
2218
2217
2176
2133
2133
2166
2191
2221
2270
2317
137379
660
1318
600
618
1069
577
1316
598
625
534
557
1167
572
1362
559
550
1230
541
1293
570
617
1058
600
1403
579
617
544
583
1182
595
1325
579
608
1249
563
1146
587
614
537
577
1150
588
1370
578
609
1208
580
1216
580
612
538
582
1190
592
1342
581
612
1240
579
1145
586
637
581
596
1198
608
1340
625
645
1103
593
1344
616
644
539
603
1338
614
1164
592
658
534
619
1304
632
1392
562
605
1208
609
1134
572
604
549
568
1313
565
619
546
545
1344
552
1369
609
636
1058
586
1367
595
626
551
564
1421
579
1271
570
584
1218
562
1139
600
592
551
609
1304
604
615
550
564
1387
577
1153
592
621
539
599
1155
627
1305
575
572
1090
620
1370
593
605
531
623
1153
597
1505
654
629
1222
574
1139
622
659
538
561
1336
583
589
595
599
978
618
812
623
645
586
608
954
617
601
604
626
1016
620
953
602
615
628
641
984
569
602
529
568
845
600
984
596
639
680
691
933
597
590
610
655
940
575
921
547
550
590
556
943
565
560
535
557
921
585
600
614
629
932
606
941
571
582
594
616
1004
610
635
530
571
1034
619
657
653
673
968
622
926
634
625
660
681
954
616
672
559
611
1035
616
821
628
642
553
605
836
607
1400
646
660
754
604
810
597
643
553
604
797
591
1021
644
627
651
683
956
609
618
658
675
1032
616
939
622
664
693
735
1061
613
636
538
586
804
614
976
605
608
728
638
806
603
612
551
601
947
599
605
620
664
1034
619
811
615
631
570
612
957
628
634
533
547
786
597
1090
635
624
657
586
998
641
613
620
612
898
592
638
686
693
1024
628
911
636
654
704
753
966
589
532
560
596
786
628
986
580
621
642
693
993
605
639
530
635
1006
609
618
634
660
952
593
1044
606
629
674
674
948
604
620
529
592
836
619
1002
570
588
644
591
814
618
648
559
609
944
602
614
567
637
1151
897
999
600
624
657
581
818
614
614
570
597
943
572
591
615
657
896
564
937
584
633
774
582
1114
1255
1221
563
759
739
704
749
658
824
831
817
789
616
794
747
810
612
2349
957
865
885
574
774
730
746
732
732
743
736
751
743
758
724
730
701
738
740
743
762
733
779
742
756
731
776
731
748
1138
1492
1713
2085
2423
2607
2964
3187
3231
3533
3793
4179
4581
3772
4058
4483
4897
5127
5508
5875
6094
6488
6907
7128
7512
7858
8208
8613
8638
9015
9409
9619
10000
10373
10579
10785
11259
11611
12267
13223
13696
13991
14438
14701
15090
15468
15435
15833
16053
16336
16784
17023
17389
17755
17759
17986
18210
18580
18554
18227
18194
18288
18139
18357
18534
18722
19050
19231
19379
19558
19822
20214
20401
20599
20749
21135
21310
21405
21209
21362
21534
21709
22076
22237
22451
22167
22357
22726
22874
23049
22778
22968
23276
23306
23737
23353
23548
23375
23779
23837
24062
24292
24046
24160
24211
24599
24814
24370
24760
24739
25150
24890
25114
25315
25215
25636
25362
25549
25751
25942
26163
25870
26285
26465
26692
26925
26881
27089
27206
27222
27234
27655
27853
27758
27968
27809
28176
28146
28356
28578
28598
28587
28280
28621
28986
29004
29179
29029
29208
29293
29654
29670
29479
29678
29541
29721
29724
30111
30319
30219
30402
30042
30283
30670
30889
31140
30898
31089
31250
31608
31793
31698
31893
31614
31831
32000
32188
32356
32254
32468
32551
32793
32799
33048
33260
33348
33550
33288
33494
33734
33939
34344
33985
34187
34298
34537
34727
34677
35111
34923
35122
35166
35535
35711
35472
35625
35731
36068
36063
36005
36214
36004
36164
36154
36328
36668
36570
36795
36638
36826
37075
37282
37527
37414
37782
37469
37646
37849
37988
38202
37879
38267
38446
38655
38660
38583
38792
38895
39115
39140
39523
39726
39245
39645
39572
39776
39729
40129
40317
40231
40225
40096
40295
40671
40647
40899
40452
40488
40461
40490
40514
40100
40090
39885
39935
39807
39841
39883
39667
39690
39328
39354
39255
39257
39283
39083
39054
38640
38672
38692
38669
38695
38147
38148
38130
38127
38143
37721
37786
37483
37470
37277
37308
37320
37108
37134
36651
36671
36702
36503
36540
36254
36286
36162
36209
36233
35785
35789
35522
35572
35321
35366
35404
35104
35063
34590
34609
34586
34595
34576
34142
34187
34205
34200
34200
33932
33959
33517
33518
33366
33397
33421
33154
33181
32849
32826
32654
32683
32703
32461
32425
31968
31966
32016
32020
32011
31602
31595
31583
31609
31620
31141
31156
30867
30856
30811
30777
30782
30381
30395
30120
30150
29988
29980
30003
29805
