5105
5171
5160
5123
5107
5119
4848
4531
4532
1599
1386
1320
1361
1589
1581
8065
4627
931
7585
7658
7613
7697
7699
7528
7570
7686
7753
7791
7817
7840
7856
6986
6506
4831
4387
4211
4174
4147
4133
4364
4305
4288
4341
4330
4560
4595
4580
4027
8134
5208
3026
1274
1368
3422
2100
3287
1131
4449
4286
4152
4068
4043
4063
4073
3421
3380
3507
3445
2123
1912
1861
1850
1799
1733
1615
1621
1664
1761
1729
1786
1650
1662
1707
1688
1696
1737
1774
1826
1873
1904
1944
2018
2031
2037
2082
2167
1502
1550
1584
1579
1581
1538
1548
1584
1603
1638
1684
1673
1692
1719
1648
1692
1759
1737
1792
1792
1787
1814
1825
1850
1895
1898
1904
1988
2009
2072
2128
2194
2094
2114
2135
2132
2130
2158
2210
2279
2346
2370
2394
2425
2469
2497
2538
2591
2637
2685
2752
2811
2891
2964
2984
3077
3122
3207
3250
3305
3332
3389
3439
3495
3574
3626
3674
3708
3743
3779
3833
3880
3916
3922
3930
3973
4023
4127
4182
4261
4351
4431
4501
4546
4548
4583
4597
4657
4695
4722
4770
4825
4840
4876
4939
5000
5028
5034
5086
5109
5123
5155
5212
5272
5362
5444
5546
5602
5652
5663
5689
5705
5748
5804
5894
5935
5976
5993
5997
6013
6035
6093
6116
6162
6210
6216
6234
6233
6263
6271
6297
6298
6324
6370
6405
6405
6429
6467
6476
6475
6496
6514
6550
6554
6579
6591
6565
6586
6601
6637
6643
6652
6679
6724
6783
6801
6749
6760
6493
6548
6581
6329
6372
5810
5799
5796
5662
5672
5467
5474
5317
5347
5415
5153
5186
4682
4684
4665
4529
4571
4319
4330
4137
4131
4152
3750
3782
3715
3756
3754
3309
3347
3103
3130
2909
2942
2968
2701
2730
2289
2298
2343
2334
2389
1969
2018
1920
2004
2050
1586
1653
1369
1397
1210
1227
1244
1035
1095
682
735
828
823
1039
617
640
524
625
885
602
988
610
662
698
777
988
593
652
517
637
875
606
1013
582
642
707
728
1112
618
648
596
624
836
621
965
593
634
645
574
829
620
646
537
612
839
591
1045
632
678
699
613
873
624
652
573
604
756
597
1034
596
612
623
631
859
641
690
545
607
828
583
978
603
640
652
682
942
619
654
587
601
869
620
948
599
689
750
739
1070
599
623
672
715
998
607
776
589
598
576
623
957
595
657
609
660
1075
602
771
587
594
571
597
835
624
951
607
629
634
647
900
625
607
673
740
1018
578
788
599
634
542
604
842
600
871
643
695
544
606
927
623
681
663
714
1042
601
797
577
622
551
612
804
584
975
624
673
682
721
971
581
615
662
751
1000
588
985
609
637
696
750
1083
608
643
527
598
909
629
1044
607
641
671
589
890
617
628
555
597
943
599
632
665
699
944
611
931
606
624
717
598
816
589
632
543
603
945
578
581
567
589
932
584
970
582
608
637
657
1003
576
598
638
658
951
601
886
581
600
692
582
835
568
594
527
569
920
587
607
649
694
950
579
802
571
612
548
598
816
587
1008
599
603
622
628
925
550
591
600
609
771
579
955
612
629
711
550
785
558
597
560
601
830
602
942
592
665
757
602
847
589
658
501
596
817
601
982
617
638
701
731
967
584
608
603
647
1206
560
1098
597
593
608
607
960
589
591
544
592
876
579
1032
586
589
593
612
1021
604
598
621
642
1028
592
959
606
631
758
565
872
656
601
570
613
809
616
1102
599
604
650
678
1017
631
676
505
547
854
584
1080
570
622
671
720
1044
598
618
690
736
1009
581
789
610
648
546
597
800
597
1049
584
589
672
586
828
637
652
552
574
981
606
635
685
723
982
574
801
624
657
555
591
955
606
637
703
730
1065
579
796
597
601
565
624
979
595
598
551
619
810
556
1004
592
609
728
601
957
603
620
645
685
1008
572
575
594
659
1003
610
816
594
623
532
563
983
595
632
614
675
983
579
999
589
649
608
588
996
580
595
550
563
753
571
1055
573
585
663
581
811
564
606
551
594
1004
625
620
633
644
947
572
920
570
613
675
694
1024
570
605
503
597
847
581
971
566
587
683
582
829
599
620
538
584
879
579
1010
603
589
663
613
834
588
592
551
606
837
594
989
594
658
700
682
1092
589
621
664
689
920
596
987
591
604
611
626
954
610
840
632
679
629
667
1043
595
809
595
585
555
622
855
587
989
595
621
677
704
1015
605
625
623
616
819
586
1003
582
637
669
737
1026
574
809
550
607
570
636
1021
597
817
614
684
628
664
992
597
835
614
667
538
594
995
5137
1227
1728
1728
1517
10889
4675
680
1146
1796
648
1920
627
1836
628
603
598
586
601
568
1125
1638
612
598
565
610
571
1899
635
636
644
895
932
595
1967
606
618
3694
1058
834
639
1182
1613
1285
2536
747
680
625
618
635
683
723
749
786
824
850
881
915
971
1013
1037
949
1243
636
648
639
697
710
705
687
691
727
789
832
845
870
908
886
915
942
1005
1113
1124
1142
1139
1158
1194
1235
1286
1365
1357
1232
1262
1279
1353
1419
1466
1481
1517
1527
1547
1570
1599
1638
1636
1656
1664
1690
1721
1758
1806
1825
1857
1884
1925
1965
2053
2148
