26547
27078
27323
27768
28153
28193
28280
28908
26328
24947
25292
25383
25777
26191
26192
26151
26139
26096
26146
27104
27562
27969
27880
28221
28580
28760
28973
29369
29565
29580
29758
30016
30136
30479
30553
30602
30777
31188
31274
31576
31721
31859
32140
32428
32585
32229
31718
31557
31843
31983
32130
32527
32879
33269
33472
33777
33806
31600
31784
32321
32825
33085
33300
33732
34055
34369
34667
34768
34918
35196
35263
35758
35997
35260
35230
35192
35244
35198
35230
35242
35327
35364
35427
35446
35533
35596
35698
35754
35805
35900
35912
36076
36152
36207
36364
36438
36496
36569
36669
36704
36570
36654
36744
36823
36738
36809
36914
37205
37259
37301
37346
37368
37162
36402
35856
35797
35726
35700
35678
35707
35674
35345
35322
35330
35358
35091
35098
33903
33857
33050
32995
32661
32597
32549
32505
32476
32455
31700
31659
31637
31591
31565
31571
31576
31569
31556
31522
31516
31507
31475
31455
31513
31324
31403
31466
31506
30857
30900
30821
30811
30839
30877
30906
30958
30779
30748
30712
30688
30668
30658
30676
30695
30782
30736
30764
30690
30713
30729
30852
30892
30909
30873
30867
30873
30915
30924
31093
31067
31178
31210
31306
31275
31351
31328
31242
31245
31277
31306
31331
31408
31492
31492
31518
31572
31624
31527
31621
31279
31327
30759
30701
30754
30610
30634
30729
30484
30434
30167
30240
30018
30054
30099
29594
29637
29564
29528
29653
29204
29149
28715
28669
28647
28626
28626
28040
28043
27849
27821
27852
27343
27323
27273
26650
26609
26626
26626
26160
26184
26214
26203
26288
25796
25788
25620
25634
25605
25259
25259
24648
24654
24680
24626
24628
24308
24235
24060
24103
24204
23884
23851
23372
23405
23399
23269
23302
23073
23091
22879
22835
22898
22492
22568
22514
22568
22615
22122
22254
21714
21722
21688
21657
21667
21256
21253
21073
21092
21023
20601
20611
20547
20628
20666
20079
20143
19844
19857
19678
19722
19709
19306
19323
19260
19327
19359
18815
18816
18424
18432
18449
17973
17938
17950
17956
17749
17810
17834
17416
17414
16868
16824
16800
16650
16635
16356
16326
16122
16125
16077
15653
15648
15600
15610
15493
15116
15130
14712
14746
14796
14789
14786
14381
14336
14161
14185
14258
14028
14053
13585
13598
13643
13606
13630
13162
13188
12700
12689
12641
12572
12610
12533
12580
12561
12042
12038
11578
11700
11654
11656
11619
11213
11220
10973
11005
10993
10699
10692
10195
10149
10156
10151
10131
9641
9622
9433
9465
9424
9212
9210
8755
8778
8813
8717
8709
8244
8302
8178
8200
8220
7778
7799
7851
7870
7907
7412
7488
7216
6537
6559
6564
6573
6490
6507
6518
6533
6585
6203
6175
5685
5658
5673
5510
5473
5127
5125
4922
4953
4968
4622
4633
4446
4439
4422
4195
4176
3756
3664
3640
3627
3643
3224
3226
3091
3212
3241
2853
2844
2278
2233
2200
2028
2125
1732
1746
1674
1539
1556
1301
1357
1174
1274
1305
973
1016
750
641
665
708
969
603
646
712
672
1035
603
682
682
738
1112
586
889
595
629
648
1222
646
645
704
604
641
684
731
1123
658
707
701
761
1119
604
764
582
605
658
659
771
618
1001
618
582
688
644
1043
622
667
672
721
785
575
600
672
656
716
741
965
631
891
633
648
599
612
813
624
1013
618
601
611
601
783
624
1047
609
636
689
630
964
608
628
558
572
791
566
986
557
652
583
613
1025
577
630
600
653
869
577
1107
606
610
660
692
1046
641
827
613
675
565
600
956
621
612
650
629
1000
625
795
640
678
597
647
1000
617
868
718
690
706
752
1054
623
626
621
601
650
677
796
591
975
620
616
649
671
869
618
996
629
657
711
770
1059
630
676
767
782
863
635
919
609
664
648
715
1082
601
794
588
609
534
576
904
576
837
607
653
522
589
1056
639
887
672
650
661
693
1007
618
646
685
754
1195
576
764
602
636
598
617
805
633
1017
616
616
709
666
864
607
1062
534
563
644
553
731
577
604
594
620
810
567
829
590
620
586
571
818
551
1025
628
641
667
694
1177
606
660
692
783
890
642
1090
637
688
578
630
830
621
1011
616
669
746
703
1027
628
651
689
735
957
633
1027
603
612
645
666
890
625
1438
1055
1263
1323
1459
4013
3052
2846
3380
3371
1732
1243
1222
1189
1244
1233
992
1058
1099
1213
634
671
727
733
726
660
641
626
640
655
702
680
693
714
725
821
941
961
1035
1108
1309
1355
1356
1446
2322
2348
2351
2420
2386
2454
2561
2807
2814
1898
1778
1791
1880
1958
1968
2000
2006
2077
2206
2293
2381
2435
2473
2412
2600
2796
3162
3199
2987
2872
2686
2688
2454
2450
2456
2077
2120
1111
920
915
944
951
985
1004
1065
1092
1187
1076
1119
715
793
868
728
936
673
670
563
635
1020
623
1101
1058
1073
728
682
703
716
718
747
764
967
646
667
732
629
884
633
724
630
783
975
612
612
546
591
1483
1160
1201
1354
693
671
647
644
642
646
650
629
885
627
641
580
612
928
656
834
842
880
1083
604
1073
1370
1407
1655
926
861
832
827
824
819
826
839
1059
648
643
733
716
868
629
704
6000
1104
1715
3102
1248
1845
1043
10062
10034
10082
10059
10015
10001
10019
10036
9177
9017
8901
8811
8772
8745
8843
8848
8812
8732
8656
8594
8543
8574
8571
8621
10819
5645
8281
3796
657
601
571
574
5783
736
1771
651
2503
779
681
687
1055
1720
2048
2046
2178
1600
1620
684
641
628
601
676
641
656
708
1632
971
990
1027
1632
1082
866
859
862
887
909
977
990
1021
1047
1101
1139
1162
1224
1280
1326
1308
1660
1664
1716
1716
1808
1780
1789
1240
