2896
2965
1308
709
680
728
631
674
695
818
570
605
623
650
683
746
787
866
912
975
989
1010
1010
1073
1174
3087
3105
9425
930
2362
1568
2241
993
643
607
735
651
668
656
643
633
640
688
758
771
800
827
841
869
909
910
926
951
595
598
1454
1113
973
860
901
889
958
996
974
1329
1328
1297
1349
1337
1344
1378
1457
1537
1613
1643
1714
1800
1857
2068
2100
2145
2179
2211
2230
2261
2320
1623
1621
1671
1730
1798
1853
1875
2046
2063
2117
2117
2125
2136
2121
2128
2132
2120
2130
2143
2159
2331
2355
2334
2353
2474
2424
2452
2446
2414
2426
2415
2427
2392
2407
2454
2476
2501
2562
2609
2635
2670
2688
2703
2721
2736
2775
2832
2883
2921
2964
3064
3120
3169
3207
3297
3318
3345
3397
3477
3513
3490
3461
3460
3502
3540
3579
3594
3653
3741
3784
3822
3911
3938
3938
3969
4008
4003
4051
4068
4124
4177
4213
4254
4317
4392
4451
4514
4577
4612
4651
4723
4802
4838
4895
4915
4939
4956
4962
5005
5049
5102
5109
5133
5171
5208
5229
5245
5305
5342
5355
5407
5413
5422
5484
5546
5553
5599
5634
5689
5744
5795
5857
5888
5926
5970
6008
6046
6078
6117
6160
6195
6231
6246
6270
6328
6346
6434
6719
6689
6671
6671
6601
6613
6615
6460
6503
6327
6393
6452
3577
3637
3636
3656
3698
3731
3769
3800
3832
3815
3821
3821
3835
3871
3873
3890
3949
3918
3972
3506
3534
3582
3455
3505
2902
2954
2947
2822
2809
2453
2421
2485
2503
2498
2090
2076
1932
1947
2024
1586
1600
1428
1450
1466
1033
1066
1039
1026
1057
684
914
592
598
682
601
962
609
620
683
587
911
595
597
685
579
914
561
597
665
690
1004
586
599
520
642
961
580
594
607
659
1025
585
797
626
661
589
608
833
622
1029
590
649
710
619
898
610
622
563
591
960
608
689
712
754
1043
602
968
574
605
694
722
1006
580
655
628
652
960
575
970
607
606
720
561
873
595
659
546
614
912
595
666
586
660
1033
588
925
558
566
644
594
828
578
615
527
560
1011
601
659
562
564
806
647
1022
573
573
609
532
851
619
637
553
569
744
610
1075
602
615
620
577
834
589
627
538
571
906
633
625
626
670
955
593
765
598
633
559
595
911
586
583
566
636
886
569
919
594
641
700
773
1026
660
722
662
710
1031
824
608
564
623
550
626
813
638
1006
611
679
732
620
856
601
638
538
591
842
585
1005
589
628
714
591
980
571
615
663
649
1016
604
625
517
547
796
574
1059
581
612
672
572
858
617
665
521
618
824
597
1004
623
754
598
607
773
634
697
679
720
972
644
872
635
693
565
603
887
600
607
654
744
999
575
808
574
634
563
592
826
603
985
588
621
701
581
789
561
583
520
606
986
614
594
594
624
937
607
822
605
661
536
594
827
594
849
628
662
572
637
982
614
663
703
735
980
604
957
601
594
627
673
1033
606
679
669
753
1075
615
811
611
652
561
604
946
629
615
612
659
1022
619
988
567
566
692
569
773
600
625
547
555
904
598
610
654
679
984
562
890
551
576
688
566
796
551
624
492
601
861
570
940
547
551
581
618
1006
592
581
493
564
887
581
972
566
589
652
660
950
589
617
543
564
826
612
988
582
612
645
571
832
585
611
520
547
988
623
674
659
720
1014
597
966
588
613
679
712
1054
561
606
543
554
824
598
932
611
690
714
714
987
593
645
518
556
969
578
588
590
620
924
592
855
614
615
532
654
956
576
621
642
673
958
575
823
603
668
514
575
1011
608
598
613
637
939
563
770
576
578
544
543
1141
572
1140
602
626
638
665
1002
606
636
672
704
971
601
1386
1266
1272
1064
1671
2366
2271
2216
2144
596
636
625
716
775
815
893
962
997
1042
1135
1223
1271
1311
1359
1401
1449
1463
1522
1463
1519
1188
1206
943
970
1074
640
687
570
554
842
559
994
572
581
603
663
1029
570
648
605
648
1037
547
976
581
615
675
555
986
563
618
536
561
806
600
1076
618
710
721
750
1027
603
637
537
584
955
590
608
591
689
1119
634
842
598
622
573
649
1009
591
663
646
687
1112
592
1018
575
640
671
696
1101
545
578
561
594
783
595
1018
626
644
690
596
855
597
642
555
586
827
596
1022
609
614
664
654
927
573
607
554
603
782
551
1069
609
617
640
647
1003
615
649
559
595
830
576
977
577
587
674
577
864
586
588
520
558
993
596
596
610
666
1041
575
754
558
600
546
534
3118
2728
2740
2644
2682
2743
2211
3615
2465
1960
1637
785
2016
623
1889
648
643
1249
3842
3733
751
2294
626
607
620
784
1260
656
804
800
836
785
767
815
675
1490
725
592
578
579
1046
625
645
688
695
731
761
865
923
1241
655
707
754
793
815
838
968
991
1216
1218
1260
1298
1349
1362
1397
1401
1399
1468
1526
1616
1574
1625
1670
1694
1732
1794
1830
1868
1852
1876
1917
1956
1995
1998
2018
2078
2080
2110
2149
2206
2219
2227
2257
2282
2288
2309
2342
2390
2445
2476
2530
2572
2593
2554
2598
2625
2645
2670
2727
2782
2790
2806
2869
2935
2941
