8217
8358
8439
8513
8555
8601
8653
8714
8776
8844
8915
8962
8962
8999
6916
6670
6674
7173
1493
1498
1532
1569
1611
1886
1879
1577
1067
988
1017
706
645
649
698
720
740
740
831
899
959
1856
1889
1944
1954
2007
2066
2164
2205
2273
2274
2304
2285
1649
1693
1747
1731
1696
1705
1710
1748
1772
1801
1804
1842
1865
1878
1941
2001
2047
2108
2277
2930
1405
1411
1466
1289
1288
908
965
1065
1114
1182
1410
1485
1471
1487
1492
1536
1611
1645
1693
1705
1701
1713
1747
1806
1902
1951
2032
2015
2051
2074
2132
2202
2285
2360
2405
2461
2505
2556
2634
2707
2777
2834
2893
2894
2907
2911
2933
2947
3001
3018
3085
3138
3202
3238
3257
3318
3377
3428
3469
3467
3465
3494
3522
3562
3589
3661
3750
3887
3985
4076
4079
4102
4114
4149
4193
4213
4218
4217
4212
4239
4259
4365
4491
4546
4626
4704
4755
4815
4841
4707
4352
4381
4376
4396
4377
4404
4444
4507
4519
4597
4649
4722
4785
4862
4818
4869
4897
4965
5025
5082
5110
5164
5257
5305
5304
5370
5428
5470
5521
5562
5651
5662
5723
5726
5700
5676
5730
5785
5852
5804
5837
5646
5683
5724
5468
5542
5172
5230
5086
5105
5096
4874
4897
4452
4435
4359
4365
4376
4128
4154
3749
3779
3828
3823
3837
3474
3465
3451
3497
3520
3198
3202
2761
2808
2803
2791
2818
2469
2476
2209
2195
2034
2067
2041
1782
1818
1382
1384
1388
1370
1360
1076
1116
1170
1170
1208
903
986
593
610
635
659
819
596
975
585
614
663
688
956
596
800
589
589
608
647
785
600
986
616
654
665
704
953
599
777
589
600
532
580
822
581
854
602
666
641
687
991
587
773
618
664
696
755
837
591
990
575
586
544
552
785
559
836
606
670
549
595
1120
558
818
618
656
503
552
821
590
863
636
687
557
594
773
586
879
619
651
681
678
946
624
851
611
636
663
627
904
611
792
606
648
611
689
925
623
1031
607
638
689
705
1063
622
795
609
647
534
581
826
636
861
619
650
623
673
1007
621
916
610
637
663
617
880
609
635
549
619
838
625
1029
621
671
707
774
1021
621
659
547
614
885
634
979
615
622
695
722
1042
606
644
582
632
952
614
637
626
642
942
642
943
621
618
637
623
975
602
650
556
585
931
605
616
695
699
963
579
921
565
580
637
681
977
597
636
527
568
825
614
969
610
623
667
705
1029
587
592
625
640
908
558
832
604
626
582
602
813
592
1010
599
611
647
674
958
589
590
606
630
931
610
851
591
606
570
629
815
610
1095
599
668
700
685
953
602
647
659
675
911
599
837
615
609
548
613
833
593
856
632
679
543
618
972
618
652
668
735
892
617
1007
630
672
546
589
827
608
2535
1725
1686
1501
1493
10739
1374
1361
1005
1613
1310
1302
1320
1344
1066
1083
864
904
800
848
743
777
648
659
695
724
731
775
823
886
926
1004
1059
1117
1160
1239
1354
1407
1434
1495
1527
1557
1625
1708
1770
1839
1891
1930
1975
2022
2052
2136
2221
2314
2383
2218
2254
2307
2373
2411
2496
2573
2598
2621
2650
2713
2784
2845
2907
2973
3016
2990
3034
3074
3111
3187
3277
3365
3398
3480
3498
3562
3606
3650
3732
3792
3856
3903
3950
4024
4070
4114
4128
4138
4203
4228
4281
4319
4350
4377
4421
4432
4475
4532
4589
4667
4761
4795
4855
4889
4937
4987
5019
5043
5084
5098
5073
5109
5134
5117
5124
4616
4693
4506
4559
4595
4300
4346
4034
4100
3869
3895
3870
3418
3417
3418
3422
3409
3043
3092
2616
2607
2582
2600
2615
2224
2212
2091
2082
2128
1664
1708
1635
1668
1686
1239
1236
1047
1058
872
889
963
621
618
634
647
943
612
960
615
641
680
692
959
590
604
556
581
970
590
619
628
656
973
580
1016
604
634
653
670
1013
609
614
573
613
807
600
1022
594
612
619
628
987
603
645
527
563
842
591
985
614
630
702
593
940
600
643
668
649
1006
578
621
573
583
767
594
972
579
601
676
575
812
593
630
518
587
827
557
983
560
579
806
596
911
596
615
631
670
1035
579
626
589
585
843
608
987
629
659
649
718
1003
584
619
638
676
981
611
965
596
637
685
662
1016
600
635
540
594
825
634
1040
597
610
697
601
798
596
691
506
582
868
595
1005
566
592
753
589
861
579
626
555
579
822
614
965
656
747
779
792
1003
598
649
570
595
835
627
1010
589
648
689
696
996
601
647
672
720
979
621
917
582
642
794
594
808
593
622
540
607
985
612
650
574
626
826
622
903
641
682
522
563
850
602
979
591
596
621
635
956
626
698
598
624
858
616
928
603
614
660
699
980
597
635
662
5494
1620
1785
2517
2564
2219
2131
1026
1650
1679
1716
905
1251
1273
901
900
909
921
922
904
887
899
685
831
742
724
731
748
763
714
719
713
727
757
728
760
769
865
749
757
718
745
714
751
755
746
741
732
748
785
1402
850
808
750
739
871
909
1043
722
1260
1846
2697
3279
3799
3803
3798
3851
3902
3919
3949
4421
1308
1611
2114
2102
2988
3171
3548
4431
5077
5960
6467
7355
8250
8852
9889
10601
11156
12044
12620
13208
13768
14710
15291
16137
16736
17294
18124
18940
19577
20396
20693
20696
20651
20617
