5424
5027
4969
4959
4832
16405
3852
2023
2196
2715
2320
4955
755
674
735
688
637
633
694
686
696
755
834
900
1001
1086
1418
610
645
708
719
1611
1072
996
1012
1005
967
1026
1096
1141
1151
1165
1213
1283
1365
1451
1503
1542
1592
1652
1702
1760
1848
1903
1918
1918
816
803
671
1304
999
936
971
1035
1081
1054
1077
1125
1179
1200
1224
1244
1268
1293
1298
1290
1334
1389
1455
1526
1587
1653
1684
1712
1762
1819
1852
1934
2029
2096
2165
2215
2246
2294
2338
2376
2435
2479
2511
2568
2631
2651
2662
2684
2715
2759
2831
2894
2963
3060
3137
3187
3233
3287
3326
3416
3453
3466
3493
3508
3536
3613
3648
3685
3726
3762
3778
3808
3875
3897
3979
4030
4083
4075
4092
4126
4141
4165
4185
4225
4258
4296
4351
4359
4366
4386
4401
4455
4484
4511
4567
4611
4666
4715
4764
4799
4813
4810
4808
4816
4831
4858
4889
4910
4941
4968
4999
5028
5063
5104
5137
5215
5240
5242
5220
5234
5260
5322
5407
5479
5513
5526
5521
5559
5593
5647
5694
5762
5828
5892
5968
6021
6071
6061
6052
6098
6103
6077
6105
6138
6200
6189
6211
5994
6009
6031
5821
5843
5353
5341
5350
5383
5363
4962
4938
4825
4849
4868
4453
4453
4447
4420
4410
3954
3918
3747
3751
3549
3578
3575
3147
3155
3143
3140
3161
2721
2748
2349
2332
2311
2298
2334
1897
1926
1759
1775
1773
1551
1571
1141
1127
1161
1053
1096
936
953
726
762
828
586
1032
563
687
746
702
1033
628
672
550
609
823
589
1016
601
617
694
720
1000
616
677
570
612
842
592
985
602
601
634
568
878
591
606
563
576
1005
611
623
624
632
902
608
821
577
606
579
602
936
628
623
669
674
928
580
795
606
624
571
588
772
579
862
600
649
523
592
832
635
1005
584
589
599
569
770
565
604
535
592
834
558
1052
567
579
586
584
862
553
598
523
617
829
612
907
638
630
549
611
838
644
1057
609
647
691
723
959
607
629
655
713
1014
582
805
620
659
561
573
809
608
803
618
634
552
602
791
616
920
604
631
561
613
818
601
996
604
656
683
733
814
597
999
599
609
627
617
962
586
587
596
638
919
593
804
602
622
639
674
770
620
998
624
649
649
690
942
612
814
613
628
650
685
954
610
821
591
666
569
596
1040
599
765
591
599
506
605
847
603
979
613
661
710
759
1095
608
608
614
609
884
575
819
627
659
532
561
841
583
1059
598
627
645
586
809
585
590
559
622
880
608
971
580
615
658
682
1022
601
669
635
660
1041
600
810
601
617
564
587
750
599
1056
608
610
623
638
908
591
600
657
701
950
597
870
613
634
554
616
815
604
996
605
645
654
669
927
584
629
647
684
1001
582
784
612
632
565
589
802
582
977
619
634
666
689
804
620
980
606
632
685
717
991
601
618
670
708
1003
595
837
613
642
557
656
835
609
922
604
637
534
576
932
586
595
615
642
964
604
834
600
626
553
609
826
612
847
609
665
535
570
787
594
1044
622
633
674
713
1001
601
648
634
681
901
641
1066
607
651
511
569
795
609
944
647
682
509
552
847
632
1019
609
655
682
709
992
608
647
667
695
976
595
872
587
672
612
700
1077
623
962
598
653
783
598
959
577
588
633
552
830
571
667
528
602
891
588
646
551
623
999
597
630
638
674
914
600
940
615
627
654
588
852
610
630
598
601
877
613
653
679
705
1010
578
918
570
627
697
653
843
573
620
563
622
901
579
600
547
576
979
596
596
609
646
912
623
909
599
616
642
683
962
572
587
555
595
779
649
1021
590
617
655
597
814
598
626
550
618
796
593
1039
591
609
682
601
762
622
669
555
571
893
562
557
573
598
930
598
815
620
686
539
573
787
626
925
610
665
707
758
995
591
611
680
705
970
589
742
595
639
563
613
843
609
915
600
675
714
770
1025
586
600
593
616
628
661
975
593
639
708
723
943
571
603
512
572
859
619
1038
554
584
596
636
766
603
660
537
601
852
628
1084
602
621
668
667
879
594
649
498
562
922
610
948
682
705
749
682
855
596
661
530
606
810
575
1060
582
615
675
708
917
615
643
575
596
846
585
972
619
604
644
691
902
608
651
564
570
814
623
1007
598
642
678
698
949
597
632
664
742
1008
626
784
598
623
571
579
960
580
593
628
666
1012
605
774
583
593
560
604
811
619
941
626
659
702
758
1011
627
619
626
681
905
576
2319
2476
920
1450
1222
1331
1078
895
2032
2073
2101
2117
943
1268
1271
572
589
683
752
796
829
877
950
1046
1233
6517
1590
1600
700
640
656
694
688
828
561
635
650
693
735
787
850
910
960
985
1093
1139
1124
1137
1209
1282
1280
1334
1390
1428
1508
1556
1601
1657
1674
1701
1742
1776
1839
1917
1971
1961
2013
2077
2122
2063
2123
2161
2184
2221
2246
2249
2259
2346
2378
2412
2435
2493
2517
2482
2524
2596
2643
2679
2722
2799
2848
2902
2946
2982
3021
3081
3124
3125
3140
3165
3207
3268
3313
3355
3382
3428
3451
3526
3572
3627
