3083
3262
1228
914
608
648
1080
641
1156
3653
728
835
712
2349
1264
1645
1490
686
645
603
610
624
673
687
733
898
829
642
680
728
767
784
812
833
903
881
909
971
1035
1105
1159
1283
1353
1365
1869
1940
1998
1897
1971
2064
1909
1978
2029
1921
1946
1889
1852
1876
1879
1893
1934
1939
1974
2003
2032
2018
2051
2055
2047
2055
2040
2071
2094
2135
2181
2196
2236
2287
2269
2316
2364
2417
2479
2578
2656
2726
2833
2878
2790
2748
2704
2707
2722
2748
2791
2874
2993
3036
3041
3055
3078
3116
3154
3207
3254
3309
3371
3425
3487
3537
3558
3596
3637
3687
3736
3780
3818
3851
3814
3837
3877
3886
3885
3879
3871
3856
3865
3896
3959
3984
3995
4012
4019
4013
4032
4099
4139
4186
4201
4214
4238
4272
4271
4330
4376
4357
4385
4375
4380
4430
4424
4453
4482
4522
4562
4591
4638
4665
4699
4734
4765
4782
4813
4820
4849
4891
4932
4983
5037
5099
5067
5150
4631
4653
4706
4492
4556
4145
4168
3888
3930
3949
3550
3562
3336
3403
3420
3172
3228
2780
2823
2843
2604
2599
2283
2275
2040
2101
2173
1674
1680
1678
1709
1754
1265
1299
1051
1082
855
899
1103
614
623
634
618
935
601
797
587
616
539
617
809
568
1071
607
690
738
742
1070
583
641
690
750
1013
625
964
638
688
738
726
1066
602
656
632
651
951
589
818
617
607
578
571
814
609
1036
593
615
629
668
961
611
643
532
602
827
595
986
594
613
682
632
848
606
623
553
609
815
602
990
614
647
670
575
815
595
637
557
598
990
597
618
540
593
829
572
976
578
634
691
725
994
586
592
619
652
961
575
1052
634
643
666
684
975
579
583
652
702
1011
609
966
600
602
602
610
988
597
679
740
803
1055
621
934
626
627
631
636
940
625
671
696
737
991
568
857
603
593
559
621
812
646
989
629
658
697
728
1022
619
666
525
570
832
589
1014
609
655
673
717
1032
607
676
549
611
827
610
997
618
641
695
732
1010
611
629
535
583
859
596
992
599
618
670
695
1004
621
646
699
760
969
618
840
619
639
583
617
797
602
1001
626
684
701
741
997
623
643
655
755
1002
620
826
618
685
580
607
929
586
630
673
696
982
591
972
579
585
618
672
1004
603
609
526
601
906
606
977
596
615
682
591
854
578
638
538
588
947
612
627
638
658
979
572
818
593
624
542
598
941
548
622
587
641
1037
610
801
594
609
537
591
819
616
1049
630
683
707
685
1036
581
607
565
625
799
599
987
613
615
698
635
821
608
660
553
626
967
600
621
671
704
1024
592
939
576
636
709
612
884
606
669
512
585
888
599
1019
608
630
1600
610
644
617
641
717
719
4927
625
618
630
657
671
697
720
761
797
839
871
896
922
974
1026
1043
1077
1082
1065
1035
1041
1123
1132
1090
1102
1142
1173
1191
1224
1266
1292
1292
1278
1303
1163
1186
1063
1084
1063
831
1047
629
684
742
729
1019
589
638
544
617
871
580
980
629
682
772
741
1082
616
645
661
719
1762
1362
1718
1117
1122
1136
952
934
933
981
1010
1091
1160
953
969
788
813
556
619
12921
590
575
565
869
879
870
918
872
900
953
906
524
876
890
689
831
744
747
732
739
734
713
714
714
698
717
727
738
724
713
592
702
706
705
728
738
724
752
730
755
743
705
743
726
724
724
723
699
723
707
711
723
727
719
710
716
723
743
625
729
747
710
734
680
688
697
690
726
732
699
727
731
709
692
722
727
727
720
716
709
712
704
719
738
755
1105
5682
689
2168
821
790
2064
842
833
1030
978
933
950
974
982
983
991
1016
1026
1057
2987
2712
2545
2531
2540
2539
2534
2561
2586
2599
2589
2621
2649
2659
2672
2702
2707
2722
2719
2756
2758
2781
2775
2820
4850
4879
4936
4957
5007
5033
5074
5092
5130
5164
8296
8338
8393
8448
8489
8526
8566
8619
8679
8698
8721
8733
8773
8827
8867
8910
9048
9256
9269
9270
9296
9324
9346
9379
9410
9475
9510
9551
9573
9609
9639
9672
9731
9756
9779
9806
9788
9819
9854
9900
10120
10161
10206
10241
10279
10304
10339
10358
10493
10663
10772
10785
10786
10811
10870
10898
10922
10942
9727
9738
9763
10175
10991
11030
11084
11109
11141
16289
16829
16755
16708
16771
16822
16824
16854
16904
16953
16987
17037
17053
17081
16238
12877
12754
5691
1787
2070
833
690
693
558
570
538
557
522
620
1996
754
773
559
748
2123
782
2727
854
902
593
804
2025
777
2156
761
1342
1273
789
2875
966
2128
848
906
3198
1236
1201
610
727
701
712
738
687
652
687
781
1262
776
741
1166
792
706
731
704
694
819
646
645
655
639
4483
4390
4277
4170
4076
3872
3937
3807
3229
2814
2807
2839
2855
2871
2884
2994
3083
3096
3127
3161
3174
16262
8006
2061
639
1830
603
587
590
898
914
601
582
541
557
1101
1129
1988
622
616
1941
643
660
595
601
553
1095
582
588
1121
1108
2196
617
638
630
567
1797
623
1992
603
616
611
544
1906
599
595
577
575
1112
1114
1825
593
607
581
552
584
549
1107
1131
629
1867
584
1761
606
605
636
555
1120
1153
2004
596
594
1717
611
1878
640
1783
618
600
596
686
739
725
