2977
2989
2487
1467
5420
7994
2247
7177
3844
3585
3484
3451
3563
3427
4837
1829
1334
1259
2155
1673
1251
1135
753
931
718
642
739
675
700
765
676
661
607
656
713
779
840
870
1292
650
654
794
644
765
729
748
770
794
818
835
934
984
953
1046
1095
1155
1189
1239
1247
1315
780
820
911
953
1025
1306
1335
1294
1286
1343
1411
1422
1625
1617
1624
1651
1702
1711
1757
1879
1960
2017
2021
2112
2096
2128
2176
2189
2261
2346
2397
2415
1733
1787
1867
1955
2007
1951
1961
1973
2014
2122
2160
2225
2254
2131
2145
2178
2259
2342
2434
2436
2565
2563
2627
2650
2686
2762
2820
2850
2894
2868
2907
2940
2985
3048
3114
3153
3193
3246
3350
3396
3403
3499
3572
3652
3674
3695
3698
3718
3769
3824
3893
3942
3994
4066
4115
4204
4254
4303
4333
4371
4373
4391
4406
4431
4448
4456
4462
4528
4553
4574
4590
4644
4688
4717
4718
4727
4719
4793
4818
4873
4921
4996
5041
5063
5132
5182
5224
5275
5305
5348
5425
5471
5507
5567
5566
5562
5566
5620
5655
5675
5728
5725
5749
5771
5722
5738
5433
5412
5240
5245
5269
4902
4905
4879
4908
4932
4438
4479
4090
4091
4078
4034
4034
3713
3755
3733
3791
3825
3358
3393
3168
3201
3073
3141
3205
2694
2719
2487
2548
2283
2319
1099
1062
1170
1132
1144
1213
1179
1216
800
872
881
913
1164
600
781
546
633
509
596
974
631
666
670
716
1004
575
809
582
603
540
593
829
595
951
585
643
709
721
1009
599
631
674
708
973
595
851
607
640
531
687
872
591
823
578
612
548
593
769
586
993
600
626
701
666
1016
656
693
673
727
1151
606
775
602
637
511
614
902
582
935
587
603
665
734
980
597
673
663
721
874
634
1029
609
648
566
593
808
617
844
600
713
551
598
833
589
945
586
598
600
648
969
573
589
589
618
784
575
845
615
643
566
623
946
583
586
597
654
977
574
812
553
587
565
584
748
615
893
584
590
580
596
783
560
964
574
625
652
633
1008
575
669
738
785
1014
591
790
565
593
532
553
979
611
781
564
602
1527
1000
1040
1005
1062
757
815
886
917
1130
569
623
650
719
999
623
802
586
636
517
571
790
557
901
566
624
498
574
889
574
913
571
603
638
655
945
673
706
751
784
1010
566
793
558
611
508
608
837
612
1032
600
624
659
647
838
612
658
611
672
958
569
842
629
689
559
580
767
575
952
573
606
649
682
979
607
629
681
712
817
638
980
601
637
548
583
807
617
937
608
620
566
618
794
593
961
602
637
644
681
947
586
621
638
690
987
598
787
584
564
593
622
937
575
780
604
642
573
605
750
622
1156
611
646
540
599
818
564
815
600
587
562
629
826
573
913
558
572
655
691
914
567
547
582
634
926
583
791
643
702
685
744
1062
609
778
611
656
519
613
971
621
663
607
654
927
590
633
650
698
1033
618
1040
596
615
617
592
794
594
623
498
555
946
607
676
572
611
988
593
606
515
558
998
566
576
583
593
1618
594
602
635
685
844
603
625
649
703
940
590
891
597
566
658
587
892
568
614
665
572
864
572
612
556
592
969
614
602
579
608
810
596
992
578
607
700
611
847
588
619
531
567
916
588
556
587
627
918
574
791
614
658
567
591
776
592
994
569
646
651
646
897
603
693
580
609
781
622
1095
596
631
712
611
843
557
623
699
706
1039
567
608
536
591
902
598
918
556
572
583
573
829
586
623
625
607
764
619
910
581
615
738
583
843
610
643
549
606
896
584
602
638
642
927
620
968
591
591
625
676
980
589
639
586
607
812
578
948
575
626
628
554
831
587
613
531
588
776
592
948
581
597
642
693
966
590
558
562
559
810
543
943
558
563
661
590
805
590
588
571
578
755
596
964
586
593
624
578
819
563
578
526
559
914
563
600
609
648
927
609
803
596
624
545
596
798
585
984
612
640
687
650
915
644
710
711
731
964
604
764
610
640
591
600
895
612
626
674
703
902
608
974
603
634
681
702
812
606
691
677
750
1063
627
932
629
685
746
716
1016
546
569
556
566
771
587
1009
567
602
680
731
1050
607
632
673
731
899
588
849
568
625
487
519
971
634
653
681
722
824
617
1032
602
629
574
600
786
607
1036
4159
1746
2972
1284
1324
17532
742
659
4360
2278
738
2018
631
628
712
719
632
677
699
721
801
855
927
984
1071
1104
1021
1052
1096
1139
1172
1204
1239
1268
1303
1363
1380
1464
1449
1474
1434
1469
1488
1547
1594
1674
1683
1663
1687
1730
1768
1866
1926
1913
1960
1989
2074
2151
2207
2270
2242
2254
2245
2236
2290
2324
2409
2469
2525
2564
2566
2601
2640
2651
2707
2776
2816
2864
2880
2939
3024
3075
3111
3169
3180
3209
3204
3226
3254
3323
3410
3455
3492
3541
3576
3625
3639
3656
3677
3725
3765
3811
3797
3816
3844
3853
3884
3912
3880
3929
3973
3981
3990
4022
4088
4161
4198
4270
4277
4266
4264
4305
4294
4345
4416
4507
4498
4510
4546
4576
4600
4666
4742
4785
4796
4868
4901
4896
4916
4889
