4997
5063
5323
5361
5479
5542
5569
3772
3481
3587
5425
2580
1409
589
593
4765
2445
813
733
643
2039
661
632
699
662
645
712
714
752
805
900
956
983
1002
1017
1025
1800
607
595
637
629
648
633
676
710
808
811
1332
585
640
637
683
736
788
866
930
947
647
637
876
608
719
665
643
575
613
655
688
713
718
793
872
881
941
1028
1069
588
602
603
705
758
789
860
902
936
1025
1083
1103
1146
1185
1133
1173
1209
1309
1397
1295
1348
1376
1421
1507
1569
1637
1685
1755
1777
1820
1890
1953
1986
2061
2094
2143
2186
2253
2312
2349
2402
2459
2504
2514
2546
2602
2664
2746
2832
2910
2933
3041
3043
3065
3105
3185
3250
3300
3290
3296
3303
3329
3360
3413
3442
3484
3472
3518
3541
3583
3613
3670
3705
3777
3826
3860
3913
3980
4021
4083
4172
4203
4242
4284
4314
4340
4382
4448
4492
4558
4547
4572
4577
4579
4568
4604
4649
4686
4732
4800
4905
4953
4942
5003
5089
5117
5167
5196
5212
5220
5233
5255
5281
5317
5310
5342
5359
5362
5382
5420
5479
5524
5526
5526
5538
5577
5619
5668
5697
5778
5822
5874
5939
5943
5973
6005
5995
6017
6018
5984
6030
6134
6177
6246
6276
6188
6244
5995
6027
6092
5650
5699
5595
5590
5601
5173
5179
4785
4774
4800
4809
4822
4517
4528
4072
4084
4109
4109
4123
3688
3660
3535
3632
3656
3371
3395
2938
2930
2952
2963
2987
2525
2534
2388
2385
2383
2135
2107
1698
1703
1698
1718
1732
1388
1415
1288
1258
1267
973
977
607
662
686
737
1028
615
659
552
632
837
590
1017
580
615
650
536
807
572
642
494
569
1048
562
573
608
631
916
579
823
583
633
560
590
902
597
609
648
666
981
584
894
595
633
501
565
995
652
719
651
708
1099
590
951
595
611
638
676
977
593
630
615
648
1025
624
841
628
708
523
622
976
613
628
680
750
854
609
1051
600
674
571
591
774
574
812
569
606
538
579
1014
582
601
643
683
926
599
930
605
646
560
603
810
613
979
596
644
696
726
1011
613
619
519
575
804
595
997
590
622
726
596
802
592
612
533
553
900
587
949
586
603
628
650
872
538
548
545
582
830
577
982
576
600
620
659
991
579
606
616
641
942
573
750
571
587
552
580
981
614
627
671
703
953
599
853
591
634
583
616
827
615
990
614
592
688
636
861
610
627
538
611
794
603
1038
618
631
658
596
779
598
630
595
624
969
621
822
612
659
541
585
802
613
1069
608
651
719
743
1092
615
659
543
626
1052
571
611
656
677
948
608
934
597
678
699
700
1034
785
594
624
683
805
604
846
619
635
588
605
853
610
1014
589
662
784
546
759
600
648
501
595
819
578
990
543
617
763
562
824
554
603
521
566
973
593
592
615
643
952
599
883
572
564
574
581
1000
592
598
564
614
929
602
636
652
714
994
621
825
620
666
527
571
957
595
605
663
674
957
587
930
591
621
665
675
1005
576
613
660
697
1007
557
953
595
605
646
683
962
598
620
658
705
1068
580
927
609
628
648
686
896
583
587
652
714
1016
608
799
604
627
543
608
814
589
985
589
629
663
575
815
601
626
545
596
811
593
1042
574
583
671
587
845
602
624
541
591
811
627
1012
587
629
720
597
820
598
663
513
583
1002
574
626
633
648
892
618
816
606
638
561
599
814
595
977
577
623
736
582
797
574
644
558
597
958
580
607
617
622
890
581
914
592
601
683
657
967
593
615
554
622
846
625
985
614
628
698
587
795
607
632
528
603
1031
600
617
544
592
1164
626
944
577
609
678
623
852
611
676
564
586
926
568
572
536
619
983
616
868
605
639
538
582
947
600
702
678
686
973
607
842
617
607
570
569
819
593
1031
611
614
639
649
887
559
612
631
664
1055
572
954
605
620
619
612
913
586
598
625
585
883
569
841
595
623
560
588
816
589
997
628
624
643
688
837
616
1011
614
637
659
612
1019
615
653
720
733
1014
579
778
609
662
573
620
820
612
1022
650
669
733
784
1023
597
643
655
669
879
609
1006
643
702
704
732
993
611
822
615
667
538
605
816
597
848
623
652
628
648
933
603
869
612
667
650
707
1019
612
889
615
654
503
557
829
618
931
585
620
567
595
810
596
975
587
603
618
632
937
582
624
635
701
866
681
972
593
613
633
645
936
635
779
575
593
561
593
886
596
929
578
617
535
610
5246
1512
1152
1357
1295
1161
881
915
882
911
935
928
1019
968
2093
931
536
1555
939
866
901
862
897
5198
1005
673
890
839
721
702
742
770
722
740
760
671
2030
618
1746
637
2077
638
1461
2598
685
2185
815
654
596
581
624
629
644
693
711
743
758
814
889
893
992
989
1040
1034
1014
997
997
1009
1036
1065
851
900
954
1026
1064
1122
1199
1322
630
660
686
719
727
815
963
999
1045
1154
1283
1379
1470
1502
1561
1631
1655
1677
1702
1753
1786
1832
1855
1887
1920
1907
1956
1999
2045
2081
2121
2165
2190
2202
2217
2248
2261
