6319
6462
6525
6616
6643
6679
6759
6903
7023
7072
4803
6961
599
629
645
690
753
8169
3652
1188
639
606
832
677
702
763
747
790
869
944
1075
1077
1116
662
640
1324
599
625
667
744
743
771
939
898
915
955
1074
1141
1324
1309
1331
1297
1351
1366
1420
1460
1500
1530
1569
1635
1706
1771
1836
2160
1801
1776
1644
1645
1701
1681
1758
1709
1659
1690
1729
1793
2019
2034
2055
2101
2115
2153
2256
2291
2329
2376
2376
2426
2499
2571
2629
2601
2642
2651
2661
2659
2663
2703
2721
2736
2733
2778
2773
2845
2898
2939
2968
3068
3107
3127
3133
3138
3192
3244
3322
3367
3421
3491
3543
3608
3668
3712
3761
3805
3758
3726
3709
3708
3728
3773
3850
3917
3977
4056
4075
4082
4075
4129
4171
4244
4316
4392
4461
4523
4567
4638
4683
4709
4767
4873
4924
4942
5006
5071
5161
5224
5284
5351
5378
5349
5406
5454
5478
5515
5567
5595
5606
5647
5686
5741
5784
5797
5821
5825
5849
5872
5926
5960
5972
6027
6040
6055
6083
6095
6116
6186
6193
6263
6258
6255
6295
6324
6357
6397
6465
6476
6532
6633
6680
6682
6710
6763
6788
6797
6799
6785
6827
6803
6792
6815
6851
6859
6893
6925
6951
6964
6979
7005
6584
6626
6181
6184
6190
5994
6030
5716
5710
5463
5500
5501
5094
5099
5085
5103
5051
4576
4572
4209
4227
4240
4146
4133
3684
3680
3696
3698
3698
3056
3044
2618
2586
2558
2450
2462
2125
2104
1911
1924
1939
1520
1524
1512
1510
1529
1136
1139
933
938
729
767
857
615
1003
582
607
650
703
1083
566
602
538
592
807
608
993
600
634
730
598
872
602
631
527
611
853
621
1018
602
643
733
605
847
576
608
538
591
818
608
1038
614
639
670
701
1024
639
680
635
682
1284
573
1117
570
612
644
658
1007
603
663
538
573
805
590
1087
591
604
607
625
995
621
629
623
649
979
585
916
611
605
675
584
875
575
610
572
613
818
581
946
599
684
742
686
1020
590
647
539
612
894
586
994
573
642
740
694
1018
607
627
675
735
980
579
846
593
642
551
596
827
572
982
584
605
672
550
837
614
626
549
615
1002
623
666
690
728
1033
579
835
626
662
504
547
1028
575
588
632
651
935
565
801
565
572
552
560
957
540
587
576
602
792
616
1004
600
631
726
600
955
606
666
713
701
1069
604
615
654
681
986
627
848
630
674
557
582
932
568
572
578
641
989
600
926
587
620
670
700
1055
593
634
536
632
814
574
984
572
606
695
570
821
595
645
506
621
1089
621
662
646
673
1042
601
1060
612
615
634
618
935
578
605
533
577
858
586
1002
572
572
652
607
839
607
664
565
594
809
592
1059
583
632
720
603
833
593
643
555
588
808
592
972
601
664
701
702
1120
585
632
621
635
877
596
974
608
680
658
706
1023
584
886
654
658
598
628
987
630
871
597
608
520
589
846
602
1033
623
683
727
700
1018
647
663
668
719
887
620
1088
605
689
663
701
1008
592
842
584
644
588
643
987
632
836
610
658
597
647
1063
616
823
590
639
565
601
1021
551
785
557
570
551
600
827
595
986
607
607
628
671
1029
597
604
633
655
816
600
1052
575
596
619
663
837
609
1050
595
605
630
609
936
576
800
596
612
617
640
1013
594
809
586
639
622
662
999
604
811
612
655
553
579
742
591
915
611
647
532
588
836
596
1112
594
608
604
603
924
618
575
600
630
871
579
1003
613
632
637
667
1020
588
836
586
597
557
616
814
621
1057
593
620
626
644
936
603
1001
592
618
682
675
857
608
1019
614
605
610
644
1030
578
632
680
702
1077
604
825
583
602
522
592
893
619
920
610
620
569
628
831
615
1001
583
600
607
630
865
624
942
586
594
628
691
1067
625
650
712
746
919
617
1058
632
730
697
741
916
598
2730
615
628
647
685
708
743
754
780
811
878
918
939
948
990
919
951
764
820
902
628
851
623
645
541
592
830
619
899
611
644
551
630
878
600
1076
625
654
699
738
947
613
1011
620
722
789
777
1094
604
621
693
751
900
583
1055
610
649
679
733
1071
607
804
599
657
147572
725
1563
653
677
1331
612
1594
613
590
536
572
1426
606
1514
569
596
1609
571
1458
572
629
1390
608
1546
624
625
539
585
1332
576
1555
597
618
1500
591
1343
588
643
881
958
1819
850
1845
601
617
1603
632
1680
604
628
531
620
1378
590
1500
591
609
1509
585
1395
581
613
521
575
1452
606
1519
593
633
1395
579
1506
589
662
532
601
1502
576
1368
593
651
522
622
1420
590
1482
611
637
1535
609
1370
621
633
550
577
1005
597
619
655
684
989
598
951
628
661
654
679
964
617
610
650
678
970
585
885
600
613
629
567
856
593
594
609
606
906
641
664
697
750
1095
614
789
586
653
536
615
790
579
947
566
559
648
707
1035
601
628
570
590
822
603
950
612
630
671
611
791
620
659
528
572
956
625
612
627
644
930
626
871
631
627
562
605
896
605
595
593
643
932
586
882
631
640
642
628
889
576
583
