5392
5756
5797
5852
5913
5915
5945
5910
4019
3996
5823
1755
2088
2155
2641
2308
2137
2049
843
1226
1248
1339
1503
1143
1256
2678
5064
780
664
674
634
677
748
882
925
1004
994
992
1005
1044
1113
1171
1197
1214
1252
1339
1339
1372
687
701
699
706
741
759
774
854
895
1844
1895
1925
1840
1896
1905
2005
2053
2056
1323
1364
1200
1180
1179
1135
1069
1168
1238
1307
1313
1181
1205
1218
1212
1213
1236
1274
1348
1391
1417
743
799
842
899
941
1014
1134
1150
1153
1203
1268
1227
1290
1327
1339
1384
1480
1632
1762
1824
1721
1758
1812
1842
1887
1997
2078
2128
2161
2185
2172
2202
2292
2349
2407
2460
2498
2485
2478
2483
2540
2598
2655
2706
2746
2736
2757
2770
2775
2777
2822
2862
2931
2975
3012
3071
3106
3119
3138
3158
3181
3192
3218
3216
3253
3283
3302
3415
3458
3470
3490
3503
3521
3536
3555
3600
3629
3651
3664
3681
3684
3726
3805
3844
3856
3927
3928
3961
4037
4080
4119
4189
4229
4263
3978
4021
4030
4053
4082
4065
4074
4110
4065
4067
3567
3602
3344
3361
3386
3028
3063
2542
2520
2574
2345
2364
1936
1961
1942
1849
1868
1327
1353
1184
1213
1266
862
997
559
591
701
557
842
586
628
534
613
1031
586
592
608
651
1035
557
982
581
587
710
589
953
538
566
678
608
1033
603
632
559
594
812
584
1036
610
636
655
625
1048
614
665
561
581
817
586
1059
563
598
710
600
850
609
610
571
608
967
587
635
607
674
1122
626
841
606
639
541
588
845
562
987
563
593
738
576
807
599
638
510
640
1030
620
671
634
687
954
595
1017
602
639
627
646
1072
598
848
592
635
494
553
870
593
1021
582
615
687
736
937
615
1076
594
639
657
673
1041
597
624
622
687
1030
600
870
603
629
551
584
865
574
1006
578
622
669
669
1045
590
607
655
685
1005
563
792
554
568
532
558
940
545
569
605
661
1031
572
808
532
577
551
555
1064
560
599
563
613
1094
576
837
561
558
583
629
870
603
988
588
589
697
567
857
567
585
536
621
888
620
891
615
662
540
580
877
651
1003
605
626
645
626
1019
590
618
613
650
848
587
1008
620
628
667
655
902
634
1045
623
672
636
657
1010
581
790
560
609
557
606
823
591
1092
571
645
704
654
1184
749
617
651
694
697
577
1056
604
647
545
555
1008
582
918
601
635
533
564
823
565
963
669
585
548
584
857
588
1072
598
541
573
650
1050
625
679
572
664
1096
604
846
594
623
543
585
1049
634
914
591
624
542
602
844
607
1029
580
597
612
644
1041
579
589
617
605
847
608
957
606
619
632
683
927
559
898
587
609
572
614
832
630
836
648
681
510
573
877
598
995
617
675
668
633
881
613
980
616
665
705
675
1044
615
704
707
787
1067
604
829
593
669
533
577
844
628
871
623
667
539
572
819
617
913
600
620
532
568
808
566
1064
591
654
700
723
795
611
1061
594
664
706
757
1055
586
581
632
713
899
637
1099
600
691
684
732
1047
611
838
586
624
515
556
839
589
1011
592
614
670
696
1037
603
631
650
693
997
624
962
605
629
586
598
847
598
870
578
607
552
604
979
587
597
588
629
1021
570
958
564
578
706
546
1043
595
599
681
605
1016
614
670
688
568
998
612
627
694
712
1042
599
611
585
596
948
574
607
531
601
959
585
639
597
663
1041
591
1064
563
613
709
585
1026
619
645
751
605
969
603
633
764
602
973
584
680
747
663
1029
601
633
559
636
963
610
667
631
675
1029
598
859
607
636
574
609
830
625
1045
604
649
702
575
834
624
638
551
594
943
598
634
628
630
970
617
962
600
599
645
674
1028
610
612
649
720
1083
587
991
603
649
753
583
819
591
618
550
613
932
596
669
574
597
1029
613
998
579
618
718
561
814
568
594
540
566
986
590
619
533
557
851
614
1040
575
585
680
577
774
580
655
557
585
795
616
1025
615
648
797
586
808
564
620
498
585
1043
645
672
667
713
1028
594
803
596
632
547
625
1006
591
605
601
674
931
600
958
596
613
656
674
1007
644
652
664
688
1005
588
798
583
605
557
605
855
633
1004
623
648
652
578
865
614
635
530
580
882
603
1028
606
654
758
597
984
592
630
633
632
1073
613
642
499
533
845
591
1042
581
614
700
590
839
597
627
515
600
828
580
1055
546
597
1284
769
1653
1372
1115
832
1017
814
799
744
760
757
724
749
736
735
719
732
777
734
716
881
939
735
726
717
735
732
742
715
724
710
766
755
706
747
708
724
745
994
1270
1256
1889
2818
3415
4029
3953
3978
3985
3991
4000
3991
4394
1331
2208
2551
2567
3135
3822
4772
4152
4549
5474
6090
6681
7537
8115
8658
8963
9439
10077
10944
11550
12416
13282
13820
14361
14995
15858
16687
17268
17834
18335
18349
18320
17862
17839
17827
17808
17695
17660
17632
17608
17550
17559
17540
17530
17505
17502
17532
17398
17347
17619
18508
19075
19903
20475
21108
22038
22959
23575
24447
25082
25689
26548
27001
26998
26989
17469
17429
17349
17344
17325
17328
17364
