3248
3244
2447
812
1075
1054
953
1964
1037
1217
1441
1069
915
1061
1083
977
1240
861
1314
1587
1028
1567
1881
1198
1516
1687
1081
710
646
728
1368
1654
894
837
976
1083
883
998
955
877
1003
706
769
815
635
657
679
647
680
2643
861
717
631
616
724
2674
681
603
610
607
1650
2594
853
727
614
1055
989
1196
716
737
700
1234
1418
794
701
770
1246
958
934
1692
1143
1419
859
749
1890
683
1069
1169
931
721
2321
983
1013
910
729
2350
1846
949
827
794
853
716
1947
730
1060
748
683
1449
950
1574
776
654
932
918
1256
1631
1072
1034
984
1298
913
944
744
678
652
847
1202
1073
2634
645
649
699
784
803
964
987
929
954
676
1129
1648
1635
698
709
853
850
1087
1507
780
653
784
1203
1322
847
857
734
717
780
780
1036
926
939
829
1123
884
935
1036
1321
1701
843
736
1074
1402
1076
1693
628
598
915
645
671
846
858
934
625
603
609
898
1324
953
903
960
1104
1015
1138
974
1177
1095
891
761
652
960
594
601
741
654
2114
884
658
638
629
585
646
1026
616
632
606
662
589
814
1301
691
651
610
590
683
1639
811
637
605
614
702
592
862
585
575
609
582
594
892
1870
568
578
603
552
1942
711
583
631
657
674
595
2071
586
538
637
581
1074
1228
1533
553
616
576
600
574
2120
800
613
571
1079
1917
1660
775
923
827
737
1336
829
762
773
792
1514
714
724
761
861
737
852
605
611
592
779
1382
593
609
610
839
840
606
693
623
627
1143
1086
618
585
853
718
949
1107
670
628
807
1016
1024
860
671
942
622
950
626
1547
1003
712
917
1006
1371
933
663
677
687
916
1814
894
697
1092
658
855
744
814
676
760
808
1689
2468
662
617
759
1114
702
2099
1233
1231
1499
661
1697
609
650
854
738
1354
1864
612
597
658
584
1062
1704
734
615
618
625
876
1384
597
634
596
646
1171
605
587
608
618
745
1241
654
582
637
698
1251
1170
586
652
571
588
1096
1105
571
609
581
572
1568
607
597
660
617
624
1147
825
871
836
813
803
961
612
744
850
811
841
677
777
603
748
770
640
653
799
786
805
814
683
797
869
617
601
860
853
809
616
813
819
622
833
849
862
612
837
845
830
813
829
828
608
912
590
980
643
795
632
695
859
972
942
840
929
981
630
685
734
679
731
658
705
935
767
954
711
679
691
686
673
697
1000
1348
909
620
674
859
689
1087
636
626
595
600
996
1337
643
607
563
586
1077
598
607
599
586
713
946
764
684
601
927
628
1133
612
592
581
663
1647
849
861
587
583
583
827
611
630
597
567
874
1537
603
676
646
890
955
1234
613
784
810
791
918
1061
685
825
912
616
866
670
656
651
614
1550
1264
931
671
854
760
1170
635
686
635
721
614
635
813
687
624
669
644
613
1258
630
889
678
626
630
1227
630
598
618
611
821
873
571
833
626
631
622
633
755
1080
636
589
592
654
606
660
910
646
616
617
583
863
1176
832
809
915
623
618
1626
649
582
601
605
626
770
871
599
628
838
809
630
795
827
798
788
802
807
860
746
812
626
848
860
836
836
838
890
875
811
823
824
611
815
862
832
790
827
1098
1376
1079
944
858
1209
1014
1063
870
922
825
1393
811
1327
732
646
590
594
612
617
661
635
1045
1982
816
949
937
821
1166
1002
788
840
849
733
978
681
929
760
809
796
932
1980
958
1104
1530
896
641
697
942
755
785
770
711
1276
2050
1967
649
921
1223
778
1563
1241
900
630
617
605
606
856
859
830
784
825
962
887
1065
1053
711
825
1127
658
908
881
706
791
637
594
741
748
1432
621
872
884
907
650
834
841
667
613
818
875
886
830
830
617
818
699
618
689
691
659
593
1082
599
811
807
912
599
1108
808
585
678
606
1548
1007
769
615
637
592
1397
583
598
627
568
1092
1223
623
635
583
596
828
1379
779
585
614
652
824
1470
576
587
576
637
569
1719
574
588
599
633
616
1782
620
573
693
602
618
1454
728
683
626
640
640
1893
611
587
1097
1089
1036
1961
842
674
652
771
891
831
1309
844
950
1384
791
732
690
791
945
895
925
910
1093
847
826
713
674
982
887
700
817
669
691
951
1156
779
859
841
924
1354
1166
772
796
811
794
819
818
672
594
652
823
1834
634
644
803
737
1134
1720
1606
812
1154
1236
1380
955
1613
1088
1424
1380
1028
1640
1507
869
861
1106
1296
1070
1072
1877
1004
1257
1077
1353
1580
1103
1471
1235
1001
1270
1757
1028
1177
1094
1312
1043
1278
1222
1264
1598
1592
2416
918
1030
987
844
1000
1570
791
1294
844
811
1002
926
1137
847
850
645
677
775
625
638
719
1054
773
644
630
635
615
766
1260
886
914
662
657
1318
1692
629
639
624
636
1676
1602
807
987
957
938
926
977
1153
1172
1126
909
1057
727
1181
1097
1209
895
1446
685
970
1031
1331
2297
1584
771
846
746
1027
2499
1650
821
792
842
1114
1038
1216
1020
1015
1152
832
