5710
5790
5861
5939
5984
6025
6086
6107
6192
4434
4366
4387
7277
1602
1822
2345
4913
4916
4920
4803
4706
4417
4320
4244
4195
4133
4270
3046
3122
1131
1043
1731
2111
2102
2054
770
1170
957
623
596
604
615
618
622
613
634
695
745
805
789
1488
619
616
650
755
777
848
929
961
981
1222
1276
1315
1349
1385
1400
1458
1538
1595
1643
1671
1678
1663
1555
1166
1174
827
1740
1564
1516
1544
1605
1643
1648
1716
1756
1751
1734
1761
1777
1801
1819
1911
2022
2123
2199
2069
2096
2092
2091
2107
2117
2165
2225
2265
2334
2356
2397
2467
2519
2559
2309
2348
1778
1785
1760
1634
1686
1343
1408
1440
1318
1341
935
968
844
878
1010
580
593
633
696
1037
615
817
581
625
550
615
952
599
632
598
605
967
604
912
607
620
655
667
1000
623
651
685
732
997
610
870
601
617
567
598
920
593
621
641
671
963
605
936
620
625
640
667
958
577
595
555
625
959
569
658
588
613
1016
579
876
592
602
631
686
983
603
604
641
674
1075
690
927
589
587
588
635
915
608
662
491
551
978
579
637
628
689
993
587
995
601
614
627
668
980
565
632
512
539
939
585
625
661
694
977
559
916
566
636
698
668
1018
627
678
554
613
875
597
957
575
590
700
637
808
626
654
523
587
880
598
983
596
622
640
563
824
607
620
521
585
924
624
627
602
652
995
584
958
614
649
678
704
947
612
677
681
716
946
615
953
608
619
643
641
953
593
621
652
691
888
583
767
569
640
564
571
919
603
635
656
705
977
602
802
581
713
576
588
765
577
621
579
632
1013
587
882
593
607
620
665
954
594
627
574
569
760
588
1030
624
653
697
569
964
633
611
605
620
913
600
599
577
629
807
611
1065
570
586
622
570
758
562
603
552
631
929
612
634
675
748
1059
613
795
604
629
613
614
919
579
587
610
642
960
589
788
586
626
556
595
804
583
984
589
645
726
582
810
583
615
538
601
1611
1142
1221
966
1286
1292
999
731
826
758
793
664
688
739
805
897
983
1045
1110
1160
1189
1230
1315
1399
1458
1529
1581
1598
1632
1393
1466
1561
1199
1207
1142
1143
1197
796
950
592
653
510
570
779
576
1053
589
637
682
560
909
608
617
535
597
805
600
1081
631
709
778
839
1020
614
684
537
602
812
592
992
618
574
682
599
806
601
618
562
605
820
603
995
616
666
616
563
800
584
613
571
597
908
611
647
562
607
866
588
1085
567
572
661
591
946
551
553
559
557
925
597
617
536
590
900
626
989
571
576
661
606
916
600
615
627
672
963
566
624
539
560
792
576
944
559
597
705
610
817
600
638
521
609
995
600
668
637
677
1010
568
918
597
645
720
525
1062
571
617
655
612
1012
592
666
526
597
821
575
1050
627
654
677
716
1032
595
663
514
564
803
573
1066
585
673
776
576
793
583
602
568
607
934
588
611
622
638
948
632
824
585
611
579
578
781
605
1036
599
636
672
556
807
598
676
598
628
903
619
691
665
716
870
594
1046
581
636
679
691
976
592
818
591
617
531
577
881
615
954
582
645
688
724
845
621
1008
592
635
660
720
1008
581
593
624
669
938
607
797
603
629
545
594
1238
1115
1091
531
864
892
916
918
858
883
912
1272
1276
546
614
651
668
687
715
765
791
864
915
1012
1044
1054
1070
1078
1116
1127
1175
1211
1190
1206
1227
1251
1275
1301
1320
1292
1287
1095
1160
1213
932
1051
594
601
702
588
757
578
636
553
614
802
618
847
623
692
540
599
850
598
1074
582
604
624
604
904
566
603
590
620
753
565
969
633
680
731
768
896
621
969
637
657
685
712
976
604
806
587
593
557
598
753
603
1075
574
594
608
606
866
625
680
696
720
859
617
923
598
603
605
642
990
564
782
598
654
540
600
807
595
872
615
645
521
609
885
622
994
577
640
648
680
1006
599
603
603
638
914
564
797
576
616
577
624
966
568
911
590
583
550
565
745
606
1011
579
601
669
720
1093
615
629
529
605
829
630
998
614
654
705
740
967
583
844
598
622
543
646
899
631
854
628
664
505
548
841
605
990
621
651
716
707
917
614
964
590
636
686
756
1006
650
730
696
796
1042
596
696
573
617
496
561
858
628
855
610
629
523
593
814
616
817
600
643
542
586
821
601
4062
1354
1406
2501
2395
2776
2772
2690
2343
1967
1941
1925
1944
1955
1925
1803
1714
1589
1517
1409
1276
1206
1114
1015
929
865
5973
1145
760
739
749
724
656
727
736
738
748
745
754
746
747
719
730
716
754
743
741
759
718
757
1144
2266
690
660
659
603
586
616
632
677
681
739
760
788
870
888
920
988
1036
1075
1300
597
668
734
756
791
883
940
1019
1065
1093
1260
1357
1128
1145
1158
1223
1311
1381
1441
1465
1479
1517
1561
1605
1676
1779
1810
1879
1919
1935
2000
2050
2123
2180
2225
2297
2311
2333
2388
2441
2488
2580
2624
2671
2710
2708
