5366
5705
5745
5769
5903
5927
5983
3236
3188
2802
1151
6349
3143
1450
1027
993
700
633
615
622
1272
643
654
737
797
807
1302
657
674
717
716
709
707
716
757
810
824
871
1030
1917
1738
1662
1676
1704
1754
1769
1779
1823
1840
1903
1956
2030
2103
2139
2185
1644
1677
1702
1723
2020
2047
2036
2043
1443
1463
1776
1837
1875
1665
1656
1653
1688
1723
1765
1827
1914
1928
1961
2101
2133
2186
2242
2326
2391
2466
2503
2559
2597
2634
2691
2754
2819
2910
2994
3044
3085
3145
3209
3238
3303
3251
3294
3320
3363
3403
3445
3492
3567
3659
3746
3827
3910
3982
4074
4148
4228
4275
4340
4402
4463
4470
4471
4467
4475
4480
4533
4580
4617
4678
4703
4743
4786
4855
4925
4991
5063
5077
5122
5148
5218
5295
5382
5435
5500
5548
5604
5640
5666
5740
5792
5840
5877
5924
5938
5969
6060
6127
6198
6246
6302
6359
6392
6456
6515
6568
6645
6700
6782
6873
6882
6937
6961
6957
6971
6958
7000
7056
7100
7143
6924
6945
6846
6913
6956
6436
6522
6199
6207
6007
6015
6033
5657
5647
5632
5623
5669
5359
5376
4941
4977
4964
4784
4753
4430
4437
4291
4328
4360
4099
4187
3736
3805
3836
3772
3802
3239
3234
3078
3069
3107
2875
2915
2525
2550
2582
2520
2544
2140
2136
2094
2181
2212
1729
1796
1443
1490
1298
1309
1286
1086
1151
822
864
750
765
798
595
1034
633
665
699
583
853
593
623
524
616
844
619
856
607
643
494
569
999
567
622
574
652
1015
580
1019
581
573
594
618
804
585
1117
646
670
709
737
957
587
619
548
655
885
896
578
600
611
663
692
991
593
643
514
603
871
595
1079
669
594
621
629
862
601
601
544
592
874
560
975
609
616
671
701
969
589
640
530
604
876
591
1049
620
636
792
572
742
565
635
498
596
986
560
578
606
646
985
601
787
630
685
525
627
1029
598
643
676
703
950
602
854
628
663
495
594
1088
598
649
646
684
1036
584
974
596
616
624
618
953
597
603
627
656
1033
601
785
600
625
538
618
935
629
678
695
717
859
595
1006
659
674
545
634
865
610
934
602
625
580
595
935
609
636
665
727
1007
584
864
611
669
548
609
830
622
1011
600
642
703
727
1017
617
663
552
610
802
599
995
620
625
708
604
842
611
635
552
579
829
618
1009
622
669
704
742
984
600
618
508
593
814
611
1003
579
636
677
673
1011
590
618
667
732
1026
582
820
558
605
521
584
997
614
633
678
725
1030
597
857
606
641
518
594
851
626
1048
609
615
720
610
846
627
660
536
603
826
569
1001
591
628
685
591
801
587
576
624
660
1003
624
831
608
635
534
588
838
591
998
598
645
643
645
1000
609
650
556
589
953
591
648
651
669
992
603
927
582
635
665
692
1046
604
634
676
726
1056
617
867
613
649
530
586
824
625
1046
613
652
656
582
837
614
672
544
612
839
602
983
596
611
661
579
838
591
655
511
605
1025
595
600
624
652
977
598
910
571
589
581
611
1001
592
607
588
608
963
618
643
657
677
981
648
776
618
676
496
573
1049
596
598
653
673
951
580
965
592
608
631
633
945
618
638
691
707
1028
590
929
575
600
631
675
951
584
633
639
678
1076
575
961
653
665
702
750
993
603
665
692
749
1026
630
855
603
644
558
589
816
592
972
643
697
708
587
785
602
624
558
577
811
568
1031
596
655
705
617
841
621
665
540
600
817
639
994
581
649
825
579
852
589
625
571
620
977
588
607
623
659
954
619
829
619
642
540
590
864
593
975
578
599
639
544
799
565
611
521
606
1079
582
613
591
658
938
561
1000
594
629
653
650
955
588
652
562
614
817
605
988
605
640
679
562
818
576
638
533
601
941
580
598
535
590
1176
617
950
574
598
734
614
845
610
669
505
577
1019
578
588
528
613
1073
614
789
596
666
475
544
1022
601
651
652
683
1037
609
871
598
646
503
566
934
594
1000
635
651
703
744
982
572
607
567
590
1037
574
994
611
612
718
701
972
617
679
621
631
1057
641
859
610
640
542
598
815
614
995
627
632
671
699
884
608
963
572
610
646
576
1001
586
613
635
648
900
604
803
593
634
570
612
844
603
1026
622
635
647
652
959
570
610
649
689
854
600
1010
648
651
682
684
960
590
799
593
627
544
644
890
619
912
602
629
646
689
951
591
811
574
635
584
676
998
562
867
576
618
905
1057
5753
2370
2253
2166
1801
1327
1347
15811
1886
845
785
826
1832
1799
1776
1709
1721
1709
1714
1723
1772
1879
1896
1939
1802
1987
2052
2129
2190
2224
2267
2271
2311
2364
2410
2435
2487
2511
2590
2631
2651
2659
2649
2672
2696
2754
2808
2816
2888
2963
3181
3151
3194
3253
3261
3249
3227
3260
3278
3282
3283
3379
3436
3442
3484
3505
3535
3533
3556
3583
3624
3669
3671
3686
3691
3960
4002
4021
4070
4126
4171
4269
4306
4380
4428
4432
4449
4449
4456
4449
4470
4515
4557
4584
4610
4628
4629
4618
4611
4619
4644
4710
4731
4730
4758
4795
4839
4903
5007
5057
5131
5152
5167
5178
5250
5311
