5641
5782
5755
5819
5632
4690
4129
3462
2851
2425
1966
1551
1194
1139
1214
919
1589
1565
1260
1254
1267
979
920
1868
2836
3178
3533
4220
4903
4360
3171
2341
1953
1620
1250
1303
1383
1201
1197
1151
1230
1078
1078
1003
1106
1455
1847
2106
2355
2538
2703
2815
2949
3029
3005
3055
3007
2948
2544
2056
1623
1181
1168
1222
1017
1089
1355
1460
1445
1523
1643
1761
1861
1907
2040
2162
2313
2461
2592
2745
2915
3051
3188
3293
3387
3445
3580
3641
3752
3814
3823
3807
3841
3833
2682
2060
2662
1334
1228
1191
1173
1409
1700
1796
1985
2073
1886
1916
2402
2996
2847
2639
2653
2453
2131
2165
2255
2350
2390
2389
2398
2201
1696
2186
1144
883
1031
1226
1298
1412
1419
1496
1631
1727
1777
1595
1215
1120
1185
1162
1212
1170
1086
1143
1239
1429
1622
1776
1768
1747
1823
1953
2041
2108
2045
1798
1363
1329
1229
1296
1317
1237
1174
1316
964
1274
1612
1807
1990
2096
2116
2140
2235
2325
2385
2437
2425
2396
2422
1970
1587
1140
1071
1080
1238
1201
1007
1227
1436
1392
1361
1467
1474
1437
1411
1363
1441
1543
1546
1535
1528
1528
1524
1564
1462
1626
1622
1782
1920
2053
2158
2324
2432
2539
2646
2726
2864
2931
3015
3103
3179
3318
3408
3546
3720
3879
4019
4236
4418
4502
4270
3915
3824
3664
3462
2471
1660
1715
1743
1118
1123
1200
1234
1178
1001
931
938
976
885
849
883
836
890
888
904
957
928
987
1197
1224
1371
1291
1270
1252
1335
1048
1138
1386
1611
1658
1238
1145
1105
1311
1309
1206
1218
1253
1177
1184
1246
1306
1334
1408
1467
1549
1676
1790
1903
1863
1932
2012
2121
2203
2206
2293
2349
2394
2442
2451
2317
2303
2323
2341
2329
2334
2378
2408
2388
2380
2335
2453
2349
2332
2227
1683
1318
1169
1495
1362
1145
1433
1593
1567
1566
1585
1587
1598
1661
1670
1651
1676
1578
1568
1090
1043
1067
1141
1184
1142
1170
1246
1323
1420
1531
1645
1785
1905
1965
2068
2159
2231
2342
2371
2294
2322
2298
1915
1600
1146
1116
1100
1315
1104
999
1117
1121
1188
1283
1366
1520
1602
1699
1636
1738
1479
1583
1721
1783
1953
2141
2272
2408
2509
2629
2849
3002
3072
3155
3203
3288
3357
3474
3607
3716
3822
3950
4042
4118
4222
4353
4373
4430
4488
4587
4652
4698
4883
4956
5041
5181
5253
5301
5379
5423
5587
5679
5705
5782
5795
5906
5930
5936
5947
5892
5306
4860
4316
3845
3418
2907
2559
2273
2153
1960
1913
1851
1845
1868
1858
1798
1502
1341
1242
1182
965
866
889
944
1022
1229
1652
1727
1653
1771
2317
3002
3400
3925
4818
5680
6303
6224
6092
5994
5922
5832
5756
5599
5484
5401
5350
5218
5006
4841
4669
4493
4099
3735
3145
2500
1859
1314
1500
1344
1316
1425
1308
1282
1498
1028
956
1015
1014
914
889
901
1045
1060
1078
1028
1286
1342
1306
1292
1343
1553
1338
964
973
989
975
916
979
1027
1075
965
1294
1324
1378
1374
1333
1383
1212
999
970
905
894
885
1050
1193
1221
1105
1001
1045
1303
1275
1339
1390
1385
1370
1241
950
1251
1262
1153
1049
906
872
931
1114
1320
1348
1374
1518
1401
1791
2435
3172
3999
4768
5545
6465
7326
8285
9269
9225
9195
9182
9190
9200
8631
8148
7664
6998
6502
5912
5362
5032
4917
4795
4670
4498
4316
4135
3906
3747
3622
3386
2685
1996
1345
1284
1232
962
1038
1188
1251
1234
1127
947
920
1009
911
1361
1260
1490
1330
1353
1289
1271
1737
2625
3556
4490
5480
6451
6886
6961
7028
7009
6885
6776
6645
6526
5980
5233
4646
4038
3520
2951
2361
2279
2214
2193
2157
2012
1856
1770
1646
1510
1370
1195
975
872
846
821
835
821
1214
1463
1403
1308
1239
1297
1315
1176
1148
1201
1107
1045
990
903
905
881
898
844
1310
1320
1285
1332
1343
1356
1063
1206
1320
1127
1003
926
946
1002
1015
1091
1183
1125
957
926
942
910
967
931
914
948
1078
980
944
914
935
950
911
920
930
1052
1009
1044
1807
2242
2201
1822
1407
1237
1375
1244
1218
1261
1201
1244
1098
1029
1036
1074
1061
992
1029
951
999
975
1475
1454
1431
1477
1541
1485
1307
1380
1419
851
1000
1324
1966
3202
4229
5306
6410
7433
7658
7746
7851
8489
8678
8874
8985
9106
9243
9313
9413
9517
9662
9741
9806
9886
9946
10049
10148
10267
10343
10423
10622
11640
12655
13652
14391
14474
14600
14646
14751
14860
15045
15183
15277
15346
15393
15492
15606
15727
15861
16009
16176
16307
16431
16572
16704
16841
16992
17208
17340
17459
17559
17697
17864
17949
17965
18024
18139
18230
18349
18449
18557
18640
18696
18870
19103
19311
19420
20059
21342
22694
23605
23794
23991
24208
24401
24569
24626
24700
24765
24809
24983
25058
25091
25136
25162
25208
25320
25409
25457
25526
25593
25663
25754
25824
25906
25936
26000
26009
26119
26215
26334
26472
26850
27243
27467
27727
27830
27961
28074
28143
28213
28318
28399
28497
28494
28464
28571
28696
28824
28974
29069
29126
29227
29334
29438
29596
29693
29775
29873
29964
30084
30222
30344
30687
30849
31768
32513
33473
34367
34999
35821
35610
35466
35083
34761
34068
33361
32678
32019
31365
30650
30522
30605
30707
30818
30901
31003
31121
31233
31346
31459
31576
31645
31724
31814
31748
31732
31359
31329
31249
30885
30837
30323
30283
30284
29584
28918
28279
27667
27012
26402
25788
25764
25805
25896
26011
26112
26216
26308
26424
26482
26597
26747
26862
26973
27074
27033
27100
26784
26746
26722
26398
26341
26308
26318
26434
25804
25767
25057
24360
23613
22925
22311
21609
21688
21737
21829
21890
21908
21920
21945
21993
22071
22156
22223
22277
22383
22469
22622
22734
22818
22886
22953
23069
22937
23019
23087
22219
22115
21769
21180
20473
19748
19003
18292
17656
17181
17251
17336
17385
17465
17553
17639
