2053
2174
1385
753
619
614
679
626
2309
915
697
846
622
651
770
720
862
644
713
973
755
901
897
627
715
770
641
713
1798
1569
1119
1035
1103
980
940
687
929
635
1358
777
1315
750
1058
858
845
628
803
911
1311
866
862
1156
721
617
731
1411
1507
663
1188
725
840
696
1382
630
662
643
620
816
856
1567
652
669
633
636
1462
1386
613
666
1071
626
839
679
1751
568
663
648
753
923
1894
695
601
687
600
696
1141
1116
592
1421
1384
834
741
1736
883
575
633
654
697
1919
1228
675
625
650
604
851
1553
1580
939
762
727
703
1908
1051
807
842
906
1030
994
648
721
609
641
588
694
604
654
571
610
1379
1041
616
609
620
653
596
609
788
789
619
1412
798
764
1009
633
683
628
623
1267
872
594
607
1274
776
698
630
655
659
688
649
1183
868
617
595
1157
1591
845
806
603
616
635
779
1400
891
598
597
1164
827
1153
924
637
645
631
1006
1500
1026
895
1423
660
680
1211
864
630
852
921
849
918
709
1116
969
883
755
845
722
692
687
640
1752
1458
890
685
724
774
989
1304
854
873
828
1577
1045
732
1108
667
681
670
765
1991
731
1374
977
619
640
949
616
630
626
676
684
1103
739
893
1268
793
1002
1955
805
730
630
1111
651
905
599
665
641
625
670
1888
663
672
730
719
599
1491
1618
627
640
630
670
2468
697
892
647
648
636
623
808
685
594
878
1483
1156
920
702
750
700
650
1925
695
592
1168
864
967
800
834
626
749
746
814
1097
973
924
926
771
2121
814
690
629
718
1031
1291
1407
983
702
788
685
754
676
780
621
643
1396
1277
879
693
589
689
1293
1000
639
938
601
1186
1286
781
815
842
838
1012
666
896
1046
1246
1219
718
1030
1086
652
932
919
720
1157
784
879
1139
1139
1044
667
760
716
1003
1008
1791
863
2085
901
882
679
955
1139
1326
912
978
1164
728
915
689
1055
755
711
860
754
914
715
657
732
1350
804
761
682
1599
962
788
714
639
627
630
648
1396
666
881
815
634
914
1192
709
611
616
640
1123
749
664
939
873
865
1118
855
896
971
825
1627
1032
1045
1150
885
867
2132
967
1031
1325
1067
1059
1235
1211
1067
954
875
1731
1167
788
753
692
669
785
872
1767
847
1045
884
717
1259
910
1194
929
1036
683
662
1591
1240
650
941
670
711
1868
889
971
709
736
798
956
940
1476
1065
1038
888
906
953
1565
1178
1157
1523
2011
952
1087
909
1129
1022
1021
930
1063
779
692
694
852
942
2596
1625
1044
1182
1083
1223
1179
1536
1733
936
1022
988
1415
1098
985
1265
984
903
1025
853
1211
1152
880
1068
912
808
878
954
885
1196
823
704
701
683
877
700
751
702
874
1343
1480
1098
945
913
768
1083
1152
1740
865
947
883
933
852
872
859
850
742
781
751
1160
1054
898
780
868
1238
751
826
738
836
832
1839
1222
1652
1614
1269
790
1058
1159
1374
1639
1845
1441
1058
1426
902
916
818
888
812
830
1219
1284
1615
1757
1130
974
923
1160
1128
1689
1095
1231
846
1116
996
1723
6324
1272
1160
1126
1158
2082
1989
816
929
1112
1089
1532
2760
1027
929
800
1070
977
685
656
703
1146
1501
1109
778
659
894
938
831
635
646
1326
854
1271
1741
1247
1026
683
752
1830
1048
1190
780
688
748
1443
764
1052
661
1244
1050
837
739
692
1089
954
1009
3147
1687
1396
995
824
2869
4439
1163
1123
984
761
1407
1169
1557
992
1186
879
2338
1711
662
685
1840
1166
1027
1224
840
854
786
981
2168
1497
898
863
697
689
801
1028
1265
625
686
927
945
767
809
647
660
657
655
1153
664
667
802
648
2152
1083
1222
786
815
1229
1302
1386
625
936
655
651
907
899
686
626
1281
692
721
1378
718
688
653
689
748
1433
1347
690
718
664
825
1139
1238
688
646
635
1033
705
1304
722
680
633
826
873
1131
630
632
703
696
1110
1205
652
636
623
628
1526
881
906
762
816
892
1222
952
832
659
1281
1185
773
1045
933
949
724
919
1024
2191
1294
745
1161
1154
1082
815
641
927
1898
1163
1106
1975
1260
750
724
796
735
889
1409
1207
1024
1190
1343
775
1004
793
1394
822
1901
1544
1326
1116
677
920
1705
730
1055
766
643
728
1210
860
1173
656
1511
1104
932
723
758
665
724
1107
1284
734
1243
1145
753
1905
1193
1192
700
845
1198
1725
846
776
1078
785
905
1685
1652
811
648
631
887
1010
766
674
683
1362
967
1435
798
837
763
614
1507
1483
754
1234
839
918
719
1394
1075
1039
1006
633
618
2603
1297
1078
689
652
656
1569
817
711
743
1141
1062
775
729
768
726
1142
761
724
825
1311
907
956
2293
2286
919
656
846
935
1710
1555
1083
859
811
1099
2022
815
1080
902
802
721
692
1387
1439
1943
1320
974
1078
896
1336
868
1736
1727
779
852
1090
1013
718
704
659
1993
1267
827
971
893
1136
709
675
653
2631
1002
850
1157
862
2773
3398
1810
1306
854
796
953
1430
2612
1133
932
905
1144
786
814
785
1528
1483
842
903
857
1262
875
788
647
2105
2363
774
758
732
989
734
793
737
