11426
11502
11135
11176
10913
10948
10647
10709
10787
10646
10667
10201
10243
10234
10137
10145
7607
2877
2284
941
1041
1242
805
784
805
851
933
950
963
983
1050
1209
1210
1258
1298
1306
1328
1370
1341
1451
588
628
821
596
619
679
742
1673
1731
1730
1703
1696
1723
1762
1887
1976
2087
2199
2227
2359
2416
2469
2515
2508
2569
2583
2435
2155
2205
1993
2020
2089
1878
1914
1915
1924
1947
1935
1937
1988
2014
2045
2090
2114
2173
2166
2178
2218
2265
2286
2377
2429
2474
2509
2545
2566
2627
2654
2670
2723
2780
2797
2843
2930
3011
3046
3054
3101
3157
3197
3230
3315
3377
3368
3384
3393
3406
3394
3379
3372
3356
3352
3381
3419
3452
3489
3536
3603
3640
3637
3655
3664
3681
3717
3718
3771
3823
3843
3884
3900
3916
3953
4011
4077
4133
4148
4158
4178
4184
4250
4309
4333
4389
4417
4473
4485
4534
4589
4638
4683
4737
4811
4860
4930
5009
5023
5052
5068
5092
5108
5129
5125
5162
5187
5229
5289
5303
5321
5333
5350
5363
5363
5417
5450
5489
5515
5554
5566
5587
5619
5635
5688
5734
5757
5779
5840
5842
5847
5878
5879
5912
5929
5955
6011
6074
6118
6147
6199
6259
6319
6369
6408
6468
6539
6600
6547
6608
6658
6356
6371
5819
5806
5813
5692
5700
5468
5444
5261
5285
5299
4878
4892
4879
4887
4880
4450
4462
4222
4258
4050
4036
4047
3653
3625
3676
3704
3742
3279
3335
2974
3017
2772
2798
2812
2400
2386
2241
2273
2269
1961
1970
1540
1568
1540
1399
1391
997
1011
1016
1040
1070
666
676
690
704
976
658
840
613
656
554
556
944
572
579
577
587
957
549
941
578
607
610
599
993
589
600
513
571
851
588
984
577
574
646
581
820
605
616
499
568
1021
644
704
657
736
1038
607
995
619
637
711
696
999
595
632
559
600
836
588
1059
598
631
714
599
815
612
643
525
577
845
601
1025
601
612
705
585
856
577
582
541
568
837
652
995
574
589
618
657
1071
578
604
632
668
872
573
1016
591
597
616
634
898
595
825
618
668
609
549
926
594
802
621
661
510
571
884
586
967
572
629
691
656
1040
605
659
681
725
863
578
987
592
679
612
674
1027
553
854
582
620
602
639
963
572
796
599
645
625
693
1023
604
834
610
676
633
649
986
591
829
578
629
562
606
814
594
962
603
643
681
715
1029
598
614
641
676
799
603
936
577
632
666
697
854
600
985
603
614
648
674
963
606
794
640
668
616
652
998
592
811
591
625
600
641
994
575
815
611
598
562
580
762
624
902
566
588
570
553
796
561
1038
609
643
644
669
973
563
607
621
648
838
566
994
610
695
591
633
1031
601
805
605
622
520
604
876
610
988
619
660
696
725
1001
621
952
595
618
649
674
780
615
1008
601
605
662
681
1033
593
600
611
609
956
573
820
588
616
569
598
847
621
906
597
613
541
598
833
591
1030
763
611
656
692
745
643
1051
950
610
642
709
761
602
699
672
733
900
623
1004
642
681
723
776
914
628
1046
616
660
655
682
948
606
814
620
656
556
662
833
608
834
596
630
550
627
837
643
920
615
663
617
577
770
603
858
598
621
573
603
782
584
1065
601
594
651
675
867
596
952
603
658
704
742
970
586
601
619
660
850
584
1011
612
633
646
674
987
591
795
598
635
142623
681
846
613
629
647
673
945
598
628
569
608
837
636
1267
910
1268
822
1361
1227
1228
1068
7775
647
673
549
616
844
664
928
903
948
909
819
1257
1747
1031
1010
1030
1087
1097
1128
1133
1168
1192
1236
1269
1321
1350
1393
857
826
834
839
841
831
866
832
875
928
972
1042
1109
1123
1147
1167
1189
1213
1237
1276
1350
1400
1472
1525
1600
1538
1582
1641
1660
1742
1831
1895
1956
2028
2086
2163
2221
2246
2288
2331
2404
2436
2451
2450
2510
2546
2575
2605
2687
2747
2728
2809
2851
2920
2988
3081
3121
3155
3176
3247
3285
3332
3376
3450
3465
3510
3557
3585
3616
3668
3713
3776
3810
3883
3970
4035
4095
4128
4155
4197
4369
4451
4525
4537
4561
4571
4609
4656
4729
4787
4841
4807
4821
4847
4828
4684
4743
4578
4636
4664
4374
4449
3990
4018
4083
3830
3821
3597
3636
3522
3581
3669
3162
3159
3172
3761
1719
1719
1607
1065
924
963
799
1613
1486
1571
1582
1597
1597
1633
1672
1726
1783
1862
1897
1947
1979
1983
1985
2003
2107
1274
1260
1330
1405
1462
6648
6931
1796
901
609
619
633
650
683
662
697
748
765
790
822
922
1140
6804
1675
1473
929
610
670
705
714
747
782
854
889
999
1060
1103
1121
1117
1142
1248
1327
6912
1389
1295
622
658
734
751
789
893
944
1019
1060
1108
1143
1146
962
1028
4502
4525
4536
4545
4539
4613
4489
4510
1639
859
817
841
876
935
951
1004
1062
1116
1146
981
990
1075
1270
1264
1104
992
964
3225
673
593
637
653
675
714
752
769
812
817
882
983
1035
1066
1142
2321
627
565
603
600
669
686
752
774
841
904
1006
1050
1118
1171
1160
1208
1302
1420
1451
1499
1422
1506
1577
1576
1857
1896
1929
1961
1405
1462
1422
1060
1316
1441
1352
2636
764
650
759
1380
638
611
604
593
618
640
635
665
752
767
833
916
1100
1098
1097
1121
1113
1453
1498
1380
1342
1367
