3893
3886
3296
3067
2734
2149
1465
1402
1543
1579
1645
1151
1106
1119
2116
3488
4510
5406
5460
4942
4774
4179
3462
2720
1896
1081
998
870
1021
1025
986
1179
1169
1366
1078
1076
1456
1690
1512
1507
1526
1507
1249
2050
2837
3751
4601
5376
6232
6083
5919
5783
5631
4835
4192
3440
2703
2005
1723
1570
1626
1677
1736
1802
2101
2262
3333
4395
5627
6762
7568
7696
7815
7927
8036
8184
8269
8407
8483
8613
8731
8856
8954
9034
9109
9243
9346
9449
9577
9674
9870
9929
9877
10042
10140
10434
10841
11252
11672
12012
12390
12799
13202
13567
13934
14167
14399
14592
14762
14672
14849
15028
15086
15155
15189
15200
15224
15135
15177
15255
15311
15419
15579
15666
15753
15747
15809
15838
15853
15282
14329
13612
12882
12218
11605
11808
11975
12146
12341
12585
12790
12925
13026
13203
13333
13508
13610
13687
13744
13849
13933
13925
14106
14380
14487
14701
14797
14862
14970
14941
14957
15053
15123
15128
15198
15269
15342
15455
15552
15665
15784
15945
15997
16091
16156
16137
16065
16143
16211
16843
17969
19056
20167
21313
22035
22118
22206
22291
22348
22424
22486
22588
22673
22792
22869
22938
22967
23004
23099
23149
23220
23276
23364
23413
23503
23630
23706
23780
23910
23981
24030
24080
24161
24263
24337
24426
24517
24619
24739
24860
24949
25054
25126
25183
25237
25307
25364
25430
25513
25594
25606
25644
25571
25625
25172
25096
24883
24672
24621
23990
23674
23041
22264
21581
20806
20041
19430
18610
18054
17430
16830
16190
15424
14830
14468
14114
13774
13522
13301
13122
12967
12852
12749
12139
11544
10923
10322
9766
9195
8585
8475
8347
8268
8117
7879
7708
7565
7387
7219
7033
6709
5897
5229
4608
3996
3361
2751
2178
1780
1665
1563
1463
1304
1183
1079
1005
1088
951
1250
1265
1353
1280
1310
1435
971
974
1057
971
945
915
870
946
1192
1128
1087
1357
1445
1446
1464
1288
1301
1350
1308
1316
1362
1942
2181
2503
2921
3682
3621
3544
3478
3372
3208
3033
2869
2741
2154
1437
1331
1482
1323
1348
949
939
911
881
973
1051
1131
1001
925
910
885
1259
1313
1320
1486
1380
1442
1282
960
1149
1254
1234
1171
1037
968
863
814
1213
1231
1335
1294
2321
2094
1734
1482
1390
1509
1633
1716
1833
1997
2103
2227
2310
2387
2444
2388
2076
1751
1278
1256
1286
1425
991
1123
1209
12732
1436
1793
1631
1873
2159
2401
2587
2664
1773
1534
1352
1188
1004
875
887
893
989
905
877
896
875
997
943
908
913
897
940
900
1019
890
1015
918
890
870
899
933
925
885
892
872
967
892
975
922
920
900
898
1024
906
914
900
897
902
889
893
922
918
868
930
895
908
948
902
915
894
884
1088
2004
2753
3554
4319
4934
5678
6083
6098
6093
6079
6001
5852
5722
5608
5505
5370
5199
5040
4844
4668
4469
4204
4009
3818
3659
3438
3261
3082
2927
2752
2528
2363
2184
2010
1810
1637
1424
1264
1163
988
912
911
1224
1003
930
908
883
918
906
877
891
875
903
908
875
930
1785
2569
3164
3747
4316
4944
5448
6031
6591
7165
7741
8347
9038
9640
10292
10897
11452
12056
12604
13173
13811
13729
13571
13346
13189
13043
12896
12753
12651
12419
12283
12145
11965
11829
11696
11564
11374
11248
11012
10801
10629
10417
10214
9984
9757
9499
9310
9113
8908
8753
8535
8341
8150
7966
7829
7643
7465
7289
7106
6931
6735
6601
6470
6235
6006
5803
5601
5427
8991
7926
1732
2507
3483
4334
5175
6024
6941
7840
8726
9815
10284
10170
10013
9860
9870
9598
9275
8870
8502
8281
7941
7582
7480
7283
7083
6841
6655
6451
6233
6041
5854
5679
5518
5315
5103
4826
4623
4455
4272
4083
3879
3697
3558
3317
3130
2949
2788
2617
2355
2113
1958
1832
1608
1390
1155
922
939
914
923
943
942
913
938
911
890
911
908
921
897
920
13229
1685
2140
2680
3206
3691
3324
2841
2284
2067
1977
1709
1496
1250
1140
1050
1023
961
881
851
797
773
830
1309
1235
1364
1269
1225
903
1139
1301
1308
1219
1110
1091
1012
953
889
834
812
788
818
797
884
1039
1101
1076
1116
1125
1217
1173
1105
1088
1100
1119
1149
1198
1933
2913
4098
5140
6235
7168
8159
9146
10203
11363
12348
13183
13199
13240
13256
13288
13354
13425
13417
13454
13477
13480
13529
13642
13633
13569
13580
13583
13635
13633
13604
13576
13406
13338
13352
13319
13270
13261
12390
12360
12407
12151
12103
11089
10566
10009
9214
9380
9752
10311
11208
12310
13401
14445
15335
16294
17183
18031
19011
19971
20908
21707
21559
21570
21605
21239
21288
20518
20501
20499
20260
20158
19239
18849
18406
17953
17565
17174
16768
16615
16612
16590
16561
16543
16536
16535
16481
16234
16194
15418
15416
15372
15128
15039
14143
14082
14065
14040
14019
12784
12362
11935
11332
10889
10458
9939
9465
9027
8614
8087
7624
7541
7534
7492
7498
7490
7401
7400
7350
7345
7340
7384
7405
7413
7436
7341
7326
7296
7082
7040
6033
6010
5428
5366
5099
4497
4027
3528
3062
2613
2206
1767
1534
1547
1565
1586
1608
1603
1559
1248
1239
1364
1130
1157
1279
1184
1167
1045
999
1079
1242
1296
1327
1329
1356
1390
1305
1314
1125
1136
1565
769
1481
1667
2635
2947
2708
2742
2002
1967
1750
1625
1280
1317
1166
1175
1131
891
925
1114
1260
1274
1265
1301
1296
981
1529
809
925
1439
1153
1327
1138
1140
9227
1629
2245
2456
2649
2869
3002
2979
3726
4438
5203
5865
5720
5537
5371
5215
5054
4924
4764
4620
4448
4270
4055
3804
3656
3487
3248
3035
2876
2696
2523
2225
2001
1828
1657
1505
1319
1112
909
921
914
965
954
935
919
886
901
879
899
921
939
909
883
931
901
903
948
911
1112
897
914
973
935
935
916
891
881
928
906
923
883
916
908
732
729
