2889
2899
2242
2218
1897
1850
1882
1922
1992
2051
2058
2063
2096
2155
2158
2169
2195
2268
2301
2347
2384
2436
2468
2509
2597
2663
2712
8930
835
599
618
671
744
2174
6817
3525
1311
2427
985
1072
2054
625
2003
653
834
632
568
594
606
672
661
723
1072
613
687
567
573
582
589
603
621
654
683
754
778
789
835
902
948
982
1042
1117
1171
757
685
587
610
646
671
700
705
730
761
788
832
907
983
1001
986
988
1023
1041
1079
1134
1171
1222
1260
1322
1370
1432
1474
1522
1592
1648
1734
966
962
1000
1060
1083
1063
1061
1060
1057
1067
1073
1117
1143
1202
1288
1380
1424
1501
1537
1597
1603
1632
1716
1768
1812
1759
1802
1846
1909
1993
2062
2255
2301
2021
1694
1647
1679
1683
1682
1744
1766
1773
1784
1780
1790
1817
1827
1851
1895
1929
1955
2004
1947
1944
2023
2054
2105
2152
2121
2159
2214
2303
2357
1128
826
836
865
869
895
960
1042
1071
1096
1097
1128
1158
1215
1272
1352
1412
1503
1538
1559
1608
1691
1733
1795
1828
1878
1903
1913
1928
1985
1455
989
997
1023
1065
1099
1152
1195
1227
1237
1249
1253
1272
1312
1348
1393
1413
1467
1499
1548
1601
1652
1700
1719
1768
1827
1871
1927
2007
2042
2079
2182
2304
2377
987
1026
1095
1131
1163
1199
1234
1311
1374
1430
1477
1551
1629
1672
1712
1747
1819
1872
1922
1860
1877
1939
1493
1536
1418
1454
1506
1010
1380
970
962
978
1019
1041
1090
1141
1220
1229
1250
1313
1377
1432
1478
1501
1569
1629
1228
1316
1038
1056
783
827
859
593
869
707
625
621
663
931
587
627
543
626
825
604
1039
610
685
779
726
1034
590
653
517
599
896
611
1254
655
692
726
767
972
596
645
487
543
935
575
1026
615
660
744
582
830
582
634
542
612
896
597
1035
603
698
668
585
936
593
608
561
608
823
598
1014
586
595
600
626
970
604
623
517
573
886
604
1042
623
659
682
722
1032
660
708
509
578
874
622
1138
626
637
677
680
980
573
603
622
583
960
625
828
612
627
514
598
1030
580
619
608
643
1039
620
827
599
641
513
621
871
648
1080
625
679
705
665
1021
642
697
643
670
968
594
823
610
640
542
586
834
615
965
645
700
573
620
957
597
653
612
634
1045
626
800
583
570
547
587
832
597
1075
634
637
635
645
973
619
699
646
673
1006
584
1002
589
591
605
629
986
598
650
555
592
859
629
995
613
655
760
608
844
611
669
530
583
996
581
671
634
750
1050
610
970
590
643
808
568
852
570
597
567
600
985
608
602
592
617
961
599
947
602
598
604
608
1020
594
645
677
710
1065
635
949
580
594
712
588
856
582
600
525
573
969
589
640
651
668
981
583
792
556
614
530
563
834
560
1042
580
595
650
637
1003
562
616
557
566
798
603
1025
613
625
754
658
568
595
608
606
624
656
681
718
608
689
818
605
863
571
1161
608
629
685
720
1039
590
685
698
697
979
590
609
616
708
1289
591
1141
600
655
664
588
1056
611
643
560
601
824
609
1073
591
650
686
618
955
621
625
661
715
1059
583
962
586
592
737
601
926
592
614
521
627
903
584
1033
601
651
700
632
1058
595
639
532
562
910
607
1056
565
594
612
645
1052
591
621
676
732
1087
571
847
592
634
564
629
858
602
1047
584
592
721
577
850
612
633
546
584
1057
589
616
616
619
991
551
832
630
664
542
608
3916
3494
3525
3614
3661
7559
1286
738
665
592
616
584
617
637
681
965
1011
1038
1071
1148
1177
1317
1732
2014
635
1123
578
592
614
638
653
673
666
729
827
922
776
888
952
1004
1009
1068
1106
1171
1197
1241
1307
1325
1364
1479
1563
1608
1593
1630
1344
1237
1278
1335
1378
1209
1239
737
764
849
608
860
562
603
541
594
1082
619
667
601
642
2049
595
879
583
604
663
705
790
810
864
769
835
938
598
1100
665
578
659
582
865
619
665
504
591
854
557
1203
563
675
1263
964
963
763
783
513
607
871
596
1120
591
606
678
573
1013
584
635
583
618
904
590
1132
588
596
628
674
1434
595
777
642
694
607
676
1093
576
835
617
610
490
561
883
586
1013
593
615
672
679
1090
625
661
620
611
626
607
719
608
673
654
711
1044
594
916
564
664
604
603
1030
607
809
597
650
565
615
1048
565
839
578
1107
578
629
1329
928
949
760
805
910
973
1107
840
1372
1233
1257
1121
1707
2088
1647
1373
1667
1387
1372
926
917
874
1295
1278
884
914
888
924
645
873
789
737
750
594
764
789
737
730
762
802
758
735
715
716
766
737
760
745
728
732
730
771
716
741
766
745
722
750
755
743
827
835
1271
1356
2196
2207
2210
2194
2504
1228
2071
2406
2470
2506
2535
1729
1333
1892
2717
2722
3715
4305
5178
5014
5592
6417
6987
7330
7396
7478
7692
8812
8962
9024
9067
9142
9205
9234
9292
9340
9385
9460
7293
7215
7168
7115
7032
7025
7034
7047
7069
7077
7141
7165
7221
10151
10279
10301
10404
10433
10466
10516
10551
10567
10634
10669
10690
10710
10727
10173
10182
10218
10246
10346
8985
8744
8720
8742
8806
8874
8961
9021
9078
9143
9163
