2405
2581
2288
2010
1465
1067
1083
1248
1424
1470
1555
1660
1500
1447
836
644
544
552
713
511
574
472
764
576
595
556
569
544
1171
535
490
451
542
795
523
742
560
524
551
576
1235
513
967
552
525
475
464
939
753
942
823
1013
2037
541
574
567
545
536
560
1155
813
1061
1007
1110
2078
562
859
557
513
527
538
1228
578
518
530
538
754
523
933
568
531
598
517
994
560
654
581
665
830
568
1185
808
811
965
1002
1852
734
906
883
528
520
481
480
510
510
517
473
1002
510
488
485
480
1151
534
785
552
514
527
449
892
502
988
684
511
544
521
945
702
841
1023
713
716
579
632
533
563
577
650
1287
972
1061
1537
901
2020
558
529
459
516
529
499
1210
535
965
508
467
566
471
822
483
497
594
482
762
477
921
768
1190
757
1148
921
629
694
609
594
877
706
622
555
571
649
598
1444
972
1062
841
548
635
523
509
844
1584
1626
1110
1070
1085
542
483
489
438
536
927
530
779
833
550
537
533
562
527
546
519
565
1085
1137
1309
1196
979
901
804
765
877
770
1039
780
726
506
533
526
546
582
472
463
583
514
434
549
1384
1371
1160
1444
1101
1425
706
523
608
493
997
504
912
502
464
542
499
1058
510
483
559
505
962
488
1387
897
772
936
613
525
531
478
525
443
1132
523
492
489
465
933
503
827
519
486
620
474
1255
493
483
490
501
1387
899
688
526
487
519
475
1212
515
498
515
483
698
471
1114
507
473
642
479
873
501
596
559
476
971
505
472
507
716
892
474
901
509
481
564
463
1151
545
469
513
480
974
449
470
465
499
1068
482
986
500
474
484
469
1069
454
536
590
481
932
512
1007
510
486
581
484
1068
512
478
501
487
904
451
1141
505
467
510
507
796
480
522
479
525
1107
594
508
501
531
1035
527
845
561
510
513
498
640
508
528
524
768
1286
540
540
538
475
695
506
809
519
505
496
495
989
514
503
497
521
774
497
789
511
507
542
516
738
505
530
499
454
863
496
1072
451
485
531
498
824
484
432
595
541
1218
594
525
519
545
496
517
833
485
520
499
553
631
519
487
602
808
1257
740
1641
507
533
524
513
620
499
487
518
490
735
557
778
918
1132
1904
500
833
517
489
516
495
519
496
504
493
509
622
589
834
511
536
493
519
624
522
487
529
487
521
495
952
527
488
540
503
651
818
903
669
559
1180
521
560
540
563
1107
546
608
472
493
547
564
1121
548
602
526
490
970
522
976
557
548
505
455
990
530
540
461
421
1188
537
478
491
609
976
532
955
571
522
507
478
1004
550
695
729
539
480
800
1600
534
493
530
489
673
514
491
525
492
512
492
523
493
527
671
576
858
493
541
502
516
604
527
489
569
502
567
505
524
492
531
670
483
882
518
522
527
677
553
557
926
494
581
486
643
483
664
545
495
590
1459
870
1009
948
1054
765
555
883
522
910
505
575
590
558
823
489
532
485
522
550
501
867
562
594
525
553
509
605
945
519
614
802
982
1557
531
1342
500
564
575
504
620
521
892
488
558
480
707
912
517
761
522
577
536
510
1043
566
537
495
522
650
494
526
526
509
504
528
854
532
491
523
497
591
453
875
463
488
485
474
1761
473
544
731
461
905
533
711
433
480
499
476
1003
464
773
483
463
482
464
1089
470
703
484
500
747
663
768
497
833
503
505
520
501
619
967
630
557
501
507
497
698
501
506
492
537
622
554
1070
502
477
489
494
990
698
1201
690
811
720
737
655
738
679
717
640
548
563
535
536
555
671
525
444
552
543
528
471
472
475
802
676
568
549
538
535
547
538
535
706
582
531
525
562
577
574
733
545
532
510
517
521
534
582
537
526
543
551
579
645
551
589
565
529
540
544
537
533
451
527
808
490
484
492
475
756
478
1147
549
474
530
487
784
454
1049
487
473
482
515
996
474
486
513
464
921
558
955
530
577
562
570
816
568
690
577
579
574
578
599
572
871
578
609
633
646
662
888
623
582
602
602
624
610
612
809
610
628
579
608
593
633
601
623
794
642
585
685
574
549
605
586
688
634
960
608
573
611
585
982
582
650
631
582
601
547
1248
800
986
772
802
1244
754
719
701
818
1178
1284
1165
1249
989
765
760
724
749
631
742
791
703
724
686
624
1386
1513
1370
806
957
787
742
757
632
740
639
740
650
726
645
700
732
666
737
736
637
705
650
884
1181
817
732
682
699
585
662
546
595
617
540
602
614
662
549
584
663
608
546
581
624
566
621
607
554
583
636
549
605
824
733
649
624
646
628
618
583
514
579
574
600
530
594
596
532
569
514
579
540
590
530
589
635
509
638
640
535
580
527
576
559
608
552
592
735
1266
1148
1186
1062
907
1059
1084
1078
