4958
4273
3264
2648
1701
1404
1587
2055
2395
2711
2840
2973
3171
3371
3360
3411
3547
3487
2758
1832
1582
1545
1050
1459
1939
2179
2382
2413
2509
2634
2763
2934
2938
2995
5634
1659
1700
1975
1426
1366
1741
1637
1359
1993
2579
3389
4447
5594
5391
5135
4833
4420
4151
3746
3074
2093
1625
1304
1106
971
1049
1120
1229
1407
1621
1109
1182
1236
1164
1139
1258
1274
1335
1435
1442
1336
1196
951
1364
937
952
1044
1163
1227
1265
1025
1067
1218
1315
1379
1353
1471
1511
1391
1476
1605
1648
1906
1721
1698
1856
1802
1901
2950
4282
5561
6593
7156
7049
6629
1951
1435
1274
1208
1250
1358
1280
1644
1205
1290
1098
1070
1136
1170
1330
1471
1494
1616
1679
1777
1801
1861
1928
2000
2071
2171
2279
2581
2909
3753
2394
3031
3948
4905
6015
6373
6489
6442
6395
5951
5240
4493
3804
3121
2596
2518
2530
2409
2064
1964
1857
1711
1567
1413
1357
1536
1652
1353
1328
1441
1328
1109
1318
1235
1105
983
1019
1051
991
1063
1244
1259
1408
1446
1460
1471
1567
1122
1170
1362
1291
1230
1199
1330
1224
1982
1894
1909
2000
2053
2086
3041
4073
5124
6087
6722
6298
5696
5222
5181
5133
5090
4907
4710
4497
4317
4149
3765
3382
2845
2514
1665
1721
2306
3150
3044
3348
3588
2856
2002
1587
1346
1416
1521
1609
1715
1922
2066
1908
1905
2012
2120
2178
2322
2396
2438
2553
2627
2675
2667
2703
2847
2941
3033
3035
3106
3105
3117
3188
3320
3592
3831
4158
4243
1605
1242
1198
1189
1232
1135
1157
1277
1605
2063
2547
2685
3206
3608
3916
4039
4080
4080
4104
4281
4451
4637
4482
4370
4170
3890
3169
2805
2502
2190
2163
1929
1496
1349
1377
1342
1272
1553
1829
1556
1882
1123
1484
2057
2939
3875
4908
5857
6944
7191
6790
6294
5714
4671
4383
4205
3970
3508
3239
3041
2807
2523
2441
2010
1616
1589
1795
1843
6453
1497
1874
2238
2523
3217
3967
4369
4000
3319
2766
2314
1923
1633
1474
1301
1044
1132
1070
1670
1600
1583
1357
1566
1847
2667
3679
4944
6030
6814
7809
9290
10563
10768
10819
10307
9864
8997
8110
7550
6891
6283
5456
4902
4439
4007
3584
2933
2363
1691
1343
1465
977
955
1153
1367
1471
1541
1636
1763
1802
1871
1935
1957
1950
1810
1720
1581
1215
1177
1562
1243
1004
1261
1568
1659
1748
1886
2029
2132
4111
1180
2826
1105
4294
1108
1721
2630
3034
3472
3944
4465
4907
4670
4195
3627
3149
2375
2254
2219
2327
2183
1963
1846
1682
1517
1399
1178
1379
1034
1160
2211
2723
2129
1357
1349
1263
1175
1519
1317
1375
1410
1418
1417
1311
1500
1146
1556
2275
3234
4098
5087
6293
7301
7905
7942
7983
8071
8138
8245
8137
8036
7953
7797
7618
7465
7331
7206
6831
6464
6092
5589
4759
3796
2855
1831
1387
1144
943
932
1049
1150
978
953
933
1574
992
959
974
1038
931
922
917
916
912
903
906
937
1055
1020
972
907
955
924
883
941
1130
1033
1028
954
917
983
926
1419
2328
3188
2959
2758
2579
2398
2281
2159
2008
1956
1879
1632
1710
1559
1460
1299
1117
953
1030
942
955
930
973
1848
2432
3159
3750
4336
4802
5409
5496
5532
5372
5206
5083
4867
4689
4407
4213
15950
1527
2033
2918
3675
4034
4325
4575
4901
4990
4606
4515
4482
4464
4495
4527
4382
4376
4410
4488
4415
4475
4497
4575
4607
4185
4028
3911
3737
3459
3247
2967
2755
2108
1549
1320
1283
1333
1477
1135
1327
1516
1585
1620
1579
1603
1611
1678
1682
1541
1547
1556
1589
1591
1647
1775
1898
2034
2028
2133
2196
2274
2283
2359
2440
2548
2711
2825
2984
3067
3034
3050
3094
3049
3016
3067
3172
3268
3349
3432
3479
3577
3650
3771
3895
3907
3932
3982
3982
4005
4031
4006
4105
4123
4127
4167
4268
4412
4538
4620
4699
4794
4878
4785
4775
4791
4791
4822
4744
4737
4718
4802
4878
4977
5096
5305
5492
5704
5798
5926
6022
6090
5964
5765
5609
5680
5860
5975
6011
5954
5926
5846
5768
5696
5559
5508
5407
5381
5334
5234
5205
5139
5050
5014
5034
5028
5031
4948
4896
4839
4752
4656
4479
4363
4295
4305
4311
4211
4144
4076
4041
3988
3931
3865
3832
3778
3725
3703
3616
3574
4105
4622
5026
5562
5420
5031
4729
4015
3494
3135
2880
2717
2507
2360
2212
2063
2005
1950
1889
1823
1750
1667
1583
1541
1478
1437
1385
1501
1544
1977
3003
4019
4911
5859
6609
7462
8407
9029
9011
8982
8972
8979
8560
8257
7829
7817
7812
7747
8297
8806
9598
9977
10938
10545
10545
10278
9677
9277
8859
8376
7951
7549
7164
6723
6290
5861
5423
4960
4515
4552
4534
4546
4564
4565
4564
4579
4564
4575
4569
4561
4557
4547
4539
4549
3962
3986
3329
3330
2856
2796
2741
2051
1602
1395
1277
1285
1149
926
1108
1278
1305
1327
1328
1348
1351
1354
1395
996
1019
1623
1143
1271
1163
1156
1193
1170
940
943
1836
2768
3760
4763
5844
6390
6445
6500
6158
6165
5921
5933
5891
5138
5118
4671
5375
5905
6828
6883
5542
4971
4559
4171
3806
3368
2962
2687
2574
2645
2668
2642
2644
2623
2648
2661
2688
2700
2351
2343
2369
1707
1690
1032
1065
849
912
1555
1177
1222
1185
1131
1202
1199
943
1477
2410
3344
4247
5209
6202
7229
7272
7313
7084
7182
7236
7108
7155
6332
6325
6154
6316
7128
7024
7870
7965
8453
8960
9538
9617
9226
8863
8481
8541
8554
8560
8608
8633
8686
8725
8750
8796
8778
8784
8535
8542
7766
7728
7694
7461
7402
6491
6473
6126
6076
5906
5089
4648
4214
3735
3277
2745
2760
2737
2743
2764
2746
2757
2757
2754
2757
2760
2269
2180
1644
1176
1138
1146
1240
1166
1167
1196
1199
1173
1166
1264
929
1063
1089
1161
1206
1170
1200
1199
1222
1260
