7178
7236
7252
7298
7327
7370
7422
7437
7461
11303
11298
8848
8804
6391
10841
4206
2009
1852
1536
1482
1486
1488
1511
1526
1567
2817
1058
1047
1099
1168
1152
1222
1276
1440
684
733
724
754
832
900
938
1002
1031
1015
1069
1104
1126
1154
1180
1260
1263
1256
1270
1269
1286
1322
1427
1491
1550
1611
1643
1648
1526
1585
1544
1280
612
600
644
716
768
794
827
816
794
811
876
945
986
1051
1103
1098
1113
1128
1155
1150
1195
1263
1328
1377
1383
1399
1271
1276
1245
1264
1274
1289
1338
1389
1430
1484
1473
1521
1557
1606
1653
1709
1769
1812
1816
1857
1866
1867
1908
1926
1983
2039
2034
2026
2073
2115
2165
2213
2271
2318
2319
2331
2347
2371
2405
2399
2465
2531
2587
2592
2660
2676
2735
2766
2746
2793
2811
2847
2925
2986
3076
3144
2993
2911
2938
2939
2980
3045
3108
3200
3299
3314
3377
3315
3306
3314
3342
3370
3389
3384
3453
3499
3513
3520
3581
3569
3591
3581
3620
3653
3665
3682
3770
3804
3885
3949
4037
4104
4117
4138
4178
4221
4250
4333
4368
4359
4382
4250
4255
4272
4306
4323
4365
4387
4430
4489
4564
4594
4666
4694
4674
4681
4682
4724
4773
4822
4893
4939
4993
5056
5100
5182
5237
5272
5308
5333
5409
5446
5482
5550
5359
5399
5441
4997
5067
5012
5024
5037
4623
4616
4229
4226
4245
4241
4256
3809
3793
3632
3638
3641
3396
3414
2925
2924
2913
2782
2789
2613
2609
2361
2350
2385
2069
2096
2123
2130
2213
1765
1821
1495
1513
1375
1393
1446
1008
1054
1091
1083
1105
705
760
577
620
556
580
796
641
978
628
681
720
725
984
598
625
559
612
809
602
932
599
631
695
629
850
602
638
556
611
935
618
647
666
682
948
597
982
591
588
676
587
836
630
653
492
565
814
602
1053
611
626
657
585
936
606
607
635
619
930
600
633
687
709
969
591
972
579
603
617
601
942
611
624
575
594
972
560
641
493
545
946
573
627
621
656
992
583
828
614
648
574
613
916
597
641
546
574
804
591
1026
623
641
668
691
921
570
601
553
580
740
577
1000
613
707
768
748
1035
620
711
673
747
991
603
970
576
627
686
704
986
607
714
718
779
1064
573
758
555
595
554
599
887
562
568
591
614
890
600
786
597
640
537
595
809
641
1054
688
583
631
659
820
605
647
546
593
882
575
592
623
679
968
571
869
599
620
545
603
904
614
669
687
729
953
600
790
624
677
537
594
923
612
632
557
565
798
617
973
610
651
699
563
788
605
600
537
580
921
593
611
539
562
830
600
956
604
592
641
684
982
590
617
543
561
783
607
1012
606
652
675
576
800
613
613
520
594
865
624
1013
578
585
615
560
779
572
633
545
616
789
621
996
615
644
657
661
866
628
1047
612
623
646
644
771
633
948
595
625
673
693
1025
588
656
691
737
962
558
773
609
681
1521
1295
1301
753
740
958
1317
1310
570
615
670
751
838
908
961
1002
1044
1095
1127
1209
1303
1367
1431
1484
1508
1529
1568
1613
1725
1842
1877
1912
1957
1736
1786
1883
1630
1693
1302
1345
1101
1139
1226
986
1116
596
636
710
744
881
579
957
580
644
681
664
1082
616
653
709
744
973
578
859
586
632
612
675
988
589
878
604
642
492
551
839
593
981
616
659
694
776
1029
602
627
672
700
968
619
773
572
594
560
595
753
617
1001
562
572
598
643
916
597
623
639
682
920
589
972
618
652
579
599
812
606
1015
585
602
626
620
874
600
607
666
689
958
607
738
595
625
621
696
990
631
910
612
602
571
591
774
568
955
618
655
656
681
750
591
1036
591
615
661
695
962
607
623
669
722
952
584
822
603
668
638
708
1014
560
833
592
651
501
555
855
632
896
574
594
617
652
972
599
591
583
635
974
646
825
608
644
646
693
969
603
932
571
584
599
613
803
595
1295
634
690
713
604
890
623
951
602
626
658
710
1031
586
591
600
592
887
649
805
576
613
534
569
803
602
1018
620
637
656
701
1056
623
670
705
729
947
585
805
580
597
530
610
953
621
841
630
671
507
596
872
615
951
608
660
682
753
931
575
599
644
693
908
579
1023
598
620
630
646
890
596
803
568
573
571
590
795
586
998
601
648
687
626
906
609
649
696
752
913
609
968
611
652
673
727
1087
608
919
616
636
681
639
948
576
598
597
590
885
605
620
522
555
770
625
1086
567
647
704
637
937
602
647
726
577
800
576
636
572
629
986
587
616
550
575
825
612
942
590
638
686
657
996
595
657
2900
1386
1365
1355
1192
970
877
900
910
980
969
1032
1053
1080
1139
1179
1183
1214
1232
1285
1313
1367
1329
1347
1385
1452
1500
1560
1577
1614
1529
1427
1332
1261
1186
1104
1032
960
880
772
691
607
517
522
530
532
531
527
497
504
540
529
490
512
1265
1413
1267
645
649
702
704
720
734
738
770
842
824
828
853
965
978
1022
1061
1043
1112
1173
1315
1336
1320
1216
1295
1356
1389
1445
1528
1561
1609
1669
1696
1744
1817
1855
1895
1970
2013
1931
1959
1891
1938
1958
1508
1580
1328
