3015
3105
3034
845
872
916
708
786
4098
4043
3863
2605
2658
9332
4300
982
763
587
594
511
591
603
565
559
548
537
1505
1395
1399
1090
1102
1130
1201
1252
1387
10947
4613
2705
2537
2582
1382
1393
1041
979
1216
634
680
702
776
861
962
1022
1124
1184
1193
1260
1331
2428
2544
2543
7171
3461
3317
3066
3111
2410
1883
1905
1915
1965
1985
2018
2025
2079
2129
2169
2229
2280
2281
2301
2308
1648
1542
1656
1678
1710
1613
1644
1675
1701
1735
1729
1275
1327
1405
1511
1514
1541
1544
1592
1627
1666
1746
1806
1873
1928
1963
2102
2195
2210
2254
2207
2193
2187
2195
2194
2222
2271
2345
2407
2460
2544
2536
2613
2635
2662
2693
2724
2785
2841
2914
3012
3082
3149
3210
3258
3295
3331
3424
3531
3567
3629
3671
3779
3768
3800
3843
3878
3924
3972
4031
4056
4112
4162
4203
4215
4243
4264
4296
4363
4407
4432
4443
4457
4504
4510
4522
4564
4627
4680
4701
4760
4831
4901
4955
5014
5095
5148
5172
5225
5291
5309
5336
5344
5370
5359
5364
5450
5549
5598
5642
5641
5640
5646
5665
5741
5806
5870
5936
6011
6019
6048
6063
6102
6156
6175
6215
6188
6212
6257
6280
6311
6287
6298
6302
6322
6364
6416
6462
6477
6478
6518
6545
6531
6221
6271
6024
6066
5750
5711
5723
5437
5471
4980
4992
4940
4886
4893
4339
4357
4227
4269
4279
3757
3707
3408
3437
3389
3410
3417
2938
2557
2028
2027
2015
1974
2009
1996
2126
1225
1256
1277
1067
1153
743
1007
590
639
677
638
1113
613
624
621
620
1046
624
873
594
627
550
603
866
591
1089
593
634
693
667
1229
582
604
611
612
1028
603
839
580
595
552
618
999
635
959
623
639
533
596
875
611
1071
591
682
711
684
1052
588
633
563
619
1020
596
1035
626
686
669
674
1053
623
874
586
619
542
600
855
598
1086
612
633
672
627
1064
610
685
624
635
908
588
1023
604
643
617
658
1125
630
1084
599
635
747
575
979
600
658
655
618
1044
617
653
568
605
882
622
1038
599
643
734
622
1007
593
631
760
575
926
617
639
545
615
987
594
654
502
584
864
598
1056
630
603
726
615
1056
607
640
751
620
904
589
609
524
593
1058
593
653
529
595
1016
594
658
561
573
849
580
1049
588
644
786
578
806
638
672
514
616
914
570
1009
586
647
703
648
1106
565
609
552
592
878
602
1036
600
614
771
571
854
574
599
526
588
1013
591
609
632
642
1057
616
885
596
659
512
640
960
622
1028
585
641
720
673
1078
547
573
522
555
915
582
1066
592
613
732
590
949
585
677
630
602
1071
591
616
542
595
1045
600
650
601
648
1148
616
961
602
643
530
598
1001
570
632
515
543
1078
577
965
596
610
641
592
1069
597
642
603
641
1035
570
818
625
663
565
588
973
601
652
604
647
1080
613
1020
621
634
671
676
1513
913
2812
962
858
601
602
607
654
727
751
782
833
893
932
982
1040
1121
1197
1237
1256
1305
1334
1347
1413
1500
1597
1601
1663
1709
1219
1257
990
1041
1144
587
642
556
627
1140
609
1004
599
635
669
639
1210
581
634
525
583
1077
633
646
599
652
1044
580
1076
571
625
846
620
899
611
619
532
563
870
583
1106
550
552
736
583
847
614
654
540
611
920
599
1066
581
590
719
582
810
603
651
538
589
999
605
640
563
576
1054
588
1008
621
681
688
663
1058
609
650
641
687
1062
599
986
583
599
653
638
1133
621
618
650
731
1046
620
961
574
656
543
569
1056
627
624
630
639
1039
612
863
594
617
567
583
996
610
650
558
606
1064
603
965
610
638
703
609
1077
611
615
515
533
894
599
1141
636
652
710
2923
1468
1269
1005
1014
1096
1170
1149
1090
973
880
923
952
969
1053
1056
1070
1057
1043
1044
1035
1024
1030
1071
604
680
560
586
1127
598
1196
624
670
719
758
1008
570
635
592
641
1060
623
1081
634
672
532
590
940
571
1063
590
620
735
626
964
600
620
513
596
906
583
1089
582
588
629
602
1107
609
667
636
707
1130
580
984
607
607
668
632
1107
621
676
643
702
1096
617
872
608
636
535
601
1036
600
632
557
551
1026
614
871
593
640
555
602
893
601
1009
574
591
738
614
896
582
621
512
582
928
595
1059
615
631
697
735
1068
601
614
521
603
885
605
1056
593
583
726
615
893
607
637
544
603
824
624
1115
606
658
768
583
910
603
671
633
614
913
632
2069
1382
1144
1827
960
773
1337
880
12305
1435
1069
1019
925
1091
948
870
1406
1079
6780
1073
946
773
643
660
641
618
598
679
3781
3617
3458
3409
3299
3324
3042
3116
1919
1795
1661
2108
691
2677
2895
1521
3316
1680
745
690
904
947
1351
1020
2368
703
599
1229
2341
632
942
749
685
692
677
715
784
817
820
785
692
643
1367
1385
631
669
688
727
710
711
728
779
830
883
1039
1200
990
1350
1297
816
1324
578
588
681
688
766
813
946
955
950
987
1070
1121
1218
1187
1229
1275
1341
1420
1497
1510
1034
1063
847
1193
1145
943
648
646
656
639
651
897
713
736
961
1027
991
1085
1103
1113
1115
1082
1151
1254
1310
1348
1398
1435
1431
1440
1081
1159
