2440
2470
669
630
628
6028
916
6989
6461
4252
3935
3824
3817
3791
3773
3170
3140
2898
2893
2907
2951
2942
2141
2081
2138
2136
1502
1390
1361
1288
1262
1288
1249
1102
1136
1209
1222
1278
1315
1330
1341
1369
1371
1392
1456
1515
1631
1660
1683
1505
1508
1515
1581
1611
1620
1656
1653
1013
915
936
703
825
622
635
676
695
698
746
731
806
881
920
983
1021
1117
1170
1173
1208
1222
1275
1310
1370
1464
1568
1625
1665
1715
1720
1714
1735
1782
1839
1883
1965
1965
1985
2012
2031
2086
2133
2177
2246
2283
2285
2321
2356
2456
2522
2565
2625
2666
2680
2743
2778
2812
2855
2955
2977
3011
3046
3106
3148
3223
3257
3319
3390
3473
3503
3608
3656
3187
3200
3192
3142
3154
2834
2865
2703
2768
2827
2424
2383
2253
2305
2276
1859
1888
1664
1703
1729
1320
1356
1282
1330
1325
905
990
984
1009
1241
602
632
673
691
939
590
948
601
610
656
569
934
596
658
663
592
779
620
683
597
621
947
624
627
541
571
835
605
959
601
634
684
568
837
588
635
489
553
1006
591
579
612
655
939
607
788
623
656
538
610
804
626
983
589
601
626
623
896
604
632
582
592
806
586
1014
571
612
624
556
911
598
586
619
636
935
570
590
512
561
881
609
977
584
596
684
584
761
573
633
549
621
850
614
922
594
616
656
548
834
585
630
518
626
1028
579
575
615
654
924
616
952
622
648
687
720
969
618
659
564
579
791
611
1029
604
626
647
572
818
605
645
566
611
781
599
925
629
652
651
680
903
597
597
616
643
825
584
963
585
625
646
577
819
630
640
550
628
830
587
941
584
616
646
626
843
591
641
518
594
945
583
614
634
677
924
637
938
606
632
551
589
756
596
1026
593
667
734
799
1022
612
632
627
662
933
627
795
610
623
548
619
892
591
666
668
693
972
587
943
594
591
623
644
961
582
658
697
719
942
595
910
588
590
619
630
942
543
588
537
607
777
583
955
583
678
708
726
990
589
639
686
748
949
559
796
559
595
510
527
907
586
642
627
720
881
601
1038
582
637
508
565
811
587
1005
601
632
683
729
1046
547
576
629
664
953
574
876
594
598
617
626
760
576
986
586
604
625
597
827
564
581
526
630
742
608
1026
615
632
633
633
911
617
619
582
577
942
618
636
694
693
933
609
912
624
672
699
736
956
597
619
625
663
989
612
768
608
635
491
543
938
563
685
637
723
1016
632
789
611
619
518
602
856
604
1330
1274
1293
1383
1058
1702
7868
774
778
779
773
827
801
886
846
826
827
787
807
783
817
783
795
594
606
599
694
712
797
814
861
905
951
1009
1099
1107
1173
953
980
1010
1040
1064
1109
1180
1168
1198
1221
1224
1264
1309
1381
1444
1447
1479
1501
1535
1556
1653
1704
1757
1795
1816
1807
1853
1864
1920
1979
2038
2053
2065
2097
2138
2186
2281
2320
2370
2365
2374
2402
2446
2458
2551
2619
2701
2672
2692
2719
2760
2834
2910
2951
3035
3070
3090
3129
3168
3243
3278
3313
3365
3390
3468
3539
3601
3682
3729
3750
3791
3811
3874
3930
3967
4053
4137
4227
4258
4362
4426
4502
4539
4586
4646
4702
4781
4823
4826
4869
4877
4897
4935
4960
5013
5036
5026
5086
5160
5186
5176
5144
5180
5173
5168
4674
4659
4658
4568
4633
4406
4458
4265
4313
4386
4122
4128
3644
3649
3654
3678
3663
3281
3274
3301
3305
3352
2951
2989
2741
2774
2620
2679
2716
2469
2484
1988
1965
1958
1948
1946
1614
1653
1490
1551
1623
1347
1400
1022
1029
1057
1034
1034
655
690
717
790
942
573
809
608
656
544
572
774
583
803
597
647
551
570
871
579
621
647
698
953
602
765
592
629
584
619
940
585
609
578
642
818
607
925
591
618
558
588
782
565
985
590
605
662
563
778
599
632
548
589
812
589
840
625
680
706
770
1014
641
771
629
683
667
733
986
628
788
613
667
682
740
987
592
847
610
609
656
698
932
623
882
585
679
592
624
938
653
815
647
684
513
633
749
603
1041
636
654
703
748
828
901
1078
600
617
532
607
882
559
970
595
625
700
718
793
654
844
596
628
541
582
844
607
1037
586
630
602
634
790
586
971
567
616
665
713
951
587
659
639
721
873
612
874
571
944
596
633
644
675
798
605
1013
605
677
761
712
966
589
650
701
755
936
602
976
596
666
586
641
857
592
817
592
606
536
587
815
609
850
620
675
559
582
804
614
807
597
675
987
1308
1463
2454
1331
2047
2036
2026
16831
1363
1282
2286
8484
3964
858
647
654
652
2056
1575
786
907
614
590
601
611
606
605
678
687
747
797
876
946
948
949
852
876
904
943
944
985
1001
995
979
1239
676
687
700
708
650
685
703
739
784
790
842
857
888
904
950
978
1046
1106
1151
1209
1096
1146
1220
1271
1208
1222
1260
1275
1280
1322
1371
1411
1434
1502
1517
1556
1581
1618
1634
1662
1694
1723
1753
1819
1890
1988
2008
2064
2108
2141
2207
2279
2359
2398
2485
2549
2523
2545
2572
2614
2624
2650
2678
2747
2745
2786
2796
2849
2926
3000
3026
3091
3151
3201
