4185
1357
1239
732
730
782
820
1397
1494
1548
883
878
955
1356
1428
1659
914
841
1023
1004
2758
889
2094
1225
1071
927
726
906
810
2258
1039
1216
953
1207
977
1348
781
2784
1305
1078
832
1937
1975
1191
1388
1655
1393
1861
1609
1650
1063
1073
3216
1920
2454
1268
985
872
807
742
812
769
787
839
1186
1172
1023
949
951
630
1155
1940
2587
882
919
1666
1344
1329
2033
1293
1637
1553
1456
1325
1013
1124
904
1032
802
727
851
863
793
977
1841
1125
878
844
696
824
941
1710
2079
1766
1319
1117
2214
1570
1952
1060
1360
861
1258
1152
1274
1690
941
1185
1548
1758
1126
741
731
1674
1080
855
1641
830
820
708
833
1148
1907
1075
1110
875
860
1008
891
1717
879
1275
1142
1572
962
867
1825
1125
967
1886
1311
944
1002
1125
1345
1006
2344
1897
1527
1133
1700
1732
1499
1176
1731
1281
2409
982
1244
902
1570
1802
919
2639
1006
946
993
854
1299
893
848
1045
2663
831
830
785
724
830
2942
2656
848
771
1135
1262
1856
1061
863
957
1425
1878
1240
2106
1190
914
868
841
1241
2463
3244
717
716
706
937
2525
883
1501
1445
963
1527
2455
1291
1592
1234
1487
1522
1444
996
1673
1606
1055
1418
908
989
1322
1645
1389
1461
1232
860
1104
1471
2340
1361
1374
1225
817
2403
1201
1389
1100
1553
1429
1531
1065
2229
1428
917
915
798
741
694
803
830
1819
1134
1158
885
770
859
730
683
1321
1737
1766
1413
1273
1232
1965
3468
1254
1708
1494
1347
1337
1994
1500
1014
1310
1273
745
982
753
1415
1602
856
985
1331
1044
964
1128
1402
1079
869
806
1566
1091
767
1288
2894
725
1233
1627
850
819
811
1931
1014
882
783
745
782
889
798
858
843
1655
1361
810
650
928
1112
2058
1919
1747
1519
1172
1336
1356
1418
2142
876
698
760
928
2548
3105
895
735
771
820
2919
2022
1651
861
1110
955
1110
1005
997
922
770
763
2097
1440
1635
1486
2212
1379
926
941
934
806
849
937
842
1396
892
816
782
1048
1079
970
937
955
754
1420
2967
1012
915
1058
858
2466
2329
909
903
720
734
674
1271
986
930
929
788
1899
1344
771
751
782
734
1725
992
810
1126
984
955
940
956
1010
1008
1471
1531
1307
2090
1753
1651
1433
748
2155
2600
2913
2062
1546
1300
1521
3090
1109
928
1133
1152
708
836
720
2257
1284
1064
934
1049
1130
751
1921
1316
966
1107
796
702
724
870
665
933
1737
980
776
659
754
1207
623
647
762
1708
1020
1476
943
1214
1177
788
2020
1294
810
764
1092
1201
821
3882
2000
1116
790
981
716
1891
778
2265
1326
1636
1476
1864
1722
1151
1189
882
1507
777
993
775
1570
1092
986
966
915
1030
1104
1652
1197
1076
954
1092
968
958
871
1463
1497
849
969
1505
803
1411
1175
841
852
937
2008
1786
1004
1718
1104
819
784
845
881
983
781
890
836
1663
1602
714
1333
968
988
1508
1002
1676
969
809
725
1015
811
1272
934
974
992
1002
885
1125
1410
978
867
861
855
1665
1029
1961
1066
721
877
763
1302
1556
651
631
649
710
651
1525
1525
626
667
757
621
837
1374
2018
634
676
668
643
811
1799
1513
648
634
648
720
1349
1252
866
627
679
617
652
863
1129
600
837
849
655
628
1287
632
838
868
891
1040
854
985
1002
889
1106
1268
1712
856
743
674
711
729
657
609
1955
1652
872
1014
730
729
766
1210
613
633
933
678
830
598
864
628
860
860
829
1138
712
887
925
963
910
834
923
1185
1233
2289
1105
749
769
176565
1244
746
641
695
792
923
945
596
646
865
1150
863
772
953
1044
913
761
570
587
854
1107
1124
612
570
573
1109
1053
601
580
588
562
898
727
664
1976
957
635
1038
699
841
966
1038
1460
777
1028
609
623
632
583
1099
857
986
926
788
909
1149
1099
999
1058
1388
798
1306
688
885
785
636
1170
716
951
1681
910
754
942
1361
1205
747
1076
766
991
1117
933
724
1014
663
887
633
766
949
1321
1443
749
860
796
746
1708
779
979
998
863
852
827
894
876
879
861
823
968
702
1402
823
734
849
877
752
782
691
989
1426
1334
692
799
888
2031
1214
744
608
787
1248
1072
907
779
835
609
674
635
1230
2654
1048
704
609
775
1063
1661
844
607
1810
998
762
677
642
617
619
851
1352
1940
1066
864
736
667
794
860
824
870
1506
1256
1270
725
820
731
844
745
1039
678
945
1059
709
702
1128
662
1029
705
794
677
893
1891
1057
672
834
611
655
660
680
746
3393
1059
651
673
644
846
1951
636
649
2277
751
615
1517
975
837
612
715
1602
1717
679
653
728
628
1773
1299
861
1447
1296
688
1603
1745
849
631
599
1054
1415
897
723
955
636
778
809
622
831
674
1174
1389
914
803
622
798
593
860
945
594
586
842
1152
652
873
580
812
609
854
573
849
622
598
1441
850
1618
1111
808
601
625
741
1259
1085
1632
758
637
620
716
828
1317
631
602
742
1693
2025
855
853
649
956
651
775
859
873
1034
1169
793
1382
1398
649
633
613
603
864
614
1468
640
618
623
624
638
1565
670
682
585
1512
944
612
708
640
582
602
630
629
1099
587
974
725
676
646
633
1335
734
