4747
4782
4844
4882
4943
4955
2551
2242
3159
7164
1728
1655
4182
605
618
1820
1012
1371
648
605
1936
1358
1270
994
902
870
936
993
1007
992
1040
1110
1595
1081
1080
1084
1149
1214
1312
1302
1274
1360
1498
1552
1589
1626
1616
1635
1679
1726
1804
1813
1871
1880
1906
1960
1978
1975
1972
2637
2691
2774
1780
1786
1424
1443
1228
1189
1220
928
993
888
934
994
1013
1116
1117
1147
1156
1165
1212
1256
1328
1367
1410
1445
1524
1533
1560
1630
1719
1791
1855
1926
1968
2028
2099
2173
2258
2310
2402
2458
2510
2551
2583
2667
2669
2724
2759
2816
2884
2957
3021
3093
3168
3224
3285
3324
3368
3417
3455
3514
3606
3670
3729
3770
3862
3936
3961
4039
4101
4163
4208
4261
4319
4335
4373
4431
4455
4504
4566
4591
4614
4647
4678
4726
4743
4774
4801
4850
4859
4870
4911
4919
4973
5032
5080
5144
5191
5196
5230
5270
5332
5389
5459
5470
5490
5507
5521
5581
5651
5695
5755
5791
5813
5812
5837
5849
5852
5870
5865
5892
5909
5941
5972
6002
6036
6037
6072
6099
6123
6156
6192
6224
6250
6270
6317
6345
6359
6364
6388
6416
6444
6471
6506
6549
6573
6598
6663
6714
6765
6698
6724
6659
6724
6799
6310
6322
5825
5856
5852
5819
5857
5385
5416
5329
5363
5375
4953
5028
4747
4764
4520
4554
4587
4173
4212
4177
4224
4258
3855
3854
3440
3463
3268
3341
3354
3041
3043
2703
2728
2513
2580
2617
2239
2256
2254
2304
2346
1731
1736
1395
1425
1259
1252
1268
1011
1050
636
680
756
758
1005
622
631
563
634
838
611
997
594
626
670
568
844
611
633
524
593
913
622
1001
621
639
680
720
997
589
587
563
586
806
598
1017
579
606
634
641
1011
620
674
732
755
1012
585
826
594
634
547
597
995
633
638
650
678
964
600
893
621
656
543
608
869
618
985
603
612
713
631
804
611
662
572
586
814
590
987
616
682
717
602
822
608
656
571
627
1001
629
824
656
669
558
616
849
634
1024
655
662
755
720
1081
634
672
506
578
1005
585
632
630
669
1025
604
913
592
615
630
663
982
558
618
587
676
1101
600
823
593
609
527
569
815
643
1045
593
638
751
581
811
607
654
502
589
862
599
1000
569
612
672
555
903
576
632
526
623
1030
622
662
666
662
1001
583
872
583
608
612
585
1046
610
627
534
608
976
586
614
662
696
1030
623
825
627
597
526
550
937
592
653
605
632
1019
580
943
609
651
684
703
1015
597
641
693
732
1019
574
938
572
602
669
697
1030
598
624
658
728
1052
569
948
590
606
626
661
861
583
586
658
713
1058
609
817
604
617
545
611
822
606
1000
601
643
674
587
818
580
601
511
589
872
573
1032
590
614
680
583
831
600
636
535
595
806
616
1007
563
584
700
577
841
580
627
517
586
962
591
645
632
683
989
588
784
581
598
527
570
794
580
1096
595
639
667
584
791
575
647
559
588
930
592
680
650
684
1039
601
928
593
654
686
691
964
589
641
502
610
855
600
1017
593
624
717
596
812
589
631
517
603
1017
578
588
561
605
1226
603
913
569
579
661
602
833
598
641
542
556
963
586
580
547
588
957
618
881
607
630
547
592
974
601
701
618
623
981
612
871
643
646
552
582
789
590
1067
627
628
671
687
909
593
655
539
599
1061
586
1064
652
633
662
675
981
586
588
614
660
1006
569
836
610
661
554
575
822
572
952
620
596
611
637
836
627
1022
590
645
669
634
1019
610
704
670
707
1009
603
829
637
662
564
621
841
612
1057
625
665
712
741
1022
605
652
641
695
899
589
1006
648
639
656
679
930
614
839
593
650
520
622
860
620
890
631
699
685
736
1005
617
887
614
648
640
681
1031
599
826
602
653
521
543
871
607
851
556
578
555
625
868
579
960
589
607
630
625
940
597
609
627
695
922
623
987
597
692
654
691
1009
612
813
576
601
551
591
851
595
927
566
593
563
598
953
576
580
623
664
1064
592
808
608
660
620
668
1150
629
768
591
596
579
569
885
582
956
600
651
645
573
1036
571
622
601
642
1028
586
792
610
660
564
591
830
617
988
607
678
681
688
1022
611
663
625
644
997
590
828
607
630
552
578
815
573
1039
572
617
635
666
1001
558
588
561
666
1019
592
815
593
650
611
625
1033
572
793
585
609
529
582
889
561
703
574
664
510
578
817
585
929
604
652
500
567
835
598
1068
599
648
700
729
1017
571
654
532
563
998
4093
1602
892
2135
1570
12035
11436
11411
11366
11328
11416
11392
11362
11398
11399
11422
11423
11403
11433
11429
11421
11410
13012
13047
13051
13090
13183
13312
971
1048
884
1732
659
623
729
616
621
624
629
678
726
788
832
904
959
996
1025
1090
1194
1289
1304
1394
1434
1442
1439
714
762
786
803
803
923
933
929
1062
1088
1097
1115
1131
1144
1197
1215
1201
1227
1267
1307
1315
1337
1383
1419
1448
1467
1495
1538
1592
1625
1687
1717
1754
1829
1884
1927
1969
2040
2094
2170
2261
2317
2373
2385
2455
2511
2555
2581
2632
2636
2652
2651
2682
2704
2735
2775
2811
2826
2852
2873
2902
