5702
1151
674
626
604
604
648
621
648
689
741
757
783
825
842
1127
3713
1263
6961
2554
3039
857
748
1213
2023
844
625
603
580
576
606
616
583
624
669
712
748
904
1604
1350
939
929
932
906
910
980
984
970
1016
1066
1082
774
626
565
567
548
577
584
680
707
711
671
706
738
748
779
802
873
825
873
900
934
986
1047
1112
1162
1162
1242
1261
1296
1343
1406
1488
1540
1585
1619
1678
1714
1746
1785
1824
1809
1847
1891
1927
2012
2073
2138
2207
2261
2219
2255
2304
2343
2404
2452
2494
2578
2625
2672
2708
2805
2833
2880
2914
2948
2994
3035
3092
3122
3147
3173
3213
3251
3276
3298
3310
3360
3400
3486
3560
3617
3673
3761
3799
3829
3901
3955
4020
4061
4103
4186
4225
4254
4303
4345
4357
4381
4410
4454
4459
4499
4579
4641
4742
4784
4819
4847
4855
4855
4837
4861
4871
4877
4907
4963
5002
5005
5034
5040
5065
5050
5059
5057
5060
5083
5147
5136
5136
5201
5217
5228
5227
5277
5305
5366
5413
5497
5513
5574
5594
5603
5611
5632
5702
5799
5858
5917
5774
5770
5811
5839
5940
5996
6044
6094
6128
6131
6127
6109
6193
6269
6330
6366
6322
6260
6290
6319
6342
6409
5942
5969
5925
5928
5927
5481
5509
5228
5251
5032
5052
5051
4823
4864
4381
4387
4404
4261
4306
4019
4024
3859
3885
3890
3646
3629
3136
3189
3196
3226
3295
2290
2294
2318
2308
2365
2387
2452
1990
1914
1918
1942
2003
1641
1679
1616
1622
1649
1172
1186
976
982
890
919
948
733
1053
563
626
712
549
834
591
626
549
586
758
563
967
582
633
685
559
844
585
581
568
601
817
564
957
581
598
598
638
926
601
624
495
562
877
559
951
569
580
616
573
829
591
639
500
603
850
574
1045
646
589
650
716
1022
593
610
613
648
820
607
939
617
618
661
703
1416
620
774
572
607
656
701
1025
592
754
587
614
648
694
974
620
853
606
663
662
672
999
615
805
611
648
614
638
981
616
823
598
655
565
597
825
610
997
579
628
705
682
1099
606
867
602
648
688
723
870
597
925
573
619
513
613
824
618
893
592
641
507
577
920
596
1313
916
992
1054
1035
1096
702
971
583
601
643
682
823
588
979
595
664
701
594
860
610
969
598
638
714
664
1044
584
621
654
679
877
583
931
594
602
610
658
845
603
927
604
655
721
755
889
595
975
576
609
660
701
901
572
966
585
678
657
724
1019
567
834
613
645
619
674
1000
590
829
584
628
606
664
865
590
1124
603
686
652
690
982
596
805
572
622
601
653
1020
575
787
579
595
634
659
1146
577
768
567
607
630
709
1023
583
765
599
607
660
715
987
562
836
582
639
644
673
871
669
996
612
672
715
737
834
599
831
584
987
620
638
650
668
969
628
636
685
722
871
632
1040
632
660
691
733
1008
611
833
624
631
553
561
771
620
921
592
627
569
574
787
575
927
625
642
561
598
882
590
1003
597
625
684
697
803
590
1008
596
591
632
639
922
611
585
649
703
891
625
981
613
649
688
733
1040
566
865
604
632
518
594
821
557
873
597
634
552
592
813
617
981
613
622
672
702
809
602
979
600
645
696
717
866
596
990
619
667
687
714
1005
600
617
673
683
949
581
801
571
580
569
609
995
613
834
575
602
621
615
959
588
938
587
582
589
604
798
598
1091
628
633
667
705
972
620
690
555
617
1016
611
645
569
620
974
588
609
570
582
862
601
937
596
595
604
586
793
610
644
555
552
984
616
624
652
703
966
576
972
595
590
616
663
907
577
658
625
673
1011
598
756
593
592
485
581
951
591
684
547
580
774
595
975
585
660
709
560
3495
1502
1433
1273
1017
1093
1134
2274
1127
695
611
594
624
686
713
771
788
854
884
916
974
1005
996
1047
1438
574
579
575
599
612
620
656
694
768
818
871
905
972
1040
1063
1104
1152
1208
1267
1370
2440
2542
2604
2484
2538
2616
2666
2716
2748
2774
2777
2845
2162
2200
2261
2333
2397
2393
2393
2476
2535
2608
2703
2767
2814
2843
2866
2914
2967
3063
3151
3166
3201
3222
3269
3350
3386
3429
3521
3349
3415
3464
3191
3231
2617
2630
2629
2634
2629
2228
2229
2101
2131
2152
1874
1895
1433
1461
1486
1504
1557
1128
1125
1016
1033
1076
736
987
1022
562
621
692
701
723
752
776
811
809
674
1076
596
588
668
582
847
573
593
533
553
911
559
626
651
682
999
983
598
609
648
681
739
841
579
646
682
719
1030
584
6194
1126
1014
719
1457
1708
798
1857
940
12333
12306
12286
12322
12325
12338
12348
12373
12415
12339
12317
12322
12317
12337
12327
12319
12367
12358
12263
12273
12286
12286
12323
12448
12559
12529
12544
12549
12563
12592
12623
12659
16677
6656
2499
805
668
614
638
609
1191
630
619
573
613
7285
2882
743
719
888
617
640
619
626
610
625
638
662
703
762
828
897
961
1027
1065
1139
1164
1218
1254
1300
1353
1380
2738
1522
787
754
776
876
944
943
952
965
962
948
956
1007
1061
1063
1121
1155
1197
1230
1254
1311
1371
1456
1531
1568
1603
1638
1719
1797
1097
632
635
662
728
811
824
881
928
