2522
2560
936
902
1003
12969
2981
733
851
2397
634
622
675
669
678
728
757
724
762
811
859
795
840
884
934
1015
1065
1103
1156
1204
1216
1232
1287
1322
1445
1476
1545
1515
1597
1078
1127
1154
1200
1231
1308
1351
1411
1377
1409
1443
1473
1522
1563
1220
1176
1193
1050
1064
934
893
969
1065
1119
1267
1246
1290
1315
1358
1441
1509
1578
1630
1681
1711
1747
1792
1869
1942
2026
2076
2157
2196
2269
2334
2373
2398
2471
2528
2566
2509
2442
2510
2568
2636
2705
2786
2858
2870
2889
2914
2981
3043
3084
3147
3150
3153
3176
3201
3260
3320
3379
3419
3471
3532
3563
3594
3604
3668
3702
3738
3750
3768
3790
3811
3841
3522
3581
3631
3631
3661
3139
3166
3025
3082
3145
2643
2687
2421
2422
2320
2340
2318
1839
1873
1505
1566
1567
1509
1544
1154
1261
622
684
763
623
860
591
1075
578
602
631
681
1031
601
654
627
647
1011
611
789
592
632
539
602
825
584
1011
595
626
674
640
1011
597
621
683
695
1006
582
802
543
618
483
562
1013
596
857
589
613
530
580
792
581
1094
594
652
658
675
930
586
606
619
637
876
605
1033
625
641
673
700
982
619
846
583
642
544
608
749
590
1094
585
619
677
684
1006
595
620
661
684
879
616
1044
591
670
576
672
1102
602
1001
613
650
685
603
1009
621
672
723
693
1029
600
619
553
589
784
606
964
632
659
757
599
943
574
600
712
603
894
605
613
548
616
964
590
654
510
578
837
619
998
588
645
717
587
1036
602
666
693
572
847
608
658
543
594
935
577
651
600
618
971
588
646
528
598
849
583
1019
586
649
730
566
853
638
694
547
621
900
614
996
606
654
689
738
1017
618
669
512
590
848
584
979
599
642
766
588
864
593
632
514
610
964
599
681
628
661
1028
611
864
581
604
516
602
819
588
1074
584
635
693
715
1024
551
628
478
556
908
585
1021
618
631
717
605
948
597
627
640
664
1030
594
606
559
570
947
577
609
630
646
964
601
824
582
620
559
618
1013
600
588
586
584
934
622
959
605
622
631
644
1025
617
613
651
714
976
603
922
616
637
539
600
949
626
632
668
701
1020
610
978
608
625
658
662
1037
597
663
553
594
922
542
592
651
693
1025
594
996
611
616
660
677
1021
608
618
648
699
1032
592
967
589
641
676
705
989
604
651
533
586
979
578
603
615
683
1208
588
605
604
666
685
651
1098
572
672
558
679
906
591
615
617
669
953
575
992
586
650
696
678
1077
676
705
507
601
846
599
967
556
569
710
604
801
604
653
497
576
917
584
994
598
627
645
579
817
588
620
514
669
975
580
575
600
642
1013
585
956
595
646
681
696
1036
570
641
625
672
1000
602
969
583
573
592
583
1008
608
625
647
696
939
589
841
616
654
538
601
992
633
654
619
627
980
584
831
624
619
498
558
973
588
669
585
599
987
587
906
635
619
664
685
962
591
620
564
586
844
577
1054
588
624
693
564
937
554
568
602
655
1002
590
634
529
606
858
599
1049
586
599
602
590
848
566
607
534
567
960
616
626
611
641
1042
593
850
601
642
568
610
953
611
594
601
628
945
633
851
618
644
547
612
803
551
1044
606
624
651
585
815
632
658
564
605
852
587
987
584
614
596
654
965
585
658
618
644
956
569
948
654
638
680
713
995
615
629
696
720
1000
604
821
611
676
594
592
879
598
633
656
686
1022
596
802
588
655
566
597
794
582
993
586
625
789
580
783
595
644
506
572
844
598
990
609
659
726
743
972
617
646
537
609
790
572
1006
568
601
725
599
843
602
654
514
587
852
586
1013
585
632
718
585
891
602
649
526
599
1003
597
617
501
557
836
571
1194
590
614
701
607
936
599
639
674
633
1007
578
647
531
589
860
601
983
583
608
735
588
912
582
599
655
672
1037
571
587
555
601
896
603
999
596
627
704
590
850
602
609
560
621
956
563
623
600
616
956
588
1027
553
568
695
567
894
593
604
642
577
983
596
587
596
579
790
553
1012
584
667
680
686
1063
597
627
528
569
803
590
1044
586
617
767
582
798
602
599
534
584
965
575
600
624
676
1003
585
847
615
635
518
557
843
565
981
598
3862
1200
1365
1381
1198
948
1059
1323
1301
848
873
835
882
858
902
881
900
640
838
741
715
945
722
725
735
752
708
706
729
732
735
743
744
553
770
748
759
736
741
740
737
747
720
746
855
781
743
735
755
764
734
944
2151
1362
1577
1609
1809
632
622
604
659
681
731
797
872
900
958
999
1096
1188
1104
1102
1147
1192
543
565
652
770
736
722
719
740
681
688
718
739
748
803
864
751
805
862
946
1001
1030
1061
1130
1190
1263
1317
1345
1260
1271
1274
1272
1291
1361
1432
1435
1450
1472
1508
1563
1607
1628
1708
1708
1739
1753
1809
1862
1946
1997
2042
2122
2147
2163
2169
2193
2283
2369
2408
2449
2494
2534
2574
2620
2624
