5205
5271
5324
5372
5395
5420
5437
3266
3271
5567
2297
2320
2329
2363
2392
862
1944
1924
1962
2008
851
1215
1246
964
890
827
867
833
849
814
848
801
854
2924
2133
1563
1125
1081
1105
5437
5500
5527
5454
5488
5509
5527
5558
5567
5639
4841
4676
4667
4631
4624
4620
4634
4641
4650
4661
4697
4716
4810
4838
4898
4887
4894
4970
5002
5060
5095
4537
4581
4666
4568
4393
4287
4261
3687
3680
3727
3747
3925
3974
3940
4084
4113
4169
4198
4202
4200
4233
3834
3825
3877
3983
4066
4100
4177
4215
4256
4355
4381
4303
4294
4320
4332
4342
3821
3856
3867
3896
4011
3995
3981
3974
3988
3996
4052
4146
4165
4165
4161
4132
4126
4149
4169
4209
4240
4296
4372
4474
4537
4605
4653
4750
4712
4688
4704
4702
4733
4754
4812
4873
4869
4869
4896
4942
5019
5064
5111
5145
5161
5183
5210
5261
5315
5422
5500
5500
5530
5553
5571
5584
5592
5622
5631
5701
5699
5705
5712
5713
5740
5750
5752
5769
5804
5842
5895
5919
5940
5973
6002
6057
6075
6085
6114
6147
6205
6273
6312
6378
6370
6368
6396
6400
6411
6435
6460
6481
6501
6522
6546
6568
6586
6622
6676
6717
6764
6821
6853
6889
6898
6973
6875
6943
6970
7017
7041
7084
7135
7188
7207
7252
7295
7350
7386
7454
7514
7589
7635
7674
7688
7741
7736
7744
7771
7810
7811
7817
7857
7892
7935
7964
8001
8015
8018
8057
8101
8136
7999
8034
7779
7848
7903
7554
7611
7111
7141
7207
7054
7062
6737
6711
6546
6567
6562
6181
6204
6178
6189
6225
5754
5756
5487
5459
5292
5326
5342
4969
4993
4958
4960
5005
4575
4637
4367
4365
4146
4161
4162
3877
3886
3408
3434
3452
3329
3352
3119
3135
2902
2922
2967
2724
2755
2305
2272
2289
2328
2353
1919
1898
1894
1945
1987
1569
1569
883
854
885
898
901
824
834
887
923
983
623
898
610
639
573
609
914
598
641
643
690
963
610
779
591
627
505
598
823
596
1020
589
655
808
603
827
596
613
526
572
798
588
992
594
627
645
694
859
604
600
533
600
858
657
1033
575
572
655
573
788
585
631
525
592
790
614
1048
589
618
660
633
816
596
642
560
570
910
593
642
574
593
812
595
1069
614
637
707
587
867
558
604
691
708
1058
593
637
588
617
824
595
939
564
569
723
601
921
572
586
610
646
1006
590
628
581
602
828
606
1005
579
584
647
573
772
602
666
547
555
892
586
649
642
670
1020
589
981
600
663
744
583
910
576
621
683
660
1019
603
647
499
556
839
583
988
605
668
709
716
1097
599
664
565
630
889
585
1069
594
593
641
572
838
589
616
550
577
885
582
645
661
705
1020
610
786
590
610
545
598
820
620
1036
615
606
677
599
782
610
671
562
599
905
618
636
668
714
829
576
965
584
590
613
654
906
583
806
605
612
550
593
863
613
1016
629
643
667
706
929
615
1078
595
627
672
714
984
577
621
645
686
975
564
791
579
655
537
587
830
576
993
620
650
664
692
971
590
625
680
727
989
581
799
574
645
540
596
941
598
627
672
693
969
590
788
584
625
559
585
976
586
621
638
691
978
600
848
583
598
564
602
843
588
922
588
628
751
583
805
565
622
531
612
857
616
811
600
645
499
566
874
614
966
575
601
654
694
968
585
607
641
699
898
589
979
599
629
674
724
864
600
994
603
595
597
620
865
595
804
570
576
513
569
803
580
986
547
553
599
643
970
568
622
665
739
900
565
1014
561
568
579
600
912
546
786
567
586
537
564
817
581
834
589
618
557
602
844
577
953
554
561
602
632
901
594
575
620
683
996
575
707
570
616
577
569
958
572
836
575
602
565
613
860
579
953
602
593
633
673
1030
600
611
510
601
894
607
962
604
633
669
670
906
589
804
587
580
566
578
815
629
840
626
641
554
590
812
595
1015
601
602
597
619
799
587
967
586
595
615
617
993
684
697
676
729
941
581
912
577
577
553
564
851
617
859
608
628
531
563
800
598
828
584
635
567
600
807
602
977
612
664
706
762
847
606
982
610
683
735
754
1025
606
647
705
770
852
589
977
582
618
630
652
945
589
818
602
637
521
600
804
582
1002
570
604
675
746
989
579
603
620
646
886
618
1007
592
630
543
563
832
589
826
602
595
561
633
982
566
603
646
676
973
563
986
593
632
738
579
996
593
617
665
601
1080
600
670
693
554
922
596
645
739
723
1127
639
661
548
616
1006
610
637
503
561
976
618
675
668
727
1037
601
971
595
627
703
572
947
578
625
682
584
961
550
627
777
603
1146
1697
2027
1304
2185
1915
893
672
1738
664
2070
887
752
696
629
703
763
1774
10670
4060
2965
1985
4122
3384
3463
3396
791
630
721
7664
5989
5955
5982
4274
4221
2880
2829
2810
1439
1416
966
2682
3163
2916
2934
1352
2004
589
596
585
571
599
601
644
681
699
735
748
724
752
825
870
937
989
1045
1051
1051
1093
1142
1202
1219
1240
1268
1283
1253
1293
1342
1397
1463
1517
1597
1638
1700
1762
1795
1848
1890
1934
1993
2058
2105
2137
2185
2234
2304
2332
2386
