3218
1280
1186
963
1078
1085
1635
1577
1062
1150
990
881
1473
1785
1343
998
947
874
946
941
802
1336
867
1048
1065
1187
1202
1156
1062
992
1916
954
908
835
1050
762
1114
886
1152
1558
995
848
755
1076
1000
1834
1277
1520
1017
1196
1069
1047
1584
1171
1044
1498
1376
1207
1531
2537
742
1329
1197
1256
1432
1086
1057
1325
1233
1317
1398
1413
1183
1136
1150
1192
1011
1198
1230
939
1097
2470
2543
1186
1448
1167
1197
1143
1135
1193
1009
1099
1267
1898
1287
1318
1133
1078
1760
907
946
2093
1199
1117
1310
1476
1129
828
1337
1074
2665
2804
1109
1232
1944
1768
1535
1000
993
976
1204
2329
1125
1093
1462
1402
7056
1425
1242
3523
1556
1843
1344
2748
1363
1665
1745
1336
1399
1757
2152
1314
1129
1606
1767
1614
2129
1340
3181
1335
1547
1664
1938
1271
1241
1381
1311
1741
924
996
905
977
1219
1360
1466
1084
1013
1006
1086
1030
982
1071
2372
1112
1121
1992
1346
822
1139
1711
1156
977
900
925
705
1647
2842
1986
794
722
890
782
1423
756
754
711
701
1239
1110
750
634
685
682
1235
780
656
647
1466
800
1766
748
671
675
658
1046
1281
715
1618
757
728
683
860
664
651
752
670
736
1425
1059
672
674
664
754
1296
676
632
654
837
792
1696
756
770
642
700
806
1274
1016
733
767
1180
1180
784
1727
812
1188
752
1061
1126
1067
1111
2564
916
655
1106
1140
1048
1507
845
830
846
974
1162
1429
2304
801
1044
842
920
959
1121
1317
1954
1000
1255
850
1683
920
2085
724
1486
856
788
841
1198
1076
910
930
1379
1376
1950
1137
1251
670
674
650
1059
1226
1469
819
911
749
887
646
1328
915
678
881
818
913
942
653
1219
597
640
636
756
1038
1379
1162
915
856
686
649
901
1120
606
626
593
1477
1776
1769
606
853
939
824
903
1097
1069
660
626
820
774
1162
824
597
894
889
627
648
1474
661
599
619
628
860
1362
1113
739
768
760
681
774
2559
2055
910
853
646
595
629
1130
618
1055
651
601
739
1291
1534
758
690
632
669
857
1035
731
687
690
670
624
1076
1387
653
695
636
771
634
1602
696
614
690
627
646
1022
610
621
983
1088
1263
1068
952
1017
1061
1020
780
693
901
1144
3401
1107
1006
753
1016
676
656
1181
901
851
704
633
696
1132
610
949
608
830
1054
673
854
852
830
776
891
694
914
659
673
624
930
826
903
712
617
647
691
845
690
613
616
647
1098
677
644
848
633
1089
645
815
647
830
882
986
677
815
618
836
1102
647
673
880
1000
1065
1647
990
690
837
978
639
856
837
824
1007
665
781
992
1240
756
1226
1519
1022
885
608
1280
1213
1377
711
612
639
679
1248
987
918
1758
2167
1185
1610
1072
725
770
1562
1233
978
1917
761
785
790
916
1437
958
785
1164
748
1120
1365
1584
1061
780
744
1252
990
1024
824
724
693
1070
659
1048
733
850
662
712
632
1344
810
636
1031
665
1479
838
622
651
667
771
924
1364
624
832
763
741
1221
1590
617
906
671
811
1622
938
837
716
667
658
810
769
668
605
652
825
1575
974
798
685
814
1202
1017
983
1397
2077
1077
762
613
608
652
641
616
1293
617
847
1094
720
785
1440
645
643
1551
856
1278
2019
1006
866
1000
759
881
938
607
607
1106
1338
1147
1856
728
1123
729
861
837
1375
1228
791
700
1486
1477
635
626
650
1360
1039
1016
910
1379
1343
966
1305
2225
883
1597
755
690
646
895
1191
904
1016
972
1862
1706
1155
909
982
1107
1387
1039
1184
1057
1575
1436
904
1396
1462
803
761
715
797
1343
1084
815
1469
1490
1502
1252
1310
1381
826
2879
1012
827
712
1988
934
821
1001
1516
1093
1087
847
2116
1107
850
997
863
1998
1604
1367
915
760
1448
1086
1776
813
860
681
841
901
705
1843
848
743
658
888
719
865
666
925
1063
832
1474
958
662
630
663
912
861
860
1979
1410
1005
699
641
658
1967
833
695
621
653
1278
887
859
798
734
640
864
626
883
730
660
1358
1054
926
1394
644
650
759
680
643
1272
1076
795
2120
653
600
856
678
1334
661
681
612
882
607
605
631
628
741
670
609
1247
695
886
1059
751
986
679
1931
680
1113
658
835
1356
1401
1770
705
1023
700
948
1218
1044
967
1440
1092
821
974
786
1576
918
1102
987
1039
974
984
992
963
1064
948
1954
1541
1385
929
848
803
705
1341
1717
1193
1329
720
639
667
1119
1405
706
677
661
798
1235
2207
1053
1087
767
731
1000
1213
2113
1040
976
930
906
1069
1574
1331
1110
694
698
1400
1262
1936
1247
1156
1092
665
1141
1041
1139
672
610
687
1055
1620
796
649
1288
993
883
926
1185
999
1119
918
1386
1197
995
703
1133
1389
1229
1658
1078
766
622
3106
1547
716
707
1099
653
1662
637
691
777
703
854
1118
848
632
631
918
628
879
1024
643
669
800
901
826
619
625
586
897
856
790
633
636
604
830
829
638
720
641
598
843
854
716
834
833
970
693
1007
605
849
984
614
969
646
955
640
748
636
893
846
720
730
889
704
603
1003
636
657
729
620
657
1020
611
957
605
998
600
963
663
637
599
591
612
675
653
701
615
