3887
4047
4072
4111
4104
2447
2299
2269
2161
2174
2154
2751
1397
7473
1286
5085
992
3196
1148
874
863
827
655
635
636
697
694
631
631
662
702
758
787
859
926
967
1034
1070
1144
1220
1310
1353
726
713
749
821
1309
625
687
701
710
728
770
808
847
861
929
969
1015
1058
1105
1164
1197
730
654
5115
674
622
659
601
586
595
609
588
602
629
574
596
611
585
632
722
695
701
703
724
712
750
782
897
790
794
818
830
872
924
960
1002
1035
1071
1111
1137
1216
1250
1295
1367
1413
1443
1485
1552
1617
1712
1763
1800
1837
1855
1893
1953
2031
2100
2154
2224
2277
2328
2361
2453
2506
2557
2599
2668
2689
2728
2747
2767
2783
2808
2833
2908
2979
3042
3114
3204
3267
3308
3355
3398
3495
3530
3595
3643
3670
3721
3771
3758
3799
3814
3836
3867
3924
3947
3972
4006
4050
4079
4117
4163
4214
4246
4294
4312
4326
4383
4460
4527
4579
4630
4676
4715
4826
4856
4865
4865
4908
4941
4960
4953
4993
4991
5048
5087
5129
5208
5261
5306
5352
5389
5451
5519
5580
5634
5670
5735
5771
5812
5814
5853
5901
5931
5988
6062
6132
6205
6279
6341
6443
6507
6570
6617
6656
6714
6763
6811
6870
6914
6965
6997
7046
7063
7070
7091
7083
7119
7165
7188
7234
7171
7199
6838
6836
6666
6715
6499
6390
6397
6267
6307
6359
5906
5950
5636
5634
5451
5460
5488
5220
5256
4949
4983
4788
4849
4884
4399
4394
4348
4362
4406
3929
3907
3512
3527
3528
3556
3530
3092
3102
3078
3147
3189
2709
2716
2488
2484
2286
2308
2347
1955
2006
1921
1948
1940
1497
1529
1123
1108
1112
936
975
734
780
532
567
918
607
678
645
696
1054
585
974
573
632
744
623
807
583
641
546
589
803
586
1032
568
568
607
667
1052
583
644
508
567
873
569
968
575
599
622
628
865
563
596
525
598
819
610
986
600
665
709
562
882
576
623
557
553
993
612
671
646
696
1014
601
942
597
608
682
597
930
584
607
547
599
839
619
1003
614
655
716
724
1004
578
606
510
559
1050
591
590
590
622
938
590
794
597
613
559
592
952
595
604
612
628
952
571
851
583
618
567
634
939
648
628
630
660
941
581
801
585
593
537
577
1144
583
1131
598
622
638
654
947
584
648
688
735
998
608
999
580
577
601
585
914
580
601
551
573
777
615
1041
613
614
638
562
800
598
638
475
560
1112
605
1150
621
638
687
539
784
574
632
559
580
959
605
608
559
567
777
564
1018
589
603
659
691
961
610
626
666
694
1008
578
990
620
668
733
639
1017
576
593
566
577
783
621
1059
601
621
664
718
1006
603
623
519
553
928
581
577
618
642
988
606
817
592
596
541
569
911
593
669
608
630
1031
596
930
592
631
625
605
995
575
600
589
595
797
604
1000
608
638
732
610
801
611
601
545
572
837
583
952
607
641
736
726
982
617
639
537
581
820
586
1104
597
611
649
694
1010
626
683
560
603
873
592
997
592
616
698
603
877
611
628
512
570
962
603
659
600
670
1253
798
859
570
645
990
548
596
686
735
687
715
998
537
797
570
574
512
579
787
552
954
577
592
516
596
818
587
1052
584
603
699
572
827
569
591
540
577
843
581
1014
560
574
578
594
940
560
589
554
636
852
625
882
625
647
529
604
821
634
1065
602
631
676
739
1023
601
704
669
696
1019
578
831
591
630
554
564
781
581
796
581
599
650
582
686
586
932
582
611
559
567
791
618
1048
601
610
618
644
702
566
1014
611
655
693
678
1051
598
614
626
659
955
593
784
597
630
638
676
829
624
1064
615
622
621
642
947
583
789
586
630
618
650
1025
607
807
598
585
593
646
1000
579
811
588
625
514
559
814
576
992
593
631
695
671
988
587
603
612
678
1061
548
805
597
630
520
563
817
563
1037
589
620
725
595
826
584
612
514
609
829
585
991
575
596
597
628
974
579
587
649
689
1017
586
819
597
615
562
613
893
597
1013
583
590
591
614
942
587
589
599
610
914
627
835
610
645
524
563
841
576
1037
624
689
738
659
1061
601
619
646
676
988
580
827
587
624
563
620
851
580
1005
616
651
695
738
966
612
983
600
621
674
734
1028
595
603
658
687
1027
587
811
611
663
507
594
903
606
878
604
620
552
613
954
598
601
630
672
1019
586
831
596
592
572
598
876
594
822
586
583
536
612
885
600
952
602
601
593
620
905
589
602
611
636
914
620
7047
1196
1347
926
1198
1350
1533
1183
4569
4016
4417
4416
4439
4473
4500
4513
3737
683
862
731
766
744
718
702
734
724
752
700
740
755
745
705
742
704
813
731
714
721
732
716
735
748
707
748
729
739
713
745
1660
883
755
860
1289
1313
1550
1000
1594
2233
2805
4061
4652
4958
4988
5138
5227
5337
5408
5394
5380
5373
5720
709
663
668
594
656
627
679
963
1019
919
926
970
972
952
936
997
1033
1009
602
623
610
635
643
661
665
642
647
689
692
584
659
730
786
824
831
967
1077
1026
1040
987
1007
