4052
4078
4100
4135
4154
4146
4057
4065
4082
4110
4086
4104
3960
4030
4139
3683
3629
3237
3205
3234
2474
2466
2149
2163
2241
2176
2214
1742
1752
1181
1159
1257
582
807
623
624
545
583
802
612
10271
3929
3753
1804
1460
723
1238
1572
728
723
733
627
910
1251
632
1102
935
870
1134
4552
1201
1246
1131
1156
1649
1686
1575
1532
1512
1525
1553
1564
1583
1617
1678
1693
1726
1675
4151
4276
4487
4388
4539
4414
4764
4381
4745
4652
4413
4300
4163
4178
4148
4112
4066
4002
4133
4183
4188
4235
4323
4332
4357
5670
5642
5703
5774
5830
5665
5673
5851
1065
1101
1057
986
971
1010
996
1041
1153
1168
1191
1264
1364
1376
1355
1371
1473
1537
1240
1229
1262
1245
1146
1055
927
697
552
920
927
786
679
968
945
619
633
951
974
922
962
961
984
995
1017
1060
640
692
735
751
5163
763
618
591
608
626
689
703
939
1000
1050
1067
1109
1134
1213
1258
845
817
840
861
883
952
5833
887
621
561
594
607
1448
1492
1316
1338
958
1026
645
702
723
745
774
6412
6496
6304
6301
6283
6187
5840
5879
5895
5551
5391
5223
5255
5350
5403
5494
5518
5528
5510
5508
5505
5571
7232
6855
6872
6948
6991
7034
7111
7187
7237
7182
7115
7010
6834
6754
6786
6486
6499
6541
6614
6719
6843
6924
6948
6961
6958
6159
6179
7885
7879
7651
7699
7713
7737
7778
7814
7839
7900
7941
7924
7875
7824
7692
7609
7684
7693
7703
7737
7796
7874
7901
7926
7964
8002
8084
8134
8158
8212
7706
7747
7590
7576
7574
7584
7631
7727
7737
7774
7784
7878
7929
8026
6148
6060
6113
6143
6143
6215
6236
6302
6288
6324
6385
6446
6434
6447
6324
5999
5989
6012
6071
6128
6205
6319
6415
6464
6500
6519
6582
6606
6573
6573
6358
6209
5887
5908
5991
6020
6075
6162
6202
6257
6283
6304
6327
6343
6416
5687
5520
5520
5495
5464
5517
5598
5610
5656
5698
5706
5725
5778
5744
5724
5737
4980
4944
4931
4996
5102
5101
5122
5160
5180
5200
5218
5262
4282
4298
4260
4250
4297
4286
4344
4465
4506
4569
4620
4642
4719
4820
2594
2563
2583
2597
2594
2605
2617
2636
2712
2751
2797
2815
2781
2796
2852
2730
2787
2759
2680
2732
2640
2652
2639
2585
2624
2731
2803
2823
2827
1547
1174
1192
1195
1210
1259
1264
1297
1313
1288
1341
1351
1359
1363
1406
1467
1531
1624
1644
1669
1657
1690
1776
1804
1910
1942
1589
1982
1065
997
1103
1129
1114
1127
1144
1159
1180
1247
1266
1311
1348
1412
1449
1496
1554
1629
1649
1748
1756
1022
1093
1189
1187
1219
1206
1214
1249
1219
1225
1110
824
830
895
951
1007
1059
1146
1197
1273
1309
1350
1373
1430
1465
1569
1664
1737
1748
1723
1855
1282
1327
1370
1293
1307
1026
1119
2013
1122
907
915
927
986
1109
1173
1100
1108
1101
1144
702
794
769
849
1005
633
1265
1072
968
845
868
908
639
876
996
941
740
860
578
599
1462
1042
1011
1048
1042
1073
740
826
774
658
637
605
2652
2583
2549
2593
2433
2372
2418
2400
2327
2299
2322
2334
2333
2356
2402
2419
2434
2528
2585
2762
2786
2910
2332
2273
2283
2226
2235
2230
2219
2315
2338
2338
2288
2249
2304
2285
1968
1924
1979
2015
2046
2080
2094
2118
2104
2123
2176
2211
2230
2312
2363
2366
2369
2050
2037
2099
2109
2142
1605
1578
2887
1520
929
934
953
955
953
1001
1043
1087
1092
1151
1183
1218
1545
1614
1648
1650
1720
861
966
867
891
957
662
1550
1161
1489
929
956
996
985
1023
842
892
910
860
988
564
653
1023
967
979
706
822
612
651
1349
609
973
1163
1951
1862
1599
1528
1506
1539
1394
1521
1355
1326
1392
1039
1050
1078
1138
1319
601
874
598
657
661
1442
617
622
660
1216
1538
1149
1155
1030
1000
1011
1036
967
938
766
820
947
592
735
570
549
809
554
612
601
668
2202
944
978
997
867
730
610
532
574
594
654
731
745
663
726
746
642
1069
805
766
624
661
966
598
587
535
557
791
752
1153
2738
2458
2380
2344
2351
2273
2325
1949
1934
1962
1579
1636
1772
1814
1477
1300
1316
1125
1160
922
1003
1036
810
1003
951
1217
1255
985
983
1463
634
722
723
745
768
789
797
826
1119
958
961
872
930
964
946
1077
564
610
514
585
1946
1015
1030
1034
1020
1031
1102
1036
901
884
724
748
843
629
1026
567
574
684
565
748
588
616
530
577
907
522
609
1145
667
673
1204
614
662
641
665
691
962
592
631
563
576
810
604
1006
620
674
676
607
848
575
604
622
595
1197
1017
943
762
831
573
602
755
597
594
543
626
880
586
1025
567
616
746
556
765
584
640
512
926
9222
1306
1055
1752
1095
1782
1502
1171
1254
1183
1185
1280
14943
4176
2400
3603
1726
1270
1186
1177
6086
982
916
775
671
568
503
782
1056
943
837
763
1346
1261
1090
1004
923
839
733
691
599
507
881
905
755
1280
1185
1047
949
862
773
696
596
2363
2283
2149
2708
2717
2629
2528
2368
2284
2188
2075
1973
1867
1749
1666
1547
1457
2180
2127
2015
1852
1758
1667
2300
4482
4427
4348
4272
4211
4146
4053
4004
3951
3834
3739
3721
3710
3703
3681
3572
3474
3300
3196
3169
3189
3068
2971
2972
2977
2993
3017
3089
3093
3161
3216
3271
3300
3316
2608
1853
2127
2021
1903
1762
1431
1333
1269
1191
769
926
591
606
627
645
673
717
778
819
852
907
1000
1147
1172
1589
4126
675
2066
1893
2063
1960
1827
1679
1645
1618
