3585
2751
2015
1500
1285
993
996
1002
898
946
902
937
1256
1281
1694
995
1070
1191
1129
1014
925
980
906
911
1038
949
9025
1030
1264
1495
1763
2545
3367
3929
4490
5139
5710
6385
6710
6355
5993
5928
5843
5723
5585
5478
5363
5192
4945
4658
3945
3207
2394
1645
1471
1462
1484
1491
1281
1068
992
1350
2160
2930
3711
4436
5117
5821
6617
6383
5685
4909
4342
3733
3073
2627
2391
2147
2004
1998
2721
3453
4200
4986
5743
6446
6914
6927
12880
3875
1897
2769
3379
3186
3126
2933
2793
2044
1486
1255
1225
1330
965
943
1103
1149
972
849
921
950
1089
983
987
1014
1110
1301
1334
1323
1312
1318
1460
1281
1832
2711
3521
4339
5192
5057
4877
4687
4473
4260
4216
4019
3439
2798
2195
1608
1250
901
1662
2501
3493
4388
5253
6012
6300
5974
5773
5599
5483
5361
4887
4288
3654
3068
2508
1946
1635
1306
1127
949
1065
1033
950
953
999
1087
1280
1264
1509
1444
1316
1045
947
1029
935
1329
1404
1264
1236
1130
5646
1422
4721
1760
2430
2769
3004
3260
3554
3761
4529
4710
5126
4627
3853
3257
3140
2788
2474
2172
1980
1942
1848
1701
1457
1417
1339
1329
1316
1349
1244
1012
1254
1628
2490
3386
4312
5290
5358
5285
5151
5099
5054
5046
4979
4915
4841
4787
4835
4820
4721
4672
4623
4521
4397
4338
4267
4229
4182
4125
4109
4035
3968
3923
3835
3788
3721
3624
3556
3521
3463
3465
3426
3288
3222
3086
3064
3090
3033
2968
2889
2791
2766
2738
2690
2594
2552
2492
2481
2460
2384
2302
2240
2214
2204
2196
2120
1981
1908
1934
1932
1949
1897
1904
1890
1872
1897
1777
1756
1678
1651
1624
1575
1558
1544
1556
1585
1707
1796
1593
1466
1496
1564
1657
1991
2099
1980
1779
1561
1253
1323
1307
1287
1313
1125
1102
1024
1161
1200
1154
1137
1158
1114
1095
1027
1032
980
936
945
892
833
813
789
818
830
881
1016
1139
1254
1111
1040
993
939
889
835
771
850
834
853
953
1060
1177
1217
1163
1101
1051
964
917
865
898
839
781
830
963
1072
1246
1208
1221
1216
1226
1234
1156
1167
1099
1046
1003
959
906
857
828
767
910
949
930
1102
1286
1292
1266
1292
1294
1317
1338
1348
1314
1538
1162
1192
1165
1156
1207
1437
1196
924
1246
1469
1501
1553
1637
1657
1653
1633
1625
1616
1636
1432
1614
1148
1209
1387
1213
1205
1184
941
1137
1420
1446
1452
1439
1439
1476
1510
1504
1526
1440
1450
980
975
1186
799
1463
992
1152
1341
1299
1815
1177
1158
1191
1212
1175
1173
1130
912
1105
1304
1408
1300
1180
1185
1183
1222
1284
1322
1326
1337
1368
1154
1157
1311
751
1477
997
1086
1281
1363
1286
1266
1275
1032
948
1069
1151
1136
1048
1031
1029
1050
1122
1182
1232
1252
1279
1328
1308
1644
880
1217
1077
1074
1165
1141
1188
1177
1171
1218
1174
995
1157
1468
1600
1623
1554
1507
1519
1517
1519
1497
1496
1521
1262
1608
779
790
1099
929
1233
881
896
17044
1248
1337
1234
1124
1114
1119
1150
1443
1279
1298
1209
1172
1135
1231
1176
1283
1288
1167
1309
1045
896
893
984
985
925
804
794
779
764
776
837
780
920
1023
967
935
841
824
940
998
957
864
810
759
771
819
829
897
1124
1153
1127
1058
983
940
883
825
885
797
754
834
952
1040
969
1344
2152
3106
4017
4940
5915
7032
8180
9229
10305
11293
12192
13057
13993
14844
15751
16405
13962
13853
13847
13835
13848
13786
13365
12940
12515
11621
11040
10446
10348
10274
10204
10037
10003
9950
9872
9869
9801
9767
9717
9611
9556
9445
9311
9244
8313
8140
8018
7917
7797
7677
7348
6626
6020
5427
4911
4460
4259
4242
4224
4229
4214
4199
4192
4094
4088
4044
3968
3869
3803
3735
3659
3562
3562
3553
3542
3467
3390
3382
3290
3201
3130
3047
2949
2950
2894
2863
2809
2709
2707
2656
2592
2547
2341
2241
2209
2140
2094
2028
1934
1696
1719
1129
1096
1287
1288
1264
1312
1361
1519
984
1027
1150
1218
1130
1021
972
922
890
812
779
769
776
923
738
816
774
809
1620
836
1657
1339
1291
1325
1229
1220
1639
2174
2857
3768
4717
5604
6530
6902
6917
6895
6905
6800
6765
6737
6694
6712
6725
6710
6646
6329
6256
6200
5777
5691
4909
4318
3612
2971
2377
1701
1120
949
878
839
823
808
904
973
977
999
925
912
904
894
840
817
799
1129
889
1005
1095
1000
1773
1293
1311
1286
1335
962
914
1056
1160
1126
1056
947
883
821
896
804
769
895
970
1191
1131
1134
1150
1132
1184
1099
1098
1090
1068
1045
1218
1134
1053
1051
1168
1093
1075
1169
1172
1257
1135
1276
1117
1207
1236
1339
1257
1127
1163
1086
1079
984
1040
1151
1216
1182
1163
1073
983
974
916
857
843
1610
2474
3421
4225
5129
6044
6966
7919
8853
9794
10748
11756
12718
12717
12771
12856
13034
13127
13246
13332
13426
13509
13337
13405
13101
13109
13062
12621
12574
11270
10603
10063
9506
9057
8442
7826
7311
6715
6211
5591
5047
4999
5003
5008
4990
4933
4849
4817
4766
4727
4724
4687
4681
4686
4674
4771
4793
4772
4777
4709
4648
4592
4133
3944
3832
3783
3743
2675
2219
1751
1225
1158
939
787
925
938
840
868
839
779
1111
1198
2140
2500
2785
3157
3449
3830
3569
3175
2614
2285
2307
2312
2235
2156
2003
1930
2000
2926
3839
4708
5697
6741
7665
8597
8858
8841
8840
8184
8134
7950
7876
7541
6936
6315
5660
5233
4690
4244
3817
3814
3778
3708
3654
3610
3515
3462
3467
3420
3375
3355
3280
3221
3178
2455
2395
1912
1869
1400
1329
1451
1211
1173
1166
1164
1267
1275
934
1046
1220
1088
1017
1011
995
