4038
4065
3783
3836
1379
3657
9923
2460
675
561
562
585
629
687
756
5936
6062
6105
6104
6125
6139
6159
6223
6263
6337
6333
5356
5269
5209
5215
5191
5206
5222
5264
5344
4684
4704
4725
4771
4783
4784
4779
4822
4806
4811
4799
4670
4707
4755
4756
4802
4752
4711
4732
4760
4794
4801
4838
4846
4911
4774
4468
4477
4154
3863
3648
3676
3837
3859
3904
3954
4062
4092
4094
4103
4116
4112
4147
4168
4192
4254
4327
4354
4416
4501
4535
4603
4579
4656
4717
4761
4813
4880
4931
5003
5063
5090
5156
5192
5235
5290
5374
5431
5466
5506
5509
5526
5548
5619
5680
5744
5794
5838
5888
5888
5932
5946
6019
6101
6148
6215
6209
6212
6217
6245
6312
6377
6395
6452
6433
6436
6440
6449
6481
6482
6493
6220
6235
6042
6038
6069
5622
5639
5585
5572
5567
5202
5219
4755
4789
4774
4782
4802
4365
4362
4201
4180
4215
3721
3669
3634
3664
3713
3375
3348
2924
2914
2891
2909
2896
2484
2450
2357
2331
2320
1974
1966
1533
1575
1602
1522
1542
1259
1282
1040
1070
1129
697
705
695
715
977
577
933
573
561
670
565
812
624
610
534
572
930
576
599
604
624
965
566
948
577
623
660
617
980
600
624
510
554
831
567
1058
589
650
696
556
803
588
595
523
631
1096
582
609
514
589
903
571
980
557
587
721
571
1021
610
629
659
673
1003
628
645
670
706
1074
569
1092
554
556
572
582
932
582
596
558
572
928
533
551
617
628
1013
556
904
599
657
655
673
992
593
625
532
583
783
587
1089
582
605
763
583
790
562
561
555
561
808
603
1016
586
596
693
605
943
544
576
610
636
1050
574
601
538
573
823
624
977
590
599
681
624
826
585
578
545
610
920
595
659
611
671
1098
605
930
628
621
716
586
881
604
629
545
592
856
590
1030
1017
612
611
609
639
665
689
579
634
850
617
1050
595
665
903
597
912
615
636
674
700
1021
568
589
551
584
781
576
1031
571
579
665
602
842
604
619
519
610
1002
605
593
603
625
964
612
799
593
589
570
613
916
607
676
631
653
975
576
768
555
600
562
576
915
557
566
609
678
996
582
939
572
612
684
693
1065
602
630
553
602
825
592
981
572
576
704
584
979
554
552
545
580
1007
552
566
584
599
912
584
951
563
584
591
578
991
583
592
590
640
915
581
962
571
597
605
593
937
615
642
577
590
791
555
990
616
649
649
580
832
574
665
529
594
796
555
1068
598
613
681
592
915
573
594
675
693
1053
612
658
524
569
1051
595
597
629
638
995
611
937
636
653
676
709
1026
589
561
570
611
1006
587
604
615
639
1002
601
950
610
628
679
705
975
594
627
492
592
982
596
594
608
615
922
589
918
581
602
687
706
1029
614
668
543
620
1165
890
1006
608
619
698
588
905
573
641
705
711
1176
630
660
553
557
830
632
1027
602
642
663
677
1004
636
658
572
620
831
588
1074
584
592
600
600
850
595
634
531
579
799
590
981
614
662
698
668
977
530
538
536
579
853
596
923
614
678
744
592
812
608
611
627
641
915
614
823
586
608
545
611
840
601
921
637
667
765
613
783
569
584
630
704
1021
636
846
627
682
601
602
790
599
865
596
609
547
592
871
605
944
589
623
629
665
968
601
608
645
733
903
580
997
607
625
706
723
838
621
986
602
683
675
682
988
607
828
624
692
631
626
932
580
788
626
633
544
616
814
599
926
619
662
537
589
819
598
1003
580
606
598
613
934
585
640
685
763
983
622
1079
604
596
613
655
836
636
1026
604
630
678
696
754
653
1087
594
613
637
661
792
599
964
635
680
727
772
854
615
991
617
661
675
704
1039
592
801
619
627
661
723
870
633
1421
1008
988
1005
994
1012
639
812
579
596
549
675
671
610
864
631
679
531
557
796
611
867
597
653
510
592
851
606
965
610
639
569
637
811
627
1084
584
597
606
619
784
591
990
607
649
673
560
911
657
712
633
686
1073
635
879
617
630
560
608
794
593
854
645
684
512
561
955
605
633
619
654
1030
596
846
619
642
547
596
793
615
1016
564
630
680
603
1008
609
599
619
628
898
571
852
586
611
539
570
846
598
982
588
616
573
645
840
623
984
566
577
610
634
989
616
639
664
722
1062
595
863
625
656
645
689
1021
637
849
616
638
888
919
1284
1677
2408
1526
1390
1313
1256
935
946
895
916
916
1298
1297
869
927
926
902
658
948
759
754
777
761
782
1837
678
631
655
626
648
637
645
630
693
729
769
820
837
881
926
916
1344
662
653
681
709
724
770
770
746
708
782
657
619
624
692
763
733
780
870
891
907
952
1019
1049
1084
1090
1109
1102
1124
1132
1143
1176
1179
1245
1314
1397
1414
1438
1451
1481
1536
1613
1677
1772
1826
1863
1895
1972
1954
1962
1985
1990
2040
2061
2072
2121
2124
2155
2177
2181
2235
2275
2329
2371
2429
2464
2507
2563
2613
2681
2760
2733
2761
2592
2616
2392
2476
2548
2169
2183
1984
2024
2025
