5232
5287
5564
5645
5739
5712
5736
5665
3803
3752
4159
4986
963
923
893
523
3659
1900
600
594
1185
947
979
1024
1053
1030
1073
1110
1135
1193
1245
1306
1338
1352
1406
1421
1468
1539
1569
1602
1647
896
798
856
888
981
1047
1021
1005
1031
1040
1024
1067
1152
1192
1077
1076
1091
1078
1107
1134
1157
878
862
863
667
714
783
733
1014
676
570
612
649
682
720
744
759
834
914
997
1086
1142
1190
1253
1278
1342
1378
1500
1541
1569
1590
1581
1614
1647
1708
1779
1850
1899
1945
2018
2053
2109
2205
2264
2381
2377
2418
2432
2473
2501
2554
2622
2684
2748
2822
2832
2881
2947
2986
3039
3082
3158
3199
3347
3385
3474
3539
3604
3650
3710
3776
3829
3856
3910
3947
4008
4075
4117
4177
4234
4284
4346
4394
4458
4498
4555
4615
4692
4718
4738
4761
4839
4888
4925
4969
5003
5037
5083
5132
5208
5295
5345
5338
5342
5356
5391
5445
5481
5495
5530
5574
5639
5678
5710
5748
5796
5834
5900
5949
5994
6054
6043
6089
6126
6164
6233
6268
6306
6317
6320
6323
6303
6332
6329
6377
6387
6349
6355
6360
6384
6073
6074
5680
5667
5693
5676
5699
5222
5240
5082
5049
4992
4599
4598
4622
4627
4617
4151
4141
3743
3723
3733
3715
3743
3401
3373
3191
3233
3245
2928
2939
2512
2478
2490
2365
2382
1960
1951
1963
1973
2048
1543
1564
1408
1411
1410
1169
1214
756
796
813
820
1034
629
642
558
585
833
600
999
585
594
622
653
916
577
628
555
600
812
595
1013
589
667
742
730
1044
561
608
536
607
835
594
1041
599
633
745
640
856
607
671
630
688
1030
590
806
587
615
503
578
848
590
1035
610
659
767
603
902
580
589
598
650
1012
600
801
600
623
581
639
835
602
885
607
623
503
574
845
619
1098
589
671
683
695
987
604
613
645
734
919
581
1022
608
638
716
756
894
623
1051
600
631
661
686
982
595
883
611
691
646
686
1004
609
844
592
617
542
620
817
602
990
624
683
543
603
827
599
1023
614
669
687
683
984
614
642
673
702
916
596
1047
608
624
665
739
902
647
1086
618
635
675
693
809
616
1063
622
665
673
683
870
597
1000
620
638
698
712
830
598
971
592
618
657
674
969
568
812
613
660
590
670
923
586
996
631
649
707
711
976
616
816
596
630
566
599
802
592
807
621
685
537
591
810
612
845
591
625
541
593
829
606
903
608
644
565
636
821
607
1039
602
650
685
707
879
637
990
601
628
686
565
876
608
654
608
666
1090
632
812
617
661
518
624
844
633
926
652
697
507
573
1045
596
619
605
663
1030
607
910
594
626
543
604
857
594
952
567
615
660
685
1100
574
592
641
662
1006
586
844
591
611
558
628
877
625
932
590
620
582
591
793
621
1012
572
580
590
593
933
589
611
641
671
981
601
823
632
645
668
665
1013
635
790
621
641
526
599
886
620
939
624
645
547
608
845
618
1006
608
648
691
757
853
617
981
594
641
700
679
1047
608
618
634
654
931
578
818
564
591
584
644
832
583
877
594
719
660
627
663
703
750
801
891
976
966
992
1022
1042
1075
1138
1158
1057
1117
856
861
694
685
811
585
940
608
650
691
767
1089
614
650
642
731
912
590
1031
580
624
654
716
877
594
975
595
625
651
676
1025
553
956
593
626
585
558
926
591
606
605
644
1056
589
619
510
562
985
570
607
638
699
1030
598
982
589
612
675
600
923
633
660
525
605
968
619
694
554
593
818
561
995
618
595
690
606
849
615
654
531
556
958
617
653
518
608
890
613
965
599
611
701
610
850
614
637
555
595
1013
635
659
719
738
978
577
809
606
632
540
544
940
578
584
598
644
944
562
990
599
605
628
605
942
601
682
679
701
1006
611
773
579
589
526
573
944
590
683
637
673
1053
601
922
643
677
688
655
1011
572
644
662
740
1073
577
809
607
637
519
597
1001
576
655
649
694
1022
571
931
577
597
635
611
954
593
601
626
657
996
582
781
569
586
545
598
952
578
571
598
651
974
591
820
602
679
560
621
847
602
978
621
627
673
714
924
613
661
686
727
1039
601
959
608
662
719
727
1104
603
679
721
753
974
641
823
608
625
560
592
1131
618
1059
612
660
682
613
804
624
650
559
603
820
614
985
568
573
669
615
817
606
605
535
596
937
631
618
601
629
973
600
1092
615
610
543
593
915
575
655
657
687
979
612
915
629
650
3406
1434
1379
1068
1842
2048
2032
1636
964
898
843
890
910
908
864
888
670
861
734
770
733
696
770
751
733
733
721
757
727
966
814
766
787
893
1019
892
637
676
702
741
1629
1662
1605
1588
1623
1640
1635
1681
1723
1733
1711
1729
1750
1751
1782
1880
1925
1950
2016
2055
2110
2175
2197
2203
2185
2193
2241
2283
2366
2408
2481
2533
2582
2592
2606
2644
2642
2679
2715
2754
2720
2699
2742
2778
2843
2884
2944
2979
3007
3044
3131
3209
3279
3335
3327
3363
3252
3278
3294
3310
3380
3439
3469
3521
3536
3566
3599
3624
3711
3784
3839
3848
3911
3909
