2421
1596
592
6915
15771
1473
1349
1217
1597
1857
1607
1511
1654
1020
1013
994
966
932
974
941
1158
669
633
672
724
738
717
771
690
764
1027
651
601
661
738
747
764
807
881
950
1025
1090
1127
1157
1194
1251
1344
1403
1479
1616
1874
615
1228
972
1006
988
853
1074
1118
1088
1165
1276
1137
1084
1093
1139
1176
1226
1288
1379
1442
1455
1462
1495
1501
1520
1592
1622
1729
1735
1730
1739
1810
1845
1956
2013
2085
2128
2120
2166
2172
2221
2251
2285
2314
2327
2369
2378
2438
2498
2516
2567
2596
2650
2726
2800
2838
2912
2929
2954
2966
2953
2964
2971
2997
3041
3015
3056
3092
3125
3146
3194
3269
3312
3338
3384
3432
3450
3472
3481
3521
3567
3606
3628
3623
3636
3640
3618
3619
3669
3696
3751
3811
3832
3910
3998
4006
4036
4094
4128
4183
4204
4207
4200
4199
4213
4197
4210
4220
4204
4193
3977
4020
4053
3635
3672
2780
2745
2725
2474
2439
1933
1960
1957
1861
1854
1316
1354
1134
1137
1157
749
1083
571
560
772
588
1019
593
639
669
561
1121
570
622
538
568
938
568
1112
578
579
776
608
917
584
636
540
593
1026
586
614
580
582
1110
580
1027
605
623
790
580
1046
556
597
714
575
1092
580
624
487
581
932
578
1072
584
629
752
586
1087
576
644
539
589
893
580
1135
567
607
855
584
898
594
609
518
616
1049
582
621
542
583
1193
603
871
585
575
537
586
921
565
1070
590
582
770
573
861
570
570
540
616
1050
581
598
553
580
952
579
1079
564
617
556
567
1126
607
903
609
644
571
597
896
596
1079
606
671
714
668
1403
790
585
607
667
726
779
818
615
690
527
600
1081
579
992
601
623
511
579
957
571
1180
608
638
672
603
1203
602
647
578
649
1109
566
969
580
612
492
555
1146
599
624
557
630
1111
566
992
592
633
533
543
1111
585
629
544
595
1085
590
974
614
636
541
588
931
609
1106
589
609
805
590
940
586
601
501
617
986
621
921
599
668
507
580
976
577
1067
581
630
664
611
1126
589
629
513
626
1046
587
1064
602
660
552
651
1003
598
1113
602
645
554
581
1104
567
847
608
598
534
574
858
581
1117
585
620
622
557
1124
595
645
590
611
917
608
1121
582
605
550
544
1072
580
936
612
643
537
606
944
586
956
628
656
553
631
974
617
1090
579
630
650
628
1129
615
659
508
605
1208
602
902
589
608
519
578
1104
590
917
576
652
538
587
861
614
1122
626
602
640
584
1127
613
626
546
589
886
611
1051
599
641
593
611
1092
571
907
564
581
555
598
862
630
963
589
595
543
535
883
595
1093
617
640
712
654
968
597
1037
592
601
629
628
1121
644
650
642
681
1093
568
892
558
574
576
577
870
611
885
593
623
558
575
867
597
877
565
611
497
561
877
561
1071
595
635
671
690
919
602
1100
598
670
681
608
1184
616
686
611
648
910
620
1132
570
646
625
644
1061
633
882
585
567
538
593
922
608
1101
575
596
615
656
1078
613
672
578
638
1023
599
1088
615
647
547
591
894
607
925
604
638
541
592
1027
586
613
500
584
1164
588
991
581
627
829
595
1054
599
613
838
709
660
612
670
741
551
1166
614
630
674
649
1105
625
649
544
597
1045
616
638
550
611
1033
599
670
549
623
1097
587
1072
605
667
918
598
1048
602
617
772
595
1023
601
625
784
612
1068
600
649
678
625
1100
618
664
500
640
1388
939
991
900
919
1087
601
862
648
662
541
610
884
601
1159
589
621
740
573
890
632
629
537
594
1038
596
661
593
601
1098
586
973
595
559
607
555
1076
588
634
588
599
1038
566
1039
576
575
760
554
838
539
595
523
598
1059
572
563
560
567
1069
572
988
543
587
851
553
821
578
584
507
568
1013
572
642
537
548
911
574
1059
569
606
800
566
846
575
640
480
563
953
615
1069
625
652
762
600
895
588
642
502
618
1129
626
654
612
658
1090
627
905
624
638
545
614
1043
594
646
552
614
1076
602
1031
627
678
726
665
1182
639
693
608
652
1103
609
858
586
621
548
615
932
617
1081
617
639
747
620
996
589
618
540
590
885
592
1419
1258
1299
803
2206
2405
1269
963
17298
4788
729
736
753
1253
1160
1172
1206
1272
1335
1385
1467
1461
1504
1514
1517
1524
1549
1581
1601
1628
1639
1702
1713
1747
1768
1794
1831
1859
1899
1999
2105
2199
2302
2328
2413
2488
2538
1961
1980
2044
1984
1997
1982
1966
1941
2149
2178
2214
2264
2252
2281
2260
2150
2203
2299
2350
2421
2524
2567
2581
2629
2663
2707
2750
2818
2869
2911
2965
3020
3106
3127
3169
3240
3288
3357
3409
3443
3479
3510
3545
3582
3590
3596
3626
3673
3739
3789
3826
3866
3889
3932
3963
4038
4080
4131
4180
4257
4311
4371
4412
4482
4550
4573
4609
4624
4648
4697
4750
4766
4797
4823
4857
4869
4920
4978
4978
4968
4952
4964
4958
4960
4985
5043
5076
5089
5153
5158
5168
5188
5217
5221
5245
5272
5287
5346
5386
5441
5514
5546
5554
5575
5593
5645
5702
5747
5802
5816
5824
5896
5951
5943
6002
5850
5864
5919
5719
5704
5150
5197
4928
4954
4985
