7945
8063
8176
8239
7608
7635
7757
8038
8039
7453
7421
1039
542
799
8765
1141
764
1095
977
630
640
687
755
799
904
904
1002
1017
1409
1705
1729
1309
1349
1356
1432
1460
1539
1544
1586
1589
1646
1689
1720
1767
1729
1729
1765
1819
1855
1890
1888
1920
1917
1918
1922
1961
2010
2050
2169
2205
2274
2195
2202
2260
2351
2409
2470
1753
1701
1015
928
879
923
937
943
966
1057
1111
1156
1233
1288
1330
1339
1362
1401
1477
1558
1584
1508
1545
1617
1680
1724
1769
1804
1840
1671
1717
1748
1355
1397
925
928
809
840
1052
605
880
621
634
563
613
845
589
1079
633
656
680
660
1111
631
699
635
668
847
606
1093
614
660
636
681
972
616
1053
618
666
592
623
1086
595
1032
609
645
734
612
1072
585
587
573
560
1205
608
609
558
587
951
567
639
599
643
1048
606
996
639
640
750
607
897
614
656
541
597
998
623
659
527
584
877
594
1056
611
636
783
563
861
573
589
551
602
1013
578
610
566
593
848
610
1030
583
613
762
599
895
589
626
527
579
1041
621
677
663
693
1030
608
839
598
652
516
593
1044
1421
1136
783
828
945
1007
1036
566
629
720
600
1158
593
660
529
614
1099
600
928
603
662
494
571
1023
570
641
617
658
720
814
883
968
1025
1086
1124
1198
780
832
744
803
1107
567
911
607
629
505
564
1090
570
677
552
604
1112
596
1048
592
655
706
606
1166
650
731
978
988
976
589
889
594
688
531
598
1177
576
634
588
634
1241
586
945
607
697
502
624
913
599
1069
639
678
751
680
1120
606
701
517
580
1100
581
1049
621
641
699
632
1085
600
676
579
653
1112
603
976
625
722
542
591
1128
583
1325
629
654
684
596
906
612
686
579
602
826
632
1058
590
601
740
606
862
607
652
535
594
1020
600
643
547
635
1109
597
1114
624
636
964
1079
778
565
841
1254
1235
845
891
871
1617
1598
1599
905
880
654
866
719
765
739
738
737
734
780
694
727
744
718
725
727
732
735
722
720
799
778
739
730
721
737
773
745
720
742
728
729
735
747
832
1219
1799
2362
2384
2398
2412
2716
1207
2146
3027
3640
4515
5135
5987
6593
7534
8380
8719
9688
10489
10533
10498
10470
10473
10484
10487
10467
10477
10483
10522
10528
10508
10526
10535
10322
10304
10245
10316
10381
10436
10503
2326
2307
2312
2357
2369
2395
2432
2477
2459
2490
2522
2574
2625
2686
2740
2726
2769
2811
2847
2893
2932
2979
3065
3048
2987
3040
3089
3142
3173
3226
3288
3312
3345
3379
3442
3476
3507
3574
3637
3666
3728
3771
3840
3908
3935
4032
4075
4146
4163
4200
4231
4208
4240
4227
4231
4311
4314
4319
4348
4388
4388
4464
3928
3937
3913
3795
3810
3274
3327
3032
3045
3058
2696
2710
2174
2207
2248
1984
2002
1643
1707
1407
1407
1469
1129
1162
691
711
853
630
827
597
607
533
587
1017
593
646
530
632
1131
600
997
597
626
700
754
551
603
650
569
630
1081
590
613
557
594
1038
592
935
602
638
537
582
1048
618
674
609
618
1049
625
998
574
603
661
627
1451
945
958
759
783
863
586
1112
574
594
767
563
839
583
661
565
601
1354
946
959
787
807
1235
601
1188
630
675
700
674
1041
588
657
530
581
845
592
1131
592
617
645
575
1053
552
598
547
604
981
574
648
553
582
1082
586
1024
603
652
681
606
1086
594
641
545
596
887
558
986
582
651
741
596
1494
938
944
817
857
898
574
1068
635
695
729
642
1042
609
662
520
641
1101
584
619
584
662
1141
598
823
601
654
534
624
1058
596
647
590
661
1128
595
997
602
597
716
570
880
583
619
556
588
1003
612
615
563
596
830
620
1104
622
638
684
678
1078
658
665
559
619
874
602
1103
571
577
748
570
955
613
636
771
592
858
597
605
574
608
882
604
1008
622
659
745
610
970
614
668
736
659
1074
598
688
603
674
1143
615
1026
613
631
687
712
934
571
1026
624
645
700
615
1109
606
635
540
555
1088
608
803
590
613
526
652
951
622
1082
616
618
686
594
1045
608
656
694
723
932
613
1068
637
696
663
694
1060
584
860
590
642
511
581
859
593
1126
567
572
597
594
902
590
1018
538
562
662
606
1069
610
625
538
604
881
588
1049
591
633
666
647
4509
1303
1154
1956
1561
762
9776
9367
9321
9302
9291
9285
9294
9291
9353
9392
9377
9367
9364
9367
9364
9372
9380
9687
9723
5744
5716
5714
5709
5708
5748
5642
5532
5409
5336
5252
5174
5078
5000
4909
4806
4703
4642
4559
4475
6829
1011
825
1033
733
726
719
727
767
806
869
916
959
978
987
1054
1122
1151
1212
1277
1319
1355
1403
1460
1517
1375
1382
1464
1571
1689
1755
1586
1593
1661
1723
1745
1838
1889
1942
2016
2086
2130
2196
2254
2331
2372
2431
2491
2553
2604
2638
2704
2770
2817
2872
2917
2926
2976
3017
3049
3113
3146
3227
3332
3409
3447
3014
3028
3065
3116
3164
3214
3265
3330
3398
3426
3455
3498
3546
3595
3682
3766
3828
3846
3881
3914
3930
3976
4026
4079
4155
4268
4273
4343
4598
4650
4744
4822
4852
4909
4227
4214
4058
4107
4102
3793
3770
3233
3283
3317
3241
3290
2761
2782
2688
2652
2700
