3882
4464
4520
4618
4592
2972
2662
5143
5067
5016
5056
5063
5086
5095
5140
5183
3735
3755
5700
5723
5760
5811
5891
5922
5851
5796
5551
5383
5800
10124
10143
10227
10283
10358
10440
10554
10629
10692
10820
10033
9691
9675
9693
9775
9786
9801
9249
9213
9284
9321
9352
9406
9442
9520
9210
8972
9008
9012
9065
9068
9071
9144
9186
8525
8556
8532
8506
8498
8504
8572
8589
8543
8544
8527
8386
8403
8422
8425
8532
8251
9944
709
3163
602
569
2932
600
606
2854
580
3485
653
665
3086
657
606
577
591
634
712
792
895
930
950
1014
1058
1101
1178
1221
1259
1307
1354
1446
1512
1562
1607
1672
1730
1772
1840
1877
1926
2013
2046
2082
2137
2141
2216
2234
2226
2291
2290
2296
2309
2291
2309
2301
2301
2361
2393
2398
2415
2441
2459
2508
2528
2594
2609
2655
2690
2696
2748
2790
2827
2875
2926
3013
3083
3116
3162
3228
3296
3323
3381
3442
3477
3507
3543
3585
3607
3630
3658
3715
3765
3836
3912
3935
3960
3978
3983
3988
4006
4073
4162
4246
4307
4386
4455
4514
4556
4633
4651
4657
4670
4684
4695
4727
4754
4798
4810
4819
4820
4833
4833
4854
4886
4942
4910
4904
4896
4892
4893
4905
4942
4984
5018
5097
5131
5169
5219
5280
5296
5322
5345
5384
5405
5439
5528
5607
5667
5726
5741
5749
5752
5757
5780
5790
5780
5871
5914
5954
5967
5954
5955
5959
5975
5992
5975
6013
6035
6053
6065
6074
6099
6097
6137
6174
6171
6177
6180
6235
6230
6227
6143
6169
6181
5889
5927
5440
5419
5441
5386
5400
4950
4959
4762
4801
4796
4483
4517
4067
4122
4136
4121
4142
3723
3707
3663
3640
3653
3192
3181
2727
2732
2708
2741
2780
2354
2394
2385
2390
2403
1976
1969
1727
1733
1495
1471
1488
1078
1113
1143
1133
1171
724
829
586
642
523
587
865
621
1010
619
628
699
572
810
610
662
492
573
1035
595
612
628
668
1010
638
847
602
624
535
604
975
599
687
640
735
1022
607
848
615
658
545
593
953
616
629
539
599
814
613
1036
600
591
699
589
842
616
620
559
574
910
596
607
559
595
825
616
1001
609
681
721
686
1360
917
935
847
860
849
572
1004
619
644
702
578
837
623
676
489
541
926
628
997
594
625
690
598
837
603
634
553
612
826
613
1007
604
638
668
651
905
616
954
609
616
662
704
1139
916
992
590
619
684
706
1068
583
649
662
692
1070
558
791
581
599
520
597
837
608
883
598
666
618
670
999
601
791
594
609
543
599
813
585
986
594
645
676
664
999
576
587
607
656
1023
597
1162
899
928
756
757
804
558
901
574
605
530
580
816
565
1021
641
647
696
704
838
608
1112
601
638
667
633
1030
606
707
687
721
1044
614
877
607
652
588
621
958
573
921
604
619
576
624
839
593
967
612
614
652
692
979
591
616
667
693
1050
615
798
576
589
544
598
826
626
1072
595
617
646
675
1034
612
677
659
670
873
590
1009
601
632
560
567
811
582
1016
579
603
643
659
1022
594
648
550
622
812
600
823
596
606
591
636
987
644
998
612
626
535
574
815
580
1041
613
651
676
695
842
585
1069
594
629
668
697
1047
614
642
683
744
1024
627
844
600
653
613
642
1007
593
777
603
630
557
603
857
633
976
580
594
602
615
973
583
574
562
594
980
606
805
605
641
601
669
954
603
951
588
625
659
673
943
588
1263
606
648
655
584
900
618
972
586
615
644
653
959
604
591
624
671
1018
618
820
592
631
549
620
840
597
993
611
644
686
701
1012
617
663
701
748
1027
572
794
572
578
590
622
944
617
874
617
643
562
618
798
611
1013
622
681
675
735
1063
584
669
619
639
850
604
1032
635
686
656
681
1009
614
833
583
612
548
599
818
574
1032
611
606
641
678
1017
607
648
665
720
953
603
1002
618
684
653
673
1074
605
959
622
651
683
568
947
595
628
657
688
1027
617
651
566
625
813
620
981
577
611
686
613
965
573
587
673
557
876
589
611
528
589
926
576
602
529
582
825
612
1020
607
648
687
586
983
616
675
688
556
856
586
654
569
580
928
563
602
583
593
1004
569
593
589
586
773
610
1063
570
587
669
591
831
635
666
575
638
851
603
1013
605
649
681
709
977
601
619
548
624
868
622
880
569
564
663
560
762
562
642
532
592
950
592
647
661
692
1026
617
757
577
609
563
606
806
606
1030
594
617
658
683
898
583
612
556
592
830
608
1020
610
671
758
572
4934
1721
1257
1195
1005
1337
1319
773
1092
900
859
880
886
893
856
907
5074
974
920
938
974
923
875
906
675
845
716
732
716
903
730
716
719
714
734
748
729
712
655
761
748
748
781
760
753
766
726
724
733
2235
979
768
763
783
770
745
771
736
746
907
852
1203
884
657
697
779
739
765
784
776
820
885
926
977
1071
1056
1080
1043
1102
1173
1194
1182
1226
1259
1267
1352
1428
1453
1523
797
809
811
858
869
896
904
938
941
991
1036
930
946
988
1054
1140
1151
1090
1168
1223
1272
1141
1175
1212
1271
1319
1318
1360
1402
1454
1522
1601
1696
1760
1805
1792
1790
1849
