11616
11789
11158
11109
10614
9921
9186
8405
7319
6520
6363
5862
5392
4887
4349
3813
3390
1485
1487
1878
2574
3166
3980
4739
5339
5460
5356
4508
4169
3741
2962
2152
1573
1600
1062
1065
1344
1530
1602
1634
1712
1772
1940
2096
2270
2462
2613
2834
3024
3161
3304
3445
3534
3590
3650
3732
3820
3890
3972
4844
5763
6759
6801
6863
6965
7062
7213
7388
7549
7718
7886
8032
8200
8315
8451
6926
6878
6810
6663
6545
6058
6086
6113
5955
5796
5355
5012
4212
3465
2743
1995
1433
1439
1432
1484
1531
1509
910
1051
1326
1902
3079
4344
5368
6432
6575
6660
6823
6925
7209
7405
7532
7682
7925
8155
8367
8824
10125
11390
12544
13383
13396
13512
13728
14012
14226
14447
14634
14782
14950
15077
15172
15102
15104
14991
14890
15019
14236
14080
13511
13370
13302
13028
12781
12480
12075
11561
10943
10299
9608
9023
8576
7837
7142
6545
6056
5655
5525
5344
5094
4489
4052
3718
3587
3466
2907
2089
1491
1333
1133
997
1065
1051
940
892
895
1091
1296
1188
991
1358
1390
1556
1476
1412
950
999
1068
1093
966
1677
2631
3637
4712
4962
4898
4835
4848
4794
4234
3608
2905
2201
1730
1426
1364
1362
1286
1163
1145
1012
898
862
885
1009
963
1295
1493
1568
1566
1494
1295
1493
1683
1629
2108
3498
4763
4753
4443
2772
2481
2412
2222
1994
1818
1309
1360
1572
1533
1957
2045
1190
1289
1376
1300
1714
2709
3709
4776
5810
6447
6353
6365
6042
5599
5193
4504
3492
3285
3198
3130
3104
3000
2930
2794
2599
2294
2117
1878
1514
1691
1886
1748
1649
1121
991
1023
1068
1144
978
915
912
938
1099
1250
1929
2209
2507
3151
3809
4035
3907
3784
3553
3719
3803
3862
3976
4101
4120
4230
3832
3466
2857
2214
1592
1285
949
1157
1329
1501
1651
1835
1975
2155
2322
2527
2563
2700
2812
2621
2602
2659
2612
2672
2701
2915
3126
3257
3413
3501
3689
3860
4021
4159
4334
4493
4678
4851
4907
5043
5118
4969
4906
4967
4951
5025
5089
5235
5409
5561
5699
5904
6066
6224
6379
6584
6644
6850
6952
7169
7178
7270
7328
7068
6128
5128
4383
3795
3188
2657
2404
2212
2219
2174
2055
2034
2143
2238
2303
2254
2197
2144
2259
2247
2344
2354
2454
2515
2549
2599
2563
2619
2710
2733
2747
2717
2845
2941
3011
2990
2841
2694
2762
2867
2956
3005
3089
3199
3271
3380
3499
3783
3961
4118
4331
4588
4664
4851
5020
5355
5410
5424
5250
5251
4502
3992
3158
1966
1844
2476
3036
3322
2969
2139
1798
1687
1287
1464
1733
1247
2263
1665
1975
1974
1895
1507
1500
1913
2433
3254
3590
3034
2482
1368
1183
1057
2082
3077
2680
2117
1930
2081
2162
2303
2497
2596
2757
1756
1672
1471
1462
1424
1457
1510
1540
1456
1370
1281
1218
1030
1017
1211
1417
1471
2274
1242
1758
2754
3169
3589
4154
3633
2461
1523
1334
1103
890
873
898
904
2121
2423
2795
2925
3044
3032
2904
2890
2969
2752
1924
1508
1375
1495
1001
1059
1133
1203
1233
1270
1324
1367
1435
1484
1664
1640
1452
1246
1535
2295
3199
4048
4266
4178
3514
3132
2365
1885
1819
1563
1468
1326
1207
1126
1058
1031
1423
1659
1520
1800
1453
1420
1834
1801
1747
1688
1559
1972
2688
3534
4345
4420
4371
4305
3893
3493
3129
2894
2642
2425
2217
2035
1854
1662
1490
1317
1101
1531
1396
1968
1777
1793
2136
2758
3488
3731
4015
4670
5540
5835
5303
5442
5434
4250
4033
3923
3720
3645
3594
3581
3498
3455
3494
3475
3438
3452
3452
3317
3218
3002
2610
1914
1376
1365
1468
1197
1051
1043
964
938
1042
981
987
1252
1213
1280
1117
1092
1386
1377
1438
1512
1463
1337
1557
1871
2300
2792
3201
3282
3506
3502
3549
3538
3593
3612
3487
3333
3074
2999
2885
2338
1754
1745
1653
1880
1670
988
1015
989
908
1034
2024
3082
4105
5203
6285
7194
7322
6030
5098
4290
3490
2903
2278
1599
1430
1416
1491
997
1094
1256
1200
1785
1859
1643
1652
1625
1553
1551
1614
1546
1150
2286
3466
4496
5596
5681
5722
5814
5894
6044
6162
6280
6462
6587
6708
6820
6903
7068
7353
7412
7535
7670
7834
8368
8549
8669
8830
8933
8961
9006
9058
9099
9247
9444
9578
9387
9472
9652
9849
9934
10009
10004
10120
10284
10370
10376
10356
10479
10621
10739
10745
10796
10785
10828
10974
10981
10961
10941
11048
11256
11445
11596
11796
11975
12140
12297
12433
12596
12811
12998
13051
13185
13336
13463
13670
13832
13841
13929
14000
14196
14369
14690
14844
15106
15268
15467
15650
15819
15951
16122
16309
16444
16584
16717
16777
16765
16778
16869
17048
17266
17285
17264
17290
17133
17050
16233
15598
14987
14393
13790
12983
12185
11501
10229
9135
8391
7912
7402
6792
6044
5248
4644
4035
3290
2170
1491
1281
1061
1497
1811
2028
2233
2373
2526
2710
2952
3100
3213
3377
3605
3814
4148
4297
4455
4588
4040
3855
3988
4124
4243
4199
4153
4082
3392
2620
1937
1577
837
732
1125
1488
1845
1522
1491
1632
1816
1978
2274
2375
2488
2495
1827
1493
1527
1640
1674
1347
1464
1125
1025
1128
1312
1465
1485
1431
1488
1493
1500
1541
1592
1737
1554
1569
1664
1712
1473
1347
1154
1213
984
1006
1032
1026
977
1013
1042
1067
1151
1148
1390
1294
1271
1081
1080
1212
1082
1170
1101
1028
1021
958
936
1676
1482
1613
1646
1935
2211
2340
2492
2854
2351
1542
1478
1462
1686
1369
1168
1158
1312
1245
1244
1264
1830
1837
1687
1758
1879
2050
1875
2030
1939
1686
1856
2171
3055
2974
2920
3248
1482
2166
2046
2020
1928
1348
1243
1212
1047
1032
2105
3437
4704
6135
7361
7374
6726
5852
5144
4380
3757
2814
1993
1852
2190
1846
1105
1189
1277
1228
1069
1020
1138
1064
1134
1601
1530
1891
1969
1548
1107
1175
1288
1336
1240
1184
1065
