4831
4736
4155
3970
3949
4009
3911
3935
3944
3812
3684
3806
3937
3999
4263
5449
6520
7811
8928
9636
10529
11472
12405
13029
13062
13031
13028
12909
12787
12704
12050
11204
10383
9937
9433
8766
7450
7002
6503
5994
5144
4429
3728
3346
3145
3264
3200
3214
3120
2375
2335
2300
2375
1876
1822
1731
1600
1265
1531
1547
1379
1257
972
840
884
978
1100
1116
1740
1338
1293
1255
1392
1525
1312
1666
1762
1788
2578
3242
4167
4218
4185
4109
4066
3993
3942
3879
3752
3705
3511
3471
3434
3365
3274
3040
2682
2020
1908
1885
1920
6100
1354
1332
1078
1359
2098
3157
3546
4115
4360
3412
2411
1939
1833
1737
1582
1492
1266
1026
939
944
907
1048
1044
1195
1170
1190
1216
1127
978
1023
1106
1178
1471
8863
3325
2325
2529
3094
3641
3966
3606
2611
2107
2187
2258
2354
2346
2278
2001
1960
1895
1545
1570
1669
1773
1897
1810
1855
1919
2079
2197
2347
2495
2634
2808
2930
3016
3261
3463
3624
3601
2976
2545
1803
1356
1351
1081
1028
1059
1104
1011
965
955
1095
1237
1274
1321
1199
1154
1336
1388
1394
1216
1191
1266
1325
1383
1446
1564
1672
1594
1819
1832
2987
4631
5056
5279
5371
5407
5330
5413
5376
5280
5105
5210
5243
5246
5420
5681
5787
5304
4370
3834
3759
3587
3506
3426
3326
3347
3393
3444
3416
3378
3390
3390
3363
2896
2302
1512
1444
1095
1095
1124
1178
1174
1200
1240
1351
1446
1386
1656
1827
1902
1911
1488
1115
1313
1582
1621
1485
1425
1443
1368
1394
1429
1535
1612
1517
1477
1482
1562
1595
1670
1609
1382
1379
1096
1093
1640
1600
1339
1794
1210
1361
1544
9070
1702
1754
1571
1733
2420
3447
4192
4306
3650
2644
1929
1757
1612
1520
1652
1697
1648
1679
1708
1755
1744
1814
1882
1952
1974
1809
1514
1326
1174
1136
1225
1354
1405
1396
1252
1243
1193
1132
1132
1190
1068
1050
1147
1171
1363
1146
1028
1140
1283
1411
1668
1462
1443
1305
1453
1533
1151
1368
1635
1318
1351
979
1283
1339
1361
1301
1304
1310
1313
1361
1379
1482
1605
1513
1436
1775
1892
1909
1426
1163
1184
1089
1579
1634
1387
1253
1393
1365
1346
1513
1477
1407
1217
1265
1384
1400
1444
1372
1350
1366
1432
1561
1618
1581
1614
1660
1698
1712
1974
2205
2125
2158
2093
1990
1942
1891
1918
1905
1887
1978
1894
1850
1868
1899
1859
1846
1816
2072
2277
2068
2140
1911
1617
1343
1341
1281
1400
1426
1389
1408
1516
1647
1757
1749
2021
2008
1647
1385
1428
1321
1456
1142
1291
1295
1234
1319
1443
1604
1701
1844
2029
4440
1342
1508
1371
1227
1089
1140
1118
1187
1175
1300
1301
1199
3748
1271
1817
3120
4120
5177
6106
7175
8532
8826
8883
8826
8535
8192
7909
7578
7128
6533
5923
5785
5809
5867
5907
5868
5881
5946
6006
6016
6002
5510
5392
5030
4525
1604
1502
1354
1508
1380
1232
1366
1420
1281
1721
1422
1608
1710
1695
1577
1557
1506
1637
1736
1570
1535
1307
1339
1258
1476
1610
1292
1115
1234
1336
1249
1343
1320
1265
1338
1319
1317
1263
1323
1349
1484
1539
1323
1392
1473
1451
1426
1421
1415
1407
1447
1351
1506
1600
1728
1814
1803
1743
1768
1851
1922
1876
1529
1528
1685
1778
1864
1854
1859
1820
1865
1930
2042
2153
2347
2435
2435
2333
2325
2334
2376
2366
2491
2662
2669
2690
2549
2594
2636
2642
2668
2571
2512
2635
2750
2823
8985
1317
1296
1346
1541
1880
2558
2760
2937
3302
3736
3864
3930
3976
3985
3745
3491
3285
3213
3094
2948
2373
1867
1445
1357
1112
1291
1414
1326
1268
1005
880
891
874
895
1241
1583
1423
2117
2494
3164
3821
4233
3425
2857
2481
2079
1571
1638
1834
1708
1856
1979
2098
2170
2374
2638
2784
2856
2847
2951
3082
3219
3357
3515
3709
3797
3940
4016
4214
4044
3685
3261
3362
3557
3713
3864
4026
4192
4107
4259
4414
4608
4774
4877
5021
5185
5372
5475
5538
5571
5654
5829
5920
5999
6068
6202
6367
6451
6596
6728
6846
7021
7301
7459
7579
7727
7870
7981
8040
8121
8313
8495
8420
8543
8649
8750
8763
8361
8005
7681
7160
6788
6433
6118
5785
5473
5104
4876
4599
4345
4109
4105
4172
4295
4417
4478
4614
4642
4730
4829
4962
5233
5373
5423
5498
5587
5696
5822
5730
5806
5952
6107
6186
6312
6395
6556
6683
6789
6722
6775
6906
7025
7104
7187
7241
7336
7511
7655
7797
7920
8107
8255
8428
8557
8662
8836
8997
9115
9262
9396
9490
9635
9766
9897
10018
10185
10352
10582
10778
10917
11079
11245
11414
11575
11690
11785
11925
11973
12045
12175
12256
12341
12334
12456
12495
12527
12627
12712
12811
12909
12972
12998
12918
13046
13236
13456
13587
13784
13972
14125
14320
14446
14518
14485
14635
14787
14904
14933
15105
15157
15129
15160
14915
14906
14987
15097
15246
15286
15485
15626
15807
15950
16036
16067
16187
16331
16502
16656
16719
16827
16995
17146
17321
17478
17454
17508
17623
17704
17833
17917
17863
17951
17965
18030
18057
17782
17798
17792
17856
17885
17988
18089
18110
18241
18340
18276
18203
18319
18505
18117
18232
17589
17739
17328
16756
16500
16177
15809
15380
15188
15202
15311
15368
15457
15598
15604
15660
15696
15745
15855
15843
15954
15673
14658
14635
14626
14421
13995
13378
12867
12303
11932
11576
11075
10627
10065
9570
9025
8529
8112
7641
7164
6374
5868
5364
4887
4910
4876
4159
3604
3167
2740
2217
1818
1504
1285
1208
1208
1168
1181
1250
1316
1474
1633
1746
1906
2042
2179
2249
2343
2388
2471
2641
2793
2993
3049
3218
3338
3409
3488
3598
3659
3734
3807
3883
3943
4106
4206
4357
4473
4580
4787
4907
4955
5049
5274
5551
5684
5542
5511
5589
5658
5154
4742
3944
3394
2705
1819
1368
1363
902
1003
1168
1313
1249
1251
1289
1295
1393
1398
1394
1395
1447
1567
1457
1470
1594
1739
