5572
5327
5381
4966
5012
5088
7332
7396
7373
7374
7404
7292
7093
6886
11652
4338
5494
4422
4343
1564
1152
1005
1034
1071
973
893
828
704
637
555
1033
6733
6117
5928
5809
5702
5568
5205
5074
4976
4885
4808
4713
4620
4516
4432
4307
4205
4114
16123
16077
16007
15916
15826
15733
15671
15602
15518
15256
15146
15063
14968
6543
6310
6269
6213
8729
8670
8595
8510
8421
8364
3765
3558
3473
3357
3230
3142
3049
2973
5126
1616
1425
4091
1007
859
794
760
771
760
742
753
733
741
747
757
746
5988
970
891
1194
1272
2161
2756
3572
3796
3800
3799
3874
3896
3926
3918
4212
613
637
642
675
724
747
813
900
928
966
1001
1015
1067
1171
1215
1237
1268
1315
1338
1355
1385
1440
1453
1496
1545
1596
1636
1645
1675
1722
1759
1779
1828
1899
1975
2038
2028
2044
2030
2043
2071
2090
2122
2135
2126
2159
2200
2238
2294
2356
2400
2482
2533
2549
2558
2554
2609
2634
2700
2772
2853
2920
2955
2999
3041
3090
3131
3166
3213
3232
3263
3319
3386
3446
3517
3559
3584
3559
3587
3602
3654
3694
3773
3798
3873
3913
3920
3924
3974
4015
4055
4116
4181
4222
4257
4336
4380
4411
4456
4491
4592
4625
4659
4674
4681
4698
4720
4761
4787
4858
4885
4909
4968
5037
5124
5146
5209
5275
5370
5479
5553
5628
5701
5785
5804
5809
5817
5838
5884
5936
5962
6020
6062
6111
6157
6205
6262
6314
6370
6428
6483
6549
6591
6657
6701
6750
6798
6838
6879
6924
6959
7018
7099
7170
7205
7243
7283
7311
7380
7408
7442
7457
7483
7506
7510
7527
7643
7669
7708
7753
7551
7592
7404
7500
7526
7068
7073
6834
6773
6651
6665
6707
6472
6489
6000
6013
6022
6028
6095
5633
5621
5396
5408
5376
4946
4966
4974
4983
4982
4488
4509
4097
4129
4122
4083
4103
3621
3601
3569
3586
3620
3177
3242
2939
2961
2756
2761
2759
2501
2497
2056
2039
2066
1945
1954
1729
1731
1562
1585
1581
1298
1300
869
886
942
815
831
547
585
532
648
987
592
654
664
690
1035
560
946
576
620
648
565
1052
619
619
556
608
932
597
595
653
685
972
602
809
639
649
518
551
960
591
598
634
655
946
569
897
616
670
716
698
1050
565
588
652
655
944
574
921
591
641
653
679
954
599
623
658
718
1027
601
938
608
623
673
698
958
577
647
664
741
1103
608
756
554
590
506
597
874
593
1001
613
651
734
591
790
580
627
503
595
879
573
980
576
621
701
583
800
615
676
573
635
793
614
978
546
566
898
720
566
569
605
510
576
984
595
567
591
639
915
591
848
581
625
524
575
801
571
1073
575
582
679
611
785
607
597
534
580
953
585
633
627
668
988
580
959
580
646
694
719
970
590
632
550
641
912
607
943
592
619
749
621
793
604
648
510
607
1015
580
593
531
575
1218
622
976
559
568
663
605
807
620
664
560
583
950
590
591
547
588
995
611
803
631
674
521
534
939
618
662
618
705
1071
612
908
613
621
538
583
828
601
1012
613
630
664
683
950
572
560
601
605
1013
593
1006
605
601
619
615
914
590
601
611
655
995
593
861
629
665
499
566
1180
887
1005
630
637
666
689
846
645
1066
597
673
695
614
1013
595
685
671
714
1011
585
875
621
658
550
579
808
612
1036
628
666
705
735
1038
606
625
660
706
909
611
1015
648
668
704
745
1021
607
833
617
651
549
622
823
628
892
604
636
651
674
954
617
811
620
658
615
637
1011
597
799
597
623
561
600
888
590
862
579
610
573
641
857
580
968
591
619
625
659
951
601
601
632
710
963
650
954
592
632
678
722
1070
596
813
592
590
565
587
880
605
963
583
614
576
618
960
602
630
633
675
1011
606
831
618
653
564
609
1082
648
805
587
605
564
600
822
607
986
587
629
680
662
1052
585
607
599
692
1025
575
808
588
608
559
572
795
582
987
588
629
677
658
1004
583
604
574
596
959
590
843
595
608
571
580
784
575
1020
580
612
655
639
976
548
549
539
621
920
579
803
581
590
640
680
1052
553
769
579
551
556
566
777
575
813
549
631
545
600
836
587
829
589
614
544
554
774
574
1023
602
645
680
655
968
558
628
604
639
1019
588
788
608
669
565
625
778
609
994
591
591
613
663
1059
585
631
599
630
974
583
807
565
626
506
567
857
611
992
606
597
610
648
1009
588
2751
1364
1367
1381
1089
963
963
1240
1278
848
1241
1267
887
913
865
891
917
928
654
880
738
723
738
724
763
819
749
715
987
768
739
735
718
763
1574
1864
759
617
621
639
657
661
647
704
720
790
841
862
924
941
939
967
987
1205
1402
1382
1283
1272
1305
1365
1418
1485
1555
1569
1582
1595
1625
1653
1673
1676
1700
1717
1755
1741
1736
1766
1846
1914
2002
2013
2010
2040
2093
2163
2256
2348
2451
2483
2459
2474
2524
2570
2640
2702
2746
2826
2871
2880
2879
2913
2967
3029
3095
3113
3138
3128
3155
3188
3239
3307
3368
3399
3439
3441
3497
3488
3546
3572
3618
3657
3719
3739
3755
3718
3728
3489
3513
3465
3480
3567
3083
3118
2656
2682
2708
2494
2462
2208
2221
2002
2044
2113
1736
1758
1693
1730
1784
1241
1271
899
943
