1927
2260
2625
3004
3361
3721
3869
2873
1853
1562
1359
1236
1139
1002
935
1014
963
1038
1241
1004
1322
1185
1049
961
1201
1220
993
941
953
980
980
959
973
1009
1135
964
957
983
1013
1452
1407
1538
1562
1432
1535
1637
1435
1450
1478
1982
2714
3793
5044
6323
7517
7716
7817
7898
7965
8041
8047
7432
6864
6356
5780
5200
4568
3979
3435
3022
2771
2471
2221
1940
1726
1480
1277
1129
1302
1263
1330
1268
1361
1706
2147
2722
3827
5084
5424
5388
5304
5221
4989
4844
4738
4310
3675
3037
2454
1888
1230
990
935
953
923
1040
1134
1246
1085
880
845
850
1024
1329
1538
2085
1424
1307
1350
1321
1740
2249
2943
3622
4809
5916
6400
6277
6048
5963
5854
5832
5660
5561
5096
4402
3947
3433
2967
2330
1787
1448
1428
1190
1036
1320
1540
1639
1788
1726
1675
1625
1571
1520
1326
1471
1294
1346
1304
1339
1126
882
855
874
998
986
880
858
829
948
1085
1192
1431
1349
1221
1302
1271
1302
1300
1307
1261
1268
1711
2279
3370
4366
5348
6361
6319
6267
6240
6233
6257
6301
6331
6348
6265
6120
5504
4768
4169
3599
3030
2421
1846
1514
1409
1435
1446
1470
1446
1454
1580
1780
1956
2186
2408
2795
3783
3850
3965
4129
4281
4445
4629
4846
4872
4936
5099
5300
5434
4413
3688
3078
2506
1788
1463
1438
1427
1413
1429
1449
1266
2117
3137
4196
5369
5513
5622
5726
5856
5988
6124
6241
6327
6427
6349
6365
6413
6472
6503
6580
6687
6840
6933
6991
7040
7050
7185
7231
7306
7340
7402
7454
7601
7778
7920
8051
8102
8217
8283
8345
8418
8465
8540
8684
8736
8810
8874
8931
9027
9087
9138
9180
9248
9411
9542
9689
9805
9921
10108
10189
10266
10331
10387
10438
10495
10552
10472
10297
10315
10377
10482
10582
10673
10799
10881
10934
11042
11087
11186
11289
11375
11434
11474
11431
11372
11288
11221
11287
11429
11543
11601
11675
11760
11771
11872
11974
12058
12106
12153
12190
12247
12339
12412
12516
12597
12675
12776
12851
12917
12975
13065
13174
13266
13305
13372
13474
13465
13379
13295
13194
13210
13298
13392
13485
13554
13627
13665
13716
13763
13850
13911
13993
14032
14069
14102
14131
14182
14224
14252
14258
13952
13946
13706
13628
13529
13309
13364
13345
13262
13146
12847
12281
11495
10732
9990
9230
8929
9045
9135
9229
9292
9356
9393
9400
9428
9507
9564
9584
9736
9916
10111
10317
10444
10509
10544
10612
10693
10748
10809
10849
10887
10323
10173
10027
9861
9764
9568
9501
9369
9253
9242
8981
8986
7986
7299
6677
6011
5318
4653
4017
4557
5107
5190
5302
5403
5481
5517
5616
5742
5880
5952
6039
6087
6145
6227
6298
6410
6421
6473
6046
6108
6055
5635
5519
4594
3884
3189
2434
1752
1436
1448
1501
1453
1467
1537
1526
901
937
1268
1695
2671
3845
5038
6139
7160
8154
9193
10176
11246
12159
13095
14047
15039
16148
16515
16637
16748
16891
17032
17106
17229
17393
17497
17619
17752
17865
17965
18047
18087
18165
18231
18298
19181
19999
20923
21974
23025
24082
25173
25907
26016
26130
26215
26338
26048
26167
26221
25706
25678
25180
25069
24972
24087
23365
22586
21945
21262
20915
21001
21127
21206
21310
21391
21430
21508
21581
21649
21779
21842
21887
21921
21959
21998
22019
22008
22004
22019
22027
21601
21649
21648
21603
21628
20529
19883
19167
18571
17793
17085
16431
15736
15023
14358
13706
12913
12250
12034
12168
12252
12339
12442
12535
12622
12734
12801
12866
12957
12993
13081
13186
13213
13289
13356
13462
13545
13695
13776
13804
13879
13955
14071
14148
14231
14272
14317
14412
14518
14575
14637
14690
14720
14747
14791
14838
14889
14975
15021
14998
15023
15081
15133
14929
14999
14270
14212
14188
14150
14062
13198
12554
11868
11205
10473
9709
9351
9416
9516
9581
9646
9698
9747
9788
9845
9907
9962
10034
10093
10119
10159
10161
10159
10155
10178
10220
10279
10337
10252
10204
10121
9793
9546
9417
8619
7954
7293
6588
5995
5354
4976
5073
5165
5270
5297
5388
5417
5482
5572
5649
5689
5770
5806
5896
5989
6082
6190
6245
6289
6281
6329
6387
6449
6483
6012
6019
5808
5118
4488
3764
3053
2321
1627
1483
1549
1650
1707
1774
1829
1906
2026
2113
2187
2236
2332
2408
2525
2652
2737
2796
2842
2953
3014
3080
3154
3130
3181
2705
2650
3336
4119
5099
5288
5550
4911
4313
3602
2868
2825
2904
3019
3121
3264
3307
3420
1265
1212
1226
1488
1580
1507
1492
1523
912
1136
1387
1538
1637
1663
1694
1721
1804
1875
1957
1978
2013
2095
2168
2233
2306
2325
2344
2363
2403
2470
2542
2620
2623
2689
2750
2841
2925
3006
3341
928
3715
947
709
1311
1686
1956
2208
2507
2652
2553
1864
1396
1406
1432
912
1123
1373
1538
1650
2184
3147
3589
3688
3827
3937
4071
4199
4251
4320
4399
4460
4475
4522
4545
4630
4728
4812
4922
5066
5110
5151
5228
5242
5304
5369
5447
5536
5635
5725
5846
5917
5977
5963
5990
5990
5963
5305
5222
4351
3595
2801
1974
2396
973
1098
1224
1206
1211
1331
1396
1011
994
1391
1476
1576
1494
1471
1537
1022
929
1200
1632
2648
3717
4786
5841
7172
7483
7697
7898
8010
8073
8162
8274
8371
8492
8562
8632
8729
8769
8847
8971
9068
8872
9819
10379
11156
11970
12281
12643
12099
11853
11782
11299
10677
10028
9445
8842
8234
7623
7568
7638
7710
7798
7889
7975
8059
8202
8333
8438
8497
8598
8604
8661
8723
8751
8813
8872
8917
8982
9040
8811
8893
8251
8201
8171
8081
7970
8009
8083
7972
7911
7914
7479
7275
6608
5881
5169
4424
3734
3067
2385
2425
2535
2637
2719
2775
2858
2981
3061
3165
3271
3292
3365
3450
3529
3598
3666
3719
3785
3849
3919
4011
4112
4141
4186
4060
3989
4053
3599
3494
3150
3166
3176
3114
3094
2680
1923
1491
1443
1509
1403
909
993
1272
1530
1604
1710
1777
1825
1929
2048
2113
2185
2215
