13475
13673
13782
13880
14050
14159
14284
14422
14546
14636
14596
14645
14898
14889
14994
15131
15052
14220
13354
12683
12053
11471
10649
9931
8240
7166
6846
6556
6254
5861
5703
5579
5487
5307
4969
4367
3574
2876
1844
1143
965
1234
1217
973
899
948
1322
1499
1817
1504
1704
2307
2149
3017
3979
4741
5463
6216
6280
6099
5819
5296
4711
3920
3242
2183
1743
1609
1654
1766
2039
3039
4312
5543
5814
6045
6299
6469
6645
6820
6939
7004
7096
6168
6190
6065
5383
4612
3804
2993
2149
1502
1568
1607
1703
1772
1978
2180
1906
2000
1964
2083
1610
1809
1683
1592
1092
1425
1755
1978
2098
2229
2228
2360
2438
2325
2374
2427
2521
2736
2963
3108
3166
3110
3091
3114
3208
3328
3348
3409
3484
3561
3665
3744
3873
4090
4289
4483
4581
4100
4116
4170
4309
4396
4341
3595
2843
2103
1527
1436
1080
1463
1790
2021
2132
2307
2371
2450
2579
2678
2789
2931
3107
3255
3344
3515
3618
3715
3796
3840
3926
3993
4055
4172
4215
4260
4383
4519
4622
4717
4795
4786
4846
4821
4852
4860
4934
5016
5669
6717
6984
7067
7095
6893
5852
5031
4253
3588
2594
1730
1494
1454
1634
1466
1489
1500
1508
1467
1628
1472
962
1209
1335
1429
1498
1588
1710
1826
1741
1789
1815
1577
1426
1547
1464
1377
1403
1760
2009
2340
2548
2745
3039
3321
3295
3425
3530
3550
3655
3735
3857
3767
3666
3495
2321
1458
1766
2305
3136
4104
4069
3912
3853
3777
3761
3650
3577
3078
2694
1740
1581
1587
1645
1591
1640
1863
1632
2507
3414
4520
5917
6775
7062
7061
6994
7080
7189
6912
6234
5774
5287
4548
3929
3294
3039
3229
3308
3263
3269
3287
3231
3302
3384
3471
3545
3580
3607
3685
3775
3863
3931
4011
4087
4168
4223
4308
4423
4594
4701
4758
4661
4382
4397
4461
4578
4641
4677
4415
4396
4126
3715
2844
1988
1781
1110
1101
1481
1669
1840
1937
2098
2255
2505
2680
2835
3006
3096
3273
3424
3433
3420
3388
3503
3570
3650
3722
4030
4123
4332
4450
4507
4505
4458
4565
4501
4634
4720
4805
4926
4986
5086
5217
5357
5454
5571
5676
5734
6031
6178
6378
6442
6549
6713
6769
6831
6866
6866
6946
7017
7169
7321
7476
7636
7825
7930
8086
8241
8423
8734
8911
9099
9274
9474
9585
9666
9763
9851
9976
10091
10178
10164
10147
10174
10207
10254
10388
10505
10668
8176
7696
7055
6425
5725
4974
3209
2296
1579
1640
1586
1622
1539
1609
1581
1703
1230
1334
1638
2575
3665
4760
5852
6928
8145
9301
9478
9626
9990
10281
10484
10652
10842
11045
11242
11394
11535
11603
11685
11828
11898
11832
11791
11746
11671
11728
11816
11881
11954
12052
12086
12148
12237
12299
12369
12469
12608
12719
12828
12938
13103
13161
13163
13278
13339
13392
13400
13279
13004
12982
12925
12984
13045
13191
13250
13245
13316
13357
13465
13525
13067
13141
12169
11218
10401
9351
8295
7909
7984
8052
8223
8347
8489
8650
8822
8926
9035
9161
9281
9417
9539
9530
9554
9584
9666
9673
9259
8813
8767
8776
8157
8032
7736
6998
6169
5404
4637
4243
4440
4428
4567
4767
4799
4795
4761
4731
4745
4800
4844
4907
4982
5069
5156
5214
4671
4771
4791
4410
4327
3972
4474
5473
5614
5582
5820
5067
4351
3695
3745
3817
3910
3965
4014
4104
4167
4686
5789
6926
7133
7156
7233
7304
7419
7418
7320
7296
7278
7214
6670
6657
6523
5959
5230
4557
3807
3129
2390
1907
2126
2302
2222
2096
2082
2157
2350
2505
2636
2752
2244
1616
1496
1575
1580
1046
1339
1788
1984
1924
2032
2090
2165
2218
2294
2362
2426
2543
2573
2649
2733
2786
2854
2928
3002
3089
3193
3264
3374
3479
4201
5412
6496
7403
8306
9193
10207
10702
10870
10992
10458
10724
10199
9571
8986
8525
7862
7139
6422
6072
6042
6099
6136
6139
6147
6255
6378
6500
6596
6658
6821
6981
7214
7545
7686
7782
7835
7938
8023
8118
8246
8299
8388
7649
7494
7428
7351
7254
7105
7105
6302
6159
6042
6027
5523
4760
4024
3291
2415
1714
1341
1411
1506
1615
1742
1853
1957
2039
2116
2174
2231
2342
2353
2449
2534
2646
2746
2851
2962
3065
3131
3043
3180
3288
3004
2992
2809
2809
2727
2763
2873
2419
2509
1521
1453
1454
1455
1570
1514
1470
1537
1603
2525
3640
4747
5908
6943
8077
8508
8581
8677
8819
8913
9001
9039
9164
9269
9403
9530
9593
9713
9890
10023
10132
10226
10267
10317
10408
10495
10556
10626
10688
10204
10140
9768
9665
9460
9386
9334
9166
9190
8228
7524
6789
6006
5314
4638
4700
4767
4861
4936
4973
5019
5091
5191
5293
5394
5514
5614
5674
5745
5830
5965
6076
6196
6279
6370
6424
6621
6717
6643
6715
6512
6521
6484
6343
6303
5641
5554
5460
5552
6319
7071
8077
8653
9098
9390
9809
9399
8739
8821
8940
9043
9227
9335
9471
9572
9690
9846
10027
10158
10273
10389
10453
10548
10650
10718
10768
10689
10718
10848
10581
10667
10747
10474
10369
9978
9855
10338
11192
12077
12733
13764
14015
14891
15621
15293
14521
13788
13133
12438
11751
11078
11110
11186
11283
11413
11487
11574
11696
11791
11898
12009
12033
12091
12139
12199
12267
12346
12385
12453
12532
12536
12585
12686
12759
12825
12887
12962
12965
13010
13062
13112
13173
13062
13104
13188
12450
12369
12185
11595
10901
10237
9508
8833
8183
7688
7731
7792
7867
7937
7985
8093
8179
8256
8322
8384
8469
8520
8630
8747
8837
8956
9063
9135
9186
9225
9304
9370
9482
9522
9542
9567
9575
9616
9068
8992
8858
8650
8681
8188
8055
7509
6800
6104
5578
4965
4245
3699
3721
3838
3972
4026
4064
4119
4171
4270
4365
4431
4551
4651
4739
4837
4949
5032
5138
5262
5384
5494
5383
5457
4744
4709
4654
4626
4569
4519
4492
4253
4279
4334
3897
3822
2997
2195
1497
1504
1459
1042
898
1215
1479
1592
1680
1704
1802
1865
1931
1970
2031
2141
2296
2355
2419
