2656
2712
156024
635
1522
590
652
1365
576
1508
602
642
536
588
1329
610
1534
570
601
1602
562
1476
585
630
1441
597
1494
590
646
533
610
1400
608
1707
580
602
1493
605
1374
571
626
595
589
1341
583
1518
576
608
1467
602
1411
581
588
551
595
1367
593
1513
614
642
1549
599
1333
580
638
536
594
1401
622
1505
598
598
1356
576
1542
596
640
569
566
1523
588
1371
591
649
541
574
1369
590
1508
583
613
1514
592
1467
571
624
544
553
1519
589
598
527
564
1542
568
1454
594
633
1367
570
1533
592
593
534
583
1551
565
1508
569
574
1466
580
1363
583
600
549
610
1483
586
615
535
603
1561
577
1306
636
643
533
619
1367
591
1517
575
583
1360
617
1572
592
610
544
606
1339
577
1544
586
598
1471
599
1364
595
641
544
620
1521
555
606
556
570
1504
589
1347
586
582
543
600
1491
576
574
543
602
1641
596
1473
579
636
1355
562
1512
559
621
537
563
1311
629
1630
587
628
1312
637
1301
594
611
620
638
946
594
892
574
586
621
649
1104
600
608
561
576
1010
604
633
647
685
1004
606
954
589
606
622
659
1013
614
645
548
577
997
594
588
605
643
947
620
910
609
684
707
679
1056
595
593
549
608
1041
604
799
615
668
560
612
820
596
1287
649
674
698
552
820
602
653
503
580
832
558
984
584
647
677
692
935
555
570
619
668
995
614
944
618
633
688
687
952
611
644
523
574
806
595
985
603
640
688
619
825
603
621
517
590
962
601
625
639
687
1001
601
900
614
624
519
571
959
611
628
530
562
803
581
1003
588
586
677
605
946
608
632
677
561
750
599
640
691
737
1023
618
921
617
675
715
810
996
601
655
477
561
896
626
965
590
612
676
712
1041
602
652
504
567
1023
611
601
633
703
1027
603
1016
596
625
673
678
918
599
655
543
603
789
607
974
613
633
704
589
834
620
631
576
597
917
603
647
497
576
814
608
960
592
637
695
617
820
610
620
545
615
1003
599
619
640
677
946
582
947
589
624
718
591
805
624
628
541
599
914
593
613
628
656
936
612
925
585
647
636
595
967
582
614
588
626
809
593
978
610
628
646
650
911
599
600
534
584
818
587
985
608
629
681
740
955
614
672
572
609
845
621
993
592
597
730
596
837
610
646
537
600
926
613
616
559
615
845
606
992
597
604
661
682
968
604
649
528
571
840
601
1010
624
613
685
603
818
589
620
572
614
867
601
985
605
635
665
563
825
596
619
532
585
910
582
619
620
660
1052
602
930
591
621
644
678
1061
601
623
623
580
796
611
762
563
571
593
604
972
579
817
587
596
552
598
866
564
951
595
605
613
651
922
584
591
628
641
904
580
793
5768
937
847
741
660
820
749
756
722
696
745
731
715
753
725
711
749
721
763
700
4918
775
725
755
762
753
731
719
712
775
752
723
732
735
752
748
874
833
1241
1505
1523
1822
1247
2066
2665
3480
4087
5007
5592
5941
5984
5998
6082
6087
6082
5950
5946
5937
5940
5948
6362
716
568
1129
1139
1137
1118
1109
1466
1266
624
601
612
626
616
636
648
681
701
704
733
681
715
736
771
798
829
899
944
1004
1055
1109
1163
1165
1209
1238
1333
1429
1372
1343
1363
608
651
662
656
662
665
640
659
740
713
760
773
799
839
909
951
1003
1016
1047
1114
1185
1233
1311
1383
1456
1536
1614
1699
1691
1697
1717
1741
1738
1779
1796
1819
1844
1876
1877
1892
1932
1915
1941
1950
1979
2034
2038
2087
2110
2159
2191
2250
2316
2403
2530
2614
2614
2659
2648
2696
2744
2808
2885
2982
3021
3049
3061
3095
3157
3247
3303
3367
3418
3449
3506
3560
3618
3687
3747
3811
3861
3907
3986
4049
4070
4091
4107
4138
4185
4224
4278
4243
4247
4238
4275
4310
4349
4378
4435
4443
4459
4464
4477
4486
4516
4539
4595
4635
4653
4682
4663
4695
4696
4728
4758
4796
4872
4944
5008
5044
5107
5145
5207
5210
5258
5282
5283
5316
5336
5356
5367
5431
5472
5525
5557
5587
5610
5613
5638
5667
5673
5711
5725
5789
5822
5880
5927
5955
5946
5953
5926
5932
5953
5685
5681
5431
5419
5351
5339
5396
4970
4952
4668
4689
4575
4562
4603
4343
4335
3702
3697
3422
3439
3453
3233
3255
2945
2939
2736
2745
2799
2586
2637
2230
2115
2157
2197
2217
1786
1808
1817
1868
1878
1450
1491
1276
1276
1223
1197
1216
825
842
602
638
580
624
971
620
673
567
595
955
604
635
655
711
1078
611
923
616
648
678
582
853
595
627
536
592
974
644
692
534
559
949
594
602
565
597
909
585
611
558
575
939
558
585
655
675
1176
586
599
619
653
931
940
938
593
659
708
590
994
612
666
754
574
802
603
665
558
585
924
595
607
539
575
803
566
991
549
611
723
606
820
571
650
528
595
1009
597
633
664
712
923
671
889
631
643
486
570
831
602
1040
564
581
636
685
978
593
622
570
607
775
601
1065
602
653
697
563
991
624
626
630
626
919
567
575
481
558
891
581
930
576
597
