3397
3671
3321
1369
1238
1249
1266
1384
1472
1560
1575
1579
1593
1614
1597
1634
1723
1819
1853
1917
1984
2035
2107
2153
2196
2211
2258
2274
2288
3325
5786
3336
767
560
621
553
1294
1696
630
612
712
742
982
1083
1033
992
1019
1144
666
697
745
752
729
744
751
758
814
862
931
959
1013
1086
1113
1205
1236
701
705
1080
1107
617
595
626
736
705
644
691
730
727
769
745
768
872
940
1013
1070
1171
1219
1260
1304
1394
1410
1434
1489
1303
1357
1451
1567
1601
1599
1666
1469
1479
1533
1591
1676
1717
1761
1713
1711
1727
1780
1800
1743
1794
1881
1945
1970
2002
2046
2125
2200
2231
2312
2086
2111
2155
2218
2273
2361
2404
2481
2497
2190
2197
2278
2274
2343
1812
1839
1746
1806
1892
1513
1564
1071
1115
1034
1048
1107
637
874
619
606
521
622
928
684
1024
611
673
710
703
1008
618
951
594
615
650
681
790
596
1091
615
614
666
689
1041
593
633
655
684
1061
603
804
575
658
491
590
874
593
854
594
640
545
641
854
593
1000
581
632
711
694
883
594
966
593
629
646
701
1022
612
631
702
715
831
618
1016
632
671
735
765
875
614
1008
630
703
676
676
971
591
797
585
595
567
582
836
569
800
608
671
517
612
842
625
961
601
641
514
569
822
592
950
595
614
539
648
814
628
1127
600
600
671
684
856
619
1011
625
676
702
772
1043
623
670
685
731
897
608
1026
609
617
662
689
1020
609
830
595
638
139822
649
1578
571
589
1341
567
1544
573
609
536
567
1377
567
1527
545
555
1556
546
1497
563
782
1813
766
2078
704
743
680
686
1568
633
1785
643
674
1731
623
1607
646
658
606
616
1521
632
1691
600
617
1596
611
1516
579
581
541
583
1417
595
1522
600
625
1488
575
1350
615
631
536
584
1399
593
1533
581
613
1381
608
1556
619
661
538
584
1704
604
1397
593
661
528
621
1375
594
1498
616
664
1537
602
1340
613
614
524
587
1551
584
617
536
562
1718
677
2082
1017
604
597
660
1403
635
633
526
550
1641
547
1453
552
3040
4964
4857
4683
4658
4649
4161
4166
2417
1949
1778
1161
1149
1808
637
1440
694
675
574
660
1363
611
1531
577
579
1643
654
1592
630
633
686
629
1399
609
1617
612
629
1579
617
1345
634
667
711
591
1559
650
623
605
827
1368
642
1421
607
617
619
655
972
630
623
657
705
1412
837
821
611
622
609
605
944
983
641
621
623
644
659
1010
620
709
741
898
1001
628
614
638
711
975
1307
601
578
653
684
688
872
579
625
959
610
593
615
662
586
659
1050
578
918
597
620
685
609
1048
618
678
955
995
1101
600
600
615
645
867
636
1178
563
651
684
678
1161
599
637
557
647
1147
611
830
620
681
869
1145
1154
595
1083
641
640
1167
1221
6262
718
3944
3763
3692
3681
3656
3661
3654
701
1176
1249
1162
1192
1135
1089
1167
1167
1122
1892
1784
1802
860
796
762
770
1304
667
680
689
698
732
789
826
896
975
1079
1105
1097
1158
1207
1248
1318
1422
1396
644
636
640
669
699
733
760
797
821
725
608
596
662
676
722
780
871
907
960
1040
1054
1079
1141
1216
1224
1263
1322
1392
1418
3181
1382
1370
1158
1143
1191
1385
700
700
746
761
704
772
769
791
844
885
898
907
996
1045
1071
1118
1151
1199
1258
1308
4238
1813
649
630
645
672
664
662
704
693
718
766
779
790
804
839
888
933
1226
1301
1164
1187
1226
1271
1324
1359
1409
1467
1520
1621
1747
1682
1693
1685
1773
1837
1897
1819
1839
1821
1836
1858
1903
1951
2016
2030
2045
2243
2358
2456
2512
2572
2430
2410
2461
2491
2559
2567
2603
2666
2730
2785
2159
2195
2230
2277
2356
2416
2430
2447
2487
2483
2507
2557
2584
2638
2639
2657
2692
2735
2790
2847
2892
2954
2969
2960
2997
3012
3042
3082
3109
3127
3131
3159
3200
3240
3256
3261
3306
3365
3420
3452
3464
3485
3514
3521
3571
3617
3653
3673
3713
3756
3785
3809
3883
3897
3941
3695
3760
3820
3505
3537
2938
2906
2912
2879
2904
2576
2619
2401
2426
2470
2172
2197
1690
1735
1747
1525
1554
1289
1303
1121
1123
1181
861
1030
603
641
738
570
846
607
641
543
634
1004
580
601
577
651
1097
577
928
573
603
608
633
958
613
598
635
695
1022
610
806
615
650
615
657
1040
598
825
593
586
549
624
869
567
963
583
610
643
652
916
600
611
615
638
978
591
843
586
604
547
611
935
585
603
636
673
1000
582
820
583
621
519
573
819
598
994
584
607
627
649
997
585
616
643
676
1006
602
802
582
600
505
582
869
587
874
583
621
540
622
886
611
1054
614
685
749
724
1038
595
592
631
627
1054
604
795
584
601
536
593
895
588
1024
556
598
629
674
941
586
582
620
663
853
583
1010
611
649
549
591
844
615
846
581
630
575
637
883
590
946
586
596
628
617
933
579
619
557
610
827
592
849
615
641
542
605
944
586
628
587
654
1029
605
844
591
631
521
615
826
598
887
627
664
502
586
902
587
992
581
650
685
637
1028
596
611
640
653
922
598
804
570
628
505
561
1044
602
845
579
623
