3712
3726
3761
2920
4192
2859
1944
1582
579
582
555
903
984
1921
5938
1084
925
950
899
880
891
886
862
944
992
1006
1207
1267
5007
4628
3161
3050
1541
1002
1065
584
576
788
523
977
663
1558
1038
1136
1573
975
790
1391
2164
723
712
712
637
591
647
594
642
697
1076
636
655
642
744
837
898
946
985
966
1029
1106
1211
1303
1116
1150
1204
1231
1250
1286
1350
1404
1399
1423
1478
1574
1686
1740
1789
1830
1832
1894
1945
1976
2052
2119
2177
2233
2280
2297
2365
2446
2554
2615
2703
2760
2148
2150
2199
2245
2257
2317
2328
2373
2379
2420
2440
2472
2535
2608
2613
2680
2704
2717
2764
2753
2782
2814
2833
2865
2882
2917
2984
2988
2994
3021
3029
3084
3081
3111
3140
3145
3190
3220
3257
3277
3286
3304
3296
3302
3332
3365
3436
3490
3586
3671
3758
3840
3935
3992
4052
4126
4152
4192
4222
4275
4305
4341
4391
4443
4505
4556
4630
4702
4786
4869
4950
4998
5073
5103
5152
5094
5065
5047
5040
5021
4984
5002
5031
5054
5107
5153
5217
5293
5356
5391
5392
5428
5464
5536
5560
5603
5668
5679
5713
5716
5741
5772
5782
5805
5812
5821
5843
5850
5861
5850
5845
5860
5929
5944
5969
5981
6043
6050
6017
6051
5496
5481
5517
5510
5561
5073
5029
4721
4739
4560
4643
4710
4492
4494
3986
4009
4048
4036
4063
3546
3513
3546
3583
3624
3205
3236
2918
2936
2720
2742
2760
2463
2499
2065
2027
2031
2052
2075
1709
1751
1666
1708
1819
1358
1380
1150
1150
954
992
1021
792
1020
619
640
663
683
862
625
982
590
608
680
699
1029
612
607
662
680
880
558
832
611
657
545
604
803
605
880
600
672
534
602
981
598
613
640
673
936
600
832
601
627
557
613
829
619
879
587
600
564
563
752
589
1009
628
620
616
613
887
585
586
649
685
903
623
1006
610
611
590
590
801
643
884
616
634
553
577
861
635
935
595
616
637
633
934
595
619
662
666
900
598
835
554
590
676
710
945
619
921
595
620
688
616
966
600
627
648
562
812
583
669
547
628
938
612
652
574
580
960
613
659
701
757
1033
617
945
614
642
670
607
834
606
607
606
621
920
600
636
679
674
945
596
994
596
623
633
579
774
579
597
533
586
898
583
616
564
601
985
595
587
579
627
771
608
920
582
601
619
629
908
565
601
560
589
795
592
979
588
599
635
572
803
579
623
545
579
774
578
1025
588
636
730
567
765
628
660
1465
1313
1320
1200
743
821
760
851
774
758
819
882
969
1048
1094
1144
1101
1139
1196
1242
1352
1411
1463
1488
1505
1574
1603
1420
1495
1236
1285
1057
1081
1153
899
1004
583
586
621
664
980
580
619
570
630
793
599
978
612
660
723
756
979
592
646
547
604
788
594
964
545
630
690
678
979
598
653
536
605
913
593
1257
912
961
985
920
652
639
652
1141
961
1338
1295
921
1984
2004
1984
2001
588
789
753
767
740
705
719
750
765
737
722
726
735
742
733
708
734
713
723
735
748
720
721
743
733
780
743
728
739
749
752
765
744
738
733
717
765
740
739
771
744
725
773
726
738
723
716
714
762
721
720
814
711
718
748
737
704
741
669
692
1092
1114
565
1097
1094
1071
1066
1138
1094
1044
1086
979
969
946
947
969
1009
1044
1014
975
975
1014
1058
1113
1135
1151
1158
1160
1147
1171
1171
1190
1205
1237
1239
1255
1278
1298
1286
1290
1283
1319
1319
1299
1193
1222
1220
1258
1306
1334
1344
1351
1360
1377
1386
1411
1430
1426
1440
1443
1446
1463
1458
1495
1647
1658
1685
1681
1676
1606
1609
1613
1635
1636
1629
1633
1646
1647
1654
1652
1659
1670
1674
1651
1657
1662
1661
1670
1679
1672
1689
1704
1712
1719
1720
1735
1760
1769
1762
1763
1766
1763
1783
1816
1824
1851
1864
1808
1694
1696
1692
1706
1699
1693
1703
1694
1685
1697
1705
1707
1728
1744
1745
1749
1631
1636
1645
1660
1638
1662
1653
1604
1635
1650
1648
1714
1725
1733
1774
1773
1757
1767
1795
1800
1828
1831
1823
1831
1837
1840
1857
1860
1860
1878
1874
1882
1906
1920
1921
1933
1943
1949
1517
1503
1047
1050
1062
1075
1101
1094
1115
1123
1111
1036
1084
1096
1109
1060
1040
1062
1076
1067
1100
689
681
700
714
2798
2282
2305
2356
2411
2465
858
1569
1607
1664
873
1249
1280
862
879
879
899
873
886
850
866
875
888
827
867
842
876
1156
913
838
916
936
951
1003
1054
1101
1099
1161
1220
1251
1277
1329
1333
1359
1406
1473
1514
1577
1639
1667
1707
1753
1861
1923
1979
2058
1964
2050
2095
2161
2338
940
711
838
721
703
564
677
675
661
677
3598
2299
1485
1688
871
1357
1376
1031
533
648
1415
1409
1370
1346
1380
1118
512
1061
1072
1056
1053
1037
1031
1074
502
1037
1017
1044
516
1040
1051
1094
523
531
557
1057
517
1090
3195
753
3312
738
2362
796
641
627
630
699
741
747
830
737
794
821
776
824
883
926
989
1052
1091
1110
1150
1204
1292
1300
1317
1359
1398
1414
1457
1484
1525
1567
1611
1636
1676
1698
1745
1788
1844
1899
1963
1993
2068
1974
2014
2063
2080
2123
2163
2196
2247
2305
2323
2376
2388
2443
2489
2514
2567
2625
2674
2680
2710
2734
2776
2833
2883
2925
2977
2987
3018
3036
3071
3084
3133
3163
3215
3269
3319
3361
3398
3420
