3560
3598
2108
1659
1016
911
2554
1267
1053
1242
1069
920
774
969
1181
1395
1567
1799
1996
2216
2382
2451
2651
2808
2820
3151
3209
3509
4519
4839
4686
4403
4375
4405
3899
3556
3728
4007
3517
3740
4042
4330
4670
4446
4780
5232
5169
5280
5089
5165
5201
5040
4988
4227
3851
3796
4096
4426
4599
4846
4217
4151
4158
4297
4704
3885
4067
3889
3796
3379
3309
3063
2428
1978
1028
626
645
589
651
616
642
1290
634
1668
570
558
1396
918
773
786
722
825
769
738
725
840
977
995
993
1283
1588
1884
2193
1303
1602
2801
936
961
1129
1291
1423
1658
1745
1749
1663
1493
1251
726
650
606
702
669
607
661
626
642
904
583
909
1525
978
1723
588
534
1901
552
2083
829
939
1168
1305
1476
1695
1893
1619
1226
819
973
1959
583
554
756
934
1734
638
2062
566
548
1846
751
2309
739
1049
883
562
2383
910
1878
617
607
785
568
2302
689
606
764
577
2515
689
1944
810
658
874
740
2037
547
2734
765
674
1503
933
968
1018
853
780
880
1613
901
1013
1129
1380
1343
1353
1135
738
845
744
679
1492
867
968
1316
1448
1023
744
625
639
607
614
605
702
623
1046
818
901
840
710
793
745
773
796
822
835
888
1259
1160
969
922
1177
1376
1730
1980
2207
2554
2793
3096
3411
3090
2960
3169
3465
3677
3761
4034
4042
4154
4367
4440
4706
4821
4668
4444
4151
4328
4430
4695
5001
4802
4924
5097
5084
4953
5221
5432
5290
5261
4675
4503
4111
4283
4521
4066
3836
3595
3700
3916
2641
2896
1688
1919
2255
1303
2516
763
712
731
1040
1087
1059
1002
1159
1427
1508
1519
1726
2010
2269
2473
2728
2884
2437
2638
2884
3194
3598
3582
3796
3569
3899
4181
4593
4766
3906
3510
3120
2875
2446
1757
1711
836
875
866
844
1606
928
1040
1073
1251
1866
1002
1013
802
884
959
837
1881
867
768
927
770
834
767
811
744
813
730
751
785
1103
855
834
823
756
993
937
843
880
997
1198
1271
1398
1631
1758
1903
1984
816
2441
1150
840
907
1152
1027
940
903
868
632
2413
617
2230
596
522
1781
809
2060
1083
822
997
673
1996
894
2030
634
653
1765
602
2318
639
575
841
1040
2387
1057
1443
912
1082
1319
1573
1820
1930
2201
2304
2717
2983
2600
2510
2391
2645
2757
2587
2649
1776
1514
1156
1002
1464
949
1078
1254
1453
1585
1762
2037
1829
2054
2294
2380
2664
2927
3407
3563
3475
3630
2565
1578
1009
782
813
985
1195
1442
1852
2171
2500
2727
2273
2560
2919
3302
3690
3316
3819
3715
4021
3811
3740
3279
1034
831
667
741
2076
1099
1286
864
963
1185
1240
1266
1261
1092
821
940
1845
1283
737
679
621
1527
892
1045
884
783
791
816
1457
792
961
892
1152
1367
1479
1442
1303
1020
975
1241
1411
810
2389
849
942
1052
1165
1297
1521
1665
1898
1886
1841
1956
1993
1927
2157
2103
2020
2059
1947
1801
1507
1036
1312
866
863
845
873
852
885
1317
998
997
990
1192
2056
670
658
974
858
2275
599
1854
633
574
938
705
1715
662
2227
1239
607
1115
762
1873
579
2085
1164
643
748
523
2244
648
589
953
1324
973
937
1199
862
788
938
706
844
1095
972
764
780
790
851
781
774
760
803
993
1103
1056
1013
808
810
896
815
766
785
801
790
795
838
792
861
1074
1329
1648
1920
2401
2914
3459
3833
3584
3088
2302
1892
1443
1127
821
733
747
779
812
737
1096
758
794
758
827
870
796
811
753
704
984
1105
1547
1109
1447
1188
1324
2489
1031
1421
1036
1302
1018
1249
1321
1145
1570
1000
1064
1164
1288
1541
1797
1872
1899
2120
2181
2124
1957
1201
939
846
812
699
717
689
1083
1029
766
763
680
726
789
743
1038
732
701
654
806
823
749
677
664
636
997
682
789
658
671
884
666
656
709
1157
830
714
781
803
781
769
904
864
861
769
884
822
1000
1098
984
992
1307
1563
1852
2116
2475
2707
2959
3297
3160
3543
3580
3834
4091
3725
4017
2952
3221
3539
3866
4170
3894
4238
4566
4853
5194
4892
5174
5282
5272
5528
5773
6070
5743
6078
5849
6068
6294
6514
6905
6601
6839
7102
7343
7602
7396
7718
7970
8339
8234
8372
8691
8196
8337
7975
8001
8203
8350
8596
8916
9197
8709
8959
9191
9467
9704
9207
9395
9687
9943
10206
10039
10262
9941
10159
10305
10553
10939
10829
11148
11072
11449
11820
12214
12468
11898
12070
12164
12341
12525
11467
11374
11178
10970
10215
9966
10260
9304
9374
8639
8876
8512
8549
8487
7911
7852
6988
7153
7316
7131
7414
6173
6052
6056
5922
5966
5787
5719
5757
5803
5838
5889
5876
5975
6269
6670
6666
6846
7082
7395
7687
7999
7465
7568
7387
7307
7365
7460
7613
7648
7905
8005
8203
8528
7820
8031
8348
8566
8699
8875
9087
9287
9530
9688
9923
9972
9505
9518
9745
9917
10192
10538
10909
11219
11540
11777
11283
11522
11751
11731
11983
12258
12405
12590
12801
13023
13274
13518
12973
12640
12903
13199
13473
13800
14064
14359
14639
14845
14377
14409
14523
14694
14920
13758
13979
14165
14422
14630
14562
14745
14854
14999
15208
15413
15650
15477
15727
15976
16176
16422
15803
15956
16220
16498
16698
16517
16728
16591
16864
17084
17361
17702
17428
17720
17765
18047
18261
17984
18249
17997
18298
18623
18822
19164
18887
19142
19455
19742
20095
20064
20306
19628
19736
20016
20182
20408
20433
20457
20770
21010
21394
20940
21190
21342
21482
21689
21720
21792
21666
21590
21563
21537
21484
21642
21795
21944
22153
22236
22479
22798
23155
23491
23424
23301
