4411
4432
4527
4598
4627
4508
2633
8431
5971
3463
1696
1657
1693
1792
1822
4981
5041
5009
3756
3667
3286
3332
3341
1056
871
830
1568
2396
676
1300
698
613
746
719
686
677
724
738
1440
621
639
721
751
780
801
879
939
941
1025
1066
1102
1317
1378
1405
1134
1182
1209
1265
1384
1444
1470
1510
944
976
571
566
596
1274
610
657
731
774
805
855
905
931
905
948
1044
1148
1224
1183
1139
1119
1122
1188
1248
1276
1257
1283
1339
1370
1409
1490
1563
1605
1678
1718
1734
1788
1835
1892
1997
2052
2073
2086
2090
2111
2128
2213
2289
2343
2359
2360
2418
2416
2422
2501
2577
2633
2692
2784
2852
2916
2956
2985
3008
3078
3132
3174
3185
3259
3307
3384
3437
3459
3522
3550
3559
3620
3664
3726
3783
3850
3873
3906
3933
3950
3962
3956
3987
3991
4032
4112
4170
4245
4296
4363
4439
4474
4510
4567
4629
4705
4731
4780
4834
4881
4928
4990
5022
5086
5147
5186
5226
5265
5323
5410
5444
5478
5520
5588
5620
5656
5689
5751
5801
5849
5866
5875
5893
5906
5976
6001
5999
6010
6039
6097
6106
6149
6175
6205
6208
6216
6231
6266
6287
6322
6327
6345
6188
6221
6169
6185
6212
5754
5765
5496
5483
5299
5309
5318
5067
5084
4777
4789
4783
4795
4808
4348
4378
4066
4066
4068
4051
4084
3671
3713
3451
3436
3276
3273
3346
3092
3148
2737
2759
2576
2560
2568
2309
2344
1926
1930
1930
1945
1946
1490
1524
1497
1556
1572
1223
1239
799
871
916
960
1112
613
785
572
605
530
622
901
596
886
591
635
568
616
940
594
592
632
683
1055
586
797
606
644
600
630
1109
606
799
584
603
523
574
830
557
1042
575
571
619
626
940
567
582
617
680
1089
590
792
578
609
546
571
821
600
949
573
609
671
651
975
583
592
596
635
1135
589
775
593
605
532
584
822
572
1011
574
598
665
670
1006
580
594
633
697
1072
617
808
596
633
624
691
1082
582
810
568
596
596
603
770
611
857
601
678
525
590
832
600
918
585
628
565
610
842
607
982
608
639
666
682
987
590
637
599
598
1003
582
811
573
637
546
580
753
578
1015
574
584
600
605
984
550
581
629
600
980
575
768
567
607
545
546
774
558
915
554
596
647
625
1015
561
629
656
701
1032
553
773
564
592
545
583
779
566
1012
570
583
635
668
812
575
953
618
544
599
612
827
587
623
603
617
980
572
851
596
628
503
566
957
579
613
527
591
957
572
631
508
589
1063
590
578
538
546
953
576
601
615
641
976
569
969
604
628
637
587
819
603
649
538
602
911
604
626
543
598
955
595
615
518
601
1026
590
586
623
657
957
587
972
584
615
694
599
974
563
613
722
571
843
599
671
530
600
941
605
679
623
664
1056
614
1046
621
641
698
694
942
611
662
680
715
1011
617
805
590
617
555
596
981
613
629
645
659
1007
590
933
600
615
656
587
811
566
599
529
582
962
625
644
646
688
958
611
992
592
615
648
666
1007
615
682
646
713
1030
601
948
610
592
616
630
992
617
655
534
550
1021
578
604
615
663
1016
559
936
568
587
650
617
706
587
635
495
541
1038
604
544
604
619
853
619
910
576
608
638
640
1106
657
649
592
603
835
609
1009
575
594
676
604
787
607
640
545
616
917
594
602
626
615
936
600
935
584
611
761
592
819
601
595
554
620
981
583
600
597
601
986
589
926
602
671
697
670
1094
607
620
571
575
790
635
1092
590
646
743
588
830
595
629
530
603
1090
612
642
562
608
851
590
1003
581
601
698
580
964
608
615
644
692
1008
637
701
664
714
1064
600
935
588
597
667
669
980
587
599
538
596
965
585
617
533
574
1075
595
941
586
604
624
636
1096
573
609
526
877
908
666
1092
599
597
707
626
864
582
610
507
564
825
587
994
605
631
680
572
1054
576
597
615
636
976
583
616
502
561
833
581
1041
593
639
737
607
827
590
595
572
616
930
588
645
651
715
1177
592
935
577
617
738
561
803
545
587
549
601
831
611
1001
629
664
685
583
842
575
615
503
568
842
637
1010
610
606
654
571
1045
612
627
679
707
1028
586
619
529
600
846
594
968
604
622
705
616
848
604
624
540
592
978
591
638
655
704
1027
611
778
601
648
572
617
945
604
622
634
619
960
558
798
586
614
562
629
1033
575
580
603
639
963
600
961
578
594
650
666
994
610
674
587
610
801
631
1024
574
563
655
583
1003
578
618
6001
836
1730
1360
2071
1373
3014
1905
1840
17078
7970
637
601
582
2424
624
586
591
583
620
1122
1142
1110
1165
618
560
578
1837
630
1808
627
1986
591
2015
625
618
590
570
1824
1467
736
610
623
620
583
629
615
624
632
615
600
619
629
643
724
583
636
613
628
660
656
723
754
821
843
889
910
978
1048
1090
1146
1180
1235
1254
1279
1341
1364
1418
1462
1509
1545
1590
1638
1705
1733
1780
1852
1892
1929
1953
2009
2060
2120
2168
2205
2255
2273
2278
2300
2319
2333
2362
2399
2447
2458
2453
2469
2488
2515
2537
2560
