2617
2888
727
9492
10407
716
740
2261
1163
894
825
865
852
916
136937
650
1539
586
615
1324
579
1551
589
608
536
615
1471
787
2191
770
775
2197
759
2092
762
790
1782
741
2011
707
745
683
738
1691
687
1881
662
698
1776
642
1576
663
681
596
614
1488
618
1629
596
608
1731
585
1439
630
632
542
576
1343
596
1501
568
627
1480
574
1341
600
629
533
578
1390
637
1521
603
615
1391
577
1507
610
622
540
576
1512
589
1359
593
650
528
597
1431
605
1495
583
620
1472
577
1325
572
607
534
583
1511
604
626
531
562
1499
609
1480
595
638
1377
588
1663
621
639
533
570
1555
564
1499
571
603
1472
563
1361
597
584
542
594
1465
589
639
712
634
1641
587
1364
601
619
545
589
1393
594
1488
592
625
1413
612
1575
610
667
600
606
1330
593
1549
585
619
1468
615
1376
629
679
546
583
1498
587
620
523
583
1496
591
1384
600
612
544
624
1517
575
592
551
596
1586
578
1578
623
651
1343
568
1511
592
593
557
564
1357
594
1563
607
633
1358
622
1537
583
615
534
613
1513
584
1530
572
604
1409
566
1587
574
604
535
628
1475
578
619
566
577
1632
577
1477
566
589
1327
565
1619
583
615
524
563
1525
593
616
537
621
1532
593
1457
607
642
1372
562
1516
633
658
548
595
1622
578
1325
593
621
527
588
1353
575
1897
606
640
1511
610
1346
553
608
560
593
1330
565
1555
616
649
1372
587
1572
581
625
531
575
1562
588
1485
595
613
1353
569
1522
587
653
550
567
1346
618
1501
580
606
1505
638
1037
584
582
572
588
958
563
553
560
554
899
572
773
578
588
532
558
910
625
637
596
591
747
578
1026
594
616
653
608
920
608
652
667
687
986
594
617
658
702
949
595
938
622
677
723
763
991
591
677
553
599
806
626
960
593
624
651
699
981
624
658
555
585
955
611
626
652
668
958
598
979
579
593
617
611
879
600
617
555
604
818
584
988
547
585
656
577
811
624
648
556
566
920
594
642
534
594
804
619
1011
591
631
665
575
832
616
631
554
616
941
596
600
622
664
930
609
941
596
632
689
567
826
602
624
559
588
846
592
657
648
660
964
600
868
615
619
611
614
947
571
576
565
607
864
597
933
625
664
710
736
986
600
635
578
579
824
562
937
588
606
674
696
915
586
642
485
564
878
630
1024
575
578
660
578
749
575
625
534
601
924
598
629
892
913
908
954
654
936
946
1276
972
968
952
7999
7352
7384
7394
7407
7397
7383
7374
7107
6610
6625
6635
6639
6995
825
933
786
780
746
730
740
738
756
773
741
752
788
771
733
800
1410
703
657
682
750
761
814
612
668
647
687
700
714
736
710
676
655
683
710
823
665
729
756
756
793
844
861
907
925
962
967
950
970
1002
1028
1046
1064
1098
1119
1140
1167
1204
1223
1263
1328
1405
1450
1537
1573
1621
1665
1663
1712
1757
1822
1852
1908
1934
1972
2059
2114
2187
2214
2300
2331
2352
2411
2485
2570
2627
2696
2719
2761
2835
2869
2933
3003
3091
3166
3203
3262
3292
3363
3437
3497
3588
3635
3674
3748
3819
3856
3854
3876
3943
3969
4034
4059
4089
4093
4097
4104
4130
4200
4248
4293
4289
4308
4312
4355
4358
4398
4418
4479
4503
4569
4587
4624
4714
4744
4772
4832
4851
4873
4884
4900
4911
4892
4921
4923
4888
4899
4949
4970
4936
4967
5025
5063
5052
4510
4535
4400
4429
4448
4091
4081
3790
3836
3700
3732
3717
3346
3368
3311
3324
3330
2905
2909
2647
2677
2498
2508
2542
2294
2317
1993
2021
1813
1833
1812
1597
1611
1204
1199
1181
1160
1247
872
889
943
973
978
613
792
589
633
573
606
1051
613
782
586
618
545
608
795
607
975
616
658
678
718
1006
563
562
575
594
845
603
780
610
648
562
621
785
573
870
596
633
540
601
830
618
977
609
627
674
736
985
595
622
629
650
916
536
759
582
616
562
595
788
608
1007
604
622
648
579
820
606
643
611
684
989
626
802
598
651
541
606
810
574
956
609
647
662
694
1014
603
627
669
693
826
610
921
583
605
557
566
779
635
917
597
601
582
614
790
617
1038
588
602
636
637
893
603
652
679
703
977
610
798
569
616
607
640
977
606
778
598
614
597
600
736
587
1212
610
645
541
629
834
608
824
616
657
554
646
800
606
939
602
660
713
713
1017
592
608
654
700
971
598
811
632
690
667
709
1221
778
869
571
584
537
601
900
580
629
516
572
1007
583
611
630
685
1038
613
936
594
636
633
560
770
578
611
528
587
910
631
669
569
591
941
596
589
563
580
943
586
617
555
556
928
595
613
652
671
1076
619
660
672
714
978
607
930
588
596
666
600
911
581
628
639
575
881
601
636
549
600
962
577
597
581
561
763
591
990
559
607
699
556
892
547
590
552
550
895
547
580
609
656
954
570
763
601
641
545
559
751
572
984
600
639
709
761
1013
607
668
581
621
826
602
1009
622
660
679
583
917
592
612
