2885
2178
2238
917
717
615
589
986
1105
882
734
704
735
743
1685
2054
738
1246
1043
802
928
763
557
1024
630
896
677
622
577
600
691
733
1123
629
1279
928
949
846
1461
867
625
833
667
882
726
979
968
875
1854
899
891
630
1017
595
852
1112
1201
1023
922
890
754
740
974
1198
1106
1245
1993
1073
1195
1052
908
862
1103
979
866
949
700
639
650
721
807
630
704
1034
722
757
796
915
1630
1671
1198
1111
658
675
879
576
630
657
784
600
690
646
918
1078
1121
624
554
1530
574
616
585
597
1228
875
1414
1141
1257
680
1629
767
848
828
951
832
624
1039
851
532
508
658
719
505
483
522
1273
965
515
463
823
778
504
763
539
538
564
482
1067
2289
1011
602
569
758
627
1101
1350
841
803
875
730
671
1188
1273
1268
1235
751
1326
907
563
587
529
627
615
673
672
697
649
678
770
918
739
667
705
646
1211
677
613
568
587
560
904
540
1105
558
654
689
923
713
678
714
695
648
718
733
704
844
588
778
540
531
499
519
616
851
593
780
575
796
748
639
655
667
595
554
680
580
880
784
689
715
869
552
1092
895
632
564
800
1112
637
573
592
598
874
1162
837
785
640
630
806
659
894
842
620
1007
1542
877
870
894
877
1027
637
879
880
705
818
668
613
787
999
588
673
626
894
817
1550
917
816
598
602
987
797
784
644
639
798
1251
869
696
610
649
1385
953
675
594
547
776
1214
597
637
554
523
756
873
622
540
551
774
664
844
606
527
820
828
1032
818
615
527
480
583
953
629
537
522
521
976
651
1384
718
548
531
654
1149
543
591
539
568
1128
926
1247
516
562
671
669
726
745
726
911
608
780
538
761
693
618
702
893
555
593
1070
949
563
905
645
1018
800
1094
615
812
535
699
1233
609
1046
865
635
766
637
1694
619
513
865
620
861
1241
620
772
677
572
520
1490
727
600
565
605
973
1736
835
916
916
954
976
632
592
1061
781
1265
641
628
690
1813
622
715
574
554
673
854
931
520
533
523
823
532
477
508
517
515
602
663
911
1015
746
568
586
904
594
913
737
747
574
1087
873
1067
1093
1128
1040
1206
1285
1723
1524
1515
1633
716
618
629
765
1634
572
534
634
1204
864
723
1577
1165
644
579
883
1082
1286
1251
705
698
1116
727
651
811
801
660
1347
939
717
588
918
776
583
810
706
778
1118
779
542
827
592
561
860
823
670
808
583
832
1771
1488
549
540
662
1157
2003
986
705
1267
1384
1029
901
1097
718
843
1235
1412
1061
743
767
1115
1060
957
779
1213
2344
1000
619
684
748
1090
914
726
978
714
1168
1047
886
718
1013
600
947
788
1376
703
1193
1127
1106
881
879
804
704
1135
1330
1057
858
869
896
919
1119
891
1619
728
1304
1332
924
864
776
791
801
695
765
1284
1647
744
841
663
774
658
637
687
675
673
1986
1020
615
537
565
890
2372
2274
685
984
925
796
1172
845
726
725
704
729
1326
1112
997
1049
896
855
863
818
1187
785
1372
899
976
915
643
913
808
731
916
1431
1417
1852
900
1061
924
1174
853
637
1315
1356
1232
1730
926
758
777
657
791
1142
1146
721
772
676
1000
697
653
654
661
685
829
1477
1251
617
646
750
828
696
652
1085
969
1445
1149
1462
665
568
1148
954
816
1140
1202
951
884
619
1737
2024
1032
763
660
701
743
1152
568
603
722
786
740
1775
863
569
553
764
653
1644
1104
594
1000
1215
1334
587
575
564
595
564
2159
1459
1278
708
680
730
985
721
786
703
546
1733
571
555
543
502
684
681
1062
1053
1325
900
932
918
659
684
562
482
816
538
505
504
1106
910
903
699
1178
717
498
522
752
674
753
501
1158
718
585
522
1092
681
537
708
566
586
1101
599
1110
1164
814
1467
1208
619
563
566
652
938
1764
1065
872
711
787
786
539
571
607
544
811
1413
1143
666
1241
813
544
488
467
494
488
721
1310
1031
545
951
648
558
503
579
500
785
674
657
1218
868
1068
680
777
560
1351
1033
546
509
535
520
777
1257
596
541
503
535
989
635
818
531
507
545
579
882
1797
515
502
659
694
497
954
523
677
512
543
917
973
1194
538
509
561
712
613
574
552
792
554
580
1537
955
696
750
797
822
561
629
1257
594
891
1104
926
742
2148
826
927
629
662
618
1138
1584
1097
817
594
634
609
845
702
1196
592
577
1281
862
743
1440
539
543
540
489
928
654
701
506
498
1053
536
509
480
544
532
524
546
1363
593
521
566
1102
780
606
1201
543
580
555
583
1049
669
520
549
947
1024
530
610
592
936
744
659
640
997
990
587
953
656
537
559
1066
547
573
555
600
610
785
1647
683
584
618
706
1724
701
648
763
937
1451
891
1384
2228
1514
771
753
1401
749
1855
567
553
570
549
561
809
1331
568
552
914
685
563
925
571
477
552
496
546
961
712
528
534
537
1174
733
509
537
566
1211
1102
561
538
521
601
1841
792
