7565
7632
7632
7663
7702
7702
7700
7748
7810
7865
7864
7895
5656
19563
627
668
733
1127
824
3495
3821
1127
1010
1033
1052
1060
1082
1087
1168
1212
1210
1249
1292
706
668
615
627
670
716
673
747
801
915
937
979
1022
1090
993
1042
1138
1492
1502
1442
998
1081
810
873
732
770
769
730
681
699
688
704
726
741
755
765
738
776
793
886
944
1014
943
1024
1052
1075
1142
1223
1312
1384
1462
1516
1496
1544
1571
1651
1716
1792
1869
1828
1819
1848
1860
1905
2013
2083
2127
2186
2152
2130
2148
2206
2296
2370
2418
2483
2528
2554
2577
2621
2672
2726
2767
2815
2855
2895
2908
2951
2999
3056
3101
3131
3160
3170
3210
3239
3276
3308
3323
3378
3400
3450
3498
3545
3582
3642
3668
3714
3780
3835
3882
3936
4005
4067
4123
4158
4183
4235
4265
4276
4306
4342
4383
4415
4484
4513
4550
4605
4678
4757
4820
4415
4427
4452
4499
4527
4487
4513
4547
4601
4606
4623
4628
4641
4662
4683
4704
4730
4750
4769
4776
4783
4801
4830
4850
4861
4918
4961
4997
5036
5051
5067
5108
5140
5159
5199
5214
5236
5273
5330
5348
5411
5415
5445
5522
5539
5561
5117
5157
5207
5107
5103
4763
4764
4285
4297
4316
4284
4308
4002
3972
3445
3445
3448
3431
3444
2897
2966
2926
2911
2934
2467
2451
2144
2146
1905
1911
1949
1704
1728
1335
1357
1339
1305
1357
899
879
662
648
548
593
842
571
1047
603
649
675
682
1135
598
595
608
635
1034
613
860
606
636
536
605
873
587
905
575
585
540
577
836
604
1306
752
542
615
634
661
606
1038
593
609
678
585
1087
635
693
628
664
1059
608
840
566
635
571
645
1053
595
879
606
663
528
592
838
587
1027
595
655
715
754
1043
580
617
615
630
1071
616
846
584
650
563
603
818
601
1010
587
628
683
649
1081
593
675
611
635
862
602
1050
616
673
551
606
808
600
1069
605
632
682
620
1059
613
676
643
660
1029
598
800
602
619
612
668
1016
598
922
598
601
505
582
841
582
1135
567
599
620
658
890
578
1076
552
566
573
588
1016
622
640
626
667
1024
605
838
604
651
609
685
1083
595
902
608
641
546
612
879
624
1029
592
615
637
649
1080
585
587
569
616
1044
601
879
613
639
601
647
1066
603
929
584
655
692
628
961
569
1342
611
617
738
603
853
609
1013
590
638
672
715
1065
588
1405
1009
884
940
834
912
611
654
555
565
795
561
948
609
659
689
582
1006
599
684
637
646
1060
594
826
562
611
608
577
913
601
924
616
616
561
613
811
596
1048
618
650
651
682
984
619
609
650
702
950
598
1082
731
609
647
669
889
602
860
581
616
516
598
875
599
1071
608
660
730
692
1109
610
614
642
677
863
599
1047
623
683
608
615
1137
604
977
615
657
773
630
987
601
628
640
645
1037
622
642
554
586
828
621
1073
592
596
681
598
956
613
657
776
559
847
576
601
563
595
984
572
597
540
606
924
616
982
587
647
744
597
1001
587
635
728
593
845
571
580
551
577
921
592
606
533
590
1027
568
617
536
583
822
563
1056
573
564
702
563
846
607
630
556
602
852
570
999
569
596
657
699
1005
596
600
533
579
824
552
1026
564
578
763
539
843
553
576
542
601
979
612
655
648
688
1124
622
892
575
617
507
614
916
617
965
605
677
743
709
1055
587
626
513
603
975
584
990
597
634
748
587
1001
585
588
597
591
1025
574
625
509
594
1084
620
614
616
672
1053
607
850
583
619
538
613
986
604
660
561
575
1045
599
955
625
642
646
563
1042
616
656
639
668
1010
605
913
624
660
543
600
996
584
640
571
620
1030
616
966
612
682
691
654
1059
590
657
534
603
1012
596
634
602
643
1100
576
976
586
608
644
583
1055
603
606
601
613
1026
598
974
587
635
661
672
1051
578
595
522
550
985
593
676
545
566
999
608
975
607
629
649
623
1072
600
616
517
567
1021
608
657
604
661
1043
586
1008
602
632
639
658
1072
634
666
541
534
875
579
971
574
593
735
618
852
622
654
556
606
870
594
1035
591
616
709
565
759
594
637
510
584
1025
564
586
552
557
1049
548
968
573
585
583
584
929
548
646
553
606
1052
615
1037
577
584
687
612
1047
604
600
607
630
972
613
861
608
634
546
608
1056
605
610
610
646
996
609
886
616
649
1219
910
1187
1669
1434
2099
2446
2378
2330
2272
930
1292
1255
879
895
908
900
622
1872
829
717
703
748
715
737
703
710
704
740
720
745
729
707
710
1800
884
1708
677
628
630
625
632
634
656
668
693
743
817
866
916
963
971
985
1000
1023
1026
1100
1206
1236
1294
1343
1129
587
658
692
741
814
880
982
996
1064
1096
1096
1133
1170
1213
1416
1479
1583
1627
1666
1739
1769
1781
1826
1872
1970
2071
2126
2169
2243
2297
2360
2241
2256
2322
2374
2403
2400
2443
2456
2469
2503
2550
2572
2610
2652
2707
2786
2798
2861
2872
2910
2964
3011
3062
3118
3138
3176
3243
3332
3379
3375
3439
3510
3592
3635
3641
3707
3780
3790
3818
3880
3913
3916
3939
3951
3978
