2806
1846
706
697
631
779
790
1941
791
682
638
742
1155
1425
2315
703
1058
1103
749
1652
2106
607
895
841
840
889
2351
905
1296
1241
1023
635
1791
524
553
506
531
533
609
1134
532
529
692
571
706
1195
582
552
534
504
556
706
921
565
699
595
961
765
555
513
556
576
519
595
912
792
536
529
542
617
784
1260
544
527
529
512
671
715
1185
531
553
980
959
962
761
780
579
571
580
730
765
1681
826
541
541
784
872
822
668
548
592
595
564
1571
658
499
552
565
683
827
1179
520
729
948
910
1148
693
593
533
1097
779
857
1244
562
529
1217
754
917
922
895
740
853
845
995
1004
1746
1021
1065
819
807
728
867
666
836
702
1963
1366
782
751
1014
812
886
837
794
719
1085
1007
1168
668
703
637
754
670
882
692
694
1725
1064
1161
693
955
757
870
974
916
1499
1285
929
896
784
870
890
1180
794
764
1054
1091
796
845
806
736
1042
844
1551
708
681
547
505
1146
1443
502
532
516
487
1427
527
651
538
566
595
530
600
592
512
546
664
995
714
754
844
602
964
1107
925
594
532
683
753
1016
594
564
583
625
610
1072
682
524
534
550
1064
1067
511
560
537
918
548
1717
538
533
503
606
1388
553
543
565
521
768
907
1700
771
644
560
562
1703
989
500
810
796
796
1328
1333
970
696
637
666
1213
2268
718
832
995
807
796
784
810
1026
678
585
1196
696
680
610
744
724
700
1171
543
729
614
827
747
966
580
548
641
771
781
750
1805
786
720
678
729
1832
1224
808
725
727
711
1382
878
695
911
685
1104
2024
534
588
991
804
998
831
1232
1592
1010
1042
580
1269
1118
841
613
775
639
1598
1274
743
975
822
839
1266
1421
956
782
609
959
668
889
1054
930
1013
734
2874
1580
1350
1354
1249
743
1602
1485
917
803
601
782
931
748
722
647
622
670
1330
848
676
821
1052
1073
1054
788
979
634
604
591
586
906
976
922
623
590
1166
1188
2618
758
859
820
805
1282
1532
1071
1138
1389
839
1217
1200
1253
640
755
658
666
1185
1008
739
781
739
1162
1188
1519
1137
1147
908
751
1025
1208
848
871
623
639
2499
1688
631
891
680
615
1152
792
620
668
1090
874
832
1306
679
671
626
619
701
2296
8082
665
918
1060
955
1756
2258
657
655
600
575
652
1832
553
765
528
549
670
622
1116
891
541
545
524
571
969
728
562
720
598
769
588
525
1033
883
592
532
702
492
624
735
997
548
600
554
571
523
1559
540
817
582
497
538
474
1174
1419
558
502
534
696
870
1458
499
531
507
544
521
694
630
480
543
535
547
522
793
1049
515
553
545
510
557
962
1050
629
596
592
563
660
936
1051
572
610
542
604
579
827
848
599
558
574
561
804
950
561
563
625
600
556
1030
658
577
563
551
567
905
1259
570
649
574
527
564
878
1327
571
851
575
562
565
962
975
602
564
560
570
585
855
1321
585
547
557
582
559
1024
841
609
561
581
549
543
762
954
560
588
585
562
542
1077
790
546
587
581
565
605
1023
805
555
535
560
639
555
816
1207
569
559
593
754
543
2050
517
507
524
537
1003
1526
502
530
527
739
604
475
537
520
509
517
893
505
513
520
505
888
1451
622
508
533
576
1063
1528
509
543
568
552
686
1354
707
557
590
591
572
1496
765
994
1306
1216
1237
1011
985
773
553
527
653
764
1254
658
514
505
1036
1410
1135
496
559
1208
994
1215
610
554
504
1367
650
744
1060
848
574
650
617
1029
571
1297
1507
1083
564
576
589
1335
495
473
529
723
500
890
887
523
517
504
571
1235
488
530
518
622
698
1377
576
730
596
545
628
1142
753
551
599
603
727
1019
766
790
580
590
821
1464
758
572
579
571
636
2160
1170
1119
838
743
863
759
809
599
721
566
954
953
693
756
539
787
570
771
764
833
875
573
615
745
574
596
577
537
885
756
618
589
559
753
1568
958
808
624
601
783
834
786
767
609
750
808
599
600
777
756
842
556
724
731
796
629
765
814
829
581
773
770
755
772
769
793
738
568
770
795
791
612
768
747
548
553
738
822
606
778
817
783
573
748
755
537
814
789
544
766
787
760
831
751
614
555
533
620
574
801
586
807
656
683
565
752
708
563
767
802
901
586
590
758
777
572
805
779
765
775
779
740
759
748
570
883
620
921
616
651
557
733
774
770
754
878
1048
586
593
744
685
639
614
838
580
858
530
585
1037
888
612
1085
593
532
603
821
571
545
655
575
772
563
1233
1082
1114
1290
631
937
719
562
560
1175
608
555
758
521
550
516
1390
516
552
526
494
843
1698
612
513
525
525
487
558
1121
695
506
523
541
810
765
1637
832
591
501
544
571
548
546
1036
537
502
518
732
535
799
527
765
509
569
662
1002
547
756
549
787
987
751
530
578
1136
701
528
662
561
852
561
799
532
1135
734
699
792
1163
