3359
1880
1203
1321
1170
824
1270
1312
1359
1561
758
831
762
1832
2486
1491
890
1010
1127
1037
813
813
1776
1800
1267
1436
1144
1235
1103
1224
730
841
896
1035
1783
814
991
744
1075
970
880
1233
674
719
656
805
696
1761
1678
860
704
693
943
1168
1414
956
847
829
942
958
890
664
621
999
1083
1368
1070
1901
960
1008
1042
1086
740
1467
1633
1467
835
738
649
781
1557
1316
1340
1111
1689
1283
940
1859
1707
1101
911
1092
963
940
950
929
961
867
1777
1414
1506
1078
1154
2523
1055
796
993
1003
1021
909
987
906
911
925
1524
1301
654
685
679
1169
181472
929
1053
960
1029
795
817
624
1055
1115
881
806
1025
992
982
1171
1247
1087
628
744
637
577
550
554
581
568
627
602
646
837
591
614
707
649
581
568
1192
725
807
552
579
1621
2345
949
895
1151
1410
1499
924
5854
4738
3916
1208
1053
808
1072
1039
682
768
600
589
866
678
609
593
1235
796
594
564
577
604
1272
1374
842
910
578
654
664
666
700
634
639
927
1698
868
858
1049
660
1111
712
603
779
1046
676
857
701
1214
809
936
632
1250
667
1045
904
828
750
1681
878
1023
711
810
1359
1358
1966
1138
989
763
854
2390
801
771
812
1333
1520
1583
858
945
921
1585
871
1422
794
660
653
567
592
1020
1366
639
649
658
650
894
1490
675
838
672
845
911
681
629
619
911
1063
1322
624
627
634
739
1142
726
598
886
1041
631
603
648
1249
1322
753
820
646
975
1196
955
849
1065
1268
882
652
622
617
940
1187
991
851
920
1034
710
692
657
667
888
666
1096
755
689
1072
1003
1021
819
1052
666
763
703
818
872
627
625
835
847
860
892
674
839
797
681
1452
1923
676
719
609
857
845
1832
815
663
610
630
1497
1118
953
717
624
783
1028
697
671
847
643
1371
987
656
639
585
624
1213
768
614
605
595
718
1227
985
666
597
583
566
1405
963
664
624
606
699
952
1124
718
590
1026
615
597
1075
605
632
739
614
642
778
1287
624
814
575
951
607
793
833
786
709
586
643
577
807
839
584
566
572
1207
600
643
625
645
593
985
882
613
623
603
696
652
1001
642
772
853
794
787
814
811
774
672
677
789
740
722
712
682
657
678
664
1031
1199
827
802
798
828
757
808
806
862
611
841
936
1282
618
618
624
659
739
733
1067
687
603
652
617
1425
930
602
588
607
774
598
651
1239
603
621
605
586
1194
677
595
626
673
605
598
605
1056
598
594
608
596
794
911
657
596
616
661
594
1023
629
602
590
1082
988
657
1103
644
838
674
656
628
604
719
670
627
676
602
1519
1104
692
691
776
933
741
2026
774
662
943
877
1170
1960
1703
694
766
1057
999
1080
1524
1738
750
693
843
1017
889
1892
917
943
1259
1025
1060
993
1289
1428
978
1033
2142
1058
783
833
1117
989
1026
1074
1148
911
949
992
916
954
789
987
2207
917
958
1121
1458
829
693
1011
937
1183
852
1541
971
711
709
762
2144
1401
1224
1103
641
616
968
1107
629
613
985
594
699
1181
616
707
616
592
994
1172
594
619
813
849
727
836
829
816
834
871
648
622
829
852
886
725
858
826
603
817
619
829
911
667
629
795
674
810
897
754
621
669
591
2071
2376
767
658
666
992
2346
1950
728
770
644
712
2736
1908
933
1000
957
1030
2181
2066
883
956
1091
1071
842
2750
724
642
687
753
720
1967
748
893
892
1112
907
916
704
634
656
662
1751
2118
733
637
709
632
1534
2712
723
995
658
832
1770
2193
2476
799
663
624
866
2072
877
909
868
812
1155
1199
1002
806
1150
1763
844
1143
678
652
615
834
1240
1102
1305
1495
1125
917
1634
1076
785
1261
1043
1234
985
1568
1405
968
1119
834
998
2644
1619
854
837
821
753
1004
1740
709
1081
996
1103
1155
778
741
779
936
1083
1096
2927
936
732
672
684
1464
1991
929
1942
780
766
739
1330
1887
1325
1374
1200
1264
2405
1881
1541
1790
1504
2247
1728
1150
1329
1468
1458
1205
1252
1349
963
1327
2480
1823
1713
1229
1268
1259
1678
1378
1337
1353
1245
1071
2546
1516
1305
2505
2669
1434
1174
1378
1160
1251
1258
1509
1334
1686
1381
2416
1954
2660
1412
2768
2682
1762
884
652
702
714
4566
1678
1299
1113
1096
1000
975
1341
1892
993
851
713
698
1408
1502
1075
1477
1335
1140
1030
2446
1545
1140
1975
1350
1082
1096
954
679
1183
775
1052
2076
1592
1806
1213
1216
1031
971
1567
2026
975
780
823
912
978
810
2365
941
975
912
812
1104
1584
1308
975
759
761
763
917
1433
1642
5788
1150
1113
1259
947
1551
1540
1009
834
964
901
1442
2708
1208
667
725
773
723
702
1902
871
603
630
652
636
922
1624
1106
620
650
600
755
1438
1517
625
641
675
621
1355
778
1528
1031
650
737
668
755
1368
891
837
642
630
649
632
909
1231
799
639
1125
1225
1048
880
1352
725
623
594
731
635
616
584
1104
643
629
651
817
1360
857
608
734
676
644
697
1570
866
621
680
675
795
1255
1134
793
593
645
644
1310
888
837
612
621
769
715
1773
899
