1314
1372
1625
1185
1028
1124
1587
2050
1080
906
2050
2053
910
744
1722
822
939
680
1985
971
701
672
1374
1545
1215
992
715
2362
1072
879
688
673
741
651
810
1510
1101
943
737
701
678
1098
760
746
744
819
1218
938
1180
857
934
1544
814
1434
890
1079
909
775
708
676
3141
1822
2024
1194
1208
1208
831
692
715
653
1087
989
1629
1421
850
750
750
666
952
2014
1480
1261
722
629
614
1449
1735
732
1248
1395
1170
661
852
1497
669
849
611
1088
1594
1419
953
999
857
1040
674
1655
1523
732
772
775
834
711
1165
750
666
625
921
1790
705
750
682
1048
652
852
829
867
713
1034
1655
801
691
674
655
924
2237
1214
778
977
967
661
1168
882
617
744
612
1796
1208
747
686
621
764
1116
603
779
695
1102
926
1399
874
804
1087
832
2112
3142
972
1130
646
802
1059
821
641
863
836
1667
1143
745
708
734
718
797
833
796
856
1042
1169
836
918
1411
1773
630
633
718
1192
2004
1150
834
636
617
642
2288
650
666
884
743
857
1082
815
656
652
1041
608
997
1871
814
736
659
653
1513
1215
1677
899
604
970
1219
786
616
624
691
697
1161
1444
633
726
890
617
892
849
963
650
851
787
842
828
1236
1239
761
993
886
730
942
652
731
674
1465
1466
657
696
709
684
659
586
2062
678
1077
778
725
836
670
586
619
599
772
1023
1044
1177
755
647
631
1288
820
853
875
827
830
860
1232
923
833
856
1002
624
870
854
861
671
846
1023
741
620
833
658
835
854
865
845
810
779
988
964
950
647
792
835
872
581
795
613
764
838
1242
836
830
851
859
1049
747
871
861
758
1258
1313
850
970
1057
802
713
1133
1098
2446
1214
1188
941
1007
1095
694
998
698
1210
1134
902
993
926
876
1206
837
792
744
1146
892
752
1005
1032
2114
981
1046
1279
1082
862
684
896
885
838
1007
1423
701
809
828
1020
646
814
847
650
884
1350
1037
1387
720
710
603
614
674
1712
950
1157
1117
989
729
608
923
828
597
1743
810
1427
1110
915
665
687
1012
1899
877
664
619
1215
954
1283
752
851
1306
852
969
1326
1031
1018
928
946
942
1225
1013
740
1449
748
603
622
1119
814
668
618
661
1111
1158
935
659
618
623
854
947
667
776
609
817
638
814
1098
588
612
885
630
846
825
1245
891
686
670
691
920
648
1365
779
612
611
678
640
2124
1205
800
626
680
670
1645
1493
872
665
1086
658
761
1194
1191
688
722
625
658
1212
746
1637
839
690
784
640
1052
1136
1162
904
1040
645
898
1190
1206
643
618
627
648
1067
712
803
1116
992
629
668
676
715
683
636
871
727
694
1358
736
610
658
637
935
698
1636
1146
1261
699
636
613
644
681
1133
639
621
691
1148
1419
632
650
758
890
787
658
978
1505
737
603
835
645
611
881
1214
610
672
659
986
937
599
865
618
669
842
650
165600
746
1445
559
549
644
1135
1623
1238
990
831
715
759
820
1276
1462
839
1011
944
854
883
1010
890
1229
912
714
928
586
608
581
568
716
1147
704
1328
1029
995
751
643
708
741
754
978
604
776
1188
842
767
772
740
730
790
859
708
1620
1288
1414
581
585
564
581
667
713
606
578
710
627
1088
1449
840
743
1449
1026
717
627
704
694
1879
973
657
727
840
603
587
589
593
645
933
1048
865
689
729
641
677
792
822
762
611
815
609
1105
937
879
613
901
589
773
817
601
624
921
614
706
1203
834
786
603
633
696
645
804
612
613
1181
1758
1094
723
641
628
763
1167
972
1023
1640
1135
762
941
1089
1329
722
882
941
1218
1327
999
670
611
657
881
614
609
637
712
677
1590
992
862
926
811
821
901
953
773
719
1477
1072
729
814
857
872
816
815
806
804
838
1262
743
694
692
662
690
698
661
1758
609
638
1144
764
673
608
612
560
638
718
1288
1087
806
853
1264
1278
730
1022
689
749
827
1123
773
1324
1359
963
855
1262
964
777
988
1057
1005
975
1702
729
1123
798
713
1360
986
773
838
917
963
925
954
1100
920
1464
1015
728
871
1213
867
710
754
1505
1177
713
706
667
1392
1848
772
597
645
1479
1297
780
646
679
672
1029
933
1303
623
611
1094
878
1029
1609
1186
755
721
623
1074
1733
665
581
621
864
772
637
1183
843
1049
1074
617
620
1403
669
631
988
653
879
666
661
741
857
644
980
647
865
760
609
598
852
681
848
904
797
885
671
632
819
709
865
736
641
874
773
626
777
623
651
657
881
628
643
684
634
1288
698
647
1156
632
600
840
686
949
1080
644
980
989
625
619
649
628
753
724
665
738
655
1553
702
627
700
834
1674
945
590
620
899
709
1099
1027
1020
939
1005
848
703
1725
975
861
976
771
1094
933
817
1313
721
863
632
639
689
983
1136
725
1046
672
685
1500
879
790
955
1048
905
600
875
836
766
601
663
611
787
726
1137
715
661
727
1079
1230
666
721
730
734
715
1473
898
712
649
652
632
1465
636
660
701
641
823
630
1200
781
