2780
641
555
575
1189
588
10648
3238
1489
1089
696
654
634
636
728
704
702
719
733
731
738
758
1354
1420
649
595
580
557
576
563
1746
795
668
664
612
606
651
708
750
788
859
921
957
1022
1089
1142
1204
1288
1331
1370
1396
1404
1444
1475
1450
1457
1337
1393
1161
1280
1337
1335
809
798
712
744
877
677
643
667
710
732
741
796
832
912
964
1037
1093
1169
1221
1262
1270
1356
1358
1431
1503
982
1066
1109
1130
1147
1204
1233
1221
1274
980
885
742
801
981
617
729
555
579
976
649
827
617
691
542
600
875
645
1030
655
715
711
683
984
578
681
650
677
936
574
783
631
674
532
589
810
609
976
594
683
701
679
991
605
634
556
616
758
612
990
592
673
692
721
948
571
632
573
633
853
593
931
565
599
658
692
976
621
678
578
607
839
597
975
597
626
650
601
806
598
618
513
582
882
595
973
625
672
698
618
842
614
647
551
625
805
636
966
612
624
665
698
953
627
678
546
584
832
615
1020
611
611
624
654
850
603
666
560
612
878
627
1013
606
630
650
656
859
581
577
614
675
957
608
794
580
630
568
613
957
567
577
602
635
916
620
787
584
614
573
624
803
630
963
626
700
745
738
982
632
658
695
770
953
594
822
599
660
556
580
794
566
885
615
727
523
573
968
597
650
696
746
966
599
771
594
625
543
633
832
584
993
639
663
726
725
927
601
701
685
785
1096
584
909
603
602
666
736
985
626
672
544
603
862
638
977
611
631
709
622
878
614
642
555
592
928
587
600
635
674
979
619
960
610
600
680
586
783
574
603
525
616
997
614
629
667
698
950
596
905
584
622
663
676
983
573
593
610
638
916
605
914
578
594
683
590
821
580
601
531
574
971
598
623
664
724
994
588
837
574
602
537
595
809
603
1026
561
572
585
586
883
568
603
516
575
808
613
1036
603
613
703
604
761
612
675
525
594
806
619
1361
553
604
606
662
863
575
611
491
553
855
610
929
612
667
722
749
973
610
667
637
756
1296
594
1135
586
695
676
556
903
595
605
557
553
800
614
974
598
626
657
691
1055
606
610
671
701
946
609
938
602
649
805
607
916
592
609
560
601
841
651
953
589
592
657
691
964
592
643
491
550
860
600
1047
596
666
678
597
1039
612
620
635
694
909
607
828
592
638
565
627
803
603
1023
584
598
673
585
835
621
656
528
576
968
652
697
694
705
1006
598
841
655
677
521
547
947
595
651
705
744
1045
605
836
613
641
570
598
904
574
588
546
587
846
599
1018
598
667
798
604
949
609
653
719
700
1035
613
671
652
715
1093
612
830
614
668
529
613
1023
583
575
582
597
931
582
978
577
605
632
648
1040
603
651
509
573
842
583
971
593
614
700
600
875
613
647
566
596
937
605
635
682
723
1048
587
939
621
631
670
684
1016
592
657
555
596
809
588
1005
591
649
735
602
816
586
660
508
578
847
598
998
606
657
799
581
811
599
608
566
616
800
588
998
592
609
653
701
1052
591
628
663
684
932
614
994
610
653
686
743
1034
601
848
633
681
668
704
1000
613
820
621
657
571
598
825
605
1000
601
681
706
670
1013
604
676
667
719
862
597
1033
582
618
677
715
995
592
832
570
650
578
594
971
591
759
612
680
596
629
1033
623
787
585
663
572
625
972
562
906
543
565
542
574
823
589
987
631
680
729
693
1045
604
619
671
726
894
604
1076
594
611
646
695
868
614
1018
609
615
620
619
969
602
778
601
664
598
648
1028
615
834
589
653
546
578
1022
615
844
611
623
559
603
772
599
873
603
636
549
605
854
576
972
598
617
632
655
900
592
630
624
667
902
577
1013
591
666
526
639
1572
985
931
765
558
597
556
604
632
1021
619
698
718
678
973
633
1006
619
638
697
740
915
603
1072
619
670
726
711
1061
608
691
598
627
994
603
831
614
661
548
617
810
609
916
621
630
524
596
820
579
1094
606
615
623
611
828
590
997
604
600
610
623
989
597
610
653
667
830
591
1030
649
683
711
720
839
607
991
630
658
663
700
1452
1113
1115
761
816
738
660
638
524
934
1378
1330
886
734
1400
1363
17877
1172
914
799
7167
1346
2092
1131
718
1247
997
1001
997
771
808
878
1588
663
681
748
806
846
879
923
955
996
1124
1280
1284
1301
1312
1379
1371
1440
1604
1682
1707
1638
1741
1829
1909
1969
1869
140395
659
1546
586
621
1353
612
1582
573
607
534
576
1340
583
1588
555
585
1622
572
1540
585
619
1362
615
1575
577
622
553
634
1575
578
1590
620
619
897
570
840
612
627
565
568
844
590
981
597
640
750
606
718
564
603
594
612
819
705
1183
704
700
778
674
889
666
668
601
625
889
642
1094
640
671
698
750
1078
622
704
703
725
1030
598
833
