7880
7769
7015
6403
6213
6117
5986
5914
5819
5662
5542
5453
5450
5482
5449
5367
5348
5323
5300
5287
5306
5349
5376
3773
3691
3548
3434
2893
2930
3000
3070
3134
3173
3185
3288
3348
3388
3429
3459
3503
3554
3573
3674
3727
3211
3283
3257
3248
3242
3247
3278
1674
1501
1400
1290
989
776
844
926
979
1019
1082
1130
1195
1285
1374
1416
1463
1488
1546
1611
1031
1069
1079
1112
1188
1155
2364
1206
1033
847
708
1214
581
642
679
728
1247
1004
1031
1100
798
837
778
651
606
577
576
616
648
692
551
543
927
912
786
674
574
859
931
774
1065
959
958
959
1018
1044
1083
1077
1103
765
903
1097
636
664
743
797
605
5955
710
629
615
629
754
611
622
674
728
771
961
598
632
712
3656
656
617
627
658
745
781
821
858
852
887
958
1406
592
615
652
708
790
849
949
1100
655
664
702
764
784
897
634
632
658
704
744
742
765
791
810
895
949
980
1047
1103
1118
1147
1205
1242
1307
1364
1443
1519
1569
1608
1655
1689
1712
1762
1827
1607
1754
1169
1208
1255
1197
1256
651
670
655
685
1063
598
1030
601
607
623
627
1039
592
589
622
675
1059
584
1031
571
605
605
578
1077
608
628
652
687
973
626
1030
615
626
660
696
1198
658
700
660
692
1022
586
892
598
640
565
636
869
641
1041
611
657
688
679
1098
611
710
541
566
888
593
1065
608
662
675
639
1112
606
627
539
603
892
603
1102
602
614
648
654
1040
593
576
554
625
878
594
1075
580
584
604
617
1032
656
672
651
731
1060
585
842
580
608
572
606
829
611
1085
633
690
730
721
1077
604
615
612
658
1068
782
4667
748
714
715
740
748
787
838
809
832
879
923
994
996
1012
1067
1093
1094
1130
1119
1130
1154
1179
1189
1225
1109
1138
1188
922
998
763
804
545
605
1019
984
1290
603
610
650
646
716
743
799
713
750
1089
1181
600
613
620
634
665
750
558
611
1083
598
606
1139
587
597
622
635
641
1015
584
599
571
613
832
1283
4151
835
814
573
569
806
578
763
746
759
758
603
794
603
701
902
1015
2082
2055
1117
1082
952
791
755
774
810
866
1126
1034
1119
1206
1151
937
645
613
787
1027
648
538
612
571
777
896
3876
1040
886
1412
1052
1098
1033
1026
717
834
828
926
1108
1135
1029
679
604
614
630
965
1197
806
799
790
1198
1150
1533
1355
663
586
580
694
722
745
791
1271
826
878
649
3499
3342
3314
3287
3210
3618
1547
5105
1167
715
645
617
993
1055
1056
908
755
642
581
573
981
985
940
803
1100
981
927
933
858
729
564
925
954
1959
1924
1708
1440
1166
1004
974
947
825
711
593
603
523
596
684
593
579
538
528
1357
5168
1903
897
841
6386
779
814
631
630
686
655
656
656
671
711
802
789
622
1040
573
563
605
783
773
1119
608
596
761
629
604
603
614
621
2536
584
585
585
958
1007
948
682
614
610
619
638
722
707
725
716
695
716
720
795
722
713
706
707
741
905
854
717
699
2490
2637
2702
2691
2653
2010
1733
1719
1722
1764
1829
1835
1834
1743
1750
1756
1858
1902
1915
1934
1651
1656
1681
1754
1769
1845
1873
1918
3371
3527
3607
3080
2922
1719
1636
1624
1649
1698
1725
1726
1518
1538
1560
1641
1719
1156
1182
854
870
930
866
1177
566
646
563
645
1323
720
659
635
669
668
636
640
733
643
644
702
570
587
638
668
726
775
2614
899
672
656
686
722
711
738
769
803
723
1019
937
937
978
1028
1079
1147
1180
1237
1309
1342
1400
1448
1523
1547
1705
1752
15913
2498
8279
6925
912
1588
1401
1157
1751
2484
1580
1169
875
2184
615
2073
638
2889
7203
3669
3401
915
2300
919
594
1839
634
8837
884
3270
3036
2619
2515
1082
2348
779
700
1444
789
688
631
755
2105
729
652
598
2608
1332
1510
1279
977
883
792
860
1216
1818
3014
2489
1402
732
3605
1362
6474
6184
5942
5797
5667
5548
5138
4951
4479
2081
2663
1034
1620
690
627
741
705
705
2789
617
615
523
591
532
532
519
514
534
492
546
491
610
494
491
497
550
546
498
506
498
494
527
508
537
540
506
500
498
509
524
543
533
537
537
518
531
547
506
502
602
748
636
531
525
514
532
503
557
515
548
503
526
503
537
516
503
506
503
500
513
574
546
521
547
538
611
2042
1635
2000
764
696
744
868
651
624
603
690
1109
651
718
874
679
1026
929
1499
611
626
721
721
1176
589
620
558
636
1276
638
883
594
653
532
604
890
602
1088
595
685
628
581
595
608
637
695
719
925
571
820
558
905
651
582
924
580
1005
620
644
506
590
859
581
1239
597
648
1219
601
1027
557
561
592
629
972
791
1130
676
588
609
669
1065
726
690
569
609
480
650
800
582
1529
608
623
674
692
945
590
642
600
855
840
568
1102
585
625
546
615
1207
592
979
593
680
800
574
970
1006
989
5233
793
703
605
738
595
604
627
702
712
1179
620
680
738
741
723
783
832
1717
1677
1701
1466
1464
1479
1519
1571
1598
1663
1643
1652
1723
1808
1859
1931
1958
1836
1870
1427
1492
1536
1304
1366
862
