1779
1031
1399
861
1057
1123
809
961
748
519
493
527
514
508
509
1256
827
1373
1330
567
717
933
1016
926
843
738
517
768
855
779
977
743
596
1251
985
711
769
660
610
1186
867
689
583
509
519
523
1266
975
546
689
740
594
1002
1115
512
486
508
525
1132
1208
525
518
532
578
1394
1375
535
564
538
610
1444
1057
580
560
599
596
1225
1459
609
736
596
613
1569
1513
571
563
1131
1231
1151
734
801
783
769
781
740
836
576
1099
960
749
591
760
791
584
799
780
782
632
580
835
602
603
1062
627
777
648
642
1020
1107
1046
682
983
798
1449
1049
722
799
784
766
810
756
762
788
565
755
771
792
653
761
788
809
870
633
759
777
577
742
759
799
795
771
745
587
616
748
753
793
838
556
777
572
569
800
754
633
764
748
763
589
764
826
595
780
769
593
743
808
795
853
842
634
575
581
556
750
726
618
757
797
772
599
754
796
755
566
771
757
780
591
766
788
605
774
765
807
776
748
743
728
788
623
913
892
812
747
582
583
879
782
858
834
862
1155
605
761
567
678
782
614
948
625
769
559
873
823
1128
612
1046
710
576
762
862
576
666
672
703
694
588
1230
1559
829
1048
793
712
810
1336
990
1100
987
491
668
599
1502
656
605
500
561
1519
1248
609
546
694
498
624
888
730
526
490
587
513
502
1074
849
549
758
556
552
526
922
1107
661
614
625
567
518
924
1181
526
674
576
720
643
725
631
862
789
727
536
716
605
1377
570
507
533
733
623
785
570
726
543
738
557
815
886
727
571
593
520
572
1432
707
694
621
805
589
955
825
1185
669
762
553
537
542
1172
1432
668
862
608
553
650
1230
713
637
758
520
672
717
629
1569
846
764
880
1166
522
1237
643
1483
937
688
1314
603
746
600
589
601
609
512
522
522
923
566
1030
867
527
718
575
1099
583
532
714
617
551
1044
922
625
606
531
500
832
539
548
531
556
562
611
965
1710
693
899
606
609
1202
1385
1353
551
849
736
907
656
807
661
754
651
531
672
829
1064
603
722
981
869
679
1293
662
569
865
729
919
871
1013
790
853
925
1011
904
737
759
771
717
1093
750
879
916
1041
869
920
888
811
791
843
822
1405
866
988
902
827
816
1975
773
965
1063
829
1507
1057
536
520
539
514
1097
826
530
536
881
555
554
997
1218
550
579
640
559
869
995
594
840
784
583
940
1036
543
676
574
570
624
1128
550
611
639
546
553
1026
636
554
604
560
542
1045
566
830
719
858
638
1641
593
558
625
603
581
1652
547
524
890
540
536
1736
495
616
564
520
693
1270
471
536
689
660
1154
921
1133
775
586
1248
680
754
876
970
791
847
1008
662
592
656
523
709
542
558
724
1025
797
946
1196
731
641
1083
827
877
1442
1168
1072
1086
1178
982
1073
1274
1192
1233
865
864
2145
2360
1409
1549
1309
3900
1890
1021
1320
2999
1354
1012
782
845
617
601
1205
1390
819
900
1685
1016
1106
896
599
2194
1283
1107
1101
1147
1203
890
695
2628
969
699
1213
713
1466
633
692
2275
1080
714
1714
746
964
836
659
1360
1427
1046
989
880
536
713
1006
1158
579
742
1344
721
1645
607
598
512
538
622
1468
539
1440
820
602
505
615
785
580
733
723
1777
1493
1931
1690
940
761
563
1587
806
668
545
896
1804
1144
921
741
638
780
1019
1351
598
971
780
609
752
798
933
538
754
581
2000
1150
673
626
877
808
714
783
585
604
790
919
1465
1060
597
627
669
675
1543
1475
616
620
615
725
2315
2149
1603
1012
868
883
858
901
904
860
722
775
1288
894
891
851
885
1010
873
800
1005
1028
1315
948
686
616
598
635
630
2227
3166
593
588
785
723
724
736
754
768
734
925
682
803
601
953
889
811
749
2201
1569
1035
653
654
659
591
1106
655
649
614
1427
1167
1001
1078
1043
775
731
782
768
762
1124
683
635
641
648
685
623
654
634
632
608
723
1502
797
623
635
661
643
667
656
600
601
593
596
638
1957
1421
793
728
770
755
761
762
798
790
802
1480
829
1646
832
775
963
668
635
643
729
750
1268
690
829
1092
817
811
760
784
829
982
1639
1403
676
907
655
634
974
1182
1853
671
554
770
639
688
1245
617
643
601
1161
1426
2056
1890
1706
752
697
643
1583
1022
1101
839
989
1088
1203
1659
1273
955
1603
1607
1631
1685
1015
984
716
1104
1036
762
1872
981
1096
770
695
852
910
752
743
709
724
1845
745
906
632
1209
966
1350
1225
1418
1129
831
686
524
496
972
598
554
672
604
961
529
1404
1065
596
1203
604
545
563
570
594
941
483
485
1360
775
1515
581
651
516
849
972
767
724
701
718
1170
870
981
696
492
518
595
1053
827
525
673
1462
761
897
1616
476
517
510
543
1477
558
558
505
690
572
1460
559
545
612
556
587
1576
589
616
766
737
1315
1105
582
594
561
539
1610
528
581
800
623
559
1248
558
562
584
