1849
1290
1140
1110
1153
1219
1278
1121
1056
1021
1113
1000
1050
1073
1090
1061
1044
1135
1074
961
1068
1084
951
1250
1099
2000
980
1082
1388
1288
1221
1073
997
1038
1181
973
1014
1318
961
1138
1224
893
1363
988
1126
1069
940
1344
1036
1199
995
976
1356
1018
1082
1202
957
909
1102
1114
947
1187
875
1137
1017
870
1108
1006
1125
2711
970
1006
956
1655
996
1043
1045
1007
1308
1003
887
1024
1033
978
1046
1291
1366
958
1250
892
1206
1141
1217
1090
1131
1401
1203
1426
1176
1307
1060
902
1263
1223
1240
1201
1157
1253
1046
1323
1301
1040
1375
1142
1168
975
2224
1039
930
1133
950
1161
1125
1096
1086
946
1207
961
1093
1012
1061
1024
1034
1119
1049
1028
1289
1223
1174
1258
1139
965
1147
1219
1000
1098
910
1004
1387
1007
1096
924
1104
1059
1101
1220
1038
1325
1251
1177
1181
888
1178
1110
1173
1114
908
1393
970
1121
1132
1223
1257
1109
1710
1249
1000
1081
1137
1281
1185
1214
1076
1049
1165
1560
1181
1647
897
1342
1142
992
922
2111
1084
1162
1153
1241
1201
1080
1101
1228
1103
1167
1042
994
1119
1102
1389
1061
997
1001
1014
1039
1125
1046
1037
1206
1165
1008
1174
1045
1175
1771
994
1371
1181
1017
1100
1217
1097
911
1172
1239
1058
1059
950
998
983
1182
1310
1325
1134
1268
1247
1164
1067
1344
1244
1443
1039
1161
1033
1209
1212
982
1258
1018
1047
1239
1277
1134
1211
1030
1157
1183
1223
910
1072
3621
1089
1219
1025
1234
1165
987
1432
1022
1068
1162
1206
1266
1129
1224
1095
1259
1202
1019
1313
971
1115
1000
978
1032
1013
1292
1349
1250
956
1099
1273
1109
946
997
1098
1219
1106
1022
954
921
1103
1065
1263
959
1035
1157
946
1035
984
1236
995
851
1038
917
1320
1132
1034
963
929
1332
1101
1081
1041
1181
1063
856
1191
1056
1132
846
1010
1151
1211
1027
906
1121
1090
1098
1577
1087
991
1103
998
1206
1136
1060
1023
1205
1013
963
1106
992
1063
1009
923
1516
1061
1240
901
1047
1275
1101
1068
1063
1144
997
1018
1283
1071
1334
1146
1180
1426
1147
1438
1002
926
992
1004
1026
1055
950
1134
1049
1208
1255
1102
1155
1038
1205
1114
1334
933
856
1098
1045
1204
1092
1345
950
1149
1277
1003
1022
1029
922
982
1103
969
1559
960
1133
1108
1192
1050
1298
1123
958
1098
919
1120
1078
1030
1028
1066
1014
1050
1131
1057
1034
1081
1029
943
1016
2572
1537
1115
2160
1050
919
1237
1213
1220
1063
1369
1111
1098
1071
964
1226
1015
1113
1236
1102
1261
975
1087
1026
1045
1071
1156
1328
943
1077
1186
1010
1063
1097
1218
1072
940
1107
969
1099
1093
980
1305
1116
1320
1005
1206
1135
927
1019
1108
1097
931
1056
1027
841
1184
1698
1157
1014
994
1155
1208
1266
948
1082
1212
1091
1099
862
1184
1098
1353
1243
982
1151
1157
1242
1195
961
1012
1055
1063
1290
1508
1022
1140
934
1090
5713
961
1505
1007
1033
1115
1299
1510
1011
1164
1026
969
1343
1045
2575
1027
1014
1132
1105
1174
969
1219
1044
1195
1992
1433
1355
1216
1102
1289
1086
1118
1156
1114
1034
891
1406
1176
2709
1430
1103
1249
953
1447
1229
1174
1122
1064
1028
910
1112
897
1205
937
1101
1054
923
1134
1031
1340
990
1330
867
1123
1088
1086
1229
925
1144
913
1106
1211
909
1145
955
1225
1265
924
1167
1016
1314
1031
1019
1188
1194
1332
928
1023
1028
1112
1151
1057
992
973
1192
937
998
1061
867
1084
1111
1015
1053
1007
1270
951
1130
956
1047
1181
941
1238
957
1111
1000
891
1098
969
1176
1003
1142
982
1157
1208
926
940
1032
1184
1178
877
1191
942
986
1235
1020
1125
1138
1225
1094
1071
1159
1204
1076
1167
1334
1123
1342
1146
916
1320
938
1677
1156
992
1223
981
1265
1318
1216
1110
1026
1127
992
1007
1202
1071
962
919
1300
919
988
956
935
1454
1199
1326
1043
1262
1189
1178
1120
941
1215
1087
1073
1007
1058
998
990
1308
1079
1163
931
914
1277
1035
972
984
1143
1684
1271
1107
1048
1238
1046
893
976
962
1392
1259
1045
1020
974
1182
1082
1067
960
1205
1133
961
1200
1126
1976
1063
1263
979
923
1142
1078
1947
1022
1024
1161
1672
1364
1178
1376
889
1210
1275
898
1043
1049
1117
1038
1064
957
1044
1112
1143
1021
1186
1280
1211
982
1208
1087
1202
1035
995
1026
1117
1114
932
1113
976
1034
1105
1176
1170
940
1022
989
1287
1047
1271
1266
1085
934
1210
1088
1062
1359
1101
1685
1049
1232
954
995
1200
997
1219
912
1114
1141
1334
1318
993
1209
1020
1545
1175
1274
1264
1191
994
1510
1123
1162
1154
1031
1058
1142
1292
1122
1118
847
1215
1216
1132
997
1198
1007
1172
1278
1215
1044
1031
1159
1121
1143
1078
976
1077
1108
1257
1122
1173
1036
1127
1292
1171
1130
1066
1044
1208
970
1054
958
1226
1166
1022
1339
1027
1239
1032
1215
986
964
1638
1101
1096
958
1336
1368
1125
1078
984
1143
1221
1021
1160
1177
1188
1180
1091
1357
1132
1153
987
980
1508
1293
1256
922
1197
1257
935
913
1222
1035
1246
1120
1279
1225
2589
960
1040
1132
957
1390
1110
964
1008
1113
1197
1003
1034
1086
1080
1031
892
1137
1050
1063
1202
1276
1175
879
1209
1034
1078
1177
1064
1147
1029
1216
951
1109
1161
938
1029
1198
1021
1065
1297
1077
1047
1352
1035
897
1055
1084
1117
1152
1117
874
1131
1000
954
1174
1059
972
921
1096
1341
1056
1200
1243
1341
1119
898
1046
1204
1053
1137
1098
