1362
1213
1191
1291
1773
1040
1521
1254
1259
1513
1313
1594
1144
1134
1157
1062
1200
1388
1139
1134
1169
1363
1119
1443
1240
1157
2077
1555
1686
1353
1127
1285
1214
1381
1169
2586
1142
1078
2732
1390
1419
1320
1188
2014
1218
1304
1111
1406
1148
1232
1270
1030
1336
1211
1310
1492
1069
1366
1354
1261
1015
1296
1057
1282
1317
1415
1029
1432
1233
1286
1345
1197
1317
1108
1895
1328
1632
1447
1487
1570
1311
1598
1317
1083
1237
1208
1239
1283
1685
1135
1054
1278
1151
1351
1212
1247
1260
1297
1312
1357
1215
1272
1201
1485
1103
1300
1242
1089
1121
1143
1081
1297
1246
1329
1179
1400
1165
1122
1130
1166
1851
1164
1364
1040
1287
1386
1245
1471
1233
1147
1230
1223
1297
1313
1292
1176
1327
1335
1255
1435
1181
1170
1284
1178
1114
1055
1260
1212
1177
1185
1251
1411
1254
1354
1456
1206
1453
1046
1382
1069
1576
1370
1135
2364
1016
1227
1354
1203
1354
1143
1240
1363
1482
1200
1106
1594
1207
1256
1266
1003
1334
1104
1136
1205
1188
1122
1188
1254
1284
1100
1265
1010
1355
1134
953
1134
1403
1337
1027
1339
1049
1100
1450
1254
1134
1175
1243
1280
1064
1290
1267
1229
1155
1109
1187
1295
1169
1026
1280
1389
1436
1288
1254
1300
1116
1189
1397
1158
1271
1060
1199
1089
2476
1577
1326
1432
1340
1348
1471
1094
1271
1034
1331
1601
1325
1365
1236
1119
1310
1297
1233
1080
3837
1441
1521
1572
1353
1526
1325
1398
1621
1414
1465
1402
1433
1531
1288
3750
1444
1457
1641
1566
1321
1311
1504
1247
1188
1236
1349
1495
1299
1350
1338
1219
1289
1330
1449
1195
1316
1640
1203
1475
1217
1453
1260
1343
1382
1185
1482
1285
1249
1261
1312
1307
1392
1448
1111
1173
1366
1392
1379
1353
1497
1024
1324
1907
1313
1595
1243
1288
1359
1291
1310
1078
1383
1411
1196
1122
1344
1355
1063
1068
1347
1254
1464
1618
1273
1244
1460
1156
1412
1488
1478
1525
1453
1331
1501
1251
1325
1045
1144
1294
1197
1229
1273
1329
1226
1313
1433
1329
1304
1215
1082
1200
1206
1516
1247
1517
1498
1481
1440
1493
1486
1386
1765
1503
1309
1217
1383
1323
1427
1340
1484
1350
1237
1579
1308
1435
1066
1434
1172
1176
1415
1251
1159
1141
1249
1172
1097
1097
1346
1290
1120
1342
1322
1056
1430
1110
1194
1531
1070
1358
1202
1330
1116
2708
1180
1209
1419
1177
1081
1307
1281
1432
1051
1285
1382
1285
2105
1153
1261
1377
1061
1251
1342
1460
1175
1198
1485
1281
1309
1180
1197
1328
1024
1097
1232
1272
1395
1368
1205
1083
1290
1231
1218
1511
1094
1422
2415
1264
1392
1111
1431
1307
1312
1352
1009
1170
1256
1229
1240
1193
1359
1081
1419
1104
1328
1247
1005
1102
1087
1259
1231
1162
1345
1112
1104
1313
1229
1294
1043
1398
1075
1160
1093
998
1318
1229
1358
1242
1157
1435
1258
1543
1439
1335
1321
1091
1379
1440
1599
1415
1444
1413
1229
1619
1569
1685
1452
1324
1353
1279
1179
1268
1360
1122
1191
1712
1351
1318
1281
1535
1262
1363
1423
1125
1202
1285
1383
1091
1076
1174
1224
1529
1049
1174
1267
1174
1403
1166
1216
1248
1158
1023
1261
1239
1164
1382
1228
1331
1318
1229
1212
1274
1203
1140
1246
1343
1199
1302
1079
1118
1128
1199
1204
1185
1366
1408
1153
1401
1186
1423
1163
1315
1345
1033
1240
1298
1072
1216
1207
1221
1077
1121
1224
1135
1222
1148
1228
1225
1622
1385
1130
1377
1357
1185
1221
1129
1250
1219
1179
1368
1471
1225
1180
1202
1111
1174
1278
1398
1231
1171
1280
1396
1189
1414
1044
1091
1150
1499
1179
2143
1220
1136
1598
1762
1169
1369
1333
1335
1159
1244
1139
1580
1085
1160
1050
1191
1213
1346
1200
1278
1245
1460
1333
1670
1405
1997
1314
1379
1448
1382
1307
1087
1183
1137
1327
1216
1112
1165
1218
1184
1281
1221
1441
1219
1379
1188
1306
1314
1086
1402
1647
1315
1155
1303
1084
1051
1387
1180
1269
1297
1012
1324
1182
1308
1469
1236
1163
1202
2124
1132
1208
1394
1407
1475
1073
1082
1422
1366
1670
1349
1390
1141
1352
1203
1370
1107
1513
1196
1304
1330
1078
1354
1165
1067
1130
1303
1199
1250
1514
1192
1250
1371
1030
1400
1265
1248
1099
1239
1161
1204
1379
1178
1277
1274
1246
1214
1223
1283
1220
1203
1241
1103
1369
1197
1252
1308
1366
1414
1102
1161
1069
1414
1134
1162
1130
1230
1286
1097
1513
1194
1223
1362
1156
1284
1308
1475
1125
1354
1228
5547
1474
1276
1623
1110
1191
1514
1479
1579
1178
1232
1274
1235
1325
1074
2255
1135
1199
1476
1315
1260
1197
1182
1223
1065
1381
1334
1216
1130
1155
1252
1059
1218
1131
1274
1234
1281
1475
1139
1243
1090
1319
1111
1201
1524
1161
1439
1316
1190
1043
1151
1837
1298
1356
1111
1492
1193
1148
1747
1158
1290
1436
1222
1298
1172
1282
1128
1407
1144
1374
1262
1168
1412
1166
1076
1397
1111
1188
1138
1070
1389
1820
1261
1095
1106
1194
1301
1232
1125
1192
1210
1077
1264
1238
1194
1408
1239
1296
1154
1020
1371
1186
1358
1111
1368
1273
1160
1280
1170
1257
1095
1217
1112
1163
1406
1113
1048
1119
1810
1291
1094
1465
1892
1017
1058
1203
1025
1154
1226
1068
1192
1062
1322
1167
1391
1072
1149
1187
1155
1197
1559
1455
1256
1433
999
1070
1641
1324
1274
1100
1176
1384
1102
1610
1165
1497
1380
1157
1115
1149
1132
1061
1107
1396
1311
1931
1506
1264
1491
1490
1506
1113
1257
1107
1305
1404
1126
1202
1241
1207
1400
1322
1281
1274
1137
1312
1172
1459
1055
1243
1215
1240
1380
1063
1092
1205
1104
1288
1782
1406
1127
1214
1124
1131
1961
979
1187
1168
999
1317
1187
1337
1075
1092
1263
1142
1333
1369
1395
