2053
1317
1188
1415
1691
1435
1935
1158
1409
1014
1426
997
1087
1345
1012
1230
1267
1335
1457
1202
1240
1540
1236
1165
969
1224
1114
1145
1135
1090
1240
1134
1169
1240
1265
1198
1313
1409
1230
1391
1284
1489
1142
898
1258
911
948
1116
1172
1148
1152
1325
1184
1118
1236
1151
1419
1032
1026
1084
978
1075
1021
1327
973
1375
1028
1085
1062
1554
1520
1184
1198
1489
1092
1179
1123
1219
1035
1126
1103
1003
1330
1224
1691
987
1272
1086
1131
1334
992
1251
1736
1252
1183
1536
1167
1198
1023
1444
1328
1343
1178
2152
2316
1457
1873
1271
1505
1264
1375
1066
1183
1303
1049
1092
1470
1328
1400
1110
1380
1262
1557
1754
1918
1872
1075
1274
1532
1034
1168
1012
1327
1677
1142
1390
1093
1350
1005
1188
1094
1011
1167
1254
1471
1222
1056
1882
1426
1546
1142
1399
1947
1430
1176
1369
1366
1422
1292
1587
1346
2231
1532
1581
2941
1530
2795
1505
1734
2184
1873
2392
2344
1432
1161
1519
1234
1126
1462
1517
1531
1548
1633
3861
1602
1750
1511
1595
1949
1390
1774
1987
1972
2124
1797
1956
1911
2115
1993
1856
1695
1492
1536
1753
1646
1527
1647
1513
1579
1431
1326
1432
1513
1436
1918
1790
2078
1905
2606
1540
2095
1290
1303
1709
1429
1458
1653
1454
1822
1547
1508
1616
1512
1547
1269
1350
1573
1342
2120
1602
1662
1425
1400
1863
1710
1764
1592
1798
1681
1834
1631
1236
2332
1390
1761
1683
1673
1735
1352
2774
2203
1754
4736
2164
2165
1670
3107
7422
9488
6186
5287
2240
2103
1860
2310
3784
3088
2335
2194
4451
2298
2334
2832
11322
2928
4018
2253
2329
2625
2654
2253
1949
1805
2986
2327
3150
2311
1593
4401
2020
1675
1897
1719
2254
1560
1463
1563
1697
1447
2093
2056
1721
2102
1503
1533
2199
1557
1410
2160
1608
1608
1494
1483
1924
2093
1648
1765
1568
1387
1726
1334
1291
1589
1617
1682
2280
1520
1792
1429
1742
1720
1445
1388
1571
1456
1428
2092
1252
1459
1581
1292
1503
2216
1345
1549
1547
1458
1455
1383
1678
2575
1273
1756
1848
1454
1438
3543
1407
1759
2877
1406
2080
1552
1519
1429
2214
1360
1637
3423
1291
1961
1375
1658
1722
1155
1576
1507
1675
1260
1277
1459
1575
1995
1181
1251
1406
1320
1653
2269
2694
3023
2607
2364
2532
2111
1603
1743
1615
1623
1780
4540
1807
2089
1463
1890
3181
1665
1848
1832
1892
1516
3386
1741
3534
3085
2849
1746
3753
1890
1909
1866
2082
1905
2111
1650
1910
1583
1501
1522
1275
1433
1569
2601
2222
1706
1576
1610
1731
1421
1317
1821
1721
3115
1475
1786
2245
2916
6841
1443
1479
1651
1510
1971
1201
1759
1345
1274
2003
1341
1708
1854
2274
1925
1597
3126
1844
1812
1565
1396
1462
1720
1803
1605
1838
2395
1222
1627
2016
1470
1574
1924
1508
2329
2037
1209
2086
2155
1516
2232
2067
2614
1921
1775
1674
1936
2273
33518
16779
6756
1948
2454
1960
1819
2184
8094
5365
2750
7490
1730
1840
2347
1793
2246
1743
1594
1656
2508
1969
1731
1717
1961
1424
1432
1252
1606
1428
1593
1380
1111
1963
1830
1779
1598
2349
1902
1497
1874
1918
1516
1430
1555
1415
1689
2451
2525
5573
2502
2060
2221
2255
1904
1743
5200
3195
1212
2498
1663
1418
1683
1898
1587
1545
1852
1716
2416
1359
1404
2720
1373
2226
1626
1574
1720
3928
2111
4250
2801
1641
1982
1401
2116
2332
2371
2417
2600
2776
1971
1712
1885
2194
8440
1881
2030
2968
3184
2682
2048
3406
2396
1959
1716
1608
1700
1405
1318
1131
1870
1820
1332
1816
2362
2029
1366
1149
1868
1362
1654
1672
3433
1351
1461
1326
2281
1511
1630
1499
1915
1420
3613
2204
3782
2580
2648
1930
1848
1335
1272
1675
1446
1125
2798
1757
1622
2025
2060
1754
2077
1329
1292
4476
2730
3099
4662
3424
4301
5619
9313
4472
4891
1814
20228
1751
1932
11153
7142
5045
21652
13368
3516
1989
2282
3961
1266
1589
1915
1650
1661
1466
1781
1622
1389
2060
1765
2407
5086
2582
2092
2195
2459
1981
3546
4532
3289
2365
2150
1640
2068
2002
2388
1915
2056
1956
2274
1656
2171
1800
1886
2162
2290
1617
2183
2604
1919
2648
2799
1872
3763
2122
2075
3111
2410
2015
1780
1875
1512
1900
1404
1737
2049
1787
1539
2051
1673
2371
2498
1284
2057
2444
1756
2136
2236
1623
1968
2111
1399
2099
1918
1973
2038
1727
1546
2018
1536
1666
2403
1696
1633
5231
1670
1783
1956
1591
2170
2458
1718
3565
1980
2132
6761
2188
2100
1823
1808
1927
1923
2187
2669
6136
1774
2192
2080
1957
1839
1887
2037
2353
2138
2245
2225
2267
1732
1808
1656
1468
2120
2611
1704
2913
2123
1401
2818
1987
1700
1812
2169
1714
1982
1850
1621
1942
2227
1662
1965
1735
1810
4034
5404
2141
1820
2061
2213
15960
2223
6672
1959
3676
2279
13442
3353
2056
1943
6598
1925
2413
1757
1685
6112
2236
1797
5615
2660
1735
3111
6288
1794
1937
2223
1893
3530
1723
1470
1703
2179
1612
1452
1908
1515
1965
1810
1877
2077
2156
1747
1543
1613
1620
1553
1667
1636
1635
1788
1671
1804
1828
1781
1776
1780
1960
1650
1805
1702
1716
2165
1636
1490
1525
1615
1600
1792
1909
1572
1958
2019
1768
1726
1627
1787
1699
1956
9209
1794
4782
12935
3016
1931
1624
16987
7240
1850
1770
3693
1717
4482
5094
2248
2934
1556
1462
1444
1396
1466
2341
1215
1466
1569
1423
1261
1193
1396
1589
2304
1851
2402
4014
1683
1630
2410
1438
1559
2067
2986
1976
4333
1389
1952
1690
1662
1589
1500
1536
2422
2249
2252
2486
1725
2408
1696
2367
2343
3687
2793
5381
2580
5276
1978
4875
1854
5353
2045
4223
1921
1779
1876
2463
1809
1323
2006
1898
2213
1802
1860
1965
1515
2072
1606
1782
5036
2065
3435
1593
