1096544
4014
5945
5043
3849
4414
3907
4238
4581
4453
5151
3645
2658
4572
2841
5090
3524
2927
6458
3448
4153
2629
3845
4077
5681
3658
4311
8143
4694
3385
10462
3635
4903
7377
5437
3752
5962
6547
10876
3732
4173
3309
3319
3176
10121
2967
4410
10490
7013
6884
8804
5234
7298
4602
6726
4502
3017
4083
3291
2890
3935
3604
3320
3098
3747
7181
3964
5249
2675
4129
2990
2889
2516
3698
5514
10137
4730
2678
3708
2735
2992
4263
3839
3155
3726
3260
4146
3926
4192
3048
2413
2708
2831
2969
3612
2814
3198
2411
4084
2855
4107
3102
2753
2163
1900
4692
2347
1951
2392
2496
2783
2750
2207
1818
2599
2107
2251
2896
2050
2496
4779
5549
3797
3723
3242
2851
3623
4558
4109
2680
4560
4499
3859
3359
4864
2596
3939
2201
2663
2327
2133
4598
3448
3858
4168
3271
4241
4072
4271
2616
4160
3667
4298
2883
2160
3449
3553
2426
2853
2286
2718
3385
3702
2614
4474
4224
2032
4037
5543
2246
2946
2282
6612
3755
3351
5489
2546
4921
2106
3577
3799
3670
4711
2769
6620
3560
3115
7809
2484
2904
2555
2361
3082
3871
4184
3462
3171
2795
3069
3237
2606
3209
2921
4750
2490
2432
2410
2523
2793
2248
4858
2194
2719
4013
1666
3462
2137
2202
4135
6238
2540
2681
2723
3020
2240
4937
2691
2910
4633
2489
2288
1766
6244
2264
5313
7163
1982
4088
3700
4196
3245
2935
3079
2135
2800
3876
3488
1735
2950
4307
2847
5514
2506
2048
2217
2065
2545
2127
4493
3234
3211
4278
2044
2775
1825
2706
2793
2788
3703
1990
2030
1999
4301
2050
2130
2124
2311
2431
1500
1575
4302
2695
1703
3465
2105
1618
3909
1757
1852
8153
2289
2392
2400
1741
1915
1612
1976
1646
1986
1917
1893
2733
2001
1953
1595
1616
2516
2344
1826
1817
1967
1935
1528
1913
1557
1481
1398
1846
1744
1397
1779
1339
1406
1679
1351
1729
1427
1509
1864
1452
1524
1399
1595
1875
1486
2097
1581
1851
2151
1748
1600
1303
1780
1470
1454
1477
1453
1725
1460
1531
1436
1375
1558
1492
1796
1549
1319
1575
1368
1375
1413
1461
1956
1618
1378
1396
1463
1383
1505
1715
1463
1551
1441
1323
1755
1675
1592
1541
1933
1811
1536
1542
1968
1734
1592
1490
1763
1860
1464
1342
1807
1330
1172
1541
1191
1843
1386
1477
1381
1295
1476
1302
1866
1438
2862
1512
1385
5591
1451
1544
1376
1673
1634
1526
1489
1618
1573
1632
1595
1654
1390
1680
1632
1661
1850
1739
1794
1538
1286
1505
1476
1787
1685
1591
1368
1571
1613
1325
1319
1529
1337
1427
1365
1354
1382
1372
1347
1488
1513
1197
1460
1498
1252
1442
1383
2052
1711
1459
1647
1271
1383
1394
1510
1314
1834
1838
1389
1500
1654
1418
1496
1234
2304
1451
1466
1452
1474
1467
1300
1646
1354
1612
1239
1360
1484
1430
1326
1272
1327
1312
1209
1484
1297
1369
1175
1468
1311
1280
1635
1384
1325
1596
1481
1436
1259
1511
1187
2781
1693
1718
1393
1776
1594
1628
1338
1757
1454
1445
1234
1352
1431
1557
2111
1250
1320
1423
1509
1682
1518
2700
1490
2711
1668
1528
1760
1482
1547
2201
1258
1747
1483
1455
1525
1415
1409
1372
1512
1341
1336
1678
1282
1519
1564
1239
1334
1408
1476
1387
1332
1302
1270
1900
1187
1478
1309
1377
1457
1232
1351
1264
1345
1266
1341
1706
1645
1580
1312
1605
1397
1357
1422
1386
1137
1534
4409
1536
1434
1339
1343
1261
1924
1091
1505
1359
1185
1285
1343
1359
1424
1560
1352
1423
1349
1226
1965
1421
1315
1394
1165
1399
1258
1354
1495
1376
1470
1269
1639
1291
1358
1605
1369
1603
1360
1624
1814
1574
1787
1453
1668
1474
1407
1378
1292
1593
1460
1592
1689
1355
1515
1860
2009
1350
1357
1210
1202
1511
1346
2036
1353
1534
1515
1412
1403
1383
1538
1401
1353
1439
1226
1402
1395
1496
1457
1325
1390
1230
1509
1212
1615
1395
1278
1362
1320
1808
1303
1456
1312
1348
1297
1439
1443
1310
1507
1530
1228
1526
1202
1397
1149
1163
1451
1703
1453
1301
1584
1192
1335
1335
1413
1417
1300
1199
1235
1417
1403
1409
1500
1372
1533
1225
1903
1434
1265
1481
1257
1384
1638
1212
1954
1391
1311
1303
1588
1703
1698
2826
9739
2242
1791
1877
1462
1941
3978
1433
1723
1468
1541
1537
1265
10119
1803
2238
3216
2896
2579
1796
1788
1525
1797
1462
1244
2155
2448
2097
2829
3854
1904
1772
2500
1659
1834
1737
2500
2061
1725
1886
1766
2234
15723
14584
2153
1954
1874
1403
1628
1591
1441
1327
1303
1590
1494
1370
1338
1397
1452
1193
1476
1430
1500
1286
1159
1933
1174
1439
1335
1583
1314
1215
1657
1356
1480
1192
1401
1353
1270
1415
1227
1301
1375
2076
1522
1525
1467
1209
1428
1370
1187
1354
1339
1302
1236
1439
1270
1365
1459
1297
2070
1280
1504
1275
1457
1557
1405
1358
1293
1475
1337
1232
1486
1152
1605
1273
1385
1289
1261
1831
1184
1728
1289
1701
1562
1169
2332
1416
2032
1606
1469
1507
1454
1895
1947
1921
1310
1335
1349
1308
1281
1238
1623
1229
1168
1375
1316
1380
1267
1424
1251
1268
1767
1350
1413
1290
1555
1300
1287
1253
1207
1357
1188
1648
1525
1264
1356
1334
1329
1354
1472
1331
1190
1210
1328
1217
1460
1339
1311
1737
1245
1353
1207
1305
1374
1417
1614
1489
1424
1470
1164
1201
1304
1421
166985
1694
1369
1290
1293
1213
1958
1631
1387
1270
1627
1243
1400
1172
1290
1289
1345
1334
1181
1184
1317
1160
1398
1108
1388
1384
1189
1344
1132
1402
1254
1144
1465
1272
1377
1181
1147
1323
1272
1725
1559
1778
1566
1329
1433
1422
2357
1297
1167
1287
1277
1608
1470
1341
1416
1241
1189
1284
1331
1233
1247
1403
1302
1378
1545
1341
1196
1286
1706
1504
1675
1572
1649
1554
2055
1667
1453
1457
1929
1797
