1035
1431
1410
1202
1647
1157
1133
1371
976
1268
1068
1155
1387
1018
1217
1132
1407
1336
1287
1317
1293
1190
1101
1104
1068
1206
1550
1414
1354
1771
1149
1210
1202
1155
1486
1070
1149
1052
2210
1005
994
1048
985
1277
1119
1095
1097
2261
1376
1213
1097
2063
1149
2643
1147
1096
1240
1000
1382
1133
2256
1110
1159
1219
1052
1164
916
1152
1363
973
1277
1245
1093
868
1085
1333
842
1177
1318
1116
1432
1090
1247
1099
1081
1186
1199
1027
1174
1220
1033
834
1362
1220
1220
929
1089
1394
1136
1197
1114
1049
988
1173
1112
1071
2246
1387
1216
1161
1080
1081
1234
1119
1090
1143
1331
1081
1111
1193
1013
1216
1018
1042
1093
1315
1408
1062
1538
1132
1415
1016
1046
1133
1069
1068
1118
1020
1092
1009
1081
1044
1176
933
956
1194
1008
1397
957
1088
1222
929
1082
1210
1219
1056
1371
1302
1098
1291
1164
1145
1086
1156
1094
920
1383
1012
1164
1115
1021
1662
1034
1300
1209
1058
1012
1004
1090
993
1360
1267
1051
1344
1136
1192
1463
1308
2355
1390
1618
1577
1561
1388
1354
1543
1181
1063
1019
1027
1121
1094
1322
966
1586
1118
1057
1380
972
1873
1137
2440
2023
1467
1280
1135
1156
1443
1756
1606
966
1440
1241
1343
1292
1166
1071
1199
1183
2401
1224
1204
1325
1074
1087
921
2285
1468
1147
1406
1365
1250
1250
2464
1061
1524
2286
1025
1214
1003
1671
975
1148
1134
1019
1164
1132
1149
1339
1076
940
1175
2402
965
1147
1147
995
1317
1162
1404
1070
1117
1274
1082
1265
1173
1366
1056
1075
1160
1089
1568
1494
1053
1110
1078
1217
1029
1201
1183
1231
1270
1259
1356
984
1149
1308
1433
1930
1455
1455
1118
1180
1283
1482
1632
894
1183
1332
1180
1286
929
1247
1083
1033
1068
1143
1331
988
1563
1080
1286
1286
1666
1165
1443
1106
1844
1594
1307
1722
1168
1121
1003
1123
1075
1184
1269
923
1152
968
1314
1623
1163
1162
1012
1214
1283
1686
1083
1191
1294
1026
1217
1144
1360
1113
909
1057
1237
1034
1098
968
1125
1349
1185
1052
1574
1428
1117
1187
912
1307
1144
983
1310
1072
1209
1297
1141
942
1208
1337
1054
1372
1006
1140
1293
1000
1316
1315
957
1425
1635
1636
1025
1338
1118
1240
1349
1123
1371
1212
1305
968
1120
1351
1212
1361
1056
898
1279
1003
1112
1151
1065
1413
1112
1625
994
1277
948
990
1368
956
1084
1086
1119
1325
1077
1353
1025
1290
1245
1116
1001
2579
1808
1838
1271
1484
1068
1307
1028
1337
1453
1096
1284
1206
1169
1047
1108
1357
1054
1475
1075
2217
1564
1006
1388
1202
938
1596
1367
1499
1000
1162
1071
1484
1170
1107
1193
1374
1260
1493
1561
1465
1295
1196
1396
1134
1572
1061
1773
1041
928
1210
1350
1131
1109
1394
1481
1032
1323
1202
1316
1453
1210
2075
1285
1328
1403
1367
1316
1048
1367
1104
1308
1165
1163
1060
1168
1101
1414
1193
973
1031
1161
1128
1342
1082
958
1313
1035
1331
935
1191
1010
1041
1365
1070
1269
1200
1124
1306
1081
1195
1133
1440
1057
1587
1509
1152
1268
1666
1153
1284
1064
1199
1278
1016
1086
1041
1378
1667
1381
1505
1231
1284
1414
1417
1032
1593
1391
1103
1366
1591
1154
1151
1664
1174
1014
1120
1255
1320
1296
1258
1270
1059
1168
1036
1053
1394
1373
1326
1470
1252
1395
923
1346
1049
1077
1302
1020
1265
1230
1393
1237
1155
1367
1388
1201
1180
1051
1063
1046
1088
1865
1161
1316
927
1117
1008
1526
1101
1105
1069
1026
1088
1244
1190
1116
971
1121
1292
1148
965
1071
1345
1003
1299
1072
1199
966
915
1411
1050
1362
911
1126
1002
1241
1366
935
1065
975
1318
1128
1159
1241
1216
1243
1763
1126
1330
1150
1114
961
1117
1124
1118
1291
1082
1009
1064
1250
1080
944
1018
1218
1437
1193
1190
1047
960
1210
1008
994
966
1282
1252
1063
1077
1090
2370
943
1087
1186
1121
1071
1189
1253
1010
986
1229
1261
1250
1361
1192
1156
1016
1243
1090
1294
1286
1418
1098
1056
8073
1191
1185
1098
1206
1193
1001
1355
960
981
1154
1205
1174
1347
1330
1365
1307
1234
1141
1328
1009
1004
1071
1031
1127
1351
1315
1045
1404
1089
1183
1178
1168
1320
1053
1265
1024
1175
1186
1044
1058
1144
1009
874
1031
1117
1043
1226
988
1035
893
1041
1225
1040
1067
1126
1084
1485
1147
1363
1109
1100
1065
1140
1118
1399
1086
1312
1136
1211
1197
1228
935
1202
1075
1404
1310
1047
2543
1143
1340
906
1020
1318
1167
1115
1337
971
1085
1172
1149
1108
1268
981
1121
1155
1148
1173
1034
1322
1129
1046
887
1069
1148
998
1422
980
897
1276
1003
1014
1051
1324
1058
1220
1136
1034
1163
1023
1046
1090
1073
1065
1014
1217
893
1295
1141
954
1152
1007
1027
866
902
2047
1089
1221
871
1138
1127
1057
1182
1097
1189
1033
1021
1089
1136
1307
1009
1076
1121
1064
1290
940
1139
935
1314
1187
1246
1015
1174
1218
1098
1250
1149
937
1139
1034
1122
858
919
1092
905
1046
971
1216
1051
1271
984
1206
1255
909
1149
1051
1262
981
1048
1344
1097
1355
967
985
2304
1128
1191
1104
1142
914
976
997
1162
1237
1120
1359
975
964
1409
1008
1426
1042
929
1407
981
1267
1174
1011
1120
1079
1199
994
1221
1113
1108
1342
1201
1270
1304
1225
1445
1434
1080
1015
1181
919
1149
1341
1042
1222
1092
1116
1015
1125
983
1325
1083
1065
1195
1012
1408
1056
997
1232
1687
1237
1130
1090
1072
1059
1291
1350
1294
2192
1062
1017
1159
1235
1073
856
1261
1174
1273
1047
1064
1248
1058
1196
1042
1563
1057
1053
1098
1232
1002
1267
1118
1124
1071
1316
1174
1149
