1342
1282
1316
1062
1093
1452
1093
1564
1135
1249
1586
1310
1118
1585
1144
1017
1126
2499
1020
1212
1239
1006
1200
1236
1097
1469
1569
1253
1207
1118
1369
1365
1350
1178
1356
1193
1318
980
1034
952
1187
1008
1012
1371
1028
2490
1467
1208
2577
1157
1185
1187
1184
1718
1156
1577
1342
1128
1742
1272
1124
1539
1420
1438
1088
1035
1311
1215
1590
1334
1119
1006
1098
946
1385
1140
1149
1287
1249
1276
1567
1237
1132
1137
1427
1175
2244
1688
955
1196
957
1010
1037
1145
1024
1100
1181
1021
1287
1032
1300
1242
935
1077
907
1308
1372
1037
977
1304
1043
1088
1085
1094
1162
1041
1020
1060
1336
1107
1180
1383
1252
1092
1175
1116
1190
1183
902
991
1300
955
1241
1156
1255
953
968
1718
951
1392
1037
1009
1121
1053
1187
1197
957
1321
1343
1045
975
1086
1021
1015
1169
836
1219
1004
1128
1363
1031
1142
1201
1424
1341
993
1149
1024
1226
978
1145
983
1087
1109
1021
939
1083
1099
1106
1064
1030
1141
929
2360
1010
1290
1221
953
1108
1040
1194
1043
1160
1143
948
1285
1040
1225
915
976
1013
881
1056
1183
1087
870
1120
1242
1372
1615
1223
1160
1535
1086
1235
1022
1277
1005
1125
1050
876
1545
1084
1014
951
1010
1272
948
969
946
990
1002
869
1369
934
1348
926
946
1088
961
1165
951
1078
998
981
1340
901
1229
1233
1013
1110
1130
995
1185
908
1162
1072
1368
1168
990
1128
921
2827
1341
1636
1409
1615
1576
1981
2453
3828
8117
1652
1647
1764
2112
1778
1310
1517
1590
2142
2107
1730
1576
1835
1409
1557
1498
1823
1516
1541
6929
1705
2196
1684
2073
1321
1477
1636
1423
1531
1409
1555
1674
1299
1531
1132
1036
1457
1168
1358
1304
1206
1453
1283
1336
1185
1155
1328
1540
1013
1478
1492
1032
1374
1320
1169
1179
1147
1438
1187
1112
1384
1293
1158
1299
1915
1183
1014
1201
954
1309
1135
1240
1165
1301
1159
1298
992
1337
2470
2547
1283
1502
1299
1530
1754
1702
1502
1037
1071
1070
1359
1378
1377
1556
1259
1090
1232
1456
1656
1656
1347
1595
1089
1309
1157
1069
1293
1153
1181
1041
1310
1127
1219
1231
1172
2773
1236
1044
1287
1023
1074
1476
1102
936
1211
977
1012
1590
1049
1338
1089
1137
1281
979
1119
1704
1405
1094
1163
1536
1187
1691
1561
1784
1767
1832
3175
1353
1732
1284
1304
2036
1864
1648
3785
1293
1659
1317
1428
1386
1347
1154
1065
1337
1387
1151
1059
1159
994
1336
1199
1622
1304
1401
1323
1127
1080
1189
1113
1101
1355
905
1315
1035
1386
1349
1211
1096
1034
1065
1084
2649
1281
1162
1030
1199
1070
1012
1382
1643
1256
1036
981
1394
1315
1240
1127
1263
1081
1046
1167
1287
1111
1787
1504
1613
1084
1156
971
1116
1029
1046
1065
1107
1466
1560
1322
1163
1204
1270
1120
1202
933
1351
1047
1167
1257
1223
1396
1013
1252
1062
1049
1043
1406
1089
1090
1319
1514
1250
1384
956
1508
1088
1398
1083
1078
1154
1111
1533
919
1043
1093
1195
1280
1080
1128
1655
1015
1161
975
1176
934
1203
967
1163
1314
1040
1281
1041
1111
1111
1207
1460
932
1249
955
941
1340
1015
1027
1080
1073
1299
964
1882
1671
1015
1049
1059
1152
1055
1164
1001
1212
944
1198
1254
1115
1091
1070
930
1179
1767
1351
1268
1262
1059
1012
997
974
1109
1036
1373
1272
1109
1227
1225
1214
1069
1049
1574
983
1343
943
1851
1248
941
1228
937
1177
1048
1084
1019
1008
1076
994
1295
965
1181
1144
1121
1199
1128
1229
1248
1043
1261
980
1157
935
1255
1389
1176
995
1214
1125
1062
1311
1006
1036
1581
1005
1309
1398
1080
1371
1139
1085
978
1265
1176
920
1576
1200
1295
1136
1490
1080
1437
1211
950
1119
935
1161
1172
1110
1120
944
1271
1203
1249
1215
1044
1245
1162
1075
1041
1150
1380
1060
1066
1019
1235
914
1126
1614
1023
1120
1059
1094
1274
1459
1443
1162
1658
1059
1115
1156
987
1035
951
1291
996
1028
1162
1032
1322
1162
1119
1046
1155
1424
1105
1116
951
957
1136
1014
1414
1313
1027
1148
986
1132
963
1079
1332
1196
1130
1098
990
1110
1156
1399
1069
1253
1256
1304
1116
1082
1213
1021
920
1398
1317
1110
1170
1045
1079
1067
1952
1009
1112
1172
978
1130
1058
1031
979
1044
1013
1168
1614
962
916
1193
1188
1242
901
917
1088
908
1256
1017
1043
1132
880
1115
993
973
1115
890
1170
1020
1294
960
1256
1208
905
1209
1182
1006
1143
1007
1383
1807
1258
1151
1049
1062
1446
1448
1543
2988
1486
1498
1642
1613
1576
1471
1334
1068
1106
1495
1117
1124
1256
1113
1201
1129
1122
1380
1209
1089
1032
1062
1181
1267
1125
1205
1718
1077
1038
1034
1140
1148
1032
1339
956
1182
1228
1400
1203
1002
1258
1064
2362
1139
909
1021
946
968
1232
964
1171
962
978
1110
1128
1325
1214
2061
1121
1165
1148
1063
969
1072
1233
1052
951
1059
1120
1169
1093
1175
1133
1147
932
1114
1356
972
1046
1163
1188
1133
1049
1220
1393
1027
1121
1003
1080
992
1188
1103
879
1082
1010
983
1076
959
1066
1077
1063
1019
1146
887
983
1118
971
1230
1087
988
1099
1179
1635
1048
1582
1055
996
1057
932
1292
1171
1172
1147
950
1235
989
1359
1135
1113
1801
1452
2338
1175
1275
1100
1303
1435
1351
1175
1223
1214
1215
1360
1415
1013
1780
985
1083
1058
1059
1205
914
1121
1067
1210
1232
1262
1125
1031
1151
1108
1340
1347
1096
1056
1137
1199
1255
1068
1149
913
1304
1448
1003
1155
1196
1421
1538
1450
1097
1241
1308
1107
1358
1165
1007
1031
1182
1160
1242
2639
949
1123
