1205
1324
1456
1766
1526
1029
1077
1273
1032
1339
1022
1147
1027
1196
1375
972
1090
1035
2599
1190
1186
1158
1127
1200
1469
1235
983
1801
1182
1131
1458
1035
959
2029
1263
1106
1446
1199
1395
1026
1242
1128
1373
1279
1287
1203
1005
1207
1075
990
1401
1171
1077
1386
1271
1073
1102
1026
1016
1170
1011
1106
1409
936
1326
1783
1253
1486
1000
1270
1282
1297
1010
1117
1410
1132
1569
983
1269
1581
1322
1095
1538
1171
1017
1154
2494
1021
1257
1249
997
1194
1236
2021
1469
1350
1288
1305
1152
1386
1430
1319
1137
1357
955
1237
992
1100
953
1085
965
1025
1417
1049
2484
1490
1270
2580
1129
1189
1188
1184
1762
1171
1603
1341
1147
3198
1255
1866
1492
1392
1476
998
1050
1278
1918
1581
1980
1133
997
1096
888
1369
1121
1141
1230
1241
1278
1567
1354
1112
1178
1421
1211
1417
1114
958
1213
975
1011
1033
1138
1024
1108
1233
1075
1333
1076
1294
1263
1215
1081
1150
1281
1324
1037
1058
1313
1049
1088
1017
1108
1169
1046
1147
1067
1107
1159
1184
2173
1257
1377
1172
1108
1220
1190
857
991
1331
922
1268
1138
1247
953
993
1101
984
1255
1050
1009
1121
1050
1184
1160
965
1319
1336
1056
984
1086
1018
1032
1119
869
1242
991
1123
1365
1003
1369
1202
1508
1339
1026
1099
1036
1223
986
1094
984
1087
1098
1028
1048
1276
1108
1070
1054
1141
1135
929
2300
954
1282
1215
924
1125
1051
1205
923
1146
1159
1125
1287
1033
1062
875
1087
986
914
1101
1183
1179
1348
945
1248
1373
1360
1224
1160
1539
1093
1235
973
1108
1091
1126
1053
873
1546
1047
1217
868
1014
1284
1044
906
954
1225
1012
871
1378
1103
1332
1132
966
1104
946
1080
941
890
1321
986
1419
1129
1276
1221
1013
1148
1629
986
1181
869
1158
1067
1369
1169
984
1019
909
2840
1368
1596
1468
1615
1583
1963
2316
3789
8701
2163
1643
1994
1701
1586
1349
1581
1699
2039
1855
1700
1583
1743
1232
1487
1690
2021
1546
1540
10606
1690
2196
1646
2116
1290
1475
1442
1424
1492
1434
1530
3299
1290
1508
1082
1027
1481
1162
1427
1333
1193
1519
1247
1334
1258
1153
1321
1533
1181
1655
1224
977
1372
1339
1228
1316
1149
1226
1157
1062
1373
1300
1225
1313
1831
1165
1090
1201
1022
1309
1142
1056
1170
1301
1095
1301
1004
1398
2077
1506
2131
1482
1290
1588
1765
1704
1576
1351
1177
1113
1332
1422
1389
1529
1335
1918
1164
1434
1612
2154
1347
1593
1091
1289
1158
1066
1283
1165
1160
1102
1317
1127
1188
1246
1171
2773
1236
1010
1279
1023
1067
1486
1103
962
1211
1990
1008
1292
1043
1319
1079
1149
1348
958
1188
1708
1405
1094
1140
1506
1150
1692
1568
1784
1773
1847
3183
1430
1662
1221
1329
1923
1826
2478
3918
1320
1838
1321
1838
1356
1306
1154
1290
1319
1399
1151
1073
1198
998
1363
1177
1622
1307
1419
1328
1111
1121
1184
1070
1135
1366
971
1316
1060
1359
1337
1259
1115
1035
1187
1083
2664
1274
1132
981
1110
1283
1045
1417
1819
1329
1234
1000
1410
1307
2457
1146
1268
1074
1049
1198
1262
1107
1601
1195
1617
1072
1162
933
1178
999
1101
1096
1114
1437
1509
1322
1082
1187
1276
1122
1202
930
1015
1058
1185
1257
1142
1393
1022
1314
1070
936
1269
1392
1050
1101
1290
1491
1250
1378
949
1509
1100
1398
1113
1059
1142
1111
1531
900
1065
1084
953
1273
1086
1163
1531
1651
1172
1204
1159
967
1204
1209
1175
1311
977
1322
1042
1047
1099
1187
1412
947
1021
911
926
1340
1006
1024
1089
1094
1283
940
1310
1047
1033
1127
1086
1124
1099
1148
1064
1212
1014
968
1204
1142
1050
1070
938
1836
1083
1438
1261
1240
1122
1056
1000
962
1072
1044
2154
1278
1077
1221
1206
1197
1144
1049
1294
968
1363
989
1181
1249
1166
1204
952
1171
1048
1063
1008
932
1050
980
1279
1019
1253
1135
1118
1155
857
972
1256
1026
1297
1100
1158
952
1255
1398
1170
1031
1229
1125
1059
1383
899
1058
1586
1005
1050
1392
1082
1369
1121
1079
983
1353
1143
928
1597
1208
1295
1560
1464
1096
1420
1211
950
1855
1049
1161
1166
1085
1059
939
1323
1333
1272
1214
1049
1258
1156
1714
1111
1162
1374
1051
1115
971
1262
910
1103
1617
1110
1115
1056
1069
1277
1466
1465
1122
1633
1037
1109
1163
1019
1327
958
1205
984
1036
1159
1018
1300
1148
1078
1054
1139
1434
1126
1216
1004
951
1685
1008
1414
1330
1037
1141
986
1101
1011
1088
1344
1166
1142
1057
1187
1134
1055
1407
1122
1300
1258
1092
1221
1066
1532
1015
922
1397
1318
1090
1228
1041
1400
1126
1134
1009
1145
1189
1016
1120
1062
1056
979
1037
1010
1185
864
960
916
1186
1182
1243
901
912
1147
907
1174
988
1018
1139
873
1115
1001
1232
1107
910
1124
1014
1294
990
1284
1215
908
1163
985
1014
1089
1013
1384
1216
1183
1206
1068
1062
1453
1480
1549
2990
1486
1497
1672
1667
1540
1475
1388
1226
1066
1495
1142
1111
1451
1126
1232
1140
1121
1416
1209
1083
1032
1070
1192
1266
1132
1191
1132
1064
1048
1041
1145
1129
1126
1434
950
1203
1187
1400
1201
999
1306
1072
2372
916
862
1075
872
1027
1131
964
1171
1008
987
1119
2312
1356
1133
1362
1593
1189
1141
1115
1000
1134
1233
1111
945
1049
1095
1164
1093
1177
1033
1165
913
1115
1362
993
1040
1131
1187
1170
1051
1220
1401
1067
1095
1106
1322
984
1194
1097
980
1096
1026
982
1084
1024
1060
966
1709
981
1185
900
941
1959
1395
1261
1113
991
1106
1182
1638
998
1066
1058
996
1092
932
1070
1161
1159
1146
958
