1668
1472
1600
1081
1237
1615
1449
1221
1272
1163
1149
1472
1235
1133
1746
1591
1387
1390
1720
2602
1673
1534
1579
1810
1408
1747
1725
1304
1345
1255
1315
1400
1408
1232
1109
2125
1147
1301
1211
1147
1156
1250
1210
1164
1271
1601
1074
1160
1285
1334
1182
1078
1392
1223
1122
1168
1226
970
993
1370
1138
1168
1074
1107
1145
1164
1344
1316
1608
1288
1504
1600
5820
1286
1250
1226
1315
1292
1058
1007
1452
1183
1293
1247
1149
1151
1127
1467
1203
1044
1300
1132
1419
1176
1092
1478
1457
1556
1125
1209
1087
997
1133
1191
1367
1039
1312
1241
1597
1506
1199
2495
1118
1635
1355
1093
1182
1145
1213
1787
1125
1871
1215
1079
1164
1175
1611
1138
1248
1195
1088
1294
1324
1232
1310
1236
1344
1193
1259
1239
1179
1282
1127
1386
1096
1452
1099
1233
1730
2240
1306
1003
1305
1232
1219
1265
1254
1244
1220
1076
1128
985
1218
1300
1204
1054
1611
1778
1179
1405
1295
1197
1747
1726
1122
1055
1318
1190
1414
1303
1204
1330
1222
1118
1323
1107
1789
1121
1443
1202
1255
1356
1122
1608
1488
1186
1586
1335
1258
1058
1226
1258
1172
1482
1390
1320
1047
1095
1317
1119
1350
1070
1461
1376
1259
1163
1257
1067
1308
1044
1319
1125
1260
989
1600
1234
1198
1755
1287
1348
1230
1103
1077
1204
1262
1097
1472
1154
1260
1261
1046
1277
1006
1035
1013
1255
1186
1233
1342
1163
992
1224
1066
1330
1070
1072
1241
1151
1419
1131
1397
1201
1135
1403
1255
1435
1237
1258
1240
1148
1221
1206
1338
1231
974
1309
1160
1270
1024
1116
1188
1144
1110
964
1401
1063
1367
1125
1190
2389
1158
1325
1888
1092
1331
1097
1082
1426
1351
1214
1436
1229
1205
1680
1441
1136
1531
1130
1119
1139
1511
1288
1259
1229
1253
1069
1401
1086
1285
1135
1174
1204
1117
1252
1158
896
2003
1111
1480
1468
1392
1414
1296
1278
1014
1352
1081
1197
1321
1187
1080
1111
1339
1058
1148
1339
1239
1263
1110
1251
1078
1194
1266
1282
1198
1066
1360
1178
1437
1502
1245
1459
1168
1076
1382
1235
2427
968
1073
1269
1212
1269
1215
1328
1121
996
1240
1084
1328
1110
1118
1010
1280
1198
1276
1707
1119
1247
1134
1072
1195
1037
1264
1582
1241
1204
1100
1229
1060
1322
1058
1037
1263
1077
1269
1034
1183
1085
1178
1251
1105
1302
1010
1145
1060
1074
1310
1080
1249
1080
1091
1536
1269
2262
1015
1233
1245
1193
1297
1114
2044
1178
1359
1191
1154
1270
1109
1054
1322
1276
1159
1334
1016
1130
1845
1209
1363
1127
1147
1107
1308
1324
1139
1431
986
1119
1206
1121
1331
1296
1187
1103
1202
1234
1111
1227
1081
1177
1288
1141
1189
1092
1219
1254
1179
1047
1010
1159
1086
1334
1146
1136
1066
1153
1193
1026
1308
1127
1133
1154
1235
1335
1106
1079
1113
1177
1160
1139
1198
1195
1069
1311
1317
1220
1087
1242
1267
1170
1065
1228
1295
1043
1251
1375
1197
2150
960
1188
1203
1079
1085
1070
1236
1433
1151
1156
1033
1325
1086
1080
1064
1191
1159
1039
1204
1079
1167
1153
1009
1192
1434
1029
1085
1313
1157
1067
1994
1490
1282
972
1292
1113
1072
1273
1329
1382
1149
1093
1703
1202
1574
1210
2463
2015
1026
1283
1078
1224
1187
2845
1328
1264
1260
1027
1243
1228
1122
1222
1283
1289
1074
1120
1373
1354
1472
1287
1536
1207
1729
1373
1279
1135
1133
1205
1176
1286
1167
1148
1244
1750
1334
976
1194
1280
1326
1181
1192
1383
1288
1335
1008
1097
1341
1159
1327
1147
1036
1274
1023
1967
1157
1190
1099
1142
1214
1127
2308
1044
1207
990
1217
1473
1066
1273
1285
1094
1199
1172
1325
1125
1215
1050
1110
1139
1144
1313
1259
1449
1446
1239
1395
1176
1362
1014
2244
1279
1127
1427
1085
1337
1130
1231
1167
1010
1259
1046
1340
1251
1375
1212
1098
1262
1058
1199
1306
1249
1430
1283
1181
1657
1646
1284
1063
1313
1351
1050
1359
1204
1419
1248
1144
1297
1266
1178
1344
1059
1132
1071
2460
1063
1142
1219
1165
1206
1128
1125
1384
1192
1128
1038
1172
1324
1260
1995
1208
1035
1187
1018
1325
1349
1253
1519
1318
1098
1283
1113
1163
1104
7542
1322
1547
1412
1323
1343
1157
1417
1174
1088
1385
1180
1367
1040
1268
1033
1267
1081
1102
1114
1249
1195
1396
1188
1245
1217
1072
1348
1110
1241
1002
1347
1230
1199
2019
1092
1207
1122
1129
1103
1019
1170
1004
1171
1096
1030
1106
971
1299
993
1108
2129
1218
1237
1097
1318
1111
1017
1409
1182
1220
1252
1191
1224
1149
1293
1026
1248
1082
970
1243
944
1218
1075
1071
1316
1208
1392
1137
1268
1200
999
1229
1080
1306
1235
1242
1391
1098
1035
1143
1110
1146
1218
1303
1047
1427
1172
1107
1224
1246
1364
1001
1004
1159
1254
1067
974
1072
1018
1100
1416
986
1075
2685
1327
1391
1347
1171
1271
1219
1252
1042
1561
997
1226
1276
1287
1214
1247
1166
1200
1028
1497
1163
1149
1065
1188
1354
1202
1517
1163
1122
1242
1116
1136
1177
1266
1237
1172
1173
1265
1220
1161
1045
1420
1166
1379
944
1335
1297
1142
1106
1159
1789
1163
1057
1348
1082
1251
1027
1028
1408
1263
1308
1019
1141
1305
1102
1310
1136
1222
1189
1057
1324
1066
1173
1059
1154
1273
1175
1206
2154
1167
1100
1251
1377
1025
1270
1107
1133
1283
1119
1359
1005
1118
1334
1431
1371
1486
1360
1417
1293
1511
1090
1334
1166
1040
1326
1149
1229
1198
1250
1232
1200
1585
1261
1185
983
1129
1108
1302
1275
1020
1216
1406
1048
1318
963
1532
1162
1238
1362
1171
1231
1065
1161
1224
1033
1230
1124
1037
1053
1020
1191
1457
1177
1211
1186
1370
1607
1283
1012
1135
1310
1557
1460
1038
988
1481
1114
1075
