1435
1902
1492
1073
1221
1171
1117
1024
1083
1229
1021
1125
917
1271
984
999
1133
1322
1123
1028
1086
1083
1066
1048
1172
1332
1167
1359
1373
1078
2274
996
1148
1031
1135
1144
931
1194
1177
1086
1111
928
1126
971
1282
1145
1043
1129
1175
1060
1046
1217
982
1063
955
1204
1213
1518
967
1133
1180
1247
1129
1151
1099
1185
1292
972
1358
1011
934
1087
1032
1867
2429
2303
1148
1157
1256
1016
1194
1006
1513
1583
1137
1117
1116
1215
964
1116
1272
1189
1127
1593
1154
988
1069
1052
982
1245
1169
1067
995
1063
1144
1054
1247
1037
1097
1312
1075
1224
1035
1280
1183
1045
1300
883
1272
1032
990
996
981
1364
1121
1456
1676
1169
1222
944
1309
998
1221
1140
947
1389
1203
1075
888
1098
1001
1194
1386
971
1161
1076
1214
1037
1155
1763
1162
998
977
1328
1280
1421
1251
1082
1157
977
1035
1198
903
1045
942
1047
908
1200
968
1056
1260
1145
1776
1209
1204
1111
1180
1361
1007
1318
1785
1096
1159
1058
1186
1020
1079
1090
1276
1086
1369
1246
1114
1414
1063
1087
1162
1072
1187
970
1124
1166
1203
1087
857
1092
1055
1202
1023
967
1305
1043
1311
1171
1149
971
1251
1155
1074
1245
1022
973
983
1070
1073
1054
1349
957
1221
1079
1144
1172
1388
1333
1222
1669
1145
1135
1336
1183
1138
1294
1359
1007
1297
1480
1103
1064
1316
1189
913
1375
1073
962
1433
994
1283
994
890
1231
1287
1391
1364
1153
1317
1530
1319
1221
1009
1238
1035
945
1404
1098
1074
1148
1056
1303
1019
1060
1071
1199
1504
1074
1127
964
901
1201
922
1108
946
1163
1014
1215
1240
1008
1053
1138
1039
1081
989
1159
1222
1143
1144
955
1278
964
1242
1008
1087
968
1359
1164
1034
1257
965
1356
995
912
1067
1373
1149
920
1104
1084
1155
1066
899
1250
1135
973
1146
914
1170
1109
1181
992
932
1079
1088
990
1123
1176
1085
1034
1416
927
1053
1124
984
929
956
1015
1005
1055
1309
1320
1011
937
1043
986
1478
946
1176
1093
1104
1203
958
1095
896
1138
1005
1087
1384
1113
1143
1034
1190
1280
1079
1749
892
2137
898
1150
1103
1013
1012
964
1078
913
1178
1116
1169
1086
1086
1195
1033
1187
860
924
1325
959
1091
1104
1433
992
1180
1252
1085
994
1088
1363
1099
1001
1114
970
1319
959
1097
1069
1086
973
1103
1231
918
1005
942
913
1112
1032
1093
1066
1055
1012
993
1070
1093
1251
1032
1094
1161
886
1093
931
1479
1035
996
986
991
1053
938
1082
954
1149
1104
1336
1126
1228
1140
1122
1157
1430
1202
1266
1136
1112
1049
1083
1181
1094
1027
1003
1036
1324
1094
1036
978
1256
976
1028
1090
971
1004
1066
856
1213
1141
1135
1107
911
1180
937
1153
957
1098
1022
876
1169
1182
1632
1096
942
1306
1063
1251
1092
930
1230
934
1361
996
1152
1037
1024
1431
1315
1164
1258
1000
1241
1497
1441
1312
1516
1261
1228
1280
1125
1355
1247
1020
1370
1124
1307
1005
1262
1217
1019
1191
1100
2243
1246
1066
1206
991
1251
1325
1248
1160
999
1270
1218
1517
1225
1100
1057
1210
1284
918
1382
1240
993
1119
1252
2569
1147
1177
1313
1052
1057
972
1313
1002
1198
1015
1137
1053
1023
1258
1024
1111
1019
933
1014
895
1151
985
1206
1121
1049
1285
876
1432
1016
1061
1428
1197
1188
1125
1015
1121
1213
1143
1010
1122
1114
944
1074
1034
1135
1032
1000
1042
1010
1021
968
1734
1077
1004
2027
953
1048
995
1162
1035
1120
1275
1033
1288
1049
1029
1018
978
1041
1391
1031
1017
935
998
1157
1235
967
1088
972
1125
1080
1008
1046
953
1061
1315
1217
1194
927
1400
967
951
1066
1099
1055
985
1090
1253
969
1101
961
1277
1047
1135
1295
1046
1071
993
1160
1101
944
1099
1169
1107
1079
887
1969
1202
1265
1055
1094
1131
1096
1274
1237
1046
2355
947
1168
1168
1352
1113
1190
1094
1045
1168
1125
1002
968
994
1080
1075
1140
892
1141
1094
965
1258
943
1083
1056
961
1376
1034
1074
896
887
1348
1020
1073
1089
1139
1017
1110
1016
1276
1249
1138
1122
1417
1353
2206
1293
1235
1387
1225
1454
1278
1674
1489
1532
1428
1573
1406
1513
1249
1627
1615
1938
1331
1569
1577
1393
1677
1329
1284
1260
1296
1291
1123
1170
1255
1278
1177
1249
1249
1037
1275
1001
1125
1055
1006
1036
993
941
1039
1203
1158
997
1359
1597
1309
1357
1278
1208
1066
1054
1302
1085
1096
1231
1143
952
982
1184
1084
1251
1016
1306
1464
1314
1663
1237
1121
1069
1044
1564
1210
1620
1281
1142
1163
1437
1261
1173
1015
1421
1182
1291
1064
1043
997
1057
1238
1074
1273
1141
1181
1272
1192
1108
1078
1280
925
1233
1021
898
1107
1031
919
1103
1288
1318
1147
1260
990
1003
1176
1182
1077
918
991
1192
1061
983
1045
1017
2010
1225
1077
986
1209
1156
892
1145
1199
1236
1140
1038
907
1075
1270
944
1194
1233
942
1305
1264
1028
930
1065
1243
961
1444
997
1074
1140
1087
1145
921
1220
1232
1033
2376
993
1048
892
1300
1116
1080
1778
1045
1036
983
828
1147
1138
1263
885
1194
847
994
1314
969
1122
1192
1240
998
1186
1188
1068
1166
972
1466
1248
1077
1570
1101
925
2086
1048
1199
1176
1127
1195
1039
1514
945
1105
949
1182
1267
1181
1007
941
1157
1093
1116
1168
981
1228
1040
999
1220
1079
1063
979
1014
976
757
1258
973
1307
1218
925
1083
1136
1011
1059
1223
1150
1138
1205
994
1323
1033
1076
963
1016
1839
1799
1240
1259
1023
1103
963
1365
917
2493
1039
1208
1196
1157
