2190
1062
1187
1263
1233
1219
1178
1317
1017
1138
1111
1050
1288
1170
1188
1111
1130
1285
1094
1279
1107
1188
1262
1153
1321
1262
1507
1354
1358
1185
1106
1259
1105
1299
1187
1232
1146
1210
1438
1190
1177
1348
1098
1359
1295
1145
1057
1216
1258
1160
1347
1308
1078
1369
1121
1254
1123
1365
1243
1280
1296
1029
1155
1173
1159
1370
1091
1327
1199
1272
1191
1292
1322
1173
1430
1045
1018
1506
1191
1507
1166
1083
1145
1316
1382
1075
1438
1202
1141
1339
1361
1884
1152
1268
1362
1198
1417
1176
1233
1206
1286
1299
1160
1486
1549
1584
1408
1297
1223
1030
1370
1369
1170
1328
1179
1331
1091
1262
1140
1224
1379
1101
1521
1365
1698
1168
1277
1295
1090
1157
1279
1206
1343
1129
1213
1353
1257
1441
1203
1476
1408
1387
1352
1228
1280
1149
1410
1270
1094
1170
1309
1392
1084
1403
1168
1165
1193
1279
1250
1320
1091
1320
1099
1374
1216
1352
1219
1138
1500
1229
1313
1117
1420
1842
1153
1376
1211
1189
1197
1100
1283
1022
1401
2565
1092
1305
1160
1365
1351
1048
1147
1263
1235
1230
1443
1139
1105
1270
1283
1196
1213
1134
1205
1113
1236
1293
1229
1115
1149
1168
1116
1426
1089
1051
1312
1210
1199
1313
1323
1142
1173
1587
1332
1352
1275
1577
1400
1316
1279
1030
1216
1438
1454
1910
1372
1393
1122
1418
1327
1092
1304
1202
1228
1246
1139
1473
1166
1232
1157
1164
1377
1156
1448
1181
1178
1505
1221
1427
1262
1477
1125
1828
1244
1347
1347
1127
1133
1238
1198
1285
1495
1641
1436
1517
1594
1465
1778
1442
1288
1502
1289
1564
1309
1455
1557
1341
1543
1714
1567
1414
1396
1454
1432
1517
1615
1420
1406
2073
1510
1337
1391
1170
1307
1250
1285
1252
1474
1419
1152
1125
1211
1309
1484
1505
1114
1471
1272
1474
1197
1514
1256
1522
1360
1258
1439
1370
1161
1454
1150
1283
1171
1314
1060
1185
1279
1074
1194
1082
1189
1295
1100
1202
1223
1343
1176
1087
1320
1256
1238
1090
1272
1240
1191
1137
1176
1130
1187
1185
1373
1214
1391
1187
1287
1301
1454
1272
1194
1215
1381
1167
1515
1412
1440
1103
1066
1347
1089
1288
1144
1086
1169
1136
1508
1102
1158
1423
1225
1436
1320
1334
1257
1184
1453
1224
1321
1134
1119
1469
1226
1431
1327
1477
1190
1077
1301
1258
1436
1410
1126
1115
1281
1354
1542
1426
1290
1219
1464
1213
1312
1473
1176
1488
1253
1434
1091
1175
1075
1453
1502
1238
1358
1210
1305
1302
1207
1142
1170
1324
1124
1145
1318
1032
1383
1218
1061
1256
1115
1272
1269
1222
1040
1166
1520
1220
1433
1213
1214
1397
1210
1210
1093
1161
1035
1131
1225
1071
1415
1080
1195
1510
1206
1340
1168
1396
1273
1141
1573
1081
1200
1247
1076
1429
1205
1206
1370
1280
1124
1073
1322
1078
1239
1204
1134
1213
1505
1371
1169
1754
1176
1080
1366
1267
1645
1401
1273
1272
1482
1504
1238
1359
1149
1165
1155
1279
1183
1225
1210
1153
1304
1327
1295
1417
1162
1476
1405
1315
1533
1243
1360
1196
1088
1550
1160
1318
1074
1255
1235
1219
1425
1097
1556
1461
2170
1867
1764
1687
1391
1235
1410
1499
1343
1243
1421
1081
1377
1106
1122
1259
1206
1322
1227
1324
1109
1246
1195
1220
1452
1250
1459
1284
1339
1541
1230
1235
1235
1214
1112
1132
1218
1327
1226
1223
1361
1344
1276
1412
1303
1471
1171
1198
1414
1521
1210
1028
1148
1183
1533
1194
1177
1392
1279
1243
1243
1101
1381
1322
1412
1069
1580
1215
1183
1119
1257
1331
1151
1306
1275
1284
1317
1288
1196
1210
1315
1235
1287
1314
1253
1135
1093
1117
1123
1074
1351
1075
1079
1142
1598
1313
1113
1353
1096
1317
1105
1164
1419
1231
1168
1018
1124
1449
1363
1500
1448
1588
1277
1223
1272
1178
1408
1244
1245
1248
1187
1435
1035
1380
1924
1279
1271
1194
1207
1205
1332
1194
1037
1166
1223
1371
1529
1629
1415
1200
1884
1213
2210
1161
1078
1381
1230
1462
1322
1156
1654
1177
1248
1123
1115
1148
1159
1215
1227
1272
977
1217
1682
1260
1132
1071
2058
1138
1280
1096
1231
1343
1119
1462
1184
1204
1094
1046
1325
1131
1138
960
1087
1361
1190
1325
1281
1520
1368
1368
1424
1112
1124
1118
1446
1333
1111
1263
1033
1337
1210
1174
1470
1206
1350
991
1302
1318
1289
1078
1178
1852
1073
1128
1152
1098
1262
1171
1279
1094
1277
1081
1041
1352
1152
1284
1110
1022
1326
1106
1177
1074
1320
1180
1118
1093
1174
1417
1310
1362
1335
1191
1287
1051
1382
1220
1289
988
1173
1710
1149
1482
1293
1164
1276
1269
1301
1143
1187
1186
1140
1239
1128
1294
1172
1284
1036
1506
1192
1328
1899
1715
3371
2030
1517
1658
1115
1204
1375
1187
1502
1295
1221
1480
1248
1853
1349
1120
1371
1384
1627
1181
1152
1026
1157
1402
1165
1291
1131
1370
1431
1124
2140
1138
1635
1511
1177
1865
1307
1366
1383
1087
1337
1855
1376
995
1341
1239
1392
1370
1236
1197
1367
1189
1745
1338
1738
1511
1426
1440
1564
1330
1170
1521
1343
1670
1655
1510
1260
1600
1125
1070
1715
1533
1279
1892
1851
1331
1940
1226
1380
2381
1398
1203
1582
1526
1381
1545
1220
1126
1715
1296
1273
1990
1220
1437
1399
1089
1616
1629
1893
1352
1354
1252
1236
1484
1341
1532
1245
1658
1158
1114
1243
1181
1395
1295
1038
1218
1189
1065
1267
1469
1067
1014
1118
1005
1479
1162
1232
1138
1076
1364
1241
1261
1097
1217
1180
1118
1384
1156
1242
1062
1157
1399
1039
1400
1056
1390
1789
1787
1291
1150
1043
1215
1617
1406
1531
1771
1318
1081
1637
1163
1427
1181
1401
1132
1043
1311
1154
1182
1151
1217
1378
1175
1313
1137
1191
1489
1351
1358
1195
1125
956
989
1254
948
1218
1146
