1133
3661
7762
1692
1553
2773
1468
2186
1418
10264
1846
1836
1701
1246
1235
1170
1992
1239
1272
1137
1154
1131
1284
1231
1355
1182
1077
1080
1052
1136
1478
1236
1333
1286
999
1124
1108
1265
1254
1228
1244
1157
2323
1363
1622
1253
1216
1084
1093
1306
1268
1126
1354
1028
1218
1146
2368
1125
1163
1093
1113
1059
1091
1085
1158
892
1364
1013
969
1599
1041
1431
1288
1342
1337
1074
1190
1113
1251
1122
1168
1298
1002
1382
1052
2558
961
1228
1088
1214
1064
1254
1106
1234
937
1063
1227
1105
957
1011
1246
1104
1275
980
1223
1507
1505
1669
1223
1770
1483
1681
1436
1416
1405
1296
1247
1149
1146
1191
1302
1110
1405
1213
1413
888
1032
1036
1105
1227
1099
1221
1198
1143
1240
1195
1108
1129
1130
1175
1041
1345
1013
1107
1155
1122
1118
1160
1005
1179
1046
1275
1132
1349
1135
1009
1296
942
1121
1041
997
1039
1174
1533
1068
1140
923
1639
1907
1569
1131
935
1117
1141
906
1227
1409
1189
916
1122
1177
1149
1382
2293
1116
1256
1013
1606
1279
1225
1296
994
1061
1126
1070
1605
1035
1072
1077
1369
1095
1352
938
1025
1249
2400
1316
1028
1204
1357
1181
1295
1140
1123
1122
1108
1116
1057
1095
1099
955
1053
966
1184
1019
1155
1068
1187
1469
1236
1098
1358
1135
1232
1302
1090
982
922
1259
1053
1093
1066
1252
926
1065
1389
1244
1172
1202
1119
1278
1076
2839
1317
957
961
1003
1034
1009
1148
1181
1256
1113
1009
1024
1300
1245
1038
1112
1250
1106
1207
1316
1301
2900
1294
1519
1376
1242
1446
1458
1328
1331
1392
1114
1517
1557
1102
1240
1283
1106
1475
1487
2139
1509
1135
1310
1360
1384
1164
1180
987
1199
1121
1283
1347
962
1288
997
981
1373
1035
1698
1182
1244
1071
1281
1247
947
989
1108
1010
1278
1097
978
1371
1034
1082
1136
1234
1058
1006
951
1023
1178
1061
1075
1256
1093
1224
2027
1169
1137
916
1235
1124
1255
1257
1098
1265
1199
1389
966
1096
1532
1279
1392
1025
1221
1095
938
1265
1113
1185
1070
924
1244
1494
1249
1252
1260
1429
1284
1139
968
1075
1171
1157
1105
1078
1301
1062
1258
988
953
1094
900
1284
1395
1122
2025
3194
1518
934
1123
951
1040
1333
1405
1173
1270
1038
1049
1009
1310
1269
1392
1248
1016
1055
1072
1144
1284
1316
1269
1215
1231
1123
1425
991
1335
1154
1219
1079
1152
1257
1146
1240
1360
1204
1067
1005
1190
957
1003
1246
1275
1488
1026
1575
1256
1200
1021
1187
1178
1206
1466
1091
1166
1262
1261
1208
2067
1141
1268
984
1364
1210
1047
963
1203
1124
1269
1309
1207
1180
918
996
1158
1017
1316
1074
1010
1113
1285
1534
1589
1422
1226
1182
1045
1172
1179
1106
1530
1294
1107
1051
1040
1052
1400
1213
1043
1301
1332
1001
2676
1357
1558
1184
1344
1200
1089
1140
1022
1049
1215
1096
1030
1070
1033
1130
1159
1343
1093
1402
1205
1759
1429
1234
1474
1193
1222
1004
1342
1039
972
1005
994
1207
961
1316
1168
1250
1365
1091
1166
1008
1095
1114
1152
2519
1071
1278
1159
1221
1186
2475
1340
1059
1138
1354
998
1302
1119
1149
921
2400
1259
1038
1244
1156
1211
1154
1111
1223
923
1119
1003
1155
1287
1232
1160
1094
1216
1029
1175
966
1264
1211
1610
1550
1029
1136
1346
995
1267
1102
1166
1314
1140
1063
1036
2281
1051
1008
1175
922
1169
1205
1318
1166
1146
1038
1168
1087
1105
1118
958
1182
1082
1117
1173
918
2101
1125
1636
2517
1006
1364
988
1058
1085
1214
1434
1520
2266
1295
1113
1018
1074
1288
1120
1252
1305
1248
1089
2458
1509
1446
1365
1577
1526
1537
2502
1642
1245
1501
1209
1138
1371
1243
1418
1195
1188
1291
1025
1161
1219
1340
1184
1249
1210
1129
1390
1209
1849
1220
1384
1561
1576
1583
1170
1194
1322
1156
1141
1160
2543
1219
1380
1024
1107
1320
1194
1411
1080
1124
967
1278
1253
1335
1202
1075
1341
1217
1058
1088
1103
1418
1100
1036
1056
1265
2189
1163
1204
983
1191
1345
1004
1312
1122
1097
1349
1050
1062
1098
1129
1115
1147
1270
1072
1184
1088
997
1166
967
1285
1315
1268
1049
992
1191
947
1104
978
1114
1103
981
1538
1107
1184
1318
1023
1095
1048
1045
1188
1105
1327
1128
1043
1098
966
1276
1003
1241
1079
964
1360
1910
1166
1137
1024
1242
1090
1138
1490
1337
1607
1361
1381
1445
1124
1029
1165
1377
1180
1132
1001
2185
1137
1120
1242
1180
1489
1328
1272
1442
1182
1192
1111
1025
1052
1114
1199
1022
2366
1257
1132
1288
976
1286
992
1057
1160
1042
1217
949
937
1132
940
985
2389
1045
1187
1024
1347
1329
1327
1278
1004
1246
1080
1227
1191
1039
1286
950
963
1162
1008
1142
949
1337
1058
1179
1379
1312
1010
901
1048
980
1362
931
1170
1165
1157
1234
1089
2305
1176
1248
1563
931
1294
1115
1222
1212
1198
1154
1354
1517
1374
1183
1040
1440
1353
1028
1174
1256
977
1248
1328
1163
1203
1096
1210
971
1137
1071
1249
1154
993
1380
1111
1227
1188
1031
1146
1027
1141
1191
1166
1000
1078
1114
1111
1245
957
1110
1395
2324
1290
1064
1279
981
1898
1222
1054
1067
1406
1038
1104
1299
1358
1188
1007
1224
1062
1151
999
1116
989
1507
1097
1042
1209
987
1238
1404
1068
1222
1143
1396
1160
1238
1372
1024
1146
1236
2053
1144
1410
1209
1214
1250
934
1103
1299
1048
1037
2221
923
1315
1080
1229
1216
1457
2086
1029
1365
3576
1176
1300
1437
1317
1042
1158
1165
1642
1338
1416
1196
1302
2052
1691
1141
1192
1025
1519
1050
1183
1071
1268
1383
1113
1099
1172
1400
1387
1084
1116
1218
1112
948
1017
1166
999
