1450
1122
1473
1513
1313
1362
1363
1509
1476
1112
1675
977
1362
1115
1391
1069
1282
1165
1108
1244
977
1051
1128
1015
1005
1045
1184
941
1104
1394
1165
1197
1059
1007
1188
1243
1302
1074
998
1219
1287
1280
1014
1169
1019
954
2129
1186
1331
1020
1397
1566
1116
1363
1121
1203
1088
1156
1235
1309
1298
1225
1253
1088
1039
1232
927
1381
1047
1299
1155
1300
1697
1180
1069
1400
1276
1266
1073
1058
2108
1675
1250
1076
1267
988
1092
1258
1153
1196
1142
1187
2582
1084
1221
1255
1203
1738
1591
1106
1095
1337
1109
1251
1128
958
1155
1079
1011
1121
1008
1050
1175
1126
1025
1159
1101
1152
1181
1112
951
1241
1099
1196
937
950
1058
958
1311
1487
1146
1119
1118
1405
932
1248
972
899
1246
1203
1354
1233
1112
1296
1263
1217
1056
1260
1040
1011
1155
1193
1125
1108
909
973
1012
1326
1049
1010
1212
935
1303
1081
1359
1008
1061
1193
1229
1073
1062
1322
1373
1055
1227
976
1376
1221
1019
1435
1313
1209
1403
1251
1407
1362
1385
1223
1451
978
1024
1213
1081
1451
1327
1201
1006
989
1230
1243
1180
1163
981
1414
1152
1157
1069
967
1164
942
1140
1050
1228
928
1019
1103
1039
1241
1121
1194
956
1099
1028
1002
1021
999
1048
1073
1143
1334
952
1175
1114
1037
1121
922
978
944
1309
1134
933
1214
928
1309
1268
1159
1098
1091
1243
998
1219
894
1069
1043
1208
1039
935
1380
1037
1102
1173
1033
1374
1168
1299
1244
1087
1235
1024
1099
1196
1319
1294
1126
1520
1170
1307
1523
1232
1031
973
1109
972
1250
968
1415
982
1247
1338
1095
1193
966
1379
966
1188
1341
1215
1590
1218
1104
1331
1089
1308
1193
1270
901
1078
1343
1087
1316
1067
1233
1096
1163
1122
947
1076
918
1321
984
1035
2072
982
1265
1011
1170
940
1165
1500
1158
1190
1064
1143
1206
1056
1214
932
1539
1207
1450
1146
1077
1194
990
1108
1065
1264
1115
1135
1192
1068
1408
882
1079
1082
922
899
984
1039
1018
1134
1059
912
1215
1037
1302
1017
1156
1104
1431
1304
1081
1114
1103
1293
1057
1114
1100
1029
1274
928
1098
1083
1274
2342
1194
1042
1002
1154
1020
988
1287
882
1064
1064
1034
1086
1009
1236
1010
1362
1066
1110
1212
1183
1026
987
1290
1076
976
1094
1008
1337
992
1466
1453
1164
1110
1152
1262
996
1084
1184
1072
1286
1115
960
929
996
1085
1171
1065
979
1029
1103
1078
1250
1013
1232
1055
1081
1026
1086
1286
953
1267
1163
962
1240
1053
1075
1195
1196
1130
927
1083
1081
2458
1093
1152
1226
1079
1405
1166
1567
1112
1150
1228
1129
1336
1085
1244
919
1180
1556
1130
963
1239
1127
1073
1123
1216
1249
3952
1336
1200
1216
1123
1373
1273
1279
1330
1313
1304
1315
1235
1110
1051
1133
1182
1156
1111
1179
955
1059
972
1145
1048
1033
1052
1102
1210
1292
976
1082
1124
1218
1222
1049
1057
1083
1182
924
1057
1245
1000
1086
1121
1351
1069
1320
1178
1015
1002
1067
1159
1186
1389
973
1017
1122
1076
1325
1137
1109
1184
964
1085
961
1323
1074
1471
1271
1055
1123
1255
1296
1341
1329
1682
1115
3689
1017
1346
985
1012
1112
1170
1322
1203
1150
1387
1308
1215
1015
936
1221
1211
1130
1068
1169
1067
1054
1477
1241
1223
1234
1228
1066
1077
1304
970
1204
1250
1105
1268
1094
1050
1138
966
1389
1114
1052
1219
1861
1043
1080
1158
1145
1217
1314
1191
1085
965
1025
1142
964
1284
1115
1279
1104
946
1185
1146
1125
1388
1362
1326
1151
1190
1179
1062
1056
1172
1391
991
1326
1310
1103
2689
1272
1282
1396
1293
1329
1310
1182
1171
1455
1234
1303
1500
1305
1214
1519
1394
1091
1511
1369
1207
1132
1039
1068
1147
978
1458
1041
951
1227
1149
1086
1184
1392
967
1268
1195
929
1332
1193
1091
1273
1640
2075
1021
1240
1173
1042
1075
1157
1031
1013
933
1277
937
1123
1095
1219
1180
1154
1143
1155
1167
1112
1021
1175
1244
1821
1225
987
972
1088
1237
970
1088
891
1079
1269
1258
993
1217
1322
957
938
1247
1060
1225
1176
1195
1012
1077
1020
1084
1176
1134
1038
1133
1131
1038
1095
1017
1250
1199
1209
868
1370
1087
1022
1120
1080
1086
985
1480
979
1243
1187
1035
1321
1148
1479
1203
1070
1372
943
981
1186
1085
1145
1021
1247
1077
1417
985
1139
969
1098
1133
1205
1038
1072
1090
1158
1016
1199
977
1136
1013
975
1234
1133
1030
1076
1157
1213
883
1260
1083
929
1135
1141
1053
1138
999
1137
1067
1371
1207
1242
1222
1024
1083
1200
1069
1003
1199
1019
1179
1140
995
1073
1039
1279
2620
1139
1096
1220
931
1274
894
1241
979
1362
1126
995
1224
947
1087
1105
1033
1090
1244
1249
1259
1381
1298
978
1667
1831
1154
1203
960
1245
958
1255
1023
1400
1170
1119
2072
1174
1211
1206
1179
1188
1022
1121
933
1310
1179
908
1275
1015
2294
1219
1280
1343
1457
1340
1058
1167
1308
1205
1168
1032
1163
1107
1058
1149
1151
1143
1074
1032
1232
1006
1406
1282
1250
1366
1022
1087
1036
1419
1072
1042
1214
1003
1115
1145
1021
1046
1066
1169
1012
1048
1037
1186
1441
957
1160
1457
1203
2795
986
995
1214
1014
1099
2389
1223
1032
1089
1214
1102
952
1058
1200
904
1144
1515
1107
1239
1036
1149
1025
1196
1188
913
1138
1281
1165
1067
1359
1341
1390
1279
1003
1094
1090
1229
1440
1017
1237
1779
1258
1204
1167
1001
1187
1276
1433
1116
1211
992
994
1240
1058
1393
1073
1054
1122
1217
1071
1034
1206
1247
1172
1350
2743
1241
1234
1170
1111
1044
1352
1094
1169
1362
1182
1117
1166
1575
