1279
1308
1232
1356
1786
899
1313
1138
961
1120
1136
1011
988
1030
907
1160
1326
1183
1139
1210
971
1165
1441
1608
1131
1205
1216
1021
2091
1080
1159
1121
1238
1149
922
1047
1089
932
1204
1100
1207
1440
932
1435
1161
1829
936
1299
997
1068
1297
1078
1178
2355
1038
1476
936
1021
1217
1348
1028
1169
1302
900
1144
1017
1207
1342
1265
2177
1207
1330
1466
1232
1377
1254
1421
1556
2135
1407
1175
1415
1185
1157
1232
1111
1132
1083
970
1223
1072
1290
1177
1092
1184
1093
1525
1068
1346
1184
1238
1328
1093
1377
1075
1340
1060
1066
1200
1161
1331
1205
946
1053
1218
1471
1054
1223
978
1141
1169
926
1159
1076
1072
1102
986
1331
1021
1160
1190
845
973
1133
1135
1081
1011
4466
958
1183
1217
1074
1026
1226
1400
1568
1204
1026
972
1170
965
1190
954
1220
1599
1738
1788
1471
1345
1582
1268
1867
1509
1512
1361
1299
1083
1124
1277
984
1383
1560
1019
1391
1220
1076
994
1085
1144
2042
1347
1279
923
1394
1120
1251
1440
1154
1181
928
1298
1155
1327
1235
1198
2255
1312
1529
1207
949
1260
1150
1047
1313
1286
1084
1197
1128
1242
1909
1127
873
1202
1029
1223
1005
1198
1155
1044
1274
1264
1366
981
985
1130
1034
1397
1299
956
1235
1023
1177
1044
1332
1001
1149
1142
899
1367
980
915
1320
1116
1227
1017
1139
1104
892
1114
998
1420
953
1186
1382
1178
1172
902
1042
1188
1116
1283
1002
1019
1015
953
1036
1029
1546
1338
1135
1346
990
1135
1061
931
1281
1050
1405
1058
1163
1193
1046
1288
963
1057
1090
1249
978
965
1224
1056
1334
1039
1320
1168
1193
1126
965
1068
1147
1037
1289
1134
1614
1150
1237
992
1060
1198
1402
1505
1020
1092
1042
1271
1301
997
1024
1050
1081
1304
1563
1317
1147
1132
914
1011
1137
1096
1113
1255
1373
1045
1083
1067
1128
1128
1158
1176
1138
1395
1185
1187
1169
987
1034
1232
921
1061
1049
1996
1581
1309
1289
1132
1319
1104
1087
1440
1094
1192
1288
1965
963
1237
1289
1176
995
1140
1286
1095
1172
1102
963
1285
953
1058
1082
992
1210
968
1125
1204
948
1208
1131
1090
1133
1260
1026
1132
1033
1083
1102
1043
1296
993
1094
1099
1271
1292
998
1250
1066
1146
1252
880
1198
1100
1353
1167
1086
1243
1005
1281
1045
1047
1129
1091
1195
1235
1403
1071
1059
930
1187
1309
1039
1149
1166
935
1202
1012
1170
1051
1093
975
1125
1168
1258
1242
1089
1444
1235
1047
1122
910
1107
1171
1358
1324
1020
1675
1176
1296
1174
985
1012
1162
2185
1068
1053
980
1105
1233
1155
1010
908
1263
1131
1099
1002
1059
1212
1062
922
1171
1134
1109
936
1134
1150
1020
1398
1345
1299
986
1205
1313
1115
1271
1136
1309
997
1192
1354
1222
1390
1094
1158
1234
1016
1019
1091
1382
934
2295
1113
1014
1195
1021
1138
1046
1047
1283
990
1428
1107
1413
1060
1075
1758
1059
1227
1227
1147
975
1063
1318
948
1337
1590
1154
1076
1543
1387
1233
1678
1346
1192
1141
1146
1145
1048
1211
999
878
1050
1195
1090
903
1008
1178
1342
974
1135
1213
1117
1412
1189
1085
1132
1167
1060
1153
1040
903
994
1288
1268
1832
1379
1239
1341
1155
1303
986
1245
1137
1109
1145
1109
1373
1022
1043
1006
1178
1354
1061
1874
2180
1066
1095
1050
1061
1133
1233
1394
1371
1627
961
1320
1137
1224
1128
1263
1022
1034
1512
2212
1358
880
1113
1218
1110
1329
1097
1347
1028
954
1279
1029
1192
1140
1040
982
1202
1185
1122
878
1326
926
1227
1111
1440
1002
1442
1200
1146
1297
1121
1075
1140
1007
1260
1057
1365
1360
1216
1614
1170
954
1269
1116
1122
1743
1199
950
1135
1122
1076
1167
1098
1088
1268
1283
1111
1210
1117
1156
1041
1019
1081
1251
1319
1409
1318
1004
1222
1081
1118
1094
1060
1251
1125
923
1161
1060
1227
1013
1264
1228
1027
1459
1061
1290
968
1162
922
1051
1330
935
1052
975
1214
1187
1264
2201
1157
1079
2319
1134
1231
1052
886
1068
930
1175
981
1093
1132
1201
1110
920
1104
953
1094
1040
992
1588
1122
1310
1389
1078
1138
1231
1239
1147
1278
1417
1134
1204
1384
1243
1158
1014
1084
1214
1153
907
1094
1005
1060
1281
1179
1076
1313
1100
1090
1074
1034
978
1017
1228
1202
1331
917
1286
903
1123
1034
1173
1471
1144
1216
1136
1064
1195
1165
1307
1134
974
1066
996
1119
1243
2394
1077
1310
1201
1193
1407
1246
1115
1335
1175
2453
1014
1027
969
1010
1104
1163
1239
1067
1032
1174
911
1138
1017
1402
1063
1043
1247
1053
1350
1042
1121
1209
1415
1570
1595
1158
1151
1302
1273
1224
1355
1192
1279
1566
1416
1235
1561
1362
1243
1240
1482
1271
1247
1151
1507
1256
1502
1353
1465
1306
1540
1484
1384
1181
1451
1201
1229
1565
1409
1646
1202
1163
1577
1222
1494
1413
1635
1188
1688
1260
1414
1507
1270
1377
1233
1347
1431
1248
1632
1349
1219
1630
1290
1443
1265
1615
1372
1194
1459
1369
1733
1186
1300
1318
1527
1610
1371
1516
1201
1215
1629
1071
1191
1186
8832
1388
1215
1581
1399
1383
1401
991
1387
1463
1124
1073
1275
1424
1258
1256
1065
1458
1125
1044
1407
1131
1416
1133
1344
1930
2074
1307
1171
3165
1846
1439
1163
1818
1666
1617
1707
1815
1889
2023
1806
1831
1981
1898
3304
2030
2147
1811
2097
1894
2055
2069
1996
2970
2045
1858
1639
1546
2146
1330
1495
1293
1446
1391
1130
1401
1429
1258
1460
1246
1334
1392
1467
1039
1057
1293
1281
1292
1282
1291
1238
1171
2196
1010
1102
1069
1067
1284
1109
1158
1172
976
1233
1210
1391
934
963
1118
1062
