1288
1122
1101
1325
1168
1168
997
1249
1397
1024
1469
945
1240
1172
1015
1207
946
1083
1081
1012
1083
1109
1352
1063
1251
1064
1210
1356
1096
1525
1109
1290
1217
1135
1153
1308
1343
1056
1257
1326
1241
1351
891
1154
1358
1162
1424
1117
964
1036
1150
1498
1360
1413
1145
1136
1167
953
1378
976
1049
916
982
1327
1187
1224
1044
1238
1014
1095
1090
1173
1948
910
1055
1931
1138
1180
1062
1171
985
991
1042
1024
1276
899
1163
1304
1024
1340
1143
1190
1294
2165
1547
1381
1303
1097
1095
1103
1270
1084
1067
1128
931
1092
952
1095
1161
1159
914
1282
1029
1438
2187
964
1200
1101
1539
1129
1090
1267
1012
1120
1113
1244
1216
1066
1423
982
1209
1093
1202
1265
1341
1466
1593
1038
1265
1125
1126
1153
1419
1065
993
1326
1077
2261
1084
1143
1298
1199
1241
929
894
1266
1108
1398
1050
1176
1033
1201
1462
1204
1128
2120
1074
1410
1110
1112
1120
1131
1477
2052
1548
1209
1205
1071
983
1379
1224
2396
1082
1261
1009
1197
1198
1194
1091
1048
1167
2291
2137
1185
1236
1825
1141
982
1227
1099
1099
1371
1073
1383
1224
1194
1100
1151
993
1310
1077
1056
2729
1104
1304
1171
1240
1332
1133
982
1093
1064
1131
1131
1210
1221
1132
1108
1026
1284
972
961
1249
1113
1341
1029
1065
863
1022
1107
1149
1410
1059
1367
1043
959
1095
1009
1211
1220
1222
1324
1176
1225
1153
1083
1376
932
1376
1218
1295
936
1197
986
1117
1167
1094
1074
2267
1292
1093
1165
1008
1113
1244
1038
955
1322
1128
983
932
1276
1277
948
1353
1240
1339
963
1011
1154
1019
1204
2489
1238
1213
919
1092
1182
1099
1175
1251
1174
973
1150
989
1292
1131
1137
1276
994
958
1192
1508
1031
1069
1075
999
1006
1015
1194
1252
1054
1502
1105
1263
1229
888
1092
980
1220
1166
1007
1096
927
1262
1143
1259
869
894
1110
1304
1113
1127
1134
1041
992
1117
1014
1414
1174
1231
1163
2232
1315
1290
1089
1177
1115
1266
1046
1381
2207
1093
982
1273
1077
1250
1105
1095
1297
1088
1031
1186
1204
1251
1062
1298
1108
1170
1079
1033
909
929
1017
986
899
2166
1058
1170
1026
1100
1421
1019
1173
1511
1308
1157
1378
1036
1006
1151
1167
1194
1025
1246
1389
1007
1056
961
1140
1027
1272
1039
1098
1302
894
999
1089
1225
1060
1078
1074
1207
1426
1319
1072
1181
1012
1100
1066
1087
1211
1067
1382
1092
1101
1178
1053
1246
967
1116
958
2391
944
993
1055
1258
1457
997
1392
999
1020
1182
904
1441
1180
1335
1092
974
1446
952
1368
1004
1230
1095
1086
1407
1061
1417
1100
898
1115
1379
1297
1043
1090
1110
996
1069
1245
1104
1074
1388
997
1242
1399
1073
1381
1032
1153
1129
974
1166
931
1085
995
1268
1146
1092
1380
3116
1770
1675
3951
1194
1420
1571
1246
1156
1131
1107
1226
1295
1085
967
1131
1127
987
1193
1204
1374
994
1149
1162
1021
934
1303
1247
1059
1328
960
985
1067
1099
1121
1057
860
1182
1391
1295
1064
1098
1161
995
1347
1016
994
1015
1078
1205
1032
1318
1066
964
1226
1129
2559
982
1266
1346
1074
993
1037
1131
1142
1196
1232
1146
1205
1101
1491
1188
1058
1296
1060
1269
1199
1061
1233
1017
1284
1051
1053
1166
1179
1285
1218
991
1174
1104
1363
1034
982
1214
1220
1121
1327
1255
1168
1113
1436
1321
1219
1261
943
1201
1172
1144
1159
965
1332
1007
1211
1072
1089
1261
1027
1119
968
896
1068
899
961
1024
1035
1021
1320
1286
1370
1130
988
987
1162
1048
1105
1145
1104
978
1288
1236
1265
1126
1069
957
1000
893
1119
1065
1000
974
1009
1288
1091
1085
921
963
1093
923
1140
926
870
1170
1027
1099
1063
1220
1111
1311
1316
951
1369
1025
1081
1199
1209
1224
1155
938
1274
1204
1669
1078
1008
1019
1075
1361
1177
1058
1286
1221
1366
991
1119
1022
1038
1112
934
1142
1150
1298
1018
1030
1423
1051
1218
1013
1128
1146
1120
1164
947
1230
1244
1417
2520
1225
1158
1059
989
967
1058
1144
916
1038
1229
995
1066
1087
1192
1105
1141
1086
1015
1181
1103
984
1328
1452
1263
1226
1329
980
1453
1237
1164
1339
1015
1138
1053
1109
1267
947
1163
1136
964
1256
1168
1088
928
1059
933
878
1069
944
1301
1023
981
1245
1058
1147
1200
1015
890
1065
1143
885
1288
1218
1043
1209
1245
1147
1253
974
1115
944
1391
1031
975
1006
1211
1216
1140
1006
1254
1152
1266
1208
1340
996
1129
1170
1045
1245
1141
1171
1173
987
961
1008
1405
1162
983
1031
1285
1124
1099
1092
1096
996
1298
1061
1041
1152
966
879
889
1050
1682
1138
883
1100
944
1118
1287
1166
1403
1107
1117
1101
1071
1082
1029
974
1160
1261
1302
972
1152
1030
917
1231
956
1399
1163
1234
1139
1097
1200
889
1142
1000
949
1223
1122
1027
1142
1354
1002
980
1188
1026
1290
984
1026
1188
1091
1553
915
1309
1117
946
1117
1077
1123
1337
1244
1075
1135
1191
1008
1122
1155
937
1278
1027
1183
966
1058
1342
1195
1158
1065
965
1166
1077
1119
1036
1310
933
1168
1133
1053
1069
1182
1120
1239
1047
1464
1134
996
973
1108
1249
1140
1064
881
1013
1342
1246
2131
1067
1065
1373
1375
1155
1151
1334
898
1125
1229
1223
2392
1305
1475
1023
1012
1299
1065
937
1022
1211
1251
897
1124
1030
944
1175
988
1319
1189
1072
922
938
1133
1179
1030
1150
1100
1263
1115
1239
1437
1387
1104
1075
2169
1107
2070
1070
1065
1220
1131
1015
1070
954
1293
1166
1257
1023
1102
990
1303
1183
980
1282
1230
1321
1133
1274
