1712
1031
1102
1710
1287
1145
1364
1185
1070
982
1210
1230
1326
1231
1512
1114
1215
1150
1224
1231
1292
1152
1436
1268
1278
1236
1358
1217
1257
1200
1051
1517
1097
1416
1093
1195
1340
1228
2460
1038
986
1074
994
1297
1035
1180
1402
996
1104
1369
1383
1019
1241
944
965
1017
1085
1227
1119
1027
1046
1289
1168
1208
1151
908
1062
1209
937
1974
1098
984
1270
974
996
1125
1185
1110
998
1304
1144
1127
1035
1367
1123
994
1243
1054
1191
1036
1070
1388
1023
1127
1046
1343
1192
1408
1108
1123
1255
1036
1001
952
985
1120
1123
1533
1180
1099
1223
856
1229
1097
944
974
1023
1066
846
1014
809
947
1079
928
1423
1111
1284
1362
1213
1242
1031
1261
1117
946
1311
1252
1230
1210
929
1304
1023
1195
992
1120
1097
900
1103
1035
1344
1149
921
1105
909
1170
966
1224
935
1135
1250
1230
1071
1018
918
1084
975
1194
1043
929
1033
1239
1229
1016
1250
852
1035
955
988
1153
1000
2178
1126
959
1096
893
1364
1277
1321
1102
1121
1138
1112
1340
1043
1057
1348
981
1115
1398
1062
959
1160
1577
945
1421
1345
886
1191
879
2042
1106
1121
1315
931
1206
1013
997
950
1186
1236
1158
1162
1075
985
1106
1025
1107
1163
933
1162
1283
1165
959
1001
1256
1033
1217
1132
1317
1080
1237
1121
1984
1518
1260
877
1168
1294
1045
1010
1414
1020
977
1091
1141
1062
995
1029
1359
1111
1126
1063
961
1000
1183
1091
872
987
967
913
1267
1081
1033
1079
979
1199
894
1196
1077
1287
996
930
1657
1206
1165
926
1040
1094
981
1286
953
1202
926
962
1113
982
1323
1183
1054
1018
1043
1353
1126
1151
1439
1570
1305
1197
1255
1004
1156
1212
1114
1423
1212
1210
1202
958
1051
1188
1304
1185
897
1050
975
1159
988
936
1828
1229
1115
942
1011
1310
1110
1606
1223
1438
960
1142
1147
878
1166
1184
1050
1054
1285
1104
1098
1098
1077
1110
1357
1044
1303
933
1161
893
1148
1192
964
1145
1273
1066
1135
922
1169
985
1281
1044
907
1293
885
1196
896
1009
1145
1379
1344
1098
1082
1010
989
1141
1092
1220
961
1124
1238
1117
1367
901
981
1060
1010
1331
1084
1326
989
1001
1086
1074
1306
2520
1466
1021
1254
1315
1037
1163
1260
1184
1292
1195
1631
1189
1307
952
1141
1303
1030
1267
1344
934
1253
1155
1180
1223
1312
1071
1096
1214
920
1087
1074
1060
1104
974
1185
894
1274
968
923
1140
1261
1163
1010
1047
1196
982
1194
1132
1047
988
1107
1337
1056
1028
1555
1081
993
1049
1108
1009
2602
1021
975
925
1032
1188
1116
1227
1304
1072
1115
900
1289
1160
999
1029
1060
1252
1162
1129
1110
947
1126
1112
1189
923
1193
879
1152
1168
1004
951
1029
1003
1292
1051
1082
1328
1336
1167
1077
1334
1879
1103
1112
1182
1355
1013
1101
1108
1032
1052
1067
1275
1032
1008
906
1438
1153
1135
1202
1191
1318
1054
957
1119
990
1112
909
909
1078
923
1305
1246
1351
1095
1101
944
975
1245
1026
1122
1360
1397
1631
1531
1637
1741
2127
1837
1416
1275
1775
1852
1358
1498
1383
1352
1377
1100
1391
1062
1426
1155
1286
1180
1054
1272
1183
1385
1390
1175
1382
1208
1087
1136
1249
1319
1137
1277
1131
1104
1042
1293
1103
1274
1249
1275
1435
1181
1525
915
1001
1201
1265
1327
1429
1275
1009
1030
1478
956
1040
1069
1416
934
1149
1637
975
1369
973
1090
907
954
999
1066
1271
1221
1237
1206
1268
1070
1088
1164
1071
1139
1003
1048
1362
1199
1322
1255
1116
1100
1257
1132
999
1458
939
903
1109
1025
1299
929
1018
1720
923
1108
1020
1158
1043
1147
946
1104
1381
1182
1126
1519
1346
1222
1395
1456
996
1230
1226
1362
1068
1097
1335
999
1293
1556
1343
968
1052
1107
1055
1077
1075
1279
1087
909
1283
1064
1029
1082
1105
1191
1193
1227
1079
1304
1075
1304
1169
958
1129
1165
1237
959
1081
1085
920
1126
1199
1065
1092
1039
1133
1046
1265
1084
1118
1065
1127
1020
1197
1003
1091
1156
1042
1268
1179
927
1179
907
1463
923
1267
990
1235
1036
1026
1263
1066
1098
892
913
957
1056
9441
1166
1660
1527
1342
1289
1052
1280
970
1347
1151
1121
1123
958
1200
1142
1357
1263
1389
1313
962
1494
1120
1324
960
994
1263
1130
1272
972
1074
1174
1057
1446
1117
1336
1140
1281
1113
1077
1230
1125
1138
1131
1119
1088
972
1174
1020
1052
1095
1156
1351
996
1473
1054
1164
1777
1078
1140
1126
1303
990
1601
1154
1327
1025
1139
1232
981
1112
1025
1091
1072
1194
1181
971
1173
1093
1117
1123
1010
1126
1000
1021
888
895
1219
1033
998
1122
1067
1238
970
1280
1210
1089
1026
969
972
1010
1057
1224
1167
1041
1382
1203
1158
1179
866
1235
1118
880
1269
1009
1129
1064
2292
1112
1127
1249
1078
1013
923
989
1200
1037
1067
976
1023
1132
980
1110
998
1139
1195
1268
1256
1346
1127
1097
1085
1367
1374
1382
1137
1117
1102
1092
1722
1159
1163
1059
1088
1290
1126
1234
1026
1067
1224
1088
1271
1043
896
996
1256
1030
949
1412
1213
1082
1246
1022
1108
1059
919
1128
975
1295
1057
1334
937
1146
1265
1031
1145
1212
1133
1057
1001
1644
1201
1310
987
1097
1367
1000
1177
1097
905
1009
1078
1283
1089
1282
1121
1001
1234
1110
1128
908
1168
1252
1109
2640
1019
1116
1109
996
1256
1072
1263
1056
1126
1023
1043
1295
986
1336
1089
1040
1028
967
1309
894
1199
1024
952
1352
999
1402
999
1159
1002
1052
1336
1129
1413
1071
1009
1174
1063
983
1548
1104
992
992
