1785
1049
1016
1504
1210
1197
1474
1503
1125
1354
1180
1014
1429
1223
1166
1188
2129
1160
1032
1227
1017
1063
1386
1203
1294
1371
1267
1409
1273
1384
987
1263
1285
1169
1493
1141
1268
1017
1059
1418
1044
1138
1119
1122
1313
1176
1224
2159
1352
1065
1354
1419
1137
1163
1579
902
1227
1269
1615
1165
1057
1359
1184
1055
1155
1111
1033
1236
1232
1563
1530
1257
1431
1120
1057
1175
1110
2377
1101
1178
1130
1265
1102
1294
1168
1231
1056
1237
1034
1208
1214
1336
1271
1205
1042
1212
1279
1448
1202
1313
1069
984
1422
1055
1188
975
955
1019
1154
1119
945
1020
962
1023
1367
1169
1205
1242
1259
1553
1092
1622
1389
1507
1284
1503
1668
1382
1415
1284
1299
1458
1321
1742
1187
1307
1284
1121
1402
1606
1587
1235
1183
1343
1308
1442
1585
1382
1262
1638
1812
1417
2507
1263
1432
1579
1332
1733
1572
4180
1386
1462
1695
1540
1618
1408
1207
1572
1545
1495
1421
1429
1290
2076
1517
1402
1379
1566
1556
1728
1602
1585
1370
1426
1355
1226
1662
1365
1468
1259
1529
1386
1562
1820
1649
1865
1438
1411
1385
1401
1507
1392
1342
1576
1710
1822
1304
1583
1707
1468
1504
1386
1420
1608
1340
1651
1423
1605
1275
1449
1698
1334
1674
1668
1464
1368
1490
1371
1433
1634
1292
1413
1476
1406
1630
1151
1376
935
1158
1192
1138
1302
1218
1214
1151
973
1305
1184
1302
1075
1173
1184
980
1262
1072
1145
1097
1217
990
1253
1277
1154
998
1064
1083
1293
1109
1284
946
1190
1170
1045
1496
1180
1038
1100
962
1144
1093
1616
1331
1362
1606
1488
1679
2178
1413
2156
1411
1848
1345
3311
1538
1491
1273
1303
1434
1216
1514
1190
1351
1683
1684
1761
1525
4536
4697
13075
3223
13691
5401
3735
1884
1242
1337
1485
1554
1184
1251
1348
1435
1412
1310
1197
1249
1067
1280
1288
1409
1254
1230
1486
954
1194
934
1060
1281
1217
1396
1220
1162
1397
1338
1480
1449
1166
1109
1047
949
967
1241
1131
1345
1024
1430
1192
1088
1143
1283
1133
1224
1343
1310
1212
1257
922
1193
1197
1052
1170
1157
1394
1150
1197
1114
1080
1321
1090
1180
1260
971
1357
930
1148
1111
1146
1059
1024
1261
1054
1174
1110
1263
1077
1140
957
1207
1139
974
1162
1264
1173
978
899
1341
1007
1148
1225
1251
1155
1147
1373
1010
999
986
926
1259
1154
1148
1061
977
1194
917
1103
1256
1157
1015
942
1173
1063
1136
885
1172
1255
957
1183
964
1096
1217
1180
1115
897
1285
1179
1092
1292
996
1101
1094
1563
985
1163
900
880
1151
1329
1264
1093
1795
1167
1167
1519
1191
1273
1298
1094
1231
2226
2239
964
1329
1238
1034
1125
999
1102
929
1218
993
979
1419
1216
1323
1317
1084
988
973
1234
1081
1133
1279
1102
1136
1056
1526
987
1168
1113
1215
1969
1049
1054
1129
1291
1002
1012
1266
1060
1069
1119
995
1306
1082
1088
1050
1210
891
1237
1110
1029
1138
1045
1249
1249
1039
1294
1174
1043
1276
1037
1021
1082
1289
1027
1239
1062
902
1269
890
1225
993
1174
1736
1074
1148
1152
1183
1072
1226
1050
1185
1214
888
1169
1274
1162
1284
1266
1127
1547
1335
1400
1097
1586
1374
1348
1682
1524
1291
1213
1196
951
1304
1457
1318
1006
1177
1647
1002
1176
1312
1032
2338
2857
1149
1080
1116
1239
1207
1142
993
1224
1202
1599
1121
1080
1568
1179
1258
1303
1286
1292
998
1222
1212
1155
1570
896
1092
1079
1113
1162
1125
1103
975
1182
1462
2445
1178
1722
1232
1363
1338
1448
1055
1160
1236
2270
1235
1358
1404
1286
1418
1221
1027
2551
1295
919
1042
1199
1238
967
2201
1369
1203
1280
994
1335
1263
1112
1189
966
1078
957
2196
1206
1066
1311
1028
1102
1139
1176
1421
2338
1634
1270
1025
1360
1076
1044
997
1200
1148
1152
1147
1032
1232
1329
1561
1310
1064
1189
1050
1323
1345
1332
1095
1081
1185
1040
1026
1088
1065
1010
1157
937
1088
968
1063
1203
1271
1218
945
1295
1178
1051
1050
986
1006
1101
1383
1783
1821
1673
1027
1277
1543
1032
1242
1215
1277
1791
1604
1272
1642
1344
1501
1791
1453
1104
1302
1301
1422
1154
1214
1118
1136
1185
1074
1200
1129
951
1345
1346
1625
1288
1135
1037
1276
1038
1174
1520
1140
1030
1060
1239
1137
1327
1497
1116
1096
1169
1344
2789
1208
1201
1146
1129
1366
1011
1030
1108
1099
1275
1103
1257
1123
1018
1490
991
1385
1106
931
1158
1129
1337
947
1116
938
1058
1667
1284
1043
1126
1048
2392
1154
1145
998
1188
1079
1339
1137
1340
1160
1101
1067
1426
1290
1202
1261
932
1169
1005
1049
1197
1176
1028
887
1137
1213
1119
1136
1051
1167
1174
1170
976
1213
1197
987
1112
1204
1062
967
1063
1157
948
1431
1053
1046
1063
981
1239
1134
1301
1073
1180
953
1079
1393
1014
1013
1051
957
1152
964
1079
1057
956
1156
1339
1091
989
1890
1410
1339
987
1148
1020
982
1065
1356
968
1211
1241
1023
1361
1155
1109
1122
998
975
1107
1079
1066
1116
1274
1029
1120
914
1329
1194
1177
1185
1124
1389
1102
1301
1076
1181
1099
1092
1083
1044
1030
964
1047
1081
913
1410
1113
1195
1181
1194
1140
1165
1070
1088
1314
1199
1060
1127
2096
1179
1201
1023
1253
910
1084
1372
960
1004
1114
1067
1022
994
1191
1156
1155
1322
1005
1232
974
1180
1059
967
1152
1120
1020
972
1112
1325
925
1090
1108
1250
991
1153
1037
1080
1097
936
967
1122
985
1081
1457
1273
1034
1015
1240
1091
1419
2394
1279
900
1049
1146
987
1070
1081
1121
1102
962
1044
1196
1130
1006
1169
1124
1182
1279
1056
1123
1316
1061
1160
1168
1394
