1706
1209
1309
984
1078
1406
992
1244
1107
905
1024
1163
1314
1137
1263
1136
1003
1252
1110
1129
955
1206
1253
1103
2648
1023
1090
1110
989
1322
1122
1265
1077
1140
1043
1044
1295
981
1112
1104
1040
1037
961
1052
909
1199
1005
907
1435
988
1402
1048
1155
996
1056
1351
1123
1415
1079
1046
1147
1085
1177
1038
1092
976
987
1066
1131
1163
1073
1275
1235
903
1416
1090
1259
1016
1018
1001
993
1301
949
983
1490
1078
1127
967
1902
946
1352
1336
1013
1256
1136
2851
1288
1176
1089
1072
1029
930
989
971
932
1228
1062
1371
1101
1072
1320
959
1387
913
934
1018
1305
1182
1346
1394
1043
1108
1235
1104
1290
1018
1038
2193
879
1070
1007
959
1175
1158
1306
942
1054
1210
1008
1076
1004
1042
1127
1041
1164
1092
1220
1090
1147
1032
942
1099
1039
1279
1124
855
1243
1206
1098
1075
3358
1299
933
1353
1089
1157
1028
957
1071
1031
1076
1143
1064
1041
1186
1216
1004
1099
964
942
1053
1058
1277
1280
1261
1156
996
1316
912
1060
921
1145
969
1160
1248
1029
1089
960
1121
1206
1117
1145
1095
982
1009
1179
1099
939
1158
1119
1047
1001
888
1096
998
2416
1070
1249
1241
1012
1208
999
1175
988
973
1167
1119
1252
1097
1063
990
1101
1344
1179
1277
1178
1172
1400
1233
1232
1044
1189
1262
1212
1499
1119
1410
1147
1091
1211
1032
1063
1074
893
1010
992
1402
1156
1145
1044
1055
1053
884
1297
1046
1009
1029
1091
1201
1168
1005
1076
1159
1249
1120
1047
1065
1040
999
1143
1209
1224
1285
1161
3140
998
1111
1210
885
995
1111
904
1078
1064
1114
1233
1298
1247
1002
1186
940
1126
1080
1032
1064
1069
1105
1128
972
1080
1023
1345
916
1208
1157
1080
1231
900
1298
949
1114
1176
931
1117
934
1161
1129
1157
1230
891
1097
1152
911
1052
1164
1092
989
1145
987
1005
1222
979
1173
962
1085
1079
1074
1186
923
1112
1140
1055
1098
1025
1104
1062
1268
903
1115
1220
963
1889
879
957
1158
1141
1165
1003
1235
1135
1157
1473
933
977
972
1061
1276
902
1091
947
1088
1318
1008
1162
1197
974
1191
1043
1105
1035
1053
1124
1263
1301
1140
1123
987
1062
1292
1003
1203
985
985
958
1345
1196
1104
1351
1204
949
1140
1015
2123
1230
1081
1081
1040
1110
1004
1287
1000
999
1284
1061
1097
1354
1274
1131
1121
1162
1126
1193
1330
1029
1197
1124
1101
981
1032
1006
1070
1178
949
1090
1123
1332
1167
1962
1464
1000
1069
1210
1114
1108
978
1060
890
1129
972
1078
1197
1046
1298
1118
979
1026
967
1054
1076
1284
992
1190
1121
1074
1079
1103
1057
1237
921
1210
1042
838
1229
1126
1260
991
1459
1025
986
1307
1188
1195
1085
1086
918
884
908
978
1058
1140
1015
1398
1213
1006
1026
1075
1224
970
1202
921
1159
1009
947
1172
1032
1268
1002
932
965
1143
1243
1275
1559
1116
1257
1331
1103
1199
1114
1036
1080
1197
1239
1069
1106
1091
1131
1139
1138
1214
992
1119
1255
996
1036
1069
1051
1219
1069
1239
852
1116
1148
1041
1473
1256
1027
1307
1032
1360
1275
1238
1068
938
1202
1299
1236
928
1159
1141
1282
2798
1147
1599
1066
1384
1157
1321
1421
1108
1801
1492
1319
1276
1136
1565
1248
1337
1179
1216
1234
1310
1523
1350
1329
1307
1232
1810
2403
1298
1214
1347
1318
1394
1671
1569
1504
1449
1193
1297
1332
1479
1122
1114
1094
1030
1290
1259
1292
1295
1376
1396
1252
1072
940
1345
1262
1309
1192
985
1333
957
1290
994
923
1129
1197
1230
1016
958
1051
1123
1365
1150
1159
1280
1017
1175
1067
1159
1117
1238
1021
1074
1139
1030
1197
1159
1123
1057
991
1172
1188
1291
1227
1016
1078
1080
1226
1124
1300
1159
1390
1202
1180
1434
1126
1312
1498
1160
1052
1365
1402
1156
1458
1140
963
1085
1029
1313
965
1408
1250
1031
1162
18656
1608
1601
4871
17538
2395
1392
2027
1943
1891
2140
1610
3855
1979
9412
1545
1848
7570
1767
1612
3567
1900
1797
1682
1359
1802
1671
1597
1355
1474
1250
1346
1100
1180
1610
1273
1246
1214
1248
1276
1126
1086
1227
1231
1269
1069
1142
1027
1039
1039
1073
1296
1136
1151
997
1179
1084
976
1261
1082
1086
1098
1196
1104
1241
1157
945
1246
1080
1063
1074
956
1072
1218
1266
889
977
1182
1387
1342
1129
1171
1154
1077
1543
1088
1262
1134
1122
1095
887
1142
935
1027
1110
1010
1166
1217
1405
987
1103
909
1042
1247
1482
1067
1208
1089
1059
1246
1429
988
1104
1096
1470
1244
1172
1313
1056
1102
1306
1132
1202
1358
1236
1429
1595
1180
1271
1193
1121
1126
1154
1280
1009
956
1118
1073
1120
1062
1081
880
1156
1192
903
1314
1058
965
1098
999
1360
963
1076
839
946
1146
984
1031
1097
1230
1124
1049
987
873
1201
933
1141
1024
1182
954
1050
1199
1097
946
1095
1359
1187
1075
1363
978
1016
1146
908
1019
900
992
1226
948
1055
978
1173
1019
924
941
1165
1044
999
1104
1005
987
1324
1031
1087
1136
1035
1028
1005
1309
928
1022
977
913
1241
1051
1088
960
1029
1108
1090
1113
1015
1244
1103
906
1102
1134
1616
1513
1222
1187
1219
1037
1422
1222
1106
1062
952
1171
1159
1337
1045
1127
996
1246
1144
1069
1138
1057
991
1149
1217
1215
1042
1096
1225
1171
1289
984
1193
1263
1145
1260
1031
937
1137
962
1048
1098
1065
1133
1040
1141
1101
1156
1102
1118
1078
920
1161
1058
899
2156
1085
1053
1136
1108
1046
1138
1041
987
1305
1023
946
1019
941
975
916
1078
1039
1107
1223
1111
1204
939
1124
