1834
1411
1254
1386
2160
1329
1243
1285
1424
1202
1247
1173
1529
1513
1284
1279
1553
1317
1445
1414
1545
1562
1316
1381
1294
1282
1593
1572
1567
1069
1537
1259
1124
1482
1225
1478
1151
1290
1383
1333
1453
1267
1400
1357
1423
1137
1184
1458
977
1326
1091
1267
1386
1137
1271
1050
1364
1135
1293
945
1306
1225
1444
1543
1080
1528
932
1044
1250
1237
1728
1271
1139
965
1340
1073
959
1353
1069
3443
2174
1061
1142
1202
1191
1260
1132
1338
1072
1077
969
1331
1020
1225
1546
1259
1425
1420
1432
1189
1187
1281
1055
1284
932
2540
1128
1026
1771
1178
1152
1372
1249
1282
1247
1207
991
1079
1190
1264
1343
1015
1136
1021
1396
1117
1139
1863
1139
2288
1062
1268
1066
937
1198
1067
1413
1070
1114
965
1026
2472
1171
1266
1167
1210
987
1114
1098
953
1420
1006
1246
1262
1815
1286
1224
1533
1037
1083
1153
940
1362
1162
1175
1266
1292
1070
1205
1052
1302
1209
1029
1092
1094
1181
1382
1151
1176
1003
1497
992
1197
1161
1163
1097
1117
1134
1226
1158
1308
1339
1462
1320
1528
1033
1182
1376
1074
1161
1162
1397
1674
1151
2853
1443
1486
1225
1403
1361
1471
1438
1203
1284
926
1124
1112
1136
1349
1253
1614
1384
1367
1254
1135
1019
1150
2800
1026
1321
1005
1269
1156
1269
1044
1278
2072
1066
939
1232
1026
1321
959
1016
1436
1120
1355
1211
2211
1019
1022
1381
1056
1465
1425
1123
1217
1208
1049
1206
1196
1254
978
1161
2895
1379
1258
944
1287
1059
1288
1214
1029
1626
1195
1190
1126
1351
1154
1201
1257
1204
1166
897
1016
965
1309
1288
1154
1050
2118
928
1443
1003
1279
1160
1063
1341
1357
1015
1172
1413
1416
1000
1363
1102
1313
1002
1143
1203
1215
1382
876
1096
1313
1095
2935
1149
1309
1057
1178
1041
1003
1312
1137
1233
1216
941
1095
1170
1317
1019
959
1089
1182
1082
1036
1226
928
1247
1244
1252
1125
956
1195
1016
1241
1446
1217
1559
961
1083
1190
1132
1373
950
1450
1061
1150
1273
1029
1313
1211
1213
1020
1149
1226
1139
1239
937
1270
1078
1137
1339
1115
1204
1194
981
2351
1147
1303
1131
1016
937
1036
1244
976
1283
1170
1247
1130
1086
1155
957
1431
1063
1167
1258
1097
1313
993
1405
1317
1629
1081
1686
1210
1110
1042
1068
941
1082
1108
1289
1299
1229
1450
938
1377
1133
1119
1225
1079
1140
1062
1320
1219
1028
1164
1228
1423
1001
1222
1026
1022
1268
1159
1008
1258
1227
1274
994
1185
1140
1066
1229
949
1373
1160
1282
1067
1077
1003
1208
1223
981
1296
1245
970
1338
1178
1269
1014
1073
1293
1099
1153
1287
1074
1164
1165
1308
1167
1398
1073
955
1231
1147
1313
1196
1103
1317
1239
1452
1060
1165
1043
1087
1228
1108
1271
1205
1062
1365
1053
1143
1142
1296
1025
999
1459
974
1535
1005
1213
1351
1010
1031
1860
1314
1296
1369
1266
1370
1303
1203
1173
1326
993
1233
1185
1373
1042
1007
1348
1136
1299
1045
1113
1078
1049
1146
1115
1093
1242
1104
1172
1194
1443
1419
1071
2258
1045
1422
1053
1133
1360
1123
1364
1012
1309
1185
1005
1597
1296
1274
963
1166
1424
1145
1259
1231
1231
1183
1203
1288
1160
1111
1212
1115
1422
1493
1452
1147
1082
1120
1014
1300
1079
1152
2019
1484
1283
1085
1151
1161
1175
1200
1295
1342
1039
1178
1057
1062
1078
996
1151
1047
1136
1058
1037
1495
1271
1171
1535
1078
1359
1105
1007
1097
960
1358
1210
1146
903
1137
1280
1022
1135
1007
1281
999
1174
1234
1217
1181
1042
1142
1265
1190
1211
1206
900
1165
997
1028
1589
1994
1068
1044
1304
1225
1111
1083
889
1090
1142
1201
1088
1270
1021
1133
1219
984
1266
1192
948
1076
993
1190
1019
1341
1186
1121
1165
1233
1219
1371
1321
1310
1237
1287
953
1238
964
1145
1278
1316
1096
1224
1177
1235
1064
1315
927
1252
957
1817
1275
1056
1239
1050
877
1324
1140
1049
1093
1152
1017
1029
1145
1036
1039
1046
1252
1152
1024
1255
1111
1242
1072
1174
1207
971
1080
1006
1000
1411
1034
1194
1172
931
1221
1041
2223
1150
1096
921
1123
1138
1118
1109
982
1259
1010
948
1004
1121
1203
1258
1212
1117
1140
1309
999
1297
1050
1002
1151
1080
965
1074
1047
1276
1002
1316
1068
1055
961
1266
1105
1145
1478
939
1109
908
1035
1331
1174
1287
1357
1161
1174
1293
1401
1197
1246
1070
922
1408
1048
1145
1129
1208
1076
969
1232
974
1275
1155
1020
1281
1187
1102
1187
1286
1202
1134
1242
1117
1337
1334
1102
1361
1118
1204
1087
1348
1254
1042
1375
1337
1572
982
1210
1162
1141
1161
1056
1097
1087
1068
1176
1096
1203
1266
1030
1004
1077
1137
1029
1235
947
1017
1096
981
1051
968
1224
1145
1175
1110
1043
1133
1023
994
1147
897
1147
913
941
1495
1073
1045
1159
1059
1056
994
1135
1020
1202
992
1198
1208
930
1295
1132
1355
1193
1137
1179
945
1031
1095
987
1696
976
1193
1249
1261
1091
1301
952
993
1071
1068
1434
1269
1258
1098
1039
1105
1204
1300
1224
2508
981
1278
1173
1064
1472
1106
1039
1100
975
1244
1324
1322
1194
1541
1151
976
1591
1226
1250
1129
1210
1090
977
2423
1069
1081
1138
1268
1174
869
1167
1399
1338
1128
1181
1032
1043
1292
1130
1221
997
1109
1133
1108
1130
1130
1446
1177
1222
1004
1050
1178
1146
1257
1206
1156
1270
1028
1286
1218
1011
990
1188
1058
1036
1082
1061
1421
968
1330
1136
1292
1124
914
1030
1010
942
1020
1043
1205
1088
1185
1048
992
1415
1302
1226
963
1171
1134
1090
1155
1074
1226
992
1100
1115
922
1044
936
1203
1283
1319
1064
