1111
1299
1103
995
1565
1172
2099
920
1188
1107
1380
1111
1152
1095
1139
983
1179
959
1261
1056
1109
1035
1141
1044
1145
1266
1338
1106
1382
1159
1037
1435
945
2173
935
1328
1057
1059
1334
1153
1265
1173
1118
1209
1042
1078
1095
1140
1604
1037
1456
1050
1109
1079
919
1137
1135
1038
1010
1044
1226
1081
1093
1077
1271
1103
1118
1275
1015
1836
982
1106
1258
995
1215
1088
1111
1259
1035
1100
1078
1171
1080
1019
1224
1007
1043
1059
1022
1255
1020
1199
1267
1175
1185
1021
1041
1219
1045
1139
1069
1197
996
1211
963
1101
1361
1159
1232
1120
1226
942
1016
1129
914
1182
1075
1030
1152
1193
1066
1091
1166
1190
873
999
984
1111
1066
913
1103
915
1069
976
963
980
965
1242
958
1138
954
1126
1129
1150
1385
1173
1465
1432
1183
1686
1112
1126
1284
1430
1113
1067
1183
1110
1154
1319
1073
1269
958
984
1000
1023
1282
1266
1096
972
1444
1257
1662
1025
895
962
966
944
1322
1116
1461
1235
1374
2094
1154
1266
958
1158
1193
1224
2549
1087
1180
1142
1039
1262
975
1242
1143
1172
1155
1017
1338
974
1250
1240
1140
1218
857
1009
958
945
1717
1103
1311
1072
899
1098
968
1199
1110
1009
1163
1073
1247
1177
990
909
962
1078
1253
1568
1005
1320
1053
990
1071
991
1336
935
2062
948
1141
1750
958
1063
928
1340
1085
1193
1253
1141
1260
928
1267
1192
1054
1379
1209
1425
1042
1051
1231
1080
1109
1047
1208
1438
1136
1106
947
1122
898
985
1329
1401
1117
1527
1403
1093
1194
1099
913
1138
1086
1140
1447
1035
1380
3234
1205
895
1013
1268
1008
1451
1078
1180
1086
1130
1119
894
1095
1054
1313
1175
974
1335
911
1094
1121
1062
1034
1019
1200
1028
1121
1187
983
1184
987
1287
1039
1039
1092
922
1228
1024
1371
1247
994
1092
1085
1059
1007
987
1076
1132
1187
946
1286
1200
1163
960
1160
1046
1353
1256
1223
1097
1090
1053
2337
1127
1210
864
1492
1225
1038
1463
1071
1681
1382
1189
1120
1044
1267
932
1143
1346
1118
1075
968
1057
1099
916
1292
1154
1341
1179
1260
891
1085
1050
1069
1259
1115
1142
965
1336
1120
1186
1490
945
1103
1134
984
1125
1054
1256
1112
957
1102
1144
1169
951
1309
1184
1503
1341
969
1093
873
1346
968
1109
1270
964
1084
1002
1164
1171
1060
1228
1029
965
1067
1157
1093
1009
1051
1227
1481
934
1143
1432
1107
1146
1126
1305
940
1186
1446
1017
1158
1081
1043
1159
1347
1015
1006
1211
1342
995
1274
1007
1155
1083
1179
1041
1196
1074
1048
1406
987
923
1168
1001
1157
1455
992
1154
1385
1137
1149
1197
1054
1009
958
1006
991
1030
1201
906
1362
1093
911
1231
1178
1071
1109
1073
1241
1094
1113
1056
1229
1156
1183
1440
1570
1027
1135
1390
1004
967
1343
1022
1375
1000
1067
1096
1031
941
1029
995
998
971
1934
1126
965
1088
952
941
1141
1134
1042
1218
1111
1161
873
886
1016
1011
1287
1058
1178
1225
1222
951
982
1291
1003
1255
1047
890
1192
939
1118
1036
1044
1307
996
1305
1062
1042
1010
1099
1165
1187
1275
1006
1006
1013
913
1171
1265
1163
1008
1020
1095
1022
1017
1000
923
974
1006
1336
1294
1063
900
1050
1108
1007
1183
1179
1116
1325
1147
1218
1070
1100
1209
977
1330
1008
1142
1006
986
1234
910
1230
1309
858
1329
1145
1079
1113
1203
1076
1088
917
1141
1041
1240
1185
1082
1060
1059
1268
974
1020
1061
1019
1117
1244
2462
1148
1208
1115
945
1169
1233
1119
1288
1631
1294
1252
1154
1102
1047
1288
1035
985
1145
1175
1018
1077
1166
959
1321
1109
1183
1042
1028
1146
1050
1057
1010
986
1215
1080
1151
1222
1056
1096
1026
1091
1121
1209
1274
989
1092
1254
1426
1008
1025
1117
1204
1199
1044
1029
1015
1012
1101
935
1009
1193
1164
1277
1047
1418
952
1039
1120
935
1064
968
917
1101
1027
1156
897
1291
1173
1025
1034
993
1003
948
933
1277
1100
1099
1049
871
2214
916
1336
1086
1187
1296
1338
1333
1179
1302
1000
922
1510
1132
1381
1222
1032
943
944
1306
949
1182
1022
946
1236
1004
1228
1291
1421
945
891
1338
1096
1021
1005
1208
1091
1073
1064
931
1107
1224
1008
1352
998
1375
1221
1227
1359
1013
1284
1003
1320
1156
991
1270
926
1014
955
980
1039
1280
1146
1190
885
1069
1019
1281
1192
1084
899
959
997
1148
1345
983
988
935
1049
1095
962
1129
977
1002
1068
1032
1126
1065
1226
945
1027
1010
1005
976
1002
903
1071
1156
1695
967
1047
961
867
2311
1040
1011
1195
1149
1205
975
1097
1003
1305
1025
844
1007
966
1077
912
1140
1157
927
1372
1184
986
1199
1077
1378
1048
1108
1005
1146
997
1037
1204
1003
1899
1025
1047
1181
1126
1100
1101
1138
1117
1293
1430
1193
1422
1059
942
1045
828
906
1048
1255
1126
1174
1317
1070
1243
1033
1004
1305
1167
1111
957
3395
1015
998
1200
1090
1202
1178
1355
1100
1002
1120
951
1196
1073
1045
959
960
1034
940
1126
883
996
1063
916
1300
943
1040
1287
1096
1452
985
893
1110
1001
1209
982
1269
1261
1251
1031
1064
1235
1112
1033
1147
1113
1013
976
1106
1047
1179
1140
957
1035
1130
1177
1201
948
1129
985
1047
905
952
1032
1049
949
881
1287
1004
994
994
921
1198
1192
972
1218
1116
1283
1185
1123
887
940
1151
1095
1315
1130
968
1046
998
1408
970
1077
1028
1131
1281
1064
1016
1080
1093
992
1042
1309
1050
1159
1090
873
1367
1283
1142
1092
1112
1359
1261
1211
1147
1043
897
