1751
1261
1301
1573
1437
1085
1584
1252
1325
1472
1428
1471
1327
1155
1304
1498
1062
990
1068
1184
1109
1021
1431
1019
1191
1236
1310
1456
1005
1194
1166
1247
1256
1608
1494
1252
1407
1129
1296
1065
1182
1189
1191
1239
1201
1152
1399
1155
2529
1239
1978
1294
1117
1255
1159
1493
1484
1434
1045
1067
1348
1173
1520
950
1251
1180
1101
1239
1018
1633
1072
1399
3096
1222
1601
1195
1402
1192
1134
1143
1491
1592
1034
1548
1121
1014
1364
1212
1144
1249
1107
1312
1259
1170
1365
2974
1285
1291
1163
1188
1288
1031
1140
1092
1243
1141
999
1092
1144
1128
1451
1280
1389
1650
2019
2554
1636
1326
2986
1511
1189
1822
2071
1082
1112
2267
1211
1580
2418
1240
1306
2174
1408
1600
1179
1635
1164
1113
1093
2302
1214
1285
2184
1146
1381
2205
1335
1035
1222
1522
1082
1304
1036
1281
1079
1121
2668
1604
1170
931
2778
1595
1000
1289
1546
2513
991
1814
1243
1055
1418
1311
1355
1067
1198
1453
1284
1358
1328
1557
1261
1754
1340
1556
1305
1348
1112
1184
1036
1185
1184
1254
1118
1183
1312
1166
1395
1295
1715
1123
1336
1098
1163
1265
1188
1090
1226
1039
11129
994
1110
1211
1182
2502
1012
1176
1037
1106
1127
903
1290
952
1389
1179
1086
1103
1214
1084
1072
1378
937
1089
1162
1053
1350
1003
963
931
930
995
1047
1219
979
1152
1123
1128
1393
996
1182
1060
1105
1559
981
1323
1329
1059
1199
1006
1382
1175
1232
986
1021
1271
1011
1288
1262
981
1064
1057
1240
934
1052
1108
1058
1278
871
1085
999
938
1162
1138
1355
984
1379
944
905
1097
1051
1164
968
1022
1426
1390
1169
1037
1075
1200
1194
1307
1001
1381
1123
1118
1307
982
1061
1190
1234
972
1046
1076
946
2775
1160
972
1151
882
945
1280
1052
917
1048
1152
1012
1188
1011
945
1322
946
1222
972
1083
1017
1027
1111
978
2055
1059
1035
1149
1150
1184
1081
1174
1554
1033
1412
1110
1173
1015
1102
1300
921
1069
952
1040
1110
903
1107
1188
1342
992
1090
1462
1598
1770
2189
1383
1207
1343
1319
1105
1247
1118
1372
1353
1247
1237
1124
1044
965
1231
1588
1468
1211
903
1160
1139
1163
1550
1207
971
1160
1128
1255
1067
1014
1237
1246
1324
1133
1264
1313
1006
1258
1586
1223
1063
1210
1137
1144
1219
1244
1993
929
1149
1916
1160
1196
1130
1221
1159
1030
1315
1772
1237
1214
2434
1136
1161
1527
1196
1002
1401
1147
1152
1583
974
1376
1362
1301
1054
1345
1231
1038
1138
1015
1048
1085
1060
1180
1304
1185
1292
1240
1240
1088
1122
1043
1393
959
1178
1188
1084
1527
1628
957
1032
1224
1194
1325
1342
1263
946
1135
1164
1117
1201
990
1475
1217
1300
1061
1195
1060
995
1213
1363
1105
1011
1127
1222
958
1354
1276
1207
1146
1051
1280
1007
1260
986
987
1727
1152
1079
953
1167
962
1053
1086
1032
1032
1019
974
2034
983
1748
1305
1619
1195
1145
1224
1257
1311
1286
1308
1378
1356
1401
1290
1466
1279
2164
1393
1356
1770
2812
1441
2195
1452
1432
1149
1133
1407
1087
1471
1172
1259
1525
1248
1442
1366
1655
1116
1215
1283
1503
1579
1590
1379
1372
1127
1657
1459
1689
1323
1431
1480
1591
1801
1701
1433
1163
1272
1417
1276
1492
1317
1348
1309
1456
1713
1468
1410
1445
1440
1781
1403
1510
1332
1288
1365
1574
1419
1274
1672
1369
1502
1148
1392
1596
1359
1386
1237
1281
1387
1525
1440
1447
1577
1429
1306
1748
1117
1408
1323
1397
1458
1276
1412
1346
1531
1616
1451
1358
1667
1662
1308
1299
1527
1387
1216
1138
1179
1275
1117
991
1327
1427
992
1117
955
928
2348
1145
1112
1194
1016
1188
1185
1238
1080
1232
1094
1098
964
1385
1299
1229
1032
1374
1148
1290
1011
1415
1114
960
1365
1041
1152
1125
972
1149
1014
1195
1034
1276
1202
1352
1143
932
1280
912
1166
1293
1143
1223
1174
1080
1006
982
1039
1000
983
1198
1110
1369
960
1251
1012
1306
949
898
1140
1029
1149
1118
1306
1303
1289
1240
1124
1243
936
1184
953
1091
1273
982
1392
909
1129
1199
917
1205
1049
1468
1269
1308
1032
1055
1223
1345
1045
937
1172
1000
1050
1085
1042
1068
1027
1111
1040
992
1120
928
958
1243
2049
1345
1276
1311
1013
1073
1083
1676
1030
1151
1262
1018
1163
1531
1277
1633
984
1142
1050
1085
1136
1250
1060
1023
1239
934
1205
1222
1225
1142
1165
1212
1077
1488
1113
1100
1022
1065
1322
1128
1555
1081
1038
1014
1061
1283
1193
1217
1024
934
1422
941
1194
935
1082
1053
1008
1346
960
1039
1150
1336
1085
959
1061
927
1252
1089
1009
1053
1124
1114
1085
1315
1186
1283
1568
1545
1331
939
1119
1002
1227
961
1202
1293
1063
1130
1154
1884
1268
1035
1216
942
1227
897
1212
932
969
1917
963
1120
1066
977
1024
979
1072
885
1636
1030
998
1008
1267
2539
1206
1027
1069
1398
1215
1158
1263
1220
1292
1257
1369
1004
1166
1253
1060
1283
940
3274
929
1033
1046
1044
1310
1011
1037
1109
985
1079
1034
1186
893
1269
1077
1072
1080
1190
1276
1287
1495
1079
1269
1214
922
1242
1119
1428
1483
1271
1047
1086
1376
1166
1711
1607
1357
1661
1337
1451
2365
1540
1666
1441
1596
2024
2803
2237
2027
1968
1394
1528
1716
1578
1481
1962
1721
1695
1696
2266
1971
2073
1619
2369
1407
1654
2485
1509
1575
2353
1689
1313
2804
1659
1640
1290
1761
1586
1275
1827
2017
1481
1653
1800
1343
1512
1721
1484
2911
1641
2202
1353
1597
1612
1671
1741
1372
1677
1908
1272
1454
1650
1359
1503
1394
1600
1492
1846
1680
1661
1726
1651
1582
1534
1583
3112
1629
