1230
1034
1291
1697
1187
1024
1345
1276
1216
1073
1373
1329
1160
1273
1083
1268
1026
1098
1206
1143
1196
1129
1186
2582
1003
1599
1239
1305
1752
1591
1106
1112
1078
1138
1250
1141
942
1136
1074
1005
1347
1008
989
1072
1133
1025
1124
1034
1142
1154
1115
1062
1240
1079
1194
937
952
1015
928
1310
1489
1125
1132
1141
1210
917
1208
1152
888
1210
1197
1335
1244
1109
1296
1253
1225
1036
1252
1049
1024
1165
1060
1104
1109
921
1233
1002
1237
1103
1007
1179
924
1303
1074
1393
1027
1031
1192
1235
1067
981
1320
1361
1038
1191
976
1350
1201
1068
1460
1306
1229
1400
1233
1405
1351
1422
1061
1358
984
1052
1212
1042
1491
1093
1209
952
993
1169
1248
1185
1170
968
1414
1152
1130
1020
967
1163
942
1351
987
1222
930
1005
1071
1026
1315
1120
1147
951
1109
1230
987
984
1036
1045
990
1146
1289
961
1032
1093
994
1147
969
997
1084
1309
1141
945
1366
923
1308
1275
1114
1126
1069
1236
997
1225
920
1085
1021
1113
1034
930
1380
1038
1115
1205
1033
1355
1261
1270
1241
1056
1262
1272
1110
1133
1344
1269
1126
1509
1150
1280
1506
1195
1041
928
1112
1109
1247
978
1314
1001
1245
1337
1360
1135
951
1437
939
1174
1334
1214
1590
1164
1117
1348
1075
1121
970
1257
913
1059
1336
1043
1290
1065
1221
1095
1169
1113
948
1075
923
1319
964
1051
2288
927
1265
1018
1168
1066
1132
1500
1135
1117
1053
1138
1207
1060
1193
912
1531
1468
1382
1120
1075
1219
997
1123
1052
1287
1128
1074
1116
1034
1402
918
1088
1086
916
1081
990
1016
958
1134
1040
895
1201
999
1302
1027
1176
1085
1324
1328
1085
1024
1080
1287
1052
1122
1223
1115
1277
1741
1097
1031
1290
2342
1201
1042
1002
1086
1035
991
1271
896
1145
962
1016
1110
1014
1203
1015
1380
1070
1053
1208
1190
1025
973
1172
1070
979
1110
953
1164
963
1458
2000
1164
1101
1146
1191
1002
1023
1213
1027
1236
1142
974
935
1000
1087
1662
1091
995
1020
1118
993
1190
1032
1258
1036
1058
952
1087
1250
901
1260
1191
951
1278
1014
1051
1182
1196
1140
892
1091
1081
1152
1046
1091
1348
1058
1356
1179
1565
1111
1142
1156
1128
1168
1331
1269
907
1172
1556
1099
1012
1231
1040
1201
1114
1790
1268
3925
1340
1201
1219
1154
1339
1166
1274
1330
1322
1201
1317
1396
1094
1293
1114
1183
1106
1169
1184
972
1060
958
1126
1034
1033
1034
1283
1179
1256
1150
1085
1105
1334
1162
1066
1284
1064
1145
1113
1020
1088
996
984
1099
1330
1072
1299
1182
946
991
1070
1158
1174
1387
1094
968
1135
1081
1300
1063
1129
1158
964
1153
960
2025
1074
2005
1262
1034
1122
1243
1461
1337
1339
1683
1093
3681
997
1356
936
1222
1001
1196
1316
1312
1432
1351
1312
1213
1016
1173
1185
1193
1315
1080
1163
1060
1137
1336
1190
1223
1234
1222
1066
1044
1297
968
1222
1274
1098
1111
1098
1063
1235
1199
1391
1089
1052
1235
1364
1087
1056
1158
1134
1243
1248
1154
1095
1232
1024
1101
970
1261
1135
1013
1106
881
1185
1109
1303
1426
1264
1318
1169
1379
1171
1052
1239
1113
1575
975
1326
1313
1059
2646
1264
1287
1400
1145
1253
1273
1182
1172
1461
1252
1063
1500
1260
1203
1687
1394
1116
1501
1368
1226
1117
1045
1050
1131
978
1446
1050
929
1194
1153
1049
1202
1354
1001
1062
1189
945
1336
1201
1104
1281
1063
1346
1022
1186
1173
1051
1020
1099
1067
1012
939
1293
900
1119
1100
1220
1171
1168
1141
1179
1149
1105
1026
1261
1208
925
1218
1018
911
1054
1237
1120
1086
889
1053
1269
1241
995
1208
1256
957
925
1092
1069
1208
1058
1191
1016
1098
975
1045
1122
1114
1040
1092
1138
1049
1091
1201
1058
1185
1209
1064
1342
1092
1037
1122
1079
1108
968
1450
1005
1235
1174
1072
1333
1054
1479
1203
1037
1375
942
1183
1184
1033
1082
1037
1283
1276
1409
1217
1138
1000
1104
1142
1092
1038
1100
1082
1150
1010
1177
945
1142
1124
980
1234
1105
1072
1040
1147
1189
919
1131
1090
951
1135
1118
1048
1108
976
1314
1076
1370
1196
1230
1235
1031
1211
1200
1067
985
1132
1098
1165
1174
986
1135
989
1280
2588
900
1050
1212
901
1268
894
1170
983
1336
1161
994
1215
1122
1086
1116
1008
1321
1520
1401
1259
1404
1298
1062
1489
1761
1393
1141
948
1245
963
1230
1031
1396
1179
850
1373
1049
1241
1182
1182
1168
964
1316
908
1334
1170
861
1237
1022
1632
1188
1301
1264
1457
1308
1053
1146
1321
1196
1152
1062
1186
1123
1020
1045
1098
1166
1096
1033
1196
962
1407
1284
1241
1368
1010
1082
1043
1417
1079
1036
1205
967
1141
1152
1021
1041
1013
1116
1019
1062
1035
1191
1441
979
1101
1174
1241
2695
1233
995
1199
1009
1074
2381
1222
1038
1091
1208
1102
930
1062
1200
1124
1023
1486
1009
1242
1036
1171
1025
1063
1199
905
1155
1281
1161
1070
1147
1301
1365
1223
996
1018
1097
1226
1440
964
1240
1820
1250
1320
1047
1052
1193
1254
1463
1077
1214
996
978
1173
1068
1393
1011
1038
1257
1194
1046
1188
1193
995
1172
1344
2742
1109
1033
1162
1131
1035
1351
1066
1183
1362
1136
1162
1120
1572
985
1141
1642
1483
1101
1382
1069
1097
1106
1467
1116
1291
927
1165
1105
1068
1098
1397
1055
1238
945
1145
986
1339
1120
1098
1072
1239
1382
1095
1194
1070
1159
1368
1004
1161
1714
1198
1633
1747
1058
1075
1151
1134
1029
1370
952
1209
1157
1183
1061
1016
1170
1041
1200
1171
1081
1033
976
1026
1288
1175
1381
1141
857
1248
1221
1166
1280
