1346
1044
1115
1520
1434
1223
1303
879
951
1304
1058
1766
938
1062
1209
1124
1210
1118
1129
1008
1088
992
1042
2299
1070
923
1160
1229
1045
958
1092
1026
887
1025
1180
1282
916
944
1143
981
1029
896
1179
1121
1097
1070
956
1225
927
1296
1182
1439
1399
1479
1386
1045
964
1040
1198
1046
976
1121
1297
1492
1289
1294
1102
1063
1019
1710
1131
1333
975
1224
1101
974
1165
941
1065
1287
987
1108
1286
1080
972
963
997
1080
977
1053
1077
1032
1100
1163
1196
1298
1412
1197
1185
1076
1075
1409
1199
1165
1122
1097
1020
1104
1153
1119
1140
896
954
1254
1344
951
2567
1266
1006
921
1113
1396
887
1212
892
1171
1210
886
1226
3766
1173
1110
1053
1017
1057
1093
940
1184
1027
1015
1044
1357
1285
1105
1094
912
965
1182
990
1208
979
1105
1119
1313
1175
1003
1244
1183
900
1178
1117
1282
1230
1202
1020
963
1154
963
1196
942
972
1086
953
1117
1124
1052
937
1017
1058
1126
1253
1306
1187
918
820
999
1055
1154
1087
1230
997
990
1191
1047
1299
1121
1175
1206
987
1081
1066
1387
991
907
1525
1056
1295
1076
1110
1237
915
1097
917
1135
1254
1219
1055
1026
1279
916
1308
900
984
1035
1003
1222
914
1050
874
1066
1223
930
1050
1027
1172
1179
1173
1235
924
1228
1018
992
1072
1195
1189
1122
1134
971
982
952
927
954
936
1246
1049
1022
1362
1044
1095
947
1418
1213
1134
1403
960
1107
1011
1118
1042
1109
1323
1022
1400
1135
1149
1088
935
2110
1559
1406
1084
985
1186
1153
1263
941
1010
1018
1182
1148
1048
1074
946
1089
1179
985
1219
1149
1095
1111
1533
1062
1108
1350
999
1239
1122
1133
1279
1090
971
1128
1116
1272
1202
864
1045
1405
1124
1207
869
1007
1010
1046
1099
901
1073
1269
1077
1629
1281
1555
987
1303
1352
1088
1098
1041
1433
1225
1344
1423
1319
1466
1463
1170
1113
1001
1283
1301
1147
1177
1014
2146
987
1226
1020
1063
1112
1009
1083
1029
1249
1253
1095
1110
976
1442
1083
1114
937
966
1045
954
953
996
1091
1147
1031
1751
1147
1163
1093
1005
1192
901
1035
1113
1035
1006
966
913
1038
1094
991
1241
1081
931
1154
978
958
1172
1179
1124
940
1162
875
1149
1023
1120
1183
1089
1233
1116
1084
1008
885
1001
1219
1346
1012
1272
1405
1059
1310
1007
1217
1140
949
1248
941
1103
967
1021
1065
1202
1035
1149
1016
1177
904
1249
1375
940
1277
967
1275
1357
1202
1091
1030
1205
920
1220
1047
1033
1162
1047
1242
1216
1018
1238
1146
1085
1066
1117
1096
971
1182
1015
970
1646
939
1150
1056
1164
1225
987
1198
950
1265
1103
924
996
1075
1088
900
1110
1054
944
1234
2276
1995
999
1015
1304
976
1073
1030
1270
1004
1175
1170
974
1061
1170
1062
1381
1209
1302
1058
1012
1066
1049
1146
1314
1064
893
952
1083
1029
1378
1034
1083
910
1789
1083
1020
1211
1027
940
1117
1055
1166
977
1274
891
1098
1080
1160
1034
1080
988
1267
952
1098
959
1117
1031
967
1184
1083
1064
1088
1006
1114
1118
1023
1283
918
1086
1079
1242
931
993
989
984
1278
996
1127
1173
1299
1566
1172
1152
1005
896
1495
1268
1314
1038
1852
941
1013
1153
1099
1213
857
964
1045
1041
1869
930
1320
1000
989
1034
961
1174
989
1019
2179
1087
1198
945
898
1076
1211
1242
921
1073
898
994
1033
1059
1080
981
917
1084
1068
1047
880
1110
1149
993
1074
1009
1095
1169
1117
1395
1286
1088
1250
967
1190
1157
1230
1040
1042
979
1103
1363
1006
1070
975
1344
1100
1100
1315
1027
1182
1081
992
1035
864
1004
1324
1007
1067
968
1092
1015
1036
997
981
1071
1137
1206
1115
933
1187
1033
1019
1117
1013
1408
1319
951
916
1264
965
1007
1094
1049
1149
1566
1290
1064
1250
1322
990
987
1108
828
973
990
1164
1080
1035
1310
1162
1242
1037
1062
876
1383
1231
1068
1035
1037
872
1333
986
1013
894
1010
989
977
1190
985
1060
1146
1097
1164
1000
1058
973
1308
1302
1245
1181
1327
1108
1015
1112
1127
1011
1148
1111
1223
1073
1135
1202
965
1174
1143
1055
1154
1018
1094
1243
1074
1152
1051
1398
932
1198
1098
1060
1129
1312
1155
1171
1124
1185
1039
1216
930
1009
1124
1267
1276
1036
1367
1100
1108
1343
1230
1216
1363
1013
1147
1092
1219
1188
1183
1068
994
1276
960
1197
919
1090
913
851
1003
1071
1226
1333
1102
1035
1128
1032
948
909
1082
887
1092
928
1208
970
1185
1017
955
1267
956
1092
1272
834
1081
913
1139
969
934
1009
1083
1146
994
1044
1083
1449
1174
1000
1309
1023
1031
1144
1155
1216
1176
912
1308
1122
1371
1131
1164
1064
940
989
939
984
1025
1253
1079
1026
1342
1017
1085
1059
986
1027
1135
1199
895
1002
984
906
4839
1150
1107
1124
1190
1275
1017
1318
1017
1088
947
1066
1010
1231
1026
996
941
1152
908
1190
925
997
918
953
1185
909
1140
1032
868
1291
1019
2276
959
1182
914
1191
1192
1212
1126
1119
932
971
998
1212
923
951
1039
1123
1092
1146
1082
1314
1352
1595
1108
1240
1277
1106
1291
1284
1269
1065
1028
1252
1250
1026
1172
1036
901
1124
1103
1239
1382
1054
940
1100
1210
1223
1140
974
1127
1339
2956
971
1326
1294
1098
1075
1200
1036
1142
1091
1343
1027
1329
1053
1009
1196
972
1184
1003
1091
1314
1329
1209
895
1227
914
954
1233
1025
1157
1072
1255
1201
975
2124
1001
1235
935
984
1191
994
1373
956
1184
1105
1078
1127
1112
1181
914
