3434
3482
4251
3109
3799
4258
3292
3254
4216
2766
3479
4408
3456
2986
2960
3953
2850
2824
4663
3262
6582
4075
3550
3329
3182
4208
2772
2641
2302
3248
3404
3771
8766
3523
2548
4278
2498
3125
2587
3183
3629
3665
4156
2576
3370
2750
2961
4124
2518
4227
3867
3226
3564
3358
4152
2948
4721
4913
3795
2716
3844
3077
3422
2385
2949
3646
6626
3780
5737
2993
3010
4941
2698
2755
2749
4588
5614
3143
3512
2510
4378
12485
2525
3741
2709
2440
3308
2476
3201
3689
4802
3810
3608
3296
2582
3906
2477
3626
2971
5003
3182
2869
4836
3571
4517
2085
2789
3496
2813
2467
2879
2342
2353
2516
3413
2385
2636
2535
2533
4743
2419
3307
2379
3675
2527
1940
2634
2522
2503
2313
2859
3344
2849
2426
2333
2324
1979
1937
3146
2944
3087
2645
2681
2889
2183
3639
2183
2975
3892
3566
2978
2856
2578
3617
2917
2503
2201
2444
2125
3486
3725
2345
2286
2266
7734
3608
2527
2634
4840
4621
1935
2451
2794
2212
2454
2367
2769
3394
3311
2672
2408
4045
2748
2552
7553
2846
2691
1972
2957
2632
2451
2121
1878
2213
2482
3301
2070
1939
3280
1796
4116
2527
2220
3117
2690
3225
2604
4437
3183
2569
3643
3477
2911
2653
2478
4457
2532
2558
2083
1983
2118
2068
2493
1819
3571
2010
2467
3144
1496
3107
2568
4557
1987
2844
3556
1954
2021
1944
1824
1967
2682
2458
1977
2177
2086
1928
2600
1990
2702
2041
3685
2065
2398
1774
2548
3977
2310
1918
2901
2069
1745
5369
3553
2057
2303
2153
1991
5002
2056
1965
2236
1877
3132
2003
1676
2503
1665
2547
2093
3688
2015
1797
1960
1740
1931
1702
2186
1475
1558
1720
1856
2510
1474
1349
1570
1416
1616
1353
1593
1492
1388
1605
1394
1375
1188
1416
1486
1394
1577
1473
1385
1587
1736
1556
1669
1627
1393
1250
1323
1232
1702
1579
1632
1409
1540
1805
1466
1505
1701
1842
1845
1803
1931
1797
1484
1524
2092
1562
1311
1499
1331
1472
1806
1403
1627
1521
1410
1566
1598
1549
1364
1516
1518
1404
2225
1570
1975
1303
1329
1374
1562
1493
1177
1433
1234
1423
1448
1372
1517
1428
1281
1359
1409
1598
1368
1340
1617
1501
1417
1550
1732
1449
1343
1548
1179
1608
1508
1929
1482
1352
1625
1615
1259
1562
1406
1797
1679
1354
4123
1650
1740
1457
1578
4228
1638
1867
2034
1672
1269
1570
1543
1355
1848
1788
1652
1733
1507
1686
1671
1900
1426
1483
1844
1615
1496
1304
1530
1350
1154
1552
1317
1434
1331
1492
1399
1594
1472
1417
2831
1387
1372
1599
2163
1697
1335
1514
1320
1407
1344
1226
1363
1755
1254
1426
1175
1471
1362
1258
1407
1242
1597
1232
1375
1495
1842
1529
1500
1497
1250
1552
1190
1328
1540
1928
1624
7836
1158
1451
1494
1492
1296
1371
1527
1157
1398
1328
1276
1321
1367
1472
1464
1355
1411
1293
1322
1286
1572
1257
1426
1738
1473
1819
1594
1681
1498
1305
1414
1410
1506
1215
2183
1474
1255
2565
1420
1620
1427
1421
1551
1360
1448
1204
1231
1997
1185
1362
1589
1727
1387
1762
1445
1373
1554
3380
3609
1511
1296
1559
1377
1668
1366
1490
1285
1247
1665
1231
1472
1572
1295
1396
1268
1653
1247
1308
1417
1416
1497
1251
1252
1347
1285
1422
1276
1372
1216
1394
2781
1781
1837
1292
1477
1705
1329
1459
1182
1375
1479
1530
1314
1344
1277
1210
1367
1517
1317
1601
1329
1372
1319
2302
1319
1292
1250
1422
1479
2779
1548
1328
1360
1472
1432
1332
1424
1300
1190
1328
1497
1426
1383
1489
1543
1221
1192
1542
1321
1590
1296
1307
1401
1274
1380
1277
1515
1226
1564
1479
1341
1426
1397
2262
1311
1222
1274
1334
1352
1468
1527
1368
1302
1646
1326
1249
1177
1442
1233
1601
1627
1196
1320
1386
1337
1623
1201
1572
1386
1424
1221
1150
1375
1216
1214
1284
1383
1301
1282
1463
1400
1580
1289
1422
1374
1413
1542
1350
1838
1339
1244
1523
1398
1413
1187
2178
1224
1291
1339
1209
1463
1410
1408
1361
1245
1508
1242
1448
1526
1934
2148
1395
1274
2036
1415
1641
2149
1518
1237
1416
1307
1507
1466
1500
1583
1358
1368
1291
1250
1460
1268
1442
1275
2096
1321
1298
1376
1388
1324
1223
1656
1594
1176
1591
1446
1433
1308
1578
1392
1301
1492
1339
1479
1133
1502
1323
1436
1708
1251
2177
1252
1680
1334
1233
1180
1127
4010
1362
1509
1390
1365
1697
1362
1559
1342
1142
1285
1188
1395
1167
1413
1246
1066
1410
1393
1690
1175
1205
1383
1366
1723
1451
1352
1252
1407
1372
1166
1545
1418
1296
1319
1357
1447
1408
1585
1790
1615
1448
1488
1296
1568
1383
1299
1295
1331
1310
2420
1226
1374
1456
1221
1491
1152
1982
1262
1222
1218
1390
1402
1331
1918
1233
1328
1339
1415
1685
1632
1451
1163
1279
1240
1370
1399
1231
1369
1528
1286
1308
1363
1459
1232
1467
1346
1242
1509
1243
1367
1176
1464
1211
1312
1361
1251
2334
1402
1394
1372
1372
1458
1272
2340
1306
1214
1362
1556
1179
1196
1367
1237
1326
1541
1271
1552
1364
2265
1118
1351
1875
1328
1363
1217
1236
1142
1299
1418
1222
1426
1189
1352
1662
1343
2007
1286
1545
1246
1347
1521
1314
1438
1124
1196
2218
2033
1815
1530
1305
1564
1226
1531
1215
1470
1671
1388
1385
1131
1343
1291
1210
1529
1111
1281
1276
1268
1377
1254
1312
1370
1323
1341
1322
1294
1262
1604
1432
1103
1544
1365
2495
1162
1251
1458
1508
1279
1226
1323
1474
1580
1389
1193
1234
1363
1337
1712
1630
1321
1537
1373
1168
1204
1395
1424
1488
1334
1115
1348
1179
1039
1833
1183
1311
1167
1498
1442
1132
1380
1276
1320
1353
1192
1231
1035
1186
1209
1325
1153
1234
1447
1280
1304
1160
1223
1398
1144
1363
1112
1377
1321
1379
1265
1275
1189
1221
1281
1418
