1523
1462
2898
2109
1252
1825
1317
1582
1034
1697
1350
1100
1167
1123
1110
1320
1410
1529
1247
1277
1471
1374
1166
1392
1168
1677
1813
1509
1379
2161
1238
1499
1207
1311
1085
1137
1257
1219
1287
1101
946
1664
1165
1183
1415
1453
1170
1203
1245
1216
1431
1032
1335
997
1162
1453
1060
1122
976
1030
1185
1031
1220
1284
958
1145
2299
1135
1169
1339
1532
1292
1163
1380
1257
1018
1577
1216
1912
1455
1509
1202
1246
1271
1302
1373
1195
1547
1138
1791
924
1360
1573
1200
1282
1238
1281
1250
1231
1518
1210
1313
925
986
1450
1039
1936
1129
1210
1134
1189
1140
1038
1089
1887
1083
988
1065
1050
906
1084
1177
1075
1215
1060
1266
1348
1131
1133
1141
1441
1326
1031
1635
1138
1102
1011
1094
1833
1048
1346
1198
1223
995
930
1253
1107
1330
974
985
1190
1193
1171
1099
998
1068
1045
1071
1337
1392
1093
886
1197
1259
1081
1137
1286
1015
959
1224
1061
1243
1090
1149
1013
1108
1309
1148
1184
1152
1255
1408
1126
1135
1085
992
1295
906
1051
1169
1209
1158
965
1094
986
1124
1371
1207
1182
1077
1166
1182
1038
1145
952
1246
1146
1350
1097
1061
1714
1090
1122
1124
994
1313
965
1424
1252
1473
1092
1047
1216
2232
1492
1139
1444
1139
1142
1528
1074
1079
1217
1019
1134
1632
1246
1083
1122
1123
1118
1164
1075
1110
1178
1119
1000
1024
1179
1036
966
1396
1064
1096
1045
871
1286
1383
1165
1006
1207
1088
1153
1309
943
1308
975
1119
1408
1128
1115
1530
1012
1178
1020
1175
1017
1072
1325
1049
1487
937
1413
1067
1198
1296
996
1080
1137
1167
1303
1271
1245
926
990
1152
1126
1388
1174
1180
1061
1086
1202
983
1087
1097
896
1235
1082
983
1322
1193
926
904
1138
1079
1071
1191
1023
1072
1138
1165
1214
1203
979
1044
2348
937
1519
967
1273
1096
1144
1334
1315
1280
1553
1014
1405
1093
1020
1158
1464
1149
1030
1201
1254
1008
1245
1194
1361
1053
1091
1093
1182
1212
1106
1070
891
1073
1089
1038
1556
1375
1555
1153
2230
1425
1289
1731
1048
2239
5086
3879
1488
1524
1323
1405
1305
1291
1073
1339
1064
1689
1617
1096
1310
1073
1322
1075
1306
1156
1144
1355
948
1065
1080
1005
1320
1093
1100
1124
1211
1360
1088
1158
1064
956
1187
916
1115
971
993
1449
1032
1417
1260
1093
952
1013
1219
1140
1091
1122
1153
2089
1096
1140
921
1067
1205
1016
1089
1119
1285
968
1013
1336
968
1213
952
1079
1156
1096
1142
1081
1247
1128
1033
1093
960
1044
1310
1123
1083
891
1384
1143
1016
1185
1392
1262
932
1142
933
1154
1082
1325
1162
984
3308
1115
1168
1487
1000
1270
1211
1368
1043
1187
1131
1079
1198
1150
1040
944
6715
1197
911
1062
1153
1179
1295
982
1398
1075
1167
1267
1074
1324
1571
1452
1179
1055
1087
1466
1185
1066
1168
1030
962
1363
1044
1266
956
961
1223
1179
1195
1090
1345
1072
913
1392
1037
1145
1046
1279
1463
1111
1295
1009
1153
1064
1215
1079
1209
1031
1094
1108
997
1167
1309
1091
1102
1082
1219
1327
1185
1368
950
963
1253
1103
1118
1609
1095
1087
1069
1090
1300
1460
1291
1096
1173
1048
1153
1224
1168
1284
1009
1326
1108
1220
1153
1030
1222
1145
1031
1060
925
1188
1006
1320
874
1076
1142
1067
1270
1042
1039
1199
1099
1142
1157
1303
981
1215
2578
1101
1081
1331
1074
1704
1240
1337
994
1014
985
1072
1260
1137
1246
884
1038
1958
1005
1115
1108
1047
1771
1214
1440
1149
1331
1107
932
1237
859
1195
1096
1133
1328
1085
1162
1114
985
1793
997
1315
989
1104
1129
1253
1060
992
1516
973
1076
1272
1445
1389
1630
1363
1308
1094
1382
1102
1419
1183
1118
1305
1069
1138
1004
1217
947
1174
1039
894
1224
1054
916
1356
1015
1190
1131
1112
1140
1181
1222
1050
1180
1019
1021
1103
1231
1142
877
1208
954
984
1194
1164
1020
1274
1173
1112
939
1164
1139
1394
1149
1241
1230
1088
1151
1048
975
1043
976
1297
935
1070
972
1231
1468
1013
1148
918
992
1174
1263
884
967
1172
1050
1151
1102
985
1203
943
1243
1061
1297
1108
1162
1160
1010
1188
951
937
1346
1093
1178
1066
1029
1053
1035
1131
1031
1278
1015
1134
1189
1338
1070
982
1266
1063
923
1050
998
1194
1147
1290
1107
1071
1299
1132
1275
937
1291
1121
1123
1038
980
1177
986
1159
1134
1040
1128
1159
1257
1035
1055
1039
996
1020
975
1141
1180
1311
2139
1112
1374
1109
1027
1087
1048
1383
1164
1283
1263
1032
1379
1086
1348
1150
1028
1092
1070
2148
962
1215
968
1038
993
967
1020
1035
1200
1118
1023
1368
1087
1180
924
1477
2100
955
1313
1035
1210
1015
1113
1025
1193
1121
1231
1464
1022
1251
1135
1074
1196
1115
1134
1359
1301
1001
947
1382
1090
1268
918
1010
1155
1079
1036
1149
1057
1195
1246
1063
1064
1234
1036
1912
1290
965
1353
1029
1131
1158
1118
1280
1154
1417
1261
1076
1343
1047
977
1002
2060
999
1154
1150
946
1186
972
1306
1320
1220
1102
1166
1069
937
991
1170
1238
1015
1202
1081
1000
953
1108
1337
1272
1272
1560
994
1385
998
1440
1240
891
1322
1227
1053
1238
978
1233
1087
1214
1080
1360
998
2232
1206
1087
1463
1682
1176
1080
1255
1085
1336
1609
1419
1242
1263
1062
1502
1132
1328
1089
1163
1274
1066
1478
1228
1162
909
1189
1056
1168
1278
1244
1072
1076
1294
1071
1174
2879
1115
1439
995
1004
1056
1086
1403
1004
1144
988
1397
1404
1254
1610
1086
1357
1136
944
1512
975
1462
1066
1128
1168
1130
956
970
1282
1112
2046
1018
1755
1143
