1132
967
1140
1156
1142
1085
1001
1356
1148
1335
1159
1360
1074
5723
1116
1154
1166
1153
1100
2415
967
1383
1030
1119
918
925
1115
1128
1136
1035
973
1229
1406
1092
1018
1161
964
1109
1222
1049
1072
1141
968
1264
1139
1123
949
958
1319
988
1118
1063
1209
1137
1051
1195
1108
1290
977
1215
1258
974
1404
906
983
1050
1132
1596
898
1830
1208
1053
1393
1123
1293
1340
1040
990
1080
1358
954
1319
978
866
1157
1038
1190
1051
1449
1359
1300
1119
1211
1245
909
1433
2518
1302
1556
1119
1108
1329
1042
1216
1057
1276
945
1069
1187
1205
1139
1020
1163
1263
887
1212
1048
1084
1154
1123
1033
998
1418
992
1087
1096
1221
2538
1183
1161
1028
1009
1102
1082
1082
1013
951
1175
985
992
954
1037
1004
932
1326
964
1164
1069
1092
1113
1206
997
1117
1009
1077
895
1178
1151
1250
1330
1170
1373
1011
1260
1024
901
907
1044
1187
1327
1219
951
961
1222
1071
1822
1841
1237
1325
1076
1373
1379
1786
2356
1422
1184
1272
1556
1051
1122
1040
1014
1682
1031
1200
1357
989
1276
1102
1079
1037
1387
1280
1014
1489
1005
1354
973
1020
1144
1202
1306
1024
1227
1138
919
1251
1193
1310
930
1101
997
1081
1296
1107
1044
1107
974
1363
1038
1283
1012
1244
1318
1030
1250
977
997
1037
1058
1059
1011
1084
1093
1257
992
923
1146
1063
1100
1108
983
1115
1278
1198
1018
1152
1047
1117
1193
1085
1324
1045
927
1147
1031
997
1319
1209
1504
1145
1146
1412
1013
1091
1243
1422
1304
1539
1170
1230
959
1028
1203
952
1165
1100
919
1260
954
1241
1256
1219
1148
1044
1066
859
972
1223
1217
1189
1016
973
1053
1101
1161
1021
1164
852
1042
1386
1105
1075
967
915
1323
940
1182
1006
1623
1286
1093
1264
1015
1351
1027
850
1144
1066
1037
1009
1156
1048
1080
1000
992
1049
1253
974
996
1011
1047
954
1020
1061
963
1062
1174
910
1576
880
1155
962
1164
927
1044
1291
1068
1143
876
865
1162
957
1339
1096
1002
1273
1345
1244
988
1446
940
1107
1862
965
1058
1183
1254
999
1047
1288
919
1053
1013
1020
1089
1125
1138
971
990
1256
1024
1108
1419
1058
1095
1039
1251
1019
983
1012
1165
1056
1129
1082
1128
1075
908
1400
1007
1044
1035
1020
1146
887
1046
1327
933
999
1089
1249
941
1011
947
1024
1138
995
962
1037
912
1999
976
1294
1144
1098
1001
1338
1175
1008
1060
1082
1067
1382
1015
1325
1283
1100
1173
1074
1642
1150
1379
1045
1029
1143
1341
1147
943
1093
1118
1115
1266
1055
1254
1038
1220
1071
902
1341
1024
1400
1187
932
1134
926
1215
963
1126
946
1021
1222
955
1104
1123
962
1205
944
1386
967
1347
1042
892
1033
975
1309
1175
1106
989
1023
1200
1080
1308
1016
973
1251
907
1232
992
1169
945
1039
970
1142
987
1172
1190
969
991
1282
1057
1397
1226
1064
928
985
1003
1022
1102
954
1173
953
1029
1796
1028
1286
1070
1201
1152
1124
1133
1173
1280
1109
1091
1210
967
1071
1045
1066
1123
1614
1410
942
1220
956
1072
1070
1057
1243
1185
1319
1040
1009
1131
1058
1488
1286
1320
1173
1145
1263
1256
1203
1019
1400
1085
1011
998
975
1329
1107
1110
1009
1120
1291
1028
1168
996
1051
979
1561
1179
1347
1346
1142
1058
1180
1201
1140
1067
1061
1124
971
1059
979
1123
1004
1115
995
954
1156
1017
1357
1217
1057
948
1145
1726
973
1206
1036
1103
925
1012
1109
1073
1288
952
1207
1126
1134
1199
1171
1220
1050
992
1253
874
1219
1070
1195
1150
847
1008
1124
1180
1542
1197
1257
1246
1405
1078
1267
1203
1261
986
1035
1217
1028
1264
1162
1211
1049
1319
1282
1112
1101
1115
1414
1170
1071
1262
958
1168
1504
1004
1003
968
1188
936
1311
873
1235
1120
962
1123
968
1108
1069
1183
972
1115
1013
1125
1265
972
1149
1281
1032
1787
997
1005
1124
967
1301
885
1025
1024
1077
1515
1095
1111
1135
1156
949
1086
1095
1189
1663
1203
1163
1266
1237
1184
1186
1103
969
964
1281
1052
1028
1029
827
1090
1179
1320
1035
1174
1088
1251
1327
889
1054
1263
1156
1279
1144
1037
1000
1213
1034
1035
990
1297
1259
1559
1265
1359
1256
1175
1192
1484
1201
1138
980
1215
1147
1129
1006
881
1158
1286
993
990
935
1293
1143
955
924
1106
1193
850
1050
1018
957
1073
980
1938
961
1005
1040
1198
1264
1082
998
906
1027
1141
1358
1325
1157
1779
1204
1199
1372
1264
1442
1496
1415
1412
1239
1625
1166
1315
1663
1156
1293
1144
1281
1064
1448
1066
1258
1228
1047
950
1298
976
1379
1213
1181
1193
1177
1315
932
1302
1041
1048
1459
945
1281
1297
1074
1010
888
1388
1402
1200
1164
1132
1098
985
1137
1118
1054
1137
1014
1267
1078
1216
1057
1130
1241
1257
1206
1104
1164
1360
1003
1283
1014
965
1162
1219
1143
1119
1360
1056
1081
1026
1107
1066
990
1001
1057
1057
1211
980
1041
1300
1133
1172
871
2183
949
895
1021
901
1053
1127
1125
1138
878
1002
881
1112
1133
1160
1163
1200
1242
1007
974
1205
1243
1138
1037
924
937
1083
1020
997
1294
1180
1224
1111
1228
1079
863
1154
1339
1199
1065
1153
1363
1195
1340
946
957
1194
1117
1280
959
1118
1000
926
1334
963
947
1191
962
1237
1104
1101
1120
1033
1134
1082
1164
1058
1250
1276
1304
1385
1115
1071
1319
1535
1233
1031
1058
1035
997
1299
994
1320
944
1157
1958
1287
2524
1012
1414
1241
982
1278
1258
1189
964
1399
1048
1432
1154
910
1069
1065
1159
1038
1156
1088
