1738
1597
1603
1136
1208
1639
1463
1227
1255
1136
1082
1479
1230
1177
1765
1591
1367
1438
1716
2530
1440
1513
1562
1776
1308
1788
1724
1228
1338
1256
1264
1300
1167
1235
1109
1406
1147
1346
1225
1260
1769
1227
1210
1135
1267
1081
1139
1159
1324
1364
1182
1096
1298
1233
1139
1217
1223
1009
999
1207
1124
1181
1074
1124
1983
1166
2054
1310
1608
1333
1503
1641
5819
1272
1255
1245
1178
1292
1058
1014
1139
1177
1268
1253
1148
1151
1160
1434
1174
1051
1301
1135
1440
1176
1495
1478
1548
1647
1217
1217
1090
1028
1133
1205
1387
1032
1330
1228
1562
2435
1084
1141
1268
1734
1317
1185
1223
1252
1213
2900
1123
1844
1201
1078
1158
1185
1235
1146
1278
1207
1095
1296
1115
1228
1261
1236
1492
1226
1234
1239
1179
1276
1127
1641
1096
1424
1075
1449
1792
3481
1323
1005
1272
1182
1241
1279
1275
1760
1195
1084
1141
1030
1218
1307
1154
1138
1610
1739
1037
1410
1313
1229
1745
1621
1328
1063
1318
1209
1405
1303
1184
2073
1221
1113
1279
1116
1836
1201
1443
1151
1255
1356
1133
1636
1435
1123
1603
1327
1265
1157
1278
1255
1189
1607
1416
1320
1184
1074
1307
1118
1350
1066
1490
1410
1325
1114
1268
1066
1332
1033
1274
1137
1271
1109
1794
1249
1198
1852
1201
1344
1394
1101
1103
1208
1291
1098
1383
1161
1177
1261
1081
1300
1006
1034
1013
1080
1179
1224
1186
1168
976
1224
1090
1418
1101
1163
1220
1166
1433
1122
1393
1194
1133
1343
1243
1475
1266
1230
1293
1133
1221
1206
1358
1185
974
1298
1024
1273
1026
1110
1221
1144
1081
955
1387
1158
1333
1126
1190
2426
1157
1325
1245
1128
1323
1095
1082
1116
1258
1222
1442
1632
1219
1680
1350
1129
1530
1110
1115
1139
1531
1288
1215
1092
1984
993
1396
1086
1319
1141
1176
1232
1113
1221
1044
926
2046
1108
1495
1778
1404
1414
1303
1278
992
1377
1239
1197
1328
1179
1080
1104
1215
1053
1101
1338
1177
1268
1094
1259
1084
1189
1269
1282
1218
1067
1361
1179
1422
1502
1245
1459
1148
1135
1382
1242
2403
952
1122
1291
1196
1240
1224
1152
1122
1000
1333
1078
1379
1107
1118
1018
1280
1198
1260
1143
1114
1247
1042
1063
1195
1020
1265
1576
1241
1422
1111
1227
1090
1343
1020
1037
1266
1081
1268
1064
1175
1085
1136
1237
1134
1328
1106
1159
1067
1135
1268
1056
1209
1075
1093
1536
1270
1128
1179
1227
1227
1193
1297
1113
1300
1172
1359
1198
1102
1235
1124
1060
1309
1286
1139
1241
1005
1117
2056
1114
1336
1136
1147
1127
1311
1302
1137
1431
984
1157
1259
1122
1275
1288
1217
1146
1162
1207
1144
1241
1085
1128
1159
1210
1374
1106
1226
1094
1004
1052
1038
1159
1086
1334
1146
1136
1067
1159
1194
1010
1326
1070
1302
1408
1214
1940
1078
1071
1112
1177
1253
1146
1155
1170
965
1320
1324
1112
1023
1267
1287
1154
1027
1228
1914
1044
1279
1443
1159
1229
1176
1248
1230
1040
1064
1007
1251
1127
1151
1156
1040
1326
1090
1105
1064
1170
1126
1033
1204
1085
1169
1156
945
1189
1435
1053
1085
1354
1157
1042
1120
1012
1286
967
1292
1047
1057
1276
1330
1382
1139
1119
1681
1211
1443
1210
2487
1485
1040
1277
1060
1215
1187
1466
1298
1265
1262
1030
1243
1232
1122
1180
1252
1290
1057
1211
1372
2061
1473
1287
1544
1181
1729
1338
1279
1130
1150
1243
1200
1323
1398
1140
1273
1069
1178
960
1215
1282
1292
1896
1212
1383
1268
1418
1019
1097
1395
1107
1359
1155
1088
1252
982
1183
1161
1172
1119
1151
1214
1139
2308
1044
1221
1008
1173
1472
1043
1320
2034
1110
1190
1187
1325
1133
1176
1049
1109
1139
1162
1572
1259
2751
1315
1267
1394
1181
1355
1088
1477
1271
1061
1428
1086
1339
1147
1241
1224
1228
1207
1009
1302
1246
1407
1228
1278
1282
1227
1209
1260
1253
1430
1270
1153
1657
1631
1303
1161
1313
1394
1050
1343
1058
1397
2095
1237
1315
1083
1171
1343
1053
1130
1070
2470
1053
1132
1231
1168
1206
1128
1133
1384
1188
1159
1043
1166
1318
1196
1380
1155
1188
1197
1018
1279
1326
1233
1549
1324
1089
951
1122
1163
1110
2665
1323
1547
1420
1322
1331
1139
1411
1182
1170
1391
1169
1377
1037
1421
1051
1246
1103
1087
1181
1152
1195
1399
1184
1246
1258
1102
1349
1152
1241
991
1324
1201
1199
2024
1090
1188
1131
1138
1108
1687
1135
998
1148
1123
1030
1104
960
1345
985
1123
1079
1219
1248
1101
1345
1110
1001
1414
1182
1220
1257
1179
1259
1149
1306
1026
1248
1074
977
1230
940
1228
1075
1065
1316
1202
1397
1137
1268
1192
977
1242
1208
1305
1229
1224
1390
1076
1224
1085
972
1156
1125
1192
1042
1365
1212
1107
1208
1254
1910
983
1213
1223
1256
1041
1119
1093
1032
1093
1301
969
1079
2680
1322
1386
1368
1163
1287
1210
1234
986
1063
1134
1228
1276
1271
1170
1064
1174
1168
1404
1485
1174
1149
1006
1188
1353
1202
1517
1168
1122
1242
1116
1253
1166
1290
1288
1178
2264
1858
1289
1144
1047
1416
1176
1210
994
1348
1297
1370
1145
1182
1195
1173
1042
1395
1141
1220
1045
1256
1380
1278
1309
997
1068
1353
1069
1290
1142
1213
1214
1055
1324
1066
1165
1062
1144
1277
1176
1213
2167
1167
1102
1261
1396
1005
1352
1103
1152
1303
975
1359
1005
1127
1405
1439
1376
1486
1361
1388
1300
1522
1066
1334
1205
1040
1331
1149
1566
1214
1231
1248
1222
1585
1260
1323
1203
1132
1149
1313
1191
1033
1204
1392
1065
1281
978
1532
1181
1282
1350
1171
1232
1053
1126
1235
1024
1230
1138
1052
1089
1021
1209
1452
1177
1191
1197
1351
1225
1065
1012
1129
1322
1026
1950
1022
1208
1451
1139
1059
