1307
1021
2350
1033
1030
1024
1112
1125
1125
1161
1009
1169
1246
1014
1393
1001
1324
952
1110
1126
1230
1362
1271
1065
933
1307
1373
1186
1679
1410
1223
1343
1179
1335
1364
1010
1299
1153
1080
1201
1167
1359
1145
1211
1298
1391
1257
1052
1105
1329
1076
1086
1845
1835
1484
1427
1211
1136
1305
1340
1247
1099
1276
1088
1210
2255
1068
1208
1083
1009
2549
1074
1111
1177
1116
958
1061
1137
1097
1104
1030
1024
1079
2045
1049
1104
1286
912
1017
1302
1044
1285
1057
942
1198
870
1292
1257
989
1089
1163
1197
1089
1291
1221
1650
1490
1251
1136
6945
1185
1402
1012
1443
952
1237
1008
1150
1162
929
1198
1396
2068
1177
2149
1672
1314
1508
943
1190
924
1285
1383
1177
1388
1144
1125
1026
921
1314
1198
1317
1201
1523
1120
1059
1400
1118
1068
1122
1086
1003
1152
1079
1260
1524
1263
1136
1327
1032
1302
1042
1083
1383
1067
1112
945
1132
946
1088
2448
1109
1090
976
1055
1008
898
1136
923
2223
947
1076
1213
1240
1078
1103
1035
1088
1098
1175
1131
1123
1678
907
1167
1021
1351
1144
969
1049
1111
1311
1127
1307
1072
1197
1273
1217
1236
1151
950
1238
1007
952
1139
1113
1185
1125
1205
1152
1425
1115
1095
1329
1151
1281
1017
1058
1109
1094
1117
992
1171
972
1101
1273
1201
1226
1234
1115
1191
1074
1059
1067
1133
1042
1219
1056
972
1347
939
1011
1289
1030
1279
1102
1036
1106
899
1084
940
1198
1037
974
1018
1022
1425
968
1425
1110
1187
1380
1137
1306
1130
959
2467
1273
1212
1256
1036
1086
1141
1064
1174
1350
1148
1132
1064
1282
1127
967
1331
1115
1121
1331
885
1140
987
1212
1163
1050
1378
1704
1271
1206
1065
952
978
1044
1002
999
1121
1653
1722
1566
3893
1559
1496
1765
1333
1608
1606
1873
1555
1479
1733
1624
1521
1068
1549
1104
1196
1188
1237
1296
1209
1069
2385
1156
1335
2245
1092
1898
1308
1458
986
1242
1087
2674
1300
1024
1363
1232
1383
988
1183
1146
1066
1185
938
1057
1321
1101
1126
1239
3010
1479
972
1204
944
1440
964
1498
955
896
1498
1125
1083
1192
1029
1237
2310
1303
1156
1906
1097
1616
1060
969
1203
1305
1507
1164
1095
1213
1393
1382
1186
1123
1154
921
1212
1382
1151
1105
1018
1231
1220
1325
1249
956
1208
1246
1336
2752
1133
1249
995
1137
994
1139
2366
1167
987
1163
1096
929
1187
1155
1950
1159
1171
1703
948
979
1660
1003
1356
1487
1191
1220
1432
1361
995
1273
1050
1346
1275
1239
2314
1215
1365
2068
1073
1224
965
1172
1024
1148
1037
893
1496
999
1228
1240
1248
1131
1112
1389
1129
1782
1197
1051
1264
1041
1079
2202
1163
1732
1461
1593
1396
1079
1194
989
1266
1259
1184
1397
1202
1331
1307
976
1065
1310
1179
1604
1241
1448
1290
1300
1372
1103
1297
1165
980
1223
1069
1219
1239
1000
1286
1177
1436
1316
1170
1194
1275
1352
1462
1170
1474
1146
1186
1465
1251
1440
1251
1012
1252
1085
1881
1056
1130
1014
1148
1065
929
1312
1124
1284
1309
1261
1295
1254
1411
1101
1148
1462
1072
1066
1158
1177
1137
1191
1436
1154
1537
1012
1028
1183
1044
1103
976
1094
1217
1037
1218
1012
1459
1346
1324
1329
2481
1018
1213
1398
1230
898
1119
1210
1074
1203
1097
1039
1191
1139
1145
1422
1223
949
1093
1101
1238
1035
1269
1451
1107
1527
1314
1078
1158
1157
1124
1229
1752
1151
1133
1154
1078
1237
1066
997
1116
1075
1189
1124
1087
1195
1098
1317
1341
1344
1074
960
1566
1162
1074
1174
1062
1293
1115
1205
939
1318
1112
1059
1120
1126
1515
1406
918
1109
1102
1265
1166
1097
1058
989
1401
1200
1397
1067
1099
1199
1242
1110
1028
1150
1022
1048
1277
1049
1184
1080
1109
1005
1017
1175
960
1035
1330
1127
1155
1059
1380
1135
1012
1161
1034
1270
1219
1249
1224
1153
1433
944
1371
923
1223
1120
1411
1239
1032
1266
944
1070
1187
1121
1370
1241
1270
1010
1296
1199
1020
1147
1440
1347
1223
1221
1361
1193
1051
984
2096
1108
1312
1366
1038
1240
1162
1118
1297
1032
1414
1022
1141
1145
957
1214
1001
1202
1049
1258
1057
1127
1188
1047
1298
1016
1034
1033
970
1239
1276
1106
1326
1145
1363
1226
1065
1093
1149
971
1074
1299
1068
1412
1008
1310
1112
1022
1208
1180
1245
1143
1049
1052
1097
1067
1286
1149
1033
1263
1039
1003
1933
1811
1079
1001
1115
1134
966
1374
1376
1034
1140
1136
1241
1110
1016
1113
1296
1223
1161
1173
987
1000
1147
1071
954
1033
1316
1274
1317
1180
976
1062
930
1440
1404
1511
1248
1175
1302
1265
1058
1285
1311
1036
1251
1219
1128
1096
1148
1387
1150
1837
1027
1238
1254
1083
1514
1132
1301
1190
2187
1323
1032
1214
1169
1087
1343
1355
1285
1255
1298
1151
1023
1064
1072
1266
892
1056
1173
981
1493
1073
1327
1145
1078
1054
1215
1432
1061
1220
5180
1086
1128
1071
1404
1105
996
995
1046
1056
1109
1031
1043
1212
1103
1029
1472
1193
1196
1446
1044
1101
1113
1203
1118
1048
1384
910
1035
1131
1313
1113
1233
1035
1182
1001
1073
1306
1061
917
1160
1158
1118
1050
1087
878
2421
1645
1010
1331
1254
1162
1217
1087
1130
1207
1152
975
993
911
1054
1255
1022
1268
1148
1271
1303
1044
1452
929
1027
1240
1274
1147
1098
1079
1074
990
955
1108
956
1069
1043
987
1087
1200
992
1259
1082
1066
1392
1022
1183
1101
1391
1196
963
1008
1282
1349
2235
1109
1019
1203
1307
1080
1134
1320
1252
1192
1160
1243
1025
1137
1134
995
992
1092
1193
996
1027
914
1125
990
1121
1301
1173
1026
1296
1090
1042
1163
