1624
1461
1911
1466
1554
1736
1356
1170
1596
1344
1464
1364
1389
1221
1048
1438
1769
9551
5386
2182
2098
1545
2026
3888
2222
5365
2624
1924
2351
3535
2049
3371
3292
2229
4672
2030
3041
1861
1577
3135
1320
1581
1605
1684
1462
1952
1817
2237
1861
2336
2127
1750
1572
1643
1256
1787
1720
1561
2003
2050
1249
1538
1695
1341
1862
1904
1589
1459
1818
2131
2279
2262
1803
2255
2187
2316
2005
1799
1727
1656
1414
1777
1751
1951
2013
1888
1793
1795
2523
2005
2011
1564
1774
1621
1998
1989
1934
2102
3190
2147
1688
2033
2028
2008
2013
2418
3100
1931
1953
6860
2282
2020
1740
1722
2963
1968
2126
1703
2499
1625
2056
3512
1557
1911
3382
2167
6806
1638
1817
1977
2413
2063
2598
2161
1898
3944
1996
3904
2088
3773
1878
3815
2395
2881
4950
1537
2105
1649
1588
1565
1779
2151
1907
1901
4199
2076
3119
1199
1443
1319
1579
1272
1358
1597
1322
1695
1754
1787
1459
2010
1879
1434
1411
1414
1360
1340
1095
1370
1188
1530
1234
1424
1432
1523
1940
1565
1689
1536
1333
1422
1293
1592
1373
1503
1247
1692
1216
1518
1627
1379
1607
1323
1287
1308
1494
1555
1253
1612
1218
1490
1246
1501
1608
1417
1432
1452
1696
1340
1394
1596
1160
1728
1122
1591
1366
1132
2078
1472
1457
1151
1319
1313
1505
1537
1578
1383
1140
1915
1673
1323
1202
1300
1072
1268
1199
1103
1091
1208
1205
1481
1319
1393
1307
1456
1428
1296
1415
1261
1214
1689
1211
1454
1508
1429
1528
1752
1418
1229
1478
1049
1104
1599
1137
1205
1125
1380
1414
1152
1185
1040
1368
1078
1514
1390
1433
1311
1199
1124
1087
1165
1241
1325
1402
1079
1194
1179
1417
1105
1268
1185
1322
1393
1067
1716
1338
1473
1212
1790
1346
1408
1232
1231
1102
1469
1198
1333
1069
1371
1113
1152
1116
1062
1413
949
1338
964
1548
1032
1236
1054
1161
1195
1213
883
2812
1118
1246
1027
1718
1030
1049
966
1070
1049
1213
1185
1354
1060
1292
1141
1315
1002
1413
1201
1169
1272
1089
1157
1004
1397
902
865
1243
904
1153
1281
1121
1167
1362
1158
1139
1446
1166
1261
1194
1134
1142
1035
1119
1329
993
1405
1406
1314
1104
1167
1146
1071
1542
1319
1251
1113
1126
2101
1078
1191
1246
1368
1430
1489
1022
1449
1149
1305
1300
1761
1317
2143
2109
1199
1408
1258
1530
2673
1583
1854
1578
1777
1632
1811
1541
1418
1389
2095
1632
1273
1460
1473
1502
1688
1333
1579
1520
1218
1370
1263
1109
1198
1176
1193
1268
1169
1103
951
1513
1883
1311
1308
1570
1148
1348
1288
977
1148
941
1415
1226
1331
1201
1133
1800
1036
1011
2152
1049
1239
1175
1087
2267
1181
1320
1777
1128
1231
1867
1077
1232
2826
1508
1350
1370
1257
1422
1077
1285
1307
1290
1063
1334
1291
1233
1578
1670
1308
1383
1030
1228
1319
1247
1596
1364
1485
1370
2830
2093
3654
2011
1383
2000
1580
1498
1567
1910
1618
1632
1278
3724
1510
1390
1897
1332
1468
1561
1423
1268
1272
1190
1733
1390
1266
1280
1397
1353
1119
1660
1316
1655
1134
2522
1593
1195
3406
1020
1113
2219
1336
1540
2334
1473
1512
1045
1625
1995
1496
1392
1764
1353
1084
1378
1130
1421
1220
1262
1481
1137
1438
959
1178
1174
1079
1165
997
1329
1111
1116
1109
1171
1366
1018
1000
1615
1302
1133
1084
1074
1065
1029
1526
1119
1277
1186
1345
1162
1120
1222
1040
1159
1022
1183
1189
1091
1203
1225
1057
1199
872
1116
1213
1302
1306
1341
1406
1080
1450
993
946
1340
1062
1326
1180
1233
1302
1009
1028
1110
1476
1067
948
1020
1144
1304
1027
1282
978
1212
1187
1154
968
7050
1002
1110
1128
1387
1162
1017
1094
1000
2016
1059
1276
1060
1123
1189
1034
1109
1220
1062
1224
1020
1199
1030
1023
1178
958
1006
1190
1905
1098
1059
1395
1240
1255
1014
974
1004
963
1131
1157
1354
1049
884
1021
934
1103
882
903
1165
1532
1405
1235
1302
1000
1061
1232
1438
1139
1229
965
1322
1056
1265
919
1361
1299
1042
1512
1027
1392
1162
1065
1287
1306
1773
1050
1254
1232
1117
1155
1176
1071
1106
1164
1493
961
1285
1185
1179
2052
1139
1023
1205
1089
957
1304
1031
1107
1279
998
1054
1003
1005
1264
1416
1236
1163
1033
1194
2451
1324
1042
1067
1354
1040
1311
1144
1068
1253
1008
1069
837
1099
927
1047
1104
1035
1207
982
890
1108
1205
1318
1131
1105
987
1236
1328
1024
995
1167
1183
1263
1470
1491
1176
1363
1400
1074
1019
1249
1080
1068
1029
1319
1246
1339
1105
1452
1545
1095
1212
1135
1412
1086
1177
1171
1068
1187
1005
978
967
1055
1212
1099
1221
1109
1260
1195
1119
1222
1064
1120
1144
847
1244
961
1232
1014
1254
1348
2402
1252
1672
1128
1153
1018
1241
1078
1274
1144
876
1120
980
1215
1177
1077
1075
1175
1022
944
1291
1192
1270
1283
1065
2262
1177
1029
1249
1137
1003
1324
1169
965
1156
1071
1127
2542
1664
1131
933
1096
1476
1420
1626
1332
1342
1178
967
1246
1204
1092
923
1097
1168
1089
1328
1179
1580
1254
1071
1429
1200
2006
1069
1233
1459
1245
1432
1298
1150
1103
1291
1170
1107
1193
1010
1124
1571
1104
1229
1094
1317
1029
1251
1233
1347
1146
2507
2199
1229
1242
1436
1063
1334
1460
1082
1990
1161
1151
1653
1261
895
1244
1297
1312
2113
1378
1242
2479
1037
1157
1176
1187
978
1094
1309
1308
1357
1075
1173
1254
1237
1390
1091
1397
1193
1350
1193
1165
1715
1107
1644
1504
1062
2153
1053
1198
1752
1372
1180
2008
1155
1144
1942
1084
1112
1445
1160
1062
1213
1121
1368
1559
1220
1247
1174
1375
1296
1343
1151
1351
1608
1051
1248
1168
1341
1179
1207
1006
1021
