1654
1058
1045
1162
1163
1404
1359
1326
1143
965
1171
1102
1304
1124
1136
1028
911
1142
1567
1935
863
1077
1103
1037
1302
1106
1369
1165
1191
1379
969
1691
1051
1077
1089
1173
945
1092
980
1184
1269
1250
1104
1335
1079
1101
1454
1095
1150
1141
1074
1109
1188
1425
1174
1402
1031
1217
1197
1088
1199
1124
1189
2383
956
1386
973
1244
1629
1546
1485
970
1127
1225
1265
1399
933
1157
1143
1573
1295
1447
1120
1107
1137
1235
1028
1224
1026
1040
1156
1353
1023
1139
1252
1092
1681
2048
1675
1171
1110
1657
1121
1236
1194
1008
1524
1066
1149
1107
1185
1404
1021
1113
910
1519
1217
2258
1661
1133
1256
1167
1055
1426
1195
2889
1160
1373
1012
975
1261
2590
1443
1381
1093
1374
1019
2600
1055
1399
1291
1226
1034
1047
2429
1483
1421
989
1504
1581
1399
1172
916
981
1546
1467
1212
1020
945
1136
1271
1200
2033
969
1158
1450
1312
1171
1396
1211
1086
1067
1392
1376
1031
1375
1361
1069
1272
1137
1395
1360
1210
1418
1359
2111
1099
1500
1545
1212
1299
1248
1356
1490
1167
1438
1500
2169
1445
1307
1693
1168
2052
1491
1489
1187
1607
1206
1174
1929
1142
1076
1151
1158
1358
1059
1051
1101
926
1162
1098
1335
1193
1200
1418
1216
1108
1055
1223
1344
1129
1192
1104
1276
1102
1496
1155
1213
1107
1426
1350
961
1027
937
1009
1465
1060
1342
1294
1210
1126
940
1406
1095
1140
1166
1055
1165
1093
1452
1070
1194
1173
1030
1413
1079
1198
1028
1420
1063
2253
1002
1034
1192
965
1050
1101
1123
1257
1098
1407
991
1469
1092
906
1116
998
1204
1042
977
886
1168
1192
1026
1328
988
1391
1063
1248
2397
1515
2353
1095
988
945
917
1287
950
1144
1088
1621
1271
990
1288
1205
1074
1332
931
1127
1159
1186
1017
1154
1227
1244
1892
1624
1427
1050
1283
1098
1233
1124
1094
1197
1009
1307
996
1169
1159
1020
1078
1204
1067
1617
1176
1251
2329
1070
1152
1322
903
1067
1099
951
1112
1058
1031
1215
1228
1092
997
1321
935
2177
1230
1246
1403
1188
1334
1141
1163
1146
970
1124
1133
1133
1010
1186
1551
1046
2248
1135
1637
1224
1123
1154
1113
1286
1283
1095
1137
1083
1126
984
1135
1050
1279
1201
998
1365
1133
1074
955
942
1192
1025
1160
1059
1273
1485
976
1425
912
1088
917
1186
1112
943
1582
1232
1642
1351
1190
1161
1032
1322
1169
1282
1032
1134
975
1263
1077
978
1402
1970
1086
1105
1019
1263
1278
1192
1010
1352
1241
1302
1068
1078
1322
1205
994
1131
858
1325
1159
1101
1212
1341
2423
1374
1358
1180
1097
1165
2111
1238
1219
1224
1098
924
1030
905
1010
1064
1016
1053
1252
1148
1183
1100
1149
989
1014
956
1117
900
965
1145
967
1078
1136
1157
1226
981
1007
1083
1174
1269
1245
1205
1150
974
1321
1154
1141
219700
1479
2093
1218
1383
2088
1128
1320
1251
1173
1604
1349
1361
1013
1247
1335
1159
1182
1299
1380
1140
984
1264
1199
1432
1130
1268
1389
1167
1263
1250
1323
1159
1086
1320
1195
1427
1137
1266
1420
1202
1024
1157
1792
1454
1472
1725
1202
1452
1515
1064
1078
1171
1136
1169
1217
1009
905
1712
1992
1159
1151
1423
1142
1408
1218
949
1257
1012
1076
1198
1043
1459
1541
1044
1155
968
1230
1164
1819
1123
1179
1006
1189
1064
1066
1127
1288
1223
1045
2312
1151
894
938
1142
913
1131
1075
1168
1404
1132
1166
1107
1158
896
1024
1291
969
1330
1221
957
1325
1100
961
950
1108
1128
1057
1264
1044
1333
1083
1378
1406
1044
1300
1087
1141
1363
1172
1194
998
1059
1200
1170
1287
1170
1523
976
1198
930
1248
1472
1174
1269
1065
1044
1314
1044
1727
1304
1094
960
1024
1204
1159
1242
1103
1219
1140
1011
1246
1066
904
1274
1160
1148
1482
1265
1080
1076
1172
1200
1112
1074
1151
1186
1178
1093
1287
1502
1309
1203
1328
1112
992
1172
1120
1191
1032
1236
1160
1224
1184
1046
1339
1043
1305
3668
1308
1318
1142
1005
1241
1037
1001
934
1059
967
1063
1076
1148
1085
1055
1190
1052
1048
1281
1160
1122
1098
1079
927
1007
1085
1138
1355
1219
1019
2307
1215
1194
1214
942
1164
946
1354
1074
1048
956
1101
1291
1225
1423
1128
1114
1217
1062
1412
1031
1139
918
1117
1061
1149
1257
2159
1306
1410
1156
1164
1029
1141
1560
1088
1206
1112
1221
1165
1322
935
1037
1090
1522
1463
1330
995
1324
1143
1178
1106
1312
1106
1008
1186
1094
1281
949
1010
1858
1013
1190
1113
1125
1173
978
1584
1388
1336
1047
1346
2202
1090
1150
1309
904
1329
1353
1116
1299
1139
1086
1194
1317
974
1161
1113
1147
1154
886
1179
1017
1321
1204
1174
1320
1035
1312
993
967
1314
1047
1232
1226
1116
1197
1055
2341
1164
1110
1823
897
1361
927
1264
1059
1225
1266
902
1262
1158
1288
1023
2145
1071
1196
998
1068
1132
1321
1109
1231
934
971
1235
980
1111
1047
1294
1000
974
974
884
1285
1203
1074
1282
1237
1130
964
1291
1125
1027
1166
1132
1380
1109
1061
1161
968
1018
935
1026
1205
1123
1280
1022
1051
1215
1220
1193
1022
1111
989
1266
993
1252
1390
1114
934
1066
1197
2446
1206
1209
1215
997
1243
1311
1127
1075
1076
1168
1050
1111
1064
1282
1191
1061
1326
1100
2015
996
1034
1128
1056
1163
988
925
1224
1103
1088
1289
1365
1147
1174
1060
959
1030
1005
909
1376
1162
1166
1025
1108
1200
1054
1176
1185
1390
961
1096
1104
960
1046
1036
1244
1288
1267
1304
1202
1146
1286
1069
1468
1316
1400
969
990
1132
1118
1284
1498
1364
1373
1220
1264
980
1362
1003
1210
1286
1345
