1524
1330
1372
1135
1275
1342
1005
1144
1258
1219
1277
1025
2592
1326
1623
994
1178
1532
1382
1484
1312
1104
1200
1098
1397
1149
1708
1012
1726
1180
1021
1072
1094
1142
1266
1385
1018
1191
1423
1054
1258
1029
1171
1282
1398
1463
1029
1453
2057
1396
1291
1098
1228
1331
1124
1090
1405
1249
2234
1292
1256
1343
1138
1360
1290
1170
1393
1378
1229
1048
3310
1418
1054
1257
1374
1250
1066
1449
1650
1113
1109
1123
1365
1173
1501
1125
1629
1433
1240
2014
1247
1369
1237
1014
1404
1254
1662
1322
1650
1677
1225
1210
1377
1434
1143
1198
1272
1110
1177
1353
1294
1325
1296
1152
1313
1268
1187
1145
1044
1175
1174
960
1597
1117
1318
1113
1335
1509
1112
1186
1260
1295
996
1521
977
1199
1310
1303
1151
1001
1434
958
1202
1307
1236
1359
1157
1179
1540
1028
1496
1402
1183
1547
1180
1461
1007
1095
1061
1514
1260
1590
1513
3208
3343
2263
1472
1347
1344
1933
1162
1065
1400
1328
1185
1124
1470
1039
1139
1462
1311
1062
1023
1216
1823
1193
1218
2081
1059
1373
1253
1516
1083
1065
1427
1484
1138
1028
1390
1154
1043
1245
1164
2116
1087
1302
1488
1262
1146
1276
1502
1089
1097
1276
1004
1453
1162
1022
1253
1060
1309
1237
1235
1081
1416
1125
1185
1928
1120
1206
1165
963
1423
1385
1547
1159
1036
1116
1195
1374
1242
1113
999
1581
1307
1322
1508
1442
1284
1338
1034
1183
1134
1142
1097
1348
1126
1144
1806
1141
1217
1186
1263
1007
1077
1433
1039
1227
1043
924
1303
978
1367
1403
1246
1551
1235
1231
1094
1442
1079
1090
1361
1091
1257
1127
1233
1166
1180
1108
963
1197
1234
1029
1541
1154
1139
1081
1971
1154
1217
1185
968
1051
1163
1227
1315
1021
1110
1132
1457
1104
1256
1219
1147
1167
1330
1318
1112
1277
1335
1406
1321
1196
1175
1262
1019
1421
1305
1152
1050
1236
1185
1050
1306
904
1123
1255
952
1175
1536
1311
1309
1282
1353
1265
1155
1191
1047
1252
1025
1219
1058
1558
1150
1215
1435
1216
1391
1024
1241
1134
1144
1274
1254
1252
1057
1139
1092
1182
1256
1338
1423
1340
1171
1145
1084
1470
1007
1059
1564
1112
1561
1058
1072
1137
1060
2267
1164
1222
1009
1117
1795
1743
1040
1055
1210
1340
1019
1509
1069
1093
953
1294
1261
1029
1301
1000
1086
1405
1288
1241
999
2118
1224
1151
1281
1306
1463
1036
1226
1165
1256
2627
1067
1188
1069
1097
1212
1497
1484
1103
1133
2789
1277
1454
1405
1405
1407
1267
1338
1284
1176
1109
1348
1285
1206
1234
1179
1013
1505
1595
1276
1188
1783
1167
1214
1220
1060
1362
978
1047
1161
1101
1088
1178
1092
1368
1108
1202
1176
1412
1167
1280
1317
1188
1406
1137
1215
1198
950
1693
978
1375
1214
1212
1392
1084
1255
922
1594
1343
1685
1478
992
1022
1119
1083
1336
1118
1246
1163
1438
1522
1288
1257
986
1101
1204
1213
1209
1128
1443
1244
1162
1171
1136
1142
1005
1045
1240
983
1466
1210
1394
1197
1026
1104
1227
1082
1143
1317
1123
1131
1247
965
1117
1074
1038
1155
970
1522
1039
1013
1391
1224
1465
1188
1194
1120
1085
1237
1237
1283
1514
1084
1215
1227
1325
1172
1139
974
1060
1321
1195
1395
1228
1090
1532
1681
1312
1455
987
1224
1194
1388
1171
1391
1055
1211
1336
1291
1243
986
970
1293
1348
1341
1026
1036
1120
1202
1154
1317
1319
1132
1542
1263
1209
1217
1220
1127
1156
1214
1152
1195
2411
1090
1188
1148
1171
1382
1142
1431
947
1368
1262
1185
1332
953
1152
1160
1151
1229
1093
998
1817
983
1474
1011
1125
1224
984
1283
1115
1446
1023
1322
1095
983
1063
1101
1279
1100
1196
1198
1195
1089
1035
1133
1086
1197
1342
1281
1076
1022
1008
1270
992
979
1461
1175
1569
962
1068
1193
1166
1183
1341
957
1185
1133
1184
1261
963
1155
1441
1283
2529
1012
1054
923
865
1204
1128
1053
1014
1244
1283
1115
1066
1167
1105
927
922
1305
1192
1224
1113
1061
1043
937
1193
943
1080
1255
1216
1229
979
1308
984
1056
914
1011
1030
894
1300
1037
898
1098
917
1183
1092
1285
1077
1250
1178
1033
1154
1278
1352
1439
1760
1544
1283
1128
1246
1160
1089
1133
1144
1082
1068
1068
1043
1264
1005
1086
1173
1273
1500
1148
1471
1009
1119
1146
1208
1444
1294
1128
976
1286
1521
1288
1331
1040
973
1069
1172
1219
1046
1314
1044
1027
1109
1111
1137
1161
1506
1046
1076
1482
1201
1151
1042
1366
996
1120
1164
1167
1163
1000
1019
1020
1097
1130
1083
1183
1115
1181
986
1049
1096
1102
958
967
1017
1090
998
1178
1088
1291
938
1234
1071
1008
1281
1018
1252
1003
1104
1109
915
1169
951
1156
1152
1026
1053
935
1238
1123
1129
997
1153
1250
1115
1186
901
1349
990
1101
936
1024
1381
968
1112
1068
1367
1159
1260
1159
1234
1261
1209
1224
950
895
1048
1035
1270
1057
1230
995
1029
1247
881
1299
1224
912
1306
1130
1524
1347
1394
1035
1053
1218
1164
1207
1267
1147
955
1066
1061
1012
974
1072
1273
926
953
1319
1208
1990
1014
1060
1170
901
1075
1038
1289
1214
1043
1027
931
1129
942
1438
1167
1144
1177
1087
1316
1056
1295
966
1276
869
1035
936
946
1097
1266
1053
975
1084
1148
1112
1525
948
1163
1077
1110
1147
993
1045
1073
1079
992
969
1194
1120
1085
1061
1058
984
1367
1393
963
1090
1049
1062
956
1019
1079
960
1034
1094
1057
1065
1076
1289
967
972
1068
1324
929
1098
1048
1064
1067
1233
1277
1273
1289
1230
1201
1150
1040
1262
1131
932
1268
994
1222
916
1172
1167
943
980
1081
1119
1347
1308
1044
1165
1382
994
1110
1217
