1366
1416
972
1316
1296
1161
1184
1214
1165
1012
1168
1085
1061
1249
1125
1105
1008
1101
1128
964
967
1094
1333
1141
972
1126
1037
1342
1131
1111
1214
992
1131
1275
1413
1335
1235
1068
983
1263
1236
1399
1128
1026
1360
1107
1258
948
2865
1121
1080
1280
1128
1070
1325
1152
1176
1210
1942
1013
1507
1118
1121
1146
1121
1263
1147
1135
1852
1439
1326
1246
1192
948
1269
1086
1100
1452
1237
1232
1243
1021
1222
1067
1056
1178
1165
1194
1259
1062
1069
947
1136
1005
1499
1051
1411
1197
1462
1270
1006
1298
1053
1756
1051
1230
1226
1066
1033
1077
1105
994
1147
1125
1188
1218
1273
1207
1025
1407
1066
1060
1365
968
1208
1073
1002
1219
1235
1146
1087
1247
1972
1154
1371
1122
1142
1115
1415
1053
1299
1206
1234
1308
989
1200
1207
1066
1138
1146
1354
925
1234
1263
1119
2298
1157
1291
1037
1244
948
1036
1047
876
1118
1074
1094
1138
1039
1182
1175
1327
2164
1018
1059
906
1176
1058
1120
1292
1205
1258
1123
1279
1032
914
1263
933
1028
1176
1307
1243
992
1195
1083
1676
1152
969
1228
1436
1365
931
1038
1209
1163
1285
1084
1078
1249
990
1029
1462
1847
1794
1813
1377
1111
1195
1252
1064
1357
1159
1320
1015
1164
1439
1000
1210
1380
1106
1090
1091
1114
968
997
1191
1108
1291
1051
951
1165
1086
1272
1024
1019
1296
1165
1376
1046
1158
1159
1089
1061
1038
1164
962
912
1031
1033
1254
1011
1070
1151
1647
1277
987
1006
998
1274
1230
1082
1312
898
1049
1200
1061
1100
999
1133
994
1062
1176
990
1061
926
900
1308
1222
988
874
1482
1134
1075
1255
924
1074
1227
1144
1193
1240
1407
1019
994
1603
1975
2992
1092
1238
1174
954
1228
935
1145
1361
1161
1254
1244
1225
1150
1087
1182
1197
1174
1251
1439
1101
925
1273
1172
1826
1019
1525
1073
1081
1126
1177
1330
948
1173
1071
965
1188
900
876
1099
1186
1120
1203
1279
1258
1099
1307
1260
1207
1075
1255
1004
1133
997
1030
1232
1006
972
1706
1139
1025
993
977
1359
997
1134
1275
1172
1049
1379
1316
997
1070
1164
1123
1183
1340
1183
902
1234
1240
994
1239
1003
1325
1149
1215
1056
1200
1219
1061
1042
1059
1078
1369
1268
1200
1269
1238
1388
1217
1351
1145
1226
1122
1179
1240
1188
1160
1112
1088
1178
1010
994
1101
1237
1263
1092
1234
1023
1200
943
1194
1304
1254
1084
1109
1081
911
1023
1225
963
1463
1016
1015
1325
1100
1149
1007
1253
1048
1011
1289
1027
1458
974
1187
1166
1078
1127
1075
1281
1043
1026
1100
1117
1193
874
1102
1099
1004
1179
1241
1315
912
900
973
1064
1073
1076
1089
1394
1059
1479
893
1032
1071
1085
1518
987
1229
1042
1286
1034
927
1231
1197
1281
1024
886
1299
1000
1492
1831
1760
1658
1477
1494
1596
1626
1214
1454
1640
1302
1945
1751
1583
2211
1428
2749
1550
1370
1802
1908
1873
2071
1973
1875
1604
1739
1497
1686
1460
1127
1572
1670
1410
1316
1374
1161
1832
1973
1262
1554
1030
1279
1288
1088
1436
1514
1388
1354
1419
1754
1547
1691
1480
1339
1334
1241
1373
1628
1322
1384
1301
1129
1166
1365
1510
1468
1406
2163
1279
1539
1925
1649
1561
1870
1309
1490
1379
1433
1988
1845
1421
1599
1728
1350
1643
1567
1529
1698
1265
1391
1590
2195
1903
2377
2258
1961
2475
2003
1919
2972
1836
1814
1662
1847
1383
1261
1368
1611
1522
1897
2058
1753
1855
1910
2026
3563
1236
1524
1375
1389
2126
3085
1898
1559
1602
1755
1470
2815
1645
1376
1448
1850
1433
1510
3413
1650
1410
1672
1082
1322
1563
1405
1493
1423
1700
1500
1561
2909
1428
1554
1688
1657
1796
1688
1602
1504
1684
1701
1332
1295
1144
1625
1257
1523
1097
1296
1305
1498
1801
1098
1792
1186
1445
1309
1222
1247
983
1234
1093
1116
1118
1165
1239
1157
1152
1455
1046
1326
1302
1473
1038
1241
1318
1011
1400
1097
1166
1698
1296
1498
1248
1216
1266
1163
1147
1378
1334
1120
1431
1045
1236
1221
1034
1402
1082
1074
1385
1152
1211
1322
1151
1094
1035
1263
1078
1577
1268
1237
1186
1014
1148
1358
1513
1502
1129
1184
1063
1423
1634
1124
1366
1123
1408
967
1599
1209
1104
1279
1114
1140
1182
1469
1204
1209
1452
1021
1215
1272
1177
1205
1182
1174
1337
1140
1104
1319
1081
1099
1193
935
1365
1386
1099
1340
1178
1098
978
1052
1468
1228
1222
1241
1037
1307
1221
1324
1135
1308
1093
1060
1302
1110
1296
1283
1193
1384
1385
1254
1020
1176
1349
1222
1073
1051
1698
1053
1249
1336
1383
1226
1135
1307
1152
1124
1057
1021
1118
1230
1407
1103
1213
1034
953
1236
1197
1286
1187
1268
953
1080
1032
1102
1257
1311
1104
1190
1070
1471
1109
1176
1283
1182
1300
1151
1324
1192
1441
1213
1595
1254
1096
1277
983
1365
938
1274
1115
1130
1311
1240
1238
1045
1304
1033
1225
993
1248
1772
1395
1190
1481
1259
1206
1108
1378
1278
1086
1549
1327
1172
1275
2237
1360
1116
993
1128
1184
1204
1338
1659
1670
1313
1056
1188
1187
1283
1137
1079
1490
1563
1682
1234
1299
1259
2009
1087
1268
1331
1503
1114
1202
1581
1164
1060
1392
1004
2500
1213
1065
1257
1069
1428
1518
1384
1033
2455
1671
1169
1048
1093
1078
1004
1055
1258
985
1064
1226
1114
1429
1373
1411
1193
1609
1293
1189
1891
1250
1178
1515
1179
1071
1375
1294
1083
1376
1146
1260
1092
1143
1216
1231
1451
1144
1537
1291
1284
1116
1433
1633
2001
1984
1686
1331
1365
1344
1382
1210
2207
1230
1151
1429
1470
1479
1032
1187
1140
1285
1088
1217
1089
1123
1223
1176
1074
1642
1195
1188
1046
1083
1346
1323
