1564119
3361
6832
2819
3155
3533
3335
2801
3028
4165
3252
2817
3138
4016
3384
4333
3395
3552
3736
3894
3657
3752
3454
3399
3021
3603
3072
3508
3059
3741
2820
3454
3589
2612
3923
3090
2923
3131
3811
2709
3222
2574
3802
2525
3810
3053
2870
3736
3379
3526
2770
2948
3212
3071
3672
4228
3552
4278
5960
4679
2961
3597
3918
4025
3249
3432
2889
3206
3420
3278
3452
4291
3136
3452
4250
3455
3244
4694
4206
3504
3519
3842
3244
2920
4059
3552
3321
5573
3087
7343
5161
2907
4675
3981
4196
2511
2608
5027
2700
8284
3153
3753
3216
2623
3936
2504
2551
3173
3131
3686
2979
2637
3017
2793
3174
2287
2660
2518
3677
4983
4149
3833
2689
3979
3406
4856
3464
3367
3825
2499
4554
3202
2345
4116
3011
6063
2903
3230
3038
3001
3597
3690
4196
2808
3391
6276
3288
4130
3029
2623
10859
2532
3370
2605
3416
2542
2491
2893
3130
5194
3137
5793
3843
2621
3921
2527
3110
3011
6043
4012
3163
2732
3303
2481
2315
3616
2902
3128
4670
2226
2265
2902
2349
2342
2081
3119
2534
3638
4523
2422
2758
3201
4304
2600
2035
2769
2499
2519
2313
2936
2407
2505
4358
2333
2657
3285
2079
4504
2075
2732
2638
2002
2891
2288
3295
2139
2953
2359
2657
2120
2100
4316
2877
2490
4354
1834
2664
2145
2443
2379
3222
3538
2189
2528
3010
2639
4146
2204
5843
2224
3251
2651
2132
3227
2579
3833
2562
3148
3282
2265
3052
3170
2571
7770
2846
2628
1930
2103
1664
1863
3490
1867
2076
1946
3454
2948
1937
2556
1771
4381
2527
2225
2415
2560
2457
2593
5334
2516
2569
3715
4326
3924
4799
3297
4422
1645
2535
2919
2487
1962
2147
2498
1822
3426
2010
2176
3492
1488
3109
2593
4117
2588
2955
1815
1954
2144
2060
1824
3010
1634
2562
1784
11701
2249
1884
2718
2177
3220
2118
2461
2021
1878
3284
1656
1744
2205
1780
2483
2042
2259
6700
2169
1959
2223
3059
2019
5458
2056
2119
2232
2145
1712
1999
2755
1974
1570
2516
2092
2629
2989
1695
1959
1686
2048
1715
1563
1486
1531
1740
1856
1649
1474
1319
1570
1455
1709
1168
1593
1492
1396
1601
1395
1417
1352
1424
1595
1418
1560
1479
1385
1591
1637
1551
1669
1634
1356
1256
1310
1214
1702
1580
1648
1409
1540
1792
1460
1494
1696
1775
1887
1777
1918
1744
3298
1479
1478
1562
1311
1507
1307
1474
1365
1411
1635
1354
1404
1566
1591
1552
1613
1524
1532
1404
1987
1570
1384
1306
1341
1374
1542
1488
1225
1431
1258
2078
1490
1372
1509
1421
1500
1382
1409
1602
1367
1340
1693
1494
1417
1550
1375
1449
1355
1550
1206
1620
1503
1932
1678
1352
1626
1607
1259
1563
1419
1824
1768
1354
4122
1645
1668
1573
1635
4195
1638
1855
1418
2665
1850
1591
1528
1891
1848
1751
1631
1733
1499
1716
1701
1870
1421
1496
1845
1614
1492
1304
1532
1354
1162
1564
1320
1433
1326
1499
1405
1631
1435
1366
2847
1409
1372
2220
1566
1698
1344
1520
1296
1425
1331
1311
1365
1547
1251
1427
1201
1325
1354
1251
1414
1371
1658
1195
1377
1495
1725
1559
1477
1500
1250
1721
1231
1217
2003
1457
1485
7831
1159
1386
1475
1492
1329
1403
1497
1191
1399
1162
1276
1311
1327
1394
1387
1353
1411
1297
1322
1260
1572
1431
1238
1742
1489
1819
1598
1648
1475
1320
1591
1397
1513
1215
2060
1469
1254
2566
1428
1620
1425
1421
1545
1173
1448
1205
1260
1990
1187
1363
1596
1727
1405
1762
1452
1376
1549
2511
3086
1511
1297
1341
1359
1657
1379
1434
1295
1248
1570
1399
1472
1610
1329
1425
1274
1633
1228
1312
1387
1423
1480
1258
1340
1356
1285
1422
1345
1371
1255
1396
2715
1818
1555
1289
1479
1705
1332
1439
1182
1396
1215
1530
1314
1384
1271
1227
1417
1543
1327
1600
1329
1439
1300
2315
1224
1306
1254
1341
1456
2292
2153
1310
1359
1477
1344
1628
1424
1709
1549
1125
1497
1431
1405
1501
1545
1227
1192
1754
1314
1590
1886
1312
1405
1273
1366
1241
1887
1225
1564
1475
1293
1420
1404
2265
1327
1262
1274
1356
1351
1434
1519
1377
1310
1590
1333
1223
1177
1446
1203
1601
1627
1196
1310
1380
1343
1700
1291
1566
1385
1429
1215
1138
1374
1217
1471
1275
1414
1305
1280
1469
1401
1560
1334
1378
1368
1414
1689
1348
1297
1414
1250
1485
1433
1420
1194
2184
1224
1290
1193
1364
1463
1410
1408
1350
1246
1311
1242
1448
1520
1978
2148
1395
1231
2115
1415
1632
2156
1287
1237
1414
1329
1509
1453
1495
1539
1375
1374
1297
1244
1462
1270
1439
1275
1432
1323
1293
1355
1329
1294
1379
1656
1598
1173
1577
1480
1425
1691
1576
1428
1331
1508
1345
1479
1210
1522
1327
1431
1239
1226
1244
1278
1681
1335
1227
1489
1127
2176
1362
1523
1390
1366
1697
1365
1544
1342
1167
1293
1188
1395
1156
1436
1244
1275
1403
1388
1733
1177
1202
1383
1361
1724
1460
1349
1784
1407
1376
1299
1545
1418
1285
1315
1343
1447
1412
1586
1791
1447
1448
1488
1306
1568
1383
1297
1531
1326
1301
2425
1227
1454
1380
1221
1515
1185
1352
1271
1366
1208
1389
1401
1332
1339
1257
1328
1532
1421
2219
1621
1451
1175
1279
1240
1370
1403
1231
1369
1529
1273
1311
1363
1471
1232
1519
1356
1246
1548
1213
1367
1170
1486
1211
1319
1361
1257
2283
1397
1394
1372
1377
1278
1272
2340
1306
1248
1995
1156
1452
1106
1332
1243
1328
1541
1264
1309
1364
2183
1119
1359
1628
1304
1399
1222
1668
1156
1301
1404
1212
1457
1189
1369
1657
1343
1377
1299
1551
1241
1349
1537
1319
1529
1125
1204
2214
1592
1815
1555
1215
1651
1154
1512
1219
1549
1691
1394
1385
1130
1356
1288
1211
1482
1111
1419
1346
1269
1376
1254
1307
1346
1335
1381
1432
1294
1076
1434
1433
1103
