1391
1181
1282
1590
1216
1406
1156
1343
1171
941
1389
1221
964
1029
1253
1034
995
1263
1312
1248
1386
1099
1413
979
871
1303
1186
1470
1356
1209
1548
1297
1364
982
1092
1274
1008
1516
967
1188
2709
1011
1624
1329
1364
1100
1960
1119
1070
1195
1026
1327
1217
2606
1174
1092
1148
1099
1184
1084
1233
1246
1176
1363
1577
1395
896
1052
1785
1073
1165
1101
1403
984
1045
1369
1258
1090
1112
1078
1111
1177
1166
1198
1237
995
965
944
1036
1186
1146
1085
1223
1515
1257
1873
1253
1135
1213
1330
977
1044
1107
971
1252
894
1159
1154
927
1106
1346
1292
1135
1535
1485
1221
1259
1146
1200
1039
1194
1145
1201
1107
967
2594
1241
1329
1234
1008
1148
1031
1144
1185
987
1159
1333
1391
1002
1016
1030
1000
1245
1231
2973
1378
1475
1747
1262
1423
2679
1679
1213
1082
1188
1059
1043
2400
1007
1414
1345
1442
1096
1162
1024
974
1110
1152
1255
1133
1156
1011
951
1091
1175
1072
1044
1165
1287
985
989
1086
1093
1286
963
1151
1151
1360
1206
1052
1353
1179
2229
1281
1190
2014
916
1368
1298
1479
1302
1581
1343
1624
1166
1068
999
1386
1152
1073
939
1187
1327
1222
1306
1470
1304
1060
1504
1245
1108
1151
1299
1332
1159
1221
1126
1209
1312
1427
1402
1388
1141
1284
1125
1427
1323
1367
1156
1222
2025
2688
2361
2075
1871
2114
1712
1731
1679
1710
2109
1730
1773
2105
1738
2106
2027
2743
1971
2385
1710
1304
1526
1566
1731
1521
5196
1461
1191
1619
1708
1622
1513
1704
1880
1569
1824
1567
1954
1662
1557
1592
1427
3083
1876
1297
1738
2145
1774
1624
1626
1782
1619
1643
1787
1283
1381
1224
1694
1276
1576
1606
1225
1405
1497
1420
1301
1619
1330
1395
1805
1449
1522
1823
1630
1474
1353
1493
1424
1389
1610
1305
1906
1258
1726
1252
1758
1591
1435
1567
1359
1469
1421
1541
1566
1069
1532
1139
1106
1391
1431
1112
1376
1291
1479
1252
1636
1178
1294
1227
1900
1334
1171
1170
1061
1202
1260
1112
1303
1219
1179
1021
1295
1117
1140
999
1183
980
1103
1030
1197
951
976
1131
1095
1076
1083
1155
1552
1105
2147
1132
1313
1154
1130
2664
1120
1098
875
1079
1198
1080
1297
1000
1216
1075
973
1155
1403
1308
1202
975
1428
1236
1434
1113
974
1169
961
1264
979
1138
1167
989
1232
925
1276
1116
910
1009
1036
1162
917
1009
965
976
1065
1125
1226
1140
1065
1359
1131
1428
1166
1492
1423
1244
1429
1270
1255
964
989
1024
1010
1424
1458
1166
994
2355
1088
1163
1226
961
1114
1258
1007
1102
1249
1367
944
1104
1226
1224
1223
906
1115
1111
1246
1110
1301
1344
963
1145
1271
1130
1069
1251
875
1341
2273
1224
1144
1489
976
1368
1300
1109
1172
939
1048
1090
1166
1200
1232
985
968
953
1284
1190
1506
1497
1107
1481
1379
1181
1293
1397
1132
1223
1179
1065
1230
1217
1007
1453
1166
1231
958
1041
1234
959
1457
1285
1213
1215
1369
2375
2972
1814
1672
1351
1693
1539
1274
1545
1268
1098
1109
1412
1523
1532
1438
1501
1263
1244
1463
1648
1320
1474
1151
1143
1150
1279
1061
1232
1174
1297
1433
1298
1241
1009
1219
1334
1078
1313
1010
1179
1115
1140
1145
1012
1119
917
1553
1169
1281
1093
1206
1069
1057
1453
1052
1087
989
1027
1213
1021
1111
1070
1134
1124
1232
1297
1103
1312
1182
994
3243
1095
1301
1154
1290
1101
965
1115
1078
1182
1006
1303
969
1113
1115
1136
1222
1133
1266
938
1573
1309
1157
1220
1098
1015
1251
1128
1127
1096
1188
1013
946
1560
1271
1542
1073
1237
1275
1005
1541
1407
1248
1286
1293
1007
987
1113
938
1088
1216
1008
1221
1178
1150
1046
1360
1134
1053
1113
1097
1396
1006
1029
1195
1057
1240
889
975
996
1056
1287
1085
1140
983
1038
972
956
1361
1224
1096
974
1233
1249
1050
1137
1177
1600
3299
1291
1597
1291
1403
957
1231
879
1142
1145
993
1123
1103
1067
1050
1192
1189
1096
1230
1093
1090
1263
916
1204
937
1198
1090
1237
976
1190
1202
1146
998
1089
1456
1431
1369
1385
1257
1140
1079
1189
1429
1117
1364
1032
1284
998
1159
1131
999
1251
953
1033
1096
1014
1048
1040
1240
1317
1144
1332
1036
1296
1027
1135
1091
1032
1170
1142
1111
1147
1308
1110
1183
1228
964
1189
1306
1181
992
1148
1397
1047
976
1044
1197
1156
949
1225
940
1308
1020
1155
1173
1178
1270
1435
1159
1025
905
1192
1080
1289
988
1260
1132
1284
1165
1236
1324
909
890
1040
1080
1181
1010
1109
1097
1271
1137
1070
1462
1200
1075
869
967
1206
1161
1180
1039
1127
1006
1158
1342
1267
1027
1151
1120
1040
1054
1205
1145
1340
1401
945
1073
995
1207
1076
1244
1005
974
1164
946
1144
1139
1055
936
1029
1281
1021
1057
1070
1022
1141
1070
1185
1179
1116
1034
1199
1137
942
1535
1184
1013
1145
1311
1076
1250
1202
985
1045
1150
1024
1149
1248
1162
1022
1060
1198
1091
1076
1007
1030
1418
1191
1287
993
963
1192
1047
1178
1006
1202
1173
956
1028
985
927
1251
1070
996
1087
1097
1040
1066
1370
1089
1114
1013
1083
1421
1122
1320
1012
1115
1219
924
1166
1118
926
995
1042
1203
855
1178
1388
1118
1064
1061
1167
7279
1125
1451
1208
1459
1016
1225
1254
1020
1101
1091
1032
959
1128
1098
1027
1289
1146
1176
1287
1001
1289
1111
1005
1142
1039
1270
1285
1294
940
1100
940
1176
1011
1154
1039
1013
1060
1086
959
1170
1107
866
925
1003
1252
1008
1531
1077
1320
1437
991
1228
1007
1128
1352
1154
1186
962
2347
1757
975
1076
996
964
1014
893
1316
1485
933
1130
