1667
1398
1428
1615
891
1608
1253
1168
1240
1034
1229
998
1262
2196
924
1037
1123
1072
1203
1104
1229
1157
1126
1184
993
1067
1039
1187
1044
1372
1195
945
1767
1127
1116
1206
1073
990
864
1130
1043
974
1074
1118
1216
1065
1250
1179
6974
1031
1141
1207
1231
947
977
1127
1117
1002
1272
1030
975
1123
894
1114
965
1437
1030
1110
1021
1094
1188
1180
1214
1177
1020
1109
1115
1028
1117
962
1095
972
1331
993
1143
1444
1031
1243
1066
1071
1217
1217
1166
936
1426
1500
1255
1520
1268
1212
1250
1086
1165
1137
2102
2090
1066
1304
1684
1343
1093
1203
1034
1010
1190
1271
1206
969
1206
1137
954
1085
1305
1033
1147
1045
1058
1158
1361
1045
1051
1319
998
1055
1026
1074
1129
880
1346
1058
951
1302
960
1206
1384
1092
952
1039
1136
873
1264
994
1020
1175
887
954
966
954
1003
992
1200
933
977
871
1068
1221
1123
951
1139
958
974
1042
1086
1154
1140
1109
1041
1331
930
1249
1165
1233
1110
1092
1046
899
1372
901
1028
1200
977
1715
1098
943
1309
1059
1648
984
1146
1094
991
1297
1071
1190
1219
1090
1174
1096
948
974
1052
1048
1001
1532
1015
1193
1313
1034
1188
1137
1322
868
1030
1113
1007
1310
1145
1061
1076
916
1143
916
1105
929
900
1169
1006
1248
1096
1376
1105
1068
1033
1101
1245
943
914
1225
1023
1119
909
1272
1339
932
1024
1216
996
1071
1110
1406
943
1033
1119
967
1153
1165
1038
1137
887
1855
1177
995
932
1129
1161
1625
1525
1465
1151
980
1091
979
866
1175
978
1270
1022
1058
1139
1137
1010
1075
1257
971
992
1390
1051
1105
1231
1108
1142
1260
1292
972
1007
2254
1015
1107
1108
1255
1809
1037
1240
1036
1221
1103
1007
976
1059
1146
964
1009
1231
913
1212
980
1148
1051
981
1090
1078
987
1012
1199
1218
1100
1345
922
873
1239
969
1119
913
1012
999
1122
1114
952
1059
1268
1047
1117
1236
1232
896
925
915
1057
1247
1070
1176
929
1293
1077
918
1155
974
1249
1086
1141
1196
998
1241
1207
1083
1161
1292
1549
1270
1382
1247
1114
1097
1135
1124
1113
1174
1248
1251
1124
978
1163
1230
1102
1218
1150
1053
1164
965
1081
1030
1023
1057
950
1250
995
1336
984
1177
1105
1210
1784
971
958
1123
1087
1076
1061
963
1183
1356
1410
1220
1103
981
1190
1214
1172
1522
1299
992
1473
1115
1034
992
1261
1055
1031
1069
974
2545
990
1040
1219
1150
1188
909
899
1066
1077
1072
1269
1086
1166
919
1324
946
1219
1073
993
1124
1095
1224
1037
1286
970
1110
1093
997
1263
946
914
1107
923
1068
1002
1195
1040
1104
1216
968
1246
1311
1171
1131
999
964
1044
1042
1000
1094
1171
973
1019
897
1283
1069
998
1141
973
974
1088
1089
1023
1193
1267
1057
1116
992
1330
1081
984
1078
1028
1306
1349
1066
1025
1005
1282
1267
999
1202
1123
1547
980
1131
933
948
1111
1200
1053
1208
1255
1007
968
1265
1093
1272
1000
1204
1299
1211
1129
1024
1162
896
1087
1283
947
1287
1328
1439
1179
1176
1181
936
1262
952
1238
1183
1208
1261
1161
1434
1052
1029
948
1031
1260
1526
1441
1371
1293
1149
1162
1439
981
1001
984
1213
913
911
1308
1005
1167
912
2468
1158
1153
1287
1155
1129
1110
1047
933
1158
1085
952
1076
1096
1120
1161
1017
1430
955
1279
1114
1019
1184
1238
1042
1112
1177
1249
985
1245
937
1201
1095
1218
980
929
1257
1196
1337
1020
1087
973
1218
1154
981
1177
965
1232
1040
1157
1325
1061
1188
1007
1170
916
1053
1096
988
1112
1787
1182
1148
924
1104
1648
1248
988
1018
1295
1141
980
1168
1306
1140
1125
974
1069
2197
1310
1072
1269
1016
1008
1016
1343
1418
1392
1173
1002
1220
1118
1186
1315
1232
1128
1163
1393
1141
2032
897
1036
1160
1193
1402
1187
1450
1209
1155
1053
915
1156
989
1340
927
1052
986
1027
1020
1045
1223
983
936
1328
950
1226
1376
1092
889
1039
1020
1090
1280
1134
1127
1202
997
991
1097
1242
1103
1241
1281
1069
1180
1024
1028
1150
1208
1269
1012
952
1003
1042
1106
1025
1253
1032
1178
1000
1169
1140
950
1206
898
1147
1048
1150
1263
1181
1274
1055
1052
953
975
1322
1205
1027
1114
1302
1109
999
1207
936
1202
919
1261
1399
1056
1186
1314
1293
1024
1081
991
1104
1198
1105
1341
1004
1191
1134
1225
1195
1027
1047
1050
962
1054
1197
1211
874
1091
1129
956
1305
1355
1414
1397
991
1411
964
1213
1082
1291
1180
960
1169
1166
1363
960
1065
1205
910
992
1162
1124
1149
1218
1113
1130
1165
1131
1253
1012
904
1261
959
1241
1058
1168
901
886
1023
992
1249
996
1109
961
1133
1076
1123
1193
919
1278
1110
1134
1274
1040
1058
988
1207
1112
1036
1139
951
1025
1127
920
1084
961
1109
1123
1207
1092
1069
1207
1054
1137
1002
962
1073
1047
961
1155
987
1250
1022
1078
1008
959
1058
975
1141
1066
1036
1243
1033
991
918
1164
1078
953
1066
897
934
1228
1193
1305
985
1333
1010
1102
1231
1245
1118
1213
1206
1107
1045
1069
1095
1031
1054
1038
1230
1191
1220
1077
1079
1241
1091
1155
926
1174
1158
971
1059
1097
1164
1008
941
1142
993
1106
999
964
1099
924
1182
968
1175
967
944
1000
1124
1405
997
1228
1297
964
1480
1137
1290
1167
1114
1280
1130
1331
1317
1082
2273
1115
1361
1262
1298
1294
1005
1126
1194
1329
1144
1021
1185
1040
1306
1078
1128
1319
1038
1249
1097
1140
1141
875
1091
904
1899
962
1167
1141
1048
1391
