1552
1527
1211
1187
1468
1081
1154
1146
1226
1074
1090
1103
1212
1342
1201
1688
970
1291
1307
1112
1385
1026
1280
1751
1021
1251
1435
1132
1179
982
1460
1307
1333
1224
1300
1600
1454
3453
1272
1500
1038
1348
1098
1174
1378
1039
1082
1462
1324
1259
1093
1138
1262
1517
1137
1253
1833
1036
1200
1557
1122
1181
1002
1337
1917
1134
1390
1079
1194
987
1233
1069
1094
1191
1281
1471
1989
1255
1888
1415
1531
1191
1354
1644
1524
1154
1170
1322
1440
1295
1587
1350
2335
1555
1920
2941
1684
2791
1542
1746
1847
1843
2397
2340
1435
1148
1520
1239
1120
1435
1498
1680
1508
1631
3914
1512
1837
1775
1548
1976
1513
1664
2000
1979
2124
1746
1727
1911
2181
1877
1876
1731
1446
1587
1753
2010
1596
1685
1466
1615
1411
1325
1432
1577
1438
1917
1777
2894
2936
2850
1537
2784
1280
1327
1709
1314
1410
1623
1451
1737
1587
1498
1632
1512
1558
1263
1443
1579
1365
1762
1629
1625
1368
1515
1865
1711
1641
1534
2028
1681
1834
1679
1299
2320
1397
1780
1712
1666
2419
1255
1656
2198
1756
1776
2254
2146
1670
2302
6641
9535
6900
5311
2207
1835
2357
3060
5916
3164
7146
3982
10531
2570
3278
3049
9102
3719
3821
2253
2259
2548
3601
2265
1818
2072
2978
2022
1878
2254
1407
4138
1982
1751
1926
1655
1863
1563
1570
1557
1764
1482
1838
5201
1688
2182
1445
1532
1668
1507
1396
2084
1610
1554
1520
1453
1904
2088
1651
1696
1565
1438
1896
1102
1308
1593
1611
1688
2433
1473
1792
1580
1733
1622
1399
1667
1574
1494
1426
2092
1232
1342
1611
1279
1487
2021
1448
1609
1545
1458
1638
1393
1678
2609
1534
1551
2150
1456
1558
2183
1529
1846
3050
1436
2081
2052
1367
1424
2419
1360
1551
2563
1310
2013
1298
1649
1934
1246
1552
1513
1688
1294
1312
1478
1487
1818
1216
1249
1404
1531
1692
2315
2695
2827
2339
2584
2528
1609
1638
1770
1697
1656
7318
3821
1833
2088
1463
1996
5520
1642
1708
1873
1851
1518
2128
1688
2740
2943
1874
1892
2344
2967
1942
1837
2048
1841
2121
1715
1888
1607
1501
1450
1288
1404
1615
1552
1451
1706
1944
1565
1724
1441
1315
1767
1770
2642
1480
1781
2227
2019
5775
1411
1746
1646
1510
2167
1201
1813
1342
1304
2002
1269
1675
1693
2210
2515
1534
3371
1829
2068
1569
1269
1464
1745
1800
1603
1837
2437
1209
1722
1882
1454
1574
1880
1502
2335
1986
1254
2218
2155
1496
2232
1981
3198
2476
1776
2186
1893
2305
12327
6180
2554
8589
2454
3144
2709
2186
4465
2641
4150
2335
1731
1842
2338
1796
2258
1787
1621
1478
2498
1653
1627
1707
1956
1422
1430
1241
1533
1435
1611
1473
1111
2020
1822
1691
1593
1834
1911
1519
1809
1918
1748
1687
1504
1443
1605
2439
2458
4703
2076
2069
1872
2251
2972
1356
4930
1651
1295
2398
1786
1418
1733
2023
1668
1543
1683
1331
2435
1399
1408
2710
1367
2255
1597
1542
1717
3841
2117
2035
2551
1657
2064
1400
1770
1695
2383
2216
2725
6834
2043
1784
1881
2249
1581
1877
2675
2305
3196
2613
2562
3615
2408
1956
1708
1592
1795
1505
1334
1128
1874
1819
1295
2658
1583
2021
1411
1157
1844
1305
1652
1672
1643
1464
1460
1337
2336
1510
1630
1503
1818
1354
3615
2007
2044
2567
2648
1927
1901
1393
1249
1670
1468
1125
3193
1480
1621
2076
2059
1757
1560
1369
1289
1717
5213
2944
1949
2919
3598
1816
1860
3803
4544
1702
20067
1806
2422
16060
2246
21491
9773
2005
6572
1841
2123
3894
1272
1549
2008
1616
1636
1449
1955
1601
1452
2055
1765
2448
6176
5203
2104
6145
6645
1916
6263
3133
2103
1753
2017
1658
2233
1892
2190
1914
2232
1954
2189
1646
2171
1703
1910
2192
1967
1619
1781
2924
1919
3064
2884
1911
1837
2134
2058
2590
2189
2056
4742
1959
1572
1900
1404
1736
2112
1800
1547
2049
1552
2450
2703
1305
2104
2486
1691
2171
2208
1666
2044
2044
1335
2100
1595
6282
1773
1684
1541
1858
1535
1672
2345
1691
1950
3922
1618
1889
2358
1486
2183
2453
1712
2114
2453
2105
5775
2063
2056
1853
4538
1926
1956
2089
2988
7422
3069
3446
2126
1951
1770
1887
2148
2066
2211
2244
2217
2223
2323
1794
1637
1511
1743
2696
1732
1942
2005
1400
1765
1987
1700
1796
2469
1681
1969
1812
1617
1937
2296
1618
1919
1734
1810
3689
3861
2136
2772
2978
2213
15957
2223
1902
1992
2171
30918
21029
1645
2055
1814
7401
1864
2425
1797
5846
2926
2674
2666
5614
2928
1729
7454
3797
1839
2583
2425
2118
3529
1726
1529
2087
2097
1668
1463
1908
1796
2001
1779
1827
1975
2156
1734
1422
1784
1569
1631
1816
1658
1603
1694
1664
2516
2319
1777
1932
1784
2054
1651
1827
1720
1656
2163
1632
1523
1513
1601
1607
1765
1909
1657
1692
1970
1735
1746
1577
1787
1641
2121
2172
1790
1691
13104
3167
1876
1649
26579
4440
1833
1754
3667
1682
3706
6621
3189
1868
1473
1457
1448
1325
1436
2337
1203
1498
1569
1415
1122
1183
1409
1588
2302
1913
1887
2872
1707
1640
2242
1470
1728
2266
2983
10134
1775
1390
1979
1702
1621
1613
1497
1545
2095
2427
2271
2549
1697
2241
1737
3704
1790
3635
2715
5165
6332
3035
1978
4715
3336
4642
2074
2613
2163
1793
1845
2353
1819
1562
1934
1898
2002
1735
2113
2031
1526
2041
1342
1779
2309
2047
3387
1320
1698
1961
1836
2027
4979
2209
1823
1731
1885
2168
1863
1404
2604
2159
1594
1748
5094
3785
1932
1521
1690
1220
1862
1682
1778
1663
1395
1915
1153
12760
2722
1562
1466
1495
1889
1516
1520
1484
1666
1597
1427
1628
1870
1449
1880
2434
4389
1768
1861
1913
3852
3867
3622
1921
2154
1503
1762
4782
3493
2150
1638
1771
1900
1585
2068
1733
1801
1380
1533
