1162
1103
1201
1152
1088
1181
1057
1335
1017
1309
1345
1428
1288
1075
1670
1271
1283
1398
1199
1353
1065
1214
1114
1320
2367
1198
1317
996
1256
1136
1037
1108
1154
1119
1167
1150
1156
1251
1155
1188
1377
1081
1306
1249
1134
1272
1105
1047
1381
1320
1160
1083
1548
1052
1046
1104
1051
1171
1045
1085
1450
1027
996
953
995
1090
935
1079
1029
1357
1166
1171
1493
973
1318
1031
1058
1264
1221
1168
928
1053
1275
1087
1223
1233
1094
1134
945
1065
1114
1299
1085
1209
1177
1149
3243
1330
1115
1092
1245
1200
1001
1292
1054
1432
1305
1116
1078
1041
1276
1134
1257
1162
1085
1250
1210
1240
1391
1140
1308
1491
1414
1095
1767
1688
1312
1507
1242
1485
1536
1452
2112
1490
1242
1652
1649
1529
1183
1397
1416
1687
2361
1569
1275
1203
1284
3012
1246
1409
1074
1056
1241
1036
1267
1064
1212
1250
1261
1490
1367
1513
1142
1324
1266
1118
1092
1364
1349
967
1166
1003
1107
1191
990
1203
1014
1080
1103
1131
1225
1089
977
1345
1151
1494
870
1147
1333
1185
1098
1116
1070
1119
1389
1197
1016
1329
1103
1030
1064
975
1240
1013
1005
1113
1642
1378
1349
1064
1471
1153
1310
1296
1287
971
1331
1296
1020
1082
1198
1187
1081
966
1058
1134
1535
1042
1024
1165
1097
958
1201
1225
1191
1080
1183
967
1089
1152
1010
1119
1118
1288
1043
1157
1070
940
1036
1014
1225
1218
1062
1252
1173
928
1249
1076
1158
1267
1228
985
1098
1087
999
1228
1111
1062
999
945
1245
1140
2336
989
1024
1376
921
1166
1067
1073
1229
911
1160
1128
1226
1517
954
1161
963
1170
1166
1221
1342
1241
1192
1153
1261
1256
1147
1401
1192
1196
1350
1001
1627
954
1747
1219
1108
1161
1002
1195
1088
1196
1146
1096
997
1017
1155
983
1178
863
1109
1259
962
1211
1225
970
936
1161
1491
1381
1321
1045
1206
1177
1076
1529
1161
1232
994
1334
1029
1308
1131
953
1243
1136
925
1295
2169
1358
1217
1078
1030
1150
2576
1463
1416
1047
1389
1058
1258
1322
1063
1279
1149
1048
1064
1014
1216
991
1046
878
1068
1005
1044
1081
1106
1277
2169
1253
1249
901
1202
995
1173
980
1388
986
943
5186
1073
1232
1073
1299
1052
1053
1382
1107
1322
1084
1074
1291
990
1449
1072
1110
895
914
1182
1035
1184
955
1140
1132
1160
1359
1089
1140
1046
1180
1395
1209
1582
1107
1158
1037
1356
916
990
1079
1082
1319
920
1252
1158
946
1172
1117
1248
1068
1419
1189
1017
1215
1116
2948
1163
2594
1173
1325
1173
1116
2635
1220
1280
1228
1040
1117
1077
1159
1072
975
1307
1186
1297
1069
1150
1011
1058
1187
1048
1217
1174
1200
913
1200
1187
1078
1069
1115
1160
1040
1168
1216
1152
1160
970
958
1230
1136
961
1134
1235
1210
1151
1108
994
1176
1123
1112
1068
1168
1309
1011
1270
1029
1163
970
1113
1299
1310
1293
945
1091
1152
1124
1052
1130
1409
1130
1195
1226
1109
1265
1309
1320
897
1054
1875
1104
1366
893
1245
1176
1164
1194
944
1437
1165
1311
2266
1119
1932
1254
1278
1234
1301
1227
1054
1382
965
1475
1108
1022
2217
1276
1218
1167
1932
1126
956
1008
1288
1354
983
969
1101
1405
2905
1251
1421
1238
1109
1311
1160
1248
1086
1185
1019
1376
1222
1159
1154
1271
1455
1161
1454
1072
1420
1261
961
1315
1039
1163
1192
1151
1166
1142
1091
1076
1309
1343
926
1320
1264
1061
1081
1055
1239
1094
1106
967
1019
1067
958
1051
1272
1538
1375
1420
1395
1015
1077
1082
1135
1080
935
1360
1407
1260
1126
1154
930
1157
1133
1102
1157
1067
1078
1097
904
1127
1191
1074
1185
916
1282
1079
1114
1062
1361
1277
1072
1338
1112
1099
1126
1221
1140
1258
1162
1149
1264
1053
961
1240
1003
1424
1136
1023
1100
1162
1457
978
1086
1439
1029
1322
1094
1189
1024
1180
1098
1138
1206
942
1048
1339
1213
1368
954
1008
1416
891
1096
1077
1022
955
1163
1431
947
1036
1052
938
1206
971
1296
1060
1417
1254
1799
1013
982
1111
1232
1058
1287
952
1329
1166
885
1217
937
1180
1078
1174
1167
1039
1236
1238
1749
1050
958
1177
1217
1146
990
1139
1135
1129
1190
1131
1197
1267
1142
1052
1051
1194
1064
1188
931
1075
1160
997
1234
1012
959
1128
955
1219
1218
1197
1232
1160
1263
1076
980
1008
1029
1173
1094
1142
955
1150
1090
961
1179
1101
1308
1223
1038
1455
1225
1274
937
1081
1260
953
1153
1043
1166
914
970
1272
1132
1343
943
967
1176
1086
1224
1108
986
1384
1062
1210
982
1179
1217
994
1143
992
1310
974
1058
988
1038
1711
1198
1401
1300
1651
997
1193
1393
945
1236
1247
1487
1058
1224
1115
1063
1246
1009
1039
1228
1328
1207
1170
1177
1373
1046
1154
1097
1130
964
1200
1275
1292
1363
1048
1385
1131
961
2176
1220
1029
1584
1014
1307
1311
1291
1101
1247
1187
959
1170
1132
1008
1234
1076
1351
1220
1420
1136
1033
1110
1016
1307
968
1297
1033
1043
1218
1117
1152
1095
1039
1445
1034
1107
997
1108
1026
918
1238
1095
1428
1192
1070
1235
1061
1462
1087
1425
1241
1187
1268
1130
1307
1249
1304
1001
1106
1937
1131
1339
1121
1253
1209
988
1133
1099
1172
1264
1448
1363
1200
1886
1147
1596
1443
1131
1561
1174
1125
1016
1219
1106
1047
1223
1260
1180
1141
953
1406
1202
1218
1118
904
1182
1190
1041
1093
1042
1064
951
1222
995
1106
1172
923
1191
1158
1267
1235
971
1263
991
1170
1136
1119
1056
1209
1166
902
1024
945
940
1417
958
1046
1441
1168
1245
1205
1391
980
1139
947
1055
1278
1094
1306
1081
924
1188
