1862
1251
1080
1366
1486
1088
997
1690
1168
1239
1074
1050
1075
1132
994
1157
1013
1125
1113
1055
929
2107
1377
1052
1260
1171
1499
1121
1167
1325
1493
1237
1177
1300
1156
1106
1189
944
1087
1226
1066
1034
1024
1077
1254
1069
1334
1346
1068
1086
1031
1218
1140
1247
1181
1231
1177
919
1163
952
1247
1503
1291
1270
1285
1065
1355
1390
1290
1647
1076
1379
1330
1446
1525
1189
1026
1183
1177
1082
1313
1126
1144
1278
1071
1175
977
1095
1066
1155
1160
1178
1051
1152
1309
1335
1310
1466
1971
1380
1127
1111
1049
1113
1163
1022
1142
1172
1087
1170
1092
1255
989
1175
1341
1122
1294
963
1294
1344
1100
1227
1119
1096
1127
1036
1270
1135
1246
987
1970
10880
2136
1839
1423
1279
1037
1213
1250
1106
2269
1368
1233
1431
1163
1329
1233
1195
977
1064
1418
1031
1192
918
1027
1051
1049
1140
1109
1224
1115
1059
1403
932
1388
936
1081
1171
953
1320
1056
1290
1125
936
1240
1026
1472
1255
1268
1399
1056
1044
1136
2117
1007
1021
1042
1090
1478
1285
1026
995
2151
9924
11282
3099
1361
1161
1831
1146
1297
1132
1261
1157
1241
1190
1285
1164
1199
1025
1008
1047
1160
1066
1076
1123
1556
1370
1042
2542
1530
1306
984
1294
1343
2303
1335
1170
1121
1312
1033
1175
924
1139
1279
1078
1153
1081
1120
977
961
1353
1139
1247
1308
1082
1033
1049
1034
1085
1246
877
1414
11813
3309
1349
1684
1493
1081
1046
1276
1071
1113
1008
1277
1210
1204
1359
1681
1348
975
1002
1158
1254
1038
1021
1121
1461
1126
1231
893
1237
1041
1667
1090
952
1271
1024
1099
962
939
1096
1019
1220
1064
1007
1126
1012
1104
1084
1197
1058
1060
1352
1020
1275
1133
1295
1162
1066
1705
1063
1155
1002
937
1333
1122
1219
1167
1309
1309
1180
1471
1095
978
1622
1278
1297
983
1142
1236
1529
1224
917
1153
987
1031
1097
983
1168
1111
996
1099
1028
1393
1211
1120
1098
1123
1261
1134
1261
1126
1006
1107
1066
972
916
1328
1026
1046
1093
1164
1140
1380
1012
1067
994
984
1194
1246
1100
942
1245
1121
1184
1166
1054
1267
927
1157
1244
1248
1223
1003
1211
1168
1132
1000
962
1089
1066
1115
1052
971
1107
1231
1186
1151
1027
1071
909
1192
1159
1235
1037
991
1117
1003
1130
1050
1153
2456
1030
1328
1249
1183
1015
1305
1175
998
1152
985
1098
1262
1024
1119
1170
990
1208
953
1243
1014
1159
957
1002
1232
1015
1199
1130
1147
1239
1258
1176
960
1100
1126
1145
1261
1154
1115
1012
1324
1194
954
1136
1219
948
1172
1249
7331
1309
1136
1017
1435
1259
1083
1381
999
1089
988
1237
986
1191
1511
985
1060
1382
1005
1111
1149
1002
1041
934
1270
1157
994
1211
1101
1286
1014
1259
1307
900
1479
1093
1224
1165
878
1193
1205
2797
1124
1134
1196
1040
1231
951
1226
1025
1144
1404
1204
1318
1088
1215
1115
996
1157
1237
1248
977
1102
1308
1261
1331
1080
948
1098
1142
1142
1070
1291
1062
857
1274
1012
1029
1021
1050
1193
1108
1314
1124
1086
1327
1288
1144
1138
1217
928
1245
898
980
1333
1062
1004
1062
1114
1360
1125
1022
1052
1032
1459
1026
1225
1045
1517
2326
1381
1204
1324
1202
1199
993
1175
1138
1156
1038
1303
1374
1339
1133
1362
1170
1450
1101
1326
947
1232
1218
1126
1133
1017
1168
1040
861
1004
1150
1364
1321
1317
1233
1090
1314
1334
1469
1230
1184
1214
1046
1389
927
1057
1021
973
1167
1122
1254
957
1287
1140
977
1272
1129
1144
1331
1136
1107
1008
992
1315
1089
1218
1278
1317
1290
1192
1443
1302
1291
1046
1326
985
1263
1259
951
1191
1079
1079
1056
1096
1137
1080
1063
1150
1149
1474
1148
1298
1250
1320
1632
1180
1217
1158
1224
1133
1082
1088
1257
1346
1317
1149
994
1015
1043
1001
1088
1040
1098
1024
963
1000
1084
1133
1042
964
1011
981
1118
1136
1178
1048
1227
1011
862
1177
1046
1144
1064
964
1072
1144
1367
986
1099
1185
1134
1270
1032
1295
1248
938
1479
1179
1349
920
1213
1041
1327
1295
942
1220
1188
1201
1135
931
1298
1145
1210
1121
1063
1253
1090
1256
1198
910
983
884
1033
1176
1326
1102
1348
1154
1231
1178
1228
1302
1068
1362
1183
1180
1095
1005
1193
1123
1290
1003
908
1021
1162
1241
1002
1286
1276
1086
1435
1308
3084
1097
1143
1153
1245
1188
921
1007
1724
1049
1352
1024
1436
1353
2380
1066
1456
1390
933
1123
1117
1306
1036
892
1242
983
1239
1106
1723
1065
1006
1112
1107
1381
1332
1246
1454
1150
1305
1493
1058
1224
1320
1019
1022
1786
1294
1132
1199
1165
1275
1470
1320
982
1183
1086
1292
1185
1295
1093
980
1196
1435
1087
1041
989
1157
1047
1110
1223
1102
1284
1267
1187
1215
995
1077
1425
1089
957
1343
1180
1019
1315
873
1265
1086
978
1152
1082
1072
1143
1147
1177
1030
1042
1181
1349
1349
993
1373
1098
1361
920
1350
1166
1129
1361
924
1086
1044
1303
1083
1635
1038
1007
1219
1136
1326
976
1065
1059
1251
1424
1126
1456
1040
1047
1507
1332
1188
1204
1103
1281
968
1330
1182
1254
1086
1198
1389
997
1317
1094
1235
925
1291
1391
1137
1244
1423
1158
1287
1263
1139
1408
1729
1251
1167
1259
1090
1243
1370
1244
982
1339
1266
1224
1493
1000
1103
1385
1076
1322
1072
1051
1212
1462
1270
1215
1168
1170
1332
1056
1051
1165
1052
1316
934
1206
1352
909
1313
937
1411
1426
1266
1019
1010
1227
1094
1351
1142
1003
984
1113
1268
1158
1371
1196
1042
1169
1256
1260
1130
1077
1222
983
1268
1023
1200
1089
1125
1189
999
1165
953
1180
1298
