1300
1322
1022
1178
1195
1337
1136
1445
1444
1018
1666
1427
1022
1373
1085
1235
1342
1074
1039
1275
1204
1233
1173
1032
1207
1056
850
1025
1135
1177
1198
1276
1431
976
1290
1059
1252
1113
1167
1256
1141
1422
1135
1598
1085
1057
1128
1007
1235
1238
1413
1263
1231
1238
1212
1210
1077
1155
1011
975
1149
1096
1092
1019
1164
1222
1001
1166
2343
1586
1296
1314
1043
1179
1284
1157
1196
961
1269
988
1314
1068
1228
2453
970
1270
1061
1269
1112
1085
1610
1131
1291
1023
1344
1276
1423
1311
1061
1248
1653
894
1107
1246
1168
1030
1396
1092
1112
987
968
1154
1019
1056
1018
1004
1183
841
2106
1142
1000
1051
1131
1087
1047
1067
999
1063
1149
1034
1001
1081
1190
1088
966
1201
983
1380
1219
1316
1293
1231
1013
1138
1279
1399
1161
967
1171
1239
1061
1193
1284
1132
1092
1079
1105
2542
1272
933
1170
1425
1091
1052
1111
1219
1236
1261
1517
1188
1385
1629
1216
1218
1186
1014
1060
1084
1131
1051
1089
930
1374
967
1055
1121
1313
1198
970
1033
963
1258
1023
1145
1242
1197
1526
985
1050
1285
1049
1201
1077
1206
1181
1152
1277
1067
1257
898
932
915
871
1053
1064
1129
1080
1303
1106
888
1111
999
1240
1086
1432
986
944
1206
1272
1015
1047
1346
1165
1024
1184
1007
1331
971
1143
1149
883
1061
815
1010
931
951
1113
1120
1020
1151
1251
1086
1401
1197
1134
1296
875
931
1208
1193
1108
1001
1052
1175
1313
1151
1102
1324
1125
1310
1153
933
1937
937
1339
1090
1283
1113
1124
1217
942
1016
1238
1084
972
1086
1295
1089
1319
1065
912
1002
1134
1365
1151
1077
937
921
1193
945
1157
1015
1121
1081
1173
1103
1360
1841
952
1011
1397
971
1138
1003
983
1187
1072
1196
947
988
1152
1032
1560
1083
1064
1112
1140
1180
1120
1295
1046
1250
1229
1295
1228
1089
1034
1071
1073
1030
947
1366
944
1065
1486
949
1112
903
1183
1170
1032
1358
1308
1138
983
1118
1314
928
1282
862
992
1195
958
1285
1385
1009
903
955
1140
1067
1043
939
1062
1074
1045
1031
936
952
1408
1019
1319
1081
943
1081
1013
1200
1035
888
1177
1059
1210
1154
1169
1285
1143
1045
1007
1405
1126
1205
1179
1235
1184
1201
1156
952
1085
1052
1058
1090
1189
1062
1024
925
1151
1069
1203
1176
1235
1123
1068
1202
1055
1189
922
1015
1119
983
1216
1030
6455
1219
1237
1055
1060
1126
1000
956
1366
1409
1347
1184
1085
1009
995
1027
950
1222
1000
892
1158
1138
1126
1118
1359
1472
1059
1590
1235
1367
1190
2549
1297
1759
1131
1123
1127
992
1024
1025
1148
1204
903
993
1402
1175
1040
1005
1142
876
991
1225
1059
1341
1627
1450
1116
1176
1253
1018
1854
1133
1203
1386
1041
1097
993
1116
1302
1182
963
1047
1156
1140
1177
1234
1184
1165
977
1164
930
1482
1442
1193
1295
1239
991
1183
1140
1206
1077
988
1251
1175
1071
1061
1097
987
972
1401
1142
1461
1079
1283
1236
1096
1264
1814
1253
1128
1056
1175
904
1254
1164
1022
1398
1198
1138
1047
1259
1360
1132
1004
1150
1316
1609
1146
975
1019
1149
961
1156
966
1138
1389
913
2327
1177
1545
1122
1561
1465
1004
1227
996
977
971
946
1130
954
1078
1164
1015
1288
1262
1239
1168
1167
1377
933
1153
962
1214
1002
937
1087
1084
965
989
852
1235
903
1143
1059
1309
1113
1232
1063
1005
1112
1029
1059
1190
996
1199
1067
1066
1236
1059
1149
905
1356
1079
1107
1414
977
1034
989
1019
1217
1118
1173
1010
1351
1145
928
1148
1115
1072
1178
871
1105
950
1161
1136
1424
1170
1186
1305
961
1099
1098
1101
1267
996
970
1024
921
1312
1066
1244
1221
1001
1031
982
1314
993
995
1098
1090
1236
1224
1399
990
909
998
1170
1160
1086
1200
1205
1100
1464
1202
972
928
924
1219
924
1269
1124
1204
1049
887
988
1087
1235
1023
1033
998
1200
1178
1138
1208
1009
1007
972
1069
1260
995
1002
1101
1071
1024
1112
2168
1437
973
1206
1070
1234
1123
910
1113
1139
1135
1206
1240
1344
1190
1220
982
1049
968
988
1193
1024
1133
1003
1233
1337
1091
1357
1202
1169
1538
1275
1251
1400
1091
1078
2002
1190
1201
1053
1018
1100
1170
1110
1274
1183
986
1103
965
1307
1023
1142
1026
956
1016
1103
1153
998
894
969
1006
1385
1068
1166
1182
981
1297
1077
1122
893
1087
1075
1099
1345
1081
1124
979
1192
1722
1135
1200
954
1041
1262
1131
1257
989
898
1087
993
1218
1057
1018
1085
983
1090
866
1341
1139
1164
1285
929
1298
1036
1141
1017
1331
1298
1034
1041
946
1050
1223
1170
1072
1186
1354
1091
1209
1250
1790
1059
1091
907
1229
929
1321
2358
1151
1029
1185
1284
1094
1260
931
1797
1985
1097
1134
1114
981
1247
1013
1198
940
1199
1125
1280
1206
1187
1102
906
971
1278
987
1136
1134
1148
1311
1048
1131
1010
1350
1008
853
1116
1167
1046
966
958
1067
1079
1270
1011
1211
857
1225
1011
1102
1089
1004
1063
1221
1220
1276
2422
859
1247
1054
1492
1064
2175
1489
946
1284
1187
1284
987
1114
1259
1096
1333
1225
1158
1078
1098
1089
882
1078
1076
1060
1403
1100
981
1027
1245
1164
1163
2467
1048
1085
1315
1065
1211
1109
1138
1003
1084
1027
956
1478
1147
1315
971
1277
1078
1538
1478
1024
1321
1049
1168
1296
1264
1263
1024
1333
1331
1044
1182
1083
1182
1078
1281
1461
1339
1159
966
1084
1068
1274
972
1046
1195
1051
1184
1031
1093
1126
1197
1239
1046
1124
1483
1054
1127
1140
1144
1022
1120
1312
1077
1162
1049
