1667
1320
1216
1295
1195
1225
1358
1052
1234
1166
1190
981
1260
2037
920
1322
1006
1100
886
1081
1242
989
1096
1177
1092
1009
907
1249
1122
1121
1322
1097
1618
1066
1384
1064
1262
961
910
1369
1165
1146
1035
1125
1128
981
1171
1073
1423
1112
876
1307
1142
1003
1028
1193
1086
1004
1140
1229
1469
1420
1108
1018
1324
1196
1304
1476
1140
1467
1123
1339
1824
1313
1402
1248
1415
964
974
1225
1067
1167
1009
1119
1156
1004
1360
13722
3906
1103
1157
1199
930
1908
1326
1344
1304
1231
1284
1212
1411
1252
1219
1015
1196
1087
931
1294
1049
1051
1215
952
1203
1016
1151
1085
1144
1824
892
1022
1051
1208
1053
1226
1098
1085
1170
1135
983
1218
1016
1180
1078
1271
929
1208
1008
1031
1337
1050
1111
929
1081
1168
1042
1108
1161
1051
1022
954
1343
1857
1171
883
1157
1138
1028
1102
988
1383
1058
1088
1174
1023
1134
982
1254
1007
1096
1020
1010
1148
1029
1193
1141
1070
1082
1027
3132
1013
1112
945
1197
1986
925
1270
1114
1255
988
1032
1141
1117
1167
1200
981
1394
4112
1613
1213
1159
1269
1057
1042
1070
937
1106
1114
946
1054
1043
1127
1081
915
1128
1098
1093
1002
925
1287
1084
1243
1154
994
1168
1203
1111
1052
2174
1105
990
2381
1078
1540
1176
1163
1108
1028
1227
1178
1121
1178
1321
1150
1096
1187
1242
1180
911
990
1075
948
1281
914
1184
1000
993
1111
1120
1041
984
1128
943
1169
1036
1230
1425
1014
925
1035
987
1039
1008
1169
949
1195
1173
1165
1169
1110
934
1326
1186
1359
1084
975
954
1038
927
992
1107
1085
1101
1138
938
1147
1412
1236
1270
904
961
1194
889
1112
1010
1129
1085
1107
1125
1196
1225
982
1143
1011
1045
1190
1117
1087
1168
1250
984
985
1028
1402
857
1002
1140
1249
1193
911
1144
1000
975
1323
939
1343
984
1061
1074
1024
1243
992
1152
984
989
1050
1071
1076
1158
1179
1039
1137
1079
1063
1208
1265
1286
1498
1351
1342
1068
1049
1428
1143
2872
1171
1158
1069
1019
1100
1087
1168
1152
912
1231
1230
1202
1094
1277
999
1185
1247
1084
1258
984
1072
1248
1028
1201
923
1111
1150
1203
1279
1125
1128
974
1119
1301
1039
1181
927
964
1033
1225
1218
941
991
890
956
1165
949
1237
974
936
2128
881
1281
932
950
2027
1045
1239
1187
1381
1072
1037
1128
1127
1190
1006
976
1026
948
1231
1289
1784
1058
966
1104
1091
1129
1191
986
1347
1139
1014
962
950
1249
970
1220
888
1366
1129
1206
1290
1294
1241
1119
1136
1119
1160
1204
1065
1150
1232
1147
985
1028
1200
1082
1213
939
1092
1373
1026
1244
975
1059
1206
1160
1285
1088
1562
1297
1124
1147
1351
1937
1191
1122
1099
956
1164
1059
1186
1007
1286
1214
1118
1226
1125
1056
1309
1166
1055
1053
926
1211
1044
1149
984
1067
1116
1004
1345
1007
1019
1148
1385
1188
1012
1242
1188
1300
998
960
1122
1010
1122
890
985
1354
1029
1470
1077
1335
1370
1362
1303
1226
1221
1225
1349
1379
1001
1109
1171
1225
1059
1088
1053
1532
1038
999
1203
1130
1139
1102
937
1180
966
997
1405
1035
1133
1109
1182
1122
1357
1435
1122
2654
1106
1191
1070
907
1134
1231
1272
1040
958
1187
1036
1126
1139
937
1162
1069
1068
951
1043
1120
1109
1332
1473
1085
944
1149
1016
953
1430
1198
1241
1284
950
1074
1049
1020
896
979
1116
1036
1303
996
1083
3512
944
1201
1002
1846
1016
1044
1305
981
1306
952
940
1188
1114
1208
1135
1745
891
880
1070
1023
1502
1127
1002
1228
1162
1223
1334
1453
1298
1370
1255
1284
1470
1241
1059
1203
1012
1967
1149
1075
1171
1130
1115
1088
1139
1249
1075
1457
1134
1230
1103
1136
1258
1101
1244
1102
1086
1021
1063
1240
1012
1085
1097
997
1124
1012
1153
1132
1232
1062
1053
1259
1049
928
1027
1067
1123
930
1079
1043
989
1061
968
1017
923
1066
1024
902
1040
1033
1007
1091
1200
1052
951
1522
917
1176
1257
918
1082
1031
1196
1128
1157
1130
1088
1297
1028
1067
934
990
942
1180
1111
1234
1170
1071
1094
1136
939
1260
997
1188
1205
1073
1055
1002
1117
1099
971
1348
1087
1120
1119
878
1079
997
1130
1024
1206
1191
992
1149
1112
903
1018
1094
1219
1176
1187
903
1327
1057
1150
1160
1286
1064
989
867
1038
1177
1126
1119
920
1169
1265
1029
1077
2399
1000
920
1301
1156
1413
946
1004
1115
906
1170
1154
1860
1026
1173
1266
966
1265
1083
1023
1139
1001
1176
1044
1073
966
887
1068
1068
983
1048
1192
1068
1109
1076
1010
978
931
993
1324
1146
1119
958
964
1180
1203
1097
1110
1116
1089
1030
958
1084
1000
1104
1128
1135
1042
1059
1057
940
939
1017
944
1121
1094
925
1106
1176
863
1162
1063
1053
1033
1141
1150
1084
1189
1092
958
1299
927
1066
1212
1087
1095
1017
1304
1132
1089
988
1273
1234
1131
1116
1070
1168
963
1031
1103
1164
1109
2023
994
1028
1164
1014
1103
1018
1132
955
1165
973
957
1223
925
1177
1060
1303
964
983
1161
953
994
938
1132
1133
1053
1204
1182
1356
1189
993
1265
971
1089
932
1181
1981
1266
1750
1126
1574
1214
1012
1025
1384
1248
1257
1925
1111
1184
1284
1078
1864
2893
1338
1105
978
985
1003
1179
1231
1021
1193
934
1335
1210
1101
1079
1168
1200
973
1321
1104
1195
1025
1063
1182
1303
991
1151
1242
944
1049
1089
1140
1192
1018
978
1183
949
1204
921
1071
974
917
1381
1100
1290
1386
1200
1045
1259
1181
1192
1040
1168
1064
1159
914
1337
1073
1349
