1339
1121
1558
1422
1106
1521
1288
1184
1301
1033
1057
969
1116
1140
1151
2526
1051
1332
1140
1399
1064
1310
1368
1182
1646
1291
1450
1461
1455
1464
1376
1387
1187
1084
1100
983
1376
1151
1088
1151
1014
1120
1251
1145
1139
1359
998
1035
1083
1302
1097
1293
1263
1242
1160
1033
953
1135
1150
1182
1141
1018
1132
1102
1405
1145
991
1036
1252
1052
1018
1007
2529
1000
1193
1349
1203
1131
1088
1068
1295
1060
1067
1085
1122
1055
995
1139
933
1165
1104
1020
2062
1030
1167
985
1424
990
960
1194
958
1169
1544
1786
1260
969
1336
1003
917
1407
1121
1294
1285
1356
1253
1304
1299
1255
1360
1126
1001
1675
1175
1088
982
1237
1727
1057
1231
1260
1338
990
1041
1128
1150
1110
979
1280
1154
925
1340
5687
1084
1093
1036
1056
1227
1269
1000
1214
968
1191
1306
955
1135
1054
1133
1211
1025
1150
1198
982
1162
1130
1077
1195
1395
1287
1133
996
1124
1250
1001
1106
1026
995
2477
1035
1226
1097
949
1205
1033
1168
1015
995
1310
1062
1264
1151
1101
1033
1070
1083
1077
1199
1149
1083
1281
1163
1356
1335
1354
1128
1025
1036
1230
1233
914
1323
1123
1182
1160
1043
1154
1070
1204
1081
1003
1676
1027
1169
1198
1883
2286
1105
1232
1042
2127
985
1141
1075
1174
1617
1137
970
1273
1140
1244
1153
1266
1095
1224
1319
1167
1442
1154
1369
1294
1249
1286
985
1166
934
2472
1136
1225
1228
1144
1394
975
1134
2098
1237
988
1113
1250
1119
1017
1112
1180
1237
914
1335
1145
1066
1188
1044
1283
1010
1102
1135
1226
1023
956
1144
1238
1229
1351
1182
1550
1112
1137
1085
1883
1027
1012
1494
1301
1029
1077
1022
1125
1073
1297
1118
1200
1007
1080
1245
1017
1312
1278
1349
1187
1000
1139
1196
1190
1127
1363
1164
986
1236
1127
1207
1272
1194
1119
1145
1113
998
1129
1051
1239
978
1173
1253
1015
1215
933
1096
1106
1320
1102
1084
1353
1163
964
1176
1015
1022
1446
1250
1192
946
1318
1559
1157
1279
1172
997
1179
1197
1125
1512
1204
1126
1162
1025
1191
1125
1051
1042
1055
1474
1246
1399
1065
948
1138
980
1396
1073
1208
1087
1077
1338
1108
1306
882
961
1180
1147
1365
1140
1321
1192
1141
1083
1178
1361
1016
1309
1138
988
1222
1000
1166
926
2351
1345
1309
925
1032
1078
1249
943
2224
1159
1320
1172
1201
1074
1169
1330
1278
2433
1249
1008
971
885
1345
1079
2276
1052
1039
1922
1142
1212
1228
1199
967
1159
1345
1069
1356
962
1203
985
1065
1208
1110
1155
1275
1126
1105
910
958
1098
1274
860
1154
1698
1413
1358
952
2250
1084
1099
1363
1195
1276
1243
1452
956
933
1434
1189
2081
1423
1128
1294
1092
1056
1342
1251
1264
991
1211
1212
1208
1189
1254
1176
1252
1083
1142
2297
1096
1574
1340
1369
1259
1220
1127
966
1358
948
1035
1280
1086
1753
1038
1377
1079
1088
1309
1272
1048
1195
1380
1096
1436
1256
1194
1006
952
979
1155
1275
959
1281
1096
1498
974
1617
1453
1071
1495
1017
1141
1047
1034
1669
1095
1459
1162
986
1119
1068
1086
1180
1026
1547
994
1277
1084
1116
1187
1683
1285
1131
1541
1355
1120
1510
1154
1534
2004
1072
1280
1024
1368
1476
1061
1448
1320
1260
1352
1050
1223
1231
1020
1545
2373
1105
1274
1464
1240
1271
1223
989
1273
1336
1253
1265
1214
1060
1195
1595
1074
1249
1298
1191
1211
1457
1061
1262
1331
1100
1251
1402
1119
1177
965
933
1263
964
1128
1164
1000
1299
1272
1187
1154
1284
1080
1072
1323
1345
1297
1149
1098
1260
1326
1709
1598
1214
1179
1089
1078
2359
1319
2316
1305
1322
974
1201
1052
1253
1107
1131
1276
1031
1284
1091
1214
967
1196
1144
1227
1065
1061
1140
1155
1105
1134
1058
1282
991
1085
1075
931
1201
893
1047
1000
1134
1158
1269
1386
938
948
1070
1005
1286
1157
1034
928
953
1353
1054
1430
1085
1129
1212
1205
1316
1002
1395
1178
1075
2245
1239
1343
884
903
1198
1022
1097
929
985
937
952
1348
1083
1320
1026
1011
1236
1156
1279
974
976
1065
946
1165
1079
1091
1044
1069
1217
1208
1360
1078
1118
1046
1223
1195
1281
1232
1053
1251
1369
1087
1111
1037
1173
961
1195
1276
999
1364
1260
1214
1161
1077
1136
1331
1370
1020
1110
1273
1098
1167
2355
990
966
1114
1166
1040
1126
968
1212
1325
1079
1156
1296
1592
1202
998
1090
1104
1315
1028
1231
1151
923
1138
1148
1299
1124
965
1158
939
1174
1257
1269
1013
1210
1085
1152
1218
1230
1063
997
917
1112
1267
1351
1010
1062
1073
1227
1195
1144
977
1159
1277
1108
1049
1312
970
1021
1429
1178
1211
1016
1056
919
1008
1314
972
1266
969
1148
1211
1086
1169
1199
1225
1317
1098
1387
973
1220
1120
1033
1211
1055
1222
1005
1139
948
1061
1281
1035
1296
1282
1148
1358
1212
1195
1215
1127
1430
1400
1425
1529
1113
1543
957
1143
1246
1204
1266
1103
1003
1014
1033
989
959
1217
1266
1310
1080
1087
1032
1172
1274
1248
1250
1336
1132
1340
3170
1298
1173
1098
1258
1255
1154
947
1051
967
1057
1097
1249
1118
1258
1344
1171
937
1157
1043
1268
1045
1089
1297
1125
1035
1045
1264
970
1015
1179
1081
1253
1182
1190
951
1219
1655
1056
1050
983
1122
1409
1357
1324
1307
938
1108
1144
1222
1115
1166
933
930
1119
1031
1170
859
1103
1138
1031
1208
1107
1368
1154
1198
1148
969
1626
1248
976
1297
1158
940
1085
1278
1177
1279
1254
1103
1329
1064
1084
1319
1010
1314
1138
1057
1092
1192
1122
1180
1385
1023
1097
1126
1227
1137
1063
1189
2394
1114
1342
913
