5287
5693
5716
5343
4889
4611
4226
3649
3421
3331
2865
2397
1646
1225
918
829
801
818
832
823
817
775
928
1542
1185
1222
1308
807
732
751
729
721
744
719
726
1002
1006
852
874
825
789
802
823
1183
1101
1479
1190
964
1024
1224
1012
810
803
760
836
905
813
789
761
768
703
751
739
961
1314
1274
1214
974
918
1085
1219
929
875
1436
850
729
747
703
743
680
750
1282
1108
1183
812
783
774
775
757
901
950
1050
777
755
656
725
705
714
718
742
738
726
722
818
892
766
720
695
726
707
688
808
779
794
713
722
691
727
722
739
680
717
713
699
736
704
696
917
793
764
795
777
735
780
745
743
765
688
748
754
741
738
823
656
716
788
917
691
760
768
749
820
759
752
743
832
686
767
713
723
745
705
716
714
716
703
722
745
854
1131
880
800
769
743
731
812
808
877
1010
1002
856
798
792
904
776
769
749
713
712
1023
1003
1080
1039
1055
850
1302
1227
958
1090
1196
854
700
690
667
675
699
912
936
731
679
685
678
710
708
712
691
1651
997
1136
889
804
758
765
816
1065
1260
1354
888
793
794
764
801
776
778
863
1493
1123
1154
1250
1384
1493
1710
1897
2044
1867
1860
1724
1051
1175
817
955
1043
839
788
1442
1046
1006
932
862
892
1163
1562
1502
1448
1165
1047
968
1135
866
884
1558
1338
1431
1719
1092
1337
906
794
791
772
761
789
768
837
761
776
874
1524
1006
1109
891
776
909
1050
947
917
831
905
1240
835
906
838
937
842
938
1070
1127
1141
934
877
932
1702
810
901
813
972
1025
982
840
945
821
969
833
903
946
1093
1268
928
974
1103
873
879
910
853
814
902
869
825
950
872
886
876
889
1312
888
1265
1422
705
619
720
1075
705
647
597
658
652
631
636
612
664
658
780
893
798
827
1219
1070
1295
1156
862
678
660
628
659
649
874
696
628
648
765
676
675
640
649
649
645
646
637
716
695
687
668
629
657
638
626
644
585
619
610
628
637
652
608
632
609
614
603
591
607
609
767
966
1012
611
593
822
1013
1117
1281
1457
1752
1947
2042
2206
2445
2616
2805
2915
3057
3252
3452
3639
3850
4036
4219
4497
4758
5089
5422
5770
9066
9304
9501
9198
8706
8922
8701
6446
5887
5604
5502
5545
5561
5573
5432
5607
5562
5433
5322
4899
4549
4044
3325
2882
2318
2088
1940
1790
1681
1409
1264
1153
1098
1012
919
928
846
727
870
771
808
923
1049
891
811
661
854
910
888
837
942
791
774
679
755
667
760
632
778
792
697
1278
850
712
1220
841
750
592
1216
674
784
1027
1092
1224
1398
1569
1831
2016
2201
2292
2465
2688
2910
3162
3201
3104
3276
3395
3557
3518
3625
3872
3845
4012
3962
3634
3386
3116
2952
2196
2097
1969
1852
1909
1821
1833
1422
1072
1650
830
1538
663
617
601
732
1117
681
628
591
750
923
628
1494
970
656
631
640
849
615
630
564
656
2365
1434
1770
644
590
711
603
1341
639
655
737
1017
1882
1291
1818
648
679
779
1127
1048
795
675
678
667
843
648
1269
632
639
973
959
1099
941
1178
1394
1638
1784
1788
2180
1992
1942
842
704
1276
650
1131
585
614
802
597
1514
599
655
608
628
1330
656
743
744
664
1551
1051
1570
726
677
638
688
1254
863
673
577
663
1077
599
1168
599
679
749
921
906
600
640
1176
1014
1339
642
1507
814
732
1567
589
1040
654
620
645
705
1563
753
622
658
627
1618
1032
1311
1055
1421
1687
1732
1743
973
918
695
577
647
866
1442
722
571
629
611
2449
976
964
946
1048
1216
1429
1582
1689
1835
2102
2430
2315
1816
996
804
763
2051
665
1662
1218
1433
2941
1329
2434
1524
1178
1453
729
1438
657
669
1696
2084
3608
1325
1509
941
753
694
669
841
663
657
632
657
1644
1324
2384
990
970
990
1026
1237
1279
1103
1233
1059
1554
1074
695
721
1613
2160
1799
1249
940
1139
1234
995
1178
1343
1579
1797
2022
2027
1887
2994
1321
2213
1251
1422
1124
1130
1052
774
1306
732
701
819
663
2984
757
2317
937
4505
3381
928
937
868
996
938
1385
1345
1758
909
648
649
662
643
1159
701
900
661
648
661
685
1307
715
868
638
718
845
1376
1792
763
786
612
644
773
1080
1118
898
1094
1063
1337
1401
1600
1825
1600
1416
969
1817
1139
944
672
699
765
1037
680
628
655
893
638
758
792
649
953
632
1775
800
676
747
1382
1497
785
696
785
1064
1055
1195
1311
1500
1713
1686
1879
2076
2368
2410
1551
1058
707
637
908
1103
1437
1219
1532
1244
1030
1124
752
643
713
1298
779
1104
693
667
897
678
676
1365
1480
2606
829
743
676
671
648
676
1421
911
748
693
887
1018
1293
2452
1456
2359
720
640
642
657
984
622
1157
876
826
1176
659
768
641
1401
667
569
622
596
2283
1048
1121
1120
1061
1989
1220
972
660
621
671
595
1019
657
1063
662
630
1144
1865
1167
1372
1000
953
1020
1629
1422
1925
792
1441
1121
936
999
1153
2875
1155
826
1089
907
627
675
690
659
681
635
627
1263
695
1550
812
699
594
662
2203
1333
1157
1400
683
726
707
847
639
1198
664
636
860
877
1439
710
