4121
4465
3722
3081
2255
1787
1612
1158
1959
1264
1204
1279
965
1747
707
1154
805
1019
1075
1151
1668
1563
1027
1161
1381
1423
1075
1123
972
969
996
1540
1098
878
790
811
698
1028
1276
1127
1271
1189
792
744
782
775
684
764
877
713
733
753
654
741
825
723
843
981
870
1299
1293
877
810
1036
950
1102
1016
1215
900
691
629
670
632
625
627
1213
653
1288
609
617
1010
612
899
629
610
634
623
1060
616
1838
718
749
722
859
1303
679
662
642
740
1106
690
1166
676
685
711
665
1365
975
1366
705
690
619
731
1247
1001
1114
1260
1535
1678
1790
1925
1788
1987
2043
2270
2440
2451
2562
2713
2941
3137
3274
3492
3338
3528
3762
3732
3709
3487
3398
2575
2289
1986
1816
1625
1537
1321
1125
926
1463
981
705
646
673
663
668
604
612
693
633
659
1115
699
1196
747
620
729
694
1142
644
1336
689
669
938
1023
1214
1181
1357
1555
1698
1912
1932
2199
2145
2428
2600
2763
3015
2898
2958
3184
3377
3516
3715
3883
3890
4034
4090
4224
4458
4605
4808
4743
4892
4732
4697
4528
4304
4199
3959
3833
3176
3012
2812
2541
2356
2104
1948
1768
1579
1370
1177
1011
847
1181
730
598
907
1025
1197
1399
1573
1521
1954
1879
1190
1438
991
1185
987
1014
867
716
646
636
887
615
629
688
645
1155
669
1381
708
634
1355
805
978
642
1277
650
647
630
642
1239
737
643
710
621
1084
615
1042
655
1263
650
626
588
608
1112
723
1277
654
599
730
581
1425
574
661
625
674
916
642
1439
604
856
876
666
1365
700
1281
664
630
700
718
1201
990
1244
1087
1177
1331
1500
1670
1720
1524
1124
1082
674
702
1087
595
1243
684
590
666
610
1087
593
1024
641
648
687
721
1099
696
1366
604
667
688
651
975
634
1143
615
614
698
602
1304
655
1247
666
646
691
666
1038
638
1274
670
651
727
663
1229
632
652
643
622
1110
614
1239
582
670
626
624
1364
697
850
694
783
832
688
927
644
1389
677
645
622
687
1364
617
637
676
643
1083
658
1220
610
632
750
956
856
757
1322
692
590
660
666
1431
724
921
650
648
678
688
1293
762
1208
640
909
826
791
1095
808
898
790
758
849
745
993
762
1514
678
631
666
625
1243
734
887
691
747
689
672
896
707
1414
715
678
661
683
855
674
1156
663
722
731
679
1656
871
1224
686
709
707
680
1178
703
974
660
704
662
682
963
702
920
677
725
721
705
1315
710
814
685
667
701
672
1119
672
838
708
719
678
802
1012
958
1226
730
580
694
677
1343
685
738
767
679
753
668
927
724
910
717
707
658
718
1157
685
989
682
1248
915
846
1787
875
846
949
668
793
784
1407
739
739
694
694
907
712
860
1229
1234
1620
853
1181
699
745
699
771
892
655
1828
926
863
1729
1472
1140
1051
1261
1646
1998
2212
2370
2466
2676
3001
3236
3396
3644
3863
4102
3852
3437
3396
3030
2721
2459
1430
2623
1359
1022
1319
1167
2378
1059
1197
1470
1733
2101
2299
2588
1921
2242
2584
2991
3031
2275
2021
1795
1965
3577
884
1767
727
889
856
743
719
699
1267
682
713
662
757
1027
662
669
1143
688
944
774
1326
863
750
699
750
969
723
1442
772
766
669
792
736
645
739
745
1077
1374
1034
2040
712
751
639
777
673
657
855
725
742
1110
1262
2338
730
670
684
710
682
672
1125
1099
1389
910
757
1136
688
1383
700
667
706
706
661
846
767
722
654
763
675
1196
682
659
682
661
810
715
703
906
727
710
690
934
684
739
767
737
908
709
1221
732
720
719
733
688
684
731
686
685
657
726
1039
687
620
688
692
1086
962
1050
1185
1303
1466
1612
1783
1892
1903
1982
2170
2226
2344
2425
2549
2695
2797
3021
3277
3157
3084
2962
2815
2681
1954
1838
1776
1692
1596
931
1156
618
628
654
660
1228
687
656
772
1023
948
651
1329
1006
932
656
616
615
647
845
732
646
1215
760
1221
685
628
750
617
1388
631
624
684
627
1228
655
1325
682
642
673
623
1412
656
640
664
684
1198
587
1103
739
676
709
702
1431
665
580
703
684
1438
646
1304
1087
936
819
663
946
712
606
813
664
1316
682
609
748
706
1635
683
877
695
573
987
741
1296
715
698
629
642
1289
744
1453
737
617
616
655
1342
676
677
617
621
1530
1045
721
688
700
711
721
706
652
688
683
657
842
691
658
804
735
649
971
1298
1240
1161
1136
1087
1166
1017
1002
954
998
972
1037
1092
656
736
762
1106
871
828
774
674
749
760
1018
661
737
654
752
756
667
779
1011
828
784
683
752
704
664
726
762
669
867
786
780
819
831
649
807
682
715
772
671
724
644
786
645
814
768
639
719
891
699
1558
1447
1238
1038
867
756
767
648
1114
659
725
790
809
1045
681
774
778
774
672
765
1251
889
724
750
654
1177
693
757
674
758
991
645
1308
799
785
658
769
946
613
750
776
871
1957
1041
1987
1369
856
1288
1068
743
1254
1044
1129
873
851
914
1101
1083
1156
1339
1336
1147
1017
1127
1242
1425
1627
1385
1474
787
926
1109
1364
2286
1247
1127
1189
1122
2585
1121
1099
1169
1415
