5384
5849
6284
6092
5798
5236
4731
3932
3695
3320
3380
3539
3610
3733
4084
4390
4574
4341
4348
4275
3828
3624
3176
2968
1481
1152
1014
708
691
639
647
625
713
639
675
981
783
1039
1356
1684
1066
1127
2290
1107
771
646
711
672
653
670
688
892
1984
722
770
628
927
954
674
863
1340
1867
1048
976
1135
1411
1548
1678
1895
1085
1245
1520
1061
2574
961
1014
712
671
696
800
1830
709
638
597
790
976
653
1170
683
685
629
641
1394
1141
1936
1177
750
660
717
671
689
785
645
672
820
977
1254
660
1040
663
677
694
1205
2316
743
844
731
675
648
644
1246
1021
640
647
622
1209
627
1372
631
631
590
820
1549
1143
1410
688
758
658
587
731
705
1702
655
624
679
649
844
630
1393
707
685
915
1035
1225
1310
2341
873
721
661
744
1386
683
611
671
662
606
658
1322
1057
890
670
656
615
678
1928
680
757
758
906
765
699
912
613
1176
645
641
614
738
1267
765
1178
695
636
674
679
1537
971
730
618
681
770
671
939
607
1610
654
707
670
618
1080
676
1220
846
870
1168
826
1786
746
607
668
679
1376
635
956
705
598
689
699
1070
665
1170
662
732
720
598
1227
688
865
604
679
1168
653
919
647
656
632
604
1074
653
1372
759
647
639
860
1381
645
604
675
581
1336
710
918
752
648
795
706
1273
629
1155
648
631
915
735
950
658
1720
642
678
635
634
925
642
589
659
623
1643
654
851
740
712
935
638
1456
693
814
608
618
708
609
967
646
1462
734
614
644
625
1171
657
1302
628
604
629
654
875
617
1645
631
663
608
654
1310
684
625
643
625
1205
602
898
619
613
721
618
1328
659
922
633
673
939
672
935
654
609
662
735
1266
703
1248
594
665
670
853
1785
734
817
692
702
709
861
934
1186
1417
704
691
692
643
965
677
709
978
1287
1382
675
1180
737
656
594
620
833
631
1702
1160
758
633
689
1081
636
1414
1051
1213
1271
1166
1297
1458
1667
1774
1704
2127
1807
1589
977
910
1491
733
725
905
1040
1062
1187
1321
705
630
596
651
922
624
987
997
784
1016
692
668
700
695
671
723
1492
1024
946
1204
959
721
684
662
675
954
967
687
758
698
595
810
718
1717
965
974
1107
1301
1490
1707
1975
2022
1910
2053
2207
2149
2149
2271
2482
2664
2772
2981
3172
3349
3530
3582
3427
3524
3616
3503
3500
3142
3065
2485
2213
1944
1667
2042
755
708
771
629
1275
797
1290
669
756
638
694
1510
667
694
937
933
1699
672
681
726
715
712
682
1518
629
671
889
722
1321
625
795
678
645
988
1385
1422
873
805
830
743
2262
1043
1140
710
660
781
696
1547
679
882
827
1004
1473
1312
814
691
668
657
662
1448
1000
1086
1216
1460
1654
1618
1720
1662
1972
2139
2090
1943
1350
2372
1039
1289
1626
1951
2297
2679
2821
2469
2284
2196
1644
1630
1201
1165
989
1083
912
831
1107
1008
846
874
986
678
638
660
591
664
1240
722
1283
815
995
980
1132
1316
1496
1607
1864
2163
2326
1979
2082
1890
2039
2198
2421
2602
2560
2707
2642
2607
2533
1671
1494
1346
1254
1180
743
1494
832
875
1088
779
878
680
698
839
697
1234
696
1171
853
745
731
735
1224
623
1204
643
583
1600
1010
1071
1330
1532
1536
1843
2008
1834
1634
701
651
728
753
886
724
631
749
720
1110
720
2155
951
712
611
662
939
648
850
1102
677
664
620
1367
636
625
708
674
1331
1061
741
816
1282
1639
715
1067
663
776
1025
1042
1203
1089
1282
1474
1416
1486
1581
1488
932
674
685
623
1309
1166
1121
1208
2401
2091
2759
2345
1854
1423
1113
961
2439
1593
1431
2993
2071
1608
1274
729
774
708
764
718
2022
1801
1358
981
734
750
689
982
872
1129
1819
713
1032
688
618
1275
646
1454
1317
1045
1137
1300
1457
1462
1671
1842
2020
2203
1961
1614
949
969
770
758
967
995
1013
1244
1191
695
762
693
613
743
954
997
1896
793
656
678
672
1331
744
649
691
675
1116
649
1838
728
624
707
638
976
738
688
685
658
1142
681
1350
688
617
833
678
1220
637
637
679
957
1394
625
679
648
697
1414
697
1253
623
606
563
668
1231
644
598
714
646
1335
681
645
612
601
1533
614
884
690
898
652
696
1301
676
650
661
605
1500
647
1213
686
653
645
612
1403
733
750
778
614
969
634
1423
716
657
809
612
1145
604
673
661
786
1145
662
623
657
636
1366
626
1220
630
656
902
709
1144
600
688
660
606
1093
681
1314
674
600
624
627
1493
605
724
666
613
1301
807
659
596
652
1166
621
1403
622
668
682
648
1293
626
592
627
628
1112
613
1347
610
759
643
638
1371
664
622
642
638
1199
619
1274
644
608
618
642
1283
652
717
677
629
1432
1099
1110
965
1191
1496
1474
1686
905
691
650
652
1160
666
702
661
641
1315
620
1218
681
706
857
633
1066
599
655
629
631
1386
617
626
627
774
1140
685
1203
632
632
597
652
1378
651
624
612
626
1192
623
1371
601
626
783
623
1368
618
692
636
643
1064
606
675
786
670
1377
624
1180
623
570
805
658
1236
649
618
642
