3850
4054
3804
2913
2504
1565
1473
1197
1155
1219
1499
1214
1246
1448
2899
1070
1127
1234
740
643
616
1535
618
661
663
590
1240
756
677
677
653
1219
725
2430
1055
1153
739
585
810
626
613
687
575
1494
802
1159
683
700
695
672
673
681
1345
1239
757
629
642
1288
683
882
644
810
1047
980
1364
756
1079
807
758
983
984
2105
733
628
652
638
729
636
637
623
592
1464
670
1020
782
771
856
671
796
643
1119
590
704
726
696
1319
631
647
700
628
850
632
1729
830
738
794
729
952
661
1285
596
664
645
635
1144
635
623
671
610
1451
694
1099
650
653
629
603
1222
647
621
662
592
1211
711
1134
582
665
677
599
976
667
1329
665
695
1003
976
1143
1204
1404
1537
1397
1443
1429
1797
1551
1490
1428
1333
1366
1079
856
775
678
1169
647
1132
629
686
650
647
1482
678
619
716
698
1057
615
1243
575
663
626
623
1275
1481
1356
1350
1271
1433
729
984
661
636
634
669
1288
685
625
655
622
1329
725
1116
701
625
785
874
758
657
648
660
687
988
582
1442
733
671
584
652
1178
616
638
695
634
1079
654
1197
615
631
685
631
1407
600
641
648
647
1055
658
1060
615
662
631
657
1276
611
886
650
654
1512
692
902
697
640
658
714
1295
790
652
616
752
1178
600
609
656
632
1357
619
808
624
1120
800
668
1453
662
648
639
624
1112
654
1308
728
630
682
672
1084
587
664
683
602
1457
674
947
667
625
1221
723
1175
645
620
655
659
1268
630
676
693
646
976
611
1748
826
751
1137
752
2037
647
612
606
676
1119
614
1365
599
661
701
656
1285
627
710
851
691
953
621
704
662
664
1001
639
1332
639
565
781
634
1073
670
588
641
692
1224
602
1257
731
576
621
640
1211
596
638
620
627
1380
634
564
625
597
906
620
1305
625
583
631
655
1427
647
610
602
593
1758
865
1284
633
613
593
672
1038
601
641
678
633
968
648
1384
972
1343
892
628
600
611
678
631
564
1411
717
1171
567
631
570
599
1173
596
651
681
672
1265
1030
1321
992
807
715
703
1935
613
621
625
610
1045
669
1371
706
658
611
631
1218
634
593
652
597
1165
564
1082
653
601
866
592
1462
992
699
595
550
965
676
600
632
598
1272
731
969
662
673
677
623
915
627
1258
585
608
607
607
1163
707
933
690
616
757
638
1350
730
638
642
611
914
636
637
740
643
1283
645
741
627
634
681
647
904
631
1355
604
593
720
614
1061
637
665
635
665
862
610
1558
690
641
623
603
816
574
712
661
631
1196
588
1142
730
681
627
624
1081
634
649
680
641
1416
680
758
727
908
638
659
859
619
1582
681
622
1010
1146
1249
1480
1650
1817
2045
2245
1983
1885
1096
960
887
826
928
760
677
697
694
673
679
1531
1023
1046
1057
1203
1358
1540
1575
1622
1765
1875
2044
2232
2453
2681
2851
3016
3182
3474
3806
3922
3838
3782
3522
3200
1600
1324
1160
861
937
657
580
686
645
921
653
1209
561
623
629
642
1748
649
702
624
721
599
715
1271
600
840
636
643
631
617
1262
602
1024
623
605
723
585
1337
613
853
629
644
615
584
1320
689
827
654
685
623
776
940
660
1215
603
595
640
609
1044
674
1315
652
610
681
606
847
607
1032
552
644
666
585
892
602
1106
615
610
655
565
1042
613
1244
640
708
632
624
1050
623
1169
562
633
701
705
1083
590
1359
627
596
635
627
873
592
1327
640
549
660
622
1192
629
593
655
721
1187
663
1137
624
624
628
614
1078
787
1167
645
622
618
624
960
658
1337
621
610
631
592
1090
591
1375
629
652
734
813
1120
637
1075
613
667
640
648
1339
994
868
657
641
620
616
955
623
1330
721
663
671
737
931
795
987
676
715
650
635
1160
726
968
607
647
589
667
1517
632
805
629
627
638
630
1260
663
896
637
665
693
705
1271
626
984
633
629
696
629
1082
651
1186
651
630
754
644
971
669
966
613
1414
621
642
653
641
1124
1099
1086
792
890
2047
629
1130
657
635
674
627
958
682
677
644
662
691
640
963
754
884
631
712
664
633
672
657
1150
848
815
737
657
638
650
923
626
696
697
683
853
988
2023
950
1002
1147
1304
1544
1801
2042
2298
2519
2493
2417
2353
1709
1588
1468
1452
1395
1085
1194
769
678
688
634
694
676
1066
645
709
770
731
1126
698
1383
655
652
644
670
960
684
1406
693
622
758
634
850
663
1370
674
656
653
633
1341
666
649
653
730
1238
699
986
659
658
621
621
1368
1003
1188
663
580
725
779
1430
686
1103
677
626
646
598
1186
671
1242
746
694
756
666
1247
832
732
670
658
1189
677
604
650
617
1342
654
696
877
684
749
610
1457
676
786
587
640
715
1058
1359
773
649
1489
634
636
598
626
1022
593
1153
612
606
635
688
1340
614
689
854
763
764
610
1007
632
593
621
586
1299
593
651
594
656
1065
582
1216
596
586
752
612
1044
589
614
625
597
1097
675
1132
597
631
573
597
1425
654
617
