3955
4939
3986
4530
4223
3655
3724
2048
2088
2671
1210
1295
1136
2407
1164
981
886
949
2326
1558
1739
946
1004
911
1095
1532
1288
1337
660
563
624
520
2681
1310
1038
1037
1033
821
556
590
578
643
1038
729
1105
593
498
582
568
1236
542
630
887
773
946
1445
1645
676
796
1035
621
664
495
522
820
974
1231
880
1116
1336
1557
2350
2430
2316
1762
1686
1521
1445
1393
1055
897
550
516
494
525
855
826
1763
630
568
540
541
946
500
502
556
486
933
500
1055
533
569
567
485
1132
529
548
521
534
1049
517
849
556
551
563
627
1116
593
519
529
553
753
490
1214
540
525
572
521
1033
1267
1392
1188
1202
1184
1485
1206
995
1554
1067
911
802
861
833
999
1510
2734
2942
2284
1460
898
786
1017
1085
886
878
779
786
924
1160
1395
1468
1146
880
800
655
577
1319
692
579
567
464
1091
1129
1697
1030
1022
1010
594
558
488
568
619
470
543
479
1158
589
472
543
535
1095
583
484
540
546
1094
609
1805
1459
1028
1144
1219
1334
1104
2285
589
617
593
619
1272
575
534
568
514
895
533
1196
1154
782
724
626
1195
574
512
535
536
1025
539
913
508
598
591
521
919
542
1096
561
617
560
531
1105
577
946
875
569
1063
602
730
560
544
591
575
1278
574
529
587
542
1694
612
789
682
617
589
571
915
630
1438
629
569
576
546
945
602
613
578
524
869
522
953
540
519
694
638
1067
573
859
537
488
558
529
1166
525
690
525
524
520
605
1210
530
785
520
535
520
551
1183
576
982
519
514
515
550
1169
536
844
573
567
531
510
901
494
996
565
502
514
490
912
547
917
567
518
912
865
937
972
1066
851
928
1108
1196
1314
1467
1596
1761
1944
2135
2326
2458
2539
2594
2539
2685
2781
2728
2569
2516
2383
1716
1548
1384
1499
1495
1392
922
796
545
644
1082
605
651
598
651
629
670
624
807
609
1357
619
580
559
527
986
572
556
500
629
739
607
1124
581
596
512
512
1041
589
1113
558
525
570
556
854
534
909
533
490
672
541
720
557
1017
542
582
626
544
754
509
963
523
502
528
523
934
595
993
566
556
676
525
1002
688
1034
631
579
569
555
750
556
1019
562
556
885
949
989
1572
1282
919
885
860
867
805
909
1104
770
903
952
1088
1211
1300
1450
1532
1389
1456
1569
1608
1765
1745
1838
1592
1714
1722
1813
1819
1927
1937
1936
1929
1623
1514
978
760
572
755
1122
869
805
892
1027
888
882
896
770
670
676
771
660
800
749
856
855
870
668
534
529
538
534
525
504
532
640
539
1169
526
538
557
522
739
632
864
554
557
799
580
697
543
1103
542
588
501
571
1085
516
1000
694
601
696
521
981
602
1317
562
526
739
555
790
533
1032
661
977
601
642
1233
569
746
640
582
728
594
761
606
1062
608
618
641
673
1071
582
798
615
592
596
582
1264
572
691
639
598
545
509
1194
638
709
611
597
616
578
1067
613
1107
563
590
514
530
1021
522
798
518
687
1097
597
519
563
858
525
529
509
514
1161
533
780
827
981
1162
1257
1158
640
574
478
544
759
543
1105
541
633
576
524
959
825
1028
1203
1442
1618
1422
1342
758
779
774
553
653
529
519
538
579
1146
636
542
549
602
1008
760
1190
569
509
555
491
982
572
517
554
531
988
541
633
562
557
993
501
1205
590
505
555
514
886
1333
515
492
626
515
557
647
531
488
553
559
1063
550
557
573
515
1018
546
800
537
588
536
559
966
538
1159
623
565
585
571
925
553
518
516
546
1049
618
766
681
537
543
556
885
562
1118
572
569
518
575
986
548
875
768
720
1818
576
628
519
513
692
524
607
527
955
860
1072
649
794
1815
479
475
470
482
729
550
1566
463
508
489
506
609
483
1517
532
575
516
494
937
513
521
526
466
956
515
978
535
569
564
458
815
595
541
605
552
969
576
1022
963
684
746
544
680
506
1040
517
530
554
568
995
800
1022
706
757
890
869
1858
967
928
972
1116
1309
988
1188
683
576
1322
566
989
633
657
726
903
1164
676
605
624
583
578
597
848
603
601
603
705
614
589
653
620
613
751
627
1082
557
625
554
528
999
751
675
550
575
802
561
1164
588
631
699
561
964
598
534
622
567
1055
622
1127
603
531
578
662
1305
774
611
578
531
962
607
1113
550
651
556
569
1296
577
638
661
637
1032
601
945
577
558
592
603
1143
550
615
498
621
1288
584
929
559
612
544
638
1105
549
541
540
574
1055
560
536
532
560
1203
531
835
568
548
884
587
983
570
550
516
552
1070
569
1155
604
500
664
825
1133
554
553
590
541
1140
568
487
563
468
1124
510
1206
543
486
500
510
1002
466
520
540
483
839
487
1261
528
477
497
449
1096
451
566
512
534
794
521
976
447
498
619
462
1061
455
503
501
467
1200
561
477
534
512
880
486
1075
460
497
611
453
915
486
486
520
454
935
512
1067
496
527
736
475
1025
530
471
