6648
6958
7149
6662
5512
4726
4357
4176
3767
3512
3431
3120
3073
2971
3392
3647
3546
3375
2866
1631
1167
880
819
726
799
733
1731
1305
1023
1268
872
871
699
586
1324
655
884
824
763
1816
675
779
634
645
802
1359
2229
1317
1674
726
660
686
691
752
954
946
1056
1173
1313
1548
1521
1492
1727
2041
1634
1470
1290
1430
1082
871
2194
888
1060
846
769
1237
664
886
679
659
727
1181
831
693
626
660
657
663
698
667
757
899
924
967
1631
902
855
894
971
1221
923
1152
817
738
701
800
874
848
931
948
1001
1457
920
1085
1299
1556
1719
1652
1824
1892
2092
2277
2164
2341
2028
2206
2007
2162
2339
2322
2452
2658
2751
2946
2765
2818
2691
2839
3028
3073
3311
3114
3255
3476
3491
3521
3613
3772
3676
3599
3482
3144
2999
2425
2299
2164
2122
1882
1706
1592
1431
1275
1183
646
757
633
592
628
571
1239
767
1218
742
653
634
674
749
653
639
640
681
838
595
1275
651
609
545
638
1228
561
625
602
618
1205
648
561
558
602
870
602
1362
571
622
551
641
888
600
575
605
581
972
559
1181
596
594
614
663
1643
884
922
1023
1133
1380
1587
1648
1522
1614
1828
2036
2194
2247
2393
2569
2689
2868
2870
2739
2557
2418
1989
1674
1652
679
1074
725
727
626
682
829
695
614
691
590
1174
623
709
638
666
972
752
1005
657
729
667
717
617
727
907
622
656
722
742
1367
732
701
686
675
595
663
1252
700
688
819
1066
753
606
678
923
928
975
1038
1085
1167
1293
1402
1467
1527
1601
1689
1756
1807
1884
1967
2068
2119
2131
2210
2300
2370
2428
2559
2571
2625
2701
2785
2869
2884
2941
3035
3107
3180
3195
3265
3372
3443
3545
3695
3804
3907
3983
3991
4006
4085
4144
4224
4287
4416
4477
4547
4666
4711
4762
4915
4912
4999
5118
5192
5297
5363
5408
5530
5647
5723
5777
5873
5969
6029
6099
6086
6153
6203
6207
6302
6428
6531
6626
6741
6814
6930
7001
7040
7124
7129
7113
7136
7152
7215
7286
7400
7473
7540
7603
7650
7720
7790
7861
7938
8027
8146
8157
8224
8346
8424
8478
8475
8529
8620
8661
8682
8836
8914
8977
9067
9338
9434
9632
9711
9798
9852
9912
9986
10159
10222
10265
10317
10410
10080
10005
9885
9845
9821
9854
9910
10025
10089
10183
10274
10385
10505
10507
10505
10615
10657
10790
10902
11003
11042
11047
11150
11248
11494
11626
11730
11592
11437
11225
11062
10886
10786
10607
10465
10314
10173
10090
10014
9838
9702
9530
9421
9265
9106
8609
8386
7747
7616
7466
7325
7199
6335
6242
5612
5450
5276
5090
4892
4461
4282
4167
4027
3852
3180
3098
2994
2917
2900
2258
2129
1492
1331
1118
1003
862
600
668
628
696
1353
643
984
623
722
697
649
867
673
848
651
639
627
650
1212
635
630
720
632
815
646
703
630
822
1025
625
606
621
636
964
650
869
608
662
707
628
1086
649
624
607
629
1004
626
1064
658
708
596
672
1213
651
874
741
641
1095
708
1158
720
732
738
719
1172
570
645
687
643
869
627
1370
606
617
590
597
1106
891
982
1149
1407
1514
1619
1479
1038
664
639
584
666
602
629
612
597
636
601
1025
648
604
605
650
772
605
606
581
656
917
619
820
731
599
632
665
593
631
609
590
620
966
595
640
592
588
1025
897
655
598
704
606
598
699
633
1096
665
611
650
628
630
658
961
619
891
674
627
610
683
848
626
601
620
640
1004
619
600
684
605
685
597
591
624
609
818
610
993
606
640
614
609
845
755
1728
672
650
614
755
611
954
944
1044
662
635
621
671
634
607
594
684
633
640
911
631
603
631
597
1350
662
1104
638
588
823
852
982
940
1094
666
603
620
613
618
871
647
611
980
741
724
1750
672
647
581
603
1194
666
792
706
706
897
995
1209
1169
1107
654
621
630
685
623
654
701
600
649
763
678
1110
697
904
666
646
671
689
1327
633
915
668
619
662
775
1217
755
961
648
613
615
635
777
621
618
599
657
604
587
1354
684
645
574
586
1075
632
1428
595
617
561
663
1213
602
631
632
889
691
574
1072
582
589
587
653
762
574
616
568
613
807
590
802
711
905
637
616
582
615
957
585
582
606
593
616
576
863
610
610
793
703
1897
673
626
828
921
1745
679
1899
938
769
600
613
705
558
589
553
571
1286
619
1028
635
680
651
654
1028
844
1575
853
792
926
695
648
635
2441
963
1028
907
739
779
602
602
568
596
1387
602
703
633
584
611
591
1047
597
1090
636
606
564
577
1184
605
830
716
584
1200
645
784
683
583
579
599
1164
568
851
773
968
981
1218
1455
1310
1216
638
579
626
604
985
582
572
569
577
1490
636
1080
635
573
590
559
1060
618
1028
592
597
607
582
1163
633
1327
602
604
558
568
1107
634
579
648
656
1241
638
919
681
605
685
599
1420
611
1141
612
655
618
677
1261
567
654
637
641
1185
1038
617
687
627
720
578
682
667
587
1375
627
567
667
601
1119
588
1242
657
593
714
627
1075
620
621
642
632
1306
662
697
799
752
941
636
1155
598
578
818
612
1141
643
661
614
644
1230
926
619
584
606
1260
578
570
610
539
1145
580
1291
