3916
4489
4534
4159
4100
2541
1882
1754
1603
1278
1181
1096
741
3278
2381
1399
1155
907
1264
2029
1943
1897
2393
3011
1175
1389
1607
1990
2121
1834
1830
1775
1261
1233
807
2303
962
3320
1239
1275
1973
2532
1412
1204
2111
1135
1166
1075
1565
2746
1146
7880
1872
1451
1371
967
1026
738
724
1530
652
1215
767
685
646
666
2044
1584
712
673
676
611
678
1141
666
767
686
621
1142
679
1251
656
626
667
652
1390
981
1049
1018
1137
1311
1479
1404
757
663
638
669
1350
684
658
734
669
1223
664
1228
626
648
767
797
1691
721
763
700
622
1283
630
1191
687
669
648
619
1459
580
638
652
750
1115
657
1293
594
1089
729
668
1217
693
667
685
621
1402
978
1088
1252
1617
782
629
1473
635
771
1105
1002
965
646
1475
629
682
629
662
912
578
670
685
643
1352
1259
1351
979
1005
2388
600
731
580
655
672
616
1254
626
630
594
626
1059
602
1330
627
590
604
625
1036
594
661
718
1025
1179
611
585
605
632
1041
602
1339
615
732
666
631
948
626
634
645
655
1713
901
1361
672
618
636
629
1309
590
638
626
641
1107
644
1201
599
639
778
612
1271
621
631
715
838
1984
627
640
626
731
903
623
1380
753
718
1468
600
736
601
670
741
665
996
662
1280
648
657
708
611
1206
599
602
606
653
1160
662
607
617
614
1136
657
1256
614
624
615
1620
877
611
632
602
647
1434
646
874
645
648
657
622
790
655
624
689
637
728
639
1629
1114
788
737
874
1000
788
952
980
660
704
684
608
670
1005
646
706
1172
695
601
647
663
775
638
1369
621
610
652
713
883
989
1193
1362
1508
1674
1486
1376
783
685
661
693
1163
642
826
1011
1237
2114
637
899
636
636
623
619
875
620
627
623
753
1326
718
633
584
618
856
939
1193
656
837
711
640
688
717
823
623
642
622
656
661
627
656
655
640
778
658
1291
786
622
681
661
658
659
636
662
713
1103
832
1520
996
1138
1345
1419
1635
1832
1813
1263
1106
1196
1195
999
1308
1114
1008
1154
1325
1544
1567
1407
1789
1455
1035
1116
998
1571
1349
977
1087
1132
1972
1279
1180
1059
936
4133
2164
2190
2182
1490
1424
1924
1088
831
1148
688
701
682
2152
1684
1553
977
718
685
724
680
659
692
740
652
683
754
666
691
671
656
689
718
1556
1443
1321
1405
993
1600
699
640
673
620
761
818
1193
859
677
1256
658
1137
1920
1434
1582
1267
759
663
616
643
644
606
747
1133
667
617
639
622
1352
641
640
633
1516
2983
1567
2044
1047
953
896
921
1238
1061
985
1036
1073
1118
1143
1358
1293
2264
1291
1296
1501
1909
1856
1483
2929
1053
935
747
743
751
1343
1329
1325
1537
1244
1320
1085
1079
661
639
666
607
616
705
629
1653
749
815
702
611
629
924
1541
732
624
640
637
1292
1008
1165
1329
1431
1512
1633
2010
1842
2109
1990
2106
2008
1755
1633
1803
1355
913
779
759
727
1515
697
1115
697
683
703
629
1115
921
1366
691
730
1426
882
665
669
1648
745
1036
1306
1546
2432
677
693
628
647
1157
723
1167
672
676
872
1160
891
747
1314
682
638
660
653
1001
703
1436
658
656
674
634
875
1129
2468
1129
1191
1321
1208
1960
1066
1961
1701
1019
710
716
634
665
617
694
666
622
639
1170
861
2121
727
705
788
1159
1902
775
930
1055
1250
945
695
1005
650
1173
1100
874
888
976
835
619
947
649
630
657
676
1419
659
884
736
666
624
640
1535
710
784
661
784
844
882
2694
993
1053
1137
1089
915
951
944
1111
1162
1277
1430
1139
1895
1180
1373
1243
1097
1253
1543
1753
1827
1134
2778
1423
1056
961
1156
1442
1523
2890
693
720
624
662
748
602
1137
655
663
659
619
1066
665
1181
819
1103
875
711
1166
973
1025
717
722
644
656
1011
742
1415
670
645
627
620
1399
1140
1415
1135
1398
2341
677
1284
629
684
658
643
1459
641
859
617
681
836
686
847
648
1981
1341
1311
1129
1492
1801
1880
1951
1610
1301
1139
1174
1363
1096
1318
1936
1719
1072
1309
1671
1234
3115
1272
1254
910
653
1892
1199
1386
1382
1067
696
630
666
660
599
616
574
835
665
1853
689
651
617
732
727
717
1406
730
622
648
666
801
614
1473
659
651
591
661
1231
652
594
774
1019
858
689
675
643
662
1224
646
617
639
703
1138
681
1205
612
600
760
605
1049
656
617
688
633
1365
657
634
683
654
1217
635
1059
682
799
891
744
934
698
656
639
663
1482
693
741
613
629
637
668
1286
637
640
785
602
1073
681
1209
670
648
800
606
1110
635
686
700
668
939
587
1355
615
626
569
663
1822
997
924
1165
1248
1365
1150
1342
1699
1990
2025
1985
2616
1204
1534
1705
1463
1612
876
1160
1236
1339
1601
1493
1423
1074
1256
985
879
1321
1688
1300
1068
1836
661
622
622
629
951
634
724
856
663
988
839
931
666
643
667
971
1712
768
971
901
816
1001
631
1448
624
681
601
660
802
620
1486
639
649
602
633
1142
1049
1150
875
721
1349
706
1120
637
648
954
1015
2487
675
676
631
636
1113
618
1330
798
936
816
694
665
814
763
702
829
731
