4341
5351
4187
5087
1341
1139
1686
1301
1696
1159
855
919
1125
1255
1402
1575
1592
1584
1455
1292
837
714
919
1086
1004
2861
1494
757
635
665
2610
922
1505
968
1215
1024
1171
1821
640
1804
1271
1152
1019
1216
1985
622
762
981
1104
1791
716
1099
837
828
1058
864
1506
1555
867
1038
1136
760
738
4679
921
869
846
914
769
759
984
686
1400
711
618
658
628
593
661
716
594
628
644
624
651
947
610
1009
635
605
622
632
845
601
630
759
1028
833
670
822
608
641
611
633
1002
591
607
682
673
651
665
1155
882
944
1059
1104
1181
1341
1439
1508
1666
1721
1939
2157
2325
2376
2153
1490
885
707
664
734
713
625
584
688
631
1289
618
673
682
589
1052
635
619
651
608
851
652
1149
565
565
627
634
1215
633
541
633
569
1355
594
591
580
603
1020
525
1129
709
644
560
615
1189
667
635
627
638
1131
655
755
529
634
631
619
1297
606
577
592
608
1050
575
827
608
604
782
701
807
550
1401
548
607
605
610
1002
563
576
639
584
991
617
1161
528
663
608
588
1147
533
634
628
582
875
585
1246
530
618
585
672
1153
547
626
573
604
1237
583
743
605
589
603
616
1122
573
816
601
560
1144
562
924
572
622
590
617
1003
571
1164
606
585
650
590
1146
882
1178
1191
1418
1649
1353
1496
1258
1497
1786
2053
1783
1070
1052
910
1061
1869
823
1033
1399
1647
1438
1248
1827
1059
1173
1389
1598
1932
1037
2741
1109
1250
1529
1755
2095
998
2217
1113
1193
1263
1234
1688
1030
2166
1086
1183
1384
917
1338
742
741
785
967
1508
989
1599
832
971
714
889
1512
1017
1008
1481
899
1979
1274
1209
1133
1281
1073
1145
1124
838
1045
1068
1032
2042
1225
1796
1178
1149
1906
1509
1832
1061
1145
1199
1045
1918
1252
2060
1067
908
1028
870
1988
693
754
675
687
868
736
998
692
901
940
661
667
627
1725
777
874
1075
1301
1641
622
650
633
605
1069
630
1221
605
674
759
592
1550
636
624
589
592
1641
1067
1295
683
599
615
646
1264
1014
1071
844
746
658
599
1392
651
589
728
731
1242
649
954
617
603
683
629
1295
763
831
1100
665
708
638
1512
690
575
634
604
1501
700
1244
616
604
731
621
1147
636
623
913
844
1695
665
1134
629
619
648
594
1744
1078
1035
1253
1185
1401
1604
1808
2026
2217
2199
2407
2635
2590
2465
2101
1668
1062
995
1066
988
1166
603
1349
670
641
633
850
1052
915
1100
654
614
676
638
1066
877
2009
746
892
736
670
699
671
1290
654
607
661
589
1255
612
1344
813
719
646
607
589
597
1616
666
744
883
1106
1088
1209
933
705
633
611
606
1410
830
1799
628
642
650
591
1483
1353
1175
878
725
1700
636
822
760
1253
665
573
615
670
786
599
1260
596
613
565
766
1703
666
632
599
648
684
625
1313
634
623
825
824
710
579
881
612
573
594
596
1047
676
1095
620
611
755
1082
807
671
1233
583
598
592
573
1469
727
631
627
637
631
601
866
544
1208
645
815
736
902
803
1009
842
872
1030
1268
1467
1702
1768
1913
1714
1913
2117
2352
2410
2058
1861
1210
1183
1178
1084
975
590
1378
704
632
638
676
1400
1010
1275
1416
1602
1906
2093
2443
1980
2206
2566
2394
2365
1303
1160
1074
1340
923
1320
1268
1003
1274
931
1008
951
1035
1197
936
1116
1402
1639
2329
1242
1725
992
998
1057
1205
1262
1291
1426
1589
1668
1797
1672
1653
1751
1764
1791
1924
2238
2448
2604
2351
2332
2399
2578
2720
2870
2773
2792
2697
1857
1569
968
806
1145
679
982
666
807
890
681
1592
651
644
577
639
659
673
1189
838
1506
644
626
766
651
836
629
1226
747
802
683
819
1621
629
882
607
621
783
724
1267
701
787
620
674
700
608
1017
605
1188
771
585
623
612
1711
784
1256
761
859
684
610
915
594
1039
581
578
592
577
1135
611
1331
610
634
590
619
1227
607
983
915
1202
908
688
1089
669
1371
609
690
586
568
1673
891
670
567
581
693
628
1327
829
864
646
950
855
660
859
728
851
571
626
557
582
577
742
894
632
596
1249
648
606
581
613
1266
908
1013
660
618
1117
744
686
578
593
1402
991
1043
1117
1312
1443
1538
1747
1747
1875
2012
1952
1716
1250
1145
858
784
1674
639
1159
655
1056
1181
708
594
537
699
688
682
620
594
1146
749
1000
663
613
1567
765
589
726
705
1239
668
871
827
632
802
697
896
699
1462
699
653
644
611
1526
684
647
609
769
1234
659
618
593
661
726
752
920
711
1476
667
674
636
671
1302
1063
1342
1269
1412
2476
1038
1818
1000
746
859
881
986
1136
1675
1007
1053
1094
1214
2205
704
789
800
1355
962
962
978
1244
1497
991
608
860
636
1360
993
1094
1343
1062
2250
695
628
946
1109
2133
1010
917
649
624
783
818
708
645
617
610
631
813
643
1265
879
830
1014
987
1022
646
800
584
578
736
560
1620
982
958
938
1020
1116
1243
1367
1437
1535
1691
1959
2161
2351
2044
1684
1033
1119
731
883
690
679
885
801
1637
651
640
557
683
914
663
1493
1020
804
674
567
638
702
1055
687
599
997
731
1439
875
