3087
3308
3195
2944
2901
2524
2327
2531
2467
2166
2070
1609
1646
862
830
974
1364
1110
1207
1023
745
666
737
677
693
711
673
982
748
732
785
720
670
693
698
663
1156
1131
1145
1154
894
670
760
660
708
630
710
748
681
716
631
745
684
615
734
656
852
609
699
697
868
949
755
773
763
652
718
661
705
951
819
991
926
1205
1103
1290
1541
1785
2047
1094
2073
776
678
669
682
659
682
694
648
711
695
693
679
682
1159
773
777
761
770
790
762
736
836
754
785
753
751
689
707
689
694
739
691
713
721
664
692
666
657
684
671
772
720
762
694
781
755
798
746
781
758
783
816
840
778
873
809
785
776
775
768
765
778
738
764
769
753
803
753
832
862
821
821
875
846
1204
792
815
800
812
783
724
826
839
841
843
793
790
830
835
823
808
809
830
796
872
882
755
882
798
824
799
837
803
799
802
824
819
810
847
818
857
833
808
800
820
854
808
817
817
760
807
805
722
864
814
713
934
879
820
794
852
793
1049
793
820
795
789
877
855
945
854
856
835
871
792
804
779
784
707
727
778
776
756
827
765
731
718
721
691
740
738
704
726
730
683
746
723
797
715
724
720
656
733
714
695
762
686
699
710
700
749
724
1057
852
706
711
723
697
720
713
725
694
747
722
698
734
762
759
722
730
692
741
716
710
807
758
711
727
722
698
786
771
791
722
675
706
703
713
711
726
709
704
747
731
717
755
845
764
736
729
725
716
727
743
688
741
714
699
735
753
749
804
708
756
749
721
704
734
697
837
1065
742
734
774
708
771
770
714
703
741
734
728
745
738
698
724
720
710
761
741
711
786
720
708
723
672
711
717
702
679
734
695
695
961
729
701
729
720
730
730
720
729
735
744
758
741
740
682
720
798
772
721
734
709
733
695
727
718
702
693
719
708
723
710
781
702
832
871
707
705
674
694
752
760
736
717
703
724
821
722
743
720
715
718
699
724
708
692
687
712
1280
1110
940
759
702
729
716
709
743
706
694
736
710
791
988
787
718
756
730
735
736
699
798
754
744
706
693
735
724
680
748
798
840
708
724
697
701
741
710
742
696
693
713
689
812
1222
831
739
748
765
757
767
762
737
753
773
707
756
813
777
766
756
743
752
735
739
756
734
741
736
712
735
783
728
821
771
738
725
736
748
779
756
758
741
731
698
714
819
791
737
775
771
744
746
794
746
699
746
724
688
841
762
802
737
719
753
700
719
739
707
720
1402
1246
1065
769
736
720
1043
768
710
724
715
716
730
734
701
725
700
690
737
790
767
727
1013
996
778
673
703
728
700
717
727
755
709
737
747
692
711
722
741
742
942
766
688
711
852
805
830
913
824
825
761
759
715
679
713
714
712
729
705
668
772
804
712
703
712
727
749
742
740
734
714
697
678
708
737
758
694
725
723
690
728
716
698
695
727
718
713
756
769
800
755
694
756
714
712
732
716
654
730
729
707
741
709
688
726
685
717
742
742
715
686
728
708
696
722
713
688
743
718
689
841
783
707
716
692
677
743
778
772
766
691
713
737
704
764
794
762
743
738
721
737
746
721
690
708
752
723
762
781
745
797
765
736
725
730
716
718
729
921
1295
895
891
1007
1064
1075
743
737
828
731
628
725
629
658
694
633
703
582
738
836
1078
1306
1238
1182
1142
1158
1054
768
790
785
958
630
764
795
632
705
618
746
658
729
659
731
825
640
694
807
797
728
749
699
746
735
749
641
725
684
1016
758
824
797
979
766
767
862
911
1035
997
1031
1015
1043
938
806
817
755
747
701
691
656
716
696
659
705
715
677
745
709
714
668
679
650
668
658
683
742
673
663
663
662
658
727
677
704
671
673
715
711
853
671
670
643
645
664
670
668
641
841
1078
901
771
770
731
735
728
705
718
729
695
674
898
795
733
661
691
711
703
683
666
708
694
679
649
704
687
682
807
703
696
699
696
679
730
688
745
800
752
692
716
723
697
826
668
829
785
698
657
713
640
679
702
678
723
648
656
732
702
911
782
768
707
696
714
733
650
748
699
670
670
712
687
640
679
719
717
687
679
730
680
700
694
909
712
739
740
693
756
761
715
696
771
729
741
724
757
692
744
720
735
692
715
711
823
709
1007
786
792
774
727
724
738
687
734
736
700
734
764
710
815
985
730
694
711
699
697
728
722
755
754
716
683
768
836
744
791
964
774
773
727
703
764
720
707
729
718
698
749
756
708
716
736
713
707
704
754
715
696
717
711
682
779
760
705
726
754
686
702
717
717
692
705
731
705
693
721
707
776
728
810
705
748
725
708
716
725
709
696
712
711
683
736
