3739
3460
3253
2648
1947
1680
1037
1718
1182
916
1072
733
695
569
661
566
579
1149
658
624
618
622
595
752
1500
1404
1292
1274
1580
972
969
1126
1321
908
2199
655
626
591
673
621
603
1371
808
1440
1067
1129
1070
1170
1420
873
953
2016
596
1075
662
638
636
708
749
795
730
1278
1053
1006
1111
1349
1231
1210
2597
723
643
907
1122
836
918
1968
620
994
901
776
687
636
616
637
632
602
616
999
607
632
629
595
677
642
766
664
607
602
605
802
599
812
610
605
613
638
927
598
1120
645
607
610
619
611
636
851
623
606
621
613
624
620
641
638
646
755
637
772
603
612
585
625
803
598
1090
639
725
618
679
830
960
664
542
664
840
605
925
629
590
627
643
1024
612
708
618
607
627
591
782
616
582
619
593
993
606
612
587
685
654
662
847
606
735
907
746
910
1087
1963
630
643
661
684
816
636
613
636
603
613
613
611
630
624
587
622
631
740
1151
647
612
625
613
613
609
608
649
639
1080
908
854
1003
698
750
688
626
639
923
632
608
641
605
641
641
780
626
672
609
720
647
622
1260
695
625
601
652
615
616
599
599
622
619
649
648
608
649
611
605
837
659
759
642
623
673
630
626
605
972
695
603
624
610
823
618
985
604
635
635
602
631
650
633
642
709
687
567
1127
655
618
613
641
605
593
834
621
598
705
613
820
611
1107
592
626
629
669
621
597
649
621
633
833
697
1031
644
579
648
620
885
524
1207
618
594
600
570
1007
562
1055
600
613
631
577
1283
630
814
541
596
637
611
1028
550
1165
586
608
628
599
1068
555
594
581
578
1077
577
965
647
599
602
632
994
623
887
546
599
594
589
991
585
882
637
579
578
600
1005
610
1076
655
602
595
610
848
568
1225
564
559
576
602
1142
529
687
633
552
869
555
1254
538
621
547
600
1028
534
1003
638
577
593
579
1018
572
1119
590
562
562
608
1088
574
607
569
581
1059
546
1268
573
611
636
1411
949
608
891
591
584
592
583
1383
576
593
561
564
1191
612
984
584
589
696
611
1200
683
547
759
680
1423
616
577
641
570
1189
564
564
582
557
1165
603
600
684
590
1171
546
600
581
633
1171
611
525
579
548
1071
572
1186
551
610
637
594
1203
560
597
725
556
1143
564
578
660
572
1279
627
632
570
574
966
561
561
614
556
1184
583
568
573
597
1115
571
983
625
566
600
577
986
581
1563
782
727
701
782
893
960
797
692
676
733
719
779
665
649
1312
605
843
550
604
774
564
1300
619
869
638
623
1158
567
1024
626
576
800
566
1150
636
666
677
595
1104
591
611
580
589
1357
620
1062
593
699
711
557
1342
925
658
584
628
1543
1043
1258
1187
1050
1961
1254
1619
1082
772
1166
573
2245
1212
1415
1331
972
1329
647
1185
613
1323
1184
1681
2098
1184
659
689
727
1081
613
666
590
699
707
713
625
777
654
697
597
1073
625
845
829
782
2071
733
726
571
765
780
637
689
636
656
700
594
1035
704
640
659
653
604
748
1196
1032
2185
629
654
597
591
848
576
601
599
607
1055
644
1015
606
625
616
562
1192
596
548
673
553
1071
634
647
931
1232
2130
597
1065
608
562
619
566
998
585
549
596
722
1202
608
995
585
576
575
612
1110
558
596
605
574
1060
553
1094
650
586
620
572
1200
541
599
524
608
1018
583
1174
717
545
589
607
1060
598
1280
607
605
619
611
762
619
535
584
663
1170
599
618
580
620
1034
614
857
607
541
598
625
860
625
1079
567
610
613
647
1201
589
576
607
549
1016
577
1057
536
596
596
660
1157
563
677
596
572
1035
536
853
573
562
592
546
1185
625
598
675
587
1101
559
1212
601
567
609
553
877
569
563
579
564
1216
580
604
570
611
1109
577
1203
585
556
639
591
1017
594
664
1046
696
777
578
1191
597
615
608
627
1071
584
574
594
573
997
625
1141
568
573
560
563
1303
670
613
616
610
738
566
1279
789
630
574
595
740
564
551
553
592
1206
591
608
591
574
1128
554
1203
622
576
572
578
1164
605
573
607
573
1063
530
1149
610
528
682
644
1231
618
567
651
557
1033
541
586
580
573
1242
560
939
577
616
652
582
1103
583
564
584
562
1110
581
869
571
585
703
536
1231
629
570
576
570
1043
650
791
613
584
587
604
1468
635
1355
617
615
589
597
995
582
571
571
767
1770
606
975
657
638
705
588
1248
588
588
578
608
1022
584
1124
575
568
772
577
1100
647
564
601
568
1361
611
1302
599
597
576
604
1172
597
664
637
599
1394
606
591
578
555
1091
936
1280
593
648
591
592
1046
597
607
534
588
1337
621
1026
599
599
572
601
1237
782
579
610
580
1222
606
1018
610
610
559
524
1262
607
571
672
574
1220
592
578
553
548
1156
546
864
572
594
637
534
1317
597
624
565
609
1183
658
1074
578
532
619
593
1188
574
645
