4128
4292
4258
3757
3859
3046
2714
2541
2065
1781
1701
1278
1329
718
647
578
612
573
683
577
879
616
744
905
1470
1220
1179
1090
593
630
588
641
649
615
661
647
590
603
578
568
1149
637
800
655
607
605
572
1753
1083
1150
1044
1181
709
629
994
626
1024
619
618
592
627
1039
596
1043
583
587
583
748
1426
949
697
635
884
1072
972
636
581
885
962
1019
2238
806
920
664
599
587
621
1466
675
606
568
599
849
605
1146
599
625
562
641
956
602
1404
965
800
680
602
585
548
673
648
639
1340
678
770
666
618
653
684
1018
951
1384
644
585
587
657
697
598
1434
597
623
554
620
868
585
571
605
609
1574
638
951
661
621
773
619
1236
646
601
563
689
1229
651
650
554
684
1291
628
581
607
653
1142
646
671
628
599
975
562
1081
595
621
598
548
1226
648
620
601
592
1128
550
560
592
592
1130
582
572
677
597
1252
665
578
550
620
838
647
1150
634
601
636
611
773
716
657
649
611
717
601
679
616
561
1234
642
671
627
666
942
643
1282
719
639
635
795
1219
630
602
638
643
638
621
736
655
684
676
677
821
596
644
606
595
625
592
1009
631
745
616
749
875
615
656
637
615
1210
631
564
597
647
682
592
1324
696
647
601
595
860
576
592
586
626
1350
611
855
549
593
640
579
1317
661
655
636
611
1145
613
618
556
607
799
607
1249
603
612
831
701
1302
606
566
605
569
1303
643
640
584
609
1135
590
887
628
568
633
797
893
590
532
772
605
763
582
1444
626
568
603
667
782
627
567
625
563
1316
569
599
592
595
1136
588
868
586
588
824
548
1197
573
561
572
588
1264
610
601
553
682
1946
699
1851
996
1180
1147
2102
3165
1404
894
760
752
717
732
755
731
767
741
885
719
704
692
793
947
701
753
691
705
702
844
975
1214
1068
1158
1642
1046
1850
983
1274
1595
1578
2877
697
653
851
729
2639
677
2076
634
635
1655
648
839
583
628
596
656
1280
643
615
613
611
784
629
1168
633
574
675
836
729
595
528
588
571
1150
613
1250
681
841
638
604
833
616
572
819
627
802
583
1293
562
612
715
585
1404
628
594
660
635
1315
640
632
714
593
818
574
1266
616
613
790
575
1148
590
628
596
581
1203
599
598
540
588
1342
628
1036
622
613
719
608
1190
595
601
599
575
1151
586
1136
575
633
718
603
1186
631
571
590
562
1095
628
1115
602
627
695
598
1290
603
583
626
583
1367
621
584
573
556
1113
593
1125
590
602
721
599
1184
655
576
609
575
1294
597
567
592
583
1278
582
872
634
581
622
609
1200
591
826
790
700
1734
635
724
602
534
912
640
1120
573
584
593
560
1040
586
1216
597
585
732
554
984
694
611
655
600
899
626
1192
543
603
616
553
1242
611
576
627
593
985
598
540
591
543
1181
1558
1504
671
688
1434
608
2184
639
578
695
626
1396
667
1109
582
795
637
743
924
590
740
693
606
1075
598
1161
615
648
629
702
676
557
687
611
581
756
582
1177
611
611
581
620
579
592
684
592
606
726
578
600
571
649
968
563
614
616
578
610
581
970
656
628
1023
674
594
578
570
588
590
1245
584
635
543
635
828
567
1232
656
599
686
582
669
697
632
662
587
1461
610
666
605
581
1016
599
1183
624
654
675
603
1175
616
524
665
631
1094
627
1253
691
540
779
589
1106
595
631
659
532
1282
802
714
669
583
1061
659
1344
599
679
625
705
916
602
568
603
570
1318
973
686
668
974
591
662
622
610
644
618
658
656
610
664
626
619
667
609
906
650
625
677
680
634
651
798
635
652
639
653
611
659
759
862
788
732
646
935
636
624
650
604
618
654
1065
622
711
658
676
1029
601
703
668
606
1187
624
802
592
569
713
605
1025
636
1060
671
671
554
676
1018
611
1352
619
547
660
619
1039
628
614
752
879
1213
1155
1401
946
1104
1042
1006
1113
1125
1124
1118
1144
1143
725
671
899
998
1055
1258
1482
1157
919
1146
1035
793
816
778
816
1085
824
960
1075
1338
1551
1751
1994
1880
1812
1804
1721
1600
1463
1392
1107
868
947
940
1968
649
2488
634
644
1091
971
1100
1063
2705
1295
1247
1127
1034
1137
1316
2661
1142
1114
1338
1209
1041
732
704
644
725
708
623
1043
1123
1186
1105
1135
1057
812
789
759
855
796
836
948
707
896
625
1299
632
673
951
921
865
803
983
1129
1006
990
1334
1223
1367
1431
1063
1077
1177
1264
1277
1950
1375
1096
1112
1022
880
991
1324
789
944
1048
1241
1398
1513
1636
2068
1014
1005
1339
647
1113
661
1211
627
649
904
685
1689
641
719
633
613
824
634
783
643
619
629
597
786
613
873
618
672
699
607
1310
606
621
588
629
627
595
815
619
597
634
857
1129
1412
1356
1398
1691
1727
1669
2216
911
897
811
856
1309
865
838
780
930
945
1192
1512
1691
2061
1561
1668
1454
1610
1675
1021
1281
1382
1696
1993
2233
2347
1893
2070
1903
1459
1569
