3128
3388
3629
3708
3744
3508
3090
2679
2458
2062
1555
1333
592
557
594
663
630
523
1226
495
508
489
529
705
485
488
533
491
966
496
510
540
489
859
541
1035
817
953
1049
1174
859
798
830
859
988
1201
1306
1412
1525
1615
1758
1921
2023
2088
2208
2328
2436
2331
2033
1888
1377
1752
2005
1560
1423
1499
588
518
545
495
534
619
545
517
608
491
983
619
1029
512
570
846
606
1174
1032
1390
599
897
964
809
1243
617
530
558
515
793
525
875
458
493
491
518
923
467
935
569
515
488
520
935
645
989
665
692
763
777
840
956
1086
530
546
540
611
1024
522
521
467
525
1005
510
759
497
497
546
511
819
605
1656
791
694
734
532
553
478
745
558
511
534
508
1076
716
914
585
599
582
537
1093
497
550
503
551
1140
523
1209
901
631
523
532
669
586
937
583
547
540
664
1218
565
723
543
543
546
487
1051
525
569
617
524
1193
659
776
759
733
601
597
843
524
1045
496
493
739
568
1023
508
529
514
541
946
527
1008
550
551
518
524
932
567
1084
806
585
764
522
1076
495
504
506
512
979
533
708
485
492
548
545
1153
559
925
541
480
536
549
1027
540
935
528
603
555
547
899
550
1321
591
548
597
507
874
523
522
522
534
1083
538
853
533
557
588
519
1140
531
753
508
502
1051
522
563
543
1258
533
506
525
539
972
764
886
997
1142
1031
519
683
519
485
565
471
1156
524
907
497
545
745
804
904
848
1287
501
487
667
507
925
516
1003
487
471
556
488
1249
596
517
495
482
1066
472
809
508
486
512
555
904
469
959
463
667
466
576
1080
478
546
477
515
1131
522
737
543
514
782
564
688
479
1212
556
518
561
553
893
509
1018
507
503
537
509
1067
507
477
498
541
1084
473
1024
541
464
544
514
1114
537
668
524
523
617
508
736
544
1315
534
567
519
532
1029
535
537
511
494
910
512
1120
585
534
495
722
970
493
970
578
478
655
482
1179
810
1044
1280
1531
1758
1146
826
835
768
757
854
755
826
874
950
1126
1266
1495
1657
1851
1915
1985
1656
1504
1407
1422
1373
1336
1383
1374
1311
1308
1281
1241
1314
1385
1270
1268
1202
1106
1113
1080
969
1017
994
920
860
763
730
843
816
1013
1151
1262
1411
1602
1781
1947
2032
2097
2238
2363
2546
2779
2873
3047
3336
3509
3617
3796
4028
4123
4306
4470
4608
4785
4895
5010
5112
5346
5549
5710
5841
5973
6088
6065
6247
6420
6441
6533
6480
6589
6800
6969
7162
7064
7224
7340
7259
7156
6794
6675
6288
6173
6071
6010
5857
5510
5385
4808
4730
4629
4579
4398
3738
3683
3604
3649
3531
2817
2678
2075
1938
1863
1788
1747
1173
1059
911
758
746
574
552
583
555
1104
607
547
617
545
587
553
856
598
570
585
575
862
551
588
558
620
914
651
1091
506
624
518
631
1046
545
638
580
539
1169
619
1137
645
620
587
595
1138
517
514
595
584
1094
532
1054
801
943
1089
1261
1514
1489
1660
1682
1849
1888
1723
1792
1840
2010
2042
1684
1606
996
913
850
786
1104
539
484
504
563
1188
519
928
533
524
554
493
1187
528
578
548
553
1115
538
510
574
513
1081
532
1008
542
520
611
521
1255
758
869
1040
1143
1368
1278
1430
1541
1708
1852
1573
1486
849
794
704
608
1062
560
519
590
545
869
491
1183
515
528
559
527
936
836
577
596
493
1082
604
1067
567
565
637
561
979
501
541
538
552
1046
516
495
518
552
1231
558
964
756
569
525
537
794
545
531
535
476
1180
551
995
471
526
661
536
1161
485
543
523
518
1132
482
864
488
561
751
730
1121
899
1072
1112
819
891
1033
1265
968
1107
1250
1400
1581
1161
1472
1227
939
2017
905
1302
561
542
541
504
542
511
587
530
578
756
774
1040
540
514
534
506
539
510
529
522
537
635
526
530
511
539
877
562
834
510
536
517
505
507
545
537
528
540
836
538
524
688
740
849
535
671
542
539
554
520
949
556
528
551
538
556
545
698
691
573
606
535
706
574
909
546
579
551
577
543
605
537
575
558
554
630
1210
549
584
560
575
537
550
610
573
581
559
584
924
557
744
816
933
1021
1133
1250
1341
1419
1566
1685
1852
1711
1847
1913
2122
2318
2407
2464
2256
2102
1986
1432
1344
1112
1071
730
507
724
459
1185
534
511
543
511
781
542
527
563
515
640
536
894
541
509
538
510
654
520
517
531
510
760
518
1000
524
516
532
510
536
507
541
511
871
682
781
1061
538
544
606
555
560
517
498
497
495
1078
513
519
516
518
552
544
901
540
555
515
511
685
543
511
543
549
689
533
518
548
554
676
544
925
538
534
677
727
825
915
980
1137
1242
1268
1365
1487
1583
1634
1746
1846
1965
2030
2094
2190
2212
2314
2382
2415
2531
2602
2713
2785
2835
2907
3042
3177
3227
3317
3441
3528
3616
3599
3648
3710
3791
3868
3944
3975
4043
4121
4281
4335
4388
4473
4588
4658
4768
4872
4911
4940
5048
5142
5232
5567
5685
5782
5889
5985
6036
6131
6181
6250
6098
6084
6151
6223
6287
6307
6416
6508
