3084
3447
2316
2235
1796
1066
1279
1220
1066
1190
1282
1829
1313
2071
1172
1099
1314
1524
2874
1060
1013
1036
1035
1550
744
1379
1310
1194
1207
969
1693
739
1441
735
696
856
973
737
744
697
696
731
1240
782
1369
1143
954
716
665
611
643
599
793
721
1360
1013
1210
1040
1353
1897
1308
1235
955
1440
1190
878
789
749
755
646
660
1361
715
1011
900
658
619
606
1194
695
1342
742
652
830
754
1270
734
732
712
733
1201
718
1385
701
1051
993
964
919
992
897
1063
964
1172
1161
1188
885
857
754
798
1171
832
719
1018
1120
1135
1024
1119
741
641
607
621
581
739
756
718
738
1177
785
1445
691
837
870
739
886
743
648
691
729
1230
678
1244
799
775
686
686
1169
729
690
628
628
1442
674
748
693
707
1309
696
967
918
745
717
706
1243
722
687
653
608
1434
679
1386
766
895
1614
736
2485
698
626
874
1175
2266
1015
1375
973
1065
1124
1209
1359
1551
1679
1757
1930
2011
2114
2335
2441
2562
2554
2342
2196
1523
1358
1216
1072
1288
706
873
914
8630
1060
976
1334
1106
1070
758
704
708
710
694
673
823
953
719
635
630
585
741
771
751
718
680
752
1001
904
761
720
662
659
617
636
1335
727
681
697
654
1494
734
790
657
804
1338
717
668
639
624
1332
717
1492
1024
1120
1394
1316
2435
1129
1392
1232
976
1916
1133
1330
992
969
2670
1056
1119
1275
1331
1112
983
2541
871
900
1211
1170
1052
1208
751
755
722
717
870
1001
960
795
753
780
1591
680
1193
716
629
772
651
1137
600
657
692
632
1185
641
601
940
769
2050
749
1174
870
646
578
654
1136
633
629
712
736
1158
629
1358
619
614
587
1519
661
706
568
628
644
1118
651
726
588
589
1264
633
1335
592
632
575
601
1061
654
797
1214
1362
1905
684
1221
634
806
630
604
1193
671
863
642
620
880
612
1296
637
575
625
606
1086
613
561
643
675
1409
825
602
584
589
883
595
1046
607
648
656
598
1112
747
647
890
722
1550
674
862
579
657
775
575
1267
821
721
795
672
922
585
651
645
577
981
623
1296
672
579
579
588
1132
671
585
605
609
1046
579
1298
644
579
566
608
1211
568
659
859
744
1061
625
596
641
601
1119
607
1309
645
596
687
566
1357
682
617
553
575
1194
616
647
615
930
1390
605
1114
623
614
791
1082
1637
654
1136
632
605
702
591
1460
609
613
597
668
1789
696
1800
684
653
767
633
1861
1040
1992
625
662
611
616
1164
599
822
634
581
1058
685
1040
619
619
563
591
1181
611
1067
607
624
590
622
1104
640
1220
610
622
615
642
1032
615
1197
636
581
607
818
1661
759
633
642
691
1251
640
1384
669
629
597
680
1308
654
664
619
598
972
608
1286
581
643
623
601
1324
617
841
590
630
668
576
1177
668
624
585
578
1185
607
884
615
563
687
607
1467
648
896
616
585
616
611
1397
606
812
619
1221
795
761
1779
675
942
712
695
628
648
631
619
1157
662
673
659
667
624
694
676
693
767
762
674
865
673
635
633
718
676
701
949
639
646
671
613
638
668
1063
623
691
731
755
791
589
1212
622
684
636
634
836
623
617
650
620
1124
685
662
635
668
645
661
836
768
1073
632
648
677
640
950
634
1187
652
646
648
621
650
615
662
656
618
821
647
876
835
917
874
689
870
624
1128
608
656
631
631
833
649
671
737
627
690
657
1171
664
618
707
661
637
637
1301
1318
1612
1489
1280
1180
873
758
664
654
1009
653
1257
642
602
614
674
1255
620
1411
846
950
896
850
925
875
675
694
669
649
610
648
619
1249
642
629
832
633
835
621
813
609
600
1465
660
888
614
586
627
581
1529
633
805
605
566
681
640
1046
625
1276
677
617
628
612
1344
621
597
634
613
1141
698
1327
693
601
605
580
1204
606
830
588
614
612
617
1545
811
857
665
791
690
664
1256
604
885
648
608
599
654
1331
702
662
650
598
1061
676
1529
694
622
635
661
844
610
1393
693
670
656
619
1129
708
637
615
623
1413
644
1857
1612
1204
1134
677
1277
626
663
703
630
1232
666
638
781
651
2367
1642
1537
1634
1701
1550
883
716
697
700
697
679
1365
1126
1035
985
617
1468
662
702
662
664
840
878
715
713
687
854
656
704
676
652
923
664
1220
681
565
685
624
929
635
565
636
604
1211
724
1276
629
642
577
618
1107
842
699
669
645
666
666
1297
699
668
578
629
1088
690
607
1258
864
1548
694
673
677
658
679
670
1184
606
622
571
696
1292
679
712
726
665
1157
887
1164
994
973
724
684
682
715
620
586
650
885
619
714
628
664
1415
814
665
734
699
712
874
778
726
1359
612
579
684
695
1312
670
690
669
578
1274
718
1129
648
648
636
610
1358
656
634
611
674
1368
615
1056
674
627
619
594
1168
600
1289
646
588
597
591
1389
790
671
787
650
1141
648
1257
635
654
681
635
1314
726
608
702
596
1141
621
1189
622
610
782
656
1726
703
676
1003
1258
