4225
4381
4514
4654
4030
3687
3461
3091
2549
2008
1565
1280
1171
1227
809
1210
644
570
565
596
1038
698
1467
1062
1195
1135
788
673
619
624
597
860
889
598
686
640
594
1277
672
640
569
563
1088
722
1631
998
1331
909
651
653
589
606
726
688
1301
641
919
679
656
622
633
1499
720
673
607
601
1200
1028
1344
799
1068
980
1044
973
776
1014
1006
989
1282
894
1972
662
611
583
616
888
900
1254
659
577
603
548
1307
653
641
586
570
1243
687
730
601
750
979
673
1386
628
645
605
598
1116
689
633
719
1037
1738
684
1245
683
721
700
683
1181
677
679
635
658
1135
723
1170
706
637
690
679
1227
645
623
571
593
1186
882
1447
658
691
745
667
1119
668
1197
653
651
672
599
1033
620
631
614
932
2204
680
659
598
629
1036
580
868
593
557
600
605
1072
988
1854
640
616
598
613
1211
584
706
576
610
1048
608
1138
990
1201
1449
942
2199
626
632
581
596
1129
577
994
591
654
643
588
1238
578
590
581
599
976
584
1159
604
630
719
584
1009
762
879
1030
1198
1391
1383
1520
1700
1654
1517
868
882
654
572
715
598
1022
616
625
583
609
1006
592
1147
548
605
574
628
1288
586
582
576
570
1057
951
1984
581
594
944
943
2066
1032
1004
905
675
1896
621
2058
593
570
820
641
916
596
535
629
579
1342
583
572
573
644
1038
647
1273
647
616
568
567
947
560
598
598
617
1025
612
1296
602
603
563
633
970
586
525
621
599
1175
596
580
583
592
1139
555
823
632
576
646
575
1247
581
772
1036
1330
2139
612
1082
600
669
674
612
1086
574
626
600
582
1100
595
814
620
564
574
665
1108
605
1298
622
604
574
573
1191
582
537
600
605
1153
581
1198
621
542
556
617
1223
550
556
569
577
1003
565
1247
667
586
746
561
1085
593
558
583
581
1302
599
1333
584
580
670
645
1373
661
620
635
560
1446
629
583
593
611
780
550
1363
592
571
643
583
1115
580
574
612
583
1296
590
1129
582
551
674
582
1247
609
595
569
568
1060
588
1315
575
603
646
598
1010
571
610
651
843
1099
641
864
603
602
1239
605
1038
575
620
623
596
1236
608
582
554
605
1421
607
957
707
655
588
594
1383
637
818
574
585
1176
579
1204
619
572
577
596
794
572
607
816
668
645
618
1302
635
596
576
609
800
593
568
563
601
1260
685
1314
621
630
567
597
1146
620
553
557
566
1287
655
1027
654
650
638
594
716
602
593
617
601
1105
635
618
603
683
611
678
859
616
645
636
631
1208
640
624
674
639
618
635
660
599
695
637
623
730
611
1000
605
614
596
639
773
604
1137
616
664
660
623
608
637
651
649
626
607
650
1170
636
590
703
602
637
616
607
636
604
819
881
1926
980
1295
1596
1687
2745
2388
2180
2045
1857
1596
1348
1188
1016
860
708
651
852
670
771
950
711
642
641
761
644
815
660
607
638
611
652
631
1181
658
615
680
634
622
639
1010
636
632
774
695
620
627
698
615
691
582
654
1139
566
619
575
611
1182
573
738
599
547
600
654
1074
610
1401
881
805
757
668
596
594
1036
601
624
567
583
1139
642
1169
583
900
1453
1377
1878
941
1096
933
973
1366
1124
895
949
879
976
1010
1092
1103
1162
1210
1364
1502
1531
1592
1496
1599
1746
1799
1922
2086
2235
2306
2428
2420
2517
2559
2667
2741
2731
2837
2931
3032
3138
3212
3345
3450
3576
3690
3776
3812
3925
4038
4123
4100
4183
4219
4333
4438
4651
4732
4858
4968
5077
5110
5186
5254
5342
5396
5445
5574
5702
5833
5911
5764
5696
5708
5472
5351
5168
5021
4927
4270
4159
3390
3313
3188
3127
3038
2634
2578
2459
2412
2313
1694
1545
1329
1281
937
789
842
576
1233
653
573
565
566
851
593
1256
698
870
688
628
682
595
574
715
662
1319
613
710
559
564
713
574
1190
673
768
611
596
576
589
1204
595
568
560
534
1281
676
714
585
575
843
618
1485
647
600
587
542
593
575
1139
567
1132
611
597
894
664
1670
686
623
600
687
959
631
644
665
985
683
626
802
645
900
608
603
631
609
782
617
1036
613
846
747
675
629
602
670
602
609
774
622
1137
620
603
559
678
1103
685
808
548
723
986
620
1040
645
622
604
664
977
1016
1274
829
690
842
600
616
599
622
1179
651
633
808
612
694
938
1972
585
597
622
606
604
597
576
611
593
782
690
624
602
611
1119
599
800
820
927
1296
628
1062
600
603
598
916
1259
599
588
617
560
1173
579
639
611
609
602
579
1292
618
573
629
564
999
559
595
633
573
917
618
1090
561
580
654
763
809
591
585
592
563
980
604
1212
559
592
578
565
952
553
552
597
608
1050
531
585
526
593
1139
604
966
570
543
563
681
1232
1114
1991
712
803
972
1035
1926
1489
1141
1379
1346
1563
930
770
765
662
1478
1184
721
660
629
620
661
1042
952
1966
1174
793
894
709
2375
1075
1557
1029
1194
1376
1059
2776
998
1101
879
918
2073
985
1940
976
1192
1323
1282
2166
