3787
3864
2890
2483
1907
1393
1594
1463
1276
1461
1226
1398
797
722
635
648
708
703
925
649
828
643
653
628
630
909
664
633
631
646
631
960
2254
958
842
692
653
634
669
640
665
648
656
658
648
656
697
653
675
1017
685
641
657
650
1691
908
708
657
591
858
921
1241
673
665
791
668
633
676
788
664
830
1435
770
645
672
2138
1001
939
1460
953
673
625
640
991
758
669
605
633
1424
589
635
560
587
820
709
1604
974
1122
667
713
979
619
691
599
681
864
848
1101
601
682
767
689
833
654
704
907
941
1170
810
1303
845
644
668
621
852
644
642
667
721
1620
668
617
630
595
754
593
1459
727
689
609
687
923
627
872
969
598
1375
973
1009
839
967
1180
1346
1491
1585
1810
2028
2271
2411
2449
2449
2546
2618
2626
2599
2491
1884
1544
1227
1239
1387
1072
827
566
711
631
596
1251
657
614
651
632
1279
640
1061
699
641
786
627
805
925
733
634
847
835
640
1344
660
580
638
613
1209
877
961
1108
1297
1480
1495
1567
1428
1185
922
852
2364
632
546
610
589
583
569
618
619
541
1371
912
638
584
642
606
618
811
606
630
589
592
1231
1197
885
625
593
680
564
840
643
574
568
574
1528
665
688
581
534
690
566
1053
764
711
699
957
1340
1147
1691
965
1266
1577
1607
1698
1655
1897
1954
2054
2254
2227
2340
2404
2544
2429
2341
2121
1289
1143
1095
1033
1299
1018
1621
605
696
924
1004
991
629
547
607
580
1223
640
822
866
956
901
984
1121
1101
1134
674
960
946
1003
1258
1197
938
1096
1261
1473
1531
1447
797
698
602
675
1509
647
630
671
660
778
629
1492
936
944
1069
920
1045
1267
1406
1636
1811
2056
2198
2435
2278
2439
2609
2413
2475
2660
2714
2532
2398
2536
2065
2064
2070
1916
1500
954
1391
620
560
600
575
1566
1031
632
621
665
643
574
648
568
584
688
565
1356
1093
1106
710
586
768
769
825
558
732
2145
1173
828
596
672
797
556
1413
646
576
607
566
1004
724
934
844
856
866
829
1018
977
862
1143
656
1698
591
574
561
566
1273
619
556
590
556
1194
664
898
914
1082
1218
1144
1080
604
597
571
595
1032
593
635
517
610
1055
584
1199
613
579
713
592
1024
580
615
671
602
1139
665
839
644
553
1027
617
868
564
598
573
608
1061
584
1092
664
576
701
573
1069
570
573
634
570
1096
589
650
723
616
1350
763
928
819
989
1187
1358
1561
1426
1600
1504
1708
1818
2025
2146
1755
1703
1169
1063
911
808
694
596
1255
637
606
594
548
955
529
554
552
547
1196
630
775
573
559
548
591
1046
559
1175
698
585
561
573
1087
854
1002
1151
1320
1510
1516
1657
1560
1773
1813
1695
1564
1066
943
1118
1102
673
648
849
578
663
595
583
1178
626
564
597
560
1037
546
957
528
639
594
593
865
558
1252
568
581
636
528
963
611
918
870
1025
1135
1101
1284
1228
1370
1292
1199
1311
1294
1455
1482
1345
1455
1414
1582
1855
1722
1843
1870
1775
1460
1676
685
877
933
689
2126
686
2222
651
689
914
1066
1589
927
1066
1184
1387
1607
1691
1849
1741
1887
1278
1285
1267
1060
947
917
941
1001
998
964
853
849
925
951
981
870
797
858
822
834
811
819
800
822
894
955
873
1283
675
637
726
675
622
685
702
624
731
1579
654
680
892
667
1339
920
1085
1117
1129
1219
1083
1235
1268
1444
1123
1308
1153
1206
2176
953
1680
1039
1041
1125
976
1402
679
715
985
844
2147
711
2863
1030
1243
1420
1375
1697
888
918
914
977
1130
1049
1121
1323
1475
1709
1959
2030
2030
2231
2328
2268
1798
1762
1886
1842
1596
1019
1192
1360
1244
1502
1096
2063
1009
932
895
1102
1267
1298
1432
1467
1634
1796
1709
1474
1203
898
788
1319
1384
1137
810
793
901
837
1025
1217
1058
1326
1017
1030
752
1027
1291
1471
1572
1460
1491
910
859
799
775
777
789
1008
1326
995
1307
1545
1295
1375
1695
2040
2236
2131
1205
2220
842
1017
856
1007
791
1100
6889
1401
1270
3386
1305
1285
10779
1228
1193
1003
1140
1089
12063
1570
1222
1244
1323
1220
6749
6630
6482
6457
8712
3139
3045
2686
1916
1091
831
1115
1144
1110
1023
917
1048
986
2092
1339
3088
4766
3663
1891
4055
3280
9859
7347
7098
6922
7268
6783
6486
6107
5939
5555
4007
3397
3218
2381
2245
2308
2250
1815
975
1110
1114
1359
1351
1533
2979
1058
1305
1574
1033
2730
1099
1312
1794
1054
2853
1097
1242
1461
1128
2558
1067
1252
1617
1638
3049
1053
1386
1104
1066
2270
1110
1157
1273
1569
2829
1083
1498
1085
1286
1608
1179
1209
1401
2564
1103
1368
1428
1060
2277
956
977
1255
1597
2907
986
949
922
778
1045
1107
1329
965
1187
1974
949
1451
768
876
987
1311
1645
955
1975
716
663
675
625
736
608
563
721
643
1367
641
616
620
610
1052
643
1143
747
1006
1757
822
1022
913
714
823
727
913
941
1005
853
947
1798
872
1513
1028
975
1051
1162
1369
1329
1195
1296
1458
1705
1724
1482
878
830
1099
827
1848
1118
1278
1123
1414
1566
967
806
714
794
963
712
906
702
1000
984
926
1289
1285
1187
1151
976
1241
1101
2402
1294
1068
1082
1152
2135
1786
1228
1158
983
978
