3844
2625
2640
1948
1792
1757
1029
1152
1165
1161
844
862
932
1062
1314
1469
1537
1641
1745
1843
1709
1982
2219
2433
2047
1801
1763
1108
1141
1213
1400
1477
1568
1687
1715
1848
2002
2234
2417
2546
2603
2850
2770
2365
2137
2162
1711
1416
1154
988
912
945
920
939
919
706
666
858
989
2724
1539
1297
1241
1137
1361
1087
992
891
1100
1020
907
890
972
869
889
839
735
984
996
1207
1385
1494
1712
1851
1746
1654
1116
1138
844
587
1363
691
662
616
591
1346
622
622
678
612
1271
586
1145
617
591
775
622
1122
630
918
610
610
1397
631
596
646
617
1249
584
1214
666
717
624
1297
902
605
608
609
608
1453
755
782
562
638
803
634
1139
619
645
652
642
1056
623
1226
671
635
802
629
1177
659
1033
1041
933
835
772
799
724
690
711
775
1573
1061
817
665
598
1219
1023
1327
642
647
557
627
1188
575
661
586
720
1393
562
817
594
575
578
580
1148
742
785
572
648
967
589
838
686
1372
621
562
649
567
1178
656
603
627
570
1128
634
915
587
540
609
603
1349
559
613
848
1029
984
813
1476
613
572
552
561
880
562
1389
555
602
578
594
1076
581
674
676
553
960
533
1259
593
558
571
607
1162
545
611
665
548
977
643
1239
551
588
575
621
1084
532
611
641
579
1016
731
1453
646
569
570
592
839
579
626
621
586
894
619
1349
597
669
617
615
1066
604
608
622
607
1096
575
609
529
601
1124
543
1035
658
663
623
590
1113
578
610
537
597
1114
586
872
621
531
645
646
1410
611
533
594
580
1013
600
1015
528
610
621
564
1152
587
641
608
581
1189
544
874
684
560
607
615
1131
577
605
579
634
1008
575
1479
628
578
559
585
1007
555
978
595
587
581
599
1191
565
877
896
756
2073
969
1360
995
1308
929
1181
2055
1020
2295
950
1192
1393
1465
2673
1036
1264
911
1192
6026
4356
3917
1525
1654
1888
1793
1735
1604
1408
1223
1103
1259
649
1007
559
707
626
654
1319
630
595
620
606
1306
685
891
660
622
786
580
1379
704
593
599
568
1042
601
843
633
568
626
617
1383
563
629
589
635
1208
810
679
596
602
598
627
1076
620
1098
874
978
1155
1273
1450
1562
1732
1856
2037
2189
2175
2379
2151
2340
2533
2715
2833
3036
3147
3239
3384
3595
3563
3672
3689
3804
3697
3640
3478
3256
3099
2424
2246
2085
2011
1892
1601
1491
1248
1160
1271
624
634
645
612
675
637
1192
647
617
639
603
766
650
604
643
638
762
637
878
596
740
677
610
782
634
1239
646
694
836
798
743
784
847
829
785
789
708
685
743
728
683
660
626
599
662
639
569
689
615
638
739
688
616
603
615
600
643
670
603
951
624
598
633
670
1017
612
612
603
679
639
588
631
608
599
675
638
1014
694
606
646
619
739
630
919
620
633
630
606
639
591
596
618
620
755
650
1056
563
612
559
604
1021
549
597
582
571
1344
586
972
645
569
652
581
1117
632
566
590
535
1041
593
850
556
1505
583
578
600
565
754
582
540
784
620
941
555
597
594
617
995
553
1314
677
580
535
567
800
612
553
593
597
982
580
1123
582
545
841
679
1015
632
602
574
563
1167
556
629
558
576
1102
581
851
980
868
627
627
629
634
1168
653
613
637
573
1014
583
531
703
632
1359
621
630
629
820
896
980
1347
922
646
638
555
768
631
682
669
606
887
573
1327
626
622
616
608
624
603
597
722
808
956
886
957
1046
1126
1294
1157
1075
675
634
645
559
683
550
666
666
628
1222
625
634
656
645
1040
628
648
625
595
752
625
858
670
628
602
670
619
606
850
634
611
628
620
639
628
1178
625
668
610
601
655
606
643
635
609
815
618
993
592
781
611
625
622
620
634
631
594
762
628
834
630
638
658
628
663
778
1200
692
627
635
622
638
633
1239
661
678
636
611
784
778
642
722
648
624
964
1089
1050
695
667
711
701
685
804
728
722
652
672
703
642
678
656
636
691
645
868
676
809
695
664
913
652
1124
667
788
673
577
800
638
1166
687
634
649
777
702
662
657
619
661
701
983
1169
722
646
705
660
625
745
740
679
1345
699
1087
1127
974
1082
1228
1418
1231
1324
1254
1159
1459
905
955
973
1025
1851
749
2425
1082
1018
1013
847
639
753
1415
798
782
1197
974
902
861
909
796
776
756
799
2109
764
818
930
880
1596
1196
919
971
1053
1088
1199
1878
1083
1037
1016
1205
1349
1530
1474
1337
1884
660
701
1519
911
2303
1023
1007
1109
866
707
727
2102
1211
1006
868
837
1736
1029
1333
922
1113
1927
1075
1985
977
972
851
973
1470
997
1038
1015
976
1228
1395
1014
996
967
1041
1020
993
1106
1010
993
979
819
845
832
828
803
828
846
1007
886
813
769
816
721
757
746
774
807
739
745
777
759
788
777
783
956
793
657
614
641
613
664
675
2197
1123
1143
1350
1017
928
1024
854
791
801
810
779
777
788
1106
1062
1025
926
1107
853
963
935
1344
815
2133
967
823
857
844
928
1025
