3937
3301
3060
2712
2177
1645
1287
855
1241
978
1794
1307
877
668
611
654
621
1075
686
1464
1034
1032
1142
855
920
1074
1327
1476
1633
1790
1985
1925
1767
1459
1771
641
882
581
648
1049
1315
1892
733
1349
648
638
593
605
1010
584
734
626
624
1367
633
958
1006
1102
743
1160
2217
988
1364
1285
1218
2305
1488
1759
1227
1122
656
660
738
624
1749
663
643
648
622
830
581
667
614
843
1934
1156
1277
922
1041
1405
1137
1128
1226
2237
1359
1530
1481
1488
1171
1083
1990
807
775
696
731
751
773
1000
1339
1922
3356
1640
1271
1309
741
644
662
832
677
1468
720
677
663
751
882
663
631
659
1828
1608
1029
1050
685
721
880
712
727
618
1306
724
625
654
668
885
653
1357
714
1250
795
618
1111
593
663
704
650
1075
633
934
631
660
675
698
1227
622
606
672
651
1217
616
1146
692
631
615
1071
1961
1013
1129
1195
1490
1673
2044
2410
2198
2431
1967
1852
1729
1521
1171
644
674
706
835
1403
735
849
650
658
672
854
1345
903
756
602
675
662
641
1098
649
1141
701
635
760
706
1311
606
661
615
636
1239
681
851
659
618
852
613
891
629
1672
950
1188
1481
1140
1324
1044
1100
955
950
1415
1011
2133
1853
1501
1105
939
1503
1099
894
1406
1092
911
827
2387
1402
2285
1302
984
805
661
636
670
685
646
714
2314
908
1406
1257
968
1524
1120
1722
780
863
645
603
678
634
1447
623
692
1135
809
735
722
1346
685
680
641
608
1082
675
1077
612
570
634
591
1056
859
1184
631
606
582
605
1628
631
602
627
601
1379
658
799
555
719
641
633
1458
559
1161
632
595
646
614
868
640
1724
663
631
607
594
1044
634
1028
587
680
627
620
899
585
1478
800
1038
1040
971
884
1027
910
960
1011
1137
1486
1606
903
955
941
819
893
1086
856
594
604
703
774
1103
625
584
621
612
1249
603
590
600
611
1298
616
1187
682
629
869
649
960
857
636
630
557
1177
617
615
623
650
1436
744
1000
1133
1269
1331
995
1140
1054
1122
1822
1487
1849
1562
950
1112
1003
1000
1193
1483
1761
2024
1977
1814
1686
2094
2236
2237
2062
1571
1460
1012
735
678
919
1344
693
1987
1041
1112
1065
1063
991
1021
1097
1080
1052
1032
933
944
1010
1278
746
756
1268
864
1091
865
1079
1492
1041
2158
1124
1440
857
1068
2262
1073
2068
1153
1116
1355
1606
2956
713
634
642
596
689
708
1428
674
560
723
577
1290
597
624
590
879
1719
658
708
630
673
639
658
744
622
645
805
619
918
627
630
705
663
844
746
1315
615
726
719
631
970
604
606
698
625
1157
566
636
601
668
1171
598
1283
811
643
597
600
1064
641
3282
1227
1044
874
1253
853
691
924
932
761
904
1107
984
976
670
2181
1029
1370
1370
1179
1230
874
664
655
594
615
565
842
608
1253
628
615
757
578
1367
961
1046
687
604
651
626
1406
629
661
681
631
782
613
646
658
670
1196
650
609
662
628
1237
664
920
645
565
644
631
1102
896
1198
668
622
619
623
1075
617
612
612
644
1249
637
872
753
633
609
627
1196
643
599
617
568
1158
631
1245
639
652
663
594
1212
647
630
647
598
1196
633
1112
633
618
607
699
1332
568
673
628
599
1022
625
1176
598
633
588
641
1069
623
740
657
565
1460
667
764
584
666
671
572
1186
605
684
678
620
863
616
1343
640
599
638
616
1058
600
1535
648
669
580
587
1109
611
633
587
654
1358
641
1013
595
585
579
595
1073
597
1303
575
953
1017
1141
2304
646
619
590
600
1091
577
1419
571
614
568
632
1328
601
590
648
639
2258
648
746
628
673
603
628
728
556
607
758
629
1349
638
575
624
646
1408
639
897
608
625
666
635
1107
600
627
597
630
1302
669
1058
580
639
676
609
935
589
1247
575
623
623
610
1459
685
652
624
594
1096
872
927
603
597
549
631
1326
584
643
588
691
905
612
1344
603
734
927
1077
1284
1188
1403
1623
1782
1977
1841
1976
1988
2105
2266
2338
2415
2319
2447
2533
2713
2872
3012
3198
3176
3163
3267
3362
3452
3535
3638
3764
3897
4097
4225
4349
4484
4538
4587
4674
4536
4428
4245
4219
4181
4098
3684
3489
3352
2648
2217
1673
1479
1489
1362
1131
987
1412
2753
2948
9186
12269
10482
11145
10891
10530
10206
6027
5617
3890
3329
5233
2856
2018
1249
1254
1501
1754
2789
1855
3208
2178
1876
1820
769
683
687
775
686
630
920
950
1960
1177
2429
1829
1170
2113
700
655
771
632
1988
687
2755
1557
1298
2020
1422
1991
1166
1518
1878
2355
2755
3051
3546
3173
3501
3765
4219
4476
4404
4617
4349
3655
2770
1716
1277
1073
849
939
811
2141
1144
1320
1441
1662
3775
892
1333
1018
1121
1353
1603
1826
1651
1898
707
630
1906
1035
2328
1643
1186
1564
905
849
768
2325
1061
1113
1231
1152
1064
1228
1106
1222
1484
2084
2241
1495
1618
1904
1740
1726
2031
2184
2276
2290
2524
2769
3009
3342
2860
2933
2966
2851
2775
2754
2302
1405
1308
1219
1800
1628
1083
1322
1275
1412
2470
1154
2367
2239
1274
873
967
2624
1332
1896
1159
1076
1357
1487
3852
1993
3498
3510
1884
2691
1367
1440
1173
1191
1287
2020
2990
1689
2524
