3202
2012
2272
943
1145
1329
1106
1144
1156
1103
718
686
673
660
651
694
832
647
694
657
630
670
657
622
679
746
2163
1308
1514
1030
667
662
648
681
631
680
980
702
1539
704
636
672
796
1056
901
1432
1294
1863
1285
874
993
811
780
1465
669
1348
843
810
828
1003
2237
1491
928
1037
1287
1136
1533
1268
1193
2169
1143
813
1326
636
860
767
1390
898
645
1244
602
640
594
647
1119
571
1003
767
999
1020
1106
1526
931
958
1174
1401
1672
1547
1590
1594
1809
1815
1816
1699
902
777
665
594
857
654
1555
620
1011
700
612
1188
922
902
831
611
948
653
887
676
628
1308
614
1238
745
625
690
616
1349
646
628
622
623
1047
612
1238
558
649
593
667
1177
621
610
677
635
998
651
1122
669
624
761
659
2320
665
701
943
685
2232
597
664
879
646
2625
586
2302
634
632
562
655
1006
556
685
790
634
811
658
1306
593
598
743
600
1068
603
613
649
1860
806
718
1761
641
595
697
579
1103
617
622
778
745
791
642
1346
599
583
638
664
1690
679
561
640
605
826
678
1248
567
634
599
642
1126
616
1083
563
629
625
701
1403
576
1383
616
666
646
600
992
578
1247
555
651
565
726
1344
952
1048
1213
1472
1724
1894
2085
1950
2160
2345
2565
2581
2202
2064
1443
1388
1243
1176
1068
634
871
597
584
599
635
1507
623
809
591
641
626
709
2018
637
5242
1147
1021
17193
1227
1131
1077
1158
1110
1082
10237
1252
1179
1276
1227
1182
10598
1271
1120
2107
956
804
1094
909
984
980
17788
1240
1246
1334
6707
8153
1654
1530
1855
1423
1284
1075
1062
1057
1385
1006
932
975
1031
1129
1380
1726
2156
2061
1168
769
775
682
692
719
676
680
675
891
756
708
641
644
682
659
669
676
601
694
661
701
656
647
834
692
676
707
594
676
686
633
671
642
676
670
596
663
646
712
627
655
743
623
675
641
661
619
604
600
617
615
596
659
609
612
631
574
767
688
647
664
613
604
618
610
651
661
641
970
1271
1306
1215
1184
1431
1716
1714
1844
1315
826
906
906
1595
835
1069
717
888
1058
1292
1418
1076
903
788
794
1199
942
1640
1062
1232
1429
1626
1814
1711
1523
880
794
977
1107
1280
746
1064
675
607
637
656
1085
602
1054
630
681
637
802
1396
698
862
624
616
702
601
1036
632
1085
621
711
634
652
1173
638
1286
649
640
672
659
1157
647
1234
701
641
594
712
1208
662
624
688
631
1188
645
1258
617
633
714
653
1482
676
834
679
645
164287
583
629
535
593
627
525
695
605
546
772
1241
853
680
874
762
812
1508
1061
1111
1350
1730
1001
1122
786
707
704
735
740
766
708
709
895
1106
924
831
1599
1173
940
1210
1147
1311
1378
1156
1093
994
1162
1267
1369
1315
1232
805
1247
1304
1162
1475
1039
1050
671
628
713
560
602
815
923
1027
1223
2397
1097
922
885
1339
1290
1155
1275
582
643
690
654
537
646
646
666
647
785
649
1154
756
1068
774
899
1414
633
640
686
659
1025
619
641
640
772
1445
629
814
652
524
640
555
1087
954
1027
754
883
1817
690
774
629
553
624
657
900
650
692
557
636
1182
607
635
703
699
661
695
856
653
708
603
687
1068
694
1043
556
719
678
755
914
747
757
680
663
685
638
1213
542
664
630
651
1001
605
705
707
657
1090
670
673
645
693
1161
711
1605
730
818
875
612
2224
609
646
801
680
1021
688
1137
707
719
827
693
612
643
788
1003
1036
1623
990
2221
1175
1419
1375
1261
1544
614
650
863
997
667
870
1052
841
1042
1554
583
1370
571
641
583
575
857
1086
1273
1054
1220
2172
634
865
569
594
598
606
1002
587
630
854
1029
2027
617
599
577
582
803
616
1111
613
598
700
616
904
626
611
578
614
1081
629
591
607
585
609
678
1030
640
1364
738
758
1095
568
847
576
649
583
645
658
635
1241
563
650
570
723
1146
1002
1077
834
858
1711
1153
1481
1302
1317
1258
1325
1128
801
749
735
712
961
2406
1014
728
709
776
1365
1193
829
1498
1256
1386
1107
789
827
766
718
753
788
767
794
825
851
682
1153
743
638
595
634
650
663
1235
660
685
699
935
957
901
853
1054
1169
1188
1396
1623
1883
9495
17825
1071
1118
1079
1083
971
1024
3693
1164
8918
2168
2047
4187
1175
13838
1082
1198
1515
1017
2566
1037
1269
1230
1373
2520
1355
1082
1888
4380
1918
1109
1070
1157
1081
1167
1010
1026
1036
1028
1066
1108
2338
1097
2128
1017
1125
1238
975
2159
719
717
634
631
973
619
570
669
688
1086
634
1439
607
671
753
612
1262
703
845
1016
1278
2303
633
837
643
753
1175
605
1206
606
687
1000
1085
2185
1036
1347
903
1019
2445
644
619
614
638
1209
655
1214
686
689
894
605
1227
623
567
648
642
1064
625
1326
667
741
576
674
1220
627
593
624
583
1028
641
1199
622
708
1070
1232
1924
1133
1383
1308
1416
2525
1274
2401
1639
1159
1453
1311
1058
1220
1371
1127
986
2481
997
1189
1218
1315
1190
1204
1294
623
636
970
1112
969
652
650
677
651
1060
623
1380
626
666
607
644
1011
604
663
694
623
