4065
3769
3570
2746
2649
1024
1111
990
947
879
858
902
807
926
829
765
1072
1019
957
1326
759
571
551
580
595
630
548
620
635
565
552
521
541
787
605
557
678
923
586
584
1488
1288
941
992
738
851
576
588
684
571
870
605
1488
666
612
612
581
878
588
617
607
547
1195
885
1328
675
664
586
826
1301
824
961
729
850
819
612
1470
977
795
1059
977
689
664
698
831
653
621
566
1594
681
656
592
620
901
650
1233
645
571
648
676
883
645
1301
668
634
623
607
1344
618
747
791
1096
809
681
1073
627
1054
967
753
1096
627
1129
629
743
858
642
673
651
614
680
701
694
907
1739
636
725
660
677
707
564
571
591
584
1042
608
1203
561
743
807
982
1149
1089
1389
1336
1117
1428
657
639
635
558
925
576
1342
650
642
711
580
994
645
580
614
578
1255
610
615
693
762
1770
677
1041
594
602
660
613
1301
628
599
608
569
1096
626
1324
590
592
712
665
1420
990
779
656
561
865
573
591
656
592
1251
613
785
589
578
601
548
1151
595
1206
570
664
549
822
1168
554
592
648
543
1066
641
1122
596
594
815
583
1129
631
554
622
667
1072
792
867
582
581
890
584
1085
589
642
581
635
1128
549
1176
549
594
594
589
1177
597
570
593
647
1823
681
857
571
616
586
601
1323
629
592
591
597
1016
585
1306
610
614
582
585
1405
636
568
909
631
999
573
1320
594
638
1011
712
867
569
652
668
587
1133
645
881
563
610
577
628
1524
744
629
613
639
649
621
1132
622
610
642
650
605
779
877
984
1123
1199
1307
1478
1545
1634
1825
2004
2001
1928
1985
2119
2316
2511
2740
2901
3042
3148
2891
2740
2668
1932
1808
1713
1532
1463
1304
1212
688
665
663
633
945
642
648
604
629
621
598
821
638
905
630
733
800
628
605
597
763
951
603
953
644
695
892
914
940
1178
1326
1452
1648
1853
1924
2068
2237
2438
2474
2057
1929
1376
1328
1171
953
1249
539
618
548
746
1704
604
1007
616
620
588
570
1413
634
549
634
585
984
614
1108
584
602
747
598
1038
555
787
898
1059
1181
820
658
570
640
769
536
1259
568
662
842
686
841
679
605
603
620
1154
680
1127
607
572
682
630
1043
649
564
873
633
715
638
1487
650
629
606
631
602
635
617
593
696
792
754
1300
655
616
625
564
1241
613
574
578
569
722
636
1356
555
658
612
623
1241
595
789
585
608
598
595
1434
601
715
640
594
638
593
1214
574
1119
601
581
591
523
1289
645
630
619
669
874
698
1235
670
619
608
640
611
653
845
620
615
687
587
1099
637
616
640
627
619
632
832
605
824
638
602
632
641
1215
676
640
619
607
612
597
1069
641
819
598
633
635
599
844
604
678
659
611
645
626
1145
630
647
639
890
898
987
1189
1329
1374
1446
1567
1629
1692
1775
1878
1998
2117
2195
2324
2512
2571
2679
2834
2909
2978
3080
3156
3263
3364
3484
3620
3766
3852
4018
4084
4231
4336
4487
4593
4698
4715
4781
4809
4878
4963
5060
5182
5260
5356
5428
5530
5590
5662
5734
5844
5980
6021
6166
6306
6402
6524
6613
6732
6848
6916
7012
7096
7163
7177
7284
7470
7614
7722
7866
8018
8061
8337
8512
8478
8544
8754
9159
9674
9941
10143
10371
10473
10600
10395
10362
10193
9834
8990
8555
6973
6477
6059
5641
5239
4490
3648
2923
2947
2850
2619
1925
1569
1276
1394
1007
1348
801
1092
1142
1208
1204
1079
1041
1045
1031
1356
1413
1193
860
998
1222
1461
1789
1704
1206
1308
763
737
641
626
621
627
618
619
647
788
614
621
643
901
1063
1044
1130
1249
1841
1519
1067
803
563
842
625
579
596
605
1097
544
984
560
569
603
578
1164
564
1453
883
1385
843
826
986
687
1155
609
639
598
655
1184
643
585
690
593
1185
599
1114
624
592
609
627
1948
1064
1114
973
802
148077
667
489
583
512
631
582
652
548
572
589
605
485
573
1018
582
517
562
574
498
556
490
555
733
1727
644
517
607
609
498
829
1020
889
767
669
603
477
593
498
591
487
835
542
1073
614
549
569
807
744
684
688
765
552
607
493
1208
646
528
575
515
562
620
525
601
612
545
561
703
506
563
513
571
664
583
610
597
493
593
498
587
618
563
568
652
738
496
1070
529
572
682
520
626
539
614
512
771
828
667
620
525
608
653
562
590
541
570
667
622
621
521
643
641
554
1016
534
605
636
511
623
623
518
568
785
813
898
854
933
1011
1100
1189
1275
1379
1495
1592
1671
1732
1914
1997
2101
2147
2237
2274
2381
2519
2598
2725
2808
2884
2966
3000
3026
3128
3160
3265
3316
3373
3492
3614
3681
3769
3862
3939
4043
4166
4256
4296
4409
4529
4669
4786
4830
4909
5042
5134
5169
5197
5292
5374
5497
5600
5708
5803
5898
5989
6066
6126
6183
6265
6383
6368
6440
6580
6689
6746
6867
6998
7116
7220
7382
7457
7532
7650
7810
7859
7986
8005
8104
8199
8342
8455
8521
8648
8701
8679
8736
8794
8828
8904
9008
9164
9267
9390
9474
9619
9801
9930
10052
10179
10338
10468
10564
10751
10885
11069
11215
11404
11541
11719
11830
11641
11454
11325
11184
11066
10933
