6774
6799
6031
5408
5332
3859
2462
2267
2050
1654
2032
1010
2696
1273
1613
1538
1215
1215
1422
1784
1211
1317
1578
1807
2028
1655
1584
1143
1005
4186
1348
1113
1180
1508
1777
2121
2343
2552
2875
2535
3405
3564
3746
3785
2505
1900
1321
1043
3450
1375
1269
1242
1047
1584
1199
1067
1421
1474
864
738
652
739
2743
723
694
905
700
2841
804
1849
649
662
870
640
1055
656
1158
639
682
812
891
1278
1039
1328
708
727
645
674
1172
653
619
624
598
1548
1192
1089
834
669
677
608
828
636
1207
702
646
618
577
2078
726
609
621
637
647
623
861
697
2107
1122
1323
1027
1059
1253
1475
1629
1795
1960
2151
2313
2501
2405
2582
2767
2938
3177
2967
2910
2397
2241
1717
1520
1442
1069
1195
687
622
643
669
1437
834
706
616
573
632
608
1321
597
647
588
613
1235
961
865
586
648
649
615
1030
612
1305
603
742
674
898
1270
633
632
602
629
1057
596
1280
599
636
965
1118
1010
716
1189
657
592
685
745
2247
3580
4945
992
1389
1015
1424
1114
1368
1652
1929
1986
1717
1539
1256
897
886
1231
1053
961
1047
1089
1027
1010
1493
695
676
1942
799
1996
1193
1501
1381
1141
1679
1374
1050
1166
1107
1110
1213
3021
1023
996
991
1050
1252
1156
996
980
999
1255
1058
1163
1454
1640
1980
2368
2710
3085
3410
3817
4170
4536
4279
4424
4209
4098
3864
1906
1570
1349
1295
1335
682
1480
718
707
744
681
1294
676
663
728
1218
2171
798
813
652
666
654
589
1843
1290
1243
942
1381
3264
1097
731
661
669
645
620
1219
688
670
716
764
1343
1339
889
707
630
866
728
910
640
677
628
567
1558
665
1535
962
826
829
793
1317
645
624
818
994
1688
690
868
633
627
664
662
1451
668
595
616
609
1179
660
798
598
609
1116
1304
2009
1227
1400
1074
1318
1187
1406
1543
1703
1910
2116
2309
2512
2717
2881
2948
3114
3393
3706
3702
3243
3165
3015
2779
2438
1690
1594
1244
1221
1454
1277
690
682
745
731
699
900
700
1232
604
608
602
636
1538
675
1953
830
639
628
567
700
596
680
808
624
808
636
1410
657
584
601
583
1066
588
638
603
603
1922
1102
861
615
627
589
613
1691
653
637
645
619
1275
630
560
606
594
1355
929
1154
861
1094
957
646
622
657
1266
641
723
660
592
869
619
570
841
631
756
579
1609
621
648
580
794
1294
646
616
607
640
821
611
1574
667
640
592
660
780
617
700
624
728
2295
658
2452
2053
1317
1754
996
850
671
649
566
653
730
658
1521
690
583
631
583
1268
602
772
1231
1208
703
611
1036
590
616
757
697
973
615
615
607
594
1558
675
605
623
611
1126
612
1365
799
632
783
629
1049
601
606
610
600
1355
604
1137
1401
1380
1228
1141
1306
626
598
608
604
1141
922
1123
582
647
841
660
1092
613
570
597
835
2778
1685
1023
1109
1060
1153
1309
1394
1200
1052
828
730
1716
808
790
923
1044
2202
1033
1088
1094
1093
2997
1167
1925
1066
1039
1135
1297
2592
695
651
654
616
1271
748
820
572
877
1345
766
788
668
645
605
640
1097
545
1667
1116
1319
1600
902
2045
993
1310
1012
694
1244
647
649
603
641
1261
1373
914
581
617
662
644
1330
617
616
642
625
1212
601
645
999
1067
1591
696
904
615
669
661
618
1232
669
615
608
706
1346
655
1144
615
627
596
667
1711
1533
995
1750
829
780
648
1499
605
660
615
623
859
666
641
641
558
1412
582
658
778
1353
1486
1295
795
643
759
672
607
901
718
703
711
605
921
599
1326
605
593
678
624
1819
974
1215
950
655
811
647
568
802
923
1073
586
1471
588
656
633
607
1246
615
570
642
591
1761
1309
2000
1055
906
979
1068
1276
1498
1646
1821
1980
2108
1991
1942
1409
1242
1118
1012
1173
1306
1711
1082
975
1080
739
682
733
669
1316
649
846
642
646
629
710
1188
635
612
712
1178
1487
845
1318
574
648
732
703
1566
676
630
613
669
1464
643
610
637
597
1477
827
1981
1141
990
1108
704
657
627
677
654
631
908
631
1490
633
634
618
554
1357
708
611
638
602
2085
1568
1214
970
1386
725
672
860
614
632
782
626
1329
645
656
717
690
897
607
549
1218
1665
1831
1105
740
624
654
676
716
595
668
1038
607
677
633
661
1459
891
1303
1246
1331
751
623
631
669
635
643
624
876
698
1615
969
610
1206
726
799
608
719
644
562
646
607
1548
649
653
624
576
906
629
1300
627
741
658
655
928
613
1544
672
606
622
615
593
598
1528
684
854
953
894
1398
629
615
605
633
789
590
1575
632
655
669
803
1458
703
666
636
671
647
644
1762
1515
848
840
734
1536
686
752
603
674
785
659
1167
607
682
690
633
773
659
1276
901
676
656
631
639
666
1073
901
654
684
652
771
672
888
612
664
654
621
1054
862
843
777
1063
1026
1215
2218
658
1035
638
831
949
630
600
662
607
625
588
879
678
1497
675
657
788
1106
922
775
725
657
620
647
669
1032
670
1063
633
663
651
617
871
673
1188
680
623
713
1184
1299
883
744
665
646
1224
669
743
665
664
774
754
904
657
1295
653
