4520
5282
5472
5065
4714
5045
4112
3766
3588
3422
3211
3036
2720
2683
2268
2346
2446
2572
2188
2370
1483
1547
2223
1058
2260
899
973
1262
1575
2280
1008
1511
1064
969
893
685
644
598
667
1065
1958
2201
1046
1010
1237
1104
1200
1311
2811
1232
1290
1363
1594
3493
1366
1287
1230
1000
1946
1071
1258
924
997
2209
941
1271
1436
911
1680
1130
1157
1171
1062
1016
919
773
746
669
675
629
1784
707
950
1210
1022
879
861
770
721
708
2516
716
938
1646
1029
933
901
1085
1283
1576
2215
995
1407
1207
1049
974
972
835
743
669
687
772
1495
776
940
992
955
1447
1179
1498
1863
2210
2526
2730
2723
3247
3740
4015
4503
4960
5036
4940
4714
4962
5195
5419
5712
4105
4087
3840
4591
4669
4680
4511
4236
4153
4325
4567
4257
4227
4238
4055
4457
4230
2990
2782
2770
3012
3361
1257
2062
590
642
689
617
1473
724
660
595
602
1468
623
1031
632
627
588
643
1302
690
574
633
673
1394
566
643
575
544
1332
626
1156
599
632
779
610
1553
654
640
656
618
1395
634
574
591
584
1282
559
1259
713
655
591
623
1298
634
602
602
602
1337
561
1075
624
612
869
671
912
629
666
1084
1091
766
655
722
709
780
994
783
762
648
624
843
632
1191
644
621
685
617
1290
593
636
615
722
1407
794
1228
659
581
646
614
1260
644
600
620
698
1200
599
1303
628
611
708
656
1034
581
628
774
656
1290
663
621
595
562
1152
679
1423
756
714
766
870
1037
925
716
944
714
1912
595
610
582
621
1171
583
1132
610
586
673
650
1308
581
639
636
600
1189
616
603
644
597
1244
587
1072
706
543
592
570
1206
611
669
660
617
872
582
1487
537
1568
704
563
933
631
566
577
616
1033
588
1217
601
588
728
640
1389
622
590
636
598
1285
840
1035
1936
1099
926
985
1123
1102
1270
1459
1477
1582
1691
1824
1962
1840
1667
985
686
770
581
1073
593
1104
622
582
809
560
940
621
595
643
576
1087
551
1236
635
615
538
572
1058
878
918
613
554
635
584
1665
650
598
588
546
1045
612
596
587
583
1514
666
612
598
684
952
594
1557
558
626
543
602
968
631
703
668
638
1311
669
604
626
587
1169
615
862
579
584
808
661
893
555
630
612
685
1323
595
781
920
1053
1202
1339
1208
595
665
651
620
864
705
1279
636
574
573
627
1162
668
591
665
597
1215
724
1187
695
645
773
611
1426
529
669
602
575
1412
662
590
618
899
1143
658
1088
626
656
617
623
1214
592
644
612
560
1197
670
1072
619
674
670
741
1239
618
533
675
631
1180
550
1207
665
664
773
659
1064
548
645
642
534
1067
617
1169
603
585
772
597
1401
602
582
650
539
1259
618
574
579
576
1216
533
613
579
676
1248
562
1063
628
539
620
545
1137
539
613
612
611
1262
558
678
652
530
1061
576
1132
553
635
533
619
1068
617
593
588
569
1444
633
629
552
596
991
562
1075
613
589
592
583
1115
700
579
612
633
1006
535
1077
568
576
740
581
1468
635
603
713
566
1557
642
650
582
580
1182
645
959
618
641
613
658
621
621
742
610
698
797
600
1021
639
627
617
654
616
603
621
623
628
612
666
1371
697
620
700
702
684
582
659
704
695
837
700
1060
622
727
634
689
834
695
581
692
602
1038
714
591
658
583
652
762
840
672
1208
822
725
697
703
675
613
666
604
713
598
646
950
910
896
963
1002
1074
1226
1260
1427
1238
722
602
674
633
674
798
711
679
634
1281
602
681
629
546
1088
695
1196
592
640
656
661
996
599
1402
708
724
642
693
1715
680
1411
779
656
624
682
1168
631
838
628
648
689
606
1172
669
1266
713
593
609
647
1259
606
1128
642
640
606
644
1338
593
658
627
617
1256
615
1129
606
642
635
699
952
617
1362
613
637
541
697
931
766
1524
606
692
631
572
726
607
1501
633
802
625
652
673
720
1396
669
566
661
705
1230
666
751
627
588
683
618
1376
651
1144
587
691
611
674
993
654
942
680
707
710
599
1145
640
667
739
603
665
688
1113
645
827
688
701
684
743
1106
705
691
651
658
718
602
1145
579
1149
730
600
659
587
789
617
1200
628
690
698
683
704
693
624
716
695
1089
596
680
734
713
704
565
1128
680
712
584
683
701
710
1198
698
703
593
768
999
1035
1046
1020
1024
874
809
881
906
912
692
659
664
708
733
686
698
636
634
625
599
673
605
603
629
616
705
664
617
640
600
612
628
837
646
1206
627
614
611
633
623
605
728
612
703
1183
647
607
639
637
601
632
960
640
615
651
620
921
638
842
605
979
638
616
617
633
926
592
1076
625
636
607
625
616
635
1011
659
616
635
609
914
634
639
610
660
995
635
1175
717
596
769
753
1766
652
1725
967
911
865
951
905
844
881
846
856
688
573
775
759
841
745
814
697
704
685
819
1117
1085
1051
1033
979
1251
1302
1475
1369
1534
1924
918
933
956
1054
786
675
1596
710
845
750
711
1877
828
2459
762
667
