5294
12662
12878
12859
12394
12196
11790
5297
3842
8315
8178
9023
8585
8325
6007
3474
1810
1583
1588
1489
1612
1622
1622
2123
2480
2177
1182
1343
1453
1457
1146
1917
1491
1593
1343
1123
3514
6235
2446
2790
1473
971
768
669
960
631
2612
1720
1662
1390
1109
1264
1518
1788
1775
1995
2252
2537
2606
2239
2235
1311
1395
1549
2158
2403
2246
1169
696
706
672
644
1167
684
695
683
653
1168
684
1064
708
1673
1846
1530
1127
1197
1528
1044
1125
749
659
674
673
1511
1094
1153
1091
1199
1187
1194
2199
743
696
643
734
954
609
1337
672
629
601
622
939
621
1150
1023
1073
1273
1531
1968
1969
1683
1151
1291
1427
1650
1691
1957
2153
2240
2457
2585
2812
3014
2972
3213
3113
3224
3511
3534
3598
3076
2337
1773
1270
1123
1090
932
1156
1133
727
729
679
862
869
793
1277
1083
1405
808
1101
2406
696
982
594
691
712
646
1405
698
679
634
611
1271
807
1260
708
668
649
627
1413
937
805
670
651
751
638
1091
725
1400
656
659
667
664
1717
1082
1453
1712
2019
2888
1206
2133
1043
868
930
812
927
879
1076
951
964
807
1013
933
834
900
698
639
676
1215
1270
1255
889
1082
1036
1103
1306
1518
1716
1963
2011
2231
2456
2696
2960
3172
3365
3356
3318
3089
2980
2911
2022
1898
1827
1734
1687
1568
1584
968
1125
769
742
812
660
837
694
1088
683
633
681
692
1901
734
651
616
639
845
700
913
757
1320
817
744
1065
836
2087
1098
1870
1310
1312
1275
734
2173
1038
1488
1099
899
887
877
884
849
913
898
747
739
730
748
751
1301
1152
1105
904
1166
2755
733
718
684
658
667
717
1651
705
800
628
682
698
1020
1850
655
843
708
709
703
650
1280
678
693
673
692
1183
695
1302
759
729
715
685
1231
693
913
1012
670
740
666
1085
1105
781
786
771
1680
677
655
630
660
658
629
700
751
629
800
608
1634
1036
930
701
652
672
662
633
759
620
652
649
629
647
665
624
652
1071
637
660
633
634
843
1325
1465
1100
795
780
730
1772
633
680
653
641
718
652
639
642
620
687
662
999
616
953
1103
997
700
753
865
636
595
702
609
1153
576
623
623
614
1278
631
620
675
713
640
649
846
924
1200
665
620
667
651
637
717
675
880
702
649
627
665
675
632
665
657
779
671
832
628
690
660
902
1460
1011
718
781
1282
929
1236
1007
801
827
848
758
1679
941
1353
637
1104
1249
1553
946
953
877
642
651
646
699
664
773
966
702
700
630
659
934
894
651
708
1175
1831
996
762
676
759
683
728
716
638
833
701
705
660
640
757
663
1167
1268
721
1614
798
746
1046
756
1936
1028
1216
1262
1402
2353
655
897
720
603
848
644
1674
1105
1246
828
704
671
594
775
693
635
615
626
1184
636
627
570
626
1381
819
1718
667
616
758
1372
1266
828
670
629
619
704
625
1254
641
659
625
594
917
595
585
612
552
1083
715
1845
1556
1146
971
814
799
1027
1071
942
974
2235
1121
2330
735
657
926
1475
2408
1264
1051
1061
1343
1644
1137
2120
1047
1344
877
1104
2810
1066
804
976
732
1899
1055
1141
1015
723
642
1002
3148
1297
1458
1226
1376
1922
1091
1244
1279
1612
3685
1370
1496
724
721
2670
2202
1697
1579
1184
941
1053
1233
1547
1627
1130
1276
1573
1001
3461
834
763
996
985
2056
952
1015
1182
1340
2472
1296
2702
1409
1077
1795
1253
2155
1758
1970
1398
940
1085
1118
1990
3316
2747
3207
2238
2197
1553
1495
1233
1465
1778
1081
1502
1561
1841
1368
852
730
742
1133
1586
1215
1754
1202
2374
1609
1042
1866
1476
1962
996
981
1800
651
2464
1775
1411
1193
692
1932
987
1685
909
858
833
1025
1521
1110
1439
1096
1075
1181
1270
970
872
889
933
1158
1134
1254
824
939
803
2849
1100
1223
1585
1931
1961
1452
1994
1140
1165
1097
1085
3099
1343
1005
1090
1420
2164
1126
1117
1333
1294
1686
1071
945
975
888
949
1438
1489
1243
1205
1204
1016
1136
1382
1743
1901
2065
2192
2403
2415
2461
3429
3326
3059
2698
1941
1193
770
1132
1357
919
925
908
912
847
986
945
1035
1030
1777
1223
859
868
809
961
1272
1245
1038
1002
1061
949
1003
900
940
903
948
1088
1509
1779
1557
1830
1293
2510
2372
1888
1410
1407
1236
1102
1046
1118
1002
1082
1646
1633
1242
1146
1227
1148
2770
924
2051
928
976
1032
1001
1124
1055
1500
1091
1098
1150
1510
1878
2228
2240
1662
1921
3021
1476
1615
1046
1136
3138
1454
1497
1039
1178
1032
1043
2037
1190
2359
1261
1271
1526
1368
1459
1052
1405
1713
1180
1329
1352
1407
1042
946
1410
1150
2284
1181
911
971
932
2110
1232
1959
1294
957
1002
1189
1167
1100
1157
1395
1047
1037
726
2773
1195
1009
1126
1304
2181
874
3740
1413
1106
952
1086
1299
1661
1411
1672
1354
1437
1618
2040
2172
2540
2779
2799
3158
2669
2571
3032
3451
3786
3684
3580
2504
2142
2000
1672
1322
1159
885
1148
1076
1083
2254
2460
2494
1297
2894
1539
1807
1675
1097
1179
1555
3508
3374
4162
1286
1449
1234
1139
2607
1417
2011
1405
3561
3712
3202
7100
1016
1898
1423
1619
1213
1320
1492
1229
2636
1415
2517
2942
2508
3094
1575
1335
2009
1418
1002
1073
1347
1570
2520
1588
2057
1919
1426
1527
1718
3014
1303
1571
1278
1204
1587
1647
