3417
3518
3508
3246
2891
2401
1564
1482
971
967
1129
1008
1040
904
1074
1790
559
945
601
509
578
496
1041
545
1695
1012
995
1129
903
1798
576
574
568
547
744
551
1136
527
690
730
542
649
550
1233
574
513
537
1132
1297
1027
1027
866
1065
2329
620
767
617
571
756
951
1497
595
992
626
602
554
819
1923
762
1297
939
685
735
872
686
817
1092
947
588
566
472
535
519
1217
861
833
935
1011
1152
1273
1458
1230
649
579
498
620
812
879
715
1113
865
547
532
736
559
579
588
1183
572
1278
535
537
556
524
1033
648
1386
599
593
577
555
1308
895
1357
584
500
783
712
1634
753
1933
666
604
1569
557
2613
660
942
978
1082
1531
681
1023
860
1089
769
1059
2191
764
843
873
1105
2004
1031
915
539
568
732
547
843
582
1782
801
888
840
554
592
567
591
612
503
1132
558
763
502
595
1101
1021
683
500
935
920
498
545
768
1101
635
732
835
640
1265
538
680
538
737
586
486
958
615
1258
646
806
940
517
663
892
551
707
885
805
846
881
850
500
502
742
990
551
910
555
658
855
808
1577
534
1105
710
511
482
477
663
599
943
1235
1153
985
572
539
526
531
501
530
515
515
675
548
784
815
504
1172
537
453
575
850
1038
543
454
481
558
1020
544
519
586
753
487
553
740
713
1067
651
807
944
975
1406
586
1291
649
1070
1012
1017
1944
798
1416
1049
913
592
634
574
564
642
735
709
601
493
729
809
1147
525
604
1200
806
1306
601
537
478
476
705
567
1077
640
664
788
593
971
549
734
521
506
716
559
1719
577
544
1779
1134
995
746
783
958
1091
1219
1162
1340
1434
1483
1278
567
515
553
497
634
476
1130
526
461
522
704
701
503
645
940
599
679
485
474
497
485
1210
555
676
484
451
642
471
811
467
471
478
509
916
487
498
475
490
1157
468
502
472
442
1082
534
760
457
486
477
470
1007
479
501
551
465
763
489
1077
512
460
473
482
710
471
530
519
762
842
464
1080
517
471
837
572
815
487
470
488
486
966
478
485
555
494
1102
536
746
498
511
573
542
860
542
1212
583
585
511
531
921
572
531
586
594
1037
709
858
796
884
1032
1267
1417
1341
1160
623
588
516
504
1104
487
512
708
595
859
514
1012
482
492
459
480
1034
488
601
1134
747
1137
631
827
530
519
570
734
1109
520
765
546
517
596
503
1222
547
543
531
634
1465
638
527
495
532
626
504
1071
507
502
496
487
1204
657
562
525
551
679
568
1015
508
514
497
513
818
516
746
745
999
573
506
961
549
749
703
485
610
580
535
759
778
652
496
1980
976
718
528
558
573
556
797
741
572
809
716
579
538
550
552
545
1054
559
537
806
823
711
543
941
543
544
592
495
1128
709
835
526
526
542
595
1323
971
631
527
544
1061
1162
595
574
843
763
678
739
607
1067
619
586
846
594
782
546
491
506
532
944
805
1600
615
559
874
835
548
554
1049
571
606
558
579
1054
552
556
602
828
991
550
1084
510
514
514
536
1655
942
1122
897
920
1822
564
1110
573
567
574
510
1191
913
946
628
557
1273
515
574
574
1137
1343
595
727
559
550
772
507
925
559
544
915
710
656
546
692
856
732
790
771
759
890
1131
1679
982
4354
823
916
954
948
821
685
761
703
701
704
602
677
703
687
916
703
854
1019
949
887
959
933
1035
2013
698
517
780
549
1019
472
936
493
502
497
579
1208
537
480
537
929
581
583
984
636
963
1077
521
640
520
517
528
525
693
481
1071
516
547
721
846
968
662
640
672
631
672
695
662
538
546
566
655
1268
505
440
514
524
1170
511
931
473
464
470
483
1214
590
546
485
478
852
533
972
453
519
976
874
828
637
792
559
503
918
538
856
520
677
612
494
1024
589
669
670
491
694
509
1109
485
507
507
483
1428
886
956
926
863
981
1141
1300
564
549
654
743
661
567
514
551
518
954
524
833
537
512
568
461
1487
1030
576
535
504
682
504
1107
576
557
564
487
1647
951
1092
1261
1479
2700
864
1056
1114
982
1226
1125
1052
1315
1548
1169
1148
2415
877
877
879
964
1029
1179
1279
1368
1195
1318
1292
1071
1097
1197
944
863
1009
1249
1861
625
521
534
474
944
464
535
501
512
996
687
1191
638
480
547
509
1114
879
1113
1041
840
1231
866
924
788
711
678
697
999
710
756
826
988
740
1145
1862
948
976
1440
1040
1601
780
687
781
814
1058
641
745
654
655
837
672
1096
680
724
855
978
1042
747
1322
1044
909
711
802
894
910
1054
1197
1296
1250
1018
722
616
831
1141
805
1629
892
1107
1673
1068
1868
888
921
892
858
844
702
1016
748
771
818
690
1304
662
754
807
633
603
620
1208
823
884
796
1007
1096
1334
1549
1500
1657
1623
1629
1394
924
905
826
877
856
949
1758
832
601
843
840
728
833
939
803
859
923
894
1002
1111
1228
1329
2310
2536
2571
2077
1227
1322
841
836
