2870
2979
2569
2299
2123
1817
1743
1186
1120
1041
948
923
869
1168
931
1018
2354
610
622
976
876
847
625
813
569
598
571
584
1228
648
582
917
785
1287
865
835
620
616
608
601
1163
858
1178
867
611
602
568
1303
663
591
794
587
1200
1014
1295
1006
991
1069
714
1503
756
833
754
813
658
608
592
584
692
1154
1195
2467
1098
1208
1465
1550
2396
1050
1488
1013
1209
1613
588
1330
794
723
632
558
1039
641
913
585
704
1089
877
1276
672
1489
659
697
813
656
761
619
698
957
899
732
663
1069
640
618
680
651
1639
1249
935
756
712
599
689
639
612
740
634
627
1198
723
1388
670
613
556
778
1034
593
680
685
638
1817
1027
663
665
705
625
622
1437
870
878
943
1088
1227
1416
1570
1583
1778
1991
2180
2420
2491
2510
2482
2271
2176
1389
972
822
681
730
670
1139
663
638
681
641
1238
633
1258
617
549
727
718
1365
703
959
751
759
854
592
583
656
635
1413
639
853
585
682
848
635
1067
642
574
558
780
1561
660
770
1000
1187
945
1024
2420
922
999
1147
1338
1552
1695
1891
1743
1940
2132
2287
2472
2441
2532
2732
2872
2851
2016
1589
1201
886
734
608
1120
668
1030
655
609
783
639
1584
655
611
586
641
1099
633
1379
1065
1025
820
924
2237
626
611
611
587
1303
766
1397
631
701
640
608
1184
616
1214
654
1000
944
1019
1025
1071
1273
1333
1515
1696
1647
1540
1078
1049
791
706
1059
625
552
775
726
1391
639
926
1128
822
685
824
1433
654
668
671
566
1054
706
1593
619
664
650
608
1345
614
628
661
639
1223
609
1373
611
673
583
679
1473
607
614
583
687
1240
598
1161
622
680
616
596
1203
632
1206
655
549
860
854
1563
748
625
697
703
852
586
1384
634
671
606
589
924
698
596
619
604
1360
728
747
546
612
610
623
905
579
1788
787
789
931
678
1970
632
593
628
598
972
616
604
609
621
1122
650
1084
727
752
629
628
1132
653
602
578
638
1107
633
768
612
643
624
608
1152
631
1116
845
588
614
621
627
587
740
668
591
1461
825
1618
641
614
626
611
884
593
825
868
629
1137
609
569
659
563
1366
579
1069
640
566
646
615
1520
622
576
605
614
1376
608
621
594
620
986
553
1207
641
570
583
626
1407
618
668
558
631
1191
630
918
593
575
699
825
1827
613
576
563
768
709
592
1346
596
589
616
577
1208
586
577
582
659
1382
673
1041
624
568
663
809
1038
603
579
620
580
1265
579
1159
1022
932
877
894
688
665
1915
630
714
1843
1257
1333
695
1041
960
1074
649
599
740
623
562
811
586
1100
601
575
599
634
1013
553
1163
604
576
828
605
1144
572
673
662
807
813
565
581
620
553
1367
555
826
569
580
944
692
926
566
1254
666
599
604
650
829
671
610
656
581
1281
771
738
593
561
1043
597
1186
1010
910
934
745
1996
1027
657
588
569
706
542
1376
648
585
698
591
1081
596
661
583
761
1124
611
563
616
577
1550
602
1030
581
599
776
622
1203
586
632
594
571
1380
608
573
655
603
1174
585
1051
683
656
597
587
1326
580
600
584
594
1205
551
1056
599
589
591
602
1613
1081
1292
595
779
629
579
831
533
581
562
603
1379
602
1309
550
609
534
732
1066
577
567
652
798
1153
583
1044
607
593
609
577
1072
629
1111
579
553
687
566
1141
551
1351
635
620
722
614
1252
594
568
563
519
1364
615
807
602
657
691
558
1090
575
1314
638
596
592
544
1361
608
583
642
585
1144
670
1110
602
592
594
587
1380
611
805
614
590
642
551
1041
615
1083
582
577
594
613
1342
596
843
587
570
574
615
1400
648
1017
555
539
568
600
1115
554
1158
859
598
661
577
806
653
1398
606
568
565
560
1213
541
587
570
583
1174
603
1425
639
627
607
614
987
654
1039
1171
806
720
767
1882
702
1349
974
1079
1045
1191
2295
1034
911
911
1114
1220
1165
1250
1508
1660
1698
1733
1919
1928
1952
1682
2086
2283
2277
2124
2129
2145
1226
915
793
586
931
927
910
1036
1429
1624
1759
2047
1876
2076
2681
2991
3268
3358
3136
2306
2454
2155
1878
1364
948
739
877
1021
1305
1420
2444
1023
1230
891
932
2849
703
2425
604
586
1787
698
2464
665
649
905
694
2303
785
1920
645
622
784
641
2984
1109
1772
1135
1271
1736
972
1185
4195
2047
1285
1074
920
1126
1576
638
1271
599
600
650
925
1279
1056
3363
1219
920
732
693
2113
639
583
563
580
1351
593
914
572
612
601
548
1507
1227
2381
775
755
1126
752
1373
594
570
641
617
1120
591
1323
647
581
642
607
736
789
2393
848
940
815
803
888
679
580
577
603
576
626
823
651
618
608
633
1116
844
797
524
582
1107
1273
1416
1224
838
786
699
847
686
658
606
607
617
607
1343
530
817
565
567
612
579
1333
1419
1356
1002
1129
1310
1565
1838
2141
2203
2292
1775
1537
1208
1100
1077
638
643
626
620
855
628
1292
1251
1160
934
708
2207
766
683
662
596
807
783
645
620
595
1168
682
659
590
579
1278
584
1015
1027
