3035
3466
3599
3289
3250
2955
2905
2592
2418
2691
1992
2386
1279
730
670
623
749
749
705
709
715
1267
723
1268
636
1408
1081
1206
2682
1375
1426
799
701
718
692
729
732
735
936
777
1248
953
791
764
781
1957
1599
842
707
700
704
662
655
674
659
656
706
740
760
904
1386
1159
709
1037
1237
1248
1130
1075
1098
1138
1348
1522
1772
2019
2590
650
1167
729
640
584
764
1170
640
648
876
707
1197
685
1074
651
589
667
640
1260
661
695
681
978
1126
954
847
662
633
795
620
1393
720
702
662
634
832
629
618
675
636
1361
616
1259
650
648
713
641
861
597
618
628
663
1231
637
573
562
608
1332
707
729
626
988
775
651
1408
600
587
607
563
1184
580
876
575
641
684
598
974
579
1233
594
634
790
643
1063
631
578
718
606
1043
578
1305
612
592
628
622
1114
576
579
606
635
1186
596
1193
664
599
587
598
1266
598
597
568
631
1126
611
1046
601
692
634
611
1139
616
626
569
591
1416
876
1389
609
716
702
640
864
592
1313
622
611
564
634
1128
576
640
735
588
903
709
1240
618
629
579
560
1127
609
617
638
616
1071
687
1245
805
710
612
588
552
635
641
651
607
1008
582
1510
661
621
678
603
843
590
681
665
609
1089
617
563
630
601
1092
632
1472
662
573
684
586
1362
618
619
589
606
1049
591
595
644
697
1191
721
1309
621
591
626
617
1132
575
626
587
644
1495
808
653
620
642
1006
689
1347
566
618
676
651
1117
632
660
896
836
909
646
589
704
648
1437
579
1151
617
721
677
646
1499
648
669
623
672
1161
612
638
705
629
935
603
1448
645
697
966
630
1201
655
599
587
658
1257
623
1280
616
591
752
702
1271
647
558
697
643
1361
605
708
650
609
1259
655
1194
647
622
676
639
1256
623
1125
587
593
756
634
1062
681
560
689
633
1426
1257
1145
936
1131
2704
1024
1928
1025
1019
1118
1451
2956
1031
1805
986
1221
971
1003
2003
1065
4763
1591
1057
1782
685
898
626
1498
634
601
622
626
946
609
722
982
1261
2359
622
873
612
633
649
610
1329
681
1275
630
597
550
617
1132
573
619
606
624
1271
614
831
766
644
606
630
1176
605
606
646
607
1249
643
815
628
616
668
581
1366
635
621
570
576
1125
591
973
609
607
645
641
992
693
1563
644
569
623
587
1009
582
565
634
622
1005
599
1023
633
603
611
665
1106
579
1336
571
606
605
581
1080
592
618
617
655
1228
614
1227
630
615
634
618
1054
635
1204
598
632
591
759
1359
986
1120
1206
1372
1515
1633
1802
1723
1933
1552
1203
893
695
613
624
625
606
604
680
627
1264
715
592
674
665
1254
670
766
656
604
644
578
1150
595
896
598
595
701
623
1196
924
898
821
1062
1440
644
1590
645
640
656
635
1417
619
1070
617
647
728
618
1276
628
943
615
689
750
645
1225
786
1184
660
557
686
619
1517
706
618
811
664
1080
646
1371
638
693
634
713
1328
687
1087
622
623
719
654
1023
652
1183
645
564
659
632
1236
620
1285
621
696
607
783
1808
1318
708
623
670
716
591
1305
666
656
566
674
1357
639
1133
622
621
705
630
1111
863
708
654
620
746
624
916
641
1322
664
611
709
649
1049
615
1409
672
599
693
688
1193
682
1374
687
631
617
613
1167
659
734
702
657
795
717
1502
660
663
681
617
1117
695
1106
997
658
636
691
1066
638
1194
626
718
993
1221
1820
633
618
672
665
799
634
1099
1004
666
782
696
633
669
658
888
661
653
624
931
661
635
752
924
1011
625
982
702
608
974
658
861
637
665
648
634
1220
665
637
635
645
651
649
647
635
659
856
639
646
830
712
826
711
654
625
703
874
653
648
638
621
764
653
1168
649
680
662
640
833
659
627
697
649
880
618
672
645
630
931
663
654
640
640
837
676
675
648
656
1067
660
623
694
635
672
715
818
626
647
648
623
827
636
1225
638
691
678
654
672
729
630
780
1246
2025
1046
1149
959
1117
2264
682
939
657
658
648
651
692
643
663
661
631
792
642
1850
719
666
628
664
627
628
630
613
689
982
648
622
706
631
863
654
1026
665
626
651
674
986
855
1078
801
635
1328
683
610
630
598
778
621
1340
669
658
621
642
624
1072
1121
685
631
811
642
1174
630
646
623
647
791
634
655
650
666
1001
683
666
619
660
802
618
1062
670
654
635
642
1093
664
644
668
643
806
647
1031
661
632
666
629
643
710
635
676
1032
853
638
1028
991
1231
797
960
2119
665
1137
684
671
630
661
656
621
647
734
625
809
669
1685
735
645
625
624
823
628
734
628
664
902
680
626
688
634
650
704
1053
632
649
661
628
655
677
629
663
646
844
695
1066
710
637
652
638
626
651
632
653
651
859
583
1239
957
807
1235
664
933
678
647
667
639
700
646
795
636
641
626
1194
708
659
867
655
659
635
611
782
644
649
626
660
1090
728
626
650
624
829
