4056
4185
3748
3061
2636
2005
1712
1517
1004
692
598
1486
910
737
760
882
895
1159
1354
1071
874
733
665
619
680
639
610
655
612
635
629
616
639
718
632
1088
804
1362
1107
1394
880
789
752
889
668
614
603
1304
708
694
1054
1219
1891
950
937
1646
1139
1546
761
637
803
696
2308
979
1040
1040
639
611
840
995
943
1027
1094
956
684
605
640
617
606
630
644
927
675
664
599
660
849
630
615
621
606
1166
653
707
631
766
699
607
853
661
594
605
638
608
641
1425
649
628
604
994
786
633
630
673
644
621
628
603
634
656
1502
625
1092
614
656
661
613
763
633
592
643
790
1011
710
1161
598
602
756
703
613
628
618
598
627
1211
678
568
595
726
897
1003
2289
649
628
638
633
646
615
786
969
1200
1556
596
1615
933
713
739
705
651
716
697
698
963
1096
681
649
607
657
647
722
651
614
606
625
609
827
676
1139
649
604
635
594
669
641
620
772
688
866
612
623
597
632
1172
828
740
666
682
752
653
1063
778
1070
837
636
658
609
642
654
775
777
654
1229
689
659
596
660
617
596
613
595
598
854
588
1576
1033
687
663
619
739
661
811
1545
635
1088
620
687
637
697
1087
666
826
595
599
616
602
1514
638
641
649
592
697
646
636
640
601
1318
622
836
667
608
649
627
595
682
1377
656
605
602
682
1170
631
627
762
669
1488
857
619
618
703
1147
681
608
627
1167
670
592
634
627
903
730
700
994
852
719
625
1035
604
625
608
605
918
630
1028
575
668
759
775
655
637
1189
608
598
654
656
1281
843
1058
639
758
809
626
1378
602
637
626
602
822
624
1120
669
621
630
669
1067
595
697
766
618
654
606
1138
600
610
602
658
997
668
836
649
623
614
624
1042
613
598
652
610
981
707
921
618
623
615
633
1026
641
962
603
649
607
598
1001
776
885
671
647
619
595
1239
1016
1278
1082
1321
1677
1975
2970
2548
2409
1833
1767
1509
1388
1265
720
683
549
682
1231
632
1363
609
656
608
723
1655
639
705
629
590
668
572
1129
655
1028
662
657
651
597
993
642
983
600
603
627
621
1062
1027
1221
1075
1211
2561
629
747
634
618
644
630
1162
685
1500
689
580
620
640
807
635
1604
662
597
596
649
893
674
609
802
609
1253
630
788
647
637
683
624
1281
609
1203
842
1039
1144
1240
1392
1499
1632
1747
1945
2065
2227
2358
2199
2419
2555
2649
2550
2218
2054
1287
1157
1013
936
832
686
673
578
653
791
768
1295
648
774
702
697
710
587
1082
686
726
704
717
729
586
1141
620
765
698
868
713
699
760
698
668
709
638
1112
1297
916
975
1256
868
809
864
818
976
942
833
1307
1126
1012
1012
1017
835
727
618
705
2274
662
728
1573
947
1948
974
807
1074
958
881
1038
1179
953
937
1102
999
937
1038
883
938
946
811
1034
896
694
660
597
634
658
613
662
674
619
630
611
595
616
610
730
636
610
715
596
636
622
591
646
599
603
632
599
633
650
600
696
601
648
625
603
639
599
654
615
588
655
597
639
619
603
736
634
603
658
636
602
622
638
1561
610
621
608
603
653
660
828
635
653
619
646
630
651
654
594
686
627
603
620
598
616
1176
960
1051
879
843
793
1694
955
1183
1502
1447
1280
1128
1190
884
993
1047
1193
1384
1587
1749
1734
1836
1844
1977
2174
2274
2439
2436
2561
2665
2783
2927
3070
3008
2850
2596
2414
1690
1523
1435
1301
1218
1020
818
631
599
1029
631
613
603
624
641
635
1045
639
593
714
696
798
645
596
596
617
1097
619
696
626
597
667
694
900
642
658
599
632
1051
598
623
600
609
732
655
990
604
712
611
618
666
612
1265
624
615
604
648
631
600
625
621
629
1038
602
1278
625
669
644
630
798
603
693
643
670
1428
653
728
677
611
781
659
1194
633
1199
639
592
595
556
1305
659
639
582
843
948
884
1207
593
615
598
569
1129
547
614
604
526
1022
563
1357
600
597
692
582
1045
595
631
629
550
1451
647
736
848
1058
1271
1353
1232
638
538
621
591
1104
625
783
581
608
1069
544
1163
574
568
1499
635
584
601
597
608
641
608
579
1363
891
1021
1209
1415
1522
1519
1767
1963
2186
2289
1923
1859
1357
1310
1072
894
1988
559
613
630
657
1701
981
762
580
571
629
582
1126
596
1505
926
1193
794
684
1714
1114
651
584
694
987
755
1271
552
577
603
577
1228
542
612
717
839
1219
946
980
655
640
662
771
1711
882
1176
680
601
1345
926
1213
611
635
632
695
1638
645
645
554
626
882
611
1215
847
1058
904
841
912
621
1281
667
563
672
736
1698
688
626
814
651
867
638
1273
626
596
664
902
1884
655
635
611
703
914
811
963
843
1032
862
893
1024
1066
1123
1172
1274
1437
1567
1647
1433
1307
1398
1167
1248
1398
1440
1477
1583
1742
1918
2035
1788
1814
1884
1969
2054
2167
2277
2400
2552
2661
2757
2776
2819
2862
2855
2755
2825
2965
3008
3086
3199
3252
3145
3115
3215
3376
