2778
3002
2002
1934
1571
1555
1636
1520
1514
1531
1343
1312
1101
1306
1057
942
840
935
1107
1309
1428
1657
1820
1995
2175
2342
2510
2610
2803
2994
3143
3245
3314
3367
3372
3471
3594
2733
2512
2083
2103
2172
2198
2314
2401
2471
2608
2722
2862
2999
3165
2985
2812
2630
2612
2723
2905
3023
2722
2530
2530
2585
2637
2746
2799
2917
2998
3107
3182
3311
3308
3348
3374
3446
3460
4018
4147
4034
4086
4012
3661
3554
3759
3966
4146
3678
3918
4252
3214
3419
2081
1608
1246
823
1985
703
818
697
708
633
707
638
705
609
739
642
1117
609
763
962
1242
798
659
1199
756
675
709
632
1057
628
692
640
691
702
682
1201
786
662
736
772
843
1010
1187
670
608
581
709
1334
659
1337
656
632
615
604
1183
668
659
614
622
1361
654
883
948
701
685
619
1259
648
639
580
599
1313
674
922
662
635
846
698
928
680
1402
646
635
560
755
1219
662
586
617
570
1260
677
886
666
678
664
692
1168
650
1127
656
634
652
858
839
639
1730
708
694
655
714
976
700
697
678
652
1411
723
697
680
628
801
689
1121
645
1165
646
737
639
620
1168
723
646
687
598
1051
675
1130
675
672
690
692
1228
722
854
1023
753
664
595
918
627
1190
597
601
569
620
1206
632
584
688
592
1004
715
905
592
634
608
602
1300
622
575
691
622
1091
645
845
577
638
674
621
1015
668
893
590
598
622
601
1118
754
1532
755
591
703
652
699
633
592
645
619
1269
643
785
652
704
640
689
1408
968
1774
899
1041
1214
1429
1616
1677
1535
1178
1089
751
607
715
584
653
626
572
1212
638
830
588
589
644
887
725
640
1078
655
924
861
911
1925
689
1114
638
643
658
649
1111
623
592
618
608
1440
630
756
578
930
1217
956
1731
1050
2246
1149
1146
755
867
816
824
732
716
777
986
958
1597
916
1023
1082
1234
1320
1141
855
905
858
963
911
972
880
889
1021
1219
1032
1003
1259
1623
1959
2259
2482
2384
2603
2842
3050
3254
2941
2686
2444
2305
2189
1946
1695
1464
1577
1762
1832
1434
1121
974
965
1116
1042
934
931
932
1033
946
979
1172
1354
1620
1858
2168
2309
2302
2212
1492
1173
932
858
861
1081
643
674
858
982
1048
807
905
1124
945
957
1224
1412
1354
1447
1593
1729
1660
1667
1914
2060
2272
2275
2490
2379
2506
2200
2190
2150
2314
2316
2132
2057
1399
938
1064
1055
902
871
948
868
1012
722
693
1398
885
736
737
744
1062
1347
1477
1608
1749
1822
1257
1052
965
828
1186
992
918
743
1003
898
857
997
772
950
806
881
845
1045
947
1017
1152
1386
1329
1045
965
936
960
1220
1267
1390
1365
1511
968
1019
966
916
1077
1246
1215
1306
1470
1527
1764
1911
1787
1551
1327
1185
1416
1632
1766
1922
1734
1826
2071
2307
2517
2705
2835
2556
2728
2916
3199
3173
3068
3388
2461
1914
1442
1011
1505
673
1094
627
661
585
650
1137
612
621
799
780
2037
1027
968
1092
1341
1986
680
1774
710
679
723
615
870
678
818
812
637
1198
1003
1068
902
852
906
1228
1223
935
789
811
893
928
1025
1154
733
757
1128
977
1048
823
819
691
821
1207
710
944
968
1188
1048
1104
2327
669
642
676
871
1533
672
762
703
649
1194
635
1377
1276
1288
806
688
709
707
643
786
1155
1837
1082
2127
665
571
696
1082
2132
1033
1444
1082
700
1159
659
1300
1045
1166
1639
641
1352
743
597
658
586
1347
1088
2241
1133
1158
1158
1342
2859
1574
1738
1250
1556
1261
908
667
1194
1239
1395
1456
3118
2124
1478
916
764
683
722
646
624
671
661
811
1851
1293
1390
998
793
934
680
1305
1171
1263
1043
1100
1663
1026
1301
1080
1259
1680
636
1091
670
643
643
1566
1394
873
1103
774
740
991
779
1910
1486
1248
1401
1360
918
649
682
698
603
981
698
1446
862
800
652
698
1223
615
660
662
603
1761
721
1157
1129
1009
877
998
1183
739
935
755
636
636
632
1545
710
634
583
658
1059
1198
3046
1299
1047
1238
1657
2100
717
661
569
695
1337
633
1079
667
638
739
1051
654
713
1720
1165
1134
1152
1385
1842
2046
1795
1736
1875
2011
2244
2397
2115
2318
2260
2459
2480
1976
2333
2478
2504
2368
1464
1016
907
774
699
687
885
659
631
713
668
1627
1111
1366
1225
1439
2655
665
1569
1160
1062
1231
888
624
779
1152
904
843
1075
670
647
713
625
714
659
1116
646
1228
1406
852
885
1172
936
970
873
951
1031
1062
771
674
591
614
694
654
667
733
647
630
645
1480
1415
1384
694
906
747
1135
1182
1020
762
803
651
817
749
828
631
886
1107
824
787
1007
1023
970
1058
1178
1438
1630
1852
1559
1678
1876
2038
2176
2429
2522
2695
2880
3051
3272
3284
3530
3664
3893
3865
3640
3929
2270
2462
2754
2051
2612
738
752
1127
669
852
671
1281
1131
1118
903
836
1687
693
683
616
652
621
751
1948
720
656
632
791
729
666
1418
768
1176
1144
1198
1739
718
1442
672
596
663
653
1078
606
606
655
637
1396
736
1082
676
618
749
1284
1539
662
612
639
642
1054
608
1198
775
1021
988
1081
1289
1207
1427
1555
1747
1933
1902
2193
1298
1328
1477
1668
1926
2052
2289
2537
2779
2746
2482
2279
1233
1104
980
852
