5698
4592
4195
3340
2403
2107
1629
2297
1489
1569
1212
1451
2163
1268
1047
1162
1030
1190
1095
1029
1215
1069
1126
1072
2230
1432
1533
1319
1186
1324
1299
1047
1156
1187
1027
1020
1012
895
1071
1551
1170
1134
1030
1074
1091
1197
1209
832
1137
1409
1057
1125
1326
1330
1060
1395
1584
1312
993
884
1108
841
1768
1163
1262
1219
1154
1266
1035
1083
1201
943
994
876
1962
1161
1109
1123
927
1095
1175
1377
1608
1073
1275
1333
1041
864
867
844
865
844
889
1289
1342
952
1331
1166
996
979
740
632
715
748
671
833
701
682
681
640
662
634
618
697
661
1162
625
1321
784
701
787
734
1429
737
691
765
709
1053
781
1537
906
694
683
639
971
681
639
1124
840
1205
736
1247
778
654
704
674
1908
717
864
636
650
687
648
1542
645
1259
1061
758
626
728
953
690
1172
646
652
622
670
1247
715
1177
704
615
635
652
1440
1058
1174
1205
1431
1604
1850
2026
1821
1599
955
1008
791
694
804
607
1550
723
711
707
669
1250
735
805
674
707
1264
1155
1354
1519
1670
1291
1378
1092
1114
1250
1056
1527
1072
826
772
923
1946
1147
1250
1168
1076
1157
1259
2083
1194
1642
1093
1153
1309
1379
1543
1417
1614
1845
2062
2360
2189
2050
1284
1175
1108
984
976
666
1438
700
700
662
637
1111
816
1189
700
679
692
684
928
649
1716
717
675
746
650
1087
773
2210
783
683
682
666
1084
632
1256
731
680
674
833
1655
753
740
648
637
646
663
1306
748
1376
909
632
682
716
1327
654
1131
664
734
725
659
1610
756
877
647
692
731
670
1677
734
844
647
657
719
619
1690
649
1238
708
688
615
711
1424
738
1175
730
667
770
681
1365
707
1370
628
696
649
643
1908
1005
937
960
2124
933
878
880
845
968
1298
826
1021
694
2109
764
1819
711
686
666
693
758
668
993
754
671
690
813
860
659
1352
684
660
718
691
794
729
1282
663
710
685
644
705
667
1390
700
709
772
611
943
694
1615
717
746
1047
1078
1158
1351
1469
1605
1872
2035
2156
2248
2369
2484
2576
2716
2913
3015
3119
3374
3611
3810
4024
4248
4360
4364
4112
4320
3361
3553
3835
2697
2946
1098
1374
1706
721
1604
740
1156
667
809
704
701
677
692
1217
704
688
692
771
1052
722
841
688
817
954
930
1130
1117
719
749
705
1855
762
767
761
707
692
672
887
710
1306
795
649
771
775
666
769
1292
627
711
779
784
935
721
759
605
772
1204
774
741
821
647
1189
743
774
664
757
930
659
1311
646
763
847
789
723
789
782
783
679
1315
665
734
704
722
921
722
1408
686
700
714
662
702
716
712
720
697
991
679
846
878
666
772
676
1224
734
706
702
705
667
740
878
759
706
756
715
827
671
713
675
663
712
687
1161
673
820
727
733
1542
663
608
703
693
1209
714
1247
663
640
583
772
1181
643
589
665
678
1531
717
649
643
602
690
962
1116
1100
1224
730
673
648
680
991
667
1394
637
644
735
612
1204
687
640
701
638
1158
682
937
1015
1194
1400
1496
1440
824
707
680
671
1253
620
1107
685
629
682
626
1040
632
1448
933
754
641
649
625
608
592
718
663
1108
641
1334
593
702
620
1568
625
626
577
662
637
716
631
1257
662
613
620
593
1413
682
613
615
661
1486
675
1072
789
1115
1066
1422
1558
1109
1164
1375
1587
1831
1812
1708
632
683
592
665
998
650
682
761
612
1736
689
686
638
582
1103
643
1043
699
641
691
659
1457
665
633
655
635
1404
655
853
634
669
777
644
1292
624
637
637
685
1378
677
1051
629
669
611
628
1624
749
688
864
637
2612
687
752
638
629
723
627
1354
664
661
601
956
1926
970
1265
709
649
711
1005
2197
646
897
610
627
735
677
1152
634
609
895
1165
1975
1083
1753
671
762
694
594
1616
1179
1549
723
641
570
636
1327
619
679
1185
748
624
658
1547
977
1075
1204
1276
1495
1716
1683
1764
1812
1949
1809
1893
1401
1087
863
739
880
623
637
674
1021
1341
702
1090
713
1135
1022
1191
1116
867
702
967
947
1080
711
631
652
694
708
1012
1522
694
659
703
731
712
876
1213
722
733
692
689
757
690
1155
688
667
734
766
1597
779
588
760
800
870
658
1658
1079
1129
1294
1403
2303
688
668
786
700
912
996
1069
1033
1154
1274
1504
1588
1711
1865
2099
2227
2193
2263
2407
2512
2650
2687
2795
2969
3062
3290
3289
3461
3577
3665
3648
3769
3878
4033
4231
4351
4560
4651
4690
4825
4966
5104
5284
5393
5428
5554
5722
5815
5972
6134
6247
6298
6418
6579
6750
6853
6977
7097
7183
7342
7482
7592
7436
7208
7069
6937
6921
6650
6386
6140
6064
5962
5163
4858
4665
4329
4106
3798
3520
3226
2909
2525
2266
2014
1801
1551
1290
1055
892
876
1088
1422
1754
2038
1543
2340
1076
1407
809
980
2604
1156
1450
1382
1472
2655
1082
1998
1030
1390
1801
1458
2720
793
727
690
843
944
1203
2581
741
721
681
615
1356
704
679
602
743
1309
719
1325
926
1007
768
689
761
1019
1282
783
986
2458
747
812
1060
1342
877
729
936
710
1527
719
732
748
729
1175
731
728
657
608
1312
708
1298
765
736
716
587
1250
