4690
4621
4469
4213
3438
2605
3385
2988
2156
1200
731
746
650
1400
604
678
669
602
999
584
1741
1123
1194
1455
881
881
930
977
971
909
949
1118
1303
1579
1824
2002
2018
1922
2327
2564
2576
2423
1532
1118
921
702
712
683
744
995
1014
1269
621
642
664
623
1127
983
1484
899
947
1179
1157
1871
867
734
882
986
929
624
863
856
716
611
910
977
893
992
938
1127
1321
1558
1827
1952
1868
1750
1961
2120
2320
2321
2190
2065
1552
1356
1267
1210
1115
643
1333
614
589
571
641
1119
614
612
679
650
1371
634
614
621
599
1315
695
650
579
594
1047
574
1100
875
608
530
578
887
827
962
977
1083
1894
854
705
1373
1307
2268
882
1065
908
979
854
984
1135
907
959
1101
1023
6210
1168
1372
1566
1216
1099
1095
1163
1404
1543
1800
1257
1178
1189
1101
1124
1220
1410
1649
2004
1036
1078
1149
1344
1673
2282
2428
1942
1820
2107
2202
2508
2801
3091
3482
1955
2587
654
693
753
677
1423
981
939
743
607
980
1240
1814
665
592
666
607
1227
618
571
549
572
1326
629
947
587
620
583
617
1081
699
575
567
587
1481
1051
1503
964
1221
883
968
2057
627
642
630
603
628
670
1127
575
693
586
691
1084
804
1082
623
707
644
695
650
674
625
693
582
625
600
632
710
620
1172
1063
1611
1251
1058
1284
1354
1167
728
770
627
787
694
626
618
650
617
642
640
627
657
800
623
793
1585
981
1068
969
990
1039
1242
2477
658
604
657
564
632
682
2117
1373
3736
1615
1308
1316
1438
1318
1257
1132
1508
1947
1431
2022
1074
1164
1024
1073
1226
1509
723
736
912
1124
1116
1207
982
931
971
1580
1163
3060
1912
1510
1578
1537
1467
1239
1105
1133
1082
1053
1035
1512
1171
1138
1383
988
1395
1511
1879
809
809
1912
1114
1315
1287
1066
1138
1152
1215
1248
1633
1293
1545
1320
1028
1488
1340
864
930
886
1676
1012
1689
1183
950
891
988
1595
1176
1014
1078
1189
1281
1355
1433
1013
937
1444
997
1269
1163
849
782
733
1768
1064
2189
881
950
979
839
793
712
1038
1116
1469
1307
1227
1733
1118
932
745
1127
2070
1142
1512
1878
1843
1827
1562
1312
1129
894
1142
1120
1461
1162
834
1022
790
1827
974
933
850
851
930
957
969
1042
882
952
868
1321
796
824
924
790
918
1192
1339
1160
1492
1380
1442
1715
1477
1314
1175
1147
2228
1179
1237
1235
1058
2343
1201
2005
1938
1878
2364
1279
1412
1102
998
1027
1111
1847
1157
1283
1517
1641
2255
735
1198
700
644
658
667
1288
671
658
673
634
1324
623
1267
725
1145
1617
1385
2424
1192
1324
882
1360
1013
1142
1817
1412
1822
1450
1509
1498
1556
1302
1106
1084
2443
1189
1037
1144
1092
1425
1108
1095
791
816
1027
969
1892
962
1235
944
1069
2166
1161
1135
1147
1379
2499
1069
1703
1070
1400
794
1011
2496
1208
1631
1716
1833
2228
1843
1711
1472
1177
770
690
1156
657
636
682
653
1400
1121
1920
681
637
642
652
797
882
641
651
667
1336
636
575
695
655
1273
674
1850
1224
1105
1116
918
3106
989
782
785
689
2745
691
2914
988
1173
1514
1042
2266
1140
832
780
746
932
845
849
908
1087
907
898
2866
1188
1271
1130
894
1221
1112
1422
1684
2071
2427
2266
2560
1972
1871
1745
1395
2229
670
746
657
586
932
597
1434
2378
643
631
617
596
574
606
682
595
1522
753
689
733
669
799
608
1216
602
630
599
626
1283
607
710
638
595
1352
576
1036
643
1562
1872
1628
1242
1027
1245
1017
976
1185
712
723
924
701
2096
1135
750
654
557
631
630
1276
699
705
619
629
931
609
1602
579
606
602
655
1647
998
706
648
566
803
689
627
751
610
1245
735
969
626
641
789
608
1283
762
618
1484
1486
1063
622
602
635
651
629
561
1292
670
627
676
601
752
575
1327
592
644
631
608
1946
692
664
677
618
939
617
1119
634
676
683
632
862
641
1078
620
613
691
616
1100
1945
1228
793
736
1869
738
2224
700
631
750
685
1167
696
969
1408
1113
1047
1419
2679
1471
2544
1422
1160
1591
1469
2218
1020
1080
1040
900
757
712
1664
664
741
672
706
909
589
1365
661
664
673
642
803
687
621
941
1284
1509
1179
1319
1553
1719
1690
1376
1112
1078
1172
1195
1271
1155
1355
2277
1347
1200
1193
1103
2289
1238
1396
1353
1191
1454
1235
1543
1127
1295
925
1214
1025
876
871
711
708
738
703
697
668
722
694
718
994
1118
1028
1095
1281
1452
1451
699
733
675
605
873
656
622
645
619
1293
613
1361
693
651
1095
701
891
633
1079
615
627
635
577
1139
702
1265
681
662
643
612
1154
689
1159
774
1167
2493
1590
1201
1069
1328
1410
1428
1771
1290
1443
1104
1066
1142
1174
1510
1123
1667
1213
1295
1201
1082
1290
1054
1562
1289
1108
1717
1118
1127
881
1016
1072
1472
1792
1583
1601
1605
1252
972
985
951
971
1279
1195
1246
1215
1121
1297
1137
1286
1092
1359
1677
2041
3237
798
663
1282
1245
1343
1099
1786
896
926
1317
1122
2980
1933
1280
1104
953
1236
1127
1172
1113
1378
1363
1079
2085
970
1872
638
689
630
667
953
609
1448
1179
1519
1067
1318
2306
901
1743
740
774
819
834
1191
975
972
934
926
942
1285
1177
1207
1113
853
1000
1729
1038
698
