3032
3354
3443
2178
1470
1357
1294
909
1026
1870
1106
745
689
678
1846
663
871
561
990
1111
1088
2845
1047
1017
1263
1419
1636
1805
1832
1710
1864
2086
2287
2476
2622
2852
3245
3660
3956
4186
3927
3573
3443
3267
3450
3583
4435
4711
4966
5347
5444
4544
4347
4647
4163
4220
4267
3319
3289
1854
1939
919
757
1347
659
1419
1056
853
806
761
2036
857
777
608
621
663
593
1016
558
1013
609
983
783
603
1212
608
1029
570
625
614
622
1316
677
777
693
686
630
558
1390
580
764
585
592
646
553
1113
680
1399
668
576
637
597
1053
623
852
548
625
624
587
1024
583
1107
769
918
668
620
627
632
1084
615
612
638
600
684
727
622
617
709
1085
620
1077
635
602
628
768
742
774
661
635
604
678
672
1015
653
658
605
653
626
658
631
613
605
989
674
616
645
659
790
597
1035
644
651
594
629
781
597
645
613
587
1040
701
600
658
627
774
651
1067
631
592
644
623
1037
689
624
661
659
635
595
906
611
614
648
627
610
633
615
608
645
805
858
1045
709
882
983
871
990
989
1036
1161
1277
1292
1503
1414
1476
1513
1638
1766
1879
2095
2167
2271
2425
2510
2576
2695
2859
2947
2937
2976
2749
2336
2142
670
681
976
871
1829
889
1392
956
685
743
904
991
740
1775
935
1095
1014
778
639
588
570
608
579
847
572
1713
663
653
688
631
756
896
1229
641
633
622
640
621
604
635
622
608
1093
629
997
634
602
632
613
802
602
606
827
644
785
666
1118
696
622
657
647
619
705
1197
987
836
847
913
1087
1093
985
1225
1098
917
1090
1086
1231
1225
1679
1971
2025
1153
1023
1034
1155
1411
1115
1379
997
973
1050
1063
945
982
1112
972
984
940
1006
967
1125
1227
1049
1003
980
1032
980
1023
993
1068
1557
1432
1008
1328
1482
1180
1185
1042
970
1050
1089
961
966
1016
936
1063
1106
1035
946
991
1112
1102
1143
1218
1166
1150
1110
1247
1288
1716
2645
2061
1436
1336
1356
921
885
871
865
1028
1178
1228
1199
1223
1099
813
854
850
834
891
814
1089
990
1242
1420
1533
1710
1955
2223
2545
2754
3078
3045
3255
3450
3603
4005
3281
3382
3046
2341
1791
909
837
948
1004
2420
1296
1157
1249
1269
1353
1562
3979
2039
1573
1745
1361
2385
1050
2016
740
740
1408
751
2142
959
984
1030
1110
1319
1467
1892
1441
820
2122
1376
2760
1380
1121
1220
1184
1336
1116
1173
848
1222
1291
974
1790
1092
1184
1273
1314
3265
1408
1245
1083
1145
847
775
1000
738
697
851
722
1139
709
694
745
797
1343
759
680
721
714
819
714
1316
934
877
922
786
1167
846
717
718
716
1785
887
910
833
811
901
882
885
831
855
780
817
859
923
881
919
1044
1248
1502
1315
1348
1238
973
912
772
716
705
803
759
2150
675
863
635
661
633
634
1504
675
663
642
718
844
723
1300
637
600
891
626
1021
662
687
654
599
1122
880
1007
676
623
782
612
1206
610
673
683
612
930
636
1461
708
667
677
671
974
656
587
690
664
1277
1501
1982
828
602
1068
746
756
752
855
772
697
742
717
1117
700
872
975
736
1119
775
740
774
784
1337
1011
1281
1623
1792
1624
1024
919
875
879
924
866
912
953
939
863
850
897
1013
1075
1281
1536
1459
1400
1522
1612
1536
1082
1359
1752
1508
1329
1154
1264
935
1009
1157
1579
1731
1265
1242
768
630
766
622
1271
583
680
766
642
1110
685
644
687
620
1098
635
2155
989
946
1053
1312
1543
1676
1852
1995
2178
2345
2531
2812
2755
2916
3153
3179
2973
3016
2967
2777
2789
2465
1333
1063
864
722
638
643
650
611
1404
686
644
702
638
1096
600
641
635
618
1089
635
1628
692
604
629
602
1021
621
631
624
575
1051
633
1251
594
624
631
600
1399
976
753
596
616
897
868
986
601
590
830
594
1046
635
616
707
611
1442
667
1116
621
613
618
574
1063
640
593
724
589
1111
650
1068
631
605
620
607
1584
617
1175
605
702
604
658
910
598
1366
936
852
847
845
866
691
629
580
857
912
772
2581
1391
1806
649
635
1107
1125
1775
734
699
566
803
970
646
571
642
1264
667
620
638
567
941
644
1268
670
810
710
646
881
734
1211
718
646
726
683
1465
714
693
683
672
859
899
1322
1032
1087
1104
978
909
961
859
684
653
623
670
669
643
733
646
699
646
884
752
786
844
651
1981
1056
819
755
1094
689
769
765
918
642
733
673
644
662
664
630
652
627
601
868
642
619
657
711
1088
635
1227
595
612
597
634
913
610
1340
609
674
601
830
1338
1160
1048
963
842
929
836
853
902
1015
863
892
844
958
906
992
1021
803
656
802
679
815
664
905
640
590
606
623
1280
622
758
645
661
906
672
1142
643
929
845
825
913
1236
1684
954
1074
1211
1371
1213
1257
2031
708
642
651
652
630
853
851
591
1774
1201
1273
1536
1272
1126
1254
1840
674
1526
664
612
653
616
1502
1033
1189
1574
1772
1617
883
1034
700
666
716
639
1351
632
804
641
620
596
619
1131
650
942
717
648
918
678
930
707
674
615
676
642
659
846
674
1345
702
597
679
664
