3410
3742
3620
3447
2520
2023
1478
1310
1212
1059
1283
964
1153
1277
1565
1679
1090
1008
866
1027
1238
1435
1646
1269
1414
2580
610
759
599
1124
1018
960
2461
1195
859
697
641
595
612
857
650
862
730
611
1297
593
592
604
696
1997
1020
928
1115
1373
949
668
625
827
930
934
1078
1238
1267
1402
1498
1690
1833
1714
1709
1344
1088
1447
2661
2651
1334
1202
1177
1207
1333
1387
1587
1867
2178
2236
2284
2403
2238
1963
2347
2519
2488
2076
1172
653
637
582
584
720
620
620
589
643
1407
947
941
1010
1092
1226
1026
1134
1289
1609
652
658
642
609
867
672
655
884
1003
1338
647
733
621
617
1237
1106
1786
1390
1647
722
629
648
628
773
634
1484
951
756
694
842
613
590
602
601
973
1294
1210
1332
1172
1294
1334
847
912
693
920
629
714
668
636
1235
692
758
607
644
1292
1152
2382
1315
1191
741
751
830
630
742
693
1218
634
614
680
615
1066
602
1779
1172
1156
1404
1364
2389
669
564
641
568
709
603
1309
592
707
602
672
831
643
1479
1421
1049
1240
1112
1568
748
836
641
560
617
584
1238
571
1162
635
640
615
869
1363
687
2286
1011
1081
1338
956
740
660
1678
560
607
592
683
764
755
2220
628
604
766
1440
1929
1272
1208
764
618
614
604
591
586
796
591
578
602
594
1150
629
968
627
555
599
728
1739
978
1130
1004
1011
934
1154
1331
1479
1707
1912
2144
2304
2485
2372
2257
2163
1287
1176
1137
1088
999
1039
1366
858
805
1243
1077
903
615
616
626
552
844
587
1315
598
679
599
565
1048
588
606
609
615
1893
913
817
982
1104
1057
746
607
622
597
587
618
583
593
1319
635
666
622
576
1041
621
838
647
922
969
745
2082
1522
1178
790
719
938
684
665
643
1255
637
659
609
641
935
690
1456
781
737
2848
956
674
661
659
634
739
1219
625
791
596
598
664
601
1112
641
1234
1437
751
1148
1317
1508
803
811
651
659
633
632
1007
687
1267
607
589
638
574
1193
616
787
1337
1180
1055
989
1457
620
622
619
1543
580
610
590
607
578
623
594
1178
600
596
573
601
1230
1235
2245
1126
1184
1126
1386
2493
593
716
671
598
650
598
851
604
1375
627
575
817
1187
1440
1391
1114
1131
1219
1769
607
1347
556
593
547
597
707
593
1443
595
565
598
695
1856
982
1784
981
776
625
698
1014
980
1204
1709
609
1439
642
587
631
608
864
775
1103
782
686
2448
1078
722
577
603
605
624
875
555
695
674
606
1183
612
573
622
547
1139
944
1650
1034
1298
1637
1176
1746
567
631
668
591
1121
624
599
629
609
1148
630
968
565
724
1685
1084
1362
1137
1135
864
688
1327
620
626
589
606
880
561
965
608
596
654
602
1099
938
1206
994
1209
1989
766
792
662
613
557
636
1340
697
545
589
545
988
584
797
622
615
635
917
1832
1093
1317
1186
1169
2092
621
893
595
622
581
634
1070
576
575
657
675
1585
763
2193
1420
1134
1578
1286
1573
609
590
576
562
906
571
1221
765
907
709
594
1213
1289
996
1258
1465
2763
721
592
626
636
645
608
1195
597
598
886
827
1343
711
1602
1014
1086
1452
1899
2014
1882
1799
684
654
586
640
1300
822
820
598
773
1651
1487
1618
790
1275
1458
1336
1225
714
787
1071
1102
1330
991
2253
681
1078
1522
1182
2173
1102
791
607
663
763
696
1086
722
652
682
601
1220
704
1074
681
915
1818
1063
2013
1110
985
751
1002
2303
631
630
570
626
1433
695
1117
627
867
1446
1050
2213
1178
985
889
654
621
625
611
594
630
641
583
1254
952
1212
1067
1315
1181
998
872
1049
1246
997
921
839
969
1178
1403
1577
1772
1932
2092
2155
2328
2580
2684
2915
3006
3251
2399
2400
2666
2574
2076
1380
1029
884
800
738
637
1213
568
668
853
652
1268
664
586
624
559
1379
1092
1315
1224
1570
1107
1265
2084
658
729
984
642
642
651
1318
633
604
699
615
1961
1180
1113
1384
1174
2082
666
594
633
812
1105
613
862
616
617
649
599
1175
865
1224
888
820
2467
1233
1953
711
876
1135
783
1475
670
595
646
711
749
615
1405
1460
1127
748
952
1217
954
1063
981
1147
1194
649
656
844
1042
1800
816
1398
822
1454
1229
1169
1235
1485
1225
927
813
1212
820
670
566
613
1307
625
1141
574
604
668
977
2128
1156
1385
1008
637
648
618
1327
618
591
646
614
1285
564
645
766
621
1060
647
2168
935
1094
1631
1304
1097
1098
1076
1122
1330
2562
950
1157
1335
1615
3829
1543
1146
966
847
999
1131
2163
1085
1069
886
579
1405
629
625
724
1607
1140
890
1766
1051
678
589
642
927
1099
1145
868
635
1495
666
1054
652
691
1488
1332
1697
1162
1446
1059
955
1733
979
1230
1185
1460
1864
2081
2339
1864
2300
2315
1604
1559
1066
1256
1077
1312
1262
1419
943
730
721
1619
900
1096
2048
4441
1047
749
733
576
1469
569
646
682
634
1531
708
618
612
677
1678
748
606
600
676
1496
643
1113
656
600
632
658
1355
684
553
623
592
1163
629
1265
683
760
959
649
919
603
623
705
762
944
640
1392
588
638
624
630
1337
594
622
759
662
1111
638
593
718
1026
