3821
2331
2309
921
1458
1164
1054
2143
1729
1489
855
780
1253
1274
2560
916
1695
841
810
907
796
1908
790
2349
1504
1360
1400
1211
1532
1086
969
1052
1177
1469
1057
2203
928
976
1112
1361
2045
914
1849
1009
1373
1167
1267
2109
958
1256
1019
1140
1117
1049
861
982
915
830
906
960
957
2135
912
1656
708
691
806
1067
1345
722
1436
687
591
644
717
1040
837
1993
873
1040
1268
1174
2213
810
844
1098
1366
1778
735
1636
711
843
816
1045
2235
946
1511
622
813
746
778
771
645
1325
814
980
1100
1241
1121
733
999
769
745
707
568
1002
763
785
859
956
1085
1164
1128
841
743
784
775
986
733
873
796
993
1132
1226
1112
776
1156
723
1046
757
798
844
741
1047
722
847
650
656
618
630
1475
740
854
941
1145
980
815
676
739
796
806
842
822
641
845
924
911
985
849
1075
886
917
885
1029
1183
1062
1223
657
890
629
834
1183
757
1137
855
872
819
943
1134
1143
1303
863
690
696
685
1025
614
1139
1028
1079
1109
961
1116
1160
1423
927
913
908
870
829
849
1195
1175
1074
1065
1134
1070
1114
936
909
855
1115
874
1212
959
902
4792
4327
3641
1607
1479
1254
1084
145178
551
618
505
642
487
598
496
627
481
593
568
502
625
1249
782
582
493
623
503
596
476
627
498
969
502
617
500
546
555
1055
622
638
520
549
476
500
490
495
483
488
497
490
1001
505
488
489
535
876
512
549
545
501
525
501
513
535
720
917
1119
1630
511
499
509
569
665
568
976
597
596
621
581
606
523
564
583
584
568
616
606
618
568
651
640
605
601
587
612
595
602
587
587
632
600
615
603
638
605
621
582
670
721
601
1071
592
544
547
674
675
619
629
841
628
1741
813
767
771
837
604
600
647
607
631
609
621
630
595
645
627
590
681
636
621
598
630
651
624
615
719
646
597
632
616
643
596
663
617
684
608
633
652
603
629
613
840
663
619
685
581
627
626
621
626
601
652
636
633
625
574
619
610
624
615
658
614
608
626
591
696
627
620
580
605
643
604
1031
548
550
546
621
545
578
718
554
563
540
625
605
583
557
541
557
534
576
864
537
660
541
617
882
550
594
541
560
706
545
557
532
596
540
562
862
534
560
548
637
565
535
614
536
577
796
822
996
728
878
1959
569
693
544
540
540
614
687
604
584
593
532
939
528
556
556
538
730
777
1332
566
1410
580
595
531
555
515
574
496
542
514
501
518
646
540
516
526
502
578
499
590
536
593
550
509
1022
542
557
538
523
541
519
569
515
602
512
559
746
521
536
521
543
522
555
517
565
510
937
663
543
536
654
521
516
555
582
717
817
903
964
1051
1150
1226
1285
1387
1409
1539
1646
1699
1825
1827
1877
1953
1984
2024
2028
2084
2139
2244
2321
2383
2566
2668
2756
2903
2935
3000
3112
3210
3284
3370
3444
3485
3538
3721
3853
3965
4065
4152
4223
4328
4453
4425
4499
4571
4611
4721
4787
4830
4916
4968
5073
5099
5147
5227
5259
5288
5353
5388
5439
5484
5513
5528
5561
5441
5402
5436
5384
5400
5424
5356
5324
5408
5316
5410
5430
5475
5544
5629
5558
5325
5169
4935
4689
4485
4275
4037
3794
3224
2965
2832
2643
2520
2334
2217
2047
1955
1796
1651
1486
1380
1209
1055
923
777
728
598
563
512
587
494
566
478
555
485
515
544
557
577
511
571
496
473
526
527
452
539
748
540
462
643
646
1080
569
528
521
485
535
503
862
498
484
527
504
953
523
649
1040
985
1768
547
894
550
476
500
557
996
564
530
546
529
1117
522
519
565
590
978
552
985
539
509
474
489
1568
569
574
585
741
895
856
871
978
974
980
1118
1179
1248
1289
1372
1439
1480
1583
1821
1855
1834
1883
1852
1910
1994
2049
2081
2108
2175
2171
2204
2167
2264
2349
2384
2507
2458
2506
2494
2492
2586
2645
2672
2758
2910
2993
3153
3334
3206
3092
2765
2455
1874
1578
1293
1063
824
638
719
1168
628
944
925
661
600
519
642
854
619
731
602
629
518
772
511
571
522
565
909
539
581
618
752
735
501
851
618
520
610
807
639
566
995
630
594
599
732
752
527
605
636
560
584
579
894
526
671
540
600
656
555
916
566
599
637
605
782
568
1180
543
663
558
620
519
629
648
577
608
922
523
666
616
647
659
543
1018
631
736
517
608
580
562
1227
660
670
724
536
649
533
758
663
610
640
630
571
584
927
938
785
955
663
617
603
786
612
594
542
579
891
1005
567
595
567
589
644
676
536
715
1081
824
1034
861
886
1036
1118
1017
821
687
912
841
742
1190
1180
772
575
508
571
759
592
762
547
1405
877
812
845
984
1189
1271
1666
1819
1602
1470
902
678
699
1006
960
1154
2128
629
751
581
576
575
572
1006
515
1132
536
542
561
571
1207
606
645
966
599
1453
736
649
516
491
551
554
804
505
968
498
569
554
838
1703
581
796
465
481
514
501
1081
551
498
492
484
844
514
701
539
548
546
506
680
474
1034
459
524
487
522
