3303
2874
3020
3188
2721
2848
1968
1704
1884
2148
1624
1504
1702
633
895
1144
1464
2638
651
604
589
640
1021
675
1340
605
757
1388
1083
1666
691
793
622
597
651
683
1299
623
933
608
793
636
629
1093
608
1256
565
928
1005
644
1247
633
796
940
1086
1370
1451
1345
655
618
617
806
1622
821
1778
715
615
716
1172
1400
1213
1701
696
620
635
610
841
606
1098
634
641
611
613
1313
603
899
623
612
636
631
1304
687
1122
639
594
596
612
1468
692
644
591
583
693
603
1277
579
596
617
579
925
625
1306
615
835
654
586
1043
625
921
824
694
600
616
1004
621
889
701
684
689
670
1218
583
885
603
704
697
668
893
586
1137
610
633
724
658
1026
625
1259
612
622
569
658
1100
637
579
667
602
890
643
1413
665
627
584
630
1080
606
1050
582
653
636
911
1041
658
1202
640
619
602
569
1157
652
1110
597
612
635
888
1091
608
1105
618
601
624
562
1327
638
576
561
669
1115
583
889
626
1131
664
655
922
631
1190
644
631
602
698
1056
653
1371
592
596
557
626
850
617
1420
1008
680
611
720
1354
637
617
640
581
973
624
1262
619
629
583
631
1078
680
1332
639
643
592
1108
1431
604
1015
611
619
618
667
1098
594
1048
607
578
674
635
1124
616
1024
643
599
621
570
1398
661
825
726
603
635
601
1138
603
1310
656
599
597
544
884
598
1222
577
568
578
587
1081
616
613
613
573
1067
588
1267
633
647
578
629
1041
611
783
610
552
149902
626
488
499
451
564
557
1019
525
599
546
536
610
548
1268
504
468
605
567
956
534
521
504
474
975
778
1022
873
908
2035
736
784
834
1009
1267
1434
1699
1407
1594
1749
1968
1962
1822
1974
1441
1319
1475
783
1210
1148
928
1093
1108
1221
1188
1265
1108
836
853
1056
613
603
573
668
629
603
537
594
616
546
737
650
614
627
591
608
610
614
690
727
602
548
587
635
1024
563
1372
633
622
662
653
550
633
608
530
600
740
610
606
546
626
1168
621
649
617
529
621
626
1019
629
511
618
594
707
565
1783
751
508
574
607
558
565
550
578
583
1152
556
612
511
590
934
598
770
635
565
572
536
932
581
1188
792
780
907
1079
1287
1421
1562
1770
1942
2075
1680
1537
1051
924
808
709
774
605
520
635
548
1202
595
562
934
633
585
580
808
555
581
592
583
1035
561
560
538
537
1174
508
960
527
559
554
526
1211
729
535
590
571
784
555
1263
517
567
610
602
872
575
529
563
542
1034
574
973
527
523
533
547
1266
542
540
611
618
1017
524
543
535
558
992
545
1007
555
540
561
527
1062
558
535
549
537
1271
592
581
596
564
770
661
1003
539
530
532
579
1085
641
552
587
581
1227
559
808
555
565
580
615
842
567
1700
552
801
594
644
787
589
600
1013
600
606
596
1199
594
629
682
621
822
573
644
568
636
1231
578
985
687
610
608
682
577
654
624
586
607
882
582
985
602
602
622
610
716
588
606
693
576
1137
596
799
943
623
1002
588
739
571
600
600
629
1050
582
645
593
575
610
608
1223
578
651
593
582
776
587
624
631
591
1011
607
585
620
605
790
594
953
592
600
620
589
794
594
687
638
583
789
599
1100
607
651
591
616
760
574
614
605
580
1209
626
573
631
591
758
613
1043
588
595
611
586
760
640
857
874
1005
836
613
970
603
573
593
611
856
584
581
603
590
979
633
557
655
580
609
607
934
620
613
855
618
607
600
613
584
662
937
603
593
604
582
605
554
981
618
609
589
588
585
620
595
617
647
1020
591
832
622
573
610
586
730
608
576
588
585
856
592
634
627
601
588
590
1027
598
596
579
650
807
595
607
595
587
640
659
1029
553
554
544
550
1008
557
574
609
524
1022
583
1085
556
541
793
946
1066
609
588
609
564
1105
620
555
568
547
1022
557
1172
637
571
568
545
987
545
539
591
559
1006
580
1270
622
673
620
619
819
571
565
594
539
1083
561
1169
525
587
755
595
1099
537
661
617
583
1418
588
553
565
599
1141
597
1079
585
558
651
570
1350
554
592
532
667
1189
555
851
571
570
626
576
1339
587
866
556
595
591
569
1002
597
1158
599
566
570
595
1211
548
600
599
588
1341
630
793
582
603
560
601
1196
569
559
585
640
1232
622
792
630
653
638
600
845
580
1301
570
564
584
625
1195
595
563
550
562
1156
545
1328
840
631
596
561
623
585
917
564
628
598
581
1014
859
1387
970
1004
1140
1288
1395
1571
1801
2018
2222
2290
2209
2391
2400
2545
2772
3706
3610
3345
3677
3240
3514
3829
4030
4288
3097
3269
2723
2863
2926
1383
1713
598
628
588
567
996
585
814
609
559
560
579
961
567
1048
640
558
638
530
1041
527
570
617
546
1005
593
775
568
563
575
571
1114
564
653
560
590
1264
603
535
585
525
646
562
1135
578
709
564
665
631
607
1086
592
1042
573
567
598
604
870
666
