4225
3897
3691
3737
3620
3392
2681
2585
1630
1697
1043
929
1115
1264
1490
1470
1676
1777
1780
1693
1115
1466
1741
1242
860
748
614
838
1659
1436
731
672
596
1293
706
759
660
709
1463
703
688
592
714
847
643
1219
969
1315
1676
1691
783
655
1051
670
673
794
646
1619
872
828
840
709
1866
1133
899
673
1804
1573
957
1747
757
697
648
657
1090
976
1448
665
827
717
664
1591
673
698
1329
773
1317
722
619
746
720
1565
756
1382
1030
1092
1223
1325
1539
1716
1891
1974
2136
2263
1793
1553
872
764
1165
668
1272
674
592
751
853
2386
742
645
685
817
778
1382
1276
711
693
688
663
1154
946
1112
1280
1376
1256
667
932
783
813
1887
683
800
697
965
957
1123
1228
625
1104
662
654
673
669
1158
644
703
736
674
1044
614
1347
656
673
805
618
1096
645
643
651
611
1143
732
1188
635
629
817
660
1100
677
693
627
682
1197
649
1269
622
678
652
622
1090
660
583
669
662
1650
673
1420
914
681
665
680
842
671
628
646
669
1100
637
1353
715
674
762
657
1354
844
778
802
694
1339
665
1100
602
671
849
677
1277
621
693
688
632
1000
636
1358
655
722
613
721
1334
656
635
688
622
3857
2712
3614
1217
2763
2599
1132
1096
1033
979
1110
1346
1603
1836
2060
2268
2428
2606
2853
3039
3118
3271
3269
3336
3395
3500
3581
3716
3815
4056
4130
4199
4373
4480
4593
4622
4650
4485
4315
4209
4063
3849
3615
3356
3193
2848
2596
2414
2105
1746
1466
1193
982
977
919
849
880
865
981
972
1013
1107
917
933
1069
945
906
1096
1105
1061
1002
912
858
872
891
910
918
1016
956
1031
987
1076
912
1103
1035
1029
1025
914
885
861
885
961
719
845
750
747
1369
776
804
732
794
770
789
804
787
857
791
762
698
744
763
801
738
700
719
835
886
827
861
736
727
775
736
736
693
747
717
703
733
700
682
725
1218
877
898
849
828
784
806
779
820
779
1928
875
1504
753
686
869
931
968
957
1077
1289
1517
1778
1660
1471
851
776
784
710
903
676
728
695
716
736
721
1167
835
734
745
666
1163
770
1093
778
717
742
751
1534
739
874
772
748
740
699
1327
723
1321
780
704
720
669
1536
1035
1107
1152
1229
1390
1561
1660
1736
1836
1917
2098
2204
2203
2341
2341
2478
2531
2460
2275
2034
1811
1652
1534
1391
1283
1254
1034
977
817
737
840
701
1138
805
744
775
683
840
730
980
682
1554
836
651
783
713
886
701
759
674
823
1115
927
1827
717
802
675
720
662
771
1047
654
747
653
777
710
754
990
679
727
667
727
1572
961
996
1159
1227
1284
1389
1461
1565
1632
1721
1822
1928
1926
2011
2065
2264
2435
2526
2456
2462
2531
2608
2749
2937
3074
3202
3422
3660
3796
3947
4144
4249
4489
4638
4731
4932
5089
5176
5437
5608
5753
5876
5632
5443
5311
5160
4984
4695
4528
3775
3559
3371
3212
3059
2899
2730
2200
2103
2061
2001
1630
1026
1316
647
705
681
660
704
685
650
744
690
989
743
957
669
708
703
677
889
664
916
913
756
667
729
678
707
1223
696
681
663
704
684
667
876
680
680
727
659
945
746
793
757
720
1750
772
2237
841
891
942
891
1998
816
957
654
738
1071
1116
1615
701
713
712
660
728
728
869
655
944
698
649
948
702
1249
748
935
666
712
691
673
694
704
1173
759
672
769
716
677
694
1232
684
705
762
792
772
639
1142
731
723
839
683
745
640
774
787
789
749
779
1208
789
775
637
1288
1093
1155
1099
780
708
164336
732
889
1046
1274
1590
692
1175
569
611
651
550
601
639
782
554
606
533
604
1508
1089
744
649
641
617
611
654
625
655
663
642
1053
777
672
804
682
609
659
521
647
639
657
666
606
828
572
634
550
622
707
622
706
644
639
563
1150
644
680
678
540
664
625
675
656
643
751
651
871
798
595
621
666
539
668
660
538
666
655
664
873
547
708
672
696
642
656
1324
882
1048
1358
596
1175
677
628
784
687
787
687
571
610
664
1098
705
776
650
573
629
666
835
553
733
897
651
1108
802
622
569
624
631
584
1058
596
583
622
590
1095
646
603
597
621
793
588
763
606
612
636
573
1153
694
854
596
592
606
607
1195
633
628
603
638
632
604
1259
636
673
891
915
1023
1118
1329
1334
1498
2356
722
596
726
952
1488
641
884
574
682
628
663
1098
587
669
718
597
1003
723
1345
562
688
589
654
1051
694
679
701
724
632
725
1737
665
697
582
689
653
671
744
770
728
596
673
1199
945
1066
1261
1329
2436
675
607
649
711
590
656
601
687
565
1124
898
1770
697
619
667
697
712
584
680
666
694
1204
593
701
704
603
718
611
1040
888
1083
1404
1105
1976
1028
1121
1007
669
1215
705
584
654
672
711
614
1004
726
1463
764
709
608
676
613
645
700
582
662
851
639
1153
971
1155
1378
1195
2310
706
718
594
688
698
710
1164
657
676
716
706
670
602
706
741
597
837
663
1116
638
688
651
708
751
650
589
860
621
1370
612
626
637
589
1297
612
858
554
662
657
