3355
3556
3206
2919
2999
1230
1764
1181
1532
1250
1265
1099
1176
1153
898
916
1071
1280
1098
861
684
691
703
693
671
678
668
677
725
695
1249
2196
1614
1365
756
696
688
660
659
662
677
666
757
689
1132
660
701
662
648
681
772
2337
739
652
790
667
746
985
1711
871
679
779
984
988
733
1467
1042
938
1131
1473
1219
668
680
837
684
1363
846
915
658
632
789
801
2143
700
711
649
636
847
662
1874
958
794
826
716
1088
644
1118
629
690
811
859
1508
672
624
649
624
1259
665
901
1075
1264
767
690
1484
727
1047
743
699
658
660
1752
690
781
648
745
914
664
826
676
1626
1074
845
1349
717
1042
731
1491
840
772
758
716
1244
724
674
645
701
1181
705
1338
746
826
736
741
1421
706
821
713
704
939
681
837
720
1575
744
765
740
715
1165
1001
1433
860
1302
928
991
739
1253
879
928
913
810
846
1052
819
839
813
692
787
1210
1550
693
1330
709
708
689
680
1314
646
703
712
707
664
675
663
716
760
700
842
1468
1080
691
724
925
1552
732
716
686
702
685
685
1199
686
695
699
665
774
756
933
687
685
656
654
1376
1073
1936
753
960
1134
1063
990
877
967
1016
935
1044
1192
1573
1127
1397
1779
2131
2414
1457
1276
1345
1539
1842
2083
2235
2352
2332
5871
3410
1865
1603
1951
1931
1983
952
878
665
650
1632
1620
1015
944
1124
1318
1262
1421
1616
1730
1869
1898
2220
2430
2550
2381
2529
2744
3029
3210
3045
3118
3218
3230
3440
3362
3191
2658
2308
1761
1627
1415
1569
2248
1016
863
765
641
1443
679
1236
871
841
725
664
1310
1201
2240
692
756
1107
1231
2449
635
849
652
819
944
686
1067
640
638
710
613
1129
719
1783
1139
1225
966
1124
2558
664
1516
670
612
707
640
1149
771
612
798
1038
2704
713
680
736
1020
1374
708
1577
755
1136
1177
700
757
627
667
830
630
1355
1014
1193
840
684
1168
641
690
679
636
1111
851
1428
704
639
914
1013
1456
990
717
636
633
1696
747
661
614
623
1512
1139
1304
1196
1481
2843
635
1186
840
1141
1232
1292
3132
745
639
642
756
1077
1002
2585
626
682
700
584
1287
784
971
678
618
969
649
1995
696
661
599
808
1667
660
836
683
640
1408
635
672
713
825
1368
619
1048
659
617
1017
1142
1167
723
656
881
706
1349
724
681
662
736
1243
770
782
682
642
649
726
1522
643
1027
1016
1259
1866
953
921
683
707
677
744
1268
666
1270
688
583
667
643
1575
727
1123
1181
741
797
692
1382
761
723
716
688
1787
705
688
694
755
890
657
1229
701
608
799
1044
1533
881
1743
793
780
886
669
889
670
634
632
625
1250
619
1271
1089
1170
1170
1313
1579
1470
1407
1226
1817
1159
1163
1770
903
650
705
596
798
824
682
720
645
1675
1578
731
1097
746
937
677
1360
679
751
706
630
849
668
614
627
631
1730
633
847
645
938
677
671
2229
1112
1362
1620
2001
2345
2516
2891
2200
2424
2324
2204
2141
1873
1883
1749
1109
1335
1122
1876
706
632
666
629
1445
644
734
630
640
1097
634
957
648
703
707
645
1081
663
1642
1030
1312
1570
1045
2354
661
704
679
639
789
1084
2589
955
780
816
758
1823
731
727
815
743
713
708
1226
702
683
693
693
1005
657
719
709
672
1048
961
1124
718
725
681
712
929
688
672
726
720
1224
736
931
717
688
877
684
1037
1159
2319
1388
1131
1342
1089
1232
902
778
780
716
1327
752
1002
692
711
795
741
1010
695
673
723
684
999
737
1209
841
772
823
655
1236
776
733
741
723
1057
737
1178
818
818
764
728
838
753
739
736
704
1323
689
603
786
659
1341
659
1178
690
607
690
693
1570
633
679
713
585
1562
690
1118
681
734
721
657
1417
669
1353
646
708
660
861
2215
1089
1261
765
1028
2340
676
1053
933
681
587
668
899
617
623
800
671
1130
625
657
673
717
1293
653
1208
618
661
790
648
1168
633
600
661
686
1143
630
1886
1148
1373
1637
1112
2381
1056
1423
1733
1211
2400
699
646
658
631
1423
614
1231
700
604
607
678
1383
614
610
668
587
1414
615
610
612
613
1502
704
731
956
751
1822
676
893
641
637
718
661
1335
699
673
700
655
1099
628
1429
705
991
697
619
834
729
656
767
695
1051
647
1383
648
649
604
639
1269
684
645
697
633
1405
632
1205
633
575
651
654
1397
641
667
656
594
1747
719
878
677
725
801
688
1186
767
1191
1060
1465
1462
1221
1261
1015
1270
1360
1798
1373
1564
4006
903
682
1033
652
1338
835
730
617
742
1440
640
638
670
609
1697
1124
1916
1086
1127
1121
1094
1125
1097
1109
1165
969
1316
1215
913
913
850
851
729
794
703
750
973
700
1013
746
1314
660
632
822
684
1111
661
728
699
1106
1730
1058
704
630
944
1611
702
961
665
630
751
626
1645
705
588
653
684
1547
924
1768
649
636
718
632
1471
709
627
625
661
1339
652
1263
624
657
911
631
1296
1022
757
828
633
945
642
1300
671
625
790
624
1238
796
1230
652
637
670
615
1021
795
1654
692
683
624
686
1231
626
582
656
