2905
1976
1851
1779
1379
965
892
795
561
1511
876
746
1500
1219
637
512
504
504
577
1046
501
590
513
553
1199
520
521
501
497
1072
818
1434
1526
1204
1307
1240
791
680
703
676
701
654
711
730
708
704
703
702
796
733
716
744
746
1403
949
769
776
874
875
1129
1078
1052
898
856
840
724
826
1266
672
640
1084
598
1203
924
934
617
524
1039
948
1542
901
954
589
488
510
502
540
477
527
1048
487
833
560
602
1528
591
543
516
571
499
532
779
568
1058
525
527
521
612
1038
555
805
507
509
629
510
1145
594
506
502
542
1096
839
843
674
615
943
604
684
531
1199
587
720
583
478
1012
551
513
600
525
1086
582
703
545
521
899
546
687
498
1533
542
518
570
578
788
585
610
548
602
1235
778
1678
886
603
583
887
1442
943
999
1115
1246
1392
1432
1302
926
797
584
526
609
526
541
567
514
1168
503
602
509
526
815
490
994
788
899
1883
539
573
538
498
577
504
1220
544
456
513
481
784
472
932
508
483
581
492
960
459
495
456
729
1460
629
1293
609
596
1136
772
833
741
795
934
1106
1159
690
827
706
574
651
970
955
802
675
780
790
696
758
735
576
535
1200
704
753
757
788
714
778
705
666
768
802
774
740
670
790
843
968
807
706
757
722
674
787
693
693
723
784
769
755
827
747
965
1064
1861
1117
928
955
1129
1344
843
811
797
848
718
824
1217
759
788
604
640
791
830
1037
738
709
814
780
1517
806
928
1041
1132
1165
686
566
898
694
1406
811
993
836
719
641
597
1456
750
932
1046
841
1339
724
1206
601
771
849
590
1516
747
897
785
833
1287
625
2295
606
688
1003
757
903
624
640
845
946
1356
612
1838
853
1073
1059
1131
1237
799
1683
800
680
1140
614
1860
596
598
834
719
892
858
816
814
813
1334
805
906
970
1141
1195
1349
1480
1167
1356
1630
1508
1476
980
835
790
815
746
797
701
751
701
739
663
616
617
1180
855
943
853
978
944
998
1164
1263
1514
1589
1114
876
709
762
1782
909
1353
821
816
760
705
1054
761
683
861
789
1055
772
1117
800
785
776
808
717
738
702
783
778
797
804
776
761
758
901
1103
1334
1150
1236
1398
1597
1851
1471
1541
1513
1704
1886
1394
1208
846
650
740
844
735
761
716
935
620
818
948
842
805
820
780
776
826
973
1234
1409
1036
994
727
1340
848
981
875
975
877
999
1199
1349
1444
1443
1282
1311
1125
1027
923
899
1070
838
863
950
996
1148
1284
1123
906
910
767
496
714
526
1210
562
526
515
564
945
473
801
463
730
694
515
903
518
1167
520
510
506
519
1060
511
492
536
503
824
533
1078
531
515
572
505
1046
550
1062
650
589
588
533
800
533
887
669
524
542
537
1151
542
759
563
549
556
502
1140
550
709
508
569
559
483
1280
565
888
532
553
534
581
1135
512
553
513
537
876
503
1143
521
581
664
543
707
519
1238
537
564
622
572
955
582
802
578
632
512
575
1059
525
879
541
561
568
553
1163
535
793
550
515
567
552
1038
619
1147
800
619
559
618
820
553
1332
583
527
575
523
838
537
532
624
555
959
553
1102
575
564
556
547
1274
537
696
513
581
698
1056
1757
544
1105
556
512
602
588
939
584
1077
535
658
569
584
803
514
1241
577
543
552
530
1029
555
547
531
551
1057
646
843
945
914
1075
855
783
562
2431
1735
1402
963
1235
1834
634
2420
819
570
582
520
603
518
831
539
568
486
581
1320
563
506
488
482
658
756
1091
551
483
525
539
712
560
1240
512
550
490
509
1003
503
677
501
484
489
478
1032
553
747
520
596
803
559
672
521
1014
523
812
551
518
770
529
1082
773
1029
1153
1343
1500
1269
1146
638
549
592
557
781
559
1300
552
486
541
516
751
516
559
567
526
957
514
1058
490
503
547
741
1018
544
702
571
557
167780
799
803
841
921
892
956
1061
1161
1178
1299
1360
1351
1404
1414
1427
1487
1527
1505
1586
1619
1699
1864
1898
1739
1473
1161
636
580
534
502
536
520
551
508
528
528
500
499
499
506
508
516
503
511
515
613
579
530
494
549
517
513
506
519
500
524
501
532
518
527
502
573
514
558
564
520
503
506
530
542
550
530
537
527
551
530
523
540
521
640
572
563
527
598
571
548
563
556
530
554
532
520
557
528
546
536
555
524
625
533
557
647
527
558
566
534
567
558
518
538
534
538
530
558
527
567
528
640
599
737
523
552
539
553
539
547
523
520
549
535
539
620
576
669
1004
714
552
540
766
509
583
623
551
1203
562
483
558
526
835
516
1026
647
521
587
553
752
550
483
557
512
1110
563
960
766
802
886
995
1141
1156
1290
1414
1574
1787
1735
1566
1456
1289
1151
977
973
543
536
512
494
579
494
620
584
664
690
537
1091
581
536
620
527
573
536
577
510
504
1005
538
872
551
567
530
538
551
539
539
536
534
730
523
1346
525
