140732019524160
1
0
0
0
26
0
0
140732019524176
1
0
0
0
26
0
-2400328484273224960
0
140732019524812
140732019524616
140732019524784
26
26
140001018969152
140001000722313
140732019524736
140732019524632
0
140001018217896
140732019524628
140732019529972
140732019524616
140732019524784
26
140001000723110
140728898420762
140728898420736
140732019529984
140732019529992
140732019529968
140732019529976
140732019524632
140732019524628
0
0
7228544
140732019526816
4294972968
110
0
0
0
-2400328484273224960
6864429519312015196
140732019526816
140732019525504
516
140732019529984
26
7228544
140001000709450
2048
140732019529984
140732019529992
140732019529968
140732019529972
140732019529976
1099511707716
7089072667143176192
72058081205578082
349595095466240
256
7887044718710845960
1099981389937
0
0
0
3345175485615908128
8317992816545523051
8100114730669207598
7719306633875909729
0
0
0
0
140732019525008
140732019525008
8747515698486407781
10
140732019525008
140732019525424
7233898
7233872
140732019531104
140001000699377
7887044718710845960
113
0
0
0
0
0
0
0
0
0
0
0
0
0
0
0
0
0
0
0
0
0
0
0
0
0
0
0
1
7233922
140732019525424
10
-2400328484273224960
7233922
140000998638816
7233918
1
8589934591
140732019529980
1015
600
0
4294967305
140732019530112
140000998921604
140732019531104
0
140000998921504
140732019530000
140732019530008
140732019530016
7887044718710845960
140732019507313
0
-2400328484273224960
0
0
140732019529992
140732019533784
7228544
0
140732019529984
140001000712639
140732019529984
140732019529992
140732019529968
140732019529972
140732019529976
140001000712565
0
140732019529976
140732019529972
8796093022208
140732019529968
140001018969152
1889630579100483585
0
26
140732019526816
0
0
0
0
0
0
0
0
0
0
0
0
0
0
0
0
0
0
0
0
0
0
0
0
0
0
0
0
0
0
0
0
0
0
0
0
0
0
0
0
0
0
0
0
0
140001024139108
0
2147483648
0
140001024106809
1
2147483648
0
140001024106809
2
2147483648
0
140001024106809
2
0
0
0
0
0
0
0
0
0
0
0
0
0
0
0
0
0
0
0
0
0
0
0
0
0
0
0
0
0
0
0
0
0
0
0
0
0
0
0
0
0
0
0
0
0
0
0
0
0
0
0
0
0
0
0
0
0
0
140001018045884
197456
65536
7565312
140001017613241
0
140001017591471
4125497075
197456
140001018952576
7367856
7433408
140001017593723
813
-2400328484273224960
140001018974208
4406412032
140732019530080
140000998921604
140732019530080
-2400328484273224960
140000998921504
140000998921604
140732019530080
1
140000998921604
140732019530080
1
140000998645127
1101667581428
7089072667143176192
2017613120229632354
256
140001018985204
140001020518392
1
140001024111524
103
140001018990144
140001024068064
140732019527048
140732019527044
140732019526980
140000999275112
140728898420736
140001018990144
140001018985560
140001020670053
2442273277
38160519
140732019527044
140000999275112
140732019527248
140001020518392
140732019527232
46
1
2269892348
0
1
2442273277
140001024066408
140001020670053
140732019527400
140732019527232
140732019527248
140001024113889
6
140000998938472
1
0
1
140001024065536
140001020491272
140000998938472
140001024065536
6565098404
140001024066408
0
140001024065536
140732019527368
4294967295
140001020514576
140001018988032
140001024068064
140001020662200
140001020514288
140001020668758
1172201362
18315646
140732019527364
140000999275112
140001022668600
0
140001022938601
140732019530048
140001022938655
140732019530880
140001024132643
1
0
140001024066408
140001018988032
140732019529920
140001024161418
8
140732019531520
0
140001022787902
140732019530880
140732019530056
7163008
1
140001018985288
140001018988536
1
281470681751424
124
140001018990144
140001024068064
140732019527688
140732019527684
140001024113889
140001020524128
139998753980416
140001018990144
140001018985560
140001018991597
2815975298
43999614
140732019527684
140000999275112
140732019527888
0
0
140732019531584
140001021170122
0
0
0
140001021170064
4611686018427387904
0
0
0
0
0
140732019531552
140732019531560
6
6
4
4
2
2
16
16
16646394
16711931
71777205704392953
0
0
0
0
0
140732019530880
140732019530880
7163008
-2315169217770759720
-1736447835066146336
-1157726452361532952
-579005069656919568
140001019113640
140732019531568
140732019531120
7163008
140001019114016
162
-9223372036854775578
0
0
0
0
0
0
6
140732019530320
7163040
140001022906912
140732019530880
0
7163008
4
2
2
16
281470681751424
16646394
16711931
71777205704392953
0
0
0
0
0
6
6
4
4
2
2
16
16
0
-281474976710656
4859508711991816526
4843112825421654380
12304
4294967295
4294967295
4294967295
4294967295
4294967295
4294967295
0
0
0
0
0
6
140001024110492
2265430030
1
140001020507440
140001020621136
1
140001024111524
4452
140001024110492
1355536091
1
140001018985348
140001018988896
1
140001024111524
139
140001018990144
140001024068064
140732019528712
140732019528708
140732019528644
140000999275112
140728898420736
140001018990144
140001018985560
140001018991827
1355536091
21180251
140732019528708
140000999275112
140732019528912
140001018988896
140732019528896
46
140732019528832
3121108112
0
4
1355536091
140001024068936
140001018991827
140732019529064
140732019528896
140732019528912
140001024113889
6
140000998939296
1
-2400328484273224960
1
140000998921604
140732019530080
140732019531088
140000998921504
140732019533784
7228544
140000998645424
0
0
4294967295
0
140001018988896
140001024068064
140732019531696
140732019531760
140732019531744
140732019531680
7163040
140001024132643
1
140001019113520
140732019532176
1
9223372036854775807
9223372036854775807
1
140001024132643
1
0
140732019531872
140001024110492
2155537998
1
140001020502112
140001020589168
1
140001024111524
3120
140001020662200
140001024065536
140001017602170
140732019529284
140001018952672
255
7
0
4096
139998753980515
271
4144
64
481036337409
532575944815
1
511101108323
8
0
0
255
4096
-112
0
0
7227936
4096
7227936
140732019532128
0
140001017516373
2096
101204
1
140001017566423
0
0
198
4096
8
1667918476
843924824
1667918462
92213521
1667918462
102213521
0
0
0
140001024065536
-2400328484273224960
7227936
140001018938496
140732019529632
140732019529632
7227936
140000998921604
140732019529632
140732019531088
140000998921504
140732019533784
-160
140001000699377
7887044718710845960
140732019507313
0
7172214
7227936
140001017593723
438
140732019529776
49
140001024245856
0
140732019529808
49
140001024245856
0
140732019529984
140001024250240
140001018321457
140001024250240
139998753980417
4194368
140001019082768
0
140001024251680
4194368
140001024213003
49
0
0
0
140732019529904
-2400328484273224960
140732019529920
140001019083928
140001022792988
140001022957424
3
140001021166943
140001022792988
140732019530912
7163008
140732019530224
3
140001021167736
140732019530088
140732019530072
140732019530912
7163008
281474976710658
0
140001022939372
140732019530096
140732019532192
2267189787
0
17
10
32
140001022792962
140001022792962
0
140001022939392
140001022939385
140001022902683
0
140732019530912
7163008
140732019530224
3
0
140001019114016
140001019078964
0
140732019531152
0
0
0
0
0
0
-56
1
0
0
0
0
-48
1
0
0
0
0
0
0
0
0
0
0
-40
1
-32
1
-24
1
-16
1
-8
1
0
0
0
224
7
0
1
140001022792962
4264768
-8
1
16
72475
0
130843
140732019530912
140732019531600
140732019531152
7163008
140732019532208
140732019530672
140001019080733
140732019531544
140732019530768
49
140001024245856
0
140732019530944
140001024250240
140001018321457
140001024250240
139998753980417
0
140001019082768
0
140001024251680
4194368
140001024213003
49
0
0
0
140732019530864
-2400328484273224960
140732019530880
140001019083928
140001022813544
140001022957424
2
140001021166943
140001022813544
140732019530992
49
140001024245856
0
140732019531168
140001024250240
140001018321457
140001024250240
139998753980417
281474976710658
140001019082768
0
140001024251680
4194368
140001024213003
49
0
0
0
140732019531088
-2400328484273224960
140732019531104
140001019083928
140001022821441
140001022957424
2
140001021166943
140001022821441
140732019532112
7163008
140732019531408
2
140001021167736
140732019531272
140732019531256
140732019532112
7163008
281474976710658
140732019531296
49
140001024245856
0
140732019531472
140001024250240
140001018321457
140001024250240
139998753980417
140001022821360
140001019082768
0
140001024251680
4194368
140001024213003
49
0
0
0
140732019531392
-2400328484273224960
140732019531408
140001019083928
4270087
4264768
2
4439752
4270087
140001019089791
140732019532720
140732019531384
4452744
140001021167736
4270087
4439752
140732019532416
140732019532696
72339069014638598
0
4506928
0
140732019532736
2268813667
0
140732019531712
4456012
4456033
4
4453057
140732019532416
140001019074343
0
4506928
0
140732019532416
7163008
140732019531712
2
4
140001019114016
140001019078964
0
140732019532168
0
0
0
0
0
0
-32
1
0
0
0
0
-16
1
0
0
0
0
0
0
0
0
0
0
-24
1
0
0
0
0
0
0
-8
1
0
0
0
16
6
0
1
4270167
4264768
-8
1
16
66331
0
130843
7163008
140732019532720
140732019532176
140732019532416
140732019532832
0
140001019081654
140732019532656
2
140732019532664
140732019532672
0
140732019532680
0
0
140732019532720
0
0
0
