3709
4446
2858
7604
2162
1928
1772
1516
1323
1509
1504
1482
1476
1501
1886
1844
1878
1934
1849
1865
1846
1888
1837
1872
1968
2339
2289
2304
2292
2287
3080
2833
3085
2486
2162
1851
2745
2165
2087
2013
2000
2231
2150
2103
2114
2097
2210
2176
2174
2132
2117
1868
2785
2989
3252
2720
1690
1678
1656
1300
1320
1338
1273
1258
1132
1164
997
942
1020
984
878
783
953
948
973
935
950
1042
842
738
954
927
977
953
939
944
946
973
944
944
974
945
1056
979
962
951
951
941
944
1262
959
774
751
841
789
825
970
817
849
860
843
1184
1241
1053
1133
1004
872
807
946
1009
961
934
959
1402
1202
1129
988
825
1082
1106
995
1124
8200
1157
1067
1095
1031
1108
1036
1155
1068
947
950
939
1045
963
938
941
975
967
961
953
942
987
969
2511
2559
2507
2474
2183
2377
2132
2257
2316
2324
2382
2357
2484
2533
2503
2436
2313
2240
2556
2505
2561
2482
2654
3190
3103
3135
3101
3077
3095
3078
3156
1209
1000
1093
1111
1122
1067
1079
1093
1085
1086
1112
1104
1093
1111
1104
1091
1102
1118
1104
1104
1114
1107
1095
1116
1103
1063
1114
1099
1099
1073
1068
953
1208
1205
1197
1204
1200
1187
1195
1201
1187
1172
1220
1197
1203
1200
1266
1128
1123
1135
1005
1125
1160
1200
1230
1198
1204
1228
980
1205
1168
1225
1204
1192
1208
1244
1234
1191
1211
1203
1244
1198
1211
1217
1204
1230
1195
1115
1056
1206
1217
1209
1222
1190
1214
1223
1188
1224
1218
1186
1187
1211
1195
1186
1188
1206
1128
944
953
1200
944
1200
2766
2763
2783
2778
3163
3092
3175
3096
3094
3067
3070
3141
3155
3042
3053
3030
3105
3072
2841
3118
3060
2934
3117
3133
3199
3203
3103
3171
3044
3099
3161
3114
3248
3085
3172
2948
3057
3195
3120
3259
3061
3142
3132
3110
3146
3109
3180
3085
3132
3113
3129
3297
3121
3086
3200
3142
3042
3103
3117
3103
3131
3061
3159
3113
2908
2826
3172
2984
3053
3255
3121
3137
3206
3122
3197
3111
3165
3119
3060
3177
3200
3196
3047
3215
3101
3118
3168
3122
3298
3241
3236
3094
3097
3265
3162
3228
3067
3140
3062
3106
3226
3135
3185
3115
3112
3517
2941
2990
3277
3179
3078
3072
3118
3151
3230
3156
3172
3130
3369
3074
3157
3344
3114
3151
3313
3055
3150
3083
3184
3120
3153
3087
3126
3274
3096
3156
3073
3175
3092
3079
3259
3139
3140
3138
2849
3109
3116
3195
3085
2797
3155
3008
3055
3071
3001
2897
2718
2707
3179
2723
3198
2841
2814
2754
3150
3165
2587
2904
3108
3170
3171
3139
3044
3110
2690
2989
2911
2989
3392
3021
3088
3187
3189
3212
3218
2793
3161
3074
3202
3094
3091
3068
2708
2707
2741
2672
2986
2812
2819
2478
2269
2342
2602
2637
2295
2569
2266
2451
1961
1851
1901
1702
1615
1773
1710
1636
1646
1613
1556
1648
1730
1534
1512
1564
1436
1590
1582
1675
2660
2590
2993
2624
2827
2989
2831
2934
2914
3015
2967
2588
2865
2908
2768
3041
2887
3010
2841
3038
2992
3229
1253
1150
1069
967
1311
937
901
879
905
1068
881
902
1013
972
964
940
977
1027
965
980
997
1032
961
1019
1008
1025
1036
985
2035
1956
2041
2178
1985
2079
1969
1830
1921
1937
1918
1824
1904
1899
2447
2537
2207
2488
2745
3217
2739
2767
2773
3111
2767
3131
3054
2911
2792
3123
2685
2819
2704
3201
2806
3103
2914
2776
2824
2958
2730
3015
2811
3154
2953
2735
2985
3096
3163
2897
2811
2858
3052
2859
2772
2843
2842
3203
3268
2677
2783
2726
3155
2733
1077
956
922
815
1035
1093
1079
905
3278
3115
2884
2832
2887
3330
2734
2787
2672
3104
3014
2770
2865
3029
3133
2740
2785
2832
3063
2967
2775
2763
3226
3029
2832
2747
3063
3121
2669
2998
3055
3159
2800
2698
2765
3056
3036
2773
3208
2967
2620
2881
3093
3640
2691
2765
3226
3061
2712
3042
2897
3046
3043
2802
3056
2724
2718
2676
3039
3067
2674
2917
2838
2674
2777
3119
3123
2887
2720
2912
3099
2754
2789
2773
3240
2993
3081
3133
2961
3168
2927
3204
3045
3165
3252
3005
2773
2749
3170
3184
2825
3204
3199
2782
3077
2981
2768
2756
3219
3051
2746
3187
3184
2752
2968
3055
2846
2972
3121
3060
2714
3050
3313
2797
2958
3143
3061
2755
3121
3226
2719
3100
3101
2784
3189
3258
2759
2934
3072
3893
2818
2829
3097
2654
3152
3126
2902
3086
3169
2776
2757
3035
3015
2663
3100
3066
2743
1187
920
961
1127
1120
1103
1121
1119
1166
1118
1112
1200
1101
1163
1194
903
1133
1166
1141
1175
930
1123
1267
1141
1133
1242
950
1129
1117
961
1152
1138
1034
1125
1122
1107
1101
1264
1119
1111
1211
1177
932
1125
1227
1294
3135
3083
2900
2912
3047
3232
2718
2791
3055
3054
2744
3125
3134
2711
3171
3260
2662
3113
3033
3131
2736
3011
3179
2792
3146
3395
2836
3205
3031
2869
3230
3030
2799
3094
3038
3042
3104
2762
3160
3197
3056
3145
3046
3439
2960
2955
2842
2880
2734
3049
2756
3104
3042
3067
2975
2750
3298
2985
3301
3134
2986
3168
3075
3227
3085
3106
3100
3001
3279
3178
3024
2803
3092
3147
3039
2778
3001
3066
3029
3141
3031
3077
3160
3098
2973
2870
3107
3328
2837
2839
3056
3255
2691
3055
3131
2984
3146
3104
3315
2801
3073
3240
2779
3136
3258
3090
2754
2819
3129
2787
3098
3231
3137
3063
2745
2795
3237
2996
2852
3094
2720
3227
3168
3326
3179
2860
3104
3072
3217
2791
3032
2798
2899
3101
3158
3205
2722
3056
3083
3209
3060
3108
3161
3091
3141
2728
3110
3097
3072
3128
3074
3073
3199
2977
3179
3083
3098
3177
2756
3258
3068
3148
2750
3091
3189
3349
2817
3098
3190
