1223
1083
1177
1225
1047
934
959
953
966
938
780
948
969
974
958
958
958
3011
3100
3178
3037
3118
3010
3019
3145
3061
3357
3104
2326
2474
2314
1966
1716
1995
2008
2112
2027
1987
1868
2112
2343
2345
2333
2469
2288
2284
2425
2296
2373
2310
2077
2719
2337
2116
2008
1583
1421
1346
1265
1281
1299
1076
1084
1017
950
1008
928
947
948
862
944
1051
733
923
1116
738
995
962
953
945
1018
908
951
1012
900
1015
1432
1418
1404
1444
1815
1877
1168
1000
943
955
945
1051
821
751
873
865
885
795
826
864
931
984
895
1201
1095
996
1666
997
878
1066
1019
1018
785
942
900
1111
1064
1074
1035
1065
1031
1254
1214
1520
2928
1209
1049
971
1165
948
984
964
953
1053
935
936
969
946
947
955
993
1025
948
940
934
923
1261
996
2053
2091
1979
1960
2045
2018
1875
2008
1969
1950
2016
2005
1898
2025
1978
1912
2030
2086
1877
2030
2019
1918
2364
1943
1964
2024
1928
1909
2103
1992
1880
2020
2053
1970
2751
925
1058
994
963
999
1002
1082
1075
1063
1089
1059
1067
1080
1069
1061
1081
1092
1052
1535
3117
3156
3193
3044
3093
3071
3082
3127
3094
3164
3121
3138
3116
3103
3029
3094
3142
3019
3052
3012
3025
3292
3095
3088
3095
3109
3191
3032
3070
3125
3186
3201
3076
3102
3126
3120
3080
3090
3374
3087
3114
3135
3082
3232
3113
3269
3021
3033
3082
3094
3159
3152
3018
3191
3045
3205
2867
2726
2736
3032
3093
3073
3184
3133
3141
3240
3125
3059
3070
3128
3088
3206
3200
3296
3054
3111
3104
3132
2674
3129
3042
3002
3129
3049
3185
3004
3038
3097
3114
3161
3065
3199
3133
3040
3167
3071
3135
3146
2888
2947
2723
3286
3104
3211
3130
3115
3194
3042
3116
3062
3082
3158
3141
3277
3061
2942
3086
3105
3152
3060
3171
3061
3178
2744
3090
3302
3044
3107
3050
3083
3097
3059
3234
3072
3167
3055
3078
3195
3082
3153
3070
3120
2858
3101
3141
3149
3289
3072
3146
3075
6457
3178
3106
2460
2195
1845
1642
1446
1464
1214
1155
1413
1426
1439
1174
1447
1435
1486
1431
1431
1427
1429
1454
1424
1463
1402
1431
1446
1434
1449
1396
1435
1404
1433
1455
1413
1455
1416
1206
1456
1449
1435
1410
1421
1437
1432
1423
1463
1450
1449
1452
1450
1410
1439
1442
1444
1423
1412
1443
1424
1446
1419
1440
1412
1410
1466
1448
1458
1459
1439
1449
1432
1472
1424
1468
1439
1431
1416
1411
1451
1345
1379
1460
1209
1550
1432
1413
1443
3097
3110
3028
3217
3066
3039
3088
3142
3133
3100
3198
3093
3147
2406
2190
2141
2130
2074
2132
2155
2134
2120
2185
2103
2149
2138
2154
2128
2461
3226
3088
3297
3072
3043
3065
3093
3091
3080
3455
2884
3147
3165
3092
3221
3087
3105
3028
3100
3133
3102
3120
3116
3256
3046
3080
3157
3088
3148
3090
3059
3082
3069
3127
3066
3141
3046
3109
3135
3049
3194
3093
3158
3098
3048
3036
3060
3101
3076
3110
2998
3138
3039
2775
3231
3098
3094
3048
3003
3156
3094
3359
1104
1132
942
950
928
963
973
936
1002
965
1007
966
963
993
956
962
1007
811
956
943
967
970
931
939
942
3179
3007
3039
3114
2810
2139
2165
3136
3131
3112
3562
2925
2792
3024
3071
3112
3114
3139
3111
3137
3079
3138
3093
3065
3213
3071
3110
3025
3037
3114
3078
3180
3095
3182
3078
3027
3199
3084
3407
3084
3161
3056
3113
3138
3070
3233
3047
3142
3087
3052
3220
3060
3333
3014
2994
3019
3145
3178
3134
3204
3101
3077
3192
3138
3248
1001
964
1040
1031
1039
1037
1031
1041
1052
1008
1058
980
1009
1021
1033
1101
1087
1048
984
994
953
1085
1087
1060
1057
1092
1062
1090
1072
1074
1065
1086
1110
1046
1082
1073
934
1088
1090
1087
1076
1074
1071
1045
1090
1068
1088
1068
1067
1107
1067
1076
1074
1071
1085
1082
1074
1075
1126
1090
1073
1048
1049
1060
1079
1063
1073
1058
1081
1080
1072
1094
1081
1081
1065
1085
1083
1070
1079
1041
1058
1078
898
1088
1057
1086
1092
1080
1086
1069
1075
1052
1077
1077
1054
1078
1080
1085
1063
1048
1101
1069
1070
1125
1074
1089
1082
1069
1059
1087
1081
1061
1069
1063
1042
1047
1076
1090
1060
1068
1076
1064
1055
1082
1082
1067
1076
1084
2909
2893
2994
3063
3155
3101
3114
3050
3122
3174
3212
3198
3034
3094
3074
3042
3162
3088
3108
3115
3104
3257
3074
3176
3206
3130
3050
3051
3207
3087
3130
3146
3057
3213
3081
3229
3105
3132
3119
3083
3164
3034
3265
3061
2971
3102
3088
3222
3124
3103
3111
3156
3193
3085
3148
3044
3144
3124
3128
3114
3064
3150
3039
3057
3216
3178
3180
3079
3043
2767
3088
3151
3098
3175
3063
3105
3046
3068
3255
3061
3089
3087
3041
3105
3072
3101
2967
2711
3139
3079
3255
3086
3091
3070
3076
3122
3075
3227
3080
3047
3270
3078
3189
3148
3129
3061
3006
3137
3093
3155
3036
3087
3165
3082
3188
3089
3165
3079
3076
3051
3114
3155
3089
3143
3151
3031
3185
3072
3206
3001
2700
3152
3095
3170
3114
3137
3180
3130
3177
2996
2819
3048
3142
3237
3400
3150
3026
3093
3152
3094
3181
3124
3159
3132
3058
3173
3105
3235
3122
3061
3051
3117
3172
3122
3166
3130
3106
3141
3099
3156
3117
2860
2957
2873
3098
3097
3138
3062
3072
3182
3022
3159
3048
3151
3095
3076
3169
3077
3130
3146
3100
3225
3154
3143
3074
3118
3078
3092
3225
3064
3034
3133
3033
3148
3092
3231
3082
3249
3045
3150
3220
3124
3215
3139
3013
2700
2838
3173
3060
3102
3069
3081
3178
3091
3409
3121
3094
3063
3032
3137
3116
3214
3098
3124
3204
3107
3144
3025
3134
3070
3065
3287
3086
3158
3139
