1643
2856
768
992
1438
1102
1004
818
880
964
963
953
922
986
985
975
961
993
971
940
975
976
953
961
973
986
963
969
975
1008
1090
1233
1479
1362
1240
1354
1035
945
1139
1167
1155
1022
924
1130
896
856
2848
2793
2429
2464
2722
2713
2547
2155
2637
2074
1810
1310
1614
1335
1222
1116
1276
1282
1010
1216
1047
3361
1141
1035
1082
956
946
1135
1021
1110
1143
977
1171
1196
1093
1140
1541
1106
1150
1089
1100
1115
1116
1093
1120
1133
1090
1133
1143
1058
978
1266
754
954
1016
956
968
962
771
734
731
713
817
851
801
961
771
867
864
1176
1212
2984
1146
1288
995
1059
906
880
858
778
929
1247
1063
1118
1031
1116
1180
1072
1027
1065
4621
1089
1141
1048
1091
1122
999
1017
1040
964
1053
942
938
958
938
962
977
996
972
937
981
1022
1029
980
1051
960
957
906
1004
980
978
994
982
946
972
928
1060
1466
1485
1474
1494
1508
1528
1510
1468
1544
1546
1446
1497
1537
1478
1477
1536
1494
1479
1587
1036
1100
1045
1059
1046
1069
1075
1022
1052
1044
1062
1075
1067
1048
1044
1029
1088
1052
1037
1074
1054
3058
3073
3136
3081
3165
3132
3093
3235
3112
3115
3057
3143
3150
3090
3136
3041
3118
3147
3082
3238
3138
3211
3113
3181
1140
1108
923
889
1090
1081
1107
1150
1104
1175
1406
1361
1407
1387
1452
1392
1385
1440
1382
1417
1363
1378
1397
1401
1403
1461
1406
1413
1391
1393
1396
1413
1397
1391
1383
1379
1427
1405
1415
1402
1372
1416
1367
1422
1388
1390
1527
1317
1393
1388
1396
1479
1441
1397
1391
1372
1407
1384
1427
3107
3186
3102
3123
3236
3057
3292
3129
3184
3072
3017
3164
3131
3208
3062
3133
3247
3127
3245
3058
3149
3092
3091
3174
3083
3149
3072
3105
3151
3063
3170
2982
2951
2829
3176
3124
3039
3140
3111
3120
3182
3160
3295
3135
3166
3124
3039
3680
3093
3011
3107
3024
3103
3156
3268
3110
3075
3227
3081
3191
3107
3147
3069
3186
3219
3033
3370
3125
3210
3125
3092
3260
3000
3310
3130
3054
3440
3080
3250
3108
3429
3132
3195
3239
3189
3190
3161
3105
3118
3137
3302
3099
3112
3108
3130
3139
3190
3235
3150
3093
3280
3163
3267
3188
3169
3080
3077
3318
3167
3249
3019
2870
2910
3171
3245
3132
3336
2977
2809
3203
3177
3238
3141
3199
3105
3133
3256
3171
3276
3106
3126
3152
2852
3229
3135
3208
3208
3161
3309
3134
3327
3101
3145
3295
3121
3241
3135
3161
3193
3109
3162
3093
3280
3072
3121
3176
3184
3203
3101
2917
3149
3183
3311
3121
3381
3620
2956
2967
2987
2287
1904
1549
1275
1208
1109
1048
1070
1008
1041
1190
1125
1044
1128
982
1009
1101
1147
1075
995
944
1073
1131
1190
1226
1131
1164
1059
1094
1135
1153
1040
965
1044
1104
1228
1553
1378
1418
1362
1407
1417
1420
1398
1446
1410
1376
1407
1452
1368
1411
1417
1410
1455
1401
1387
1406
1391
1460
1484
1428
1396
1411
1389
1406
1413
1402
1400
1435
1387
1403
1397
1412
1412
1406
1432
1411
1412
1398
1378
1170
1081
1010
1007
940
933
983
984
973
973
967
960
969
960
998
965
995
956
981
974
977
991
977
1013
973
982
990
975
982
951
985
953
973
972
920
959
970
981
998
954
1005
979
963
972
989
984
977
945
982
969
1012
985
994
991
986
971
978
993
965
956
978
951
993
970
999
947
948
968
983
952
972
965
986
966
1010
949
984
949
1008
951
959
962
952
965
967
959
955
974
951
962
948
981
966
975
969
958
3193
1207
1059
1029
1081
1129
1046
1071
1067
1025
1048
1050
1042
1039
1079
1054
1040
1028
1066
1066
1080
1068
1049
1045
1090
1053
1058
1040
1034
1069
1051
1085
1072
1040
1049
1067
1080
1053
1078
1041
1052
1051
1048
1056
1050
1052
1054
1044
1153
1083
1060
1048
1054
1085
1060
3168
3064
3135
3161
3137
3222
3185
3079
3133
3051
3121
3099
3169
3135
3083
3159
3103
3182
3121
3207
3156
3119
3291
3082
3052
3118
3054
3263
3260
3152
3063
3185
3093
3122
3118
3102
3245
3038
2894
3174
3135
3781
863
918
995
1031
945
997
2280
2966
3032
3131
3150
3241
3133
3116
3010
3107
3209
3029
3153
3152
3078
3158
2909
3159
3097
3165
3136
3113
3244
3076
3126
3107
3125
3213
3087
3211
3033
3206
3430
3114
3055
2904
3187
3088
3091
3198
3091
3231
3044
3103
3130
3076
3187
3122
3202
3096
3139
3050
3054
3259
3101
3089
3041
3055
3100
3121
3189
3124
3211
3065
3047
3241
3088
3218
3226
3279
3085
3071
3213
3119
3145
3083
2952
2785
3000
3237
3186
3153
3105
3038
3066
3107
3206
3146
3159
3103
3029
3192
3092
3213
3188
3179
3094
3131
3112
3102
3367
3117
3157
3082
3090
3279
3097
3153
3114
3121
3059
3027
3136
3101
3239
3101
3115
3249
3070
3026
3112
3250
3126
3110
3083
3059
3244
3150
3162
3192
3113
3190
3101
3236
3098
3185
3178
3086
3223
3049
3071
3141
3187
3151
3097
3310
3092
3135
3104
3287
3118
3089
3180
3104
3160
3178
3153
3071
3088
3294
3089
3076
2927
3167
3172
3148
3113
3083
3134
3150
3085
3164
3081
3134
3091
3081
3248
3073
3352
2928
3125
3100
3149
3175
3089
3145
3052
3137
3061
3131
3337
3011
3146
3010
3117
3194
3154
3245
3054
3073
3138
3095
3218
3187
3186
2799
2844
2321
2315
2406
2334
2396
2290
2359
2373
2332
2440
2305
2340
2319
2383
2367
2302
2388
2321
2374
2340
2298
2392
2293
2383
2275
2309
2343
2291
2364
2321
1199
1194
1212
1176
1186
1208
1184
1278
1213
1198
1228
1232
1153
1045
1003
1170
1199
1274
1179
