4689
3027
1512
1828
1309
1628
1509
1736
1288
1305
1344
1307
1290
1376
1364
1352
1366
1383
1374
1402
1346
1362
1409
1477
1474
1430
1498
1411
1754
3086
3041
1177
1176
1246
1205
1131
1083
1215
1122
1112
1132
1107
897
1123
1108
1147
1115
1091
1131
1116
1075
1120
1099
1092
1253
1092
1078
961
985
1130
1098
1064
1003
1779
971
817
800
893
913
805
823
816
885
905
790
822
856
2164
988
717
946
953
936
890
951
962
930
931
1075
962
923
931
943
979
1017
1037
974
940
923
919
954
931
1035
879
865
854
814
791
1991
789
776
5562
978
1071
1057
1034
1101
911
936
926
957
949
966
924
927
984
1018
971
1021
990
1025
972
1412
1344
1050
1592
1047
1674
1068
2033
1062
1063
2852
1056
945
921
933
946
934
951
988
944
940
927
933
954
1308
976
945
946
956
962
935
1003
2486
2534
2491
1912
2548
2512
2548
2441
2506
2544
2460
2558
2608
2384
2762
2524
2540
2721
2496
2522
2757
2467
2420
2587
2384
1160
1005
841
1051
997
1026
1053
1034
1022
1036
1058
1026
1051
1038
1047
1031
1061
1048
1066
1072
1085
1063
1065
1075
1069
1056
1063
1057
1075
1080
1021
1036
1070
1045
1047
1048
1087
1046
1053
1053
1056
1040
1043
1142
1060
1023
1035
1029
1050
1042
1058
1042
1053
1061
1054
1022
1034
1056
1077
1018
1102
1028
1040
1066
1079
1026
1054
1055
1080
1060
1072
1058
1072
1056
1028
1063
1073
1049
1060
1050
1079
1045
1046
1047
1068
1057
1056
1298
891
836
843
872
813
826
822
849
830
830
834
825
835
812
848
1035
1052
1056
1031
1064
1084
1054
1076
1053
1062
1064
1052
1036
1067
1059
1048
1055
1081
1049
1055
1057
1091
1116
1067
1079
1083
1043
1027
1055
1068
1053
1067
1021
1048
3195
3098
3126
3085
3010
3042
3005
3062
3020
3061
3106
3012
3237
3164
3166
3076
3039
3028
3045
3158
3102
3200
3039
3151
3121
3045
3101
3167
3058
3021
3029
3153
3060
3172
3088
3057
3152
3063
3001
3056
3140
2988
3060
3106
3076
3133
3085
3068
3238
3082
3149
3030
3048
3136
3011
3118
3043
3103
3092
3084
3184
3059
3144
3054
3116
3126
3086
3293
3064
3029
3026
2986
3169
3073
3224
3081
3060
3174
3055
3138
3058
3182
3116
2971
2977
3017
3166
2816
3109
3070
3274
3044
3054
3120
3075
3127
3006
3008
3190
3069
3173
3068
3048
3154
3032
3049
3043
3080
3155
2986
3132
3046
3107
3068
3022
3162
3035
3128
3069
2995
3134
3082
2981
3000
3078
3002
2989
2877
2656
2779
2700
2654
2639
2614
2695
2798
2695
2639
2705
2686
2637
3105
3019
3049
3137
3028
3220
3104
3136
3042
3075
3086
3011
3113
3080
3019
3108
2972
3092
3085
3156
3045
3032
3146
3069
3010
3051
3063
3153
2982
2818
2999
3045
3067
3035
3120
2980
3046
3038
3034
3501
3107
3101
3020
3011
3054
3092
3071
3098
3045
3103
3037
3118
3069
3145
3033
3010
3060
3051
3110
3081
3139
3093
3082
3188
2986
3149
3050
3148
3118
3054
3140
3052
3378
3062
3079
3218
1092
1098
1042
1020
1012
1046
1041
1008
1035
1037
1001
1035
1031
1028
1024
1036
1046
1001
1023
1023
1045
1023
1024
1001
1006
1029
1029
1046
1029
1003
1050
1033
1052
1035
1002
1041
1036
1064
999
1018
1026
1097
1041
1040
1056
1033
1006
1056
1035
1035
1022
1023
1025
1040
1039
1022
1036
1040
1050
1022
1036
1101
1027
992
1022
1030
1038
1020
1044
1027
1007
1048
1036
1053
1026
1038
945
1010
1047
995
1029
1029
1016
1137
1027
1031
1043
1023
1056
996
796
835
838
795
798
857
848
1022
966
907
795
846
804
835
1019
1022
1031
1006
1042
1039
1038
1016
1042
1006
1017
1076
1037
1040
1020
1032
1028
1023
1021
1014
1037
1026
1032
1006
1038
3134
2968
3091
3091
3021
3056
3065
2964
3066
3065
3012
3049
3104
3121
3163
3004
3019
2983
3066
3085
3062
3098
3073
3076
3079
3032
3120
3059
3114
3013
3001
3085
3015
3087
3022
3084
3021
3024
3089
3025
3108
3045
3016
3087
3014
3146
3082
3065
3028
2921
3125
3032
3110
3056
3165
3051
3065
3054
3018
3157
3090
3169
3093
3059
3102
2991
3064
3059
3065
3117
3053
3119
2997
3079
3082
3042
3146
3052
3136
3055
3276
3041
3157
3126
3071
3047
2997
3100
3111
3055
3153
3095
3150
3061
3070
3180
3112
3455
3028
3255
3000
3103
3034
3079
3230
3086
3121
3099
3073
3120
3054
3079
3028
3098
3028
3073
3143
3079
3145
3056
3043
3003
3036
3226
3041
3143
3003
3106
2988
3028
3132
3058
3173
3035
3059
2944
2683
2666
2612
2648
2637
2617
2615
2630
2665
2654
2633
2619
2614
3044
3124
3164
2996
3092
2998
3066
3105
2981
3120
3073
3063
3118
3020
3156
3032
3292
3036
3095
3122
3051
3120
3016
3102
3121
3011
3099
3037
3126
2960
3048
3032
3006
3115
3044
3085
3056
3068
3082
3008
3048
3000
3121
3091
3106
3124
3072
3147
3062
3105
3107
2994
3110
3032
3046
3069
3074
3101
3080
3102
3051
3100
3025
3024
3141
3073
2936
2667
3111
3048
3046
3401
2975
3266
3135
3050
3155
3078
3126
2982
3073
3107
3042
3112
3046
3177
3068
3147
3092
3038
3156
3054
3112
3049
3067
3088
3078
3151
3065
3113
3034
3092
1887
1805
2123
2079
2120
2079
2141
2109
2143
2150
2087
2162
2080
2118
2104
2103
2165
2116
2212
2178
2124
2111
2322
2160
2395
2143
2072
2149
2293
2139
2213
2107
2116
2078
2140
2151
2093
2155
2118
2172
2084
2096
2046
2138
2219
2098
3034
3166
3164
3136
3062
3075
3156
3017
3221
3050
3005
2875
2650
2679
2651
2697
2700
2693
2663
2634
2635
2693
2660
2740
2722
3084
3005
3173
3038
3217
3081
