4006
2114
2705
2359
2120
2306
2140
2038
1896
2177
2182
2194
2107
2257
2152
2110
2178
2128
2156
2194
2223
2050
1933
2158
2129
2197
2140
2141
2143
2266
2287
2136
1985
1611
1512
1723
1561
1364
1484
1541
1491
1523
1520
1640
1506
1495
1553
1524
1540
1479
1504
1592
3366
4407
2696
2729
2026
1774
1976
1611
1391
1317
1321
1216
1251
1063
1019
1011
2442
1055
1271
1004
1155
994
896
1004
1344
1440
1414
1417
1626
1548
1356
1621
2094
1424
1448
1451
1511
1509
1492
1473
1016
996
976
970
941
952
1034
830
802
795
811
815
829
777
835
788
963
990
954
798
1070
1060
1071
1238
1056
957
2125
1056
905
1047
905
856
1054
1157
1079
1126
1044
964
926
937
1467
2468
1253
1105
1017
1107
1013
1008
1262
1020
1674
1136
779
859
860
827
937
893
815
867
858
837
962
971
1370
941
987
1019
941
1044
961
989
1015
977
929
935
948
972
956
1180
947
968
932
1026
967
968
969
1030
944
957
947
973
976
2775
2661
2714
2738
1092
1013
1061
1075
1124
1074
1094
1143
893
1086
1102
1102
1096
1585
1600
3108
3141
2908
2663
3172
2894
3124
3103
3086
3219
3038
3198
3203
3098
3050
2986
3102
3108
3157
3106
3100
3237
3141
3206
3107
3240
3157
3133
3102
3074
3075
1119
1113
1080
1088
1109
1069
1126
1064
1075
1068
1114
1121
1079
1086
3130
3265
3662
3277
3315
2832
2866
3234
3186
3259
3285
3283
3260
3299
3220
3427
3185
3089
3080
3246
3133
3124
3189
3090
3188
3124
3119
3199
3115
3238
3025
3152
3032
3112
3180
3127
3206
3244
3093
3144
3238
3159
3128
3150
3132
3022
2919
2806
2864
3121
3120
3261
3261
3811
3075
3101
3172
3231
3259
3286
3159
3150
3088
3446
3261
3165
3131
3139
3199
3046
3185
3061
3172
3076
3107
3217
3023
3120
3080
3037
3175
3102
3161
2870
2758
3166
3171
3191
2911
2903
2855
3156
3142
3046
3137
3082
3111
3180
3051
3151
3355
3130
2987
3079
3138
2871
3187
3131
3095
3194
3046
3220
3080
3132
3060
3036
3080
3043
3122
3085
3153
3071
3080
3210
3099
3177
3293
3138
3212
3139
3290
2960
2828
2766
3038
3185
3073
3128
3076
3182
3132
3072
3197
3079
3080
3076
3158
3139
3050
3258
3047
3128
3093
3039
3176
3190
3194
3069
3101
2736
3090
3156
3097
3170
3097
3157
3111
3058
3179
3092
3165
3059
3063
3081
2907
3318
2782
3122
3027
3085
3295
3156
3170
3018
3086
3026
3125
3143
3138
3147
3107
3083
3198
3064
3113
3140
3056
3133
3019
3149
3094
3173
3119
3145
3206
3248
3157
3062
3070
3110
3114
3206
3007
3091
3072
3103
3052
2852
2830
3115
2795
3083
3129
3218
3075
3130
3090
3060
3117
3167
3126
3049
3147
3058
3254
3155
3102
3127
3022
3017
3174
3091
3122
3093
3125
3058
3037
3136
3074
3113
3152
3026
3154
3019
2858
3094
3107
3068
3242
3424
2960
2882
3098
3133
3080
3047
3138
3066
3054
3092
3074
3220
3042
3134
961
941
904
976
966
978
958
951
960
1065
1065
975
942
940
952
949
971
962
985
964
957
966
948
942
958
953
935
971
975
937
1002
949
841
971
934
915
931
971
914
955
981
3099
3140
3062
3039
3089
3042
3123
3080
3100
3194
3054
3172
3062
3090
3125
3095
3348
2735
3142
3032
3104
3210
3088
3164
3108
3083
3093
3057
3209
3167
3147
3012
3096
3067
2903
3063
3073
3035
3127
3093
3154
3064
3132
3123
3055
3097
3052
3119
3075
3075
3091
3020
3100
3069
3112
3218
3104
3150
1144
1073
1070
1033
1083
1139
1146
1122
1142
1128
1132
1146
1125
1128
1121
1136
1157
1107
2894
1125
1136
920
972
1119
1173
1121
1196
3046
3232
3104
3084
3048
3094
3222
3016
3046
3007
3064
3156
3081
3109
3058
3069
3141
3069
3180
3175
3110
3233
3071
3125
3108
3176
3105
3118
3198
3109
3199
3069
3121
3094
3096
3178
3067
2920
2834
3120
3158
3036
3430
3174
3229
3083
3248
3269
3101
3228
3057
3022
3109
3154
3176
3065
3115
3187
3114
3193
3095
3154
2997
2975
3135
3052
3159
3126
3124
3176
3035
3041
3119
3125
3107
3178
3192
2758
3217
2901
2884
2820
3094
3197
3097
3121
3088
3079
3213
3051
3148
3016
3098
3126
3047
3188
3115
3368
3020
3035
3178
3117
3280
2979
3011
3049
3078
3102
3100
3159
3139
3111
3163
2757
3129
3091
2153
3069
3098
3180
3098
3153
3160
3148
2938
3077
3192
3126
3189
3042
3098
3141
3112
3138
3084
3089
3212
3080
3213
3039
3126
3104
3132
3141
3052
3166
3116
3174
3120
3139
3209
3089
3157
3076
3064
3173
3145
3179
3021
3039
3125
3103
3159
3119
3160
2994
2570
3151
3159
3267
3120
3103
3053
3076
3193
3270
3110
3097
3116
3225
3077
3090
3102
3141
3093
3030
3190
3055
3194
3084
3140
3221
3053
3197
3095
3139
3106
3098
3204
3086
3130
3042
3058
3096
3096
3163
3179
3198
2905
2830
3188
3120
3223
3070
3062
3141
3070
3122
3074
3141
3132
3096
3191
3042
3155
3075
3154
3088
3084
3143
3042
3157
3125
3093
3206
3115
3186
3059
3182
3146
3162
3197
3099
3152
3071
3152
3133
3090
3173
3051
3183
2799
2722
3133
3075
3151
3103
3133
3127
3088
3181
3105
3213
3137
3071
3141
3124
3202
3120
3250
3029
3086
3098
3189
3192
3091
3159
3115
3081
3210
3163
3195
3101
3223
3103
3091
3174
3100
3170
3118
3190
3107
3142
2984
3073
3181
3095
3103
3070
3077
3144
3092
3153
3093
3144
3129
3099
3171
3072
3237
3245
3165
3129
3011
3185
3069
3195
3077
3196
3082
3086
3190
3112
3110
3138
3137
3079
3112
3176
3057
3132
3114
3124
3134
3116
3047
2920
3093
3139
3237
3119
3048
3079
3048
3200
3074
3191
3097
3154
3161
3099
