3278
1175
1071
1315
1134
1001
1018
1054
1066
998
893
1046
1035
1042
1427
1425
1449
1422
3094
3097
3106
3087
3074
3217
3096
3122
3258
3496
3146
3139
3090
2521
2123
1941
2151
2241
2268
2143
2132
2142
2145
2108
2336
2306
2392
2324
2294
2448
2337
2416
2012
2242
5446
2205
2017
1094
966
1018
1146
1007
1039
1059
1141
1038
833
873
974
1119
1362
1470
1461
983
944
942
939
958
1004
1071
1163
1181
1156
1184
1241
1254
1218
1237
1221
1215
1252
1248
1249
1253
1224
1229
1258
1250
1203
1083
820
715
1038
1059
857
816
787
802
750
780
1005
1063
1035
1870
978
943
952
938
989
933
948
972
1001
1016
1067
1031
947
922
1130
1016
1315
1047
1165
1134
1090
1098
1089
1084
1099
1115
1016
962
932
987
973
973
946
937
959
1047
907
888
999
986
819
961
976
950
956
971
961
958
945
958
955
956
958
968
969
978
968
938
950
936
965
958
975
955
936
970
957
936
896
938
952
948
960
973
969
930
955
969
964
957
954
952
927
973
808
955
941
926
927
977
956
971
980
957
951
946
972
956
958
945
970
974
938
1025
958
940
969
2514
2524
2488
2526
2571
2530
2582
2501
2477
2515
2539
2559
2479
963
1219
1226
1247
1195
1255
1249
1212
1234
1215
1231
1079
1250
1220
1263
1246
1202
1262
1232
1228
1199
1224
1215
1246
2041
3025
3095
3175
3080
3081
3103
3043
3210
3074
3106
3133
3103
3079
3080
3066
3107
3112
3104
3044
3161
3098
3105
3147
3044
3177
3045
3109
3210
3075
2871
2826
3202
3079
3109
3105
3045
3346
3175
3194
3099
3024
3094
3025
3169
3058
3087
3118
3056
3144
3074
3306
3094
3008
3188
3132
3142
3062
3110
3167
3104
3094
3082
3084
3151
3106
3209
3100
3114
3046
3140
3093
2987
2884
2824
2753
3155
2945
3202
3015
3060
3021
3074
3137
3093
3129
3079
3093
3152
2992
3202
3075
3142
3041
3036
3113
3078
3105
3108
3144
3143
3071
3098
3070
3150
3102
3123
3150
3028
3027
3157
3102
3155
3430
3174
2929
2839
3113
3087
3202
3120
3090
3030
3035
3150
3077
3158
3091
3055
3099
3077
3110
3082
2998
3069
3046
3109
3110
3149
3090
3028
3131
2993
2705
3048
3110
3207
3089
3187
3028
3093
3100
3130
3129
3017
3175
3139
3134
3146
2758
3215
3077
3088
3030
3026
3110
3097
3099
3115
3076
3195
3075
2543
1144
1106
948
964
952
966
941
947
949
925
1029
1112
1105
1098
1043
1102
1068
1193
1111
1088
1086
1116
1088
1099
1144
1105
1112
1126
1129
1127
1214
1012
1144
1121
1113
1112
1096
1143
1158
1143
1123
1146
1138
1110
1159
1132
1091
1143
1126
1103
1120
1141
1136
1141
1101
3052
3044
3106
3284
3099
3093
3185
3088
3185
3087
3151
3144
3055
3051
3035
3161
3093
3053
3110
3098
3367
2960
2884
2780
3110
3110
3053
3057
3110
3147
3113
3096
3116
3096
3201
3038
3099
1352
1071
1113
1121
1135
1138
1112
1137
1125
1149
3093
3144
3084
3119
3185
3075
3186
3054
3181
3091
3045
3133
3014
3108
3073
3043
3193
3015
2993
2795
3160
3162
3163
3172
3074
3081
3010
3208
3086
3146
3181
3077
3138
3100
3122
3033
3124
3154
3056
3092
3068
3072
3180
2733
3140
3071
3015
3168
3063
3186
3026
3073
3045
3104
3128
3097
3148
3082
3061
3121
3008
2862
3079
3119
3083
3082
3108
3117
3171
3121
3159
3068
3010
3181
3027
3186
2961
3110
3046
2997
3142
3101
3203
3104
3096
3080
3085
3164
3028
3252
3069
3175
3041
3058
3178
3145
3180
3067
3116
3073
3070
2855
3137
2824
2893
3220
3111
3095
3135
3078
3146
3095
3048
3139
3113
3175
3065
3085
3063
3058
3188
3123
3134
3101
3111
3158
3093
3211
3115
3131
3073
3036
3157
3068
3107
3073
3130
3154
3077
3164
3280
3125
3076
3076
3243
2890
2868
2745
3091
3090
3136
3164
3049
3161
3103
3066
3114
3133
3153
2980
3103
3040
3109
3053
3088
3166
3107
3090
3104
3048
3166
3121
3270
3049
3008
3042
3089
3149
3076
3171
3068
3147
3095
3026
3190
3174
3204
3100
2870
2757
2775
3179
3142
3144
3091
3056
3164
2824
3258
3072
3066
3066
3050
3082
1093
1140
1094
1149
1133
1460
2730
2739
3035
3111
2968
2772
2739
3071
3102
3171
3108
3105
3047
3060
3168
3098
3246
3076
3095
3132
3047
3152
2983
2820
3085
3239
3173
3028
3109
3043
3159
3167
3026
3132
3044
3179
3143
3067
3269
3073
3146
3072
3064
3145
3070
3089
3041
3011
3126
3114
3126
3130
3107
3057
3103
3144
3069
3081
3106
2963
3134
3053
3101
3082
3030
2834
3010
3158
3098
3048
3159
3230
3202
2981
3000
3081
3261
3190
3102
3288
1403
3086
3078
3039
3070
3077
3111
3172
3045
3075
3038
3051
2710
3214
3123
3155
3095
3072
3055
3305
3131
3130
3197
3011
3227
3100
3344
3729
2872
2845
3283
3158
3249
3326
3392
3195
3286
2776
3168
3199
3084
3201
3154
2990
3117
3135
3158
3077
3100
3066
3131
3101
3135
3151
3096
3271
2727
3031
3143
3109
3271
3058
3057
3074
3079
3122
3119
3324
3034
3298
3010
2725
3274
3108
3071
3153
3017
3034
3113
3065
3184
3107
3195
3172
3153
3024
3081
4384
3111
3099
3087
3110
3103
3072
3262
3117
3303
3016
3089
3416
3069
3160
3074
3040
3094
3035
3124
3089
3125
3153
3131
3161
3066
2928
2863
3154
3145
3026
3032
3165
3076
3142
3110
3210
3099
3131
3093
3244
3195
3112
3248
3027
3106
3033
3216
3070
3076
3147
3074
3064
3105
3055
3235
3067
3098
3236
3082
3178
3053
3076
3059
3092
3183
3043
3140
2965
2729
3108
3092
3117
3102
3033
3057
3085
3177
3092
3183
3083
3053
3136
3108
3181
3177
3168
3104
3024
3098
3077
3191
