4466
3100
1178
1894
1698
1903
1631
1665
1161
1175
1133
1170
1170
1145
1157
1142
1166
1165
1140
1151
1157
1822
3062
3092
3081
3033
3161
3014
3102
3028
3118
2246
2306
2326
2198
1870
2826
2711
3594
2495
2561
2501
2547
2461
2533
2404
2459
2569
2451
2477
2720
2791
3417
2961
2263
1065
1133
1048
983
1135
983
1053
1173
1102
1066
794
803
962
941
934
951
985
1997
1999
1978
1947
2118
2037
2177
2085
2161
2124
2102
2138
2090
2096
2108
2194
2279
2252
2389
1083
1199
907
954
913
936
939
1039
1031
827
817
762
835
1982
807
854
833
844
67231
817
823
784
800
853
918
1365
1866
2044
2009
1620
1497
1403
1434
1218
1152
1025
984
955
1059
1201
1079
965
971
990
996
973
1024
979
1145
960
939
1009
947
955
941
919
918
916
943
957
938
932
923
917
948
922
938
1103
981
927
926
953
942
918
939
951
951
936
971
950
936
916
938
941
946
936
1108
948
936
1040
950
978
924
934
941
945
930
910
949
927
942
953
946
950
935
956
939
955
924
920
954
934
942
934
950
932
938
968
943
935
935
930
913
902
915
962
928
961
959
942
940
945
941
944
928
671
929
937
925
945
949
924
3039
3142
1204
1208
1237
1224
1191
1237
1238
1190
1230
1215
1196
1297
1219
1245
1235
1234
1179
1202
1226
1209
1223
1240
1207
1230
3029
3135
3029
3060
2920
2963
3162
3082
3141
3081
3188
3000
3025
3156
3100
3184
3041
3037
3027
3042
3140
3075
3177
3118
3058
3164
3050
3091
3024
3098
3045
3036
3096
3021
3113
3044
3044
3066
3021
2801
3076
3089
2979
3001
2999
3001
3113
2933
2826
2686
2664
2677
2656
2628
2670
2632
2788
2626
2714
2665
2790
2674
3175
3144
3100
3201
3188
3090
3084
3297
3087
3113
3213
3142
3185
3104
3132
3065
3091
3182
3034
3113
3106
3064
3224
3031
3121
3077
3166
3073
3024
3091
3046
3116
3012
3114
3093
3063
3134
3077
3132
3046
3071
3051
3050
3070
3067
3122
3108
2927
3157
3117
3236
3101
3056
3178
3176
3182
3015
3143
3073
3115
3165
3091
3133
3056
3012
3129
3051
3099
3143
3071
3135
3099
3016
3071
2871
2773
3010
3174
3041
2781
3029
3012
3255
2764
3075
3077
3097
3119
3047
3121
3055
3048
3102
3148
3280
3014
3168
3031
3097
3112
3055
3108
3047
3075
3176
3030
3151
3064
3036
3172
2983
3073
3091
4079
3002
3090
3011
3041
3093
3011
3050
3129
3024
3114
2985
2836
3114
3069
3079
3028
3139
2723
2963
3103
3074
3112
2976
2992
3080
3067
3128
3062
3045
3031
3012
3103
3006
3072
3000
3086
3104
3046
3081
3163
3077
3044
2940
2903
2644
2716
2645
2789
2659
2615
2682
2637
2676
2619
2590
2624
2631
3033
3002
3206
3087
3014
3105
3077
3033
3164
3009
3189
3074
3006
2980
3030
2987
3030
3113
3050
3116
3066
3031
3176
3062
3164
3010
3048
3163
2993
3089
3063
3077
3084
3066
3221
3048
3173
3066
1092
1129
941
927
999
956
927
935
915
935
932
945
951
936
936
929
938
940
944
886
916
957
926
926
923
1006
1013
995
1046
1024
1025
1043
1031
1015
1030
1034
1119
822
1022
1039
1020
962
1022
1024
3096
2867
2730
3070
3067
3130
3021
3103
3114
3080
3070
3016
3124
2988
3067
3004
3084
3088
3007
3144
3036
3067
3030
3044
3164
3109
3052
3035
3014
3062
3089
3159
3122
3306
3083
3092
3698
2968
3115
3118
3102
3159
3012
3098
3091
3154
3118
3057
995
1029
1073
1040
1041
1031
1035
1031
1040
1045
1014
1033
1038
1018
1045
3052
3128
3041
3015
3166
3045
3119
3044
3080
6658
2999
3139
3042
3124
3019
3041
3150
3047
2819
2724
2634
2732
2694
2784
2650
2721
2673
2713
2766
2745
2849
2667
3070
3156
3111
3221
3020
3032
2988
3052
3137
3081
3252
3025
3062
3247
3068
3143
3089
3135
3006
3091
3177
3028
3162
3070
3114
3071
2986
3180
3097
3128
3110
3040
3159
3016
3075
3024
3149
3085
3029
3138
3049
3103
3069
3042
3221
3067
3135
2969
3071
3023
3063
3124
3056
3422
3037
3031
3142
3114
3201
3030
3091
3164
3099
3128
3098
3225
3041
2956
3346
3063
3469
2942
3045
3104
3058
3117
3062
3128
3044
3077
3124
3038
3096
3007
3099
3219
3044
3169
3015
3062
3074
3083
3165
3098
3153
3059
3156
3057
3087
3036
2802
3165
3053
3018
3123
3100
3161
3046
3036
3126
3004
3176
3064
3066
2964
3019
3158
3038
3140
3066
3088
3200
3022
3112
3032
3066
3180
3131
3223
2981
3062
3027
3090
3116
3051
3122
3067
3053
3135
3016
3172
3146
3082
2661
3103
3168
2765
3118
3049
3054
3084
2960
2776
3083
3049
2960
2873
2732
2639
2664
2672
2571
2646
2625
2677
2674
2643
2635
2706
2674
2643
3151
3232
3039
3176
3039
3131
3027
3025
3139
3067
3087
2982
3041
3069
3044
3119
3010
3054
3012
3049
3098
3074
3102
3011
3045
3117
3013
3433
3040
3155
2996
3070
2983
3005
3288
3036
3029
3139
3010
3538
3070
3136
3200
3047
3159
3008
3067
3069
3099
3114
3043
3096
3121
3078
3035
3024
3199
3032
3082
3016
3051
3044
3054
3107
3086
3107
3026
3056
3185
3111
3296
2918
3044
3070
3033
3141
3071
3100
3057
3096
3190
3025
3148
2919
3015
3119
3013
3112
3028
3111
3110
3043
3195
3094
3108
3063
3141
3291
3085
3138
3024
3065
3020
3049
3165
3082
3109
3058
3078
3132
3053
3076
25033
2788
2650
2696
2850
2723
2792
2670
2767
2957
3012
3107
3093
2993
3086
3058
3191
3100
3086
3085
3231
3181
3027
3046
3102
3134
3201
3027
3125
3017
3008
3095
3096
3141
3055
3103
3074
3041
3098
3069
3146
3083
2972
2815
2680
2718
2709
2684
