3420
4298
2539
2300
6419
2047
1448
1370
1253
1290
1207
1211
1182
1171
1238
1183
1185
1169
1187
1424
1630
2489
2518
3564
2982
2930
2696
3096
3165
3059
3094
3041
3064
2832
2270
1859
1915
2233
1829
1826
1575
1625
1747
1760
1779
1922
1777
1761
1714
1871
1757
1717
2330
2213
1858
1142
1614
1500
1281
1287
1263
1174
1171
1192
1049
1361
992
1053
796
1059
772
934
971
987
957
960
945
1039
927
947
968
980
966
942
972
962
971
1010
923
939
947
935
1006
1002
930
1002
954
927
945
971
781
753
825
953
1025
761
799
756
811
823
835
790
1208
1134
999
1042
995
964
923
965
980
972
950
957
1126
1073
1180
1059
1104
998
820
932
986
1268
1260
1053
1096
1102
1246
1149
1120
1033
1311
973
969
908
952
962
977
966
933
951
948
935
953
959
1163
916
959
919
797
808
949
971
1319
1287
3154
3028
3146
3143
3146
3072
3126
3195
3088
3229
3048
3227
3078
3104
3283
2879
3114
3064
3155
3093
3105
1116
1101
1095
1097
1103
1077
1101
1114
1100
1118
1105
1091
1116
1098
1125
1095
1097
1087
1102
1073
1120
1087
1096
859
1116
1072
1096
1101
1113
1105
1095
1127
1107
1108
1095
1098
1085
1087
1089
1089
1101
1098
1084
1120
1100
1109
1097
1108
1080
1073
1054
1047
1065
1116
1109
1091
1107
1108
1121
1102
1123
1102
1098
1103
1092
1116
1094
1126
1068
1205
1032
1057
1110
1092
1105
1091
1087
1103
1101
1119
1105
1104
1067
1103
1097
1065
1112
1091
1100
1124
1091
1125
1110
1086
1188
3242
3204
3148
3072
3099
3083
3233
3097
3178
3047
3098
3052
3081
3141
3147
3481
3560
3090
3176
3043
2971
2718
3228
3118
3083
3150
3085
3139
3108
3143
3106
3081
3201
3112
3165
3064
3230
3105
3092
3200
3058
3074
3106
3064
3110
3130
3179
3065
3124
3031
3015
3099
3102
3031
3047
3035
3071
3228
3089
2986
3149
3152
2938
2930
3071
3185
3031
3018
3133
3020
3175
3050
3140
3137
3105
3161
3077
3142
3074
3131
3182
3079
3157
3017
3088
3094
3063
3161
3089
3171
3109
3133
3100
3086
3224
3143
3134
3121
3053
3093
3126
3124
3105
3108
3086
2934
2744
3015
3151
2884
2729
2727
2780
3138
3102
3112
3073
3034
3169
3082
3138
3100
3008
2977
3014
3151
3128
3115
3072
3072
3175
3063
3017
3046
3095
3173
3089
3108
3081
3050
3067
3085
3220
3070
3264
3062
3014
3034
2934
2768
2790
3088
3095
3060
3163
3072
3149
3112
3066
3176
3085
3307
3162
3139
2831
3061
3186
3151
3157
3120
3124
3149
3108
3168
3087
3087
3114
3179
3179
3044
3107
3022
3109
3100
3071
3128
3103
3291
3055
3082
2944
2789
2751
2738
3099
3099
3116
3260
3076
3033
3125
3099
3177
3036
3157
3098
3057
3155
3042
3089
3103
3092
3192
3079
3160
3074
3083
3060
3169
3043
3080
3111
3077
3082
3156
3098
3118
3073
3072
3101
3082
3123
3161
3153
2706
2726
3160
3063
3128
3084
3093
3147
3027
3085
3035
3054
3150
3022
3134
3059
3036
3045
3136
3184
1114
1116
939
943
947
965
971
977
1091
1067
1079
1084
1068
1077
1027
1062
1046
1071
1067
1068
1051
1039
1074
1125
1053
892
1073
1042
1063
1080
1063
1050
1075
1131
3099
3184
3058
3082
3135
3019
3088
3041
3142
3063
3103
3125
3114
3137
3114
3061
3052
3079
3167
3120
3131
3027
2990
3007
3085
3152
3082
3088
3076
3053
3123
3066
3128
3042
3412
2726
3055
3136
3143
3067
3171
3100
3177
3075
3155
2970
3072
3179
3079
3200
3045
3056
3118
3069
3152
3085
3133
1034
1104
1110
1096
1085
1096
1111
1163
1141
1153
1153
1185
1159
1151
1180
1203
1229
1195
1205
1213
1189
1193
987
1210
1193
1192
1510
3086
3118
3036
3013
3117
3057
3104
3114
3189
3115
3082
3169
3052
3115
3030
3089
3169
3155
3092
3052
3052
3111
3069
3183
3055
3196
3045
3168
3057
3096
3201
3069
3081
3011
3010
3106
3118
3116
2909
2780
3077
3153
3140
3164
3171
3077
3037
3113
3093
3181
3103
3152
3080
3035
3120
3290
3079
3226
3097
3132
3066
3098
3129
3218
3015
2938
2979
3193
3122
3218
3375
3071
3024
3324
3054
3151
3122
3085
3166
3089
2996
2870
2731
3080
3027
3122
3076
3140
3125
3117
3193
3102
3157
2992
3111
3079
3046
3176
3065
3124
3116
3088
3158
3087
3219
2980
3119
3108
3086
3331
3026
3116
3043
3157
3162
3120
2782
3110
3149
3057
3060
3288
3065
3239
2784
2815
2764
3112
3188
3042
3144
3081
3107
3173
3050
3143
3116
3107
3052
3073
3117
3105
3156
3093
3110
3085
3067
3189
3004
3155
3073
3074
3295
3049
3117
3142
3381
3080
3040
3216
3066
3135
3064
3089
3234
3042
2881
2748
3157
3085
3088
3210
3111
3114
3093
3175
3099
3078
3203
3050
3105
3077
3123
3093
3105
3169
3106
3065
3118
3163
3067
3070
3164
3021
3129
3115
3145
3096
3033
3157
3071
3159
3066
3238
3091
2972
3196
3038
2977
2871
2570
2785
2757
2930
3126
3203
3062
3083
3099
3104
3194
3162
3221
3093
3183
3106
3137
3194
3143
3115
3045
3161
3089
3115
3099
3105
3191
3102
3103
3095
3058
3143
3123
3246
3031
3119
3042
3115
3095
3096
3127
3105
2753
2776
3133
3319
3088
3174
3050
3098
3133
3091
3228
3073
3131
3089
3126
3061
3123
3118
3059
3116
3131
3066
3131
3151
3360
3066
3174
3103
3118
3084
3094
3190
3197
3107
3053
3059
3100
3087
3192
3104
3151
3114
2850
2683
2813
3240
3057
3183
3120
3173
3127
3162
3201
3079
3194
3145
3088
3161
2799
3205
3073
3095
3063
3056
3112
3154
3160
3095
3281
3093
3054
3182
3083
3497
3094
3195
3041
3053
3158
3131
3150
3106
3090
3097
2881
2901
3077
3176
3031
3175
3070
3140
3146
3133
