3690
7915
2073
2199
2126
2317
1697
1868
3513
1050
1236
1234
1196
1241
1373
1348
1390
1359
1414
1339
1369
1376
1368
1410
1366
1380
1368
1349
1361
1363
1368
1404
1409
1486
1439
1437
1389
1349
1363
1366
1429
1341
1397
1343
1370
1383
1423
1378
1355
1575
1972
1961
1835
1924
1920
1935
1860
1152
1688
1513
1340
1227
1202
1104
1280
1125
1065
973
994
1060
941
1126
945
933
1729
1069
1074
1095
1097
1070
1110
1240
1670
1101
1093
1094
1064
2692
2842
3051
3224
3056
1523
1084
1021
1099
1022
977
1019
1014
1258
963
762
810
850
898
821
809
852
805
863
766
1158
1007
1084
1080
1111
1571
997
932
937
927
955
929
1049
995
1012
975
1021
1038
1018
1157
1904
1189
2152
982
1163
1752
958
1664
1045
1085
968
938
923
987
731
940
947
930
948
946
941
948
928
1656
1000
1016
1079
946
953
938
941
924
996
705
925
931
945
960
948
941
1033
950
921
940
947
956
933
897
947
960
934
968
945
955
941
944
949
959
917
992
737
956
945
924
1001
948
941
927
942
949
920
945
971
995
929
940
938
943
987
982
990
1003
979
983
990
968
964
999
964
937
977
998
978
974
985
983
982
1089
994
963
983
1009
995
985
981
1011
968
962
995
1334
2987
3108
3125
3108
3034
3087
3051
3072
1364
1350
1399
1359
1366
1360
1360
1368
1376
1382
1349
1338
1363
1358
1391
1352
1336
1400
1380
1381
1335
1379
1372
1359
1484
1151
1398
1348
1384
1346
1467
3207
3064
3125
3102
3040
3157
3020
3331
2937
3090
2994
3060
3167
3100
3188
3055
3014
2769
3059
3349
3095
3097
3025
3031
3127
3136
3195
3114
3085
3096
3037
3175
3100
3093
3072
3115
3080
3028
3120
3010
2711
3339
3061
3320
3038
2989
3036
3077
3240
3044
4357
2816
2656
2650
2656
2637
2666
2680
2658
2630
2649
2679
2739
2665
2693
3039
3012
3093
3039
3138
2991
2985
3045
3068
3134
3048
3029
3104
3037
3181
3015
3089
3101
3083
3108
3020
3092
3053
3091
3153
3034
3191
3021
3202
3015
3066
3138
3017
3091
3037
3016
3108
3108
3163
3060
3048
3128
3011
3131
3054
3127
3023
3004
3137
3048
3099
3049
3021
3121
2967
3079
3012
3097
3180
2998
3030
3036
3163
3058
3092
3148
2999
3086
3142
2743
3611
3027
3165
2981
3023
3049
3064
2718
3048
3068
2985
3001
3152
2828
3037
2996
3036
3022
3009
3092
3045
2985
3087
3048
3206
3025
3106
3036
3022
3058
3027
3140
3074
3058
3062
2955
3210
3048
3055
3174
3023
3050
2974
3144
2997
3029
3114
3098
3132
2986
2999
3088
3117
2729
3061
3072
3100
3063
3136
3091
3181
3043
3040
3166
3024
3166
3088
3076
3020
2993
2748
2725
3151
3001
2727
2729
3054
3294
3058
3043
3013
2969
3189
3061
3184
3092
3067
2880
2648
2669
2683
2645
2626
2654
2656
2673
2687
2688
2695
2685
2643
3136
3066
3158
3096
3122
3083
3101
3190
3056
3089
3037
3100
2985
3013
3156
3111
3204
3134
3069
3158
3137
1393
1015
930
948
951
930
951
1045
951
962
947
950
951
928
960
915
948
926
954
953
935
966
974
927
1230
944
961
942
923
943
948
920
916
963
935
948
958
972
950
917
945
946
929
954
938
973
946
911
930
951
896
928
929
950
939
935
956
968
920
936
898
960
705
926
974
947
924
923
949
962
935
937
1123
939
904
935
952
952
941
946
948
962
947
928
937
939
941
942
950
954
954
951
943
923
929
1286
2981
1109
1022
991
961
1021
1059
994
1019
994
1009
995
1007
995
999
1047
1025
1060
1083
1079
1082
1124
1091
1059
1078
1103
1054
1076
1082
1122
1047
1077
1109
1090
1059
1096
1075
1088
1090
1100
1078
1117
1059
1039
1098
1065
1058
1075
1073
1070
1076
1076
1100
1100
1050
859
835
893
830
872
833
887
856
834
866
848
867
840
912
1082
1095
1055
1073
1094
1097
1090
1050
1115
1090
1086
1089
1089
1055
1080
1108
1076
1115
1059
1086
1078
1158
1051
1064
1100
1061
1074
1088
1097
1098
1053
1088
1071
1088
1076
1093
1109
1084
1089
1086
1090
1084
1060
1067
1095
1048
1057
1073
1145
1075
1109
1097
1094
1084
1100
1060
1039
1070
1089
1051
1089
1078
1067
1060
1110
1068
1067
1084
1098
1071
1049
1108
1085
1054
1088
1070
1074
1088
1084
1149
1112
1107
1050
1116
1060
1080
1080
1083
1106
1068
1098
1084
1087
1072
1089
1094
1072
1071
1058
1078
1089
1089
1104
1087
1103
1096
1090
1097
1079
1085
1074
1111
1086
1072
1109
1076
1060
1074
1083
1065
1083
1095
1071
1112
1081
1084
1169
1086
1079
1054
1075
1068
1073
1087
1086
1076
1079
1099
1090
1083
1106
1093
1091
1112
1082
1075
1079
1083
1112
1070
1095
1064
1092
1104
1079
1090
1085
1084
1071
1077
1083
1080
977
1106
1074
1086
1076
1092
1121
808
1097
1084
852
1088
1052
862
864
844
814
859
792
837
883
780
965
891
894
898
871
1139
1163
1109
1181
1150
1132
1171
1162
1151
1148
1164
1144
1152
1156
1129
1175
1154
1133
1158
1169
1146
1147
1151
1118
1141
1174
1157
1170
1167
1147
1168
1164
1157
1143
1162
1143
1143
1052
1010
1029
1032
1025
1060
1052
1038
808
1027
1020
1042
1033
1005
1029
1031
993
1051
1026
1041
1030
1028
1017
1025
1041
1067
1006
966
897
1063
1002
1040
1015
1016
1017
1031
1050
1034
1027
1048
1024
1038
1017
1015
997
1044
1032
1014
1003
1033
1023
1038
1036
1069
1035
1011
1023
1022
1011
1024
1108
997
1008
1040
1011
1042
1024
1040
1033
1039
1040
