3020
3117
2971
3240
2257
2300
3509
1515
1728
1906
1972
2102
2100
2426
2472
2519
2429
2502
2616
2515
2480
2525
2478
2526
2521
2644
2505
2535
2444
2449
2615
2516
2512
2337
1922
1715
1979
1529
1532
1580
1554
1533
1524
1553
2637
2221
2450
2463
2464
3087
3023
3483
3010
2736
2655
1364
1158
1521
1313
1275
1178
1183
955
978
1076
991
983
1094
1123
1022
951
929
1015
982
1456
1457
1039
1044
1040
1032
1048
1044
1631
2128
1808
1891
1828
1830
1824
1844
1885
1074
1070
945
945
954
954
938
935
1005
765
729
794
813
795
781
1011
863
831
811
1165
1021
967
1096
963
926
997
987
930
941
932
947
1007
1015
978
999
1046
932
1070
1077
1152
1104
1071
953
1033
1101
988
991
1102
1036
941
708
850
1023
929
1009
943
926
928
866
950
944
935
1234
975
920
925
956
954
919
904
933
1030
949
935
948
950
951
904
948
909
762
909
922
917
952
947
932
928
949
947
1091
927
3008
3094
3066
3060
3057
2225
1074
1157
1067
1083
1095
1071
1099
1072
1072
1128
851
1089
1048
1084
1106
1081
1075
1093
1077
1079
1118
1101
1072
1097
1081
1072
1114
1092
1104
1096
1067
1102
1082
1101
1091
1118
1104
1125
1125
1112
1116
1108
1140
1136
1116
1096
1113
1125
1100
1129
1100
1114
1122
1105
1106
1125
1106
1085
1119
1208
1089
1147
1082
1093
1119
1106
1116
1121
1105
1114
1107
1120
1123
1107
1104
1128
1118
1097
1131
1115
1103
1107
1092
1142
1122
1129
1098
1103
1130
1097
1143
1083
1082
1119
1098
1086
1125
1116
1112
1093
1127
1134
1113
1119
1126
1136
1088
1124
1104
1103
1112
1119
1122
1090
1125
1113
1095
1123
1108
1150
1105
921
921
946
1119
1114
1142
1112
1111
1081
1130
1132
1106
1131
1105
1094
1130
1104
1124
1135
1106
1120
1121
1143
1113
1107
1110
1113
1134
1111
1149
1103
1127
1089
919
881
907
945
886
902
882
872
860
892
909
854
892
874
1101
1132
1127
1095
1104
1100
1131
1110
1218
1104
1107
1119
1339
1121
1140
1114
1090
1106
1118
1117
1124
1101
1120
1097
1111
1115
1094
1109
1087
1087
1140
1098
1185
1099
1096
1112
1079
1145
1112
1082
1099
1095
1102
1089
1133
1095
1111
1130
1103
1121
1106
1141
1111
1173
1148
1105
1128
1124
1117
1081
1119
1117
1106
1143
1129
1101
1104
1106
1130
1078
1110
1115
1142
1122
1108
1143
1107
1080
1083
1139
1103
1082
1131
1122
1115
1136
1115
1114
1086
1105
1109
1098
1134
1119
1129
1117
1118
1129
1081
1134
1110
1110
1105
1078
1132
1091
1107
1098
1115
1119
1103
1111
1104
1113
1110
1114
1115
1112
1127
1113
1115
1127
1185
1096
1121
1113
1363
1120
1099
1105
1137
3013
3078
3158
2826
2769
3035
3037
3030
3065
3115
3095
3098
3022
3117
3267
3086
3195
3008
3035
2997
3002
3151
3063
3125
3060
3083
3148
3054
3165
3045
3094
3055
3022
3162
3021
3156
3050
3106
3043
2793
2660
2642
2708
25365
8404
2480
2174
2416
2704
2842
2682
2630
2750
3170
3185
3101
3161
3169
3154
3209
3078
3182
3141
3108
3063
3165
3121
1249
1038
1003
915
916
945
948
907
945
953
934
970
985
964
970
974
994
971
976
1015
1002
954
972
960
964
992
942
987
988
943
1003
994
981
972
1001
957
945
948
983
961
958
1008
965
961
971
980
1064
951
994
948
1004
972
980
976
965
988
984
1025
918
744
991
961
1005
983
994
983
985
990
991
1005
3025
3032
3078
3119
3167
3041
3123
3064
3042
3069
3154
3138
3068
3077
3030
3028
3107
3037
3300
3106
3082
3045
3054
3179
2993
1099
1059
1093
1079
1078
1078
1065
3130
3060
3158
3056
3113
3057
2995
3144
3030
3817
3039
3017
3261
3212
3125
3039
3562
3087
3037
3295
3205
3060
3032
3026
3163
3242
3209
3018
3086
3025
3064
3123
3034
3160
3059
3128
3098
3057
3195
3101
3229
3029
2935
3032
3087
3147
3082
3034
2877
2694
2702
2690
2620
2619
2710
2708
2697
2694
2690
2753
2766
2685
3071
3301
3054
3060
3180
3079
3211
3054
3125
3083
3081
3175
3103
3276
3030
3105
3044
3004
3127
3065
3179
3076
3098
3062
3022
3176
3068
3127
2877
2953
3028
3149
3126
3089
3132
3041
3041
3125
2974
3119
3103
3131
3063
3015
3093
3004
3145
3085
3136
3147
2942
3057
3100
3128
3062
3112
2978
3025
3057
3024
3135
3030
3116
3008
3069
3136
3040
3102
3093
3002
3151
2967
3181
3009
3081
3074
3154
2763
2760
2714
3046
3123
3102
3062
3135
2992
3105
3057
3224
3062
3090
3173
3055
3172
3017
3107
3058
3098
3155
3004
3005
3015
3155
3088
3105
3062
3061
3180
3049
3065
3037
3175
3197
3005
2966
3057
3070
3057
3078
3095
3000
3126
3013
3048
3043
3259
3171
3010
3157
3026
3088
3047
3091
3150
3125
3144
3048
3139
3027
3074
3153
3091
3224
3068
3121
3053
3269
3091
3067
3213
3076
3327
3009
3169
2743
3083
2972
2830
2739
2694
2658
2659
2601
2729
2687
2674
2605
2651
2646
2683
2650
3046
3118
3076
3056
3197
3139
3210
3029
3090
3012
3087
3141
3114
3133
3096
3165
3096
3085
3139
3091
3197
3065
3006
3126
3011
3152
3080
3074
3377
3071
3106
3058
3075
3068
3034
3157
3055
3141
3109
3063
3128
3121
3209
3067
3106
3164
3055
3154
3119
3099
3008
3021
3110
3073
3159
3096
3071
3253
3083
3084
3093
3042
3182
2991
3149
3027
3086
3072
3132
3093
3091
3470
3037
3045
3181
2997
3258
3045
3065
3027
3049
3113
3068
3069
938
940
928
941
929
1019
955
933
1022
3140
3070
3137
3016
3076
3003
3050
3133
3045
3139
3041
2987
3198
3031
3218
3003
3121
