3704
3766
2368
2724
2857
2701
3301
1348
1664
1682
1755
1801
1744
1766
1776
1820
1738
1755
1815
1763
1757
1706
1777
1735
1722
1749
1760
1755
1727
1727
1759
1812
1795
1788
1810
1561
1532
1871
1568
1626
1567
1566
1551
1543
1550
1545
1574
1482
1616
1559
1534
1538
1534
1568
2969
1542
1544
1008
1073
1025
1030
920
992
979
1059
1307
1151
1097
941
930
982
930
938
944
924
994
718
924
947
1249
906
940
941
937
1110
1741
1775
1783
1752
1737
1729
1770
1139
1060
960
945
961
955
928
948
974
997
883
825
783
791
812
1828
793
948
930
858
897
1017
1140
991
2112
994
1082
903
932
943
910
946
904
913
936
1097
1066
981
988
995
969
882
1008
1061
1177
2591
1002
945
1025
1069
868
963
939
928
930
945
915
926
929
949
920
967
988
969
944
977
961
1034
952
950
983
954
913
1017
835
940
951
943
938
929
965
1043
959
943
969
949
927
960
964
956
975
924
965
1342
2924
3049
3063
2739
1146
1087
1055
1073
1067
1062
1077
1090
1106
1126
1099
1118
1100
1110
1085
1112
1096
1130
1123
1101
1109
1117
1095
1120
1112
1116
1105
1114
1115
1096
1128
1087
1051
1107
1099
1097
1098
1123
1196
1078
1103
1111
1117
1107
1123
1109
1122
1085
1107
1131
1096
1122
1119
1119
1091
1107
1115
1063
1139
1103
1159
1108
1119
1108
1101
1086
1115
3033
3105
3046
3099
3079
3030
3154
3051
3179
3093
3093
3069
3057
3102
3081
3129
3095
3094
3078
3045
3125
3011
3068
3024
3036
3087
3041
3096
3038
3103
3060
3071
3033
3035
3176
2982
3183
2947
3051
3154
3074
3212
3025
3072
3048
2997
3023
3023
3050
3064
3107
3060
3057
3374
3001
3088
3018
3103
3194
3008
3082
2991
2980
3059
2999
3116
3006
3072
3073
3001
3029
3107
3030
3047
3046
3122
3051
3125
3033
3095
2881
2719
2753
2644
2603
2626
2676
2656
2668
2689
2641
2659
2748
2606
2611
3023
3106
3089
3075
3137
3120
3024
3091
3033
3134
3138
3109
3000
2958
3198
3046
3092
3116
3036
3091
3012
3253
3029
3013
3303
3008
3091
3000
3322
3051
3034
3079
3021
3036
2991
3120
3117
3034
3104
3046
3049
3040
3051
3198
3017
3130
3016
3042
3287
3063
3191
3045
3008
3057
3015
3124
3032
3120
3076
3119
3118
3040
3210
3099
3100
2990
2988
3030
3025
3110
3020
2967
3204
3075
3098
3082
3120
3085
3095
3103
3053
3052
3130
3065
3117
3067
3176
3071
3100
3085
3026
3144
3063
3108
3026
3020
3070
3125
3121
3118
3098
3025
3009
3148
3055
3137
3048
3052
3117
3023
3102
3037
3079
2919
3057
3059
3050
3117
3023
3050
3126
3045
3067
3236
3391
3183
3218
3268
3134
3225
3125
3288
3134
3110
3109
3182
3162
3149
3212
3169
3117
3506
3215
3143
3242
3643
3277
3121
3145
3105
3043
3133
3090
3165
3067
3306
2913
2621
2676
2603
2751
2653
2727
2699
2747
2701
2659
2676
2647
2566
3055
3058
3132
3108
3016
3075
3115
3075
3104
3093
3053
3004
3133
3047
1123
1094
862
929
940
928
944
961
945
943
1069
1019
1061
1033
1059
1042
1025
1057
1031
1033
1049
805
1080
1051
1070
1057
891
1003
1050
1051
999
1012
1059
1045
1040
1049
1144
1041
1035
1041
1067
1043
1052
1121
1056
1055
1445
3017
3082
3047
3100
3032
3038
3173
3173
3093
3024
3097
3082
3012
3105
3082
3247
3101
3037
3982
2975
3118
2738
2059
2138
2219
2193
3024
3050
3024
3061
3169
3015
3065
3024
3067
3084
3054
3074
3214
3087
3073
3017
3123
3115
3106
980
1077
1074
1031
1067
1048
1050
1038
1037
1055
1050
1040
1054
1050
1038
1050
1033
834
1060
1039
1044
1074
1059
1040
1037
1040
1072
1041
1064
1068
1054
1051
1047
1048
1055
1073
1061
1028
1028
1043
1060
1054
1053
1076
1051
1070
1067
1057
1042
1065
1052
1012
1067
1056
1062
1052
1056
1044
1041
1006
1061
1054
830
791
833
799
800
813
837
805
806
825
818
837
794
834
803
1046
1052
1070
1046
1063
1058
1045
1070
1075
1066
1045
1059
1040
1045
1063
1056
1031
1050
1014
3136
3046
3124
3073
3053
3091
3047
3079
3042
3091
3093
3027
3091
3066
3089
3078
3078
3168
3054
3071
3076
3030
3127
3075
3016
3005
2977
3106
3113
3117
3101
3103
3047
3127
3135
3038
3151
3100
3023
3190
2985
3135
3139
3204
3075
3055
3180
3082
3058
3004
3087
3117
3026
3049
2928
3065
3064
3105
3089
3035
3075
3043
3007
3124
3068
3095
2983
3050
3076
3052
3117
3097
3081
2980
2995
3101
3012
3073
3017
3066
3045
3005
3084
3073
3081
3055
3016
3211
3045
3052
3025
3059
3217
2992
3188
3005
3093
3892
3075
3126
3103
3145
3043
3019
3135
3049
3069
3064
3026
3050
3066
3122
3058
3087
3023
3044
3127
3014
3068
3223
3035
3085
3042
3149
3065
3095
3052
3094
3100
3024
3099
3121
3015
3168
3011
3003
3074
3035
3171
3027
2927
2627
2778
2661
2589
2678
2631
2674
2630
2611
2649
2715
2729
2659
3205
3079
3011
3085
3013
3101
2997
3078
3130
3030
3104
3093
3083
3073
2997
2951
3036
3109
3086
3034
3196
3021
3044
3055
3049
3216
2940
3288
2969
3119
3061
3049
3187
3075
3035
3190
3073
3159
3197
3140
2794
2950
3129
3014
3132
3112
3052
3112
3069
3075
3160
3067
3102
3043
3032
2979
3043
3122
3250
3128
3054
3189
3051
3073
3026
3037
3120
3142
3123
3029
3073
2998
3102
3183
3037
3164
3063
3031
3112
3062
3127
3039
3055
3254
3019
3122
3065
3159
3082
3121
3038
3057
3119
3087
3164
3009
3190
3043
3030
3261
3079
2874
3051
3090
3140
3022
3158
3074
3152
2970
3015
3211
3048
3270
3247
3146
3049
2974
3200
3246
3126
3040
