5359
1284
2371
1096
1134
1090
1056
893
943
1084
1075
1072
1064
1090
1078
1062
1049
1061
1087
1052
1050
1104
1741
912
3029
2987
3210
3055
3146
3065
3098
3081
2491
2054
1810
1714
1561
1262
1177
990
1123
1101
1082
1013
1082
1094
1094
1119
1098
1098
1092
1101
1162
1114
1263
1126
1063
1118
1100
1100
972
987
1120
967
961
975
927
950
715
915
963
972
1074
1183
915
1186
1897
906
977
960
955
983
952
943
946
948
944
971
962
952
947
938
957
946
1097
984
937
973
964
1064
884
767
739
832
815
799
817
836
906
816
1064
1231
1062
1935
1166
1129
1338
872
1029
877
879
947
881
1172
1192
1006
1106
1600
1083
1143
1059
1316
2769
1084
1045
2322
1150
2432
1107
1007
1126
950
878
877
911
907
735
908
873
718
935
948
1010
1240
988
991
971
798
1133
898
868
951
956
952
955
954
972
969
974
946
973
941
954
955
935
967
973
959
1229
925
990
947
960
992
973
982
1007
954
952
947
968
1194
952
945
960
939
963
954
958
982
989
1028
1008
1020
1021
1010
1029
1035
1009
1007
1023
1050
1024
1021
965
877
795
3202
3094
3107
3075
2982
3227
3258
3089
3048
3033
3124
3121
3129
3105
3094
3201
3102
2586
973
995
1124
1135
1164
1136
1168
1100
1135
1129
1127
1162
1125
1146
1146
1120
1147
1122
1123
1154
1138
1123
1151
1152
1137
1004
921
1105
1135
1132
1141
1142
1136
1150
1126
1154
1143
1141
1114
1136
1127
1120
1124
1121
1116
1132
1135
1138
1148
1143
1128
1138
1117
1095
1125
1148
1106
1088
1145
1144
1141
1144
1137
1124
1135
1133
1114
1132
1141
1169
1115
1151
913
972
1150
1143
1157
1147
1144
1138
1135
1141
1111
1131
1108
1101
1117
1118
1151
1124
1124
1148
1119
1207
1134
1143
1155
1146
1126
1135
1107
1118
1146
1146
1127
1155
1129
1156
1138
1165
1118
1124
1133
1125
1120
1122
1127
1092
1213
1141
1141
1129
1100
1132
1147
1138
1141
1125
1116
1124
1120
1122
3103
3077
3163
3039
3225
3107
3089
3234
3052
3161
3042
3094
3148
3078
3186
3117
3133
3037
3180
3176
3102
3138
3156
3059
3086
3072
3186
3135
3113
3077
2948
2853
2836
3161
3074
3053
3124
3056
3142
3025
1998
2174
2122
3079
3016
3144
3093
3120
3158
3118
3141
3061
3021
3158
3119
3192
2716
3063
3098
3117
3205
3078
3130
3099
3090
3311
3066
3122
3100
3645
3102
3039
3108
3836
2782
2943
3069
3175
3136
3180
3072
3011
3179
3092
3320
3043
3184
3138
3115
3207
3115
3192
3129
3146
3231
3095
3294
3087
3137
3032
3093
3200
7657
3282
3382
3192
3266
3173
3283
3110
3197
3055
3203
3288
3116
3150
2916
2701
2904
3173
3275
3103
3172
3099
3162
3284
3118
3317
3114
3167
3162
3156
3212
3103
3338
3128
3110
3272
3149
3184
3094
3106
3175
3104
3224
3114
3127
3254
3129
3253
3174
3188
3107
3111
3231
3107
3192
3107
3149
2947
2755
3266
3093
3143
3248
3124
3176
3062
3163
3139
3121
3216
3084
3203
3092
3129
3204
3155
3212
2679
1078
994
991
977
976
982
1040
1093
1113
1124
1134
1109
1143
1114
1087
1063
1114
1108
1116
1123
1128
1190
1184
1133
971
1091
2766
2831
2794
2949
2866
3217
3041
3072
3171
3149
3237
3089
3149
3100
3174
3312
3108
3167
3136
3177
3218
3099
3186
3112
3071
3134
3125
3213
3315
3190
3082
3118
2853
2857
2864
2425
2412
2872
2805
2810
2760
3217
2784
3050
3147
3101
3248
3147
3106
3094
3103
3214
3174
3280
3092
3100
3133
3164
3239
3158
3182
3100
3078
2217
1086
1088
1081
1073
1020
1087
1092
1085
1068
1075
1076
1059
1074
1115
1072
1085
1095
1075
1063
1065
1087
1092
883
1082
1083
1098
1080
1083
1093
1083
1105
1072
1058
1105
1095
1112
1074
1080
1065
1072
1079
1081
1103
1050
1070
1107
1065
1432
3117
3083
3196
3131
3163
3082
3099
3204
3105
3222
3120
3245
3139
3035
3155
3118
3175
3092
3050
2920
2861
3159
3092
3017
3145
3059
3204
3134
3162
3117
3097
3193
3100
3102
3153
3132
3160
3107
3163
3083
3084
3086
3179
3268
3120
3153
3078
3120
3195
3076
3143
3119
3122
3162
3073
3187
3206
2736
3111
3064
2798
2985
2881
2921
2771
2135
1878
2167
1835
2146
2093
2128
2200
2204
2164
1926
2149
2184
2171
2203
2149
2152
2137
2172
2214
2184
2152
2109
2143
2124
2143
2219
2178
2133
2158
2192
2225
2180
2143
2131
2142
2240
2187
2210
2156
2163
2117
1826
2454
2132
3171
3125
3088
3262
3130
3224
3077
3127
3149
3056
3258
3130
3135
3097
3083
3127
3083
3211
3061
3188
3067
3131
3085
3175
3245
3035
3126
3040
3076
3153
3145
3248
3066
3192
3144
3130
3138
3190
3383
3055
2802
2843
3155
3226
3136
3188
3112
3073
3183
3094
3215
3117
3104
3140
3112
3212
3118
3161
3055
3069
3198
3079
3185
3083
3301
3181
3051
3147
3040
3177
3072
3144
3188
3102
3207
3099
3177
3111
3135
3103
3050
3118
2917
2752
3180
3105
3203
3072
3153
3122
3138
3194
3087
3127
3077
3161
3103
3115
3243
3095
1851
2180
2351
2139
3096
3199
3067
3189
3150
3211
3148
3063
3332
3083
3193
3290
3160
3102
3118
3185
3160
3188
3128
3068
3146
2867
2869
2800
3114
3097
3104
3170
3135
3202
3277
2858
3135
3118
3258
3034
3138
3023
3162
3129
3104
3150
3162
3107
3067
3061
3155
3131
3267
3032
3108
3066
3180
3106
3099
3208
3142
3146
3063
3064
3148
3103
3219
2968
2922
3077
3099
3173
3160
3150
3119
3054
3164
3079
3235
3132
3191
3030
3028
3230
3094
3203
3107
3231
3103
3028
3194
3114
3306
3087
3159
3034
3067
3199
3132
3237
3111
3185
3030
3104
3222
