3417
1450
2528
3633
1917
1949
1734
1927
1435
1415
1165
1254
1444
1608
1638
1646
1646
1649
1792
1646
1686
1795
2652
2674
3114
3440
4096
4142
4113
4314
4215
4897
4244
4050
4586
3581
3429
3314
3383
4191
4080
4396
4210
4177
4078
4100
4188
4170
4023
4158
4089
4209
4156
4249
4135
4317
3874
4150
4230
3855
3740
3771
4127
4378
4781
4413
3976
4131
3995
4024
4163
4077
4272
4076
4039
4065
4637
4114
3950
4017
4085
4002
4114
4072
3937
4001
4021
4098
2155
1652
1583
1337
1357
1389
1231
1364
1576
1287
1323
1220
1479
1810
1512
1425
1604
1326
1461
1683
1884
1637
1936
1813
1493
1538
1433
1340
1374
1329
1420
1528
1617
1536
1521
1435
1718
1822
1637
2135
1881
1637
3434
1568
1524
1347
1325
1408
1342
1360
1313
1328
1285
1316
1315
1328
1356
1325
1378
1410
1369
1455
1300
1603
1450
1388
1464
2282
3059
3070
3051
3316
3191
3082
2929
2619
2260
1930
1871
1673
1631
1532
1469
1621
1382
1709
1550
2200
1501
1299
1298
1300
2986
1307
1303
1245
2248
1553
1346
1340
1366
1340
1310
1422
1493
1374
1307
1334
1318
1315
1337
1447
1407
1326
1311
1309
1402
1398
1335
1297
1275
1279
1304
1367
1317
1315
1358
1342
1329
1323
1416
1288
1275
1316
1313
1303
1311
1352
1340
1300
1336
1296
1306
1283
1374
1324
1321
1363
1326
1311
1298
1285
1333
1308
1311
1284
930
1306
1309
1337
1345
1324
1371
1367
1342
1286
1380
1325
1322
1271
1293
1301
1286
1306
1313
1305
1311
1305
1377
1348
1308
1318
1292
1320
1300
1424
1354
1321
1353
1393
1370
1303
1312
1312
1316
1324
1307
1326
1289
1296
1335
1292
957
1355
1104
1325
1270
1402
1270
1070
1283
1279
1358
1305
1355
1289
1291
1316
1285
1377
1085
1052
1038
995
1283
926
1253
1008
1107
1085
1355
3236
3309
2811
1240
1285
3072
2870
3081
3389
3369
3479
3385
3484
2960
1804
1685
3299
1615
3046
3467
3150
2960
2316
2158
2507
2208
2359
2388
2434
2441
1319
1587
1560
1450
1095
1038
1544
1568
1516
1120
1038
996
1238
1073
1223
1380
1511
1232
1313
1470
1232
1281
1044
954
1245
1056
1043
1074
1067
1049
1032
1228
1232
982
1308
1519
1231
1635
1653
1440
1582
1539
1765
1561
1458
1217
1463
1347
1550
1529
1507
1163
1385
1528
1547
1532
1567
1654
1624
1567
1513
1246
1189
1651
1525
1492
1610
1411
1351
1475
1566
1476
1799
1903
1623
1876
2087
2173
2180
2101
1662
3254
2659
1515
1581
1628
1510
1432
1426
1526
1989
2766
1289
1503
1193
1302
1760
1108
1393
1280
1034
1296
1355
1352
1441
1323
1242
1270
1209
1279
1243
1239
1239
1240
1267
1260
1360
1296
1240
1252
1287
1185
1268
1346
1254
1272
1271
979
1239
1240
1135
1252
1197
897
1275
1083
1101
1255
1040
1315
1166
1526
1325
2196
1490
1454
1275
1415
1582
1326
1759
2618
1594
1569
1326
1416
1442
1436
1577
1922
1808
1418
1587
1857
1655
1583
1473
3416
1890
1600
4598
1714
1368
1407
1339
1466
1374
1255
1228
1408
1334
1284
1316
1387
1408
1729
1707
1567
1575
2104
1812
1715
1525
1650
1920
1608
1627
1613
1310
1375
1638
1855
1433
1326
1340
1319
1286
1249
1476
1197
1312
1627
1652
1423
1363
1618
1888
1577
1167
1166
1234
1284
1248
1199
1328
1340
1335
1328
1367
1337
1035
1382
1324
1317
1339
1410
1350
1330
1391
1375
1469
1345
1530
1561
1434
1057
1374
1347
1649
1617
1677
1671
1661
1739
1603
2024
2018
1963
1965
1907
1972
1776
1675
1363
1655
1453
1500
1483
1415
1516
1664
1474
1453
1385
1655
1418
1611
1616
1615
1571
1530
1690
1614
1661
1683
1629
1726
1414
1271
1611
1648
1139
1294
1453
1592
1218
1141
1589
1573
1398
1290
1008
1426
1261
1569
1497
1240
1270
1365
1290
1215
1407
1432
1480
1491
1290
1325
980
1228
1512
1435
1443
1383
1635
1464
1124
1211
1240
1325
1475
1594
1373
1019
1505
1441
1522
1444
1475
1759
1470
1537
1605
1539
1896
1265
1899
1230
1248
1291
1344
1616
1532
1852
1650
2897
1607
1622
1591
1426
3655
2170
2912
1468
1919
1645
1478
1549
1802
1899
1977
1527
1685
1462
1641
1394
1809
1457
1253
1271
1184
1247
1439
1783
1268
1243
1248
1237
1426
2601
2602
2638
2630
3069
2561
1246
1594
1535
1586
1558
1550
1514
1645
1483
1488
1467
1728
1480
1531
1474
1329
1319
1277
1244
1292
1343
1335
1240
1240
1261
1521
1585
1598
1351
1528
1536
1534
1524
1504
1518
1491
1855
1702
1627
1506
1478
1291
1290
1303
1530
1362
1308
1353
1339
1361
1470
1491
1577
1445
1517
1468
2092
2495
2515
2609
2760
1673
1665
1604
1870
1385
1341
1324
1349
2429
1379
1494
1263
1490
1540
1177
1207
1238
1232
1655
2129
2262
1238
1269
1215
1232
1243
1217
1251
1209
1261
2635
3318
3439
3339
3389
2875
3367
1428
1352
1364
1430
1506
1400
1368
1491
1366
1443
1381
1208
1226
1212
1222
1686
2255
2155
2561
2629
2647
2573
2640
2588
2663
2577
2605
2659
2587
2634
2564
2616
2599
2598
3065
1241
1242
1186
1223
1255
1198
1252
1214
1195
1292
1323
1441
1302
1325
1263
1236
1252
1218
1921
2527
2835
3689
3306
3306
3424
3686
3490
3431
3381
3343
3303
3391
3365
3386
3363
3325
3363
3394
3386
3270
3449
3344
3348
4072
3670
3992
3816
3715
3815
3743
3795
3726
3689
3706
3674
3753
3712
3742
3703
3696
3710
3739
3780
3756
3713
3786
3725
3822
3686
3800
3664
3614
3744
3721
3787
3750
3757
3764
3750
3752
3684
3745
3728
3732
3672
3733
3801
3733
3729
3834
2291
2391
2224
2128
1867
1805
1620
1531
1399
1404
1437
1464
1489
1419
1264
1504
1210
1202
1192
1187
3227
2860
3266
3765
3631
3710
3645
3212
3300
3352
2472
1495
3596
4543
