4810
1996
2991
2030
1929
2122
1861
1133
1050
1204
1174
1622
1832
1969
2000
2013
2022
2006
1945
2022
1994
1985
1981
1984
2083
1995
1996
1963
1995
2018
2014
3227
1767
1570
2322
1991
2297
1887
1986
1989
2004
2029
2040
2007
1997
1997
2033
3090
3115
3053
3063
2957
3007
3577
2771
2513
2031
1725
1673
1554
1308
1356
1292
1230
1075
991
993
1097
1049
1035
1180
995
899
1160
1152
1070
1093
1024
1211
1098
1222
1177
1218
1466
1215
1498
1503
1524
1561
2182
2141
2165
1057
1032
981
958
962
1079
949
879
833
966
1070
874
839
797
859
980
1016
793
1217
1114
1060
1121
996
851
970
1052
1283
1009
937
890
1019
12797
2994
1002
1147
1049
1091
1117
1225
1212
1115
1079
983
981
1141
1035
1007
1339
971
937
958
920
940
989
925
1021
959
943
1051
937
1005
958
1149
1092
826
971
935
969
986
879
914
951
997
935
919
914
967
941
948
956
992
951
952
963
969
966
981
954
989
747
961
958
965
932
975
963
963
951
928
1121
958
963
934
945
943
938
962
959
968
959
932
926
955
949
957
1006
1317
3063
3170
3046
2974
3042
3037
3116
2991
3169
3103
3109
3091
3044
3133
2957
3461
3173
3025
3187
3037
3018
2675
3068
1979
891
753
1043
1166
1168
1169
1177
1138
1208
1123
989
925
1143
1188
1149
1146
1171
1160
1173
1175
1156
1149
1180
1179
1137
1170
1146
1157
1164
1156
1174
1169
1147
1179
1153
1189
1161
1164
1160
1167
1193
1158
1177
1159
1152
1153
1160
1175
1142
1159
1164
1122
1165
1152
1154
1223
1138
1045
1307
3132
3084
3026
3080
3055
3232
3018
3051
3110
3017
3035
3064
3178
3059
3072
3060
3031
3343
3055
3083
3186
3070
3156
3129
3144
3124
3064
3162
3053
3071
3079
3099
3324
3106
3127
3093
3041
3092
3073
3143
3042
3216
2903
2781
3126
3027
3217
3109
3078
3216
3055
3207
3081
3162
3086
3087
3211
3125
3199
3035
3102
3084
3114
3181
3074
3422
1080
1188
1214
1201
2602
2502
3313
3144
3097
3159
3041
3194
3112
3146
3057
3128
3248
2987
3171
3057
3363
3086
3061
3216
3050
3125
3072
3446
3085
3116
3833
3104
3082
3023
3173
3159
3095
3244
3100
3149
3133
3110
3071
3126
3221
3076
3153
3037
3089
3133
3018
3201
3088
3153
3079
3071
3214
3093
3211
3032
2897
2805
3114
3175
3071
3204
3068
3091
3078
3133
3197
3084
3175
3102
3152
3080
3085
2980
3108
3178
3005
3108
3122
3143
3238
3073
3172
3052
3134
3098
3102
3139
3102
3215
3075
3116
3129
3075
3199
3106
3256
3084
3047
2923
2854
3214
3037
2751
3057
3146
3075
3113
3235
3044
3175
3064
3111
3154
3042
3205
2968
3158
3062
3178
3090
3117
3129
2949
2983
3036
3101
3117
3087
3039
3086
3081
3050
3132
3193
3073
3169
3043
3044
3086
3057
3129
2892
3189
3096
3054
3057
3082
3141
3049
3254
3069
3082
3135
3083
3228
3098
3193
3070
3141
3059
3074
3260
2947
3110
3008
3082
3124
3122
3262
3093
3224
3068
3051
3876
1160
1130
1051
1083
1084
865
1038
1104
1130
1084
1159
1097
1077
1115
1097
1082
1085
1143
1073
1082
1118
1059
1102
1098
1103
1058
1090
1148
1084
1111
1186
3033
3174
3122
3115
3044
3028
3050
3122
3168
3133
3108
3083
3076
3171
3052
3164
3085
3080
3055
3017
3071
3118
3396
3071
3147
2841
2688
3005
3104
2796
3018
3072
3126
3114
3149
3121
3190
3076
3131
3130
3060
3215
3116
3096
3037
3035
3071
3082
3148
3098
3144
3055
3045
3193
3153
3235
3075
3166
3066
2215
1061
1103
1088
1094
1133
1072
1128
1134
915
1135
1129
1108
1116
1126
1141
1103
1154
1146
1124
1118
1132
1143
1125
1149
1110
1098
1159
1120
1155
1146
1220
2994
3033
3142
3097
3192
3128
3090
3240
3065
3176
3096
3091
3145
3037
3103
2980
3115
3114
3208
3138
3128
3065
2711
2773
3112
3208
3056
3008
3086
3092
3234
3024
3116
3055
3105
3123
3071
3028
3106
3058
3182
3039
3243
3085
3107
3175
3036
3156
3055
3123
3125
3085
3213
3050
3127
3053
3119
3144
3100
3104
3029
3068
3087
3032
2916
2647
2724
3044
3075
3136
3121
3155
3087
3078
3191
3036
3094
3092
3123
3109
3023
3184
3127
3079
3178
3179
3174
3098
3178
3142
2999
3037
3108
3100
3059
3102
3114
3104
3152
3111
3023
3191
3029
3157
3049
3137
2928
2872
3119
3082
3139
3112
3079
3190
3103
3120
3049
3153
3034
3027
3106
3075
3123
3064
3138
3177
3100
3171
3081
3111
3127
3063
3201
3009
3154
3065
3088
3166
3160
3208
3077
3147
3048
3056
3322
3163
3199
3026
3167
3145
2849
3166
3090
3142
3073
3106
3214
3177
3256
3059
3041
3074
3043
3154
3111
3110
3089
3081
3184
3065
3163
3130
3034
3160
3064
3074
3106
3152
3069
3096
3152
3170
3195
3023
3159
3168
3212
3131
3035
3093
3042
3037
3372
3051
2822
2732
3073
3145
3119
3273
3072
3074
3069
3071
3090
3115
3125
3104
975
957
969
967
953
968
966
952
936
950
981
956
946
954
956
976
961
949
952
942
940
975
966
962
976
960
944
972
954
994
768
746
987
943
943
950
950
973
955
939
957
962
966
935
945
986
975
930
965
948
940
975
962
954
893
1025
949
959
938
981
964
939
926
957
968
956
949
967
948
933
964
950
954
954
929
960
1011
962
974
957
926
942
965
963
967
970
965
945
965
957
952
971
961
927
962
914
949
935
958
939
1025
925
952
974
944
958
962
942
965
934
980
940
958
967
951
952
933
955
944
941
967
974
955
939
1029
840
940
948
974
974
970
941
983
