10300
4026
1308
1348
1511
1610
1512
1601
949
796
1291
735
781
970
926
950
950
937
960
963
988
955
936
960
950
942
944
964
944
975
1237
1266
1427
1406
1564
1408
1374
1280
1375
1391
1382
1378
2190
2722
2847
2821
3129
3411
3077
3167
3070
3177
2936
2773
3118
2670
8828
2442
2435
2092
1911
1785
1377
1157
3495
1233
1220
1198
1059
989
1102
1087
1224
1097
1092
967
1015
1078
951
1106
953
1478
1567
1428
1667
1788
1426
1536
1532
1564
1594
1551
3168
1150
1069
958
956
940
1175
903
720
906
819
1067
963
999
873
789
850
1080
1167
1011
1120
1028
878
948
929
957
965
994
1407
1124
1157
1037
1127
1188
1223
1120
1212
1255
1362
1119
1054
1002
1173
929
937
958
963
914
916
801
953
916
954
949
957
950
943
937
940
921
1131
916
989
950
1051
1028
2466
2653
2459
2550
2495
2495
3247
3123
3067
2969
3083
3082
2953
3064
3272
3033
3057
3096
2890
3197
2950
3260
2917
3091
3158
3005
3120
3090
2909
1623
1035
861
1041
1094
1037
1064
1020
1051
1148
923
1022
1030
1032
1038
1031
1051
1044
1049
1051
1042
1053
1046
1051
1044
1042
957
913
952
952
951
1586
3054
3146
3112
2307
3136
3050
3133
3115
3267
3103
3062
3166
3067
3242
3049
3093
3159
3027
3117
3048
3125
3412
2922
2854
3048
3118
3086
3116
3154
2968
3097
3056
3101
3110
3146
3193
3075
3096
3099
3113
3152
3080
3104
3068
3087
3024
3039
2840
2766
2734
2920
3123
3211
2724
2834
2772
3084
3169
3104
3122
3054
3089
3124
3026
3032
2943
3113
3028
3066
3090
3093
3146
3234
3129
3070
3045
3270
3079
3179
3040
3123
3063
3059
3051
2851
2879
2795
2835
2770
2724
3173
3024
3112
3126
3081
3145
3026
3289
3104
3094
3080
3100
3252
3102
3160
2887
3250
3100
2915
2836
3059
3187
3086
3210
3220
3102
3434
3180
3227
3224
3258
3167
3236
3237
3242
3334
3273
3275
3286
3149
3268
3070
3295
3162
3265
3160
2934
1196
1199
1193
1195
1207
3124
3102
3149
3092
3092
3200
3067
3318
3140
2858
3107
3150
3045
3063
3234
3104
3194
3120
3169
3359
3059
3211
3053
3152
3125
3106
3209
3039
3209
3017
3107
3080
3086
3188
3133
3271
3008
3134
3080
2952
2938
3527
2870
2770
2786
2853
2808
2540
2777
2826
3188
3039
2886
3073
3148
3122
3082
3052
3076
3120
3104
3189
3111
3118
3088
3073
3189
3111
3194
3203
3080
3166
3156
3223
3056
3145
3163
3056
3211
3148
3180
3086
3081
3175
3463
1957
1893
2207
2814
2829
3186
3100
3169
2837
3101
2874
2864
3175
3084
3218
3094
3106
3078
3095
3062
3068
3080
3173
3158
3104
3109
3427
3099
3197
3051
3079
3164
3080
3275
3286
3080
3099
3055
3195
3254
3318
3089
3225
3270
3033
3134
3038
3171
3187
3115
3011
2850
2935
3063
3171
3051
3059
3213
3058
3110
3099
3229
3080
3041
2787
3118
3170
3107
3175
3192
3110
3167
3067
3081
3122
3136
2968
3040
3100
3107
3168
3068
3113
3075
3105
1104
981
895
947
924
940
926
959
956
963
969
965
930
942
990
1112
1128
1128
1127
1130
1128
1136
1127
1110
1104
1118
1125
1143
1135
1131
1952
3224
3093
3159
3141
3255
3067
3035
3118
3111
3187
3092
3117
3037
3054
3169
3111
3183
3137
3080
3112
3012
3177
3086
3153
3022
2718
3196
3082
3109
3110
3255
3119
3108
3037
3164
3224
3160
3247
3156
3145
3280
3156
3164
3081
3276
3747
2870
2397
2333
1999
16761
1644
1715
1622
1508
1423
1565
1574
1565
1208
1050
1069
1126
1071
1100
1081
1099
1065
1079
1074
1065
1105
1061
1092
1085
1113
1067
1075
1095
1087
1143
1087
1109
1095
1094
1111
1155
1037
1212
1098
1109
1125
1092
1105
1099
1114
1077
1125
1117
1105
1084
1105
3052
3146
3092
3085
3176
3140
3204
3051
3101
3098
3097
3795
2764
2744
3105
3080
3031
3053
3125
3032
3091
3143
3095
3217
3027
3119
3022
3098
3180
3135
3185
3096
3146
3115
3050
3164
3059
2729
3075
3022
3094
3084
3192
3140
3104
3157
3086
3381
3104
3128
3082
3058
3166
3044
3115
2904
2685
2923
3169
3186
3081
3121
3097
3163
3111
3110
3105
3058
3082
3150
3144
3157
3054
3084
3091
3128
3179
3056
3103
2688
3124
3079
3133
3120
3085
3156
3064
3050
3175
3067
3078
3096
3037
3160
3088
3253
2910
2819
2777
3136
3216
3070
3246
3111
2989
3079
3102
3079
3051
3120
3158
3060
3116
3096
3117
3185
3062
3209
3062
3124
3109
3080
3202
3101
3206
3082
3098
3080
3088
3228
3073
3132
3063
3087
3125
3110
3137
3064
3167
3254
2830
2832
3072
3110
3034
3034
3194
3061
3159
3087
3092
3161
3070
3160
3085
3475
3072
3070
3109
3074
3163
3097
3091
3213
3079
3226
3140
3106
3142
3062
3170
3079
3067
3100
3082
3144
3130
3182
3078
3032
2981
3095
3226
2815
3189
3035
3080
3106
3117
3144
3074
3030
3138
3102
3115
3083
3089
3114
959
965
974
954
960
957
972
925
949
959
962
913
953
978
975
961
933
975
964
951
966
987
982
942
945
973
954
941
906
1175
832
847
952
967
948
1193
2530
2563
2544
2487
2555
2464
2534
2536
2546
2610
2485
2612
2491
2580
2549
2521
2584
2494
2593
2534
2528
2502
2525
2624
2486
2556
2508
2583
2896
2525
2555
2459
2559
3097
3093
3152
3013
3290
2975
2801
3170
3069
3124
2724
3127
3085
3316
3232
3114
3169
3081
3126
3151
3107
3258
3037
3099
3029
3049
3116
3108
3002
3038
3066
3093
3027
3148
3042
3012
3110
3010
1539
1068
999
944
955
946
952
963
944
955
952
1046
947
943
996
939
948
959
1025
960
954
930
974
969
972
954
969
950
972
959
953
