3390
5538
3090
2317
2251
3341
1655
1768
1510
1415
1488
1648
1637
1651
1638
1679
1645
1683
1635
1654
1669
1631
1664
1632
1654
1666
1634
1702
1650
1669
1760
1715
1818
1639
2181
1749
1743
1317
1292
1468
1420
1443
1437
1432
1384
1435
1439
1429
1412
1410
1459
1480
1343
3298
1714
1345
1029
1170
959
968
942
1063
1132
1338
1110
1074
816
922
961
953
949
970
2333
2337
2269
2329
937
911
913
953
1055
784
977
927
977
955
965
962
1690
2927
2788
2800
2825
1075
1074
1025
1022
993
1067
1002
857
872
1167
695
958
792
803
821
826
825
826
802
1000
1048
1061
1081
1010
770
829
939
935
964
956
931
1106
1086
1161
1101
1132
1009
871
964
886
1211
1070
1131
1054
1010
1181
1045
993
1030
1060
960
953
818
971
958
795
953
950
929
936
967
953
975
882
1067
960
1010
935
957
937
955
931
958
952
953
968
968
954
963
1031
957
965
943
943
933
948
952
951
967
938
958
957
942
960
956
942
954
944
885
946
925
986
982
764
1025
937
974
952
931
928
962
953
960
930
952
966
958
940
961
911
933
927
970
936
946
974
963
925
952
975
972
961
934
955
954
928
951
949
935
958
962
980
956
925
934
962
951
943
961
965
843
924
979
964
961
943
948
950
916
955
981
969
934
972
952
927
945
966
968
964
1648
3087
3102
3093
3093
3058
3035
3131
3052
3244
3028
2977
3075
3044
3170
3117
3237
3065
3046
3138
3081
3080
3096
3183
2940
2849
3434
3086
1066
1092
1071
1106
1158
1142
946
915
944
890
866
941
875
882
1011
1156
1116
1163
1160
924
1168
940
883
909
891
936
871
902
939
1139
1117
1175
1119
983
1195
1134
1149
1174
2082
2751
3039
3117
3097
2909
2919
2753
2826
3076
3017
3018
3111
2788
2770
2725
2823
3113
3044
2841
2989
3023
3064
1826
2182
2152
2160
2078
2752
3054
2848
1919
2058
1844
728
693
695
731
695
696
710
964
965
783
787
682
968
928
932
965
758
829
940
929
966
919
951
972
972
967
942
1634
3093
3017
3196
3064
3168
3037
3046
3142
3063
3110
3088
3120
3045
3033
3168
3079
3229
3086
3077
3081
3061
3154
3069
3171
3110
3081
3254
3046
3155
3057
3162
3030
2916
2704
3104
3142
3044
3041
3260
3077
3254
3002
3139
3119
3027
3117
3014
3104
3073
3082
3148
3105
3162
3039
3494
3145
3073
3154
3288
3213
3014
3055
3112
3141
3132
3114
3078
3180
3074
3159
3053
3050
3110
3042
3072
2822
2734
3087
3144
3171
3069
3068
3042
3101
3147
3133
3155
3049
3026
3121
3127
3085
3103
3079
3098
3082
3151
3043
3111
3185
3002
3227
2891
3215
3082
3025
3273
3077
3263
3032
3089
3053
3171
3166
3043
3051
3075
2887
2882
2823
3110
3052
3116
3137
3079
3176
3034
3045
3024
3154
3166
3194
3127
3115
3090
3079
3071
3060
3078
3127
3110
3013
2980
3063
3101
3083
3097
3142
3155
3160
3061
3102
3164
2948
1181
1123
962
926
948
952
962
802
953
964
955
924
949
964
944
955
941
1013
1068
1051
1079
1091
1051
1081
1051
1049
1018
1068
1085
1040
1075
1097
1076
1089
1086
1069
1073
1052
1088
1054
1075
1077
1055
1062
1085
1068
1054
1057
1082
1073
1080
1066
1073
1061
882
1083
1032
1072
1080
1025
1058
1016
1075
1062
1075
1048
1067
1078
1096
1071
1047
1068
1069
1045
1081
1075
1073
1051
1058
1057
1076
1070
1085
1065
1060
1099
1080
1069
1104
1066
1063
1099
864
1083
1091
1080
1048
921
936
959
1144
833
811
1120
1057
1088
1079
1066
1062
1074
1085
1081
1089
1092
1060
1083
1087
1093
1064
1090
1036
1042
1062
1073
1043
1066
1068
1087
1075
1088
1072
1071
1062
1074
1089
1066
1109
1066
1074
1073
1078
1089
1083
1094
1083
1075
1078
1065
1010
950
1076
1060
1045
1094
1072
3103
3035
3120
3093
3102
3193
3112
3150
3055
3081
3131
3096
3151
3103
3025
3101
2988
3149
3065
3112
3108
3100
3092
3020
3170
3044
3108
3169
3005
3173
3033
3203
3174
3092
3098
3092
3160
2883
2792
3065
3083
3169
3047
3124
3045
3101
3089
3115
3134
3034
3060
3104
3091
3117
3092
3106
3071
3068
2999
2756
3233
3095
3071
3110
3040
3102
3065
3099
3176
3041
3181
3035
3143
3091
3108
3205
3061
3182
3365
3097
2852
3033
3184
3048
3078
3060
3248
3116
3098
3168
3112
3073
3096
3055
3123
3052
3054
3012
3054
3162
3126
3148
3104
3101
3191
3107
3068
3057
3069
3164
3035
3182
3067
3070
3016
3111
3112
3140
3173
3083
3107
3051
2911
2844
3086
3062
3036
3023
3086
3120
3145
3062
3084
3158
3078
3161
3091
3152
3094
3013
3138
3013
3168
3129
3065
3149
3102
3257
3073
3101
3099
3110
3219
3092
3132
3059
3071
3098
3070
3235
3152
3111
3082
3055
3060
2941
2758
3029
3100
3123
3141
3276
3128
3193
3149
3122
3171
3094
3190
3087
3194
3024
3136
3129
3083
3168
3098
3097
3100
3001
3149
3066
3177
3149
3077
3139
3014
3155
3097
3072
3172
3086
3139
3017
3135
3110
3186
3021
2764
3098
3095
3012
3171
3039
3135
3043
3082
3106
3114
3226
3118
3153
3014
3023
3197
3093
3129
3091
3093
3093
3044
3145
3063
3162
3149
3025
3112
3048
3180
3086
3284
3114
3055
3152
3035
3027
3061
3101
3126
3094
2839
2617
2840
3121
3122
3178
3105
3159
3033
3023
3229
3015
3186
3049
3181
3100
3116
3147
3095
3096
3070
3043
3162
3019
3126
2935
3029
3007
3040
3131
3106
3109
3058
3095
3130
3050
3106
3097
3123
3165
3035
3195
3049
2998
2693
2873
3132
3051
3187
3056
