5292
1932
2007
1969
3230
1864
1511
1673
1471
1454
1462
1502
1506
2722
2603
2686
2859
2751
2698
2792
2732
2875
2678
2712
2751
2761
3008
2741
2701
2693
2747
2701
2486
2122
1811
3231
2323
2072
2761
1660
1681
1619
1575
1646
1394
1571
1618
1633
1664
1664
1624
2458
5623
1701
1508
1268
1417
1245
1288
1149
1258
1200
1057
982
950
1142
3216
937
938
908
930
913
951
1102
1475
1473
1624
1942
1935
2050
2294
1825
1923
1966
1979
2011
2016
1981
1939
1897
2000
1116
1094
1022
1045
1049
1052
1065
1103
1019
790
879
855
836
1772
798
801
806
797
1720
1065
1086
1038
1096
985
745
797
826
723
884
851
707
1100
1073
1165
1116
1001
947
1071
1029
1111
1052
983
1081
971
937
1091
974
1032
1014
921
937
958
912
939
940
937
919
937
949
954
952
974
947
926
970
936
948
930
936
945
997
926
925
920
1301
2777
2764
2862
2867
2798
2731
2728
2947
2765
2800
2755
2727
2699
2730
2777
2758
2835
2651
2745
2609
1629
1101
1074
1043
1081
1074
1066
1103
1496
1479
2539
3030
3040
3109
3022
3148
3048
3068
3033
3011
3124
3042
3121
3026
3111
2987
3057
1864
1841
1929
1561
1810
1818
1856
1858
1835
1873
1856
1853
1840
1823
1838
1868
1872
992
941
984
981
988
967
979
980
979
975
969
1002
998
965
972
984
993
968
982
977
955
988
977
994
959
959
1027
969
989
966
992
972
981
1000
998
975
987
1015
1007
977
1000
979
961
977
999
992
3019
3020
3091
3066
3088
3032
3013
3102
3101
3124
3078
3065
3182
3042
3155
3081
3033
3143
3039
2952
2491
2521
2521
2456
2700
2916
3129
3015
3023
3127
3010
3165
3063
3094
3122
3057
3158
3034
3081
3053
3067
2960
2805
2693
2688
2698
2678
2652
2678
2636
2655
2677
2653
2950
2727
2691
3039
3008
3064
3068
3153
3028
2978
3040
3041
3144
3052
3103
3045
3007
3180
3081
3173
3091
3110
3184
2976
3088
3061
3103
3063
3083
3175
3200
3102
3034
3307
3059
3060
3218
3016
3156
3059
3058
3148
3057
3123
3020
3141
3028
3099
3175
3056
3102
3055
3044
3064
3091
3210
3048
3122
3032
3004
2978
3068
3190
3080
3165
3063
3050
3200
3101
3113
3089
3022
3115
3094
3010
3077
3048
2729
2735
3139
3057
3096
3096
2703
3163
3045
3188
3065
3019
3129
3068
3076
3076
3108
3127
3070
3186
2995
3180
3050
3094
3252
3037
3131
2705
3105
3112
3020
3213
3053
3153
3077
3147
3031
3051
3117
2872
3023
3046
3092
3115
3040
3176
2979
3159
3096
3076
3148
3130
3111
3059
2984
3103
3039
3117
3081
3117
3006
3035
3112
3054
3162
3028
3011
3127
3056
3077
3105
3063
3051
3044
3146
3041
3100
3045
2690
3128
2986
3094
2950
2896
2688
2707
2603
2678
2655
2676
2639
2669
2662
2679
2644
2646
2597
3085
3175
3031
3092
2990
3016
3061
3097
3231
3047
3231
3068
3075
2999
3032
3148
3060
3866
3018
2982
3144
3036
3132
3101
3175
3045
3046
3120
2954
3021
1156
1071
1003
920
927
962
918
924
939
981
1031
1016
1018
1050
1032
1018
1036
1017
1035
1034
1032
1023
963
1043
1019
1016
1020
1035
1036
1051
988
1014
1024
1054
1033
1044
1022
1040
1015
1014
1049
1033
1010
1028
1030
1014
1009
1047
1032
1025
1054
1039
1042
1034
1043
987
1015
1058
1042
1016
1024
1041
1028
1015
1039
1036
1031
1024
1570
3141
3078
3062
3123
3025
2955
3015
3183
3070
3088
3151
3086
3148
3019
3015
3157
3148
3265
2976
3071
2942
2891
3064
3039
3186
2467
993
1010
1048
1040
1011
1088
1144
1300
1100
1145
1142
1122
1135
1116
1132
1154
1137
1147
1180
1135
3072
2980
3124
3076
3016
3170
3028
3144
3008
3086
3088
3081
2973
3054
3238
3027
3146
3030
3077
3190
2842
2664
2683
2684
2651
2635
2630
2665
2642
2635
2641
2662
2632
2658
2713
3004
3113
3029
3262
2992
3114
3006
3185
3143
3016
3249
3059
3059
3151
3007
3218
3051
3085
3280
3071
3307
3014
3240
3071
3026
3177
3060
3097
2936
3104
3009
3039
3140
3033
3202
3060
3036
3106
3021
3151
2966
3030
3082
3068
3212
3033
3098
3059
3017
3076
3039
3147
3051
3108
3064
3052
3101
3035
3192
3069
3024
3034
3033
3114
3053
3201
3103
3055
3022
3042
2946
3062
3072
3073
3034
3144
3044
3140
3085
3079
3160
3089
3151
3016
3096
3115
2988
3108
2969
3193
3065
3055
3194
3027
3119
3024
3028
3012
3056
3145
3006
3004
3096
3067
3131
3054
3109
3057
3067
3272
3098
3232
3010
3026
3011
3045
3153
3106
3100
3058
3008
3133
3029
3085
3113
3013
2734
3009
3120
3102
3161
3027
3007
3145
3035
3302
3099
3039
3153
2991
3111
3054
3047
3168
3107
3242
3073
3096
3050
3013
3156
3221
3143
3034
2967
3108
3087
2744
2676
2645
2698
2677
2675
2613
2653
2641
2632
2641
2622
2696
2772
3028
3163
3042
3106
3104
3109
3039
3033
3245
3012
3047
3070
3037
3143
3043
3141
3035
3061
3043
3054
2981
3072
3136
3015
3076
3047
3121
3037
3001
3103
3073
3093
3046
3020
3235
3065
3083
3033
3049
3113
3037
3123
2980
3076
3034
3078
3184
3065
3861
3059
2990
2999
3067
3184
3082
3085
3006
3071
3078
3018
3112
3096
3121
3024
3084
3082
3004
3187
3041
3083
2877
2915
3160
3066
3172
3030
3119
3051
3007
3156
3089
3183
3003
3126
2994
3049
3072
3040
3143
3028
3125
3011
3002
3128
3062
3185
2973
3204
2983
3062
3046
3081
3089
3039
3100
2989
3059
3164
3032
2981
3041
3091
3043
3021
3075
3015
3140
3042
3120
3011
3036
3183
3050
3134
3026
3227
3068
3093
3125
3055
3107
3089
3085
3024
3086
3163
3082
3211
3068
3002
3151
3079
3051
3288
3164
3339
