3420
6752
1598
1303
1296
1308
1048
1131
967
916
1133
1105
1142
1131
1099
1154
1161
1130
1136
1155
1117
1142
1134
1147
1142
1145
1116
1155
1184
1156
1316
1232
1299
1177
1410
1280
1165
1137
1214
1174
971
937
951
1310
1226
1234
1229
1246
1220
1233
1487
1529
2472
1766
1845
1401
1414
1383
1499
1380
1291
1319
1255
1052
1027
1043
992
947
949
935
940
935
904
923
968
1038
918
939
1352
1001
944
936
925
945
957
950
946
934
950
949
960
943
943
960
1043
1000
939
1013
919
937
969
774
962
886
801
839
1956
919
843
822
789
1103
1064
1168
2856
1226
977
930
957
950
934
950
940
1037
1046
964
988
1056
986
1032
1057
1162
1039
1042
1050
1072
1001
1088
994
976
1208
928
930
944
936
906
947
950
925
944
946
962
919
937
1305
876
1865
1849
1833
1919
1799
1910
1914
1901
1847
2460
2587
2539
2575
2416
2604
2478
2498
2390
2485
2355
2806
2152
2508
2479
2558
2515
3049
3050
2993
3044
3110
3148
2932
1336
1032
1010
1001
1016
1168
1032
1039
1043
1033
1045
1050
1045
1032
1047
1025
1025
1035
1025
827
1024
1030
1040
1020
1042
1048
1047
1007
1020
1008
996
1026
1024
991
1021
1028
1050
1040
1032
1032
1022
1034
1037
1034
1007
1019
1008
1030
1027
1024
1046
1033
1036
1027
841
820
849
781
843
796
836
788
785
840
776
847
797
817
810
1043
1038
1029
1014
1034
1004
1012
1053
1024
1044
1019
1039
1016
1022
1042
1028
1034
1040
1026
1008
989
1027
1034
1037
1001
1041
1022
1041
1045
1021
1034
1082
985
1014
1024
1043
1044
1014
1030
998
1031
1003
1060
1042
993
1017
1035
1016
1020
1042
1017
1034
1029
1025
1021
1023
1037
1039
997
1042
1012
1015
1009
1013
1030
1031
1006
775
1058
1030
1037
1017
1011
1032
1016
1052
996
1031
1073
1038
1032
1014
1045
980
1054
1011
984
1033
1024
1019
1025
1040
1042
1042
1021
1060
1397
3027
2996
3142
3047
3141
3038
3111
3076
2989
3129
3090
3116
3174
3088
3020
2981
3121
3183
3046
3068
3181
3082
3044
3108
3118
3017
3125
2980
3451
3050
2990
3059
3058
3118
3003
3032
3136
3024
3135
2992
3025
3120
3158
3117
3018
3090
3125
3235
3245
3015
3084
3045
3130
3122
2984
3094
3188
3034
3166
3101
3162
3078
3050
3183
3201
3194
3133
3071
3073
2890
2865
2699
2771
2619
2650
2669
2643
2581
2641
2696
2724
2807
2739
2634
3057
3171
3070
3082
3165
2987
3121
3048
3118
3077
3097
3274
3238
3122
3030
3253
3039
3103
3290
3064
3285
2942
3057
3083
3125
4029
3120
3304
3058
2999
3342
3090
3213
3096
3044
3062
3070
3150
3118
3225
3064
3029
3211
3081
3083
3049
3069
3176
3003
3076
3084
3060
3129
3071
3196
3086
3069
3054
3079
3279
3037
3119
3092
3023
3061
3071
3184
3029
3102
3325
3021
3033
3079
3250
3052
3064
3055
3125
3277
3075
3071
3237
3081
3107
3039
3011
3149
3080
3169
2981
3085
3065
3049
3154
3077
3128
3085
3052
3114
3046
3148
3091
3215
3079
3014
3094
1099
1146
1091
1085
1045
1061
1075
1073
1082
1089
1041
1107
1075
1108
1057
1081
1088
1069
1090
1044
1111
1095
1096
1108
1085
1095
1087
1096
1090
1095
1103
1055
1114
1088
1084
1121
1089
1074
1084
1083
1067
1089
1052
1097
1099
1082
1088
1079
1060
1110
1081
1082
1075
1077
1065
1083
880
885
843
797
882
854
837
857
834
869
817
883
875
826
858
1113
1078
1086
1063
1085
1082
1071
1100
1097
1107
3040
3129
3268
3006
3171
3017
3102
3111
1681
1719
1904
1754
1991
1669
2047
1013
998
1055
1127
1058
1081
1097
1083
1084
1141
891
1048
1072
1089
1056
1087
1081
1075
1070
1092
1082
1074
1086
1134
1115
1126
1113
1089
1119
1114
1120
1107
1141
1123
1124
1134
1129
1107
1100
1143
1112
1129
1120
1119
1164
1117
1082
3061
3023
3162
3047
3149
3010
3115
3195
3346
3154
3024
3052
3153
3109
3198
3067
3168
3003
2964
3153
3083
3252
3003
2970
3086
3067
3144
3088
3093
3158
3033
3182
3110
3085
3067
3028
3011
3075
3111
3027
3096
3153
3070
3097
3054
3066
3119
3074
3357
3074
3079
3033
3064
3088
3037
3115
3099
3128
3085
3109
3179
3080
3160
3088
3055
3049
3098
3112
3093
3177
3066
3064
3205
3070
3150
3100
3143
3166
3042
3170
2988
3117
3071
3093
3161
3061
3143
3017
3036
3176
2991
2861
2632
2656
2783
2705
2792
3120
2672
2693
2611
2649
2629
2706
2669
3068
3133
3074
3143
3068
3129
3073
3015
3141
3113
3082
3077
3077
3159
3075
3155
3046
3071
3109
3074
3195
3037
3022
3049
3083
3007
2835
3144
2949
2916
3010
3037
3178
3034
3118
3051
3032
3092
3274
3118
3107
3066
3191
3027
3140
3024
3094
3237
3082
3091
3011
3101
3095
3158
3114
3061
3226
3049
3117
3040
3073
3108
3066
3154
3019
3069
2836
3033
3233
3049
3318
3164
3058
3166
3117
3181
3040
3036
3273
3071
3120
3099
3121
3088
3026
3018
3039
3157
3038
3062
3218
2999
3132
3054
3075
3088
3065
3144
2998
3068
3037
3168
3182
3078
3172
3027
3095
3038
3059
3151
3038
3146
3090
3000
3059
3075
3121
3056
3239
3011
3010
2908
3105
3130
3022
3038
3156
3090
3147
3222
3172
3026
3016
3130
3102
3090
3041
3045
3420
3116
3154
3005
3024
3175
3060
3142
2998
3027
3069
3029
3161
3096
3152
3039
3056
3030
2899
2810
2657
2638
2655
2646
2713
2666
2680
2651
2662
2633
2654
2792
2667
3051
3102
3047
3128
3031
3097
3112
2995
3179
3041
3132
3052
3199
3063
3078
3154
3067
3131
3011
2991
3176
3049
3068
3005
3100
3020
3070
3161
2971
3108
3032
3150
3147
3057
3276
2974
