3842
2848
1440
1162
1185
1520
1332
1162
1089
1007
974
996
1142
1109
1163
1158
1149
1154
1190
1139
1160
1130
1153
1134
1139
1163
1159
3087
3154
2962
3055
3011
3089
2826
2409
2108
3149
2327
2026
2599
2101
2133
2168
2099
2168
2176
2144
2176
2116
2120
2138
2123
2156
1959
6298
2098
1987
1755
1665
1714
1337
1329
1210
1220
1683
1117
1255
2658
955
921
968
961
960
945
1784
1857
2179
2094
2089
2163
2435
2190
2094
2022
2435
2456
2589
2485
2561
2493
2508
3052
978
966
932
955
948
917
1016
846
925
943
850
931
1098
844
956
810
2202
1047
1112
1078
1144
990
1334
982
950
964
931
948
1015
929
1066
1651
1385
1202
1216
1188
1157
1063
951
948
1217
1065
2194
1059
2384
1003
998
1019
982
1060
1115
942
941
920
940
953
954
946
974
1005
947
982
960
1158
915
949
959
938
957
1015
1283
1286
1260
1290
1239
1219
1248
1257
1275
1278
1252
1244
1334
1407
1272
1262
1223
1296
1252
1222
1277
1263
1307
1273
1402
1275
1230
1986
917
1070
839
861
860
893
863
870
836
899
848
835
822
834
868
1117
1077
1107
1076
1086
1103
1107
1067
1091
1092
1068
1095
1109
1082
1109
1072
1088
1092
1094
1293
914
846
1089
1103
1076
1069
1084
1088
1087
1085
1096
1088
1084
1093
1089
1118
1096
1084
1124
1075
1120
1095
823
1080
1055
1100
1068
1091
1070
1115
1096
1096
1099
1087
1120
1110
1106
1088
1072
1114
1093
1116
1083
1084
1110
1092
1119
1088
1111
1059
1094
1087
1065
1101
1089
1106
1066
1082
1184
1085
1075
1919
3207
3085
3353
2840
3087
3089
3092
3183
3070
3085
3165
3062
3147
3073
3112
2810
3109
3201
3024
3154
3058
3141
3164
3061
3129
2990
3094
3038
3092
3127
3093
3129
3023
3231
3082
3107
3101
3082
3102
3061
3130
2997
3150
3037
3058
3161
2978
3151
3069
3068
3139
3124
3188
3004
3049
3017
3056
3183
3083
3133
3027
3152
3077
3103
3189
3076
3190
3023
3015
3001
3073
3133
3030
3103
3181
2760
3142
3050
3177
3065
3080
3054
3035
3213
3072
3113
3015
3099
3029
3094
3160
3044
3127
3067
3090
3123
3312
3204
3089
2949
3048
3051
3123
3105
3179
3103
3144
3040
3058
3139
2983
2863
2657
2751
2721
2691
2716
2690
2718
2621
2681
2763
2627
2647
2644
3175
3089
3070
3171
3021
3230
3113
3100
3056
3120
3157
3070
3137
3072
3223
2971
3051
3189
3077
3182
3013
3119
3054
3083
3165
3119
3224
3066
3069
3002
3056
3195
3123
3062
2951
2991
3090
3040
3156
3064
3120
3074
3089
3096
3096
3237
3049
3020
2981
3105
3082
3094
3158
3106
3089
3078
3066
3198
3060
3116
2989
3024
3077
3108
3134
3123
3193
2721
3038
3136
3019
3409
3032
3109
2705
2811
3521
2337
1937
1575
1316
1330
1304
3165
1370
1409
1366
1408
1373
1370
1551
1294
1387
1366
1369
1378
1363
1360
2470
3031
3139
3040
3142
2994
3088
2748
2710
2753
3056
3079
3036
3050
3175
3067
3137
2906
2970
3200
3066
3253
3082
3041
3190
3061
3159
3088
3149
2788
1128
1114
951
936
1006
949
902
943
980
1042
1047
1059
1042
1067
1125
1137
1127
1109
1146
1125
1145
1109
1069
1104
1125
1136
1106
1111
1121
1124
1130
1125
1143
1107
909
904
864
879
910
898
854
897
868
887
858
888
905
871
853
1119
1113
1096
1083
1091
1127
1108
1126
1126
1117
1107
1117
1127
1115
1120
1086
1130
1098
1124
1119
1130
1118
1128
1129
1128
1101
1137
1115
1112
1158
1121
1502
1103
1117
1092
1124
1454
3017
2978
3136
3064
3175
3034
3319
3033
3034
1541
1027
1099
1094
1194
1075
1053
1112
1086
1109
1102
1095
1059
1104
1104
1084
1112
1479
1490
1510
1476
1513
1506
1502
3159
3145
3260
2992
3059
3113
3114
3137
3099
3119
3198
2765
2810
3094
3163
3099
3120
3113
2747
3161
3203
3195
3088
3032
3113
3105
3182
3099
3141
3102
3036
3159
3026
3124
3155
3054
3170
3124
3288
3135
3126
2987
3090
3146
3086
3232
3050
3053
3087
3042
3018
3071
3169
3030
3069
3179
3048
3235
3039
3064
3073
3130
3132
3168
3144
3105
3051
3234
2986
3082
3100
3100
3140
3038
3181
3085
3101
3106
3074
3194
3078
3163
3093
3032
3026
3103
3149
3045
3131
3050
3049
3165
2965
2945
2673
2668
2645
2648
2668
2669
2701
2711
2663
2679
2678
2791
2660
3024
3138
3081
3226
3302
3141
3088
3073
3125
3009
3116
3068
3114
3108
3045
3100
3025
3150
3121
3105
3174
3073
3170
3058
3002
3155
3116
3172
2965
3185
3048
3099
3191
3088
3193
3087
3166
3059
3067
3189
3059
3092
3088
3060
3090
3105
3163
3123
3157
3218
3132
3293
3038
3089
3037
3200
3236
2737
3111
3143
2995
3105
3081
3158
3080
3088
3082
3012
3190
3080
3125
2977
3065
3149
3107
3158
3145
3095
3069
2999
3188
3066
3249
3120
3018
3147
3024
3119
3076
3088
3189
3051
3149
3074
3098
3069
3127
3269
3047
3141
2985
3022
3102
3078
3107
3043
3108
3010
3057
3351
3141
3070
3019
3025
3109
3132
3122
3062
3063
3193
3081
3105
3065
3044
3003
3031
3200
3096
3136
3107
3070
3161
3129
3124
3079
3111
3169
3005
3183
3068
3105
3048
3086
3146
3094
3174
3306
3231
3374
3297
3314
3065
2986
2994
3126
3144
2951
2893
2732
2653
2816
2779
2985
2772
2758
2751
2691
2780
2851
2719
2638
3052
3191
3054
3110
3073
3062
3132
3058
3074
3149
3122
3061
3000
3177
3032
3146
3060
3102
3224
3047
3119
3096
3073
3093
3025
3173
3048
3246
2918
3062
3161
3119
3135
3068
2987
3056
3117
3187
3137
2959
3110
3055
3186
3052
3174
3177
3140
3138
3022
3082
3083
3112
3079
3038
3199
3018
2915
2926
2801
2243
2589
2501
2823
