5221
2075
2291
2452
2087
5219
1483
1157
1018
1002
1190
1161
1185
1174
1164
1180
1154
1174
1171
1178
1178
1166
1176
1167
1195
1148
1175
1182
1163
1186
1240
1263
1272
1412
1518
1201
1236
1104
1091
1102
1022
1065
1073
1067
1093
1164
1154
1163
1170
1173
1201
1165
1137
1129
1161
1473
1084
1084
1099
1357
1085
1013
1023
1077
982
1019
1037
1029
953
1072
951
1264
1336
936
1398
1330
1489
1343
1250
1577
1394
1337
1366
1531
1468
1531
1486
1456
1306
1490
1518
1513
1639
2784
1120
1124
981
953
956
973
1118
957
844
903
831
837
772
799
868
806
813
970
1111
1047
2456
1667
3183
1037
1072
996
1567
1048
854
1077
1305
1049
1197
1115
1108
1034
2484
3688
1130
1184
1038
981
748
941
940
933
950
997
983
949
953
1836
957
1026
918
947
949
967
978
996
946
961
956
974
1010
1002
989
958
956
995
951
966
1009
957
963
950
1155
1136
1152
1237
1157
1192
1235
1225
1178
1229
1213
1354
1186
1205
1168
1163
1183
1223
1220
1224
1251
1168
998
1029
1034
1027
1045
1025
991
1112
1021
1009
1063
1052
1070
1067
1091
1082
1067
1072
1054
1093
1081
1096
1066
1091
1058
1045
1085
1071
1076
1089
1065
1143
903
1050
1061
1072
1112
993
915
1066
1053
1085
1069
1076
1085
1070
1211
3028
3126
3077
3217
3291
3052
3180
3044
3481
2782
3089
3165
3081
3118
3068
3099
3271
3113
3121
3009
3076
3138
3099
3173
2970
3037
3285
3063
3172
3095
3257
3066
3047
3138
2926
3015
3137
3094
3173
3129
3199
3067
3120
3275
3083
3169
3133
3092
3070
3088
3157
3105
3154
3053
3076
3155
3104
3331
3110
3080
3054
3058
3190
3086
3112
3067
3127
3153
3179
3190
3074
3088
3160
3031
3135
3048
3244
2862
3089
3169
3032
3177
3110
3064
3242
3069
3193
3042
3112
3082
3105
3126
3032
3157
3101
3071
3270
3061
3208
3156
3100
3074
3079
3279
2875
3035
2831
3114
3108
3062
3151
3215
3263
3191
3094
3105
3088
3106
3086
2891
2874
3086
3363
3054
3145
2820
2742
3101
3133
3068
3159
3165
3110
3048
3146
3047
3143
3097
3159
3052
3038
3170
3079
3158
3112
3089
3131
3019
3155
3066
3064
3223
3079
3166
3066
3093
3308
3088
3138
3120
3249
2948
2865
2777
3082
3251
3114
3137
3051
3831
3140
3105
3147
3061
3142
3192
3099
3178
3134
3314
3069
3034
3165
3097
3292
3087
3120
3113
3098
3138
3094
3077
3087
3089
3198
3079
3100
3105
3137
3175
3119
3167
3072
3154
3021
3012
3334
3052
3169
3062
3082
3181
3143
3205
3104
3182
3134
3071
3195
3096
3204
3128
3115
3167
3069
3153
3074
3186
3149
3107
3175
3075
3193
3038
3166
3110
3069
3126
3036
3091
3084
3100
3148
3069
3194
3044
3114
3159
2942
2803
3093
3123
3076
3083
3165
3174
3167
3119
3139
3089
3056
3224
3274
3165
3031
2731
3175
3094
3111
3102
3261
3095
3184
3203
3170
3131
3191
3251
3090
3046
3343
3128
3210
2939
3174
3154
3192
3170
3088
3129
2982
2695
3107
3104
3199
3079
1798
1122
993
1026
951
956
945
957
956
962
951
960
956
1047
1069
1061
1028
1056
1047
1023
1015
1017
1018
1049
1024
1057
1045
1024
1036
1047
1009
1035
1064
1056
1077
1050
1042
1062
938
1058
1049
885
1044
1059
1036
1031
1064
1094
1030
1016
1049
1069
1029
1061
1046
1041
1072
1039
1038
1043
1039
1062
1031
1042
1045
1086
1044
1064
1036
1033
1047
1014
1014
1028
1019
1031
1049
1034
1049
1033
1067
1052
1075
1021
1033
1057
1041
1271
931
1037
1041
1020
1098
1038
1038
1015
1095
1100
990
1018
1016
1011
993
1026
1018
983
1045
1046
1038
1037
1044
1060
1029
1059
1074
1042
1064
1033
1048
1048
1061
1053
1020
1056
1052
1056
1033
1040
1052
1046
1040
1067
1043
1025
1032
1008
904
1028
1038
1040
1063
1019
1016
1056
1168
1095
1048
1018
1049
1046
1050
1038
1060
1045
1043
1044
1046
1046
1037
1065
1056
1041
1042
1043
1078
1035
1043
1073
1052
1056
1024
1048
1069
1039
1067
1299
815
1026
1060
1050
1019
1073
1057
896
1069
1040
1040
1049
1039
1044
1043
1064
1064
1039
999
1047
1063
1042
1075
1048
1020
1017
1048
1042
1043
1056
1057
1048
1051
1045
1044
1033
1064
798
1032
1061
1040
1027
1030
1053
1072
1042
1045
1052
1028
1016
1065
1056
1022
1096
865
907
3259
3143
3166
3114
3112
3180
3044
3172
3039
3165
3115
3096
3224
3113
3144
3063
3041
3167
3066
3152
3064
3061
3050
3071
3119
3001
3147
3039
3081
3133
3011
3186
3092
3040
3117
3080
3236
3095
3146
3099
3040
3021
3041
3105
3166
3100
3136
3042
3115
3064
3147
3173
3067
3160
3089
3216
3017
3316
3167
3075
3109
3040
3088
3127
3058
3206
3092
3111
3091
3052
3260
2937
2831
2789
2298
1875
1568
1910
2987
2084
3172
2069
2111
2751
2614
2647
2657
2790
2871
2731
2745
2766
2782
2872
2785
2761
2893
2748
2803
2772
2861
2817
2787
2828
2772
2959
2831
2844
2758
2719
2778
2780
2886
2733
2810
2752
2743
2827
2733
2889
2768
2816
2759
2793
2832
2747
3013
2766
2475
2786
2748
2861
2866
2747
2762
2710
2787
2790
2887
2774
2805
2742
2744
2789
2760
2825
2788
2987
2780
2750
2804
2742
2830
2740
2877
2751
2740
2874
2850
2839
2732
2729
2745
2776
3020
2796
2774
2814
2760
2820
2610
2638
2445
2824
2757
2778
2777
2735
2891
2702
2856
2792
2738
2852
2803
2949
3114
3052
3316
3086
2221
1970
2067
1958
1949
1992
1987
1699
2018
2036
2021
2000
2028
1972
2057
1991
2016
1997
2004
2023
2009
2030
1990
2030
1975
1957
3050
3046
3150
3116
3072
3194
3105
3300
3063
3061
3124
3197
3270
3105
3151
2809
3058
