940
983
894
1020
1008
992
816
923
927
937
954
929
946
1077
1497
1514
1492
1475
1497
1482
1517
1488
1501
1510
1516
1463
2734
2747
2963
3037
3029
3063
2516
2035
1631
1626
1970
1650
1540
1682
1663
1678
1657
1652
1744
1654
1898
3113
3080
3165
3046
2847
2749
3413
2650
2208
2220
2156
2138
1701
1700
1683
1085
1081
1142
1007
1035
962
1310
987
2592
1090
1078
2607
1215
2600
958
894
859
1029
949
840
905
1076
1015
867
947
961
955
944
982
952
923
986
949
944
955
1160
875
846
847
816
833
813
846
844
980
865
1086
1078
1111
1252
980
884
955
947
961
1029
1106
1687
942
1124
1220
1094
1216
1100
1075
1224
1282
1373
1133
1205
1038
1121
985
726
866
897
829
921
753
834
903
933
937
974
1003
969
1002
937
1365
960
990
925
945
934
1011
967
948
975
938
970
960
944
1196
2316
2281
2362
2520
2353
2241
2285
2275
2191
2364
2279
2206
2329
2286
2262
2295
2299
2237
2288
2329
2224
2328
2337
2200
2513
2289
2422
2335
2314
2327
2385
2379
2308
2264
2276
2248
2286
2343
2486
3019
3021
3024
3149
3162
3121
3094
3197
3142
3202
3039
3191
3089
3127
3212
3052
3053
1911
1975
1879
1872
1871
1901
1913
1881
1863
1900
1871
1921
1865
1921
1962
1866
1915
1961
1654
3146
3127
3062
3010
3107
3115
3179
3097
3117
3178
3112
3164
3165
3185
3063
2905
2815
3084
3148
3091
3170
3099
3066
3119
3056
3187
2922
2996
3109
3039
3196
3084
3153
3053
3083
3158
3086
3162
3092
3083
3115
3070
3135
3033
3096
3065
3087
3072
3143
3156
3044
3141
3069
3104
3161
3049
3450
2882
2835
3207
3105
3158
3089
3172
2984
2898
3279
3074
3219
3110
3075
3021
3081
3176
3096
3174
3079
3092
3154
3071
3250
3082
3201
3108
3036
3174
3073
3160
3062
3089
3062
3096
3260
2769
2854
3070
3090
3123
3042
2951
2937
3146
3146
3071
3187
3043
3096
2999
3249
3171
3046
3173
3023
3151
3122
3107
3132
3079
3225
3089
3240
3047
3280
3156
3040
3278
3022
3179
3132
3089
3145
3102
3152
3048
3160
3036
3077
3164
3058
3098
3044
3101
2948
3075
3231
3075
3148
3115
3124
3056
3164
3118
3074
3113
3016
3131
3095
3096
3171
2927
3092
3108
3084
3083
3033
3166
3079
3264
3146
3051
3110
3119
3168
3084
3284
1130
1065
911
960
945
955
960
938
932
1074
1187
1080
1090
1113
1122
1116
1146
1125
1127
1113
1117
1107
1112
1148
1132
1131
1114
1143
1129
1128
1153
1120
1140
1138
1129
1101
1142
1120
1112
1159
1134
1133
1166
1128
1153
1149
1147
1121
1131
1145
1104
1121
1143
1119
1106
1128
1157
1142
990
1155
1134
1135
1163
1141
1121
1190
1132
1111
1125
1081
1063
1291
1088
1070
931
959
984
978
1054
822
941
941
954
909
962
962
933
1138
1126
1145
1157
1147
1119
1116
1136
1126
1134
1043
1077
1065
1040
1082
1093
1122
1125
1152
1009
1111
1111
1088
1108
1103
1086
1098
1095
1105
1091
1126
1138
1122
1133
1133
1133
1116
1141
1125
1130
1132
1137
1159
1136
1136
1117
1125
1133
1112
1161
1133
1155
1130
1121
1143
1132
1135
1121
1129
1108
1119
1114
1115
1123
1228
1000
1156
1113
1140
1195
3116
3234
3091
3338
3044
3169
3235
3193
3232
3080
3200
3215
3145
3230
3129
3194
3047
3066
2987
3125
3136
937
972
1631
3037
3107
3045
3077
3182
3078
3220
3052
3042
3152
3101
3076
3081
3080
3023
2897
3060
3109
3124
3130
3084
3197
3097
3096
3111
3090
3131
3036
3076
3116
3338
3171
3058
3315
3099
3089
3167
3098
3140
3073
3058
3114
3035
3223
3138
3061
3197
3037
3106
3053
1071
1072
1051
1182
1149
1183
1162
1498
1352
1453
1458
1452
1468
1436
1434
1478
1451
1468
1414
1444
1433
3182
3138
3101
3115
3113
3070
956
924
929
929
926
966
1331
3034
3067
3082
3130
3274
3150
3098
3108
3048
3089
3193
3109
3129
3060
2993
3110
3094
3127
3116
2990
3134
3036
3188
3101
3155
3441
3063
3122
3070
3177
3062
3083
3307
3091
3123
3026
3059
3191
3173
3156
3034
3068
3103
3057
3124
3034
3181
3082
3068
3163
2575
3206
3076
3118
1176
1185
1220
1185
1213
1192
1191
1343
1206
1178
1146
1219
1169
1181
1204
1180
1196
1195
1197
1183
1193
1205
3085
3161
3089
3039
3115
3082
3074
3046
3117
3189
2749
3278
3083
3245
3059
3070
3162
3080
3127
3094
3390
3099
3036
2948
2840
2915
1057
1106
1058
1050
1164
1096
1103
1103
1083
1121
1160
1183
1270
1155
1125
1153
1166
1172
1148
1163
1164
1157
1165
1167
1141
1164
1201
1148
1155
1184
1159
1167
1161
1167
1164
1192
1144
1160
1198
1130
1186
1170
1181
1141
1164
1160
1140
1491
3084
3063
3250
2914
2999
3051
3064
3089
3135
3171
3120
3082
3092
3064
3194
3158
3201
3039
2996
3190
3102
3174
3118
3130
3269
3051
3206
3097
3178
3128
3140
3164
3056
3142
3060
3145
3106
3160
3198
3114
3242
3055
3142
3054
3132
2969
2978
2784
3103
3079
3131
3089
3169
3060
3126
3050
3100
3276
3122
3077
3040
3076
3145
3107
3040
3055
3112
3137
3078
3191
3349
3171
3100
2994
3052
3063
3113
3240
3088
3148
3056
3200
3043
3104
3146
3104
3155
3262
3369
2764
3106
3407
3075
3147
3059
3051
3175
3151
3264
3108
3124
3048
3035
3125
3080
3201
3089
3204
3058
3055
3208
3090
3209
2796
3086
3248
3402
3154
3145
3291
3131
3067
3220
3171
3173
3097
3070
3176
3036
3144
3089
2868
2747
2801
3101
3044
3093
3068
3096
3189
3059
3122
3055
3068
3127
3133
3163
3062
3099
3127
3062
3195
3071
3149
3037
3058
3060
3124
3159
3098
3125
3137
3057
3182
3036
3145
3096
3064
3212
3070
