6023
4241
2026
1893
1855
5596
1679
1723
1584
1668
1796
1580
1667
1809
1796
1832
1814
1860
1810
1790
1809
1808
1813
1813
1831
1819
1803
1842
2177
2186
2225
2158
2185
1873
2329
2198
1800
1783
1683
1627
2166
2224
2216
2145
2491
3133
3267
3168
3163
3265
3178
2819
3778
2230
2077
2178
2235
1647
1825
1685
1450
1295
1305
1313
1181
1071
1046
1269
1087
1059
937
863
976
958
971
973
987
982
974
968
967
942
974
972
993
945
977
987
972
989
941
976
1053
982
955
981
972
986
1003
909
955
1021
979
812
844
826
817
796
808
801
821
780
856
1069
1123
1027
1235
1002
952
935
967
986
958
946
966
1269
982
1056
1099
988
1068
954
1259
2759
1037
2374
1030
1094
1057
968
986
1622
983
973
938
998
981
969
954
1138
987
827
949
989
1067
1010
1037
965
902
968
997
1194
1206
1151
1175
1190
1154
1180
1177
1182
1115
1180
1162
1183
1216
1173
1184
1164
1186
1226
1184
1221
1189
1174
1188
3142
3167
3117
1673
1074
877
1107
1060
1099
1062
1068
1115
1070
1089
1071
1081
1102
1095
1114
1176
1148
3188
3105
3183
3191
3163
3177
3148
3190
3162
3134
3159
3156
3209
3084
3197
3122
3196
3189
3140
3243
3238
3151
3196
3117
3216
3197
3230
2849
1066
1113
2849
2894
2782
2879
2656
2696
2850
2963
3295
3150
3170
3083
3088
3147
3151
3249
3190
3336
3161
3122
3222
3180
3318
3181
3198
3110
3117
3215
3208
3248
3200
3141
3092
3139
3222
3171
3158
3202
3159
3202
3093
3193
3200
3213
3197
3160
3140
3088
3002
2801
3245
3184
3095
3102
3161
3155
3152
3154
3225
3153
3180
3158
3175
3108
3283
3223
3091
3169
3093
3158
3139
3151
3220
3145
3190
3137
3138
3098
3241
3198
3106
3110
3149
3148
3181
3146
3181
3164
3195
3194
3344
3103
3162
3164
3201
3143
3156
3237
3192
3161
3024
3153
3129
3198
3152
3321
3130
3129
3099
3153
3156
3195
3206
3130
3193
3147
3103
3260
3196
3244
3047
3131
3140
3079
3219
3179
3182
3160
3158
3184
3123
3234
3146
2917
2816
3081
3153
3121
3170
3157
3185
3125
3112
3192
3117
3289
3249
3134
3152
3137
3147
3157
3199
3187
3143
3136
3112
3281
3132
3237
3137
3114
3217
3132
3207
3212
3215
3106
3132
3182
3143
3149
3153
3163
3147
2910
2898
2979
3220
3118
3240
3211
2776
3188
3153
3160
3162
3130
3171
3050
3156
3145
3141
3197
3136
3170
3153
3169
3118
3137
3216
2708
3112
2733
3240
3135
3222
3170
3112
3253
3078
3143
3241
3134
3149
3093
3189
3137
3078
2811
2908
3329
3132
3267
3197
3209
3182
3079
3258
3239
3232
3152
3180
3172
3145
3233
1947
2214
2189
2168
2210
1935
2242
2135
1916
1917
2208
2166
2204
1888
2210
2214
2132
2140
2196
2198
2238
2175
2174
2247
1957
2327
2103
1897
1995
2182
2160
2148
2226
2150
2217
2211
2164
1905
2174
2248
2158
2239
2213
2146
2270
2195
2231
2173
2234
2195
2187
2205
2156
2231
2195
2157
2231
2207
2221
2181
2233
1213
1043
971
828
978
969
957
985
982
1005
1113
837
997
979
951
996
982
983
976
959
993
2399
2311
2445
2368
2404
2350
2291
2325
2313
2375
2322
2365
2352
2319
2392
2384
2396
2358
2341
2389
2339
2395
2401
2385
3279
3346
3286
3094
3079
3106
3149
3210
3081
3177
2952
2784
2973
3126
3175
3183
3099
3233
3142
3231
3168
3177
3239
3139
3189
3122
3196
3174
3169
3195
3104
3240
3158
3165
3242
3155
3203
3053
3137
3241
3089
3215
3109
3165
3166
2828
1407
1074
1055
1102
1062
1035
1055
1062
924
1055
1022
1082
1085
1059
1078
1054
1078
1065
1050
1119
1026
1059
1044
1060
1066
1344
1052
1049
1084
1075
1041
1059
1060
1050
1063
1080
1078
1051
1067
1050
1036
1058
1060
1037
3049
3113
3359
3327
3196
3156
3166
3189
3071
4243
2643
2479
2775
2789
2881
2836
2818
2808
2878
2796
2436
2885
2885
2807
2916
2786
2915
2811
2841
2825
2847
2874
2857
2946
2780
2848
2836
2727
2496
2832
2848
2827
2834
3035
2823
2872
2797
2872
2870
2948
2930
2791
2827
2698
2506
2870
2980
2876
2822
2851
2778
2850
2887
2773
2830
2838
3212
3200
3155
3199
15721
3239
3193
3073
3125
3040
3161
3027
3045
3079
3077
3152
3089
3171
3111
3083
3116
3179
3112
3073
3053
3137
3066
3303
3082
2949
2854
3029
3111
3093
3101
3044
3064
3068
3099
3097
3078
3149
3149
3090
3127
3062
3125
3047
3095
3172
3079
3114
3035
3047
3055
3137
2240
2304
2382
2297
2281
2484
3113
3177
3065
3085
3112
3088
3314
3046
3129
2799
3045
2845
3136
3258
3108
3158
3091
3065
3165
3100
3088
3155
3089
3118
3061
3190
3108
3192
3122
3090
3119
3053
3168
3021
3114
3138
3118
3196
3039
3127
3080
3284
3145
3070
3216
3039
3149
3050
3117
3194
3129
3148
2968
2814
2827
3122
3151
3131
3133
3106
3088
3235
3078
3097
3116
3118
2991
3087
3132
3130
3191
3079
3117
3188
3078
3144
3069
3113
2614
2757
2802
2824
3134
3105
3096
3186
3087
3167
3082
3064
3074
3024
3161
3071
3175
3067
2791
2982
3086
3175
3010
3093
3077
3041
3114
3058
3063
3127
3080
3161
3093
3312
3029
3079
2996
3073
3119
3049
3076
3041
3031
3067
3086
3161
3079
3087
3096
3037
3165
3066
3150
3060
3051
3118
3002
3132
2948
3053
2976
2729
3136
3040
3038
3139
3100
3124
3041
3151
3087
3273
3166
3101
3282
3069
3112
3042
2857
3147
3063
3070
3005
3042
3088
3060
3176
3093
3143
3098
3082
3114
3107
3237
3041
3164
3004
3089
3169
3073
3151
3085
3071
2847
2782
3253
3022
3032
3038
3069
3132
3059
3079
3244
3109
3183
3069
3285
3139
3077
3191
3042
3060
3050
3101
3233
