3515
6162
2570
6721
2067
2227
2101
1931
1996
2142
2116
2183
2138
2170
2128
2117
2125
2058
2098
2160
2147
2133
2145
2164
2148
2111
2154
2146
2176
2169
2186
2108
2018
1764
1488
1412
1732
1614
1587
1637
1694
1637
1655
1619
1623
1622
1606
1664
1633
1630
1676
1603
5079
2638
1690
2472
1793
1643
1226
1227
1073
976
1197
1020
1080
948
970
1045
937
843
942
944
988
953
1069
1570
1592
1570
1586
1556
1556
1581
1603
1544
1566
1545
1608
1564
1593
1593
1556
2114
1201
1105
961
961
968
955
998
889
852
959
970
998
882
805
798
766
849
813
1043
980
1121
1102
987
1334
977
971
928
961
964
924
961
961
1494
991
1192
1142
1101
1114
983
1104
1231
1070
2606
1013
2446
1022
1021
995
1071
926
959
946
942
949
961
948
959
936
932
937
953
1322
976
804
948
796
974
801
965
966
949
932
978
969
934
939
945
946
973
952
966
942
958
958
943
952
1085
951
948
957
960
960
967
948
939
955
951
1370
946
961
941
931
976
951
939
937
956
958
946
952
976
964
954
945
685
930
954
971
970
949
936
940
957
927
959
920
972
968
946
959
974
932
949
948
969
954
958
968
953
927
929
921
942
956
969
970
956
3119
3055
3052
3061
3178
3136
3099
3163
3116
3183
3039
3051
3033
2897
2772
3042
3058
3136
3083
3205
3083
3199
3052
3142
3059
3119
3168
3075
3118
3061
3066
3095
3056
3146
3077
3224
3068
3167
3061
3044
3144
1902
1902
1892
1860
1857
1950
1909
1888
1892
1874
1877
1888
1844
1899
1876
1868
1559
2707
3058
3112
3217
2965
2785
3036
3050
3122
3054
3252
3219
3005
3150
3056
3220
3235
3187
3095
3120
3162
3122
3112
3105
2662
3143
3071
3169
3045
3138
3054
3166
3062
3128
3175
3111
3123
3104
3103
3184
3086
2910
2832
2819
3133
3020
3186
3099
3143
3068
3053
3152
3067
3209
3069
3177
3022
3049
3024
3106
3116
3101
3133
3109
3016
3157
3016
3182
3203
3096
3038
3093
3073
3113
3232
3124
3135
3075
3095
3167
3042
3119
3064
3195
2850
2799
3056
3058
3121
3076
3086
3407
3078
3227
3058
3148
3110
3018
3119
3085
3105
3108
3147
3072
3052
3170
3090
3135
3082
3033
3182
3125
3146
3034
3172
3097
3070
3144
3115
3192
3061
3122
3102
3108
3150
3071
2955
3037
2823
3073
3107
3128
3105
2827
3028
3079
3079
3066
3290
3109
3049
3051
3091
3064
3077
3173
3090
3108
3024
3034
3134
3099
3137
3080
3099
3034
3088
3133
3103
3140
3115
3084
3087
3077
3147
3092
3183
3190
3077
2992
2876
2792
3118
3078
3093
3098
3229
3091
3186
3131
3123
3005
3081
3097
3064
3125
3099
2976
3072
3019
3151
3131
3200
3090
3219
3252
3107
3127
3103
3082
3112
3072
3118
2761
3164
3139
3160
2703
3010
3115
3065
3502
2925
2709
2828
3039
3132
3086
3225
3026
3055
3082
3130
3288
3082
3046
3180
3055
3132
3052
3142
3104
3083
3169
3034
3093
3040
3042
1144
1106
943
942
954
932
937
955
1077
1058
1043
1075
1082
1070
1098
1077
1078
1099
1094
911
1099
1122
1094
1104
1112
1093
1089
1078
1093
1088
1090
1089
1083
1089
1132
1088
1101
1099
1064
1089
1220
3100
3186
3047
3163
3003
3082
3079
3102
3135
3050
3067
3083
3097
3167
3065
3256
3124
3114
3043
3080
3076
3100
3090
2908
2698
2797
3103
3290
3032
3055
3035
3080
3119
3082
3144
3099
3103
3148
3068
3222
3125
3186
3021
3037
3096
3086
3201
3055
3089
3156
2129
1042
1069
1108
1094
1074
1087
1096
1075
1096
1099
1063
1094
1105
3055
3115
3146
2858
2777
3012
3107
3044
3179
3240
2804
3202
3059
3082
3055
3075
3092
3029
2570
2551
2633
2576
2998
3179
3077
3104
3174
3136
3175
3091
3058
3062
3049
3136
3059
3113
3009
3050
3106
3090
3111
3082
3084
3037
3131
3176
2915
3170
3073
3027
3120
3073
3199
3082
3105
3137
3061
3192
3041
3191
3045
3118
3073
3031
3062
3026
3115
3148
3066
3165
3084
3108
3053
3037
3122
3108
3119
3005
3053
3040
3049
3172
3027
3178
3044
3050
3099
3038
2964
2729
2985
3055
3112
3201
3087
3282
3081
3066
3132
3035
3052
3098
3010
3153
3064
3116
2919
3136
3069
3074
3248
3103
3198
2947
3126
3169
3109
3106
3056
3045
3242
3100
3120
3090
3058
3080
3057
3162
3131
3146
2920
2818
2922
3109
3150
3108
3113
3134
3115
3154
3066
3056
3111
3120
3216
3029
3109
3045
3077
3100
3077
3120
3075
3054
3088
3053
3187
3075
3084
3022
3045
3155
3095
3100
3073
3072
3167
3049
3126
3091
3079
3268
3984
3242
2765
2805
3108
3072
3134
3055
3138
3039
3100
3081
3100
3574
2905
3143
3019
3109
3159
3083
3166
3091
3177
3019
3041
3125
3094
3149
3062
3055
3086
3057
3273
3118
3169
3054
3049
3175
3107
3083
3062
3113
3187
3001
3018
2687
2963
3091
3084
3146
3214
3116
3144
3073
3061
3054
3186
3193
3060
3076
3171
3138
3234
3035
3058
3173
3246
4960
2719
2696
2898
2771
2731
2766
2714
2798
2765
2746
2780
2735
2796
2713
2796
2857
2772
2799
2737
2590
2484
2779
2804
2761
3177
3121
3008
3117
3271
3290
3089
3098
3425
3080
3216
3022
3093
3052
3128
3234
3127
3093
3060
3030
3052
3036
3183
3092
3106
3064
3087
3251
2967
3032
3058
3061
2985
3070
3181
3125
3107
2914
2921
3034
3098
3152
3146
3139
3054
3022
3142
3104
3185
3122
3077
3160
3089
3137
3271
3086
3038
3156
3186
3046
3109
3007
3072
3161
3052
3145
3083
3083
3063
3036
3281
3067
3085
3026
3041
2989
3092
3262
3119
3181
2993
2868
3126
3099
3184
3035
3111
2988
3107
3192
3108
3207
3095
3084
3131
3105
