4193
4294
4319
4359
4343
4162
3034
631
616
603
759
895
2189
539
527
760
639
609
1648
2547
683
1916
689
593
617
656
805
2492
710
1913
5281
948
1447
589
545
518
582
5144
839
2204
1542
771
857
1061
601
608
760
785
756
826
914
928
573
628
645
680
748
785
704
593
601
690
729
834
883
858
855
891
955
929
990
1062
1117
1157
1210
1231
1286
1377
1443
1508
1440
1486
1511
1548
1583
1686
1707
1758
1821
1179
1221
1242
1270
1313
1359
1350
1422
1484
1534
1582
1491
1534
1515
1590
1627
1693
1789
1853
1931
1936
1910
1862
1877
1904
1947
1960
1984
1987
1993
2019
2036
2058
2118
2189
2271
2338
2356
2370
2420
2447
2504
2551
2637
2706
2755
2758
2793
2832
2880
2937
3003
3092
2982
3038
3114
3145
3212
3223
3285
3388
3431
3479
3350
3377
3427
3486
3547
3585
3627
3672
3728
3748
3818
3862
3902
3956
3975
4006
4019
4068
4120
4167
4202
4234
4304
4362
4414
4483
4520
4572
4607
4619
4688
4733
4779
4824
4891
4957
5006
5048
5076
5154
5202
5228
5285
5324
5396
5464
5497
5549
5616
5691
5729
5772
5823
5879
5917
6005
6050
6093
6164
6222
6263
6336
6370
6396
6428
6461
6459
6483
6500
6519
6526
6393
6409
6416
5842
5812
655
643
633
632
646
666
719
768
828
900
910
941
970
1030
1085
1111
1002
1093
1090
1110
1149
1184
1198
1134
1179
1204
1208
1248
1276
1330
1378
1425
1465
1546
1574
1576
1612
1628
1692
1756
1794
1814
1839
1569
1625
1144
1215
1277
1139
1183
720
736
772
800
1014
584
834
574
601
505
587
989
598
662
602
689
1071
594
826
584
639
519
570
1057
600
646
631
659
1007
624
893
600
613
540
618
850
595
1000
584
605
720
589
849
540
578
715
760
817
583
899
581
628
521
546
846
573
1045
577
646
702
684
1098
585
665
661
719
924
578
1017
623
673
705
764
1001
625
1010
626
638
678
724
998
587
825
599
606
553
594
826
589
1044
579
585
640
678
987
602
705
663
728
929
615
849
602
664
600
634
1015
583
826
585
667
513
594
851
603
862
632
679
557
624
888
616
1028
570
614
626
664
1007
578
623
618
671
1023
578
765
556
574
562
618
1008
569
835
590
660
546
601
815
588
988
606
607
653
680
1055
584
611
517
574
887
587
924
582
694
605
619
770
564
807
577
626
554
608
860
550
687
629
651
533
583
791
573
1098
617
632
654
673
854
611
982
603
671
733
735
1115
680
693
719
760
887
571
881
574
623
498
554
819
602
918
592
646
534
594
835
639
900
607
628
562
584
768
578
1001
605
684
767
788
941
623
966
610
669
697
716
1016
607
611
666
726
913
650
1027
580
612
633
664
917
621
841
601
627
536
589
807
602
971
590
625
678
716
992
585
594
620
656
794
600
998
580
650
526
563
842
577
817
582
608
535
572
920
564
604
560
583
975
580
952
556
556
654
569
950
595
626
645
595
1044
614
668
687
600
973
609
617
697
712
969
598
617
562
591
994
606
599
572
604
929
584
592
590
610
858
558
974
593
614
696
603
918
594
704
610
632
948
583
620
648
557
950
599
666
725
706
1072
583
607
558
617
970
596
602
632
678
939
598
755
610
638
531
609
812
629
1062
573
644
706
585
807
618
643
543
610
912
603
705
693
778
1051
608
929
573
614
678
649
1002
589
610
637
703
1014
575
936
577
611
704
589
777
568
620
502
595
994
588
600
593
592
924
591
946
548
580
671
592
806
629
618
533
575
944
610
653
545
564
828
592
972
598
610
642
597
801
594
649
488
565
833
611
999
603
630
670
554
835
578
598
510
583
981
638
689
699
759
1029
600
800
633
683
513
612
1009
594
676
677
754
987
566
1012
591
590
624
664
911
597
607
661
695
977
608
752
589
712
579
628
790
626
1067
610
624
644
665
870
597
610
554
573
788
587
939
593
629
692
564
961
570
641
630
576
966
601
622
527
563
797
580
970
561
582
627
552
804
571
590
549
569
859
563
925
565
584
595
621
930
588
617
624
649
884
622
810
605
637
839
913
989
564
570
591
626
916
570
770
567
594
531
554
781
570
967
562
553
620
576
815
576
606
566
592
957
616
623
620
689
997
592
745
612
674
547
565
798
578
796
652
678
533
594
986
628
648
697
735
980
611
920
596
653
723
4607
767
1136
1880
1352
1191
893
1955
2011
2020
2045
840
1590
1652
1674
661
824
751
729
630
732
714
698
707
728
712
715
704
715
706
750
719
719
724
712
761
742
716
954
752
1390
780
4165
1012
1037
935
848
1301
920
677
642
632
656
708
730
749
770
804
822
875
947
818
840
863
960
954
988
998
1023
1917
2017
2075
2187
2201
2180
2247
2251
2300
2330
2381
2540
2609
2614
2711
2724
2745
2784
2822
2882
2945
3028
3093
3012
3057
2770
2652
2670
2694
2711
2735
2907
2955
2997
3022
3112
3189
3251
3376
3443
3508
3476
3505
3500
3524
3525
3526
3538
3572
3616
3697
3790
3874
3928
3983
4016
4055
