4537
4572
4591
4596
4690
4730
4696
4666
4802
10353
10363
10365
10224
8178
1502
606
658
715
732
2194
1968
6808
5631
5475
5525
5556
5556
5545
5532
5561
4360
4300
4248
4282
4317
4437
4552
4644
4686
4207
4145
3041
2993
3219
3226
3296
3371
3432
3423
3446
3529
3549
3569
3600
3628
3639
3653
3651
3689
3734
3784
4089
4155
4215
4224
4306
3727
3340
3161
2962
2960
2744
2947
2973
2999
3135
3182
3151
3163
3154
3144
3146
3143
3139
3107
3111
3145
3173
3200
3191
3207
3267
3276
3286
3329
3416
3452
3476
3449
3507
3545
3597
3643
3720
3755
3775
3859
3878
3915
3963
4045
4092
4102
4200
4032
4088
4116
4173
4226
4272
4341
4370
4362
4359
4365
4405
4446
4479
4558
4571
4606
4618
4627
4639
4666
4728
4755
4757
4780
4807
4821
4787
4906
4961
5018
5014
5035
5054
5086
5116
5131
5152
5168
5187
5253
5287
5339
5362
5380
5402
5430
5438
5451
5456
5501
5572
5633
5677
5714
5755
5833
5886
5942
6002
6071
6128
6161
6204
6266
6323
6372
6420
6461
6469
6504
6545
6581
6596
6649
6662
6720
6747
6800
6818
6756
6729
6291
6296
6331
6221
6262
5892
5907
5697
5700
5749
5286
5281
5281
5284
5304
4879
4879
4394
4393
4374
4213
4220
4036
4069
3879
3888
3913
3722
3699
3243
3267
3338
3301
3352
2803
2807
2666
2659
2692
2427
2441
2007
2001
2023
2034
2059
1607
1631
1424
1469
1481
1183
1190
778
803
847
733
823
613
639
503
556
1058
613
659
646
695
1096
601
909
587
610
639
667
938
573
597
563
568
890
634
1002
602
615
638
667
953
568
607
572
626
949
618
639
642
665
988
580
741
610
642
582
581
965
580
645
663
697
987
584
805
608
657
560
600
911
611
622
668
715
980
583
764
570
614
543
593
1141
559
1147
613
656
696
750
996
597
606
664
690
914
636
911
580
609
618
644
986
565
578
548
586
798
584
965
587
627
671
564
841
601
630
509
578
1063
585
1090
597
615
636
558
848
558
573
549
552
1054
590
629
543
552
810
586
971
593
607
620
642
899
591
657
625
712
1073
562
993
587
592
601
606
880
572
642
500
552
838
609
958
624
648
683
726
982
607
611
521
561
967
573
568
574
590
951
608
826
599
604
522
585
918
565
655
579
643
1114
593
931
585
607
622
638
987
552
584
536
590
789
590
1008
613
638
684
596
892
562
569
545
570
763
568
977
587
667
739
705
1035
582
618
553
599
779
571
1111
584
584
607
605
865
614
663
535
574
792
575
940
630
624
728
595
816
604
644
498
556
963
583
596
605
615
900
579
837
595
640
551
577
865
568
601
649
694
1061
603
825
591
639
509
603
881
589
844
611
646
548
598
802
615
969
573
628
748
629
812
622
647
538
598
894
595
802
542
582
624
659
1101
584
626
521
622
856
623
892
588
641
509
613
887
622
955
579
602
701
588
597
612
669
697
769
1019
567
807
590
633
489
549
1018
605
806
597
631
525
599
880
589
860
575
618
501
585
824
599
985
582
664
700
705
830
571
999
591
622
696
687
954
600
631
653
740
1081
619
797
632
693
663
761
915
617
1016
596
695
687
752
1018
601
759
594
638
615
645
925
572
823
589
643
551
564
943
556
767
591
614
503
574
830
578
993
581
581
624
628
983
625
665
626
655
1010
567
787
595
663
548
571
789
556
1028
582
604
672
572
796
561
607
553
613
804
574
989
592
613
612
620
944
626
647
630
724
1016
581
815
606
670
567
618
796
595
1061
605
659
659
675
959
601
615
643
701
1002
561
797
599
651
497
566
877
571
970
603
638
700
723
1013
585
689
635
684
1101
593
779
557
591
549
599
834
566
961
619
632
679
706
847
591
973
589
598
626
682
938
575
581
648
699
983
572
804
591
623
527
584
843
567
816
583
611
544
621
965
595
607
633
669
1002
584
797
579
582
539
598
831
587
849
589
619
562
608
826
602
961
603
608
620
632
902
586
593
652
675
921
601
951
580
620
546
567
815
623
828
629
643
566
612
847
626
911
591
642
681
736
1070
615
616
648
659
958
568
840
568
636
565
690
1023
611
932
595
648
761
595
1045
597
649
705
563
898
599
633
524
634
977
579
608
503
560
1006
614
675
682
692
983
597
938
603
632
654
583
796
642
646
583
582
920
570
569
620
652
1008
587
904
594
617
670
607
811
588
614
531
643
1004
582
613
572
602
999
620
666
676
706
1003
619
1282
2124
2102
2123
2155
2216
1681
1700
1530
1420
1321
1222
6393
1383
1331
820
888
875
1263
1258
868
1266
1266
865
887
5109
947
862
874
902
906
6363
1015
882
910
4552
788
688
698
649
568
1136
666
611
618
947
900
650
2490
2040
1941
2189
693
1786
646
773
1178
622
698
711
766
782
780
844
844
859
1078
1105
1095
1169
1203
1248
1291
1328
1359
1376
1449
1443
1458
1494
1542
1587
1735
1749
1828
1816
1878
1890
1876
1887
1914
1950
1958
2026
2105
2165
2222
2313
2381
2454
2519
2622
2673
2736
2789
2844
2934
2975
3006
