5701
5770
5559
5616
5609
5633
6321
6289
13372
5008
4847
4661
4598
4610
4633
4735
3311
2850
2759
6385
658
1066
690
1246
5181
703
2028
661
2111
730
625
618
692
716
781
833
918
1049
1036
678
743
1214
1122
1104
1118
1169
1195
1239
1286
1378
1432
1484
1475
1511
1528
1613
1638
1730
1743
1276
1334
1382
1460
1503
1576
1607
1637
1610
1489
1548
1634
1545
1631
1666
1701
1731
1797
1861
1934
1974
2051
2077
2120
2161
2240
2300
2349
2397
2438
2471
2524
2563
2599
2671
2726
2769
2845
2872
2981
3049
3141
3128
3166
3176
3225
3269
3282
3322
3369
1567
1294
1294
986
1254
1241
836
1028
743
751
745
738
731
748
750
755
735
712
756
731
741
733
781
813
772
620
678
705
764
853
923
1021
702
904
877
600
605
664
711
758
805
851
942
1162
1222
1283
1336
1385
1399
1442
1524
1623
1706
1746
1804
1848
1918
1936
2051
2145
2197
2273
2314
2380
2423
2507
2580
2669
2734
2803
2810
2867
2962
3023
3072
3108
3155
3238
3254
3309
3379
3482
3560
3683
3689
3707
3711
3778
3783
3785
3824
3890
3991
4053
4110
4186
4245
4316
4346
4377
4408
4456
4508
4525
4568
4625
4741
4802
4883
4945
5008
5050
5106
5156
5223
5291
5368
5408
5448
5490
5537
5584
5632
5687
5756
5818
5887
5946
5987
6030
6068
6110
6173
6234
6279
6312
6363
6376
6396
6438
6493
6544
6607
6656
6671
6697
6715
6796
6881
6952
7020
7086
7153
7209
7279
7333
7389
7473
7549
7593
7697
7728
7762
7801
7816
7837
7851
7901
7938
7946
7982
7986
7993
8030
8023
8029
8062
8092
8132
8157
8132
8134
8141
8152
8190
8195
8212
8115
8150
7896
7950
7983
7744
7776
7332
7330
7284
7261
7254
6957
6946
6960
6967
7000
6632
6633
6400
6398
6253
6280
6326
6067
6090
5763
5790
5669
5665
5698
5272
5223
5247
5245
5308
4944
4893
4702
4703
4531
4544
4592
4326
4332
3935
3951
3969
3958
3988
3564
3553
3562
3609
3610
3216
3186
2774
2770
2790
2830
2823
2437
2425
2327
2355
2375
2134
2191
1684
1682
1641
1544
1523
1307
1367
1139
1101
1132
799
884
907
915
1008
597
927
574
630
696
595
779
586
646
501
588
931
614
674
644
707
1014
590
909
568
635
698
644
1070
576
619
671
704
979
631
931
584
601
682
596
889
588
611
512
579
943
594
665
668
712
969
591
792
596
656
544
619
836
616
1008
623
616
622
641
861
562
569
521
587
852
585
953
576
629
704
591
794
596
638
558
635
818
604
917
587
632
760
602
852
571
617
549
608
783
583
989
572
672
731
760
1013
582
629
674
743
1370
574
1069
584
572
608
649
975
591
608
548
561
831
605
1000
612
617
639
651
1028
608
603
628
654
907
606
924
617
629
748
591
844
591
607
551
623
815
600
1031
586
597
621
619
880
607
650
506
571
882
589
1005
588
602
642
699
985
608
686
677
756
1074
602
827
644
660
545
620
820
603
1032
600
625
650
550
842
618
646
538
595
974
607
656
687
744
1017
572
837
588
664
541
554
927
571
660
625
664
867
608
833
585
592
549
597
944
581
598
568
600
881
596
958
581
574
705
635
951
587
598
599
606
925
615
640
615
670
1061
608
836
630
666
556
607
990
612
634
659
675
942
606
1063
598
668
714
706
1058
596
627
542
604
827
593
1014
615
632
724
602
828
599
646
541
597
980
607
615
603
634
938
587
934
590
603
670
680
1030
574
598
581
596
822
611
991
578
588
661
596
788
587
637
554
612
864
583
1020
586
611
672
589
833
575
585
534
572
829
611
1038
576
595
605
605
970
560
590
633
685
891
614
1015
592
648
668
717
994
616
830
630
578
619
642
1027
615
822
613
634
517
599
882
610
998
611
647
721
681
1062
631
667
684
701
873
607
999
576
672
591
699
1036
588
870
574
633
575
650
1093
612
823
615
668
620
703
1020
586
835
593
672
580
614
644
565
788
585
641
523
632
893
624
927
611
613
608
622
1005
565
599
646
672
869
567
964
558
603
640
694
887
618
1388
937
960
1002
1010
1185
574
668
599
620
581
617
969
590
865
570
608
580
644
1010
594
1116
594
613
681
723
829
587
812
590
645
498
582
912
591
996
597
658
733
715
1076
600
666
636
689
927
605
1033
626
676
599
638
1022
604
863
602
645
550
608
843
618
963
594
613
630
654
913
603
990
614
615
674
695
818
586
1000
598
584
2480
2211
976
1867
1409
954
12918
6437
856
1472
934
889
914
921
934
945
967
980
997
1204
625
704
764
826
741
756
840
901
892
1101
1187
1200
1237
1357
1413
1462
1513
1560
1643
1640
1695
1758
1800
1881
1919
1972
2058
2142
2204
2232
2285
2304
2315
2411
2523
2615
2689
2672
2732
2812
2823
2845
2862
2874
2911
2945
2968
2999
3039
3147
3178
3202
3215
3229
3239
3288
3321
3394
3428
3463
3486
3533
3557
3592
3619
3701
3761
3869
3956
4051
4140
4183
4310
4368
4433
4500
4638
4731
4808
4932
4654
4679
4714
4745
4816
4800
4812
4824
4806
4774
4747
4735
4737
137356
645
848
612
624
630
648
937
597
649
511
561
773
571
1053
596
611
717
563
971
626
632
643
659
904
588
