5879
5940
5977
6003
6029
6102
6152
6193
6252
4141
3871
8117
2020
1838
590
865
1246
1237
1496
6212
3930
3238
3151
3125
3185
2619
2605
2628
2481
1054
1077
1139
1160
1038
1132
1206
1179
1184
1224
1207
1185
1231
1280
1314
1146
1143
1175
1173
1192
1212
1264
1305
1367
1479
1614
1666
1755
1554
1632
1669
1705
1745
1744
1783
806
778
609
632
1341
964
1111
1142
1161
1184
1217
1314
1335
1335
1369
1392
1434
1544
1566
1577
1563
1566
1554
1578
1591
1571
1626
1670
1717
1757
1790
1818
1890
1944
2030
2113
2194
2216
2232
2257
2271
2283
2289
2332
2391
2368
2372
2521
2547
2560
2594
2655
2663
2672
2701
2722
2754
2795
2801
2861
2902
2943
2962
2988
3013
3030
3077
3069
3048
3075
3075
3092
3116
3120
3151
3204
3268
3337
3387
3395
3401
3400
3402
3476
3555
3624
3699
3757
3835
3910
3982
4048
4089
4108
4158
4217
4279
4344
4424
4496
4557
4608
4654
4726
4762
4804
4852
4922
5012
5065
5085
5146
5205
5272
5318
5379
5410
5459
5481
5520
5542
5542
5541
5545
5558
5577
5617
5647
5669
5697
5706
5718
5779
5796
5815
5874
5895
5917
5946
5927
5959
5992
5970
6014
6080
6117
6170
6215
6257
6285
6295
6063
6120
5801
5852
5586
5571
5587
5304
5333
4927
4945
4979
4984
4961
4707
4688
4318
4344
4362
4308
4346
3933
3954
3983
4062
4102
3811
3802
3359
3441
3387
3415
3450
2986
3018
2692
2685
2462
2448
2445
2202
2221
1778
1814
1803
1795
1829
1450
1451
1441
1450
1463
1154
1171
784
833
722
732
807
607
789
565
661
541
599
907
563
621
611
666
970
589
943
590
605
731
563
922
590
594
607
592
1005
573
619
649
563
953
609
604
632
636
897
580
625
581
602
901
605
616
494
555
955
677
616
657
707
950
589
920
592
617
637
543
1024
599
629
723
593
946
597
608
714
582
926
594
653
735
688
1029
585
616
508
621
949
600
631
660
694
988
582
796
622
651
577
632
889
605
976
590
601
626
566
811
621
622
585
595
919
652
709
686
721
1054
575
930
592
586
587
601
893
598
647
681
710
1007
580
1099
619
636
711
589
801
592
631
520
591
907
557
610
586
640
977
596
1023
565
586
699
592
795
598
615
499
556
976
592
649
525
808
1143
573
976
553
563
606
562
788
577
611
510
583
792
600
958
596
648
658
541
901
584
628
534
608
931
627
659
680
737
991
575
849
594
662
526
579
1064
670
692
736
807
1000
552
892
574
580
653
688
939
618
693
643
700
1009
580
816
579
612
557
589
838
587
927
575
604
666
593
833
586
626
519
593
835
604
965
591
592
665
607
909
573
601
622
633
989
594
631
549
546
818
593
1015
566
576
620
556
778
598
648
564
614
818
587
966
582
601
605
614
874
610
633
685
752
967
637
852
642
727
545
623
925
590
646
691
770
993
591
825
590
654
534
595
826
598
993
588
657
721
573
816
578
628
497
604
962
592
624
601
647
1036
592
765
592
654
505
579
896
581
833
631
667
581
654
969
610
650
661
664
905
613
939
579
590
600
657
971
636
643
706
741
989
616
781
604
640
534
603
924
626
626
630
680
964
618
965
584
578
688
608
804
589
620
535
595
937
606
623
642
677
945
609
954
589
602
668
565
823
687
624
601
635
828
608
954
567
553
612
681
996
657
679
542
618
800
589
997
592
622
668
711
1003
600
653
494
560
811
618
969
571
655
677
597
815
618
622
540
553
971
603
664
654
706
1051
606
927
599
632
678
726
966
592
642
478
557
868
620
974
621
670
724
735
963
597
629
520
563
962
610
632
663
709
1022
606
810
597
611
536
590
947
596
619
661
696
946
609
840
602
662
518
615
950
612
692
632
661
958
583
785
607
599
547
597
1139
581
1189
607
622
637
644
858
602
652
700
755
1013
619
899
580
578
612
634
952
588
614
502
563
857
615
968
636
649
678
589
831
614
648
570
605
1031
610
1106
621
655
742
586
789
603
619
535
811
735
586
614
506
575
910
605
974
616
688
755
747
1005
586
628
679
734
1048
571
944
590
582
619
644
952
577
629
571
588
815
639
1001
604
626
645
684
834
586
582
539
603
892
571
636
599
660
981
600
840
583
631
533
585
907
569
591
618
667
1057
594
883
578
617
661
665
1028
560
585
542
606
830
585
977
604
635
660
594
823
583
621
542
585
801
599
972
591
617
684
701
982
593
597
540
596
791
562
1018
560
548
573
593
3451
1793
1023
1524
1111
1199
16092
2237
825
788
875
983
772
810
860
902
919
922
946
1004
1046
1143
607
631
664
732
713
714
758
761
766
763
972
1081
1092
1067
1085
1146
1072
1140
1148
1208
1112
1148
1174
1207
1238
1342
1380
1440
1456
1539
1561
1532
1596
1674
1716
1790
1823
1863
1913
1944
2015
2099
2163
2196
2223
2231
2238
2245
2224
2259
2276
2338
2361
2400
2460
2453
2475
2505
2578
2607
2597
2629
2684
2701
2712
2723
2772
2811
2844
2873
2871
2912
2935
2940
2941
2953
3017
3102
3159
3215
3279
3341
3413
