6266
6661
6732
6849
6876
6899
6866
6888
6939
10310
8465
8429
17282
1669
5456
762
2122
671
568
615
643
766
621
609
596
602
611
612
634
625
694
616
675
650
660
672
697
826
887
970
1050
1047
1062
1088
1097
1154
1185
1074
1181
1249
861
831
983
635
802
573
639
682
774
794
1403
649
659
712
728
764
897
951
959
1038
1072
1121
1132
1208
1296
1420
1344
1435
1341
1328
1397
1482
1521
1582
1631
1676
1752
1807
1867
1914
1932
1992
2057
2068
2098
2129
2163
2193
2230
2256
2291
2317
2373
2438
2520
2591
2667
2706
2739
2788
2894
2936
3006
3086
3140
3162
3168
3172
3219
3268
3348
3414
3453
3481
3535
3579
3642
3708
3736
3794
3877
3924
4006
4054
4107
4149
4199
4233
4271
4333
4394
4455
4474
4489
4500
4514
4517
4554
4612
4648
4667
4700
4706
4738
4775
4808
4837
4913
4964
5007
5054
5105
5166
5242
5286
5328
5359
5405
5457
5510
5552
5590
5647
5672
5681
5684
5693
5739
5772
5791
5790
5812
5855
5887
5921
5942
5970
5991
6024
6046
6070
6080
6119
6113
6107
6158
6153
6193
6228
6275
6375
6424
6210
6241
6283
5971
6016
5477
5458
5447
5313
5348
5037
5042
4875
4862
4870
4448
4486
4348
4360
4355
4126
4163
3694
3691
3691
3566
3548
3302
3313
3132
3136
3126
2763
2819
2805
2792
2811
2389
2346
2101
2113
1859
1882
1893
1484
1476
1478
1480
1490
1087
1076
733
777
807
782
1050
608
598
641
668
912
601
829
594
650
524
572
963
592
694
620
698
1167
602
880
580
602
658
707
1012
605
618
690
742
1054
580
838
619
668
513
594
1007
594
604
669
706
1014
588
942
590
668
687
683
1134
618
656
675
722
1013
630
859
573
612
506
594
1063
597
609
654
710
982
586
825
587
642
539
601
807
585
1001
602
625
691
718
977
625
638
652
684
1003
584
942
580
608
622
668
1016
599
641
677
724
1031
609
836
629
637
538
591
1083
589
1117
588
646
775
572
780
622
658
549
578
771
609
1025
587
614
696
619
822
607
651
541
601
943
598
643
632
691
1051
598
1063
609
617
575
601
903
599
614
634
674
1008
617
819
605
660
555
598
807
587
983
598
628
647
558
792
589
626
572
592
801
596
967
575
589
698
598
765
602
625
534
622
845
583
1048
609
682
752
741
1035
602
666
489
558
936
587
983
632
621
670
578
853
571
596
552
599
808
619
1007
600
639
697
733
1017
601
620
536
596
850
606
1017
578
617
700
591
863
634
645
571
610
900
593
640
619
655
1008
596
800
606
629
545
574
918
571
583
624
649
962
607
931
618
662
667
694
980
585
620
503
575
820
604
1014
595
634
785
583
825
582
639
558
584
975
584
641
651
661
1061
636
911
590
620
670
664
1045
562
617
529
563
954
605
573
579
594
957
595
996
590
598
604
606
945
563
618
534
605
929
609
948
622
635
649
551
860
619
649
581
620
832
602
1009
611
671
690
603
855
594
642
499
571
978
597
667
624
667
1095
584
920
599
622
657
659
1011
600
616
538
663
820
588
608
582
610
977
595
895
607
656
553
596
939
627
690
638
688
1035
618
1009
600
608
618
636
961
639
698
562
606
827
569
1031
637
566
688
586
822
598
650
578
626
925
589
619
621
619
953
586
950
611
618
646
689
990
558
615
517
582
925
608
960
577
577
599
589
1007
576
579
569
583
975
597
661
676
660
984
587
1031
600
604
608
636
904
600
678
548
601
852
637
1060
580
581
600
609
965
601
643
537
585
804
588
980
614
630
645
667
975
577
614
566
603
1025
565
635
1235
950
938
842
723
561
584
583
624
952
594
616
650
699
1041
590
1009
599
633
713
550
784
601
663
533
578
996
592
684
536
594
802
624
1075
607
626
678
710
1027
637
688
501
588
848
583
1118
576
570
672
587
957
590
615
677
608
839
606
635
577
616
871
603
952
589
614
610
561
960
620
620
639
691
1000
585
661
680
715
1027
585
958
637
679
761
710
925
570
974
616
637
677
717
1019
622
701
687
703
1033
608
820
595
617
532
653
882
615
1006
607
652
673
654
1003
624
695
671
734
894
592
1056
656
720
725
777
1059
601
829
605
655
515
615
888
617
973
605
665
721
735
912
628
1007
588
625
685
647
1013
626
635
558
595
830
585
1017
572
601
637
709
1032
593
604
651
687
908
606
1026
3784
2211
957
1239
1171
1172
2362
2371
2386
2400
2433
1444
1953
1920
1937
1956
669
862
750
759
738
731
746
731
738
778
746
736
723
735
740
741
737
774
739
744
749
3830
892
838
815
829
1442
699
638
614
633
658
608
630
658
663
770
1027
948
956
972
979
988
1013
1049
1077
1107
1124
1181
1263
1303
667
700
729
780
789
909
987
1047
1065
1107
1162
1203
1274
1422
1473
1343
1352
1155
1190
1211
1254
1319
1377
1393
1449
1468
1493
1540
1577
1608
1661
1710
1748
1751
1798
1805
1819
1865
1883
1939
1999
2034
2059
2090
2127
2176
2205
2256
2312
2344
2414
2484
2566
2616
2654
2681
2702
2681
2728
2737
