6445
9226
9251
9266
9194
9229
9227
9244
10303
7201
3692
1235
2995
3553
2332
6776
5167
4276
4231
4198
4168
4056
3904
3906
3937
3936
3963
4037
3460
3673
4339
4316
4394
4552
4616
4660
3479
1665
7548
1647
4587
2053
755
598
707
685
710
746
789
885
1127
1766
1607
1041
1064
1135
1178
1198
1262
1256
1284
1278
1297
1289
1345
1387
1363
1373
1433
1461
1530
1559
1579
1602
1626
1626
1670
1709
1751
1780
1588
592
712
573
645
577
596
668
722
776
804
891
950
888
908
965
1020
1064
1089
1167
1291
1368
1418
1465
1519
1538
1615
1698
1760
1802
1910
1907
1856
1897
1959
2047
2103
2205
2249
2281
2312
2377
2426
2503
2564
2665
2714
2763
2791
2836
2889
2980
3052
3125
3158
3215
3231
3297
3324
3367
3425
3482
3550
3607
3661
3767
3825
3884
3944
3960
3989
4020
4052
4103
4150
4215
4269
4304
4351
4443
4514
4539
4565
4589
4644
4680
4755
4471
4346
4362
4417
4458
4495
4551
4611
4665
4710
4717
4747
4800
4808
4850
4881
4930
4960
4960
4978
4995
5032
5051
5082
5146
5203
5276
5301
5317
5352
5384
5422
5497
5541
5556
5585
5640
5682
5754
5814
5883
5943
5992
6053
6085
6131
6161
6203
6165
6169
6146
6191
6212
6241
6284
6351
5939
6018
6078
5956
6004
5573
5601
5621
5605
5589
5123
5172
4731
4749
4737
4661
4655
4156
4203
4230
4250
4279
3762
3736
3521
3584
3381
3423
3490
3000
3042
2986
3013
3070
2542
2550
2302
2279
2164
2176
2158
1933
1958
1498
1506
1546
1361
1369
1157
1205
1002
1044
1077
584
664
591
667
1019
628
849
597
624
540
605
996
602
644
662
737
982
605
896
593
628
555
602
932
626
636
557
600
819
616
1079
603
629
665
554
827
627
650
542
605
969
593
593
591
601
819
602
1014
605
620
675
697
1042
608
630
570
593
792
597
996
616
653
720
580
808
603
633
505
592
920
627
961
579
589
667
579
823
587
590
572
684
837
614
998
586
609
660
629
894
631
948
593
618
622
664
862
604
994
595
647
728
700
1085
599
629
672
691
996
578
819
608
646
527
577
846
630
896
634
703
688
713
1002
632
795
616
639
571
620
848
610
991
614
679
705
686
1028
583
593
600
634
942
608
815
605
654
559
591
795
564
930
573
595
541
584
826
563
1024
635
634
676
697
855
573
1023
601
617
661
626
1032
612
659
671
686
964
603
792
603
658
565
652
1020
592
834
596
630
549
618
835
605
1015
610
627
641
678
869
608
687
647
689
1020
599
800
580
582
540
624
833
644
981
593
668
726
707
1102
567
610
632
646
859
580
954
586
618
558
555
799
584
1012
596
620
674
675
1019
600
640
664
716
988
594
799
601
637
608
649
972
604
865
598
630
526
606
835
599
1076
599
662
723
707
862
577
1078
602
648
685
700
1033
616
612
647
688
933
585
877
597
613
621
634
1019
563
801
590
612
556
571
795
612
983
574
588
597
611
958
568
568
601
638
1034
613
815
590
626
599
661
993
594
1001
591
599
616
629
890
587
1284
606
652
692
579
854
631
1018
587
608
658
702
990
609
655
601
636
1052
608
791
604
645
584
608
769
580
996
580
675
725
729
1048
611
627
637
643
905
591
807
596
621
543
635
989
601
848
577
584
536
588
860
576
950
626
650
663
692
856
576
599
626
694
988
576
987
597
672
656
707
1031
604
784
587
600
566
596
814
587
1057
603
651
679
628
1015
612
659
696
706
856
605
1070
613
656
666
678
1079
608
947
611
662
681
599
947
595
630
644
686
982
617
659
547
603
868
626
948
561
572
657
600
964
567
575
661
572
914
592
604
566
576
931
562
635
545
567
803
623
965
608
665
757
616
972
609
705
800
582
784
611
630
552
602
938
593
614
527
640
1030
556
596
538
567
813
561
1014
557
573
658
573
837
615
650
546
599
830
572
1015
606
654
673
731
1050
579
623
591
617
785
569
1005
573
625
772
556
797
589
596
564
592
947
592
627
673
708
1081
619
796
556
635
516
617
796
594
1011
582
644
697
672
989
582
622
534
596
882
614
1006
612
643
676
580
951
576
595
619
654
1059
567
578
537
552
970
547
586
632
676
980
578
802
593
604
534
558
922
559
611
565
623
1014
578
968
592
625
647
652
1009
594
617
659
688
962
563
820
576
569
1275
1466
1860
2348
2441
2424
2403
2388
2415
887
1958
1973
2001
2003
883
1249
1264
692
880
741
734
739
767
730
724
716
738
763
788
1583
670
630
679
722
686
684
708
724
746
772
833
884
931
949
967
1006
1045
1068
1120
1148
1187
1173
1209
1249
1258
1287
1346
1353
1491
1550
1450
1500
1561
967
1002
1057
1093
1085
1135
1151
1146
1136
1183
1216
1247
1267
1355
1353
1402
1396
1451
1438
1464
1513
1533
1569
1603
1615
1650
1716
1614
1645
1686
1719
1723
1751
1768
1756
1758
1805
1781
1773
1741
1776
1813
1836
1880
1884
1899
1931
1983
2046
2035
2052
2109
2134
2179
2229
2290
2330
2347
2410
2417
2483
2394
2431
1958
1931
1938
1996
2066
1619
1649
1582
1573
1618
1191
1243
999
995
