5574
5693
5731
5718
5712
5738
5891
6113
918
693
665
623
688
661
665
709
734
774
817
904
929
995
1014
1079
1123
1140
1198
1222
3848
5016
620
932
932
1550
1090
992
959
1179
1005
7050
6084
5687
5696
5675
5729
5741
5810
5842
5616
5537
3036
2891
2846
3251
875
3007
1167
706
634
637
663
724
691
703
724
774
832
921
954
1031
1046
1069
1104
739
683
744
730
745
757
784
798
857
920
984
1025
1023
1058
1093
1117
1179
1232
1249
1278
1285
1300
1330
1380
1410
1451
1531
1631
1673
1736
1583
1584
1599
1622
1648
1663
1693
1703
1726
1726
1747
1745
1818
1871
1962
2051
2107
2176
2227
2282
2337
2421
2466
2556
2626
2654
2702
2732
2812
2904
2931
3022
3080
3156
3201
3213
3225
3264
3310
3358
3443
3511
3590
3681
3794
3819
3885
3828
3843
3879
3925
3980
4033
4145
4213
4287
4333
4436
4462
4487
4546
4624
4681
4714
4787
4863
4895
4913
4948
4968
5003
4998
4983
4982
4988
5017
5038
5033
5045
5040
5094
5101
5151
5186
5229
5223
5228
5251
5282
5264
5315
5335
5351
5371
5382
5402
5426
5432
5430
5441
5473
5523
5563
5574
5627
5640
5621
5637
5664
5693
5705
5749
5748
5745
5787
5822
5811
5953
6044
6097
6151
6186
6241
6288
6282
6232
6233
6254
6335
6368
6360
6223
6236
6066
6066
6129
5732
5738
5711
5714
5756
5331
5370
4996
4967
4920
4936
4956
4529
4532
4517
4538
4547
4153
4164
3956
3991
3826
3855
3810
3371
3370
3249
3275
3284
3051
3089
2579
2571
2551
2440
2440
2200
2208
2023
2052
2045
1684
1709
1315
1364
1401
1319
1382
873
888
733
756
819
619
987
649
679
696
700
999
635
644
629
719
967
615
870
633
668
571
565
815
615
847
628
663
528
603
855
620
1038
638
690
674
597
858
567
610
572
595
791
600
969
641
656
539
580
1083
607
635
684
728
1001
586
991
602
592
640
692
890
624
1115
639
681
723
748
966
585
613
551
649
849
599
1028
615
639
683
712
1007
612
651
561
607
802
587
1036
609
688
780
692
953
616
666
517
545
848
577
995
607
627
637
649
940
595
614
582
571
839
613
997
614
621
700
594
809
580
579
540
588
993
581
600
623
648
931
619
845
623
677
522
604
1063
606
605
615
603
881
620
823
609
637
554
584
983
594
611
620
654
1004
598
960
572
597
597
598
895
586
609
588
594
1009
600
805
599
622
558
604
915
618
677
682
701
856
591
996
648
668
559
590
834
610
885
604
619
562
590
921
612
709
659
727
1140
598
886
625
644
546
614
832
612
1008
595
624
682
712
1030
596
621
558
628
853
598
984
597
614
688
603
835
610
637
549
565
866
617
936
610
619
671
702
898
594
610
585
621
810
595
964
595
630
688
709
1029
619
663
710
737
1020
594
887
606
598
515
570
1008
592
635
664
716
1096
567
756
604
644
516
603
897
615
932
582
620
753
604
828
625
687
539
598
876
588
977
579
639
719
548
875
589
623
580
650
1008
617
868
634
647
534
580
816
605
992
612
627
685
697
1022
594
642
569
593
929
579
602
617
668
986
591
936
566
624
666
691
1018
601
622
649
706
1074
612
847
625
680
537
583
811
634
1105
613
651
670
576
806
614
668
544
613
827
617
1003
597
592
659
580
861
600
638
549
628
1009
611
643
678
708
1044
577
913
586
633
658
609
991
589
599
509
605
1052
585
599
641
673
938
629
888
636
661
532
552
935
596
611
660
685
1025
586
954
610
630
675
696
993
607
703
658
692
1027
590
943
584
582
626
690
977
598
664
667
718
1072
576
961
583
633
674
725
965
573
593
630
689
970
601
843
605
647
565
608
797
559
941
609
660
675
587
840
4208
5743
2036
676
583
593
620
659
647
650
673
694
720
770
816
936
996
1032
1078
1088
1097
2247
618
600
640
693
732
785
805
830
891
894
921
979
1043
1095
1082
1080
1095
1151
1178
1201
1239
1306
1355
1416
1449
1508
1580
1618
1677
1058
1070
1068
1134
1146
1180
1225
1297
1351
1409
1461
1374
1381
1396
1395
1428
1398
1460
1474
1572
1635
1701
1646
1672
1688
1749
1790
1849
1936
1982
2078
611
558
563
575
623
663
703
738
831
862
844
908
955
1018
1066
1097
1168
932
914
550
618
1004
633
834
611
663
938
1193
1183
608
618
663
706
945
618
865
603
663
586
582
790
605
1016
624
654
701
727
993
591
654
615
653
1049
588
908
610
593
635
632
6457
963
827
787
1063
796
1298
770
787
793
1542
781
763
727
754
778
849
730
743
750
766
722
721
739
744
713
717
741
757
772
764
853
1721
896
799
767
892
995
917
1221
1248
1835
3051
3069
3064
3054
3086
3133
3471
970
1632
2241
3139
4036
5551
6459
7087
7967
8890
12780
12817
12858
12906
12534
12583
12668
12687
12693
12710
12961
13169
13199
13263
13314
13396
13460
2568
2378
2353
2342
2345
2340
2388
2371
2368
2429
2496
2536
2583
2597
2680
2744
2794
1315
837
816
826
850
893
951
998
1030
1093
1186
1213
1280
1350
1391
1463
1526
1557
1596
1636
1660
1652
1667
1772
1858
1913
1955
1999
2003
2036
1843
1389
1317
1283
1278
1261
