2459
2830
860
609
2795
12589
2030
2046
1894
1836
2085
1199
667
659
687
754
778
834
845
890
932
1009
1068
1147
1126
626
682
725
808
830
823
910
927
977
1032
876
936
991
1038
1086
1145
1198
1227
1345
1454
1546
1609
1642
1681
1731
1770
1845
1891
1940
1967
1423
1462
1485
1506
1492
1002
1045
1013
1053
1126
1013
1061
1134
1133
1150
1154
1179
1218
1236
1258
1311
1321
1331
1382
1428
1467
1490
1491
1536
1558
1608
1623
1668
1734
1787
1837
1864
1902
1947
2004
2079
2118
2146
2151
2189
2213
2264
2295
2350
2429
2436
2456
2476
2485
2543
2585
2627
2665
2236
2246
2031
2054
2011
1407
1463
1040
1017
705
738
976
621
1108
581
591
636
596
1212
603
623
557
610
1199
560
911
611
626
525
605
1000
591
1004
582
628
541
587
912
565
1137
541
568
663
584
1136
607
602
524
589
1275
608
961
628
640
585
611
1125
636
980
621
621
551
610
925
586
1013
605
627
571
614
917
624
1172
594
657
660
579
1000
584
1070
605
613
714
603
1150
622
672
543
608
1165
604
934
593
639
507
598
954
612
1009
594
614
544
602
1102
609
604
526
601
1034
679
1191
572
584
567
589
1150
602
967
596
609
535
588
937
571
1131
608
628
630
577
1173
613
651
530
591
993
608
1139
615
673
597
642
982
598
1089
611
636
573
572
1127
608
1143
598
635
787
559
1072
610
653
749
578
1151
630
658
573
603
1054
571
617
592
625
1128
591
1078
621
629
814
594
967
575
653
525
662
1038
612
640
569
563
927
566
1139
620
650
835
562
965
574
616
534
582
1106
600
619
574
588
933
615
1118
588
631
846
608
946
614
638
567
588
1063
605
659
545
644
1213
584
917
602
623
845
890
1085
602
631
552
596
1106
593
1111
620
652
691
578
1182
603
688
531
611
1294
623
1023
601
643
547
592
1053
608
656
545
573
1210
620
1118
656
651
687
589
1138
609
650
580
620
1099
585
931
606
620
519
576
1083
577
614
567
579
1161
582
1134
606
638
649
558
1205
641
666
575
611
1152
590
907
608
618
545
588
1053
609
633
558
623
1169
613
972
605
622
547
611
877
576
1164
629
669
716
608
1170
646
714
533
593
1435
631
1112
606
643
687
626
1229
617
675
577
620
1177
626
978
607
634
596
601
1187
613
1190
631
700
849
624
951
609
642
556
602
914
633
1081
580
605
831
616
946
607
626
528
602
1104
600
633
560
633
1142
600
1231
625
629
541
615
1094
600
651
557
625
1116
610
985
601
646
508
612
971
618
1224
584
609
759
599
974
590
627
509
609
956
607
1207
595
630
808
567
1030
606
624
564
577
915
612
1224
617
633
662
550
1182
584
611
536
605
934
596
1169
621
657
876
592
947
568
597
537
625
995
611
1120
583
609
657
610
1182
585
619
506
606
1020
602
1151
600
630
815
586
972
637
659
540
603
1124
609
641
528
610
1194
663
3846
583
584
610
611
676
725
749
815
840
880
936
1015
1066
1112
1144
1167
1193
690
729
507
585
1013
607
1120
599
650
948
605
919
586
647
522
601
1129
600
634
528
578
1210
644
1083
589
593
683
597
1127
559
596
540
566
1080
580
581
585
576
1141
610
1171
588
604
673
599
1203
579
628
547
621
1077
615
1166
578
612
785
576
979
586
636
549
602
924
599
1124
595
621
796
605
944
582
633
555
597
1118
594
603
565
630
1203
602
1103
597
617
699
586
1160
608
633
535
606
1143
576
592
556
585
1136
583
988
617
652
544
595
1128
615
649
528
571
1204
623
1070
581
602
689
623
1155
628
662
558
625
955
581
1184
630
652
903
587
961
596
637
545
641
1106
608
673
543
566
1223
619
1097
625
658
675
573
1150
591
644
837
586
1134
626
1581
576
622
1396
551
1591
582
636
500
584
1516
579
644
488
580
1604
583
1570
616
668
1387
593
1558
593
665
494
579
1366
584
1572
582
619
1337
573
4583
1767
1416
1391
2073
1518
1363
1113
928
887
1044
1299
1313
838
898
846
1248
1259
638
824
682
692
682
786
624
736
726
578
745
738
728
726
666
726
697
1167
722
822
794
589
612
661
672
761
770
774
841
914
980
1067
1131
1417
603
1709
645
709
1598
591
1597
648
669
554
566
1428
583
1611
545
566
1365
581
1388
545
551
1276
805
1264
581
597
538
587
1277
595
1470
580
599
1244
584
1413
591
601
1068
584
1497
590
648
542
581
1508
580
1360
602
640
1126
608
1232
567
1528
593
619
1105
581
1503
596
628
527
563
1444
587
1235
572
589
553
621
1190
574
1496
581
585
1122
578
1481
596
614
555
587
1294
579
1417
620
653
536
592
1418
558
1274
558
585
528
558
1230
571
1426
579
595
1092
550
1272
595
1493
564
562
1118
589
1512
605
611
535
556
1241
558
1430
566
567
1079
567
1487
585
610
543
592
1272
578
1473
567
590
516
567
1467
577
1203
559
570
531
566
1377
565
577
535
573
1442
574
1246
589
603
544
590
1434
583
1267
596
670
547
592
1436
