2299
2733
926
957
16692
689
666
673
1031
919
1023
1065
912
647
1963
1172
1030
1002
988
1010
1014
1068
1092
1138
1127
1163
1183
1235
1296
1331
1296
1472
705
709
737
726
772
906
959
977
1045
1120
1118
1178
1059
1096
970
601
947
629
748
595
657
674
756
788
881
988
1011
610
645
639
711
740
774
883
934
981
1103
1131
1191
1019
1084
1121
1143
1219
1240
1248
1259
1312
1352
1430
1455
1499
1551
1588
1696
1738
1779
1791
1841
1863
1880
1913
1918
1970
2035
2088
2105
2151
2176
2278
2364
2391
2463
2461
2508
2564
2644
2708
2776
2831
2853
2879
2934
2987
3029
3078
3156
3237
3328
3373
3451
3485
3538
3586
3664
3734
3787
3838
3896
3920
3987
4054
4112
4231
4288
4311
4336
4368
4399
4429
4445
4415
4425
4508
4567
4557
4558
4561
4594
4606
4641
4688
4745
4787
4833
4880
4964
4980
4985
5021
5036
5039
5077
5119
5172
5221
5330
5424
5470
5516
5579
5642
5689
5731
5756
5784
5793
5807
5882
5941
5975
5972
6012
6076
6110
6146
6212
6291
6343
6408
6424
6438
6109
6002
6016
6043
5650
5727
5797
5706
5766
5153
5182
5211
5216
5279
4689
4696
4272
4302
4351
4231
4317
3785
3805
3757
3800
3853
3339
3352
2865
2902
2919
2864
2919
2350
2340
2308
2350
2305
1937
1941
1561
1567
1551
1569
1583
1151
1165
1142
1124
1187
741
921
614
630
568
652
849
645
1021
612
633
647
664
1007
618
649
512
565
868
594
1046
608
641
670
707
1042
595
635
526
569
803
580
1042
590
630
684
713
1038
605
645
566
606
848
599
1006
585
598
624
634
994
590
666
674
702
1028
617
824
629
659
557
609
797
603
1067
629
655
717
760
1045
604
632
657
689
999
631
842
621
672
545
608
976
603
670
653
694
1024
574
974
554
608
658
580
1058
580
620
552
578
854
611
1030
602
640
761
579
829
608
655
575
602
951
636
704
639
690
1068
578
832
595
643
568
650
1072
563
587
605
614
951
596
866
594
619
545
624
928
657
1017
602
627
652
670
964
609
602
550
625
842
615
1011
600
634
731
606
826
599
629
540
616
965
606
634
604
633
1048
602
1017
578
594
678
569
843
627
647
533
586
831
585
1006
621
650
719
597
958
581
614
666
670
1064
599
587
653
714
1012
591
1036
580
617
655
573
998
568
603
480
556
1079
593
597
561
582
995
589
583
586
596
974
611
873
614
631
556
589
984
608
618
534
593
864
597
1067
614
613
625
603
975
619
587
528
578
842
575
1040
610
616
641
679
1012
625
669
667
720
1060
599
1011
603
672
718
689
1099
623
740
688
693
977
613
817
596
641
528
577
933
545
626
556
577
1052
588
852
600
668
558
602
805
635
1058
627
623
717
602
803
600
650
578
597
944
600
598
589
649
992
586
850
581
601
537
572
982
602
663
638
706
1068
593
798
592
647
520
580
1019
569
558
522
563
911
586
996
578
626
736
578
920
581
581
518
552
977
580
587
531
585
828
598
1040
589
588
598
620
1021
601
609
511
560
878
595
1026
624
645
672
588
840
617
668
550
600
892
632
1005
603
626
714
589
846
604
643
560
622
836
619
1000
612
656
699
668
951
657
1025
596
631
697
657
899
629
1063
602
605
643
660
1039
624
668
679
678
994
580
797
594
589
541
573
835
635
1000
604
619
632
652
999
604
812
600
602
547
582
788
594
1045
580
596
607
610
1026
563
585
579
611
1005
592
846
569
582
548
582
765
556
949
577
581
527
584
905
571
1040
606
615
648
704
873
599
999
585
585
610
595
999
628
618
646
677
1106
587
812
570
619
603
647
1033
575
817
587
624
566
608
829
586
1029
615
631
670
703
966
581
621
565
629
1084
602
828
567
611
543
626
860
597
1014
578
646
704
658
1064
576
631
612
689
913
585
1022
597
658
513
564
862
583
1015
580
623
670
632
1069
551
617
596
641
1046
576
788
582
646
555
663
1042
605
956
576
619
516
568
787
567
1038
548
632
674
668
899
563
1123
572
603
642
618
1036
588
614
653
708
1038
598
824
575
670
524
615
1113
570
823
600
608
535
587
795
599
1077
556
575
584
596
986
565
575
525
600
1044
578
811
587
637
565
648
1069
578
978
571
583
594
591
861
563
1301
638
686
773
587
876
607
994
611
640
681
731
3282
1206
1342
1297
1007
1602
989
1015
1627
1637
5496
1754
1574
1533
939
909
962
930
919
928
964
931
1034
998
1348
1225
674
591
672
642
629
598
667
669
732
702
732
754
799
852
920
958
589
604
655
691
737
779
832
884
632
749
571
597
655
707
761
705
729
795
775
810
839
900
966
988
1048
1107
1109
1181
1173
1209
1244
1323
1370
1436
1462
1545
1629
1742
1746
1762
1775
1803
1869
1922
1999
2089
2172
2186
2217
2257
2263
2320
2389
2499
2573
2641
2634
2635
2629
2675
2702
2758
2853
2962
2950
2945
2954
2977
3043
3063
3091
3133
3184
3274
3320
3362
3397
3463
3511
3573
3611
3650
3720
3783
3838
3911
3957
3965
3711
3745
3705
3502
3497
3160
3196
2913
2946
