2553
2551
3674
1395
1415
9192
4147
4267
4385
1485
1384
1381
1353
1370
1408
1468
1584
1666
1746
943
1003
2610
649
700
735
756
748
735
792
852
973
1047
1067
1120
1149
1097
1120
1220
1251
1304
1363
1460
1517
1526
1593
1140
1112
1140
1151
1199
613
700
676
698
733
766
844
1023
589
974
651
949
614
649
1205
650
933
623
675
657
613
997
568
944
602
648
562
610
1100
574
941
588
605
547
608
1127
609
1036
566
578
521
618
1256
635
917
618
652
550
611
925
572
1086
614
660
725
679
1028
579
971
627
663
521
602
955
589
1166
611
642
705
647
968
606
990
597
634
531
589
910
588
1202
585
634
754
641
1014
624
1124
605
652
699
596
1152
623
656
518
609
1010
615
996
614
1113
630
675
679
570
975
606
1149
629
659
676
587
1133
629
648
550
598
989
615
1206
611
646
570
594
927
610
968
594
629
548
620
1000
615
942
605
633
557
584
929
600
904
602
663
526
606
905
587
960
628
675
561
583
920
600
959
612
632
532
624
937
578
978
623
628
521
583
956
610
971
596
640
534
607
957
579
1067
621
673
566
607
916
611
1109
591
649
660
595
1125
592
650
572
566
970
615
1122
585
656
565
585
1120
572
915
584
653
562
590
967
597
1146
617
646
674
596
1150
602
663
566
610
987
589
1124
614
654
518
597
1033
630
1163
592
664
557
622
1167
596
874
603
639
532
592
1065
623
1085
622
670
651
659
1125
602
888
615
607
548
603
910
623
1036
608
653
545
552
1072
634
944
634
643
548
595
975
603
1179
597
605
573
602
966
585
984
615
686
553
616
1270
602
1029
613
633
545
593
935
626
966
613
630
561
624
963
608
976
641
688
574
635
1189
581
896
579
614
543
572
1150
609
911
621
656
565
642
998
612
1184
579
598
539
569
1185
628
936
598
615
543
585
988
617
957
606
623
556
614
1210
643
1049
605
648
673
574
1143
593
624
576
627
925
600
1203
620
658
684
632
1156
623
653
576
629
906
617
1153
607
648
746
589
1144
605
638
559
612
1065
660
682
553
626
1151
653
1117
635
681
714
568
1132
572
607
560
573
1040
560
606
535
603
1170
556
1080
547
593
784
626
1109
581
635
507
597
952
572
1157
613
653
658
605
1175
632
678
589
634
1155
591
958
624
642
554
617
929
599
1177
626
659
730
609
1146
618
628
509
588
1167
629
1029
602
657
548
617
928
638
1289
633
686
703
624
1221
642
686
609
654
1168
644
1050
598
625
542
614
937
582
983
619
666
579
616
1063
608
631
573
663
1007
625
1224
639
673
570
616
947
602
1140
606
655
750
602
1117
607
644
561
621
1210
604
1075
649
638
652
574
1152
596
660
538
580
1140
575
928
625
640
537
634
924
596
1163
592
637
688
588
1155
613
638
575
611
924
620
1183
585
596
687
620
1150
614
648
554
606
946
632
1107
583
614
692
563
1270
596
623
556
581
933
617
1187
596
596
620
541
1203
587
659
522
576
1200
611
1123
602
640
706
600
1190
579
605
593
612
1230
615
1108
565
566
804
589
945
602
774
569
609
1144
626
1067
552
638
795
562
1102
553
610
500
605
967
596
1106
571
634
805
575
1156
582
620
587
583
917
606
944
578
619
534
577
1046
559
603
537
576
1210
571
1048
559
588
689
586
1177
574
625
513
559
1109
579
635
537
600
1187
615
945
617
696
552
611
1051
636
663
546
642
1173
590
1116
591
665
736
600
1118
591
622
540
568
1072
563
652
539
601
1129
598
1159
634
596
655
572
1137
584
625
519
600
990
592
1138
591
659
733
606
1172
579
628
548
575
944
609
1159
633
661
884
601
1148
660
702
809
610
1148
614
669
529
608
979
586
1124
591
631
817
572
946
599
612
577
593
897
583
1149
613
643
853
611
1124
604
648
727
588
1187
598
658
536
573
3559
2171
1102
815
1046
1656
1652
1407
882
1623
1647
1687
836
1232
1267
883
857
678
845
778
790
732
724
720
741
735
773
715
756
732
733
719
746
744
745
736
742
788
725
3439
659
632
626
638
678
755
810
871
934
935
601
652
702
708
732
793
906
987
978
991
1028
1094
1118
1129
1188
1251
1173
931
918
983
999
883
906
945
953
901
911
911
910
946
988
1009
1013
1050
1056
1070
1075
1063
1098
1122
1172
1217
1291
1360
1416
1446
1489
1540
1626
1696
1783
1831
1878
1962
2032
2082
2019
2032
2035
1530
1578
975
1038
1090
925
1186
614
641
548
584
1179
651
945
611
709
532
601
947
615
1192
589
620
826
609
976
610
635
545
606
936
622
1216
568
605
672
603
1204
628
632
534
572
940
596
1195
615
648
657
566
1149
582
637
503
576
1182
643
940
611
654
554
622
1004
624
1144
573
590
838
639
1001
604
615
540
621
957
595
1118
598
648
888
587
957
593
646
502
609
1025
580
1113
604
665
695
580
1146
600
656
551
590
934
595
1154
592
623
830
