5329
5564
5594
5485
5514
5480
5544
3875
5129
6067
552
1066
1081
1624
1078
517
1183
1048
1835
2777
1316
1269
1394
691
649
719
751
693
715
758
828
886
957
1025
1206
1248
781
755
766
788
807
818
848
911
959
968
1504
646
639
689
733
764
805
888
916
989
1036
1071
1109
1079
1116
1150
1088
625
896
634
761
633
641
688
680
707
780
794
585
631
658
686
720
938
957
923
977
1028
1081
1193
1204
1185
1258
1361
1455
1390
1428
1504
1601
1632
1723
1738
1727
1767
1801
1870
1952
2020
2053
2072
2097
2132
2164
2234
2304
2330
2372
2412
2444
2492
2522
2596
2642
2705
2735
2817
2853
2933
3002
3072
3125
3141
3237
3269
3301
3304
3322
3336
3378
3443
3496
3544
3534
3560
3587
3606
3629
3649
3693
3722
3747
3783
3817
3805
3812
3833
3864
3915
3971
4010
4069
4123
4175
4178
4187
4195
4204
4225
4240
4255
4278
4288
4360
4392
4423
4479
4505
4534
4544
4575
4647
4663
4692
4689
4718
4734
4751
4792
4815
4877
4933
4989
5029
5085
5090
4866
4937
4418
4439
4455
4349
4333
3964
3997
3916
3928
3906
3507
3509
3116
3144
3209
3188
3189
2720
2768
2737
2746
2781
2330
2349
2103
2128
1869
1938
2002
1623
1653
1560
1533
1603
1140
1147
916
964
734
773
800
583
1008
586
664
767
608
860
597
606
563
592
825
614
1018
641
718
772
778
1009
599
599
554
587
832
570
945
553
592
775
605
819
584
610
547
584
809
598
1028
583
621
689
588
827
582
622
538
596
979
621
649
509
570
834
590
1123
589
617
700
603
988
620
622
659
677
1023
623
691
540
572
839
601
968
583
629
719
589
939
584
611
584
587
677
590
618
546
582
864
586
1009
657
621
637
2141
1288
1691
1269
1694
946
9367
983
621
1397
1185
1187
1188
1520
923
637
627
622
671
714
730
769
803
869
913
952
1034
1064
1140
1162
1200
1240
1285
1333
1399
1438
1506
1539
1606
1635
1676
1739
1837
1905
1940
1974
2004
2043
2088
2117
2196
2276
2354
2420
2443
2478
2553
2603
2692
2758
2794
2830
2892
2914
2993
3031
3110
3180
3202
3249
3270
3321
3366
3415
3477
3558
3613
3619
3666
3711
3761
3820
3880
3938
3984
4021
4055
4073
4132
4184
4237
4301
4342
4408
4435
4486
4539
4586
4604
4649
4705
4785
4853
4905
4945
4963
4998
5016
5030
5053
5076
5100
5177
5249
5320
5386
5461
5528
5537
5640
5660
5706
5742
5751
5790
5842
5852
5886
5919
5644
5641
5652
5660
5665
5183
5219
4908
4895
4663
4679
4723
4239
4226
4259
4227
4215
3851
3813
3525
3535
3321
3316
3320
2911
2977
2903
2994
3054
2519
2517
2215
2201
2000
2037
2010
1748
1742
1324
1318
1347
1162
1164
910
900
704
750
831
621
926
618
664
516
564
819
599
1089
597
613
622
607
933
618
621
656
714
851
611
984
607
633
632
645
807
594
1039
616
624
617
661
924
625
844
592
602
531
577
788
588
1396
890
902
910
935
1048
606
671
691
740
915
608
996
600
675
595
642
1054
602
819
613
641
537
601
848
593
877
616
670
515
623
978
620
984
579
596
616
683
961
614
610
628
663
982
609
847
591
628
562
584
1021
606
840
577
600
538
597
836
587
971
594
575
587
621
927
573
580
490
584
950
583
930
597
646
703
751
968
577
797
583
638
545
638
838
613
816
632
626
577
566
811
580
967
618
631
656
692
845
618
1007
585
629
667
677
903
612
669
740
812
976
599
825
593
650
561
561
780
607
829
574
637
548
589
786
600
798
592
656
556
602
777
558
936
635
642
691
727
817
641
1017
620
648
658
693
946
591
600
656
728
809
606
926
585
645
677
724
1002
626
806
611
633
551
599
790
591
893
577
622
685
716
977
599
640
683
703
880
616
1008
616
668
539
572
790
605
841
601
642
566
601
885
565
575
596
654
835
569
872
571
607
696
561
891
558
577
655
609
964
568
601
633
595
953
587
597
627
631
927
580
601
551
555
872
572
580
558
568
917
614
636
609
647
893
550
903
572
577
648
596
950
564
573
638
560
921
585
594
689
626
940
572
638
657
652
901
563
566
528
616
916
565
658
637
681
1016
600
800
625
657
499
580
849
623
996
588
639
668
571
796
622
653
518
582
963
610
636
658
674
975
575
990
575
573
596
596
917
618
614
613
623
872
558
918
605
613
660
549
755
584
629
556
594
893
583
592
594
594
852
573
956
584
608
645
568
809
597
634
504
563
980
608
645
557
582
815
609
1077
595
624
667
561
849
572
633
2790
1415
1523
1882
2469
2470
2549
2573
2366
749
935
757
743
739
760
1417
889
768
758
769
753
733
736
744
791
762
746
730
763
743
832
768
772
878
893
633
702
703
772
909
964
833
933
984
1038
1069
1095
1169
1217
1319
1348
1436
1472
1484
1480
1519
1566
1628
1666
1731
988
1016
1086
1120
1148
1162
1140
1222
1314
1356
1400
1275
1282
1313
1329
1343
1360
1394
1399
1492
1516
1576
1575
1602
1636
1635
1664
1680
1713
1738
1792
1811
1835
1837
1875
1909
1948
1982
2044
2100
2145
2183
2259
2335
2413
2450
2527
2595
2666
2715
2757
2770
2825
