16608
16599
16534
16432
16340
16221
16036
15821
15685
15592
15601
15004
14636
14618
14619
14648
14692
14680
14759
14796
14900
14909
14983
15028
14071
11560
11493
11376
11391
11393
11487
11517
11579
11603
11711
11716
11727
11739
11795
11837
11857
11875
11886
11923
11948
11976
11984
12025
12064
12066
12115
9654
9482
4897
2405
2383
2376
2355
2334
2315
4523
681
683
741
778
780
796
809
943
4010
1161
2301
2290
2017
5125
680
667
645
613
1340
716
641
608
590
561
591
787
826
755
835
888
960
1009
1069
1128
1178
1216
1243
1292
1364
1434
1524
1583
1672
1515
1524
1529
1575
1582
1586
1599
1644
1742
1854
1914
1970
2030
1947
1982
2012
2047
2087
2100
2172
2247
2331
2396
2465
2490
2503
2498
2522
2538
2560
2579
2596
2614
2604
2600
2616
2653
2696
2753
2824
2866
2951
3049
3092
3114
3139
3175
3233
3261
3299
3336
3357
3389
3443
3511
3553
3609
3673
3702
3769
3865
3916
3927
3922
3979
4008
3999
4009
4024
4046
4055
4096
4112
4138
4161
4169
4182
4165
4195
4239
4312
4354
4417
4498
4556
4626
4663
4749
4783
4802
4847
4900
4949
4974
5001
5034
5077
5119
5137
5149
5172
5203
5213
5261
5335
5377
5385
5388
5364
5382
5415
5436
5451
5456
5488
5494
5522
5533
5582
5628
5669
5713
5731
5728
5763
5804
5830
5871
5910
5901
5937
5916
5941
6018
5512
5569
5255
5279
5068
5089
5115
4866
4832
4332
4347
4362
4373
4404
4107
4099
3646
3642
3670
3672
3666
3241
3270
3228
3223
3240
2846
2804
2552
2545
2383
2387
2401
2034
2065
1925
1979
1993
1637
1710
1471
1475
1503
1142
1193
1036
1045
1085
638
651
694
745
1053
593
906
584
596
641
601
842
610
624
563
615
894
595
636
531
582
902
598
651
547
574
947
597
609
665
699
957
612
922
591
617
710
610
979
587
597
602
542
868
603
637
562
589
949
617
624
641
669
967
604
1042
631
704
690
633
990
596
717
661
724
1048
606
832
635
640
565
596
977
602
629
671
679
967
593
936
598
619
729
638
818
585
633
532
587
947
604
635
629
611
969
577
934
586
603
596
606
905
586
634
635
653
962
590
914
586
597
627
634
1033
653
642
510
554
988
605
694
606
644
956
558
998
574
588
617
681
989
603
644
562
592
968
600
675
632
698
1017
598
911
587
639
659
623
1023
598
631
554
557
861
606
959
556
594
667
643
810
581
589
567
598
954
609
605
593
614
966
579
922
569
558
685
572
786
641
641
555
577
900
564
621
642
676
1069
574
907
603
643
637
657
963
626
630
558
581
789
605
1036
610
652
662
558
821
600
641
501
611
1220
599
655
550
646
933
594
972
578
618
973
938
587
595
654
688
744
1024
609
645
634
655
1016
600
999
582
601
646
659
1005
595
623
503
555
962
599
639
619
655
966
594
927
594
669
710
679
1020
593
633
571
609
848
587
1037
588
596
635
579
848
582
629
543
556
869
614
985
589
588
679
582
970
559
568
574
557
966
597
606
576
577
770
593
1000
617
647
719
591
775
596
642
556
598
919
585
572
614
636
987
590
926
581
617
694
575
821
603
636
546
594
801
613
998
623
651
705
586
837
602
625
515
590
841
613
992
612
603
682
588
941
595
623
659
670
964
585
644
548
603
806
588
993
588
580
670
605
779
635
625
537
593
980
659
603
670
686
924
630
815
617
669
557
614
920
608
668
654
728
994
586
883
608
634
600
621
949
585
605
656
713
1011
600
955
579
601
637
667
987
587
626
546
608
829
600
995
553
602
725
586
990
565
577
606
640
1027
593
590
625
641
977
618
1009
599
625
642
676
1003
603
661
642
706
1003
592
920
560
595
612
653
974
566
623
531
590
828
590
999
600
669
654
562
823
613
638
527
615
769
575
1058
591
613
724
624
935
587
568
578
616
959
589
605
531
560
1039
591
584
572
603
962
592
955
631
617
643
681
943
612
679
536
569
966
583
576
606
650
1035
588
913
580
614
673
722
1049
1005
971
945
889
1055
5246
1340
715
701
658
625
622
1436
847
819
787
832
860
858
905
949
1008
1064
1127
1191
1170
1197
1227
1278
1352
1455
1539
1572
1583
1609
1552
1579
1560
1520
1558
1640
1702
885
866
888
914
928
910
931
994
1048
1079
1131
1164
1176
1213
1229
1251
1267
1298
1351
1398
1453
1502
1518
1497
1578
1619
1691
1809
1815
1063
1122
1107
1118
1171
1179
1168
1188
1211
1265
1328
1349
1348
1363
1366
1404
1131
1166
973
982
769
846
915
589
1075
600
1345
1020
972
996
995
983
1049
1086
6422
1040
1924
1320
786
1962
1895
1854
14458
651
582
6776
655
920
1082
611
611
549
1127
772
606
1171
1137
620
597
591
1116
1146
1995
658
1008
737
611
636
627
1967
634
629
651
607
1189
1221
2224
1177
1023
846
866
1415
1830
2588
675
577
610
614
649
656
710
782
774
772
777
805
888
1161
1208
1215
1230
1260
1303
6397
1094
848
650
638
651
660
618
620
638
682
703
742
786
787
832
884
930
954
985
1037
1074
1125
1142
1186
1203
1214
1266
1319
1387
1429
1492
1516
1557
1588
1601
1630
1688
1724
