6620
6594
6631
6696
6753
6788
6831
6881
6940
6961
5087
4842
14927
608
632
540
528
586
639
694
1096
1406
1390
1383
1399
2832
2066
810
610
645
642
615
601
650
743
810
647
647
693
743
771
875
955
994
1064
1109
1183
1227
1276
1441
1511
1001
1057
1118
1230
1095
1123
1090
1115
771
862
881
594
622
662
671
712
739
832
947
1004
1057
1130
1176
1220
1286
1342
1403
644
656
697
708
729
759
847
849
904
935
970
994
1083
1122
1192
1042
1089
1119
1172
1233
1275
1412
1444
1506
1545
1589
1641
1754
1793
1839
1865
1911
1969
2041
2083
2155
2189
2237
2241
2273
2313
2346
2441
2555
2619
2643
2717
2795
2850
2933
2936
2973
3060
3136
3196
3192
3220
3247
3294
3346
3447
3486
3549
3575
3624
3662
3719
3791
3830
3858
3893
3976
4020
4050
4079
4103
4166
4220
4278
4343
4373
4375
4394
4404
4429
4498
4549
4576
4594
4596
4640
4651
4686
4770
4799
4852
4903
4967
5011
5036
5053
5119
5169
5193
5269
5322
5371
5406
5473
5565
5607
5647
5684
5730
5774
5827
5849
5891
5927
5941
5935
5959
5994
6021
6062
6149
6179
6263
6309
6349
6410
6461
6148
6185
5793
5808
5595
5608
5623
5174
5242
5186
5183
5151
4704
4724
4354
4326
4292
4187
4163
3666
3627
557
555
565
580
603
649
690
749
770
791
817
845
878
919
943
1012
1056
1072
1076
1089
1094
1141
1189
1242
1286
1349
1398
1294
1319
1290
1269
1311
847
870
605
644
554
615
858
622
983
601
637
687
730
1063
603
668
521
639
853
600
1004
576
613
736
618
864
562
609
528
574
1040
594
592
596
577
946
568
934
574
587
703
584
885
603
615
563
602
811
602
1015
609
647
725
603
1354
925
955
980
974
1086
616
676
669
711
1028
605
1034
621
670
721
669
1062
577
682
595
579
779
591
618
528
587
966
590
611
614
646
1038
599
828
628
682
611
590
908
601
638
540
611
840
597
1020
591
594
617
664
1040
551
586
529
571
782
571
1059
617
667
712
699
1062
602
607
655
688
997
565
1043
616
640
643
647
1028
608
611
656
713
956
570
825
590
612
535
557
896
534
603
560
600
1029
582
796
589
560
538
571
821
625
1095
620
647
741
602
826
625
674
560
609
975
589
629
611
670
1036
584
848
582
601
537
603
957
581
608
611
682
959
567
822
592
624
572
572
938
607
625
545
622
881
614
1025
590
612
728
573
853
586
575
554
577
949
581
595
549
571
800
592
1006
611
614
685
609
1055
602
634
551
598
837
598
1009
614
647
725
613
832
599
654
524
596
891
626
1048
574
584
663
595
849
614
684
563
612
779
593
1113
625
618
635
683
870
592
1031
618
638
675
671
866
626
1051
614
606
619
599
942
589
596
644
677
1025
570
918
602
629
539
588
829
635
915
621
697
633
668
1017
630
822
618
646
518
636
872
601
1033
587
656
671
621
1015
584
648
565
627
1089
609
824
581
615
532
575
849
566
891
565
581
534
586
831
574
1034
589
619
688
698
877
584
977
578
619
703
570
1017
603
665
651
698
1094
564
789
581
586
596
620
973
578
879
566
605
562
590
824
586
994
594
646
659
708
1031
577
623
583
629
1048
623
843
584
589
562
618
921
625
1013
593
625
648
680
1059
592
634
642
678
917
587
996
604
637
546
598
837
580
998
579
629
687
654
1075
602
691
582
648
1032
621
859
600
659
571
623
1039
615
888
620
642
542
602
832
596
1048
591
619
644
679
841
562
1097
574
612
625
631
993
613
604
652
729
1004
598
802
623
638
594
648
1045
591
854
604
635
554
602
827
620
978
601
664
704
676
1045
589
637
512
597
1077
597
854
606
645
605
664
1006
598
954
587
633
680
658
926
612
1282
620
666
769
634
869
603
1012
563
571
584
618
1008
549
573
606
652
1047
621
831
592
633
551
605
830
600
996
609
659
690
685
1044
617
670
677
715
1053
586
831
558
578
508
620
1065
619
850
614
654
548
614
896
613
1015
620
705
746
708
989
588
657
601
685
953
595
1031
630
697
720
740
1034
610
890
582
625
544
563
776
570
1048
587
600
643
579
970
582
643
638
677
894
597
1023
572
593
557
579
1097
551
946
636
656
740
607
951
571
599
623
662
1020
594
630
533
607
823
601
1000
576
608
723
593
955
564
577
683
553
871
598
619
535
578
946
6916
1442
1947
1603
1739
2444
2406
2066
2066
915
1285
1286
867
894
664
895
737
725
717
731
723
5373
919
773
822
775
715
730
742
710
742
792
640
756
729
751
755
727
1725
812
769
754
772
775
764
771
1680
700
766
834
894
1052
2014
2342
2337
2351
2382
2565
653
585
674
648
612
560
602
675
706
1365
617
634
654
674
732
803
825
782
860
950
884
913
966
825
842
881
922
940
1056
1055
1054
1153
1172
1175
1155
1132
1122
1149
1159
1228
1284
1354
1357
1424
1441
1472
1483
1541
1608
1677
1750
1772
1757
1766
1789
1781
1764
1792
1861
1914
1981
2041
2037
2063
2097
2130
2167
2236
2320
2369
2415
