4438
4551
4381
4402
4461
2666
2150
2134
2122
2162
2207
5321
3261
3264
5974
2538
633
631
603
599
610
639
622
634
697
715
715
800
749
782
828
864
867
922
1020
1901
1975
2052
2013
2084
2155
1972
2002
2005
2032
2103
2110
2127
2156
2015
2004
2022
2048
2069
2104
2165
2180
2154
2282
2296
1587
1582
1308
1307
1245
1384
622
603
608
613
667
776
800
801
832
1040
1086
1133
1179
1188
1253
1304
1291
1318
1285
1282
1334
1414
1462
1518
1584
1598
1614
1644
1707
1762
1829
1927
1934
1979
2071
2122
2176
2245
2301
2342
2341
2350
2362
2435
2500
2583
2640
2682
2683
2694
2720
2741
2738
2786
2826
2893
2866
2901
2944
2909
2984
2998
3047
3064
3093
3097
3088
3115
3158
3230
3250
3311
3334
3358
3398
3406
3424
3481
3472
3513
3456
3484
3537
3609
3657
3730
3792
3810
3865
3867
3863
3897
3944
4018
4064
4098
4130
4191
4283
4319
4354
4384
4432
4474
4544
4599
4643
4705
4745
4787
4823
4890
4938
4946
5012
5061
5108
5153
5203
5225
5266
5280
5278
5244
5254
5265
5275
5280
5316
5366
5396
5408
5429
5477
5491
5498
5528
5525
5529
5517
5519
5523
5513
5527
5556
5572
5599
5658
5648
5709
5749
5756
5796
5787
5835
5893
5788
5848
5613
5646
5639
5379
5357
4914
4979
4987
4806
4829
4595
4622
4373
4431
4488
3982
3970
3961
3948
3977
3626
3529
3210
3194
3182
3185
3194
2808
2810
2804
2807
2829
2408
2399
1969
1962
1956
1884
1887
1644
1667
1448
1455
1464
1122
1162
1169
1122
1147
762
985
596
635
712
583
786
578
596
518
553
926
584
601
533
556
832
614
1008
594
619
709
607
813
595
631
539
601
802
624
1001
618
630
698
587
786
598
646
530
609
904
612
668
686
741
947
593
772
618
681
543
610
902
595
677
661
712
1014
572
892
598
629
648
663
914
620
686
671
709
984
586
773
582
612
639
617
755
626
991
595
651
717
566
846
607
600
579
601
846
599
934
592
607
695
577
909
572
617
645
617
1058
597
642
556
568
806
598
988
565
579
636
559
788
620
633
565
608
775
601
1012
582
642
666
692
1039
636
713
712
765
985
612
874
623
672
601
637
940
595
642
707
752
1011
589
819
609
677
542
591
793
599
977
587
653
742
601
792
579
620
553
594
923
613
630
647
707
1045
594
758
601
669
537
605
817
600
864
657
693
571
633
950
629
650
678
693
983
620
910
595
606
626
679
980
630
660
709
754
985
595
804
546
597
554
604
953
598
602
584
631
927
591
945
562
541
634
584
812
544
606
500
569
938
572
614
629
631
966
566
950
566
726
573
610
856
588
652
534
581
819
618
951
567
575
611
699
962
600
655
504
571
856
585
975
611
604
661
690
964
592
605
570
582
808
600
937
569
606
683
603
794
573
596
519
550
995
597
615
599
613
915
587
897
610
644
703
754
1007
589
630
566
590
824
616
989
643
648
694
688
887
583
633
502
584
938
581
636
602
640
1019
598
798
613
630
529
609
916
594
657
652
705
1957
1054
971
969
1022
966
972
1013
651
680
677
738
938
546
787
560
647
541
649
1073
590
1143
617
634
681
719
962
622
647
688
743
965
636
930
600
579
598
634
895
555
603
486
554
920
586
1010
570
602
654
567
818
604
630
553
577
993
585
1142
610
561
639
552
851
599
639
534
578
948
610
627
556
550
811
576
970
590
619
688
728
994
605
640
678
755
1073
573
901
585
602
624
670
908
561
588
567
579
808
608
997
603
621
633
649
902
587
609
556
580
932
597
567
575
589
886
619
800
592
608
518
606
939
591
676
645
673
1091
593
858
623
689
682
617
1017
563
598
585
583
769
571
1006
628
658
678
590
780
587
592
533
565
795
565
940
586
591
659
679
929
577
602
554
573
791
556
1059
577
568
605
660
908
581
685
542
543
769
582
995
590
583
654
580
845
574
597
524
555
941
589
618
613
635
983
607
756
617
624
531
570
913
569
615
640
680
1021
574
790
600
655
561
601
757
571
900
604
649
536
593
796
573
1004
571
614
705
613
772
611
635
589
597
798
591
932
578
644
678
670
1130
725
737
586
655
815
621
905
612
644
590
609
950
770
969
601
657
683
713
949
605
631
661
719
985
604
745
606
620
574
597
823
622
849
616
644
587
618
785
628
857
791
775
650
684
816
600
969
614
619
657
717
850
590
945
599
625
694
655
991
605
631
665
700
969
628
1152
1301
1314
866
900
1025
1905
1838
1769
875
737
805
3100
958
926
920
919
934
5096
1026
943
931
889
925
901
916
677
868
847
740
710
738
720
762
737
743
751
722
741
741
1248
735
736
4312
877
806
801
784
784
774
804
755
774
725
717
752
768
1757
622
1034
1466
727
652
664
725
642
648
657
695
702
720
681
705
718
753
818
810
881
686
633
653
639
686
729
832
858
860
1060
1102
1115
1139
1123
1122
1108
1121
1161
1188
1250
1362
1392
1381
1392
1406
1454
1492
1547
1590
