3777
3858
3954
3981
2154
2949
5151
930
954
512
936
885
650
754
543
1233
982
2674
1576
1355
1249
956
921
941
685
666
696
699
720
757
840
937
1013
1108
1203
1208
1248
1274
1310
1327
1380
1419
1575
662
636
649
683
709
725
767
801
839
881
748
642
662
644
675
716
827
833
915
981
1027
1039
1078
624
615
559
986
603
679
802
892
12140
676
2039
631
638
643
654
1920
661
613
569
567
1122
1202
1375
1148
618
645
650
695
675
719
774
813
879
945
970
1016
1060
1084
1095
1135
1192
1262
1308
1349
1400
1460
1523
1606
1643
1708
1757
1845
1902
1938
1999
2075
2122
2202
2227
2274
2326
2337
2400
2444
2499
2533
2544
2546
2534
2548
2543
2558
2601
2666
2728
2776
2855
2942
2983
3059
3114
3180
3247
3252
3276
3275
3298
3315
3380
3391
3390
3404
3453
3504
3547
3584
3623
3657
3698
3729
3756
3807
3861
3895
3939
3976
4014
4103
4176
4261
4292
4355
4370
4381
4400
4369
4413
4444
4454
4461
4482
4501
4511
4505
4563
4616
4620
4638
4660
4672
4688
4703
4742
4782
4824
4868
4908
4960
5028
5077
5115
5202
5252
5296
5401
5456
5497
5514
5550
5595
5653
5707
5776
5815
5882
5908
5946
5989
6040
6075
6107
6185
6241
6281
6330
6353
6395
6452
6507
6570
6603
6652
6708
6756
6829
6897
6945
6988
7024
7059
7093
7120
7115
7121
7159
7173
7179
7248
7220
7214
7230
7253
7257
7291
7249
7307
7066
7087
6862
6925
6957
6551
6567
6543
6534
6542
6123
6161
5832
5864
5669
5720
5766
5458
5458
4940
4934
4936
4963
4982
4595
4595
4430
4425
4471
4180
4214
3682
3719
3734
3613
3641
3248
3281
3265
3182
3199
2733
2766
2562
2589
2594
2147
2141
2124
2143
2140
1750
1706
1490
1550
1384
1403
1437
1054
1074
1034
1026
1081
623
960
608
668
663
629
1041
605
688
643
716
1065
618
884
614
627
552
593
943
582
641
651
710
1013
629
1028
613
657
703
714
1057
590
655
531
600
937
587
625
613
656
1008
576
910
588
595
614
618
942
588
598
630
671
936
561
910
584
641
693
720
1014
583
645
555
592
988
597
611
609
636
966
608
907
566
562
569
551
989
601
619
534
550
923
589
622
657
692
1002
579
912
597
626
635
680
996
604
626
558
569
812
594
979
571
611
732
601
918
636
678
498
600
857
601
990
600
629
683
571
824
604
626
544
589
934
602
631
605
652
983
608
949
596
609
630
665
950
603
613
618
629
886
616
993
583
580
594
609
918
638
683
694
688
897
604
849
608
645
545
599
969
630
656
694
725
1000
600
812
607
645
557
602
927
606
642
638
689
1021
611
932
610
643
660
680
972
595
603
572
693
814
577
1018
609
638
640
542
955
581
597
618
641
998
577
578
554
619
866
627
1019
584
619
647
579
828
569
583
541
598
969
615
663
672
699
1015
612
822
628
669
570
596
930
578
594
666
671
963
605
762
655
704
551
576
780
565
961
628
670
687
564
800
622
622
587
613
801
600
1017
599
626
658
695
986
590
602
595
667
883
596
911
612
633
709
737
986
589
593
621
632
898
611
840
603
629
530
602
1901
709
702
712
724
768
782
779
813
884
916
959
984
784
991
581
637
1295
805
804
661
690
576
587
844
617
1005
594
673
716
774
861
606
674
548
579
789
580
1013
575
569
639
583
796
588
602
518
566
771
565
1088
609
660
677
641
913
610
662
543
575
909
581
606
594
572
825
555
1071
582
568
721
598
923
591
647
704
677
1004
619
677
519
600
963
599
947
589
607
719
601
927
594
596
638
671
968
564
617
585
582
608
617
651
679
685
715
741
743
779
790
801
864
899
912
922
946
970
1022
1027
1020
940
973
997
807
882
570
592
681
640
1010
606
605
559
603
850
588
954
585
568
560
599
917
595
603
552
572
811
582
1052
582
578
675
600
764
573
598
557
570
895
618
610
628
668
996
605
830
585
612
540
574
795
579
961
627
623
719
596
797
631
646
550
606
925
619
647
692
702
901
603
963
601
645
687
686
971
563
812
558
593
557
537
804
586
908
584
613
659
694
878
596
1040
598
619
657
681
958
603
647
665
704
972
592
818
632
649
496
541
854
571
1057
594
635
686
602
995
590
641
655
690
1009
563
774
560
582
553
585
962
591
594
661
678
948
569
768
571
593
562
574
978
575
579
584
651
990
592
824
554
574
888
1052
1178
970
979
861
1008
1175
804
685
1000
922
947
2000
1984
1988
1991
833
1250
1293
1695
952
817
897
705
867
725
733
717
734
752
702
726
719
720
758
736
738
927
763
745
754
722
741
715
727
741
742
735
740
736
727
738
729
711
721
756
721
898
1229
1356
1681
1744
942
1335
2231
2564
4073
4816
5455
6396
6399
6433
7056
7599
8134
8611
8610
8583
8571
8557
8518
8499
8457
8404
8359
8376
8348
8431
8465
8533
8601
8665
2734
2676
2675
2701
2688
2719
2743
2677
2546
2492
2498
2522
2542
2597
2658
2703
2740
2777
2772
2767
2774
2780
2788
2776
2764
2777
2784
2795
2813
2824
2891
2945
