3987
4045
4086
4122
4161
1947
14962
8509
8556
8601
8532
8613
8672
8463
2050
678
657
679
764
734
767
856
903
924
967
1022
1116
1211
1214
686
650
774
779
1409
633
669
716
772
815
824
851
807
1003
1032
1028
1027
1062
1079
1126
1199
1236
1256
1326
1354
1423
1488
1571
1603
1640
1168
2000
2106
2133
2225
2215
1800
1815
1765
1749
1754
1640
1750
1788
1815
1878
1936
1945
1984
2022
2076
2135
2190
2191
2209
2246
2289
2384
2479
2572
2645
2640
2677
2649
2672
2684
2694
2668
2710
2740
2769
2544
2582
2623
2625
2622
2655
2677
2690
2741
2818
2850
2917
2967
3014
3040
3064
3096
3165
3217
3301
3365
3298
3283
3288
3330
3359
3367
3395
3435
3457
3501
3519
3565
3604
3637
3678
3705
3726
3742
3779
3776
3813
3889
3922
3929
3950
3958
3974
4027
4058
4101
4107
4141
4162
4205
4245
4296
4384
4475
4545
4604
4616
4664
4700
4741
4778
4842
4913
4961
4999
5058
5117
5151
5192
5227
5267
5366
5392
5433
5503
5531
5544
5560
5575
5591
5635
5668
5697
5699
5718
5697
5689
5717
5708
5731
5755
5779
5835
5857
5850
5830
5844
5673
5684
5197
5193
5191
5100
5095
4664
4714
4505
4555
4611
4237
4228
3701
3709
3706
3567
3532
3334
3340
3113
3131
3147
2893
2900
2430
2423
2462
2353
2343
2090
2107
1871
1888
1918
1498
1517
1499
1503
1525
1009
1007
618
623
656
647
999
591
617
549
616
1013
572
595
576
589
972
584
792
611
680
528
601
1003
622
683
665
693
1022
630
974
594
615
647
681
1004
631
657
546
633
865
583
1028
608
624
709
588
825
596
627
558
620
933
607
663
694
713
1023
617
956
633
688
690
712
1022
591
615
548
605
835
641
1110
578
596
623
614
987
557
583
531
589
974
572
632
620
646
1099
588
964
615
635
675
700
1006
592
620
517
554
814
628
1036
589
594
607
613
1000
602
618
505
566
843
617
1089
608
606
613
606
901
607
621
490
568
1044
581
601
637
678
974
574
787
579
599
568
586
924
590
614
656
689
1001
597
972
594
614
642
547
804
580
613
542
593
958
593
602
541
575
814
614
1003
624
654
689
684
1028
608
636
539
587
825
619
1090
588
581
662
586
981
570
574
657
586
813
572
600
548
575
859
620
956
609
633
728
619
949
610
634
674
705
1029
611
641
638
669
994
570
936
607
623
648
687
817
553
963
577
601
688
674
1069
568
619
635
649
1022
593
771
572
608
510
617
851
609
1017
608
631
675
602
1010
619
653
689
752
902
584
1011
633
675
718
766
1020
585
800
608
673
568
600
823
614
1007
601
650
705
676
891
615
990
602
638
647
596
987
586
626
555
537
794
518
1084
593
669
725
685
1029
605
669
609
687
942
598
1039
587
643
616
666
1028
586
748
588
625
542
577
969
574
563
563
578
906
581
816
594
606
624
653
1013
574
833
574
604
608
668
1029
600
816
610
665
542
599
809
570
990
595
594
644
719
860
596
1064
612
658
698
745
1021
618
714
632
686
876
606
1084
607
622
653
680
1009
617
846
589
606
528
557
812
566
938
640
642
554
586
781
587
968
613
639
649
668
1014
588
596
626
689
1072
579
822
580
619
563
623
831
618
993
584
590
627
607
813
598
997
615
647
715
573
862
584
653
550
608
824
606
951
619
619
538
599
833
561
1015
641
644
690
720
992
580
636
641
693
900
593
1070
562
580
577
574
796
574
967
575
571
586
619
971
619
671
661
714
916
638
1091
598
589
590
581
906
624
775
579
604
577
614
787
595
899
604
654
542
636
898
617
1010
619
626
647
680
941
585
585
608
659
1027
579
813
580
599
615
645
1088
578
812
599
622
553
599
847
586
1076
591
619
648
683
1292
715
616
632
695
847
636
1039
639
700
648
709
1044
609
820
597
660
664
693
1000
601
789
562
654
573
627
1119
579
720
667
665
522
573
969
585
588
621
661
828
576
944
596
630
621
632
977
594
895
550
571
656
567
863
609
642
573
604
967
614
639
509
588
840
588
1001
595
647
735
613
952
603
633
706
615
889
583
608
542
559
931
619
673
555
613
824
597
976
614
642
654
557
799
598
632
552
602
985
644
722
675
684
944
630
677
723
772
1073
602
958
599
647
763
741
1108
655
634
579
595
832
602
1000
617
651
740
618
888
629
656
580
597
810
592
1053
599
614
666
547
871
580
635
523
615
958
609
684
505
587
861
5359
1625
1918
1284
1591
1303
1226
14259
2810
9236
603
7506
624
584
575
548
1168
649
2835
2816
834
1945
853
814
635
586
611
679
795
669
812
684
620
653
631
2336
650
2882
660
646
688
670
700
741
794
860
908
11639
1968
615
618
694
750
781
804
801
847
920
1017
1112
1174
1201
1230
1265
1553
1593
1669
1659
1682
1708
1738
1757
1783
1851
1879
1939
2019
1793
1056
963
920
702
879
813
835
885
959
1034
1108
699
657
699
770
864
972
1047
846
813
838
886
974
1036
1109
1179
1205
1215
1288
1347
1416
1483
1525
1630
1665
1693
