4591
4713
4810
4865
4911
4997
2197
3292
4266
614
556
542
536
4559
873
1034
1271
802
622
607
666
662
611
612
616
655
703
831
1394
625
597
591
601
628
663
682
1179
613
619
657
711
742
740
785
769
821
1088
1149
1120
1145
1168
1210
1220
1244
1540
1585
1632
1622
1668
1690
1596
1572
1621
1478
1468
1577
658
691
722
730
725
722
718
659
634
645
733
762
821
895
927
992
1045
1219
1279
1301
1341
1376
1416
1492
1611
1655
1699
1675
1671
1655
1689
1770
1848
1876
1910
1939
1946
1949
1981
2072
2131
2187
2246
2264
2264
2259
2271
2310
2365
2413
2440
2495
2519
2596
2635
2698
2741
2769
2775
2793
2820
2854
2939
3029
3068
3112
3185
3201
3227
3259
3241
3280
3341
3414
3453
3502
3528
3600
3650
3735
3759
3834
3894
3963
3982
4074
4150
4192
4254
4250
4312
4312
4350
4381
4420
4468
4487
4521
4528
4594
4650
4701
4728
4811
4898
4964
5024
5097
5167
5240
5295
5327
5354
5414
5437
5486
5521
5553
5578
5621
5632
5627
5631
5698
5744
5769
5786
5842
5895
5927
5955
5955
5965
6041
6109
6160
6203
6247
5734
5720
5723
5627
5626
5333
5330
5263
5290
5285
4860
4900
4609
4652
4411
4423
4436
4159
4198
3780
3804
3841
3678
3699
3438
3470
3355
3435
3502
3025
3094
2797
2855
2596
2614
2628
2373
2350
2026
2049
1834
1895
1895
1647
1677
1194
1248
1267
1213
1260
860
872
882
936
999
553
985
593
615
654
719
875
602
963
598
628
642
695
1006
582
835
617
686
621
666
987
601
816
598
642
539
614
807
591
913
645
667
555
603
849
621
1033
621
653
666
701
1031
624
687
713
777
951
615
1035
617
623
666
722
879
639
1026
626
720
740
757
905
646
1065
592
612
620
664
842
585
984
648
725
711
754
886
641
1010
606
627
649
697
1033
578
871
605
640
623
679
930
612
1000
631
727
733
789
1075
616
818
592
616
562
578
805
587
855
620
667
541
539
827
608
874
611
656
559
574
785
573
812
604
632
565
617
782
593
1064
563
575
593
607
793
607
1054
583
632
722
558
828
574
630
546
592
1088
595
841
578
589
546
610
816
600
897
639
665
556
596
946
603
643
588
623
1010
595
851
607
639
550
590
806
611
987
581
616
652
670
1063
606
613
653
699
1032
575
873
616
641
538
603
903
602
908
613
651
550
623
811
608
989
580
622
656
632
1058
620
666
671
738
1066
612
878
624
675
633
671
1025
640
837
604
637
541
608
866
595
919
636
647
516
604
920
609
991
602
678
686
724
903
611
991
577
622
677
683
1047
617
657
685
719
1073
584
792
588
621
543
630
837
568
892
621
639
545
599
944
603
606
651
693
936
611
993
590
587
599
653
972
559
802
570
759
587
601
808
580
1010
586
624
660
688
1068
591
620
643
701
938
594
1000
588
675
592
703
916
593
1029
580
573
629
652
979
551
1020
613
719
731
572
938
588
605
627
662
1025
582
620
537
579
968
583
624
648
689
1001
599
970
574
574
668
552
830
596
623
534
581
949
592
679
538
578
854
568
950
630
620
708
596
852
620
648
580
608
963
598
681
555
605
826
596
956
599
608
711
621
811
619
678
552
596
982
589
642
670
679
942
606
820
600
594
519
557
991
572
631
595
634
988
595
998
620
615
691
716
1099
615
636
648
677
984
644
791
577
614
565
589
931
571
660
629
649
1018
615
891
608
649
676
710
1032
616
636
681
747
1049
597
822
604
645
581
569
951
575
593
590
609
916
601
961
586
636
672
690
1060
613
630
673
709
1085
617
777
607
647
516
552
963
597
678
643
726
1121
605
773
597
654
517
609
880
586
994
603
634
721
752
1006
631
671
715
752
1137
604
891
599
677
729
684
1058
593
645
685
732
966
601
890
639
716
523
597
1110
591
1084
621
647
698
637
840
630
693
511
632
910
638
1000
585
606
696
615
830
603
628
528
584
924
578
624
591
656
1011
574
1134
575
567
539
592
906
581
580
816
582
801
606
909
593
619
563
578
801
584
1045
576
637
745
576
820
593
627
536
593
795
593
1082
585
616
691
559
803
591
644
518
587
820
586
1044
579
603
654
671
1015
599
664
548
594
810
586
987
613
652
705
603
794
565
629
583
611
871
605
1004
577
616
634
665
940
593
653
548
610
848
595
998
576
619
708
586
831
606
659
549
624
930
607
674
587
4748
845
1356
1379
1458
1305
989
983
976
1007
1037
1073
1120
1145
1164
1210
1161
1206
1230
1280
1333
1366
1399
1424
1452
1520
1543
1579
1618
1656
1670
1600
1490
1421
1360
1292
1209
1126
1050
996
906
848
798
750
697
616
548
486
854
1946
2624
2649
2639
2638
2634
845
1924
1956
1947
1982
1533
1419
1313
1224
1136
1017
931
826
751
666
597
511
515
596
543
509
512
488
496
542
899
969
779
669
707
717
726
754
788
819
852
871
905
951
993
1094
1206
1289
1406
1422
1398
1423
1435
1422
1430
1427
1392
1158
1179
1229
1271
1298
1285
567
572
586
614
