6221
6288
6346
6382
6393
6423
6581
6720
13395
12547
11348
11336
8961
8929
8939
8935
8947
8973
8926
8801
8719
8612
8499
8404
8295
8196
7977
7862
7744
7651
7562
7464
7368
7264
7172
7067
6960
6857
6768
6699
6630
6535
6465
6435
6407
7501
7510
7567
7573
8029
8081
8016
7969
7904
7379
6773
2790
2030
2010
2086
2102
2079
2109
2112
2131
2143
2183
2147
2146
2208
2241
2331
2406
2480
2535
1712
1677
1730
2034
2076
2124
2174
918
641
838
663
669
782
790
772
792
789
776
790
1103
1146
1175
1217
1253
1288
1366
1443
1392
1365
1360
1361
1394
1424
1463
2219
2294
2334
2519
2502
2515
2630
2621
2596
2601
2633
2623
2759
2899
2909
2895
2920
3003
3148
3213
3413
3468
3487
3427
3472
3517
3515
3539
3563
3576
3623
3646
3653
3712
3749
3774
3807
3868
3883
3921
3949
3983
4036
4126
4190
4255
4316
4376
4427
4444
4474
4505
4561
4638
4706
4773
4776
4830
4847
4858
4895
4951
5017
5119
5168
5235
5246
5303
5227
5244
5269
5315
5364
5394
5437
5487
5539
5588
5650
5699
5750
5801
5814
5866
5910
5973
6014
6050
6092
6112
6168
6123
6170
5684
5688
5684
5658
5673
5245
5254
5163
5201
5223
5029
5006
4773
4800
4586
4650
4672
4167
4146
3684
3687
3703
3683
3689
3147
3146
3118
3122
3174
2658
2675
2409
2422
2225
2264
2311
1962
1978
1628
1625
1620
1545
1562
1103
1132
1160
1151
1178
718
821
583
564
500
565
818
558
1064
594
626
676
688
840
596
1010
614
652
704
719
1005
585
602
585
644
964
583
799
605
627
576
588
939
605
631
493
568
1026
603
623
543
598
914
593
639
519
560
983
587
675
623
670
999
591
939
644
679
780
599
828
565
604
573
598
968
562
587
570
596
978
602
609
538
606
982
598
605
623
630
966
567
967
587
577
695
615
948
606
610
705
573
833
603
641
572
606
950
607
609
643
688
1026
606
991
631
665
700
732
1008
610
677
656
697
1049
600
816
617
655
578
615
1018
603
640
689
737
1062
581
973
605
637
714
588
886
574
609
526
588
966
622
684
648
677
986
606
967
578
585
584
603
945
604
700
656
679
1020
605
927
612
590
671
650
1081
1102
993
686
670
692
598
654
646
674
1003
561
949
566
581
620
671
995
609
637
523
548
1000
596
674
578
675
1134
647
941
595
606
615
631
1017
596
593
548
584
905
596
1034
574
581
621
585
849
598
596
495
551
973
569
691
580
616
1003
613
935
586
588
754
589
820
622
639
560
600
985
583
616
658
666
1007
556
1008
599
600
587
602
905
592
606
531
570
827
591
1090
608
651
662
570
869
571
591
521
587
1117
619
654
541
579
851
591
1012
564
574
658
551
914
623
658
669
682
1026
749
723
758
786
1009
589
911
565
594
592
589
934
598
620
525
582
982
587
651
636
633
953
584
907
571
639
645
590
996
579
627
558
601
813
589
1139
600
645
841
618
796
599
605
536
587
838
624
997
569
604
655
543
1029
577
638
675
598
966
603
634
548
617
849
612
1001
634
638
723
611
818
595
609
539
600
961
588
582
591
650
1001
588
933
579
609
752
553
811
585
637
559
605
860
618
971
602
598
631
590
853
597
601
554
587
841
597
1001
596
579
642
575
965
597
609
616
639
940
594
608
541
604
811
592
1021
593
622
720
616
810
603
677
545
598
996
596
628
691
702
1021
628
810
602
616
503
584
981
616
659
609
638
995
584
789
575
628
569
590
921
579
627
608
682
983
618
991
576
626
682
723
1095
592
648
511
568
851
623
1015
574
603
702
588
981
596
621
653
625
1028
698
570
581
576
828
589
934
601
645
653
641
1010
580
695
565
571
937
593
953
583
608
642
652
986
602
669
559
594
804
577
981
606
623
668
563
784
634
655
589
611
835
562
1010
549
553
583
634
945
569
573
604
661
996
591
621
527
574
1022
614
615
619
628
1000
593
929
612
620
630
616
948
605
606
528
565
1017
556
584
594
595
964
616
945
602
651
678
708
1006
595
626
518
557
986
611
653
659
709
1093
589
904
576
596
678
718
1050
592
628
561
580
804
591
1039
614
600
674
602
958
576
567
594
603
975
610
650
558
564
806
639
1019
627
623
626
653
966
604
623
514
598
878
591
1012
624
628
686
702
1042
592
636
509
555
881
607
976
613
676
708
712
959
562
557
572
582
819
619
966
580
607
643
608
871
609
660
640
680
1045
602
797
572
602
539
616
838
591
984
608
637
6032
1456
1414
1181
1953
1827
1761
16741
7932
2039
648
686
719
534
579
1126
3087
938
941
778
842
865
837
830
816
1307
640
637
713
732
708
725
811
845
881
951
1002
1066
1291
1402
1425
1266
1270
1276
1292
1331
1369
1418
1415
1458
1500
1551
1719
1836
1902
1950
1975
2017
2073
2125
2181
2248
2308
2349
2378
2431
2481
2556
2635
2726
2821
2890
2954
2987
3055
3045
3124
3185
3229
3270
3323
3339
3395
3412
3404
3403
3428
3449
3520
3600
3643
3705
3750
3752
3779
3846
3853
3892
3912
3909
3939
3976
4022
