1260
646
645
866
802
800
794
778
753
3531
3525
568
1304
605
1839
3128
1667
833
1270
1187
1288
1045
639
707
613
960
1851
1441
2553
1005
818
2280
655
595
718
672
692
740
740
768
780
854
1354
599
659
679
638
673
659
665
696
700
693
733
765
797
849
870
1240
794
588
606
619
598
588
560
550
637
609
660
730
778
641
681
704
757
732
750
798
856
917
1006
1061
1076
1043
1090
1131
1123
1157
700
717
744
775
852
865
825
928
986
1044
1092
1171
1035
937
1001
1056
1081
1039
1083
1150
1180
1216
1292
1368
1409
1480
1542
1592
1631
1675
1756
1819
1855
1924
1916
1932
1968
2005
2076
2142
2189
2212
2247
2286
2339
2425
2451
2501
2544
2583
2590
2608
2664
2716
2766
2832
2904
2947
2992
3008
3022
3074
3107
3169
3238
3248
3294
3297
3314
3337
3372
3424
3484
3513
3555
3585
3639
3625
3649
3669
3703
3726
3775
3781
3848
3910
3925
3936
3954
3967
3986
3992
4051
4133
4155
4142
4172
4178
4201
4189
4221
4276
4291
4303
4330
4364
4395
4419
4473
4496
4510
4527
4531
4548
4574
4577
4592
4606
4675
4729
4742
4748
4754
4757
4774
4785
4838
4912
4932
4969
5007
5004
5015
5018
5031
5055
5102
5135
5147
5129
5111
5097
5094
5131
5196
5262
5236
5120
5140
5136
4742
4779
4731
4758
4768
4242
4278
3884
3894
3941
3956
3971
3499
3527
3316
3347
3327
3047
3058
2576
2553
2572
2487
2487
2239
2250
2092
2127
2106
1787
1826
1364
1379
1425
1281
1287
1062
1042
855
863
959
579
579
572
568
965
557
951
580
575
568
556
876
594
613
609
625
966
594
1056
568
553
593
642
1025
595
627
631
683
1001
593
790
588
629
536
586
955
596
606
633
661
986
571
765
578
583
500
568
996
563
611
552
600
971
587
953
569
605
648
679
992
561
603
502
568
877
558
1006
585
570
638
585
1074
563
564
554
581
903
567
558
527
560
772
581
1127
578
614
691
566
780
540
546
521
563
902
539
636
558
646
1082
560
747
542
579
539
532
915
530
597
553
588
1035
594
781
555
574
537
568
773
556
983
585
611
707
604
798
582
588
505
587
861
575
980
567
583
564
606
971
573
565
581
628
934
568
937
601
592
610
602
921
560
563
598
629
964
583
806
574
577
551
598
896
584
570
586
573
959
589
827
578
612
536
578
789
578
966
582
608
658
575
824
614
619
505
592
818
610
1048
638
735
800
804
1070
622
649
544
609
798
584
998
578
580
686
610
830
601
626
560
611
808
603
1010
606
657
668
551
814
608
650
542
582
930
613
632
561
600
826
563
1092
546
541
678
608
963
562
553
578
580
921
634
668
542
575
840
596
1017
630
638
638
582
916
585
645
662
588
954
580
645
583
584
803
607
1002
600
635
753
579
776
606
610
518
609
979
583
603
623
650
952
568
946
586
576
647
576
1004
552
552
555
548
854
563
601
537
578
801
562
978
581
561
561
560
900
580
639
544
549
803
612
986
582
618
729
582
773
581
601
556
601
950
591
630
627
660
1047
622
783
585
581
500
541
842
572
984
590
594
650
597
824
590
604
533
589
956
601
662
614
657
854
574
1041
594
625
683
701
1011
591
887
589
614
527
553
809
611
1019
613
657
692
724
855
615
1007
597
633
666
694
1028
593
594
610
624
836
563
817
596
670
487
586
941
566
988
585
597
611
636
906
586
654
644
724
1034
602
793
568
599
523
563
951
639
661
697
723
938
547
828
578
631
509
565
943
586
585
608
643
990
594
885
608
591
535
581
787
565
1026
576
588
681
576
806
545
581
529
602
813
623
853
605
650
553
594
818
598
1037
582
602
602
597
902
590
627
645
690
888
604
967
658
678
705
740
863
624
1016
598
621
665
741
1072
611
817
598
618
547
590
790
605
1050
574
602
629
654
968
615
657
692
733
912
617
995
600
644
621
649
976
581
800
596
648
516
577
874
594
891
598
616
559
632
878
615
1012
570
590
579
611
934
587
582
596
619
914
597
832
579
591
602
614
970
584
804
587
610
552
602
828
591
1036
605
600
619
612
938
567
593
517
586
832
629
966
608
607
669
695
901
566
825
598
631
543
609
827
634
863
633
651
544
563
832
596
990
616
644
670
660
869
597
915
588
598
635
642
935
625
625
649
726
940
577
796
577
586
532
549
825
605
831
574
831
635
621
782
589
842
583
606
531
579
807
580
957
596
630
664
706
821
596
957
598
631
620
634
963
586
603
667
691
829
600
964
575
618
676
705
980
597
791
542
547
538
531
776
575
941
578
578
637
684
943
582
602
654
657
855
587
989
1176
604
608
660
715
748
786
598
684
537
591
915
574
627
577
634
997
570
1006
654
572
651
565
898
573
595
633
584
972
584
629
675
553
967
590
628
680
725
884
618
654
518
543
915
600
661
546
592
931
582
609
601
598
916
558
892
580
612
668
