4365
4139
4137
4113
1336
5300
749
1764
573
3376
2081
5415
734
1789
704
626
641
637
696
703
909
766
744
717
761
735
734
750
771
821
845
909
948
1007
1053
1089
1117
1171
1238
1292
1339
873
928
971
1008
1014
1056
1074
1144
1110
1143
1050
554
1061
1062
1422
1421
1392
1392
1447
1485
1517
1522
1542
1591
1691
1738
1734
1690
1642
1671
1745
1824
1838
1885
1868
1912
1828
1897
1906
1939
1935
1952
2013
2070
2127
2097
2156
2203
2184
2215
2266
2274
2267
2384
2458
2503
2566
2116
2065
2064
2109
2112
2184
2241
2328
2389
2375
2386
2423
2449
2528
2657
2751
2829
2805
2838
2848
2887
3015
3080
3136
3172
3230
3245
3285
3326
3421
3505
3581
3642
3694
3710
3751
3765
3793
3854
3914
4009
4045
4060
4109
4081
4132
4123
4217
4258
4237
4252
4243
4296
4279
4327
4311
4394
4394
4399
4408
4385
4385
4410
4503
4461
4485
4493
4475
4467
4485
4500
4478
4486
4474
4496
4475
4491
4488
4484
4430
4438
4475
4516
4559
4556
4539
4583
4171
4105
4023
4078
4111
3548
3552
3026
3016
3066
3010
2934
2420
2441
2228
2241
2211
1812
1800
1347
1354
1359
1142
1213
903
897
688
759
981
608
974
590
619
794
657
917
606
620
578
615
1063
597
635
596
661
1096
585
996
650
636
630
615
1072
579
688
616
645
1074
613
1039
630
588
630
609
1035
620
621
636
648
1004
595
860
604
621
584
624
1068
678
672
627
684
1134
622
916
618
656
597
623
1051
626
717
581
630
1112
623
1005
612
678
690
674
1451
916
958
823
788
824
550
1102
638
579
696
631
1036
562
574
625
598
1083
596
640
561
622
803
619
1141
599
602
737
624
935
574
548
605
620
989
590
678
593
636
1076
598
829
615
639
551
602
966
593
614
590
639
1437
963
975
756
815
579
628
861
569
1055
644
674
699
569
843
630
670
559
621
828
606
1109
626
622
637
592
997
589
600
616
655
912
595
868
635
676
719
702
1043
605
648
681
716
1023
586
831
588
628
532
619
1003
602
644
601
686
1066
595
840
597
620
573
598
814
599
1029
592
626
736
584
841
569
593
499
572
857
571
1371
940
1006
1038
1019
1014
642
669
502
566
886
599
1044
570
616
781
611
863
581
596
509
715
886
605
1065
606
645
674
602
843
601
652
559
618
994
599
615
567
595
854
585
1132
596
617
731
598
1019
622
627
662
642
1047
616
666
551
615
865
619
1023
595
598
737
617
976
594
626
641
648
1050
573
596
558
571
857
600
1004
595
619
736
591
827
617
634
524
617
998
614
662
594
625
1076
581
950
583
587
677
564
959
585
588
601
588
1056
623
597
545
579
814
568
1021
604
604
642
630
1039
612
677
551
603
821
602
1061
604
616
716
598
850
606
628
546
592
958
590
610
637
693
1048
609
809
586
614
577
600
846
601
1026
619
664
736
605
838
622
655
559
615
989
604
612
618
630
848
592
1103
626
605
619
639
1000
570
830
609
628
571
597
806
608
1011
600
678
714
677
899
616
1006
605
645
681
701
1035
564
628
592
664
1084
595
819
624
654
553
571
838
591
1033
625
664
715
656
1104
576
615
677
714
1089
610
818
574
632
553
594
973
597
634
632
672
1034
571
801
573
589
553
591
995
563
576
579
631
979
606
860
562
577
576
585
795
597
1009
582
607
806
562
820
545
548
553
615
879
580
845
597
642
552
559
850
575
1025
575
630
669
631
1053
583
607
615
656
926
582
1015
597
655
638
670
933
588
986
623
627
670
696
1031
607
865
588
578
542
601
940
596
992
561
596
630
596
1038
592
647
629
685
906
573
1318
607
651
695
739
934
563
753
605
668
513
584
909
606
925
602
616
542
601
935
596
1025
576
617
639
621
1045
575
580
579
640
1057
603
820
574
652
522
574
1071
580
805
575
632
523
602
888
585
943
598
632
698
667
1121
615
618
527
613
916
621
959
605
614
663
694
1564
1143
958
580
629
556
613
834
610
821
600
653
520
580
854
568
969
611
636
640
594
863
587
1083
589
598
621
637
953
647
683
712
774
1001
597
846
622
625
536
580
809
625
878
602
642
577
573
794
607
983
587
616
566
598
776
613
1010
610
663
701
745
889
603
977
622
672
1064
973
5523
1003
1545
1400
1336
890
936
985
904
866
902
910
900
1187
919
903
901
1542
1051
745
743
765
753
800
856
803
814
795
1390
814
841
690
661
615
643
661
662
685
734
766
803
769
768
820
900
935
958
1003
1124
1155
1108
1203
1262
1114
1133
1135
1212
1288
1331
1361
1401
1407
1406
1386
1431
1460
1459
1484
1511
1521
1580
1588
1576
1620
1628
1655
1703
1737
1770
1791
1824
1883
1954
2003
2023
2053
2015
2061
2084
2159
2186
2252
2308
2367
2410
2457
2508
2552
2577
2604
2635
2660
2731
2794
2871
2899
2952
3016
3056
3116
3164
3227
3282
3372
3414
3422
3453
3456
3505
3549
3556
3619
3603
3630
3654
3711
3738
3744
3774
3778
3779
3807
3831
3861
3806
3811
3602
3640
3603
3230
3265
3219
3210
3237
2748
2757
2288
