5554
5843
5907
5975
6076
6121
6248
6207
6353
10898
2167
1281
538
1048
1091
1147
3073
4458
663
649
646
719
705
804
874
936
985
1046
1169
1266
1359
1442
1519
1569
1639
1753
1895
1942
2038
2077
2161
633
708
783
836
936
984
1027
1086
1129
1171
1145
1186
1191
1212
1274
1354
1368
1025
1008
1032
904
931
997
957
1033
1061
1224
1275
1289
601
687
707
807
857
938
954
985
1045
1113
1191
1274
1385
1453
1607
1646
1471
1471
1459
1465
1493
1566
1614
1656
1678
1765
1860
1946
1990
2039
2014
2078
2135
2172
2196
2236
2264
2350
2434
2495
2592
2649
2661
2701
2740
2793
2825
2899
2969
3011
3040
3066
3132
3182
3199
3275
3327
3404
3449
3508
3523
3611
3673
3788
3853
3815
3860
3930
3969
4023
4061
4096
4142
4170
4192
4227
4270
4284
4309
4409
4427
4485
4526
4594
4687
4757
4838
4893
4939
4964
5008
5090
5133
5160
5183
5237
5278
5298
5379
5449
5543
5580
5621
5655
5698
5710
5740
5790
5839
5847
5865
5821
5865
5895
5926
5934
5938
5917
5939
5956
5979
6043
5600
5610
5547
5533
5541
5098
5133
4848
4911
4687
4730
4752
4447
4493
3955
3932
3942
3906
3908
3469
3473
3474
3491
3495
2988
3015
2709
2731
2547
2549
2579
2378
2386
1889
1874
1837
1864
1876
1431
1486
1464
1436
1446
1008
1042
845
869
669
712
820
574
1076
599
624
642
655
796
593
1051
600
617
643
667
932
639
693
648
701
1056
587
801
606
644
567
590
948
590
618
536
571
917
594
645
536
596
961
668
680
583
647
1092
587
601
640
691
968
637
976
618
647
679
582
845
615
664
501
583
982
587
679
541
605
936
579
645
580
604
935
599
618
673
705
1019
610
981
587
606
648
578
1007
540
602
644
550
919
633
623
523
570
943
568
631
616
622
972
569
1049
632
671
707
727
1042
593
624
655
705
1016
600
781
620
661
536
578
1005
588
591
634
624
929
596
948
651
655
699
640
845
585
689
551
615
952
623
712
715
775
1060
588
949
573
569
608
637
1015
617
704
626
666
1059
601
979
584
635
681
634
1084
604
620
539
539
968
619
692
617
662
1025
563
967
568
577
590
594
921
589
619
554
609
1057
588
585
614
651
944
621
939
607
625
639
722
1018
618
651
515
574
894
589
987
570
600
713
615
837
595
620
534
617
968
593
671
557
614
1024
615
936
584
664
738
595
861
636
666
526
575
960
567
652
612
631
1030
589
948
664
652
692
736
1044
635
654
500
544
890
595
1050
590
688
699
587
843
593
632
563
606
1098
604
643
560
637
894
577
968
576
569
676
576
1012
607
607
611
641
1013
620
663
679
684
994
580
970
551
596
632
610
960
558
554
535
550
974
555
622
604
749
1043
604
1038
604
649
662
680
1008
594
618
571
599
841
606
1100
604
632
732
616
820
603
634
560
582
829
586
958
562
559
644
599
1002
616
634
695
717
1056
587
592
523
545
848
576
974
596
645
755
611
917
578
605
560
619
917
614
589
642
703
1079
615
976
602
624
719
581
820
599
643
539
609
801
595
1008
604
676
692
566
853
561
615
546
594
789
612
1026
597
601
725
569
954
619
629
680
702
1028
571
624
521
596
872
582
1058
585
625
671
602
874
602
650
541
615
1023
581
599
605
607
892
647
826
639
675
535
602
922
589
648
595
629
1010
551
837
590
623
586
605
954
584
627
622
746
1026
620
965
577
613
666
681
1027
611
655
516
569
820
631
1048
581
643
757
612
1028
571
643
707
637
1031
607
672
604
623
1062
623
959
603
649
677
698
1061
648
682
673
733
1028
602
975
567
735
606
621
860
601
645
530
572
841
584
988
603
663
723
563
871
622
650
506
589
809
558
1105
552
556
665
590
969
546
602
666
610
999
584
644
518
569
1002
616
725
606
675
1013
569
914
615
617
646
630
948
611
641
491
537
1030
570
587
580
617
1013
607
969
564
563
628
694
1060
586
592
499
540
969
632
687
605
646
989
581
944
548
593
735
679
1062
587
625
623
673
789
597
1007
597
602
666
582
935
553
582
636
677
1104
616
646
521
548
847
627
980
583
606
626
675
1063
575
619
568
571
813
579
1010
582
595
645
660
1033
598
625
560
580
807
669
1026
601
622
668
697
980
570
563
495
553
899
611
1037
592
585
684
626
819
624
675
672
694
996
605
832
605
624
548
616
818
608
2976
1081
1364
2503
2450
2389
2415
2378
1599
1559
1580
1583
1618
1651
5314
1294
1307
886
913
905
1709
1713
1699
742
944
783
735
787
747
1540
650
696
760
767
777
807
825
788
833
856
878
924
1020
1106
1225
1271
1146
1176
1230
1268
679
676
689
786
769
773
786
798
858
863
889
962
925
1002
1096
1132
1167
1217
1324
1381
1416
1444
1476
1556
1596
1641
1636
1679
1721
1710
1749
1769
1800
1812
1840
1870
1912
1958
2010
2078
2097
2114
2127
2164
2191
2242
2309
2352
2435
2446
2471
2482
2557
2578
2584
2653
2742
2812
2861
2917
2932
2986
3028
3085
3147
3178
3257
3263
3308
3303
3358
