3477
3530
3618
3640
1105
14656
3456
880
4301
1266
1102
1374
657
621
625
606
604
670
701
655
698
897
859
872
874
872
919
927
965
998
1052
1117
1032
1023
1080
1120
1277
651
677
720
759
799
851
882
916
985
1043
1119
1198
1287
1339
1404
1444
1706
1724
1547
1097
1175
1226
1325
1416
1463
1470
1526
1567
1609
1699
1763
1848
1863
1889
1941
1989
2046
2101
2157
2224
2244
2272
2340
2429
2475
2535
2572
2589
2566
2589
2620
2687
2780
2845
2915
2969
2998
3070
3130
3145
3183
3214
3266
3338
3381
3413
3447
3500
3560
3682
3749
3792
3879
3984
4041
4098
4174
4249
4325
4388
4430
4506
4537
4582
4646
4709
4750
4814
4847
4892
4929
4973
5014
5076
5124
5184
5262
5321
5352
5370
5381
5370
5363
5439
5504
5578
5580
5591
5638
5638
5671
5666
5719
5799
5811
5818
5820
5809
5810
5803
5806
5852
5862
5864
5917
5903
5927
5956
5971
5997
6016
6007
6049
6073
6095
6122
6180
6210
6293
6353
6419
6539
6563
6589
6623
6648
6664
6565
6638
6137
6166
6051
6101
6085
5558
5563
5288
5333
5114
5121
5097
4754
4773
4301
4309
4298
4273
4290
3792
3803
3736
3753
3778
3293
3330
2963
3015
2707
2725
2738
2435
2494
2011
2039
2060
1954
1930
1641
1678
1236
1248
1308
1220
1263
706
764
738
741
983
576
815
627
655
538
600
814
560
927
589
603
540
584
998
600
658
632
657
1000
602
818
564
646
498
588
869
569
937
635
676
515
596
847
628
1118
623
635
645
671
1025
601
688
610
654
913
609
1011
615
625
532
596
830
629
938
634
658
544
582
826
611
1004
581
615
616
623
937
594
634
602
622
1057
595
902
591
613
633
656
957
623
975
606
659
790
580
1024
599
589
619
547
836
597
686
534
619
968
581
620
499
539
985
583
666
637
710
1106
610
1015
614
641
688
590
877
624
640
570
586
916
597
619
639
659
1049
599
998
589
597
673
628
836
584
637
562
594
899
594
629
554
585
1007
578
571
586
582
903
566
964
559
598
652
639
1076
557
632
523
577
900
560
971
582
592
652
587
881
535
600
554
597
793
554
1036
607
636
676
571
919
608
645
539
595
968
625
638
618
660
1001
640
851
598
634
545
614
806
625
1061
696
711
718
749
972
604
632
630
687
1069
690
728
597
609
542
574
831
606
1001
606
621
669
696
990
612
618
554
632
817
602
1063
597
629
647
637
898
594
663
510
609
894
587
1007
596
628
698
676
1058
618
659
565
612
803
594
999
620
686
790
609
830
624
638
570
600
828
594
1010
629
685
728
565
819
600
607
542
622
859
592
960
600
621
661
721
1021
601
622
532
587
858
583
1002
601
600
595
628
940
588
616
534
565
878
608
1017
601
613
661
693
992
563
570
585
632
989
593
787
584
617
512
571
1050
585
589
601
631
942
626
868
590
627
549
623
826
617
1014
645
671
725
732
1106
630
654
695
754
969
598
839
594
681
519
596
944
618
932
629
694
531
625
1036
570
592
646
684
1004
611
786
619
670
527
582
798
584
975
595
651
701
685
1067
563
643
664
719
996
602
1060
614
643
685
669
1016
577
620
530
585
818
629
1070
597
638
717
619
835
616
674
530
574
968
618
611
640
659
1000
631
952
611
658
735
585
828
586
630
579
599
959
612
604
610
642
983
606
1001
592
612
620
647
998
594
633
674
668
1053
627
919
584
597
675
601
924
591
603
568
565
907
635
681
676
692
991
599
815
588
630
534
599
849
600
993
593
606
623
633
914
591
594
549
626
833
583
1091
588
613
665
561
854
604
630
537
610
857
621
998
602
626
728
606
849
591
634
534
576
800
599
984
583
621
653
657
1001
564
607
617
692
1311
590
1110
614
640
675
634
1073
592
626
522
546
862
578
1082
593
613
628
630
1030
621
639
662
689
1012
599
1052
615
647
750
583
915
590
607
539
607
821
606
1037
587
654
751
726
1068
592
632
521
599
883
572
1058
585
639
668
597
1031
607
661
661
711
1090
586
815
579
646
534
621
875
587
981
600
640
715
525
904
613
633
525
613
1052
623
681
636
693
1093
619
888
633
675
525
557
1027
621
664
663
681
1050
606
825
589
584
555
584
972
581
602
544
624
865
619
1042
599
633
770
605
1025
604
639
677
669
1046
592
675
602
640
1061
610
1247
762
737
926
951
959
555
610
624
659
3153
1246
1228
904
838
899
876
893
745
976
754
738
743
1449
780
756
742
615
788
761
754
759
767
761
725
763
750
747
729
910
809
1335
644
657
647
650
852
835
796
800
829
879
931
943
938
1017
1046
1140
741
773
823
872
936
955
983
1015
1032
1095
1124
1177
1281
1358
1306
1312
1253
1306
1432
1433
1409
1430
1494
1586
1632
1662
1721
1777
1804
1880
1968
2023
2078
2148
2182
2234
2279
2307
2348
2402
2466
2526
2601
2665
2722
2813
2840
2880
2551
2527
2587
2283
2343
1858
1888
1875
1749
1771
1345
1397
1294
1285
1353
1025
1066
576
672
555
655
1083
598
900
589
629
