6073
6097
6158
6188
6237
6267
6310
6385
10777
8922
8756
7666
7560
7170
6900
6853
6834
6693
6593
6479
7415
7336
7185
7102
7021
6943
6890
6771
6690
6602
6498
6401
6422
6434
6429
6409
6387
6392
5462
5465
5484
5845
792
680
612
610
627
681
792
638
663
648
665
609
624
665
695
1500
1284
1884
630
591
1560
588
1514
606
611
1430
584
1312
660
657
659
634
1544
640
610
566
617
1551
580
1472
604
648
1480
565
1410
578
599
537
587
1495
594
669
571
604
815
579
1042
612
657
696
583
954
609
670
535
604
997
616
707
567
635
845
624
1003
613
673
799
622
862
600
643
547
604
910
639
691
694
777
1035
583
838
581
561
569
575
897
603
595
567
636
1033
559
919
596
599
629
646
951
587
610
635
666
953
647
796
565
614
552
576
939
592
607
607
645
959
608
847
597
630
666
699
1003
594
650
702
726
977
575
807
609
605
533
598
943
561
623
678
695
1006
598
898
581
620
620
610
980
593
619
630
656
951
620
776
600
633
538
601
952
599
616
667
718
991
630
780
600
663
568
606
812
567
985
642
629
681
696
917
621
643
679
707
901
576
934
583
614
650
695
956
600
632
678
725
1016
646
867
621
649
540
596
1086
613
1083
629
679
724
658
837
624
666
539
597
823
603
1012
559
555
667
598
776
574
585
536
578
949
593
606
601
631
965
566
1098
599
607
571
588
835
585
657
608
651
969
571
818
576
601
521
592
804
586
1051
598
608
646
626
803
613
647
531
616
830
605
999
611
631
649
582
812
622
692
542
568
789
597
1047
623
633
689
698
955
589
648
557
573
757
582
995
584
635
723
587
787
580
643
546
632
842
626
952
584
697
752
759
1004
599
629
560
608
863
608
980
599
647
655
575
772
627
685
586
616
948
610
617
654
685
998
578
821
583
578
564
594
938
593
618
610
612
926
599
940
620
618
622
650
903
569
572
567
626
838
590
945
573
612
652
573
803
584
644
547
622
984
581
601
599
615
956
627
961
607
601
611
612
924
558
619
554
583
665
597
569
588
586
791
563
972
598
660
736
572
905
606
645
514
575
854
582
986
570
601
657
538
837
616
679
525
599
820
601
985
622
675
708
606
1065
833
840
640
671
976
575
620
659
705
1079
582
895
562
612
687
703
1057
589
606
541
552
937
605
655
568
601
962
578
919
589
630
490
547
936
626
685
600
661
1002
630
964
583
604
643
695
993
633
703
567
605
801
567
1035
603
638
747
592
812
590
619
553
625
965
587
655
693
695
1066
582
906
610
617
615
634
911
560
596
586
597
815
610
974
596
574
653
663
1097
575
576
584
598
910
571
633
648
639
953
604
933
601
605
609
607
848
571
616
521
559
791
570
993
553
585
596
626
974
594
580
546
604
818
592
993
583
591
653
695
996
568
632
502
594
1095
577
579
591
636
895
597
779
573
594
532
594
957
617
621
670
700
963
597
1009
600
628
645
563
799
604
617
529
556
949
608
611
538
583
836
584
963
623
656
688
690
961
622
672
577
611
871
601
1075
590
603
725
604
961
587
606
743
615
866
592
565
566
562
796
596
999
589
639
694
626
1034
620
604
629
617
925
609
642
660
699
1078
631
927
612
624
667
705
856
576
1062
620
630
633
659
972
629
644
663
637
950
611
863
575
577
573
663
799
597
1041
603
634
609
620
982
634
597
629
635
783
593
1068
640
723
669
786
1055
599
862
605
659
510
600
859
629
982
604
648
698
655
987
617
995
588
654
669
671
1131
605
600
552
525
860
562
995
594
574
620
685
1032
595
610
617
648
836
613
997
610
627
613
622
1066
608
852
610
641
510
580
1048
591
644
591
591
1005
633
855
635
651
566
647
1107
607
883
617
651
646
712
1049
644
821
611
612
561
626
870
592
1005
595
667
737
715
884
585
1040
592
639
685
680
937
609
639
652
687
928
624
1054
595
594
665
669
991
576
781
583
585
587
577
828
612
937
600
651
556
594
797
612
966
621
657
684
688
983
603
658
668
1626
1726
939
2067
1226
2811
2107
2098
9876
12176
671
581
601
4684
670
2040
614
1854
643
649
650
962
903
625
603
570
566
1949
623
1883
690
637
630
694
2076
1727
737
694
652
735
725
1364
670
712
678
711
705
760
831
645
701
748
718
742
871
959
987
1041
1047
1053
1123
1136
1137
1133
1137
1123
1139
1128
1138
1179
1202
1279
1354
1373
1444
1424
1476
1542
1633
1741
1809
1754
1766
1796
1845
1851
1876
1880
1916
1954
1991
2025
2059
2064
2074
2111
2081
2127
2129
2148
2205
2214
2248
2267
2266
2322
2311
2385
2415
2472
2575
2634
2635
2633
2642
2665
2710
2735
2748
2786
2805
2829
2858
2900
2909
2931
2985
3017
3047
3094
3074
3093
3109
3143
3166
3207
3217
3272
3271
3347
3374
3307
3290
3252
3260
3280
3334
