13216
13359
13339
13330
13351
13397
13384
13383
13373
13386
13432
13424
13444
13515
13528
12841
12799
12783
12778
12728
12702
10521
10222
10212
7922
8108
1097
2640
1971
888
793
715
799
1535
653
611
632
710
748
825
831
820
898
946
1021
1091
1145
1144
1137
1190
1222
1242
1229
1289
1364
1407
1478
1557
1617
1608
1643
1722
1060
1082
1006
1037
1090
1106
1140
1161
1182
962
607
1333
646
837
596
672
704
741
804
906
941
966
1020
1078
1125
1174
1238
1306
1313
1308
1372
1439
1484
1553
1623
1648
1693
1677
1689
1761
1825
1889
1912
1936
1946
2022
1958
1960
2003
2053
2095
2143
2181
2207
2242
2315
2346
2366
2419
2476
2518
2483
2520
2582
2630
2655
2696
2722
2793
2842
2897
2920
2967
3007
3074
3098
3179
3227
3269
3323
3365
3421
3483
3471
3493
3532
3544
3562
3573
3575
3648
3645
3696
3701
3700
3711
3726
3771
3809
3853
3905
3955
4011
4041
4072
4134
4158
4168
4179
4197
4209
4212
4227
4257
4287
4364
4401
4423
4464
4500
4542
4600
4692
4694
4750
4798
4823
4916
4975
5027
5084
5121
5153
5182
5195
5219
5251
5264
5278
5284
5322
5365
5388
5417
5437
5476
5495
5522
5510
5534
5269
5297
4839
4862
4850
4779
4816
4324
4368
4184
4139
4175
3905
3956
3472
3497
3494
3352
3394
3014
3030
2810
2786
2742
2572
2599
2139
2141
2140
2019
2033
1728
1751
1513
1539
1537
1102
1091
930
977
999
686
1009
580
604
613
665
992
607
620
627
644
1007
569
997
613
610
622
626
970
565
614
631
657
956
605
937
582
598
597
609
995
567
612
670
715
999
615
970
610
623
639
646
993
599
650
670
697
1005
571
825
612
633
557
638
794
646
1374
611
655
699
741
831
576
578
496
543
871
571
1072
593
615
653
695
1019
594
658
529
567
836
591
984
612
641
703
743
1037
611
623
548
624
880
583
992
587
657
704
673
1039
608
694
720
776
1029
627
856
615
623
542
606
825
610
1015
639
677
715
761
1035
621
676
689
733
1033
618
869
626
697
555
591
941
583
597
595
604
921
574
918
559
585
674
605
1017
603
614
528
588
901
592
977
563
573
688
580
842
592
603
537
573
998
639
669
651
663
997
603
783
621
644
551
585
978
556
579
616
646
1026
634
837
594
604
561
585
813
641
1020
622
646
670
654
1034
580
595
578
640
832
617
1045
583
601
674
587
793
601
651
564
614
935
616
641
662
668
1023
574
921
583
635
708
549
869
575
631
526
599
852
567
996
594
640
709
597
929
595
627
688
734
1111
618
641
668
741
1088
608
1041
591
618
641
652
1031
603
651
532
570
1041
592
625
818
591
731
590
596
629
644
969
592
864
653
669
518
566
970
589
636
524
625
862
589
1025
602
646
671
696
1049
574
630
561
601
838
578
999
612
676
735
696
1021
619
623
641
689
912
612
993
580
609
658
673
1010
614
673
709
777
1044
589
817
587
614
555
578
968
570
579
595
626
996
608
838
581
606
542
592
833
601
1038
602
613
720
627
842
605
637
550
596
994
602
612
618
647
993
605
834
605
625
535
602
990
584
609
619
678
978
596
852
593
619
555
580
925
631
649
554
598
824
612
1055
602
626
663
549
832
618
655
523
601
984
594
619
567
601
836
613
1012
603
654
681
657
1005
601
623
543
570
841
600
1008
615
620
698
628
845
612
632
544
599
916
635
1029
595
655
802
592
862
601
648
560
622
882
624
1012
617
650
668
654
930
615
977
589
643
707
737
940
608
1009
603
679
735
682
1068
581
651
662
696
1016
556
843
587
622
548
594
854
624
875
615
714
609
641
1012
630
865
601
661
554
604
794
607
1048
584
603
624
620
966
555
570
555
559
1026
603
807
578
609
539
556
822
566
840
575
580
533
588
827
559
1066
609
622
636
648
860
614
1004
603
632
675
627
1066
627
648
632
649
1027
601
860
603
670
597
649
1012
598
862
606
646
518
608
853
596
995
615
655
691
738
1060
590
652
587
601
1015
603
798
598
608
551
616
829
587
1016
592
651
681
641
1136
589
612
664
680
861
595
1125
597
618
590
578
818
581
1012
561
568
578
542
995
578
631
660
686
1006
582
806
593
621
580
610
1022
601
852
594
599
535
612
843
596
1047
585
616
622
651
852
555
988
589
640
681
652
1027
572
665
647
706
1128
614
767
565
636
561
671
1152
586
806
585
638
546
585
828
624
988
594
670
728
638
990
5293
1956
949
998
959
1019
974
1805
929
878
905
843
889
871
863
640
877
713
752
721
745
733
761
733
746
737
751
575
759
757
736
1459
741
768
739
738
772
749
769
730
718
746
742
730
743
736
735
747
766
801
873
1246
1834
1868
1879
7625
1499
1684
2393
2406
2492
2491
2994
3622
4557
5142
6011
6598
7187
8083
8652
8860
8805
8751
8910
8940
8883
8868
8818
8826
8772
8705
8644
8704
8708
8765
8823
8907
3003
3004
2970
2938
2925
2905
2882
2877
2891
2915
2957
2977
2971
2972
2994
3003
3079
3131
3159
3217
3283
3342
3402
3355
3415
3457
