4606
4653
5042
5071
5109
5093
3176
3067
3122
3190
3357
1265
964
795
765
2413
528
567
623
566
1572
1798
1434
5570
1555
1417
1354
1298
1219
1139
1152
1172
1194
1196
1235
1279
1282
1237
1325
1213
1255
1271
1847
1049
1008
1048
1084
1075
1099
1099
1224
1109
1371
1407
1454
1029
1062
951
971
1032
1095
1147
1157
1223
1295
1216
1294
1385
1391
1296
1333
1340
1375
1377
1392
1421
1449
1500
1570
1609
1696
1717
1714
1745
1779
1845
1911
1977
2039
2091
2107
2147
2212
2278
2374
2429
2454
2465
2526
2582
2665
2723
2811
2883
2939
2987
3049
3096
3154
3221
3266
3307
3290
3329
3356
3378
3379
3400
3435
3481
3507
3556
3635
3676
3735
3765
3786
3792
3826
3839
3919
3984
4062
4164
4229
4309
4337
4364
4379
4414
4457
4493
4565
4609
4681
4757
4829
4909
4993
5068
5150
5221
5234
5274
5308
5328
5375
5428
5474
5531
5617
5660
5679
5698
5696
5702
5724
5734
5787
5817
5861
5881
5961
6043
6040
6103
6146
6151
6183
6164
6174
6189
6233
6260
6279
6306
6316
6349
6378
6401
6406
6416
6446
6485
6503
6529
6538
6580
6614
6586
6636
6683
6711
6421
6465
6391
6450
6491
5941
5953
5483
5483
5514
5389
5434
4927
4925
4698
4682
4699
4289
4325
4238
4245
4232
3710
3669
3405
3387
3191
3222
3236
2767
2766
2786
2774
2796
2298
2313
1867
1917
1953
1863
1943
1390
1394
1208
1150
1161
753
779
822
862
1062
576
985
564
629
680
599
1039
574
637
497
605
888
586
1052
667
634
667
743
1113
600
642
551
591
876
587
1019
616
628
771
606
1012
610
653
647
651
1104
583
612
582
632
824
603
1121
610
621
691
600
880
581
616
531
590
849
579
1050
589
626
734
607
980
605
642
673
566
1080
609
657
551
569
811
581
1024
594
654
721
725
1003
569
616
652
680
1074
581
999
579
603
585
595
1029
621
643
571
614
851
618
1003
582
602
728
587
827
612
675
547
607
882
628
1035
601
622
736
587
876
620
639
542
610
846
617
1013
615
673
708
710
1023
607
640
536
600
920
591
1035
576
585
615
611
964
582
610
617
646
1068
591
960
584
598
770
587
833
592
596
535
592
949
617
690
511
608
864
595
1021
628
619
547
551
777
549
1045
561
581
604
629
929
616
631
541
596
854
594
1058
581
606
601
618
996
620
669
685
746
1168
650
810
596
642
503
591
957
604
745
570
578
662
560
914
579
634
518
573
860
581
1195
560
579
596
628
1001
612
665
521
556
867
584
1070
620
684
714
665
1058
580
640
613
636
974
607
821
679
631
509
568
861
606
1111
574
619
723
585
796
607
682
547
619
847
611
1044
627
649
721
610
876
610
646
549
588
825
568
952
595
693
701
644
998
599
624
578
568
860
581
975
587
637
701
567
826
608
626
580
645
849
607
1040
582
629
737
718
1086
628
574
611
677
947
604
994
637
645
676
750
1437
621
838
606
669
567
617
1007
608
858
612
676
591
650
1010
627
933
588
624
564
601
1003
621
951
598
593
622
640
1047
642
833
593
609
553
593
861
608
1011
574
588
600
587
871
590
983
619
644
666
701
943
615
814
594
619
580
651
872
628
834
617
678
488
569
895
596
1006
621
688
744
688
924
596
1087
645
663
750
754
922
592
1161
602
621
644
654
891
615
961
660
701
744
688
1056
625
677
652
693
932
613
1143
853
599
627
671
695
661
1020
654
725
694
724
920
604
1050
595
637
669
716
957
612
1032
606
617
679
726
1064
575
863
610
636
682
696
1002
573
813
607
653
637
649
882
629
1030
634
714
675
708
1022
608
849
620
644
619
669
1024
597
874
617
656
641
682
1156
621
861
611
685
614
672
989
647
847
647
695
622
702
1102
586
870
628
692
647
749
994
633
989
589
596
618
651
792
599
846
628
1124
602
667
703
669
1054
622
720
642
672
899
606
1027
643
699
651
702
1058
610
887
601
627
530
587
848
603
979
593
622
558
579
806
625
944
650
684
546
604
902
593
1002
598
615
615
657
874
586
1107
600
604
642
676
1008
616
602
653
706
929
607
1004
602
676
605
654
1123
570
818
606
625
527
570
865
572
851
609
641
577
633
845
621
1053
603
679
688
685
910
621
1028
622
637
687
699
887
575
1054
613
670
700
660
1029
616
659
630
649
990
602
851
586
625
569
596
1042
620
886
624
658
3204
1401
2972
1935
1449
1080
1292
5826
4347
4317
4299
4305
4342
4346
4353
4725
748
737
733
741
713
736
741
722
696
762
705
744
668
878
758
775
746
736
751
723
753
719
5709
1000
968
1585
1865
1935
1964
2305
1271
2250
2867
3673
4195
4201
4972
5673
6634
7270
7864
8244
8321
7604
8082
9123
9801
10781
11443
12410
13057
13712
14687
15407
15979
15067
15522
16355
16582
16513
16487
16470
16417
16352
16295
16241
16192
16122
16111
16091
16068
15950
15850
15800
15757
15707
15667
15602
15687
15722
15774
15819
15878
15924
15956
15955
15959
15992
16030
16095
6641
6661
6631
6655
6639
6625
6661
6695
6718
6723
6759
6805
6808
6815
6809
6831
6874
6887
6889
6906
6926
6923
6958
6998
7020
7075
7079
