5448
5507
5585
5389
5428
5470
5428
5422
3804
4077
4098
6756
8664
3497
1250
1264
714
635
656
678
636
668
677
743
801
1354
617
1544
696
729
700
761
787
809
832
930
989
1068
1086
1112
1111
1120
1083
1127
1159
1178
1196
1228
1270
1325
1343
1379
1400
1460
908
972
1078
1132
1005
1064
1069
1102
587
593
571
571
629
591
580
582
614
641
681
723
754
786
828
866
888
914
989
1034
1085
1146
1207
1282
1236
1267
1292
1328
1362
1401
1450
1490
1530
1636
1673
1681
1686
1696
1712
1796
1904
1966
2040
2105
2103
2138
2170
2218
2304
2384
2479
2508
2573
2593
2654
2739
2829
2896
2947
3009
3009
3011
3008
3039
3087
3153
3243
3285
3312
3294
3340
3389
3421
3450
3479
3507
3523
3496
3499
3503
3496
3497
3478
3480
3501
3027
3102
3198
2993
3018
2659
2622
2459
2527
2579
2217
2159
2154
2144
2116
1730
1739
1325
1336
1349
1205
1218
960
960
806
831
968
613
665
550
590
878
590
986
590
649
689
570
858
578
599
543
582
786
605
989
570
650
651
554
899
606
625
553
611
903
627
695
679
740
1045
613
795
617
659
556
577
891
535
563
598
660
939
562
899
596
644
640
687
897
619
681
672
749
1036
579
794
566
668
535
593
807
610
974
595
639
657
591
808
579
620
531
579
823
578
928
584
574
625
571
940
564
652
708
682
1065
615
654
539
546
795
609
983
567
587
632
550
782
617
648
546
622
793
602
1003
602
645
682
701
968
626
667
678
745
979
640
847
649
689
577
603
878
575
590
679
681
905
578
755
590
628
554
580
778
582
948
585
666
721
577
843
561
641
572
577
920
618
614
613
636
894
594
833
591
644
590
594
805
581
819
647
696
589
668
969
598
651
672
683
974
619
947
601
624
658
705
1007
631
666
711
758
979
617
837
613
654
537
613
983
584
608
588
617
933
568
951
562
546
658
567
750
575
615
511
569
970
581
606
650
683
1008
604
891
593
652
689
550
786
601
678
542
615
825
614
963
586
623
687
728
1012
600
649
475
577
866
682
981
594
644
747
776
1095
580
598
554
555
765
603
1012
597
622
659
614
809
591
613
499
545
999
592
610
619
656
976
583
909
614
605
646
667
933
571
597
566
574
848
598
961
597
655
666
680
941
579
600
570
597
929
576
580
593
635
1008
601
818
628
656
562
619
937
582
606
661
723
996
614
846
608
648
543
621
948
612
659
676
730
977
580
811
594
675
524
580
1486
592
1016
601
641
684
731
990
568
665
730
789
1028
622
911
594
578
601
611
922
559
604
502
573
831
565
1019
576
621
684
639
835
602
624
499
563
1033
585
1108
585
627
661
569
820
598
631
551
567
948
595
622
559
593
795
578
946
608
630
680
716
960
614
611
618
624
915
582
962
586
596
641
665
924
548
611
570
555
795
613
986
605
621
654
729
996
589
599
573
602
929
603
602
636
691
1006
625
834
630
631
547
608
914
573
595
637
670
1012
589
933
579
663
675
633
1026
562
568
565
631
823
591
973
640
674
762
637
803
586
624
548
619
833
602
982
611
655
731
794
998
635
679
517
630
872
590
1024
593
601
624
636
922
601
630
596
623
797
604
1001
592
598
655
566
864
615
637
520
571
931
584
615
655
709
1063
616
803
592
621
538
593
904
573
584
635
669
983
562
775
541
579
578
610
783
573
895
599
633
574
595
797
582
967
608
649
744
601
760
551
594
537
576
3733
575
594
587
611
624
682
719
783
800
854
915
988
1050
1085
1146
1229
1269
1337
1381
1437
1471
1311
1373
1461
1365
1424
1012
1052
1000
1040
1090
554
825
588
634
537
584
850
605
822
604
613
540
580
814
611
874
595
637
554
579
798
570
930
608
718
735
708
817
591
942
627
677
715
686
991
607
626
667
709
1023
624
768
613
659
689
732
873
617
989
623
663
690
753
1014
615
718
608
643
563
662
998
601
921
606
654
620
660
961
601
863
610
626
538
586
830
596
1097
609
631
683
727
1014
637
638
668
689
974
587
863
629
662
518
571
814
581
1114
577
588
661
562
800
584
628
568
620
764
584
987
594
685
710
814
1014
606
624
664
593
904
566
763
610
643
542
619
796
621
1134
604
614
652
685
954
608
638
683
736
1005
596
812
610
670
560
3575
1802
1569
1675
1642
12963
11820
11686
11652
11585
11579
11531
11528
11540
11539
11533
11534
11549
11596
11730
11772
11778
11762
11770
11771
11763
11770
11791
11837
20221
674
603
641
584
590
788
631
673
663
676
675
708
796
905
1071
668
631
669
605
657
653
686
697
724
750
772
813
806
838
883
924
957
998
1031
1067
1141
886
888
621
663
542
590
838
588
953
607
631
714
698
1044
587
597
621
621
813
584
977
595
639
515
577
892
617
790
645
680
532
595
856
615
961
591
616
663
704
951
645
656
702
740
1063
579
783
550
610
611
690
