2533
3050
942
971
981
946
1314
1369
5021
1965
1743
1750
1658
861
1098
929
566
997
3814
2602
658
1307
668
622
650
804
664
611
1253
601
643
704
751
963
1549
707
706
932
995
990
1010
1061
1089
1133
1181
1222
1284
1338
1380
1461
1539
1638
1645
1673
1009
1083
1221
599
683
697
698
712
777
822
805
861
922
889
892
947
1008
1074
1140
1193
1276
1325
1380
1410
1475
1525
1592
1643
1687
1719
1738
1752
1784
1833
1842
1872
1903
1943
2013
2114
2173
2037
2085
2170
2229
2304
2327
2391
2445
2536
2580
2661
2723
2755
2785
2802
2875
2924
2972
3013
3055
3128
3125
3142
3150
3182
3230
3284
3340
3374
3443
3522
3600
3693
3764
3808
3856
3855
3882
3934
4002
4061
4133
4175
4240
4286
4347
4366
4447
4481
4514
4561
4607
4651
4660
4681
4724
4826
4876
4942
5032
5107
5133
5180
5174
5179
5220
5240
5251
5285
5315
5368
5403
5414
5419
5429
5447
5463
5498
5536
5577
5603
5609
5635
5662
5690
5756
5807
5823
5828
5865
5876
5876
5900
5919
5911
5964
6038
6116
6226
6290
6261
6296
6331
6026
6057
5572
5584
5606
5561
5581
5202
5196
5141
5165
5189
4904
4935
4455
4476
4473
4499
4555
4064
4120
4068
4127
4180
3754
3790
3528
3537
3284
3316
3348
3085
3096
2657
2671
2699
2599
2616
2287
2291
2136
2162
2163
1917
1960
1438
1460
1422
1421
1437
1122
1137
1035
1012
1040
759
1029
632
638
696
727
960
590
643
671
692
1001
578
773
710
748
576
649
802
578
1138
594
598
689
580
782
628
652
530
603
825
592
976
611
666
785
580
812
614
694
532
613
797
567
1022
657
659
703
745
1026
604
679
535
594
852
580
941
575
587
656
578
808
595
652
527
634
827
587
1023
579
623
669
734
1022
638
684
666
731
929
599
1022
617
634
681
747
1354
606
783
571
589
624
657
968
572
771
570
597
642
637
912
601
828
588
658
629
647
949
582
790
606
640
560
596
630
687
726
760
800
833
862
894
916
976
1007
1079
1178
1235
1320
1415
1469
1522
1587
1643
1741
1787
1766
1813
1485
1532
1315
1430
1498
1197
1236
958
998
869
625
632
639
855
615
695
754
765
934
584
1105
619
626
674
683
759
611
984
638
696
731
662
873
621
930
600
667
733
715
1065
605
645
711
770
872
620
1063
644
682
735
758
889
624
985
645
705
730
770
843
598
1017
594
640
672
671
823
597
924
590
637
684
743
967
574
836
569
650
577
672
1038
585
822
612
687
642
686
900
653
985
615
674
692
712
976
581
815
581
615
641
668
1001
597
832
616
627
669
686
1003
572
862
613
685
656
742
998
628
801
644
710
705
754
1000
585
805
590
611
672
718
870
630
954
612
682
717
754
845
624
859
619
1068
610
631
661
682
924
622
641
670
704
834
610
1014
614
628
663
707
958
613
848
630
655
577
573
797
608
850
610
654
570
618
817
628
900
626
647
542
546
809
622
992
598
621
649
663
763
617
1039
613
592
635
665
908
636
669
662
740
922
627
1003
607
639
694
733
982
570
785
591
633
573
592
795
601
876
600
642
553
602
802
596
1004
582
670
705
742
604
597
962
568
620
641
681
830
573
948
606
655
694
682
1007
588
653
683
722
1036
580
798
578
635
548
612
1012
602
800
629
677
633
656
987
601
911
610
624
657
691
876
611
1061
640
683
714
750
1038
626
681
592
608
1018
611
652
515
583
961
610
660
519
591
910
616
975
608
599
679
585
792
634
694
533
565
971
601
630
654
709
947
611
980
631
596
643
696
936
597
633
621
679
995
604
823
611
650
519
587
952
622
685
536
570
810
620
983
636
663
718
592
790
584
620
553
571
809
575
957
622
689
706
752
1031
599
2140
1324
1331
1046
967
966
1292
1285
893
877
878
907
906
912
1126
913
1790
967
526
650
1333
642
630
685
719
793
1031
1098
1004
1051
1090
1147
1211
1231
1311
880
915
942
1014
1082
1148
1222
1195
844
606
690
714
783
852
919
976
986
1046
1160
1265
1314
1342
1370
1400
1484
1563
1655
1716
1792
1838
1892
1928
1983
2067
2118
2188
2275
2347
2365
2400
2451
2528
2609
2677
2751
2798
2819
2880
2949
2989
3054
3138
3205
3241
3262
3308
3388
3461
3487
3425
3500
3538
3158
3216
2711
2761
2845
2808
2893
2333
2337
2201
2251
2285
2002
2030
1569
1590
1609
1471
1511
1190
1208
1015
1029
1108
704
819
765
774
983
617
831
608
606
579
610
932
610
651
691
708
956
602
785
591
2679
1353
2029
2375
2407
2913
3304
2325
1877
15532
648
604
631
631
647
677
4249
1622
1455
792
722
772
836
872
943
1032
1054
557
583
643
648
661
623
685
643
710
786
852
900
957
1015
1066
1115
1189
1244
1272
1285
1398
1506
1573
1647
1701
1726
1747
1761
1835
1888
2039
2139
2209
2264
2249
2324
2369
2409
2460
2531
2550
2604
2632
2639
2677
2771
2809
2880
2921
2993
3051
3108
3126
3171
3192
3264
3343
3411
3454
3502
3549
3672
3724
3759
3795
3868
3922
3954
3956
3966
3957
3999
4043
4119
4155
4235
4335
4379
4382
4395
4398
4381
4391
4422
4514
4576
4651
4714
4731
4800
4742
4799
4860
4936
