6775
7165
7171
7187
7211
7254
7276
7296
7354
12667
10940
10360
10385
13723
4181
865
1280
1338
677
654
630
608
612
606
623
680
685
719
784
886
937
1013
1068
1080
1172
1260
1310
1350
1394
622
632
615
686
764
855
861
886
939
948
971
845
896
919
951
982
1000
1029
1079
1092
825
770
847
694
722
841
585
1177
650
698
725
806
846
865
941
977
1009
1090
1193
1077
1138
1156
1191
1199
1234
1296
1346
1371
1353
1358
1383
1427
1478
1528
1588
1664
1713
1771
1815
1836
1870
1963
2025
2050
2080
2109
2142
2173
2235
2323
2400
2466
2537
2565
2601
2633
2712
2783
2845
2896
2912
2922
2980
3016
3030
3088
3126
3179
3205
3278
3310
3357
3406
3467
3531
3611
3657
3684
3713
3778
3791
3878
3933
3969
4026
4062
4103
4136
4194
4237
4280
4327
4403
4456
4478
4527
4554
4605
4624
4633
4663
4666
4668
4670
4672
4704
4777
4839
4861
4888
4928
4987
5040
5088
5157
5199
5238
5294
5340
5360
5382
5412
5411
5430
5499
5535
5573
5598
5595
5618
5650
5713
5786
5833
5904
5915
5964
6003
6064
6113
6163
6218
6261
6275
6278
6300
6306
6308
6329
6348
6343
6372
6403
6411
6448
6476
6464
6217
6223
6197
6207
6236
5785
5785
5790
5757
5778
5358
5315
4920
4942
4963
4759
4726
4501
4533
4378
4440
4426
3976
3950
3965
3978
3980
3615
3629
3168
3183
3189
3004
3006
2718
2732
2559
2572
2555
2219
2199
2046
2063
2071
1833
1882
1331
1363
1386
1239
1250
1042
1070
885
904
949
712
995
647
637
649
553
829
605
636
557
604
938
634
687
675
707
1017
575
764
594
586
555
593
934
573
577
579
617
908
571
914
597
620
656
694
969
602
624
664
703
958
591
762
578
622
506
573
810
612
1022
594
629
678
591
902
582
640
548
522
757
602
1038
610
631
656
577
996
604
624
683
665
1001
594
632
520
548
773
578
965
566
593
674
584
794
593
622
575
638
774
602
996
610
698
764
725
985
624
691
693
789
1067
611
806
626
656
493
583
939
575
648
684
735
1044
594
780
573
628
525
558
848
583
932
576
585
674
622
796
577
631
541
602
918
591
674
588
666
997
591
895
614
682
531
588
818
603
911
648
687
574
672
999
643
650
684
700
966
625
992
596
615
658
724
1026
628
731
690
727
983
607
815
619
657
555
622
932
584
645
676
730
1011
619
958
583
610
728
598
813
606
693
516
619
956
610
633
672
688
973
610
1011
601
634
662
585
846
609
626
562
554
750
611
1058
567
557
582
615
895
584
598
553
684
821
594
1025
593
663
731
767
1789
1292
1258
895
910
546
599
607
612
627
636
675
710
704
723
760
763
816
859
918
932
954
1075
1078
1114
1034
1085
1138
1063
1054
613
636
532
544
891
614
959
617
636
630
671
916
564
577
578
559
941
583
581
580
611
923
566
840
595
593
550
600
887
594
630
643
667
975
575
787
588
577
544
605
923
588
614
664
697
979
577
788
578
643
559
595
1121
576
1202
626
644
687
717
941
612
669
693
757
966
623
921
609
632
655
641
971
577
586
598
578
789
570
971
632
696
740
549
832
581
593
563
587
1015
570
1101
582
641
638
553
799
612
623
545
618
1006
596
628
569
575
783
571
1052
617
630
681
763
1041
613
642
680
715
1006
568
883
580
627
666
589
918
590
618
581
597
817
635
1029
622
705
763
748
1064
608
629
533
564
946
594
602
640
682
951
624
854
603
652
540
605
952
591
675
627
739
1147
636
953
587
615
620
617
920
588
611
570
614
799
604
981
628
655
681
628
832
600
624
540
581
793
614
915
603
652
734
744
1000
603
648
520
604
851
572
1088
602
603
669
722
1017
626
675
542
570
812
578
948
600
638
721
582
818
600
660
558
571
893
607
633
672
690
972
599
771
578
639
535
585
992
576
585
599
601
878
591
839
579
619
529
579
820
592
893
597
621
552
605
820
616
946
598
640
720
613
839
598
620
532
600
853
594
952
566
579
577
610
894
547
574
555
637
851
588
865
616
647
570
621
827
643
991
594
659
701
741
1005
590
607
631
663
973
591
806
610
641
540
590
857
621
849
603
603
546
586
870
611
858
596
607
567
601
827
573
995
591
614
623
687
760
608
971
612
669
733
708
1017
590
638
663
711
1027
589
809
601
645
670
685
793
587
973
613
661
662
748
952
582
781
579
667
619
679
996
612
776
611
634
625
658
951
582
776
589
635
1952
2293
1101
1282
1393
1076
1014
8537
693
675
660
713
717
747
6254
1064
2215
722
661
659
639
684
683
689
747
569
573
614
638
642
696
801
648
704
750
808
580
627
604
651
664
698
670
690
708
737
736
734
774
828
860
927
977
1014
1067
1141
1157
1181
1262
1299
1371
1372
1412
1475
1435
1465
1327
1386
1407
1420
1447
1502
1531
1589
1605
1621
1627
1628
1636
1675
1718
1707
1729
1738
1750
1783
1771
1802
1845
1902
1933
1988
2017
2056
2084
2072
2099
2111
2142
2164
2185
2216
2283
2333
2371
2393
