2470
2975
782
809
896
5804
944
8247
1799
1010
713
721
769
1134
631
645
702
697
1174
582
612
619
697
659
697
854
833
853
882
975
1123
1107
1102
1131
1106
1099
1172
1222
1218
1261
1263
1197
1223
1219
1194
1206
1256
1323
1383
917
928
970
949
1011
1009
567
907
615
766
824
826
864
880
919
938
975
1039
1182
1199
1097
1111
1094
1096
1131
1198
1240
1315
1384
1448
1486
1529
1560
1606
1658
1700
1725
1782
1849
1933
2015
1950
1998
2062
2127
2194
2235
2299
2503
2540
2574
2626
2639
2620
2629
2634
2663
2702
2763
2826
2886
2945
3062
3121
3160
3204
3240
3279
3297
3304
3332
3357
3362
3394
3461
3529
3534
3539
3544
3585
3602
3618
3652
3686
3723
3770
3838
3879
3909
3938
3952
3977
3990
4003
4061
4097
4117
4152
4194
4267
4311
4356
4387
4362
4408
4447
4484
4508
4506
4514
4510
4500
4492
4488
4546
4638
4622
4304
4338
4051
3952
3958
3996
4036
3691
3674
3387
3363
3176
3204
3237
2957
2986
2548
2570
2568
2602
2626
2257
2247
2249
2274
2255
1769
1819
1567
1628
1423
1405
1450
1069
1087
1102
1112
1144
647
788
583
650
492
611
746
558
946
548
589
612
651
990
564
629
637
695
1077
597
795
603
627
493
579
866
571
831
579
612
526
592
802
573
1010
600
616
675
665
913
593
585
645
653
1006
585
843
560
574
548
578
789
560
953
569
631
646
707
1017
578
583
606
665
835
600
988
593
630
533
594
856
606
880
584
664
510
580
809
589
978
603
646
683
738
1039
601
604
604
614
778
590
849
616
670
515
626
1029
593
597
622
663
955
598
823
584
616
542
599
797
589
837
617
667
526
586
835
586
985
581
592
595
577
950
577
623
677
713
907
626
787
594
628
561
566
972
617
780
587
584
487
584
837
603
988
615
650
674
705
1002
580
588
607
638
892
610
781
591
622
527
607
782
579
953
575
600
547
600
825
601
914
592
601
606
627
940
592
607
612
649
901
567
790
580
618
532
590
809
597
964
584
609
629
554
832
587
637
616
669
955
575
796
574
603
540
583
775
542
998
590
663
695
672
1005
591
671
671
730
879
634
1054
600
628
552
601
846
605
844
585
600
571
599
752
622
1011
591
605
616
619
814
581
587
646
704
1044
597
790
584
587
616
661
976
605
803
605
642
564
611
799
618
1177
593
622
560
583
782
599
850
574
592
556
608
789
579
981
569
585
630
652
982
585
600
631
698
977
580
782
619
643
676
692
996
617
846
586
606
576
613
926
603
643
594
588
938
584
601
600
641
934
600
960
623
661
668
581
785
602
634
506
552
954
621
691
567
607
994
602
605
525
544
979
587
608
558
567
908
619
606
614
623
1040
622
621
649
708
944
591
913
602
655
698
623
919
606
653
682
631
845
615
666
569
588
955
601
612
552
556
747
550
980
565
561
651
568
788
595
598
524
570
920
561
589
649
698
983
589
813
580
615
552
577
767
610
948
613
640
680
695
944
590
600
664
676
823
576
964
580
595
655
565
876
558
588
613
623
949
564
564
542
582
830
566
1007
594
626
665
578
878
590
623
534
583
802
603
1050
565
576
702
581
818
608
658
563
607
884
576
612
687
736
973
618
979
606
684
728
680
972
611
669
571
604
830
601
948
610
665
748
566
820
593
628
544
615
812
615
950
606
637
680
754
1022
612
664
562
616
875
598
986
571
584
654
576
798
637
647
521
584
770
622
1022
585
599
686
620
745
589
620
518
596
926
587
687
641
685
991
633
839
605
630
551
620
792
608
960
572
615
660
688
985
632
667
715
779
1017
618
786
633
682
609
620
842
575
582
609
686
883
573
950
571
587
620
636
991
592
600
621
629
907
567
850
576
573
601
632
958
578
591
560
590
745
593
955
591
607
642
675
955
603
632
679
746
973
593
812
608
641
562
587
894
626
614
660
708
806
597
996
593
655
511
598
850
610
977
598
614
639
662
881
596
671
715
757
1064
624
875
612
605
643
677
814
575
999
611
649
680
623
788
603
668
558
593
778
591
894
572
649
662
675
955
596
631
512
560
965
604
678
648
655
1001
584
884
605
621
615
660
931
580
613
623
650
913
577
750
584
619
530
585
949
551
614
635
673
938
637
816
613
635
538
604
805
636
3924
1372
1346
1341
1138
1500
2189
1616
1537
959
896
819
1485
1246
869
892
884
895
861
876
674
860
786
710
737
726
741
597
773
729
728
737
737
721
853
876
716
805
731
756
750
733
732
789
750
939
1302
658
640
687
726
731
782
867
908
575
617
662
749
777
883
955
957
943
989
1040
1104
1125
1015
1045
1296
1332
1108
1084
1077
869
907
952
1029
1078
1109
1189
1264
1352
1412
1478
1522
1571
1643
1732
1791
1879
1937
1984
2036
2123
2194
2237
2266
2350
2352
2411
2437
2555
2608
2684
2495
2410
2427
2465
2489
2551
2637
2721
2780
2810
