3109
3134
3854
3772
1266
2524
2326
2350
2392
2431
907
1622
1613
1653
883
1280
1310
858
873
857
898
854
905
849
885
848
884
851
879
3014
2613
4766
812
746
772
806
784
787
779
860
928
1309
541
639
634
656
691
694
4470
4433
3966
3752
3073
5688
5569
5543
5482
5435
5399
5355
5279
5245
5199
886
5213
5153
5123
5122
5160
5231
5306
5395
4597
3142
1161
1055
803
578
638
704
650
649
703
733
748
814
836
875
914
917
902
911
952
932
958
1033
1102
1128
1175
1181
648
654
717
768
769
850
906
936
967
1014
1068
1092
1154
1194
1244
1302
1391
1416
1454
1476
1506
1558
1600
1639
1688
1747
1752
1764
1830
1882
1290
1325
1371
1403
1413
1420
1425
1440
1509
1609
1671
1689
1691
1711
1729
1720
1753
1777
1806
1806
1811
1830
1864
1931
1984
2029
2040
2075
2097
2129
2198
2246
2294
2374
2434
2522
2558
2655
2703
2742
2771
2848
2887
2907
2902
2931
2982
2988
3051
3071
2912
2916
2310
2273
2128
2124
2120
1513
1541
1168
1170
1052
1066
1142
640
959
592
605
563
582
1145
589
966
609
618
549
594
1096
577
614
527
562
1060
948
879
642
640
509
588
1217
580
1101
571
593
783
566
936
617
706
500
587
1216
580
595
550
596
949
583
1219
603
614
766
646
1141
592
615
789
567
1049
614
641
547
578
1113
628
637
533
593
949
599
1241
620
669
780
584
1021
612
630
546
594
1056
602
683
511
582
1078
607
657
535
604
1214
618
1040
584
635
723
547
1197
625
661
557
608
946
606
1181
599
617
844
587
906
634
701
547
579
952
588
1168
586
581
781
607
955
614
623
545
610
1067
602
662
551
613
922
625
1173
601
600
807
580
979
610
650
510
579
1116
572
629
551
582
1136
580
934
611
670
544
583
1095
597
595
586
582
1136
591
941
593
620
530
597
936
587
1211
687
711
704
646
1148
586
634
545
577
1152
651
1111
582
592
628
581
1244
591
628
560
612
1156
597
944
607
630
558
598
980
628
1139
594
604
675
614
1132
606
648
536
583
959
595
1156
589
659
908
617
973
601
608
514
620
976
584
1125
586
637
917
600
945
577
584
538
604
1107
581
625
516
599
1031
601
1110
578
647
646
552
1175
585
627
603
601
1158
584
1039
578
583
702
568
1161
587
623
560
602
1141
571
1085
579
623
743
585
1227
585
609
550
598
1166
586
1028
589
596
669
555
1152
608
648
514
580
1172
597
941
607
644
533
622
912
615
1167
627
666
703
579
1159
634
661
549
564
953
589
1153
578
633
676
664
1211
612
643
564
575
941
616
1142
594
624
660
585
1175
593
623
539
639
1024
565
1087
582
591
677
586
1171
590
666
549
579
1147
628
964
620
632
536
624
1027
589
1121
612
636
663
629
1158
616
643
569
612
1189
606
950
598
636
561
597
1095
588
632
549
593
1174
579
1081
583
600
741
630
1168
605
615
491
566
977
610
1131
610
674
913
584
915
609
633
587
609
1088
627
650
559
575
1169
606
986
596
626
588
600
1094
568
590
531
586
1165
635
963
615
627
567
610
937
623
1091
627
666
732
604
1138
581
613
564
623
928
615
1128
607
606
797
565
857
562
621
537
589
1084
600
626
574
552
1157
574
1077
617
639
826
567
968
568
576
549
571
915
601
1121
621
649
838
599
1119
615
655
716
607
1174
615
666
569
597
1128
592
1161
582
619
705
561
1128
571
571
536
567
1161
568
587
544
562
1094
578
604
510
584
1189
579
946
611
658
520
558
1151
585
648
515
596
953
590
1152
579
640
770
608
1114
590
629
527
579
962
587
1124
620
661
752
613
1134
607
668
579
615
1149
588
1155
609
673
744
607
1173
614
700
593
635
1149
608
950
622
662
546
578
1072
578
611
589
626
1140
594
900
615
629
554
574
953
619
1188
609
610
792
569
955
620
634
553
584
1077
567
624
575
611
1101
603
997
604
637
498
593
1122
600
639
600
663
1128
600
990
607
628
532
578
1113
607
609
543
587
916
600
1099
601
610
839
561
951
630
647
533
605
1091
606
592
542
3320
3580
3389
3327
3321
6686
2546
11742
1387
1284
3670
1005
985
885
735
751
744
770
2697
662
2639
741
1286
1634
9117
4822
1662
2577
4959
4803
4647
5082
2374
734
767
796
648
729
652
666
704
750
799
845
897
981
1035
1106
1122
1136
10526
4099
4026
4021
4050
4049
4095
4150
782
584
603
634
644
688
702
709
751
832
863
889
918
994
1054
1071
1121
1149
1185
1211
1290
1338
1393
1393
1419
1459
1501
1521
1592
1655
1680
1695
1716
1704
1737
1795
1806
1840
1835
1621
1653
669
681
532
572
1473
550
1636
582
597
564
581
1492
561
1758
591
627
1478
577
1557
600
1715
576
610
1541
544
1708
640
632
541
567
1760
606
1494
588
631
587
635
1138
596
1100
608
629
556
598
969
623
1192
618
660
687
591
1184
615
650
546
607
1177
621
930
576
623
926
928
701
597
1061
582
598
675
569
1241
595
604
552
580
1007
590
1122
601
626
514
579
948
582
1153
604
