7718
7806
7877
7890
7918
7936
7929
7945
8053
8174
8183
8181
6521
6281
6230
13128
5319
2425
961
2266
1243
621
628
701
726
689
651
631
614
608
651
672
726
629
654
697
702
716
778
795
803
840
850
874
912
933
954
970
914
974
1030
1063
1146
1184
1034
3596
3172
3203
3206
3248
2336
2332
2360
2359
2333
2343
2352
2369
2409
2460
2507
2575
2619
2652
2671
2702
2753
2784
2817
2842
2884
2785
2822
2845
2889
2934
3006
3044
3078
3105
3154
3236
3291
3349
3402
3454
3497
3588
3652
3723
3766
3826
3892
3947
4016
4070
4088
4140
4190
4259
4313
4397
4463
4514
4565
4605
4670
4726
4749
4820
4877
4916
4989
4990
5032
5068
5143
5220
5334
5419
5489
5533
5574
5638
5657
5679
5674
5701
5717
5699
5707
5735
5787
5818
5863
5923
5976
5990
6045
6077
6125
6215
6260
6299
6338
6317
6343
6342
6394
6465
6519
6574
6623
6636
6674
6729
6748
6783
6815
6859
6897
6924
6961
7029
7047
7086
7141
7164
7228
7272
7344
7432
7508
7532
7591
7318
7366
7389
7085
7106
6610
6597
6582
6417
6449
6097
6113
5864
5874
5935
5629
5659
5149
5220
5246
5153
5165
4676
4738
4484
4485
4484
4110
4139
3630
3638
3632
3511
3494
3232
3248
3035
3057
3069
2812
2833
2318
2292
2330
2298
2333
1861
1891
1809
1839
1859
1505
1554
1103
1132
1110
1120
1475
614
813
589
576
611
659
1066
595
790
610
655
637
671
1045
619
858
606
680
558
604
1018
624
879
604
624
557
604
1041
615
904
588
622
531
559
798
583
1113
584
604
644
576
878
615
1004
622
660
711
689
1001
624
876
618
626
581
654
846
602
904
601
656
573
612
872
612
1002
618
703
760
729
931
579
1150
614
650
679
740
968
610
1104
601
638
651
596
857
608
1083
607
618
654
663
1014
626
681
618
636
920
608
1033
624
640
678
707
929
627
1055
646
652
682
685
855
623
1047
586
613
638
653
895
600
1010
607
681
633
697
1045
593
870
592
641
604
647
1010
596
797
604
627
612
650
910
642
1027
630
700
652
691
1041
613
854
593
643
575
626
1042
615
875
600
638
599
635
1159
632
873
597
654
623
674
1039
607
820
639
679
659
729
1125
566
850
608
632
639
686
917
632
988
595
663
702
745
941
600
934
614
870
613
640
673
705
1026
607
665
602
678
896
610
1107
630
677
661
725
1122
614
918
629
667
527
589
886
612
912
617
681
512
595
884
584
1003
594
633
591
614
847
592
1033
576
596
626
644
855
593
1057
614
653
733
565
808
633
655
639
708
907
625
997
568
652
644
663
1073
571
823
593
684
533
587
835
567
868
599
630
531
600
834
583
1120
592
630
693
711
946
618
1125
610
628
679
707
903
587
1071
606
611
612
629
1070
595
611
646
685
1022
579
839
596
627
560
577
1064
645
871
596
619
603
601
1047
609
960
572
603
629
657
923
580
1037
639
664
696
723
1092
601
628
542
540
1022
602
663
544
613
1024
604
614
518
571
949
605
1035
597
596
686
605
845
603
648
562
580
961
582
654
642
681
1015
611
942
606
626
657
681
1029
591
616
628
672
1049
622
795
597
664
565
609
967
616
658
512
577
864
593
1035
571
659
728
596
806
620
656
524
610
895
585
971
605
640
722
677
1096
622
658
544
629
831
631
1028
605
638
676
707
1088
592
635
629
737
1160
612
838
592
616
544
608
828
602
899
615
659
606
627
849
623
1041
600
661
814
562
800
581
600
599
634
862
598
848
629
672
579
579
1029
582
591
604
657
1056
587
959
600
596
595
647
906
606
1051
644
713
757
683
1012
596
602
557
599
858
607
1035
610
622
701
714
1063
607
628
547
622
881
606
1024
601
614
640
671
1020
568
617
554
550
875
561
970
545
607
674
656
1111
593
614
520
559
869
570
1035
592
630
770
579
901
557
583
520
547
1014
592
651
619
670
1058
597
903
606
630
558
636
963
608
667
614
653
1037
552
961
611
626
556
582
1004
590
598
618
645
1065
599
982
588
639
661
652
1047
602
649
560
601
1071
616
881
632
667
527
634
996
616
686
603
661
928
590
1025
656
650
550
575
815
613
898
592
658
563
583
965
595
658
688
752
1132
607
920
612
668
520
601
869
610
1142
594
616
678
700
1013
638
650
546
614
846
600
1065
581
620
1075
1098
1103
685
614
902
946
1262
969
1331
1712
1011
879
909
812
866
911
927
872
912
888
913
1308
960
924
937
651
922
776
763
724
753
758
801
738
859
898
622
681
648
672
677
667
666
1293
645
666
692
723
764
802
830
911
947
969
1009
1065
1091
1159
1228
1216
1428
1436
1439
1393
1411
1441
1402
1420
1451
1444
1429
1442
1497
1543
1608
1645
1698
1736
1740
1729
1777
1823
1872
1925
1949
1978
2016
2041
2071
2181
2211
2247
2286
2303
2252
2313
2351
2405
2451
2485
2522
2598
2643
2715
2768
2789
2833
2854
2887
2939
2693
2764
2468
2489
2197
2271
2278
2006
2017
1401
1469
1513
1316
1413
1098
1060
842
898
940
622
1071
574
586
702
566
833
591
668
520
603
1010
