2511
2982
1079
1109
1098
1257
1253
5633
5488
1560
1550
1557
1556
8722
6734
1084
990
1033
1088
1088
1086
1137
576
642
709
785
828
914
953
997
1047
1112
1164
1869
1915
1918
1837
1693
1728
1785
1863
1842
1821
1837
1855
1885
1974
2027
2101
2104
2141
2194
2234
1676
1712
1772
2166
2177
2217
1996
1710
1726
1664
1686
1731
1679
1574
1566
1590
1564
1565
1551
1601
1675
1746
1776
1838
1899
1915
1982
2006
2025
2062
2090
2127
2148
2200
2230
2281
2303
2341
2431
2507
2552
2641
2718
2822
2880
2954
2915
2965
2999
3026
3032
3036
3083
3125
3146
3225
3278
3347
3410
3422
3472
3489
3411
3449
3471
3483
3500
3503
3499
3521
3532
3589
3663
3721
3772
3845
3896
3927
3782
3768
3785
3820
3874
3939
3985
4031
4101
4098
4116
4162
4219
4265
4322
4375
4418
4458
4533
4530
4574
4616
4541
4586
4631
4308
4353
3850
3879
3920
3713
3679
3358
3390
3262
3298
3306
2878
2939
2891
2903
2944
2528
2544
2214
2150
1989
2023
2050
1835
1871
1331
1336
1361
1366
1431
1036
1083
904
922
1279
949
1051
638
648
668
574
947
566
618
643
649
982
573
610
538
598
1025
580
614
658
705
1057
619
833
596
645
548
615
926
602
671
578
628
1025
613
986
609
627
652
665
1051
618
651
677
737
976
608
879
633
684
518
599
961
609
649
629
666
1000
617
1019
595
621
635
630
957
585
612
517
574
968
575
584
617
652
1003
558
925
570
574
599
601
949
593
629
638
669
1006
556
930
565
597
608
680
994
569
599
500
575
1072
559
588
587
579
893
603
959
583
574
567
553
1015
586
610
523
528
934
613
698
599
663
989
578
992
607
664
663
669
1046
619
645
582
587
819
587
966
574
625
770
601
824
601
644
488
569
922
593
958
600
628
699
573
815
604
628
519
588
934
594
662
570
646
1082
589
949
620
632
664
690
991
602
659
672
731
1044
619
956
601
606
659
685
1001
626
635
616
671
945
619
823
589
626
517
587
982
605
660
603
592
946
579
827
590
610
509
574
962
582
612
556
597
993
592
951
587
660
680
663
993
589
642
529
580
856
554
1003
608
604
683
630
911
541
566
580
628
945
535
581
518
561
809
578
1013
570
576
670
627
842
570
577
541
608
940
619
691
595
638
1035
591
831
648
662
544
584
922
573
647
586
614
994
607
831
586
639
562
609
801
566
999
574
653
681
617
818
586
648
573
593
764
571
1008
622
647
648
664
1009
590
594
621
677
916
582
920
635
700
738
705
958
590
643
675
765
1035
594
829
596
643
561
594
917
592
655
589
649
1086
610
796
554
610
610
588
764
570
1013
581
606
670
571
832
600
617
524
588
840
607
1040
646
699
740
799
982
614
646
553
606
1203
913
1000
590
624
782
610
872
607
572
567
593
785
555
1044
564
585
665
601
861
606
668
564
597
960
645
673
527
559
783
533
1114
568
577
723
606
909
587
645
647
672
1022
594
613
595
623
849
620
1023
589
614
721
607
939
596
609
645
699
997
591
628
570
605
831
591
1009
598
624
705
601
865
604
615
560
579
934
611
632
649
667
997
585
933
627
654
676
553
961
572
624
666
602
1008
597
601
565
636
825
571
969
604
605
633
671
1046
622
671
556
613
828
608
1047
601
626
699
605
818
610
622
546
608
977
606
637
680
674
1001
636
805
605
659
513
593
829
625
1040
616
631
708
613
849
612
644
546
618
943
627
633
641
685
863
577
998
591
607
649
671
1025
583
853
610
645
562
606
812
613
1085
583
608
621
616
783
615
1020
578
646
604
626
964
579
639
613
625
968
588
929
589
614
577
597
847
585
1028
605
640
664
690
1004
577
594
617
642
951
584
832
565
574
552
605
937
590
646
668
692
973
557
789
578
596
549
576
958
583
639
617
631
921
599
788
606
646
523
600
823
609
1047
599
638
752
595
830
569
621
543
595
804
628
877
564
688
556
582
827
593
1036
616
628
649
711
972
602
649
647
690
870
585
966
607
715
685
753
962
609
987
629
625
621
643
949
585
855
607
645
517
597
827
603
1096
582
647
701
698
1055
623
638
674
718
878
606
1016
624
640
606
627
976
566
816
573
616
604
608
792
604
868
599
647
536
619
897
604
1023
597
657
712
747
1135
601
618
645
701
2344
1889
1675
1615
2016
1349
1633
1415
10170
1004
6026
722
1348
725
630
620
641
619
623
609
713
773
846
885
942
992
1048
941
979
994
1021
1075
1104
1121
1091
1097
1088
1135
1160
1174
1168
1217
1233
1295
1351
1401
1421
1471
1496
1645
1707
1777
1779
1851
1879
1992
2066
2107
2144
2195
2215
2217
2247
2297
2292
2318
2327
2354
2482
2585
2596
2712
2740
2743
1984
2005
2030
2081
2142
2169
2193
2276
2335
2395
2458
2498
2626
2670
2704
2758
2838
2814
2855
2921
2978
3075
3175
3223
3338
3358
3418
3489
3529
3588
3656
3722
3821
3915
4002
4040
4079
4059
4049
4032
4045
4055
4130
4158
4209
4295
4316
4348
4388
4405
4478
