4921
5422
5480
5530
5547
5584
5312
3443
3546
2761
2698
2659
5641
1626
542
511
819
667
4349
3711
3580
3610
3632
3625
2822
1712
1664
1666
1612
1615
1645
1647
1650
1650
1653
1689
1706
1739
1779
1786
1805
1877
1961
1022
856
787
804
1026
1009
889
928
976
1036
1080
1121
1171
1252
1345
1454
1502
1531
1635
1706
1784
993
1046
777
875
691
549
583
755
629
655
608
646
681
718
567
639
716
759
873
879
920
1000
1036
1078
1164
1251
1327
1408
1458
1490
1526
1582
1653
1749
1797
1896
1922
1948
1971
1990
2034
2035
2079
2187
2187
2175
2194
2215
2245
2303
2339
2422
2495
2504
2573
2650
2666
2699
2722
2722
2692
2673
2682
2660
2648
2662
2681
2728
2764
2822
2868
2924
2968
3022
3086
3134
3181
3236
3231
3237
3234
3265
3306
3362
3420
3490
3515
3597
3743
3806
3850
3909
3965
4008
4097
4151
4196
4264
4307
4327
4338
4369
4402
4466
4506
4565
4633
4697
4705
4720
4752
4798
4802
4828
4887
4947
4952
4987
5023
5049
5098
5150
5187
5220
5226
5235
5272
5332
5399
5477
5482
5517
5529
5571
5605
5649
5689
5748
5761
5799
5819
5824
5831
5853
5878
5911
5955
5967
5999
6028
6074
6106
6134
6188
6246
6285
6271
6280
6287
6333
6400
6430
6451
6437
6463
6475
6469
6480
6009
6058
5974
5998
6029
5586
5620
5387
5401
5170
5225
5210
4794
4866
4831
4811
4832
4347
4399
3975
3972
4020
3961
3945
3499
3458
3294
3310
3314
3048
3074
2602
2602
2613
2464
2462
2196
2188
1949
1996
2061
1646
1645
1635
1718
1767
1297
1296
1074
1081
952
1016
1080
594
594
589
611
964
655
828
600
619
500
596
842
605
1011
622
694
739
667
1164
849
615
610
669
705
604
1014
566
613
702
543
894
588
629
496
594
1028
616
639
670
673
951
558
895
569
597
652
536
898
611
628
570
602
819
552
998
592
677
689
586
950
587
571
582
647
984
585
603
664
737
1091
609
997
576
632
672
624
1096
574
611
502
541
1045
591
665
535
568
949
945
598
631
677
729
603
846
639
674
551
589
948
608
622
602
592
802
597
1000
593
661
701
670
1122
571
638
555
613
801
560
1006
602
664
742
693
1025
600
601
669
706
1014
618
979
599
659
677
732
1054
657
707
744
826
1110
611
823
609
628
535
586
972
573
626
630
670
1019
623
866
603
632
547
609
862
636
1030
623
645
700
590
801
619
688
533
604
1001
584
650
628
685
1401
897
951
717
715
517
575
959
569
686
624
691
974
580
830
600
630
496
569
1015
586
607
563
589
776
595
973
573
639
644
552
860
610
636
567
589
906
576
614
495
576
910
595
940
566
557
568
614
932
585
614
552
581
808
602
1001
620
651
685
593
842
614
639
542
596
845
658
994
597
627
680
569
844
606
639
559
618
808
614
1019
593
604
617
632
849
643
999
625
647
681
693
880
665
1007
606
613
639
637
980
586
620
675
685
947
572
826
587
622
558
601
812
633
914
603
622
635
655
958
635
847
618
637
551
642
849
607
993
624
679
703
701
1025
610
623
635
675
1061
629
821
606
632
533
593
823
588
905
595
613
539
596
819
599
1023
604
644
728
764
918
631
984
602
649
696
619
993
609
624
669
690
1045
578
780
578
586
591
676
1022
574
858
585
650
541
588
817
572
1002
595
671
711
699
1074
578
654
588
667
1012
581
843
579
616
576
590
797
600
936
544
595
636
644
1019
559
565
588
631
805
567
988
580
599
505
549
815
579
997
578
614
660
612
1001
582
629
642
717
1016
577
793
571
603
567
652
1014
577
882
603
613
572
569
784
561
967
580
613
628
663
830
555
1019
586
615
669
563
917
575
601
656
716
1007
603
826
578
633
594
649
1029
565
765
569
655
536
588
806
590
987
578
616
619
645
996
579
627
550
582
969
577
820
585
655
564
628
1004
591
950
575
588
612
608
883
579
1392
610
641
659
590
859
648
1086
588
592
636
680
1003
589
595
593
631
996
610
797
565
621
569
609
785
575
950
623
681
726
695
1045
637
692
704
719
975
610
866
598
641
516
615
975
663
910
623
639
546
625
835
616
990
592
625
624
656
922
585
620
641
662
885
594
981
597
616
624
626
987
621
797
589
594
537
591
866
585
1089
590
593
600
641
956
595
622
629
645
800
572
948
622
661
623
641
1094
590
918
598
624
655
565
931
613
642
642
663
1039
602
643
567
571
771
609
1005
613
647
705
617
940
587
4447
1416
1205
1249
1082
987
2536
2091
1891
9779
14149
654
637
628
615
824
9008
706
669
618
569
1492
738
1063
1375
1316
1269
657
728
623
635
631
686
663
768
584
564
613
666
726
683
675
693
693
704
696
709
779
839
915
993
1038
1090
1152
1231
1308
1361
1236
1267
1282
1310
1355
1401
1409
1451
1457
1487
1501
1523
1574
1616
1682
1732
1772
1872
1960
2050
2148
2204
2256
2226
2247
2288
2342
2390
2463
2524
2567
2552
2604
2651
2696
2738
2796
2887
2936
2916
2961
2963
3015
3042
3096
3181
3233
3288
3325
3394
3432
3471
3539
3601
