6716
6778
6867
7022
7209
7229
7366
7769
7813
7837
7451
5943
5894
4582
2310
1497
544
547
1177
1487
1250
3913
677
702
754
781
789
810
851
885
890
895
639
664
689
723
767
811
810
840
916
1011
1069
1130
1170
1228
1296
1295
1293
1320
582
636
702
723
751
782
800
861
948
1015
1066
1171
980
1015
589
613
558
574
567
610
640
653
727
759
776
847
913
934
1252
632
634
685
769
769
887
977
1074
1101
992
959
946
1008
1048
1066
1132
1162
1206
1220
1259
1361
1430
1471
1554
1588
1645
1701
1759
1847
1908
1969
2004
2032
2081
2095
2133
2155
2251
2323
2397
2478
2569
2616
2661
2674
2722
2752
2809
2885
2905
2952
3004
3036
3083
3173
3141
3173
3227
3267
3317
3380
3458
3536
3610
3652
3699
3776
3807
3857
3900
3913
3951
3961
4011
4043
4142
4225
4304
4391
4451
4515
4580
4553
4626
4712
4753
4811
4864
4934
4976
4998
5024
5128
5175
5214
5277
5324
5379
5409
5426
5459
5473
5510
5527
5554
5569
5600
5656
5686
5718
5749
5736
5786
5818
5844
5886
5901
5933
5959
5978
6006
6030
6069
6126
6189
6214
6265
6285
6329
6344
6339
6361
6403
6447
6421
6462
6408
6493
6486
6153
6183
5732
5754
5781
5797
5833
5402
5403
5024
5070
5100
5032
5035
4756
4800
4391
4361
4397
4245
4256
3973
3989
3805
3834
3816
3556
3531
3160
3158
3174
3168
3164
2765
2746
2603
2583
2566
2314
2330
1898
1881
1885
1907
1968
1575
1586
1413
1454
1505
1141
1164
721
770
783
670
832
557
626
520
573
823
577
1028
573
591
588
616
972
598
638
712
723
1027
592
815
629
663
501
574
860
612
1048
612
680
726
712
1110
605
611
562
564
796
625
965
610
625
667
665
986
645
672
699
740
969
599
860
613
656
568
617
838
643
949
606
653
519
554
1037
600
616
610
617
943
616
822
599
639
557
587
999
617
630
650
676
859
621
988
635
664
551
560
799
573
1027
597
600
600
562
831
593
629
530
546
806
590
828
653
699
687
742
1037
640
825
611
621
652
693
940
566
840
598
613
629
649
938
631
868
588
595
607
644
939
593
845
557
573
606
666
1002
617
809
618
644
571
602
766
587
996
611
681
741
757
893
559
854
719
646
598
640
869
597
984
580
626
726
769
905
594
841
650
768
534
583
826
589
1007
572
742
573
642
740
587
1291
618
633
652
686
855
584
620
627
826
858
613
929
621
1015
620
671
710
725
834
595
997
634
686
748
708
1104
611
686
696
751
861
569
1068
611
673
557
670
683
699
763
839
893
920
971
1027
1065
1515
1278
1031
1078
1097
1142
1146
1179
1073
1096
887
900
925
719
852
635
677
529
586
836
637
875
627
665
557
618
838
598
882
645
685
529
573
819
626
840
569
619
548
625
874
595
965
623
646
574
635
812
619
1010
587
656
701
741
1022
617
698
598
673
880
606
1022
597
655
714
757
967
537
882
595
613
520
578
860
606
971
606
655
718
697
1046
583
674
628
714
904
606
1026
582
646
700
753
923
614
1002
602
603
660
675
902
595
824
617
675
687
725
959
621
987
632
693
761
802
1027
602
807
609
632
536
607
815
622
878
628
700
681
743
1043
607
814
642
725
724
751
857
630
1049
598
658
514
574
831
578
906
637
679
560
617
1136
577
846
667
672
569
593
769
612
858
613
677
555
622
845
598
851
635
680
698
720
974
611
851
593
618
660
707
981
620
766
586
614
631
706
849
619
1003
602
647
684
702
1007
601
775
580
628
569
590
768
613
842
618
716
636
651
962
628
890
652
658
690
714
941
606
651
601
651
819
626
1020
640
680
721
761
965
618
680
522
611
846
612
964
598
625
690
699
999
586
629
566
614
926
588
662
624
689
1032
637
947
602
679
747
712
1052
572
606
516
557
931
545
617
646
683
964
553
961
549
604
644
656
937
574
590
553
609
819
589
998
602
694
741
726
1058
599
661
671
734
1007
583
818
595
629
541
589
799
566
1022
585
664
655
590
971
609
621
673
716
968
603
798
566
643
531
599
796
624
1071
632
721
744
766
988
657
734
729
786
1051
597
784
589
653
562
604
791
570
859
600
649
555
572
872
565
599
639
685
851
561
1042
634
684
528
591
811
564
955
553
574
638
705
1015
599
636
638
704
1087
578
935
584
600
628
647
907
570
609
662
701
1032
590
819
593
611
545
629
859
586
937
611
637
691
755
959
572
606
504
2402
1869
1413
1369
722
1273
1766
1307
1309
822
875
1008
992
994
1058
1123
1154
1225
1280
1281
1335
1381
1422
1485
1520
1561
1611
1640
1667
1714
1752
1746
1802
1725
1627
1549
1451
2083
2048
1986
1950
1658
1012
978
1027
1080
1099
1077
1087
1128
1186
1283
1365
1441
1486
1487
1562
1581
1600
1611
1626
1665
1733
1814
1892
1991
2068
2124
2129
2175
2246
1773
1723
2019
653
691
759
717
744
787
787
641
684
530
593
831
589
852
602
642
543
614
952
597
655
700
748
1053
583
978
608
612
653
662
994
569
618
612
552
884
