4267
4318
4388
4421
4414
2486
3053
3895
589
577
1108
1097
1061
2082
2037
836
648
608
612
606
1006
675
691
705
665
664
712
767
902
934
1082
622
640
696
724
750
732
742
732
752
785
824
850
1005
987
1045
1112
1113
1127
1147
1197
1210
1258
1261
1356
1433
1480
1249
1310
753
2881
857
776
608
641
617
692
694
723
647
695
713
779
782
850
861
934
982
1028
1087
1129
1200
840
853
897
906
966
1014
1033
1052
1090
1098
1119
1152
1191
1183
1190
1217
139352
666
819
611
623
628
632
948
607
644
541
594
814
598
1060
579
573
737
588
1028
600
616
635
681
980
606
650
535
580
865
603
1042
621
641
679
548
835
647
700
544
603
820
610
1002
609
636
712
628
851
609
629
570
615
835
623
992
606
663
698
574
805
590
619
546
606
835
604
989
613
621
657
693
969
620
637
670
665
925
613
854
583
631
547
603
763
595
1021
572
570
622
580
806
557
552
540
568
1039
575
577
579
579
875
592
976
582
600
594
607
933
608
623
650
673
991
571
979
607
628
651
557
784
615
659
561
590
938
617
616
613
625
930
585
798
604
633
546
594
787
600
1040
580
626
636
695
1007
614
588
539
579
817
586
975
593
628
724
605
838
637
683
491
602
1025
576
648
636
661
1018
609
843
607
635
525
624
1014
613
614
631
651
1032
596
905
604
606
605
594
974
563
589
568
592
815
617
1112
619
657
703
631
862
622
637
622
659
959
577
1010
584
610
663
681
1047
615
653
545
579
961
614
676
659
714
1004
578
960
559
630
678
609
1027
610
635
526
570
997
616
627
662
688
1016
608
952
608
633
683
727
1062
613
657
521
612
1069
615
848
622
641
547
615
885
581
1285
645
689
770
589
1136
907
919
762
852
913
632
1029
619
670
705
786
1109
621
683
673
713
1053
624
1023
622
674
719
679
1098
619
639
566
595
782
629
1088
602
649
777
617
810
617
651
556
575
918
541
576
576
611
1013
544
811
622
662
558
596
918
608
585
534
573
858
581
983
611
631
698
573
960
609
621
655
684
975
592
612
617
668
1001
608
905
618
630
632
657
915
587
605
541
566
808
605
971
554
563
564
571
966
594
628
530
566
952
582
594
615
639
953
570
974
571
605
622
620
958
581
615
553
604
826
576
979
542
589
761
553
815
593
593
564
603
982
578
620
571
592
790
584
1057
574
643
709
588
899
606
648
564
606
926
586
574
609
637
918
581
964
607
610
663
544
808
585
648
534
599
894
598
663
622
667
1050
597
886
598
633
656
639
1021
582
597
573
620
858
594
980
609
608
630
693
1006
613
632
562
580
839
578
994
609
629
691
691
1015
608
613
570
581
819
607
1010
580
560
593
544
843
607
617
528
584
962
571
599
562
640
887
589
932
609
633
668
684
984
608
648
521
579
924
598
1003
594
668
755
588
750
590
640
502
597
905
602
984
607
609
668
551
896
599
615
548
634
976
567
600
608
662
1387
619
759
593
671
696
718
1147
584
633
674
711
1055
610
775
590
651
568
5488
5576
2019
1420
1655
2053
2145
2511
2127
1761
977
981
1001
1070
1104
1145
1174
1210
1253
1277
1343
1380
1422
1440
1498
1535
1533
1598
1616
1649
1690
1716
1734
1770
1700
1603
1539
1434
1357
1286
1208
1131
1063
995
903
824
775
716
649
585
524
930
1359
1335
6893
1079
766
746
747
704
735
771
747
752
755
769
764
745
849
1229
1498
1505
1858
765
1308
2209
2567
2596
2681
3408
4577
3217
4091
4704
5330
5885
6809
7354
7643
7623
7567
7507
7448
7214
7233
7261
7227
7235
7182
7102
7065
7224
592
585
613
632
642
680
665
711
755
833
802
790
835
882
860
858
862
893
930
964
1008
1039
1101
1386
1444
1359
1386
1409
1418
1420
1447
1481
1513
1562
1603
1668
1683
1713
1780
1846
1936
2030
2130
2206
2268
2331
2368
2400
2441
2505
2594
2655
2704
2777
2871
2965
3001
3049
3085
3155
3153
3157
3186
3197
3203
3225
3234
3262
3314
3370
3408
3468
3503
3520
3561
3606
3647
3668
3701
3721
3713
3723
3743
3766
3785
3820
3811
3821
3856
3883
3936
4030
4053
4107
4127
4168
4140
4149
4189
4221
4230
4246
4257
4283
4294
4335
4389
4459
4463
4477
4507
4522
4565
4595
4701
4770
4797
4830
4873
4895
4970
5005
5056
5119
5144
5134
5154
5137
5179
5212
5164
5176
5185
5219
5224
5222
5212
5071
5111
4609
4649
4623
4637
4655
4118
4084
4108
4153
4156
3876
3861
3431
3449
3315
3352
3362
3081
3107
2726
2736
2550
2562
2593
2321
2356
1895
1902
1879
1909
1931
1448
1449
1440
1448
1526
1067
1098
847
845
848
847
1005
603
792
583
637
568
607
782
591
1211
590
644
512
611
879
610
823
609
663
510
606
811
606
990
592
646
717
661
1060
571
580
589
628
898
593
827
614
610
650
677
971
593
946
604
614
589
622
969
606
638
570
572
999
566
586
594
589
964
644
997
597
620
627
570
827
574
587
531
586
992
626
681
549
564
982
602
606
543
