2765
3215
3053
15028
1164
3096
716
643
627
625
624
649
635
701
633
637
697
724
761
748
780
794
850
923
1096
1148
1119
1173
1201
1366
1414
1236
1256
1284
1328
1404
1444
1517
1640
1683
1735
1756
1741
1140
1212
1220
1286
1274
1282
1322
1397
1407
1479
1163
1240
1317
749
720
781
784
793
834
787
807
842
860
907
984
1038
1118
1161
1208
1241
1307
1373
1455
1482
1519
1596
1634
1689
1713
1779
1850
1907
1941
1970
2008
2034
2058
2086
2159
2250
2309
2323
2334
2360
2415
2451
2553
2656
2761
2803
2853
2904
2959
2998
3022
3041
3093
3137
3170
3237
3279
3334
3387
3413
3463
3507
3498
3501
3542
3590
3618
3655
3688
3780
3816
3868
3927
3980
4029
4060
4121
4158
4178
4188
4234
4260
4275
4286
4333
4356
4404
3928
3966
3970
3678
3689
3305
3368
3028
3035
3062
2524
2502
2359
2360
2378
1837
1920
1319
1328
1329
1178
1194
673
703
535
559
1035
554
726
582
597
1072
566
899
595
638
536
585
1036
594
629
576
580
1107
600
1042
605
608
668
581
1083
614
642
561
609
863
569
1108
594
582
764
573
888
561
593
549
623
1024
612
679
566
585
1140
601
1030
615
645
615
609
1119
581
598
593
632
928
633
1071
596
626
641
543
1154
590
625
542
606
1060
588
617
541
566
1127
621
1153
614
661
682
565
1045
593
643
529
582
886
575
1163
608
603
662
656
1170
619
636
519
602
930
607
1100
624
638
688
628
1131
597
658
545
621
1084
587
622
538
585
1137
578
880
586
609
529
625
1091
610
654
542
576
1137
603
1187
602
656
816
605
970
584
627
515
588
1139
607
615
522
585
913
620
1156
606
613
644
563
1155
594
647
538
599
893
592
1178
605
636
846
589
1167
588
593
775
621
911
584
616
562
595
907
617
1127
591
606
767
633
1038
632
646
647
570
1054
614
711
595
611
1126
605
1028
633
636
679
650
928
584
1093
598
645
677
667
990
639
686
561
566
1110
594
933
581
620
572
633
842
613
1167
589
590
599
554
1224
606
621
629
673
964
595
1128
629
649
636
656
1110
585
877
586
625
547
610
933
600
1068
603
601
639
572
955
601
1043
589
595
670
613
1100
628
643
562
583
908
581
1092
575
614
647
571
1132
614
631
621
634
929
585
1115
542
637
603
685
1116
608
889
610
622
501
573
1049
602
685
557
612
1116
607
887
591
604
538
616
1110
593
1005
580
606
559
579
1079
629
920
587
608
564
615
926
577
1069
600
574
634
602
963
587
1063
614
637
681
685
1107
623
672
538
613
980
610
1131
588
624
553
570
1097
604
886
589
620
514
555
899
582
1020
646
649
569
619
871
577
1092
588
605
613
610
1141
589
624
581
637
1207
586
893
605
627
565
583
849
629
1136
601
696
765
668
1024
606
1148
618
623
799
581
874
609
639
529
596
922
589
933
626
650
518
573
961
582
1121
643
658
679
682
1113
596
636
529
631
967
626
1226
588
619
557
582
868
604
1119
609
655
660
581
1055
574
624
543
620
1095
626
1054
576
604
579
577
1056
601
912
596
628
556
587
866
588
1003
586
612
581
603
848
607
1141
612
658
685
675
1120
590
621
580
586
1140
583
864
600
640
511
592
1250
595
907
602
614
548
571
918
563
1204
589
654
650
566
1388
629
682
575
640
955
624
1102
629
675
603
603
1098
607
885
586
627
543
590
1112
633
909
572
594
591
600
1134
587
937
609
630
567
607
1067
587
592
605
618
963
564
1045
600
638
547
577
1094
614
1115
567
586
794
569
861
597
658
541
617
1109
600
618
557
593
893
579
1109
601
620
765
648
1026
608
631
785
607
1001
595
627
540
562
1022
620
658
563
605
882
621
1124
617
640
728
594
953
639
735
570
579
1030
594
655
539
581
1001
572
612
527
586
1159
604
1021
583
658
714
575
1080
617
663
565
588
878
585
1118
596
666
868
579
914
597
654
560
576
892
587
1087
580
583
768
569
940
558
590
540
596
1042
578
612
512
616
913
605
1079
589
617
853
556
925
587
565
545
591
1047
570
589
525
556
1141
577
892
606
639
964
899
1308
953
1152
1347
908
998
1376
987
850
903
874
892
845
879
877
921
844
894
879
892
859
897
897
933
918
927
726
902
734
743
1547
1028
788
643
695
768
833
879
1308
918
948
1052
1147
1218
1275
1278
1304
1298
1291
1350
1458
1497
2431
2450
2472
2538
2497
2609
2680
2817
2840
2965
2997
2977
3020
3080
3170
2974
1859
1493
1124
868
622
720
1093
1248
1243
1316
1347
1374
1420
1493
1563
1650
1697
1761
1777
1822
1879
1940
1992
2091
2136
2210
2290
2289
2366
2321
2373
2484
2577
2632
2667
2685
2728
2781
2824
2897
2990
3053
3091
3072
3102
3215
3116
3177
2581
2636
2498
2525
2554
2021
2072
1537
1559
1587
1465
1531
947
1037
879
903
1089
583
951
586
606
519
657
913
637
1156
629
665
712
642
1222
610
651
525
582
908
593
1175
613
658
668
601
1152
610
681
517
604
923
613
1139
610
663
710
677
1153
609
649
519
621
