4499
4809
4816
4727
4672
3382
3442
3660
3860
3809
3868
3908
3870
4120
10619
10571
10491
10272
10096
9946
9844
9735
9598
19138
19038
18978
18895
18845
18802
19845
20774
20888
20934
20842
20756
20664
20621
20600
20552
20510
20413
20429
20432
20459
20422
20394
20403
20504
20460
20443
20411
20432
20528
20502
20307
20182
20396
20402
20238
20645
19135
18635
18175
17902
17830
17699
17428
17196
17009
16671
16266
16055
15325
14967
14809
14768
14572
14454
14397
14353
13940
13845
13738
13610
13530
13309
13148
13020
12428
12212
12180
12174
12158
12310
12363
12382
12437
12450
12478
12528
12567
12603
12656
12739
12782
12656
12692
12739
12787
12836
12941
13015
13057
13243
13257
13263
13313
12498
12241
12274
12252
12257
12252
12276
12299
12303
12333
12358
12366
12441
12517
12547
12594
12665
12673
12677
12718
12744
12511
12543
12267
12289
12335
11817
11830
11836
11890
11900
11327
11318
10919
10954
10985
10960
11009
10373
10373
10222
10218
10283
9985
9980
9485
9507
9509
9351
9395
9043
9051
8849
8809
8746
8537
8597
8062
8064
8050
7909
7950
7591
7584
7360
7347
7341
6981
7011
6992
6974
6993
6547
6543
6153
6173
6176
6193
6231
4221
4227
4239
4260
4259
4285
4308
4343
4359
4378
4283
4289
3950
3970
3936
4037
4067
3567
3554
3148
3167
3028
3046
3090
2628
2635
2593
2457
2480
2118
2138
1835
1885
1612
1610
1618
1203
1221
1176
1140
1168
694
948
601
630
647
669
1058
599
597
540
621
829
569
1070
611
670
771
565
938
573
591
624
592
1016
570
588
524
573
895
605
1043
564
599
707
600
847
543
577
520
561
995
607
688
572
635
1638
1026
1008
749
783
602
641
935
555
592
546
550
1023
596
827
558
623
579
572
791
566
1076
591
627
1001
975
617
608
650
573
618
856
616
1096
603
621
626
665
1390
931
945
992
831
952
642
993
621
696
729
672
1038
629
627
656
708
1047
604
904
604
661
516
606
1024
603
678
560
622
1051
610
849
599
626
524
609
856
596
1101
570
613
725
597
883
588
635
547
606
784
568
1057
612
651
707
762
1051
622
666
502
600
850
574
1077
599
568
755
604
820
583
622
549
586
820
585
1034
600
624
668
553
853
585
615
530
612
980
612
647
540
596
845
586
1147
569
571
727
618
962
561
583
612
627
1070
579
629
548
576
869
607
1010
569
559
681
617
973
566
603
624
619
1021
587
621
552
600
883
606
1023
615
634
722
593
840
615
668
508
607
987
606
660
546
597
1028
547
932
581
575
708
568
961
560
585
630
645
1076
595
612
542
608
910
635
1042
607
613
635
669
1093
610
649
567
604
840
613
1095
585
582
713
590
845
573
593
553
577
959
609
632
655
694
1094
629
825
590
613
517
586
839
594
1114
597
637
727
585
843
575
621
530
578
973
597
609
625
636
877
561
991
577
619
623
640
1007
575
863
598
637
543
556
789
596
1036
583
613
634
663
842
630
1119
579
603
613
617
937
590
621
634
693
1047
596
874
612
644
537
571
870
602
1098
599
628
651
638
1028
582
633
617
660
1160
3992
1207
728
677
673
697
746
766
844
909
954
972
995
1007
1039
1124
1136
1146
1242
1289
1337
3378
866
716
720
742
767
769
779
829
896
945
1054
1092
1067
1080
1129
1495
1530
1293
1292
1234
1264
1551
1572
1625
1663
941
954
1025
1049
1102
1150
867
921
930
996
1028
1075
1133
1214
1274
1336
1401
1459
1505
1545
1654
1751
1507
1477
1516
1554
1610
1692
1767
1793
1884
1938
1254
1272
1331
1388
952
1027
1032
1085
1114
1146
1221
1334
1431
1475
1504
1519
1531
1612
1378
1376
1379
1386
1459
968
1028
742
745
644
615
659
690
595
594
664
527
647
957
627
1078
576
583
600
638
1155
617
680
650
631
951
557
856
639
627
1172
933
666
702
743
733
798
832
874
938
964
985
1000
852
947
980
1059
1093
1042
1094
1151
1270
1276
1394
600
4216
693
604
612
585
590
603
657
564
613
724
861
894
904
924
839
835
880
973
1075
1187
1998
704
614
596
606
673
888
632
699
742
754
803
861
915
973
875
947
922
928
1008
1078
1054
1254
1142
1156
1149
1032
1389
1275
1239
728
625
607
1106
925
968
985
1045
1066
1090
1165
1280
1336
1359
1385
1379
1456
1593
1669
1711
3857
1275
1172
624
682
880
918
792
814
904
967
1029
1064
1118
1201
1297
1327
1325
1326
1346
1376
1454
1418
1421
1448
4233
1525
1446
1023
1169
829
871
868
903
945
1017
1031
1069
1194
1238
1319
1338
1250
1724
1377
1505
1497
1480
1615
1605
1626
1607
1607
2950
3006
3164
3175
2448
2364
2112
2090
2102
2103
2092
2145
2166
2305
2593
2643
2664
2458
2160
2062
1967
1859
1700
1604
1536
1454
1363
2079
2081
2018
1239
1091
913
827
716
611
511
911
910
1510
2117
951
952
764
976
897
730
631
559
566
546
1976
1850
1715
1579
1624
1538
1494
1559
1619
1701
1696
1700
1738
1774
1870
1688
1691
1725
1797
1844
1858
1908
2005
1236
1243
1276
1337
1381
1445
1153
1204
834
872
865
966
914
941
980
1030
1042
1051
1104
1170
1129
1155
1185
1178
1227
1282
1390
1436
1532
1522
3653
1407
636
668
692
714
748
827
862
917
1010
1055
1094
1125
946
1000
1076
1105
1106
1111
1121
1211
1291
1337
1328
1211
1242
989
835
813
728
639
