3151
3187
3270
1290
1230
1222
1146
1174
1219
1286
1338
1351
1366
1417
1451
1477
2272
1750
5262
5543
2910
2347
2742
2763
2742
2789
2476
996
1264
729
1096
2274
668
662
738
679
663
654
1261
621
624
651
680
678
679
1808
861
762
761
831
792
819
861
903
919
949
1049
1122
1172
1171
1224
1509
618
982
622
855
635
625
589
629
713
828
812
767
659
737
797
854
929
999
1046
1069
1143
1256
1306
1252
1350
1380
1416
1471
1535
1612
1660
1724
1782
1809
1843
1915
2005
2106
2194
2256
2249
2255
2176
2136
2176
2226
2245
2303
2283
2282
2273
2324
2354
2399
2458
2487
2531
2595
2653
2699
2756
2766
2794
2829
2823
2797
2790
2841
2860
2865
2887
2909
2967
3009
3090
3125
3189
3241
3292
3343
3346
3385
3407
3437
3472
3508
3546
3537
3583
3619
3670
3730
3765
3805
3863
3867
3881
3907
3935
3982
4027
4053
4107
4156
4161
4175
4211
4230
4263
4322
4368
4429
4441
4436
4478
4525
4591
4639
4691
4714
4753
4758
4781
4803
4832
4881
4964
4997
5000
5030
5023
5031
5055
5058
5086
5095
5106
5123
5177
5181
5186
5215
5226
5240
5233
5254
5301
5312
5348
5362
5395
5403
5464
5466
5497
5518
5536
5541
5486
5520
5547
5579
5624
5684
5746
5617
5625
5594
5590
5632
5688
5707
5752
5815
5813
5844
5880
5809
5873
5583
5594
5370
5379
5368
4929
4935
4935
4949
4941
4460
4484
4076
4070
4082
4110
4166
3653
3621
3479
3473
3508
3214
3218
2725
2726
2711
2653
2682
2411
2422
2250
2245
2239
2012
2056
1560
1556
1574
1455
1480
1156
1154
894
934
1010
732
1027
595
618
652
673
1078
587
597
611
633
810
605
1099
591
615
622
658
926
602
883
615
623
644
649
980
597
783
597
628
520
540
862
582
1040
592
647
699
687
1083
585
596
597
655
828
605
972
573
615
611
685
1007
571
817
569
626
577
622
1032
614
805
616
695
652
696
1029
583
775
589
616
632
662
1032
585
784
562
588
529
622
832
600
1009
613
678
711
676
1078
594
635
701
769
886
587
993
561
604
605
652
892
601
987
587
614
625
663
976
584
796
605
647
604
627
982
574
795
584
612
584
633
992
595
876
566
593
534
573
806
593
837
578
604
535
580
838
578
1016
588
616
626
685
1055
575
612
630
655
889
557
1098
627
648
666
691
995
577
797
592
593
505
581
858
589
1014
594
646
691
713
963
600
1004
603
687
742
701
891
569
1018
598
599
649
663
999
605
596
611
599
948
573
813
585
611
534
637
850
604
852
596
606
574
597
815
591
1001
578
586
594
582
748
592
984
586
610
654
702
1060
610
678
698
731
895
622
985
638
696
702
731
870
595
1032
638
698
643
665
981
587
779
629
688
562
586
771
605
858
571
641
515
641
923
720
789
618
643
533
556
795
569
935
591
625
513
588
871
586
1026
599
606
643
685
927
629
1018
626
682
744
779
1037
619
631
681
708
857
589
1035
600
619
628
641
935
604
804
589
592
142568
638
1501
592
599
1374
580
1516
592
657
540
575
1322
570
1539
557
567
1525
599
1481
569
623
1635
712
1896
695
740
679
699
1617
651
1541
664
694
774
642
923
680
686
642
663
918
671
1081
660
664
669
631
945
663
666
604
650
929
681
1521
1486
1394
1367
1186
1091
987
916
651
1385
608
601
591
597
1916
2174
2158
1628
1325
1233
980
937
955
964
938
906
970
943
947
872
933
891
909
505
1099
1072
1049
1037
1091
1074
1065
1064
1104
1096
1124
1063
14496
1042
863
651
920
623
604
1171
911
977
762
658
634
609
605
631
691
735
1217
638
661
672
681
721
652
765
739
728
897
935
972
984
995
1002
1069
1117
1141
1165
1224
1239
1281
1362
1440
1513
1618
1631
1663
1661
1678
1707
1818
1931
1998
2037
1969
1965
1996
2029
2062
2121
2181
2293
2365
2399
2455
2485
2521
2557
2583
2599
2596
2630
2726
2796
2786
2799
2813
2807
2836
2840
2855
2922
2944
2974
3048
3079
3148
3126
3146
3150
3196
3237
3282
3340
3411
3422
3454
3525
3544
3555
3623
3690
3716
3761
3763
3803
3853
3898
3943
4010
4047
4106
4146
4204
4246
4312
4354
4420
4468
4503
4547
4581
4626
4674
4731
4766
4798
4830
4842
4861
4899
4938
4994
5050
5133
5194
5255
5292
5320
5361
5404
5444
5520
5534
5554
5585
5595
5612
5617
5644
5678
5712
5755
5802
5807
5821
5902
5964
6005
6064
6094
6115
6118
6154
6219
6231
6298
6324
6306
6310
6328
6364
6386
6402
6417
6415
6382
6399
6392
6463
6495
6566
6617
6645
6657
6673
6754
6821
6920
6957
6968
6943
6918
6898
6895
6928
6839
6864
6585
6544
6399
6427
6435
6024
6025
5994
6017
6056
5603
5614
5381
5410
5194
5210
5202
4834
4843
4714
4722
4741
4480
4497
4017
4029
4045
3890
3885
3475
3442
3423
3421
3426
3074
3104
3093
3120
3143
2704
2713
2346
2380
2389
2408
2446
2066
2083
1928
1974
1986
1748
1781
1267
1272
1260
1221
1294
945
948
790
818
916
613
629
661
666
922
590
972
589
661
687
696
965
602
663
496
577
859
612
951
583
624
719
610
967
635
651
530
587
952
593
639
575
612
800
593
982
597
643
645
574
909
577
574
565
585
917
552
580
595
637
954
544
886
575
604
697
564
788
574
603
