5604
5614
5617
5620
5663
5685
5715
5777
3201
7478
7384
1762
2903
2704
2652
2120
1612
1476
1413
1404
1436
1323
1017
1044
1028
1021
1043
1089
1147
1163
1178
1221
1262
1271
1267
1321
1380
1329
1444
1498
1540
1540
1628
713
709
749
858
930
1008
822
853
895
958
1005
996
1170
1265
1296
1335
1396
1457
1530
1587
1619
1312
1256
1290
1012
1048
1016
1039
588
614
621
706
754
808
952
828
851
885
928
953
982
1051
1115
1023
1060
1098
1111
1123
1191
1210
1208
1230
1241
1246
1238
1287
1351
1383
1343
1383
1391
1414
1430
1492
1558
1613
1638
1693
1724
1758
1729
1754
1827
1872
1907
1946
1977
2006
2087
2129
2145
2160
2153
2155
2166
2219
2308
2361
2410
2456
2481
2465
2475
2503
2561
2632
2653
2680
2700
2735
2759
2777
2782
2826
2899
2956
2969
3031
3064
3131
3174
3224
3301
3374
3438
3473
3531
3501
3542
3601
3654
3735
3813
3865
3910
3954
4004
4061
4124
4174
4262
4287
4353
4435
4479
4536
4598
4658
4726
4784
4813
4863
4905
4957
4998
5053
5088
5136
5180
5186
5222
5255
5263
5293
5295
5364
5431
5473
5500
5526
5559
5592
5615
5669
5724
5793
5882
5991
6102
6168
6203
6203
6234
6239
6196
6219
6237
6265
6287
6296
6170
6231
6258
5955
5945
5465
5478
5506
5481
5466
5057
5067
5085
5096
5106
4671
4668
4331
4321
4350
4331
4340
3920
3943
3918
3963
4032
3519
3520
3097
3111
3119
3144
3187
2708
2743
2775
2781
2825
2375
2349
2031
1979
1931
1931
1913
1528
1553
1561
1590
1649
1187
1210
1011
1000
885
939
1003
797
997
591
655
696
639
1003
582
591
557
567
856
581
986
593
618
609
625
929
591
642
578
613
828
599
953
611
626
653
655
882
594
606
544
595
828
570
1016
558
564
582
592
872
601
618
689
753
960
595
789
601
619
498
581
837
715
1179
630
640
642
654
798
591
661
681
737
1036
598
877
591
644
515
567
1037
566
624
684
707
1018
588
867
582
647
667
656
971
593
611
532
547
800
581
1043
586
609
655
549
801
607
617
536
613
968
627
644
669
702
1034
583
785
612
637
567
634
1020
576
593
603
640
913
634
838
629
640
539
578
795
603
957
596
656
720
623
1005
594
628
544
629
798
595
1017
580
608
685
597
784
593
629
530
572
888
588
645
628
639
1024
571
905
564
611
653
567
856
583
602
559
593
817
600
960
613
651
714
559
968
622
640
680
721
1048
617
647
706
768
1005
594
1022
592
659
730
671
1058
588
630
543
559
972
566
623
548
565
952
572
604
631
609
907
582
775
632
710
527
570
958
572
637
536
609
823
614
1003
613
616
673
674
945
580
648
520
577
878
568
966
625
632
639
684
924
582
635
651
700
1024
598
950
557
574
580
591
894
592
685
650
689
978
609
808
583
613
543
570
896
559
576
586
632
926
592
798
604
628
558
588
767
630
1081
603
606
644
581
794
608
659
610
587
900
601
618
681
715
996
601
837
596
629
551
569
893
564
595
604
641
885
608
825
590
607
555
568
926
584
607
561
593
834
589
950
578
602
683
593
790
593
605
522
592
1012
597
608
516
562
825
612
1053
608
586
598
603
965
594
635
529
556
785
599
1006
615
641
688
633
794
608
689
554
604
838
629
964
606
606
666
565
834
605
637
577
612
807
613
981
605
675
722
715
929
632
962
627
656
686
697
812
610
924
618
650
695
631
1008
599
645
692
703
977
582
806
600
666
541
587
799
591
861
617
661
622
679
921
588
759
591
583
509
583
809
610
1029
583
603
611
599
905
550
588
607
649
1007
604
820
589
602
549
591
774
578
903
588
616
530
601
807
595
1069
646
663
722
733
900
616
1050
584
593
644
671
1042
607
615
674
674
975
599
908
598
604
647
688
997
566
829
581
601
533
595
809
589
1043
574
599
595
622
894
582
600
657
686
986
613
830
586
612
542
603
809
628
996
597
573
588
577
991
578
580
626
672
819
607
1030
599
629
598
617
796
604
1037
587
657
621
610
976
607
634
638
651
900
595
811
617
664
631
675
942
632
880
610
664
545
606
858
587
1003
603
650
664
686
818
569
996
575
637
676
697
1016
576
669
606
663
983
641
824
599
650
603
664
1063
590
834
589
591
547
614
873
607
950
596
592
591
603
909
580
572
564
613
977
585
790
631
669
593
635
1018
699
794
588
648
693
659
1010
586
1223
621
681
712
611
924
627
941
597
625
9140
716
771
888
2119
1203
1114
800
805
817
741
765
744
744
762
726
735
743
754
769
725
736
758
760
749
739
752
736
758
737
713
721
753
802
801
715
733
832
1241
1517
1532
1812
1255
2061
2671
3270
3901
4820
5672
6563
6916
7207
7220
7233
7240
7234
7272
7323
7337
7376
7417
7483
7472
7463
7460
7575
840
1246
1868
1151
632
1172
1197
1800
1071
1134
613
588
668
661
685
644
616
640
697
684
602
614
646
685
720
738
765
783
823
1023
1049
1099
1149
1215
1235
1262
1278
1281
1303
1324
1338
1377
1466
1512
1532
