25122
25129
25177
25164
25200
25245
25318
25322
25335
25387
25490
25545
25359
25365
25325
25289
25229
25195
25169
25150
25158
25167
25150
25184
25212
25251
25228
25253
25298
25375
25382
25382
25378
25397
25420
25444
25484
25544
25598
25625
25663
25690
25699
25725
25786
25647
25008
21424
14896
3160
3145
3091
2591
2615
2679
1617
855
1416
731
4203
5603
2124
1851
2094
1678
1659
1643
2174
941
3206
885
761
1562
719
1943
658
613
648
655
726
674
720
762
793
873
861
831
858
866
903
942
998
735
670
695
744
732
774
863
1373
626
665
733
808
839
910
977
1000
1084
1186
1134
1150
1221
1272
857
853
900
942
961
1028
1084
1084
1105
1121
1163
1218
1276
1327
1381
1410
864
880
898
976
1016
1076
1060
1099
1113
1160
1281
1331
1398
1358
1325
1363
1461
1569
1690
1727
1759
1802
1865
1916
2012
2085
2121
2162
2219
2264
2282
2317
2405
2436
2491
2542
2593
2611
2663
2703
2788
2861
2938
3030
3083
3120
3150
3242
3277
3299
3367
3409
3469
3541
3575
3624
3652
3730
3779
3832
3907
3985
4032
4081
4116
4134
4152
4183
4244
4282
4344
4400
4469
4532
4581
4615
4676
4748
4831
4889
4910
4943
4988
5011
4773
4874
4532
4567
4610
4322
4375
3964
4018
3721
3778
3831
3543
3607
3134
3147
3132
3114
3159
2888
2912
2377
2359
2422
2365
2415
1976
2015
1899
1934
1978
1527
1615
1272
1282
1080
1092
1102
872
958
610
607
555
570
934
620
628
655
690
900
645
1016
596
619
573
614
1020
603
918
654
702
556
593
819
601
1023
614
652
678
714
1073
626
658
700
764
899
604
1087
615
643
671
726
899
613
1079
604
615
636
632
1009
609
920
595
611
665
592
967
595
608
614
642
1009
564
609
584
584
1000
552
595
611
657
945
567
991
601
606
719
585
824
571
643
580
614
963
624
665
541
572
874
585
1001
589
579
637
630
921
592
634
573
595
993
630
667
535
585
830
631
1013
600
607
713
597
789
603
650
555
585
924
621
660
700
741
1004
601
820
605
649
538
593
957
602
615
660
711
1057
593
909
610
616
672
683
1009
591
624
628
694
946
630
834
591
589
546
573
953
571
589
618
597
1033
579
976
600
598
606
635
939
554
584
617
658
979
579
808
595
666
541
593
990
580
594
611
614
910
602
937
588
596
584
615
1043
617
613
653
685
1007
625
829
609
638
548
601
949
609
624
664
713
991
606
865
607
650
551
623
816
605
1356
934
970
1006
986
998
691
722
738
733
953
589
950
596
618
651
690
1035
614
656
684
729
1001
627
856
650
664
556
596
1094
596
1134
611
632
640
574
775
647
677
559
586
811
631
1015
589
667
738
619
825
609
648
543
601
967
598
647
623
677
1002
584
1085
595
600
542
621
945
584
641
643
683
1047
613
859
613
631
544
615
817
599
1020
590
683
783
622
862
587
633
556
576
831
574
958
587
641
731
570
832
586
642
519
578
842
586
1021
622
635
713
701
1009
612
650
509
589
874
587
1022
604
623
759
580
860
588
623
525
634
893
607
1023
583
598
651
717
995
611
653
516
589
847
570
1022
609
690
788
621
875
631
649
544
600
949
618
669
588
654
1035
592
867
583
641
539
590
949
603
648
623
660
1019
602
978
624
628
626
618
937
573
571
557
578
797
571
982
552
568
724
604
787
567
642
556
607
994
589
608
616
625
972
603
933
592
595
644
667
1030
577
573
523
564
937
591
642
579
574
1013
608
1024
588
589
599
588
902
589
598
559
606
879
601
966
579
619
647
553
880
620
656
557
622
834
606
1016
620
645
696
588
837
604
649
550
588
979
598
609
652
712
1098
593
907
577
606
658
652
1032
575
647
567
600
902
557
580
575
587
964
591
859
619
654
558
621
992
615
693
617
676
1039
627
1027
603
624
655
684
1013
636
654
521
573
853
585
1072
606
585
665
570
785
590
678
561
591
922
610
658
692
726
1061
599
930
611
646
649
659
969
575
611
509
592
885
634
1082
578
1048
619
605
603
608
620
582
602
950
576
614
648
655
987
586
1047
595
677
719
671
1139
607
674
569
614
823
598
1037
595
654
639
662
1121
603
616
578
609
812
621
1034
626
627
639
643
917
594
603
623
635
925
566
676
605
657
983
598
852
596
660
563
621
928
607
688
619
659
1029
600
962
586
617
693
567
770
580
644
500
574
1022
610
617
547
604
1278
1111
1367
974
960
847
774
825
909
1320
1370
1010
2057
2029
2016
1994
1058
1259
1183
884
905
909
902
901
910
881
880
660
900
749
751
911
601
765
746
763
724
757
733
716
730
711
742
777
830
948
947
944
839
746
736
733
785
999
1107
1122
894
1204
880
662
1486
670
643
656
686
707
724
804
794
968
868
919
932
979
995
980
999
1018
1037
1088
1125
1140
1137
1166
1218
1266
1313
1388
1433
1457
1476
1550
1562
1584
1620
1656
1662
1690
1724
1771
1756
1756
1815
1875
1867
1893
1923
1942
1945
1986
2042
2079
2102
2177
2182
2184
2211
2280
2309
2343
2375
