2747
2768
2723
2790
2562
2368
2346
2221
2225
2195
2187
2133
2131
2128
2180
2227
2236
2231
2267
2339
2325
2362
2406
2291
2075
2340
2247
2075
1888
1731
1615
1513
1350
1262
1147
1040
970
922
848
783
722
632
571
494
637
593
985
628
553
581
548
548
543
561
593
592
598
638
1072
1531
1868
1800
1723
1630
1544
1454
1371
1287
1181
1103
1002
927
824
796
1271
4179
3098
2784
2606
3049
1017
837
714
843
658
771
689
825
1042
786
692
904
940
1564
929
2007
1551
949
908
1164
1124
1055
1250
701
658
687
708
814
651
727
593
631
653
738
798
861
814
829
911
926
947
999
1031
1364
1381
1274
1249
1243
1109
1029
948
952
990
1013
959
1015
1032
896
875
949
1007
1051
1489
1563
1603
1634
1658
1696
1775
1928
1945
1945
1964
2187
2264
2353
2418
2422
2454
2337
2307
2327
2427
2501
2558
2609
2650
2638
2672
2692
2711
2721
2761
2818
2885
2974
3025
3083
3114
3138
3173
3207
3224
3239
3277
3318
3355
3402
3441
3514
3617
3686
3777
3865
3964
3208
3243
3301
3338
3350
3411
3451
3528
3572
3618
3662
3708
3823
3929
3997
4057
4097
4138
4202
4357
4379
4362
4394
4426
4472
4497
4584
4602
4601
4604
4586
4606
4583
4605
4604
4640
4668
4720
4763
4783
4757
4744
4784
4795
4800
4747
4773
4800
4826
4915
4957
4860
4856
4875
4449
4492
4341
4331
4328
3971
3997
3597
3587
3606
3592
3599
3257
3243
3207
3210
3211
2773
2825
2441
2418
2450
2478
2499
2045
2058
1930
1936
1889
1646
1645
1216
1233
1205
1423
598
572
609
624
665
689
644
669
688
701
949
577
810
552
595
528
573
891
632
636
643
679
1133
613
906
609
613
644
665
988
904
947
769
798
802
595
981
655
674
677
593
782
578
594
563
565
796
601
917
575
644
701
1030
617
641
655
582
679
813
573
1040
572
609
664
693
982
618
650
569
594
845
592
973
590
598
1054
963
921
669
727
478
535
1041
589
591
608
608
908
597
811
590
605
559
576
914
603
588
624
660
985
579
747
590
620
501
704
1073
598
1289
939
798
625
540
1257
871
1261
1012
758
929
953
666
681
686
721
802
864
755
769
552
709
544
637
678
545
605
492
562
834
584
995
595
643
501
553
843
629
962
582
648
686
710
1053
588
653
622
692
1087
720
985
599
635
557
572
826
622
881
629
657
582
625
816
619
891
610
674
554
619
855
599
1028
594
543
565
642
860
574
808
576
615
636
676
1014
608
630
679
705
1028
602
798
592
630
676
748
947
649
1060
563
644
638
705
1333
939
797
668
697
913
973
986
646
897
669
683
693
721
980
607
829
618
690
598
668
804
605
996
733
580
633
677
925
612
613
631
653
916
585
809
613
687
550
559
801
577
1058
604
650
725
598
837
564
653
583
630
787
596
1161
598
648
628
634
897
643
704
695
772
971
594
851
639
642
585
634
749
592
1026
576
664
658
799
960
586
594
722
631
817
580
813
613
649
547
586
835
560
1518
1430
1376
1354
1369
1406
1039
1082
1112
1108
1197
754
774
554
628
1326
625
641
688
660
728
822
837
853
884
603
927
626
734
771
758
1048
560
656
609
653
1093
580
771
712
577
570
603
825
578
867
584
632
541
637
847
561
578
608
661
967
565
785
577
627
565
582
805
590
835
592
614
540
582
823
583
955
589
619
649
681
939
613
687
631
693
911
632
1007
609
663
573
574
789
625
856
632
664
548
607
879
759
1124
619
599
590
591
815
592
656
712
736
1061
584
805
584
663
558
597
1014
583
905
895
894
1060
923
929
562
811
612
589
698
577
601
571
598
943
571
601
558
572
940
601
633
658
687
952
592
1007
598
730
781
651
819
1347
596
617
697
698
722
770
795
780
804
578
896
616
669
714
601
803
616
611
540
644
909
589
618
688
594
891
937
970
999
993
1094
803
1457
915
770
661
572
886
938
3853
3702
3556
3508
3483
4990
1127
962
795
651
760
741
765
800
810
799
794
836
851
855
862
860
885
872
939
962
1022
1063
1082
1223
981
820
830
711
761
791
1396
1004
1045
946
976
1046
1105
1153
1147
1176
1280
1346
1335
1347
1306
1347
1368
1487
1520
1526
1517
1596
1681
1797
1802
942
791
878
904
1470
628
562
609
653
662
701
705
780
848
915
948
973
663
696
530
605
857
579
1011
1333
1343
982
1076
996
993
1037
922
947
1004
765
1055
591
688
778
633
810
619
644
553
638
834
592
981
617
695
773
1217
610
546
627
702
767
1311
612
677
733
789
851
875
922
600
644
549
6186
1748
2303
2229
2094
3617
2084
2779
2618
2125
18392
16389
16300
16282
16266
16242
16266
16359
16305
16315
16368
16392
16334
16412
17294
17243
17229
17255
17254
17276
16379
16429
16391
16361
16345
16309
16302
16296
16283
16400
16374
16331
16292
16278
16267
16272
16290
12003
11897
11783
11676
11566
11464
11345
11221
11120
10982
10840
10731
10650
10554
10454
10357
10252
10140
10050
9968
9888
9784
9678
9570
9464
9345
9256
9167
9086
9026
8960
8865
8768
8659
8720
8622
8529
8432
8338
8235
8100
8012
7929
7864
7786
7695
7617
7535
7446
