8868
9111
9340
9443
9497
9566
9670
9748
13657
13756
13831
13817
13656
13164
7899
8480
6016
661
597
611
1736
4987
744
650
668
830
4137
3642
3785
145627
667
838
610
622
630
655
974
592
614
554
566
768
585
1016
579
572
683
547
995
592
643
674
692
935
581
637
557
616
809
581
976
595
667
764
571
842
600
631
575
601
790
600
953
582
629
679
581
827
610
633
564
597
801
621
965
604
630
647
617
837
611
645
563
618
862
621
971
610
641
671
703
971
630
648
674
675
821
582
762
602
653
578
615
786
618
961
610
633
654
586
816
581
591
559
576
921
573
669
627
619
911
582
956
618
632
621
648
887
616
629
663
731
995
569
1253
767
601
613
606
678
605
596
518
563
921
611
666
659
696
1032
588
821
644
610
594
635
779
601
905
610
651
699
761
1389
922
979
917
937
2366
1712
1726
1536
1539
10546
1023
951
980
1713
720
1226
1147
647
677
696
1161
1077
1035
994
1159
926
918
955
1032
1058
1102
1163
1214
1016
1060
1132
1152
1199
1298
1366
1430
1471
1510
1537
1557
1595
1707
1816
1874
1936
1988
2030
2098
2142
2205
2270
2337
2408
2418
2458
2491
2544
2606
2655
2727
2781
2806
2852
2884
2933
3006
3080
3146
3185
3237
3271
3327
3362
3399
3452
3515
3562
3591
3669
3724
3743
3778
3850
3874
3933
3973
4005
4032
4056
4084
4106
4201
4263
4326
4395
4419
4501
4553
4622
4677
4705
4770
4832
4887
4940
4963
4981
5039
5103
5176
5265
5282
5304
5290
5312
5348
5380
5440
5475
5516
5569
5570
5631
5699
5780
5850
5904
5924
5959
5962
5772
5794
5418
5410
5419
5401
5424
4999
5016
4855
4883
4875
4604
4605
4186
4166
4155
4125
4187
3937
3967
3728
3781
3805
3388
3371
3359
3273
3294
2957
2961
2704
2718
2602
2633
2636
2311
2300
2151
2175
2176
1910
1956
1499
1540
1551
1430
1460
1090
1132
1182
1077
1122
719
787
755
797
1037
635
952
643
684
763
750
1000
601
635
552
592
811
602
952
584
608
620
657
1017
587
585
570
582
992
606
605
603
601
859
575
964
601
608
642
650
911
565
637
525
572
803
580
916
616
616
689
596
839
612
638
574
608
912
595
640
529
623
862
590
921
559
582
649
621
832
573
621
504
567
991
570
567
567
586
750
539
1004
594
630
713
580
809
637
645
561
617
898
590
607
633
658
1014
619
912
584
713
724
688
1039
567
605
558
596
799
614
948
622
658
701
744
1027
616
652
565
593
829
576
930
593
587
641
679
911
612
663
613
660
858
614
966
623
622
638
563
836
608
639
483
556
957
583
639
565
640
853
592
992
602
596
636
671
939
608
674
533
572
783
577
975
579
592
629
571
797
590
622
509
583
861
600
946
604
638
706
563
819
578
634
511
594
965
548
554
554
545
917
595
853
563
583
586
576
933
584
589
620
670
934
592
845
625
657
621
662
972
607
849
590
582
565
573
777
609
976
596
607
657
686
991
603
644
629
661
1016
598
855
600
624
554
590
910
613
607
619
649
983
598
838
607
623
541
572
804
590
1011
589
594
602
600
825
600
690
659
701
1009
598
795
602
606
580
593
739
604
884
581
639
523
594
782
604
2138
1456
4126
2993
17622
7992
619
605
614
608
5923
611
1947
603
584
1921
613
1757
601
2104
692
707
2192
792
2173
575
652
681
614
658
671
1123
639
683
699
684
692
715
745
766
817
853
898
923
1061
1104
1141
1171
1083
1089
1078
1106
1118
1138
1159
1171
1156
1180
1201
1239
1283
1304
1304
1298
1305
1304
1301
1284
1284
1325
1370
1460
1528
1572
1619
1665
1731
1782
1824
1782
1836
1928
1971
2045
2059
2073
2104
2140
2194
2234
2290
2385
2435
2506
2533
2583
2590
2640
2642
2649
2689
2717
2783
2820
2896
2980
3056
3131
3199
3264
3297
3377
3415
3478
3493
3518
3579
3629
3720
3758
3806
3837
3867
3902
3944
4002
4077
4154
4233
4282
4278
4328
4392
4482
4565
4600
4648
4694
4757
4796
4840
4910
4945
4970
5004
5016
5021
5054
5081
5165
5258
5308
5389
5441
5459
5497
5524
5598
5634
5668
5719
5729
5788
5852
5926
5963
6045
6082
6119
6130
6156
6190
6213
6261
6294
6351
6379
6395
6414
6438
6479
6562
6628
6683
6761
6855
6925
6979
7023
7063
7122
7178
7228
7243
7241
7271
7298
7308
7346
7390
7438
7454
7477
7441
7454
7467
7456
7517
7579
7558
7572
7553
7465
7469
7379
7383
7414
6995
6945
6733
6740
6604
6631
6641
6429
6451
5775
5782
5482
5479
5476
5217
5237
5047
5116
4926
4955
4924
4678
4702
4330
4322
4338
4340
4357
3886
3892
3904
4041
4048
3628
3590
3431
3436
3408
3457
3434
3034
3055
2791
2797
2677
2702
2760
2409
2413
2253
2306
2361
1969
2043
1907
1930
1926
1375
1408
1059
1072
1083
985
1000
780
816
658
739
1036
628
660
585
605
963
580
628
566
580
887
602
594
576
608
924
594
604
667
670
1179
609
642
658
701
933
583
892
582
572
594
563
910
609
634
666
627
852
619
691
569
604
877
614
634
496
552
848
595
911
590
650
745
578
834
583
655
528
568
942
591
641
656
713
1003
608
847
600
621
564
595
775
627
975
588
602
663
686
