6102
6221
6251
6267
6303
6342
6374
6413
6464
3954
3968
4284
1495
707
763
826
884
977
994
1029
1050
1054
1077
1101
1266
3121
3184
2658
2013
1956
1888
1829
1844
1774
1770
1661
2044
2038
2102
4711
2377
1431
1427
2286
1854
1636
1435
1411
1401
1391
1433
1495
1620
1628
1633
1649
1741
1820
1863
1900
1897
1967
1974
1982
1987
2070
3160
3257
3351
3403
3773
3779
3552
3471
3496
2978
3041
3019
3075
3330
3382
3443
3495
3577
3620
3688
3722
3811
3866
3898
3959
4016
4063
4107
4160
4188
4239
4314
4376
4441
4528
4615
4677
4701
4780
4856
4797
4840
4876
4954
4973
5020
5121
5166
5025
5017
4975
4980
5030
4578
4613
4399
4418
4449
4003
4079
4049
4060
4089
3670
3680
3274
3312
3332
3245
3233
2760
2778
2600
2671
2666
2238
2253
2227
2289
2295
1759
1801
1370
1415
1432
1356
1389
921
914
787
811
879
611
1061
631
665
697
737
1062
633
673
667
734
1088
625
840
623
653
554
613
841
598
1018
620
682
691
696
1076
605
625
632
672
1048
601
819
576
611
553
611
912
638
1125
644
718
778
753
1032
624
635
646
661
925
628
858
615
646
563
639
831
596
865
629
678
561
622
992
620
636
675
709
907
615
1090
634
678
565
602
852
597
1001
559
568
565
575
919
576
570
614
664
1143
624
928
607
613
617
606
939
560
628
614
662
1066
574
844
592
635
596
631
852
593
997
610
625
634
690
962
581
621
520
557
860
624
1094
583
589
602
605
980
582
626
560
600
833
649
998
599
650
687
659
1170
589
610
520
563
865
603
1007
600
622
658
652
1304
592
639
728
750
973
622
1083
561
573
674
614
897
619
624
641
674
1061
598
974
565
597
710
609
789
582
616
520
599
841
629
1009
590
650
762
641
1087
591
615
537
561
849
597
993
621
629
625
674
1029
617
674
563
609
913
601
833
602
628
559
593
939
579
592
587
630
961
564
929
564
562
578
573
951
585
612
494
553
962
573
651
589
659
1166
595
807
599
643
534
611
1096
620
631
664
708
1011
598
1015
616
659
685
678
1114
577
588
542
579
953
550
643
577
583
996
544
941
595
595
606
630
1045
671
643
597
631
839
583
973
617
636
640
656
999
581
627
557
599
863
585
1060
601
612
758
594
942
595
608
619
630
1005
608
642
545
648
907
597
994
585
596
688
607
825
582
605
553
585
840
620
1018
606
634
718
607
1050
597
622
633
627
1070
626
656
538
542
834
597
1080
603
626
643
640
903
589
625
658
695
1060
596
1010
600
580
611
613
981
632
660
580
594
779
609
1018
588
648
788
599
854
617
679
571
602
821
626
1016
599
648
752
599
875
614
647
517
604
864
624
1001
615
678
771
737
1026
604
626
559
590
907
606
1005
592
629
699
729
1037
623
674
673
731
1103
592
929
565
565
663
591
821
564
594
544
586
961
608
638
543
610
839
601
935
630
642
553
587
782
616
1045
591
599
624
639
979
632
640
552
575
857
602
1035
593
629
660
725
1042
594
623
605
627
1015
639
856
615
660
545
605
818
605
1021
573
591
675
609
803
584
613
557
597
832
593
1113
598
606
603
609
959
653
675
538
562
831
546
992
597
618
640
659
1011
562
579
605
643
938
581
796
610
630
563
591
770
580
1151
583
618
721
609
844
615
631
549
619
824
604
1007
641
656
686
566
865
611
649
547
570
796
551
976
584
608
634
675
931
575
606
542
565
837
560
961
572
567
679
593
841
570
604
505
603
853
570
1014
554
578
611
641
981
575
650
616
666
942
588
967
596
666
639
689
1377
602
817
556
632
579
601
1005
583
877
585
666
582
644
1009
581
795
578
634
586
619
989
603
847
594
600
532
616
1051
609
941
572
606
557
545
780
597
1036
555
558
572
572
792
605
987
602
640
698
664
918
634
865
621
659
524
630
855
618
851
595
669
531
601
848
593
1000
578
594
647
659
853
564
1003
612
671
722
705
895
589
1026
603
650
665
596
889
624
1063
621
642
674
685
983
606
667
643
709
971
595
1094
620
724
721
723
855
585
1008
630
643
680
695
806
613
1066
610
638
671
657
873
602
965
595
641
660
705
947
568
812
582
629
556
625
1052
598
820
587
629
598
700
925
611
1006
635
6736
1604
1306
1748
1063
2824
2119
2107
2088
11348
12007
651
589
581
6219
618
593
624
670
733
5574
623
620
553
631
670
2666
1485
603
599
556
549
1113
1334
611
4990
14548
851
780
625
605
595
575
587
587
6106
6099
6004
5943
5918
5890
5882
5871
5863
5834
5862
5859
5718
802
6780
6738
6616
6428
6295
6101
5942
5788
5623
5509
5411
11913
3644
5216
1052
614
565
569
618
608
629
640
651
676
738
806
887
929
977
984
994
999
1066
1125
1138
1142
1128
1142
1166
1142
1180
1196
1221
1273
1310
1337
1373
1436
1469
1494
1506
1537
1580
1615
1646
1699
1727
1753
1768
1784
1809
1875
1923
1949
1988
2027
2023
2030
2033
2047
2103
1432
1450
1461
