28802
29023
29206
29244
29295
29314
29341
29374
29405
29472
29545
29556
29572
29548
29552
29562
29588
29650
29666
29689
29711
29712
29657
29604
29608
29596
29556
29517
29539
29568
29590
29612
29592
29561
29556
29531
29515
29484
29473
29485
29566
29616
29677
29751
29824
29883
29917
29926
29900
29916
29943
30001
29986
30040
30102
28470
28015
28028
25568
19192
18557
8556
8316
6549
6501
6477
6434
6421
6426
6383
6420
5508
5500
5515
5514
5525
4857
4736
4774
4771
4753
4725
4739
4741
4742
4748
4706
4666
4626
4670
4671
4713
4773
4841
4896
4907
4912
4965
4714
4728
4722
4815
4752
4802
3490
3314
3342
3029
3125
3174
3140
3168
3202
3266
3083
3073
3083
3057
3100
3159
3185
3247
3263
3310
3377
3433
3347
3408
3433
3477
3513
3577
3608
3634
3619
3630
3615
3666
3680
3717
3751
3771
3845
3865
3892
3941
3984
3988
4009
4028
4074
4126
4153
4191
4194
4249
4305
4363
4416
4455
4500
4576
4651
4627
4653
4715
4738
4805
4858
4962
5012
4990
5008
5026
5059
5117
5153
5214
5267
5299
5328
5338
5346
5350
5356
5367
5380
5405
5472
5474
5458
5476
5497
5539
5607
5616
5703
5748
5807
5856
5882
5941
5955
5975
5970
5959
5969
6000
6085
6134
6210
6235
6253
6287
6326
6393
6458
6507
6562
6644
6667
6680
6737
6752
6788
6853
6893
6897
6936
6917
6936
6961
6976
6999
6815
6830
6386
6419
6421
6228
6226
5903
5903
5674
5664
5686
5448
5492
4933
4898
4878
4769
4754
4358
4329
4312
4291
4321
3817
3767
3644
3651
3665
3338
3306
2850
2860
2857
2687
2710
2450
2420
2196
2227
2220
1751
1753
1749
1774
1816
1317
1350
1102
1058
902
934
980
568
580
580
587
991
590
817
605
671
542
589
938
583
619
614
672
992
627
1014
590
621
692
683
1059
611
642
507
582
829
633
1056
592
609
718
606
1026
589
589
606
610
1008
588
632
652
666
1031
593
934
590
626
632
628
1031
597
644
623
666
1028
598
974
585
644
646
665
955
604
643
494
580
853
589
1040
598
667
792
572
833
612
653
545
603
863
559
1026
573
574
675
599
1023
596
640
672
639
1048
617
630
554
604
1032
594
613
568
566
993
586
940
608
629
629
636
960
559
586
524
544
954
559
578
555
570
1001
568
939
563
603
644
660
1001
559
590
525
568
944
592
539
569
603
1012
607
977
589
631
677
645
1024
639
631
522
611
835
613
1064
595
594
631
578
1062
594
626
691
694
1063
634
672
552
582
858
634
1068
601
612
609
640
999
579
639
537
628
906
590
1023
602
565
611
627
970
592
580
573
605
833
609
1017
624
710
726
706
1016
578
601
563
602
859
595
966
580
603
611
572
894
589
635
624
666
1046
587
783
589
642
533
618
863
611
1002
629
677
717
584
827
599
672
525
613
1032
612
848
617
660
609
601
804
600
859
595
629
558
631
871
616
964
573
625
641
674
1032
584
641
576
668
903
584
1021
618
642
699
739
918
623
988
599
644
660
697
993
599
852
624
697
627
650
997
585
849
625
622
541
583
824
579
910
614
620
556
588
839
617
992
579
618
650
697
1398
939
982
1031
1032
1071
803
1117
593
595
639
692
860
643
1065
604
662
711
724
849
629
1064
608
635
657
734
972
611
1020
632
666
742
807
887
609
1049
608
621
655
700
1041
600
824
617
627
683
719
881
601
997
634
672
712
715
1036
611
807
596
641
555
565
808
606
849
645
677
544
600
830
609
923
590
633
543
593
825
605
867
610
648
560
642
825
600
1047
603
619
662
698
919
612
1007
596
642
752
608
818
609
651
588
642
1095
628
826
615
636
527
633
885
587
854
613
667
496
565
1037
570
561
572
565
1001
597
798
569
566
519
565
874
588
1029
560
586
620
633
1110
582
579
610
656
1012
563
813
584
603
539
585
920
583
883
569
629
516
591
2308
1300
1343
3864
2602
2529
2556
2575
576
582
1134
1104
1065
623
1312
1222
1811
618
1274
1427
798
643
692
728
818
924
992
1045
1088
1156
1186
1230
1310
1382
1426
1494
1292
1343
1331
1402
1491
1599
1669
1684
1721
1782
1780
1820
1907
1972
2035
2132
2162
2184
2252
2283
2360
2430
2522
2558
2583
2606
2663
2725
2818
2886
2987
3029
3075
3110
3191
3237
3302
3388
3442
3490
3538
3549
3576
3621
3681
3771
3844
3899
3937
4008
4049
4104
4193
4213
4259
4309
4361
4414
4456
4517
4611
4638
4514
4604
3993
4050
4041
4133
4195
3869
3875
3315
3335
3259
3295
3344
2843
2891
2394
2369
2410
2241
2278
1791
1780
1761
1748
1804
1309
1331
1203
1172
1186
770
819
857
887
1004
609
964
623
658
787
604
837
595
618
533
614
1017
625
643
533
558
842
585
1031
604
598
679
598
863
581
641
574
593
943
620
670
555
616
805
620
1103
585
608
704
621
818
619
652
541
589
1054
1318
1443
1851
2497
2140
2122
2109
2005
926
1275
1279
874
875
833
891
668
885
720
726
726
701
752
721
730
750
761
715
750
636
773
715
713
726
739
765
716
749
589
734
724
739
733
753
741
717
737
770
741
845
1319
1688
2322
1808
1803
3309
3055
3832
4489
4162
4141
4155
1289
2301
714
667
841
2238
945
647
692
4655
714
777
642
605
578
597
644
696
