4988
4681
4717
4415
4440
3639
3670
3456
8190
8035
7874
7790
7757
7729
596
1129
1121
3316
676
5841
525
1110
640
1370
1518
2775
2791
2725
2646
2590
4190
1242
957
764
825
641
599
659
697
1366
623
646
687
658
674
592
596
666
729
653
671
685
710
739
731
798
864
928
863
904
983
1046
1095
1118
1164
1294
1398
1433
1363
1424
1436
1478
1491
1508
1476
1507
1540
1565
1569
1611
1617
1619
1667
1668
1687
1776
1809
1884
1931
2035
1922
1971
1981
1997
2025
2043
2078
2108
2167
2204
2239
2331
2375
2423
2474
2517
2570
2597
2624
2661
2712
2738
2762
2786
2820
2892
2967
3038
3096
3154
3200
3272
3305
3351
3392
3465
3524
3597
3664
3725
3791
3858
3881
3932
4009
4082
4112
4176
4231
4267
4328
4376
4382
4387
4387
4412
4430
4445
4476
4493
4533
4576
4617
4653
4702
4717
4778
4805
4848
4902
4968
5040
5089
5144
5207
5288
5323
5353
5375
5427
5437
5451
5491
5490
5485
5525
5569
5593
5637
5647
5694
5717
5728
5751
5768
5808
5834
5858
5901
5909
5967
6005
6009
6063
6117
6121
6165
6209
6233
6284
6316
6002
6033
5584
5574
5600
5316
5290
5028
5031
4757
4771
4747
4294
4322
4165
4187
4210
3899
3915
3544
3590
3353
3438
3482
3129
3171
2623
2642
2668
2636
2653
2202
2205
2053
2076
2060
1758
1782
1276
1297
1321
1265
1296
843
907
875
910
1133
637
835
605
615
526
600
857
611
1088
593
631
1094
904
921
677
724
558
599
831
603
1090
584
638
651
620
1041
624
680
508
561
871
601
1058
655
691
724
660
1024
579
612
635
679
1085
612
817
590
635
582
611
857
609
1088
576
620
717
593
822
599
656
542
622
855
588
1053
636
614
695
593
890
617
659
570
591
810
568
1020
597
666
702
724
1047
602
635
586
605
857
599
1021
591
636
767
610
851
612
656
502
593
902
611
1027
598
628
698
722
1045
617
704
618
716
929
584
1024
600
643
627
692
1438
585
857
586
616
591
609
1010
586
785
612
634
632
658
1047
602
921
609
656
597
650
1054
626
850
618
665
595
645
1038
640
862
595
629
532
565
873
602
1056
596
637
685
671
899
626
1063
622
686
753
614
668
727
939
630
684
573
649
801
596
868
580
662
558
594
870
596
1036
601
620
664
696
916
575
1081
646
671
706
662
826
608
1125
622
658
772
615
883
730
1097
605
620
629
633
997
615
661
678
735
1007
646
1018
636
719
624
679
940
630
1040
659
702
713
783
988
614
1059
604
688
692
762
1001
623
1042
607
832
620
670
832
573
879
576
689
583
603
1026
615
799
603
642
590
642
882
631
1071
632
695
670
700
1061
625
876
600
664
598
648
1049
616
839
619
670
622
656
1182
613
820
598
624
640
715
1052
611
826
623
655
654
707
1073
566
860
627
710
661
705
914
631
1033
620
703
708
743
914
613
892
636
1079
633
690
730
709
1072
606
636
663
750
951
605
1033
595
670
628
679
960
612
825
598
631
531
594
904
603
893
615
643
532
583
853
604
945
617
665
521
621
875
587
1008
603
659
740
711
924
586
1050
580
604
638
677
990
610
655
603
664
931
595
961
583
660
654
867
787
571
862
591
649
536
586
824
553
894
601
631
544
608
847
599
1085
612
651
690
681
922
596
1060
607
620
658
682
928
616
1009
614
661
700
619
1084
611
632
666
691
1018
633
846
601
651
588
632
1066
623
842
614
647
586
623
1087
600
958
587
590
605
617
854
596
1020
614
644
686
675
1057
627
665
510
585
1111
596
617
568
597
984
606
655
524
575
833
628
1034
615
638
744
610
849
622
648
539
597
1010
616
704
662
712
1021
616
996
629
630
684
730
1046
605
660
659
726
1121
622
827
618
675
553
617
1001
625
671
560
571
829
610
1043
624
682
764
613
845
615
650
577
627
846
575
999
620
632
636
657
1003
599
633
524
604
896
632
990
638
703
715
1409
1335
1360
1040
1742
1987
1898
1852
863
877
976
1017
1068
1140
1228
1292
1385
1436
1483
1534
1575
1641
1751
1550
1622
1637
1410
1460
1136
1196
928
936
986
727
956
654
736
551
598
1021
586
660
571
668
1031
609
1004
624
657
709
608
865
604
1086
607
699
735
679
1025
579
629
564
620
817
578
1039
603
669
699
579
1034
585
604
514
586
862
606
1111
592
646
678
1423
1400
1391
3159
11847
4670
1520
1344
682
636
669
667
1566
1609
1663
1632
1668
1703
1713
1749
1749
1770
1891
1909
1899
1966
2013
2097
2155
2185
2338
2383
2427
2518
2372
2388
2395
2428
2471
2483
2472
2518
2549
2571
2582
2618
2639
2676
2709
2769
2817
2798
2812
2829
2847
2873
2885
2905
2930
3029
3083
3152
3171
3204
3237
3167
3205
3241
3290
3336
3379
3399
3440
3479
3535
3588
3633
3730
3826
3918
3952
3997
4058
4096
4161
4206
4240
4264
4272
4280
4294
4336
4357
4417
4515
4551
4590
4629
4682
4723
4747
4816
4876
4871
4867
4883
4927
4952
4981
5061
5106
5135
5135
5159
5168
5224
5272
5342
5395
5414
5460
5486
5497
5541
5620
5650
5695
5671
5680
5716
5746
5764
5791
5826
5898
5902
5959
5989
6013
6038
6074
6111
6140
6156
6198
