10926
10992
10740
10749
10433
10453
10362
10380
10341
10131
10110
9665
9654
9683
9684
9475
2877
1015
3939
1166
1392
1191
1384
1744
1647
1638
2402
6568
7758
2891
966
994
1008
991
991
935
937
971
1009
983
861
814
725
621
540
732
733
710
741
779
838
963
1021
1377
730
563
2412
3439
1804
1786
1848
1876
1520
1055
684
2452
636
1907
629
587
703
706
622
637
639
647
677
687
710
753
1811
1853
1852
1864
1920
1972
2045
2096
2167
2182
2194
2246
2252
2343
2430
2477
2553
2545
2551
2770
2774
2800
2837
2918
2945
2549
2603
2614
2592
2565
2541
2447
2491
2534
2815
2833
2873
2886
2872
2840
2874
2909
2952
2985
3019
3091
3112
3132
3156
3237
3296
3294
3301
3374
3418
3414
3383
3334
3311
3325
3331
3363
3519
3566
3612
3674
3734
3824
3853
3917
3857
3813
3830
3846
3848
3859
3924
3977
4031
4104
4192
4230
4285
4282
4289
4352
4367
4388
4411
4435
4473
4524
4611
4705
4775
4887
4980
5023
5051
5094
5173
5229
5251
5299
5390
5442
5483
5554
5603
5656
5707
5747
5807
5877
5949
6014
6052
6100
6149
6186
6209
6298
6350
6392
6451
6514
6560
6615
6674
6745
6780
6805
6877
6942
6946
6964
6991
7082
7125
7180
7225
7272
7306
7361
7402
7473
7503
7560
7606
7666
7714
7773
7795
7876
7909
8054
8089
8161
8181
8216
8280
8276
8318
8332
8376
8444
8493
8506
8559
8599
8635
8248
8285
8041
8090
8117
7663
7697
7475
7414
7442
7048
7048
6934
6979
6964
6531
6529
6511
6549
6609
5957
5985
5987
5959
5966
5490
5463
5104
5104
5107
4995
5002
4596
4620
4661
4500
4538
4149
4174
3990
3994
3996
3613
3591
3433
3497
3558
3263
3283
2855
2868
2862
2668
2686
2446
2409
2253
2301
2274
1838
1827
1793
1795
1775
1434
1480
1266
1277
1108
1159
1211
906
1016
608
615
655
733
902
623
667
566
661
921
595
1008
618
642
646
562
969
569
611
661
684
964
616
591
568
610
811
599
1045
574
606
693
587
822
602
636
544
612
774
612
979
587
648
788
568
748
562
621
562
606
909
588
594
636
681
975
608
943
602
627
685
746
1030
612
655
556
612
819
599
1005
599
630
683
576
827
597
629
541
605
812
638
958
596
600
615
660
993
617
653
553
580
846
597
1002
567
577
650
574
800
615
643
558
631
804
604
1021
602
624
712
620
838
612
652
540
596
940
584
617
661
700
946
627
871
608
655
574
623
801
607
971
585
633
665
674
951
628
633
660
737
978
598
773
627
638
510
596
995
605
614
600
657
949
579
929
589
587
596
581
915
591
627
651
677
916
601
882
582
603
640
674
999
574
579
571
624
820
604
973
612
634
674
700
948
660
671
703
778
993
613
825
582
594
565
563
893
622
708
680
713
813
617
996
634
648
546
558
798
626
1001
637
634
667
678
901
595
605
684
711
1048
606
904
625
601
665
705
746
552
999
648
626
667
586
830
607
627
571
607
804
603
993
620
684
674
689
966
614
620
542
581
957
618
638
659
666
974
589
945
631
700
761
751
1089
581
600
607
640
949
583
812
606
661
546
559
919
562
587
599
613
918
625
820
610
647
546
615
851
629
944
577
614
659
689
980
559
600
490
572
893
613
1038
604
633
662
693
995
610
654
536
558
783
588
966
629
641
670
715
994
608
629
674
693
958
600
799
603
648
768
582
724
568
619
651
715
1021
569
775
603
647
561
576
777
579
985
560
606
672
659
980
588
620
531
602
797
590
967
578
643
689
685
973
627
683
641
702
1068
601
750
541
598
511
579
993
617
604
642
680
776
631
1012
626
646
688
747
934
592
950
620
679
768
612
749
625
1036
615
630
696
636
833
592
640
494
590
823
614
1029
644
679
687
729
1044
621
655
543
582
808
590
1000
592
620
652
675
945
600
641
546
621
862
610
993
578
588
652
589
763
576
651
549
601
807
619
968
633
617
652
685
1009
616
632
680
667
936
572
766
571
628
573
617
797
574
972
583
600
610
602
912
587
577
563
561
761
581
944
557
610
702
653
991
590
601
599
654
886
570
802
604
643
535
580
797
601
850
587
630
553
603
958
618
634
627
662
956
596
784
592
633
557
605
979
577
652
640
683
918
603
968
608
634
570
582
805
586
1017
601
630
661
634
869
606
669
909
940
938
722
826
623
692
673
701
1028
638
825
610
643
655
703
1000
577
783
593
587
614
678
970
572
804
566
616
614
692
7496
7129
7903
7590
7598
7624
7610
14831
14457
14354
16173
2021
4420
1163
4002
4518
4362
4189
4340
702
1174
1177
1208
1853
634
614
612
570
1793
613
1767
1317
661
796
607
599
1174
1226
1228
1205
1177
1153
1767
614
1942
614
645
652
954
963
605
2122
649
601
2671
5289
3069
802
667
675
653
639
641
672
674
748
797
884
914
951
1023
1097
1169
562
587
634
774
781
816
2206
583
578
588
607
626
718
652
658
665
691
718
757
815
873
908
861
916
947
964
1046
1110
1181
1203
1246
1289
1335
1251
1288
1299
1326
1370
1382
1394
1464
1528
1596
1675
