6919
7396
7465
7633
7660
7722
7725
7814
7975
8054
8111
5656
5619
9936
7474
4530
734
577
625
629
682
729
751
767
817
1404
1218
646
652
689
752
804
796
860
798
900
926
965
1043
1055
1131
1200
1259
1320
1406
1429
1465
1496
1546
1461
1522
1552
1635
1676
1101
1097
1066
1130
1107
1133
1195
1298
1265
787
990
1007
1204
1286
1368
1490
1542
1538
1577
1593
1647
1729
1800
1922
1961
2022
2063
2118
2194
2244
2293
2338
2342
2360
2369
2393
2435
2480
2558
2621
2750
2811
2822
2857
2857
2926
2985
3035
3100
3111
3174
3205
3214
3217
3225
3265
3289
3330
3383
3399
3416
3437
3473
3500
3550
3573
3624
3637
3660
3672
3698
3724
3733
3786
3814
3860
3902
3968
4038
4073
4123
4143
4238
4283
4324
4372
4412
4465
4490
4551
4626
4635
4655
4688
4705
4723
4745
4789
4819
4812
4891
4919
4975
5043
5098
5142
5187
5242
5287
5327
5370
5394
5454
5509
5551
5584
5633
5681
5608
5648
5725
5775
5838
5899
5935
5977
6019
6076
6130
6184
6248
6300
6349
6379
6449
6516
6567
6628
6673
6740
6809
6875
6934
6963
6994
7000
7046
7088
7104
7138
7142
7146
7148
7116
7118
7128
7110
7179
6719
6720
6457
6469
6227
6246
6271
6017
6066
5605
5622
5719
5517
5574
5208
5199
4995
4988
4984
4553
4586
4592
4624
4634
4113
4115
3738
3725
3721
3709
3694
3315
3314
3151
3200
3200
2885
2926
2497
2472
2486
2341
2379
2083
2054
1913
1913
1949
1522
1518
1291
1264
1306
748
963
558
609
723
579
813
605
640
535
574
944
559
582
531
582
938
594
818
609
657
517
572
967
591
639
635
637
993
571
786
589
609
542
544
779
583
978
659
672
692
705
931
574
550
581
627
1034
548
946
586
630
696
564
902
583
652
633
679
990
568
835
607
644
525
568
829
554
981
591
636
706
648
839
607
1410
1349
1186
1132
1081
1099
840
874
908
960
1061
583
920
562
652
553
600
602
607
631
695
751
819
868
923
981
1028
1056
1075
1107
1118
1171
1243
1292
1370
1361
1410
1474
1522
1549
1612
1645
1704
1762
1819
1911
1687
1755
1625
1693
1772
1304
1387
1036
932
996
1011
1086
721
895
616
675
495
546
826
617
902
595
663
519
587
837
579
992
588
643
689
712
1048
579
646
650
731
942
648
981
592
606
639
637
962
591
802
575
625
527
589
891
596
919
581
603
561
611
927
609
621
635
641
964
587
810
628
684
583
654
1199
645
782
575
587
555
577
795
598
1007
575
595
620
675
1002
581
620
601
659
1045
578
814
613
623
559
594
835
604
980
606
627
673
711
1007
607
610
619
670
1069
610
834
618
642
537
598
825
602
1027
596
621
665
698
1001
562
577
587
613
951
581
842
603
608
636
658
995
591
839
596
618
563
582
825
592
818
584
611
564
597
786
586
871
601
646
576
604
826
608
972
594
670
674
672
997
587
593
589
625
913
611
834
576
612
530
599
819
601
945
574
597
647
707
1053
568
643
633
684
1184
640
747
561
585
548
565
815
623
1010
597
598
643
679
1004
611
638
657
756
1042
581
802
591
615
552
592
818
587
1030
594
635
680
720
828
595
984
599
624
677
708
975
599
667
625
667
1040
601
770
590
607
563
582
978
602
623
531
567
1009
597
635
546
617
946
629
632
561
585
947
590
605
679
695
969
611
992
626
689
743
623
905
604
644
536
646
975
602
654
498
590
1022
598
611
562
603
946
627
623
674
691
971
602
994
569
570
667
585
914
568
648
718
541
800
598
623
542
592
946
608
641
661
679
1042
605
976
632
662
687
718
963
611
711
667
738
1015
599
802
602
628
549
600
984
601
623
662
709
1029
606
950
598
617
706
640
801
594
596
525
583
941
599
658
662
721
1054
591
927
574
600
607
627
980
610
668
668
711
1035
580
904
565
618
694
607
999
599
635
549
583
1008
570
576
569
581
925
563
933
565
609
623
634
976
601
649
525
553
994
594
626
643
680
957
577
1030
631
633
651
654
983
612
656
495
561
868
589
1007
581
623
741
599
786
584
649
527
597
961
580
609
618
647
1003
579
962
566
572
743
574
820
583
579
517
580
969
593
666
582
622
997
554
982
604
607
614
598
935
600
622
539
571
798
619
1049
587
635
697
589
768
571
594
504
615
1149
583
641
587
609
860
577
955
580
595
714
565
919
587
633
665
700
1004
591
662
663
696
1119
584
892
561
571
583
572
993
558
583
560
585
944
608
604
626
670
976
596
3790
1425
1381
957
889
684
12365
11258
11256
11284
11312
11229
11252
11202
11224
11270
11297
11320
11373
11393
11450
11505
4433
4374
4414
4713
4763
4821
4786
4464
4405
4228
4061
3988
3970
3972
3968
3925
3896
3888
3871
3882
3917
3908
3983
4087
4092
4083
4056
4055
4083
4120
4128
4161
5086
5168
5219
5333
5410
5420
5456
5406
5398
5444
5469
5527
5597
5664
5713
5721
5716
5830
5878
5954
5962
5972
5996
6022
6050
6063
6070
6112
6171
6217
6243
6301
6350
6394
6459
6493
6579
6629
6669
6481
6493
6522
6522
6524
6539
6573
6605
6623
6651
6660
6704
6768
6823
6812
6845
