2993
3025
3074
1453
1855
1823
1652
802
5110
1648
1876
1535
884
1667
3151
1884
5575
761
663
680
692
711
680
664
592
659
709
715
690
648
665
716
801
853
877
879
1062
1083
1074
1128
1164
1200
1206
1240
1224
1234
1266
1289
1310
1335
1346
1379
1404
847
619
628
650
646
869
625
590
624
634
676
700
909
1063
1082
1070
1077
1117
1114
1112
1100
1149
1213
1243
1266
1296
1333
1374
1409
1454
1499
1554
1596
1666
1579
1615
1641
1686
1724
1739
1746
1738
1749
1798
1851
1907
1956
1965
1963
1975
1973
2010
2030
2083
2105
2099
2112
2088
2171
2237
2286
2294
2355
2399
2461
2563
2629
2672
2737
2783
2830
2870
2927
2975
3038
3101
3168
3269
3312
3348
3406
3446
3508
3578
3624
3704
3768
3797
3865
3921
3971
4023
4093
4120
4157
4207
4264
4324
4400
4373
4408
4459
4532
4607
4632
4619
4667
4561
4558
4552
4539
4557
4543
4533
4568
4591
4640
4685
4756
4793
4831
4865
4896
4949
4970
4942
4997
4985
5003
5002
5026
5077
5137
5208
5227
5283
5295
5319
5326
5319
5385
5400
5462
5483
5516
5558
5577
5612
5653
5512
5178
5155
5138
5117
5129
5106
4910
4968
4527
4550
4593
4328
4365
4136
4121
3813
3862
3870
3416
3420
3125
3139
3185
2551
2577
2143
2132
2109
1966
1971
1746
1745
1534
1540
1588
1147
1133
753
807
1070
599
820
610
661
556
578
927
622
644
656
705
1010
589
834
578
611
582
587
800
593
1007
630
672
720
744
1007
573
604
607
644
1047
568
987
603
637
711
725
1045
586
656
613
649
1074
565
838
594
637
525
608
859
570
971
599
579
634
615
794
624
974
590
676
728
571
986
602
610
638
691
968
601
804
610
645
567
642
828
608
1076
608
670
726
766
992
580
681
623
691
899
607
1071
645
621
670
718
997
591
826
586
648
550
586
786
595
867
600
657
603
639
970
596
904
596
661
596
645
988
593
820
606
617
531
562
786
588
908
574
608
535
582
794
573
999
583
602
630
674
985
596
612
633
705
908
624
1010
613
668
724
730
1038
610
841
573
597
543
605
882
624
899
596
629
553
615
961
597
606
639
669
991
607
836
603
616
624
612
1071
628
779
585
575
550
581
833
579
1001
594
585
601
616
924
566
589
596
633
1015
608
764
559
593
541
552
793
618
1010
591
613
667
682
1086
590
592
596
647
1008
619
875
621
625
514
570
846
590
1036
595
666
716
708
1054
563
559
566
571
885
588
824
599
658
599
569
1026
597
811
605
625
556
612
854
609
875
601
650
535
593
832
581
875
588
597
548
576
766
600
1013
561
589
638
652
966
548
583
576
594
1073
600
786
575
603
562
624
764
599
1033
587
587
626
672
1038
570
574
581
579
935
595
855
563
590
577
590
779
601
996
560
577
602
669
1032
588
581
623
625
1008
559
780
584
606
542
596
820
583
1019
587
615
644
687
870
582
991
581
603
650
690
983
578
630
584
624
1064
559
783
580
562
558
565
961
567
576
552
570
948
596
627
537
601
989
609
651
509
540
967
570
571
630
670
969
571
920
569
653
734
595
813
590
641
527
626
1002
596
611
558
599
975
615
555
569
586
903
614
630
665
677
997
581
953
597
661
799
602
1014
559
592
634
592
838
599
635
530
589
933
610
635
659
676
1054
605
984
630
668
683
709
988
612
706
652
721
1071
614
822
592
664
544
590
1063
605
589
596
607
915
570
979
584
590
671
632
794
567
622
527
602
921
601
644
623
652
997
588
928
584
586
580
562
931
579
633
637
652
1009
563
906
547
565
598
578
973
585
591
562
595
997
547
580
586
613
989
573
934
591
613
671
732
1099
588
621
544
590
1033
611
661
645
695
1018
598
992
578
591
597
611
972
624
684
472
564
905
586
1043
595
595
671
591
788
579
632
526
592
963
572
614
558
608
984
572
905
563
550
693
563
845
601
607
507
567
1014
559
571
579
570
930
584
943
579
575
562
583
959
603
639
496
534
892
612
1081
611
626
659
558
762
608
638
536
589
1069
605
647
571
610
842
591
979
590
601
716
597
976
607
636
671
711
1036
622
686
657
708
1047
585
948
578
580
598
580
976
574
592
562
552
974
570
574
581
579
927
589
937
592
597
594
577
989
578
604
545
579
832
598
1155
585
593
700
597
740
601
615
556
590
792
590
1018
5849
1740
878
1687
1332
1376
1148
931
14849
8021
839
7226
691
638
616
638
1973
790
715
639
580
1142
1125
1171
581
784
1421
1309
4492
7145
1759
7432
5326
3123
5238
2778
2644
709
1922
618
680
631
639
666
6786
765
618
5848
766
611
620
598
583
576
599
646
674
699
722
759
780
782
814
885
935
949
960
1030
1053
1072
1097
1117
1143
1170
1218
1235
1288
1357
1416
1490
1535
1566
1562
1632
1677
1734
1822
1865
1895
1971
2020
2074
2162
2196
2237
2299
2336
2390
2469
2518
2547
2596
2591
2621
2669
2705
2721
2738
2766
2807
2852
2915
2952
2988
3047
3090
3139
3116
3197
3191
3227
3272
3331
