4813
5269
5312
5362
5771
5182
5500
1936
1976
2023
2090
2224
2164
3432
2953
546
1206
1170
904
1056
3203
2363
2443
2303
2376
2486
965
4013
1204
708
714
1977
1327
1089
646
669
745
722
772
842
3562
881
551
583
694
703
664
703
790
857
917
986
1067
1122
1211
1228
4005
8826
8483
3569
1381
3586
3155
764
4629
608
3472
610
606
605
817
3622
610
587
612
655
677
764
595
610
638
4524
625
595
594
600
1942
2896
1351
6773
1943
622
1844
667
624
605
597
607
650
695
744
781
794
832
872
919
954
1013
1067
1099
1143
1199
1262
1271
1306
1360
1439
1464
1520
1557
1588
1633
1651
1689
1733
1766
1821
1864
1907
1944
1955
1966
2027
2061
2078
2106
2173
2198
2232
2258
2306
2351
2337
2400
2440
2478
2534
2593
2631
2671
2708
2798
2856
2881
2938
3008
3072
3086
3110
3123
3144
3156
3144
3182
3212
3227
3254
3262
3296
3327
3346
3391
3436
3469
3491
3523
3531
3562
3585
3604
3662
3705
3713
3730
3746
3781
3812
3860
3936
4004
4065
4124
4190
4140
4190
4242
4298
4323
4345
4351
4368
4399
4451
4505
4572
4589
4607
4616
4638
4643
4724
4775
4824
4874
4810
4819
4837
4854
4930
4987
5063
5085
5129
5154
5172
5184
5268
5305
5362
5380
5398
5399
5416
5422
5425
5429
5429
5491
5524
5562
5601
5629
5687
5759
5814
5912
5995
6054
6117
6210
6236
6288
6334
6380
6431
6497
6546
6601
6619
6649
6702
6727
6743
6792
6807
6841
6832
6865
6918
6929
6986
7010
7039
7077
7093
7139
7112
7130
7185
6780
6794
6540
6556
6455
6516
6505
6074
6120
5813
5862
5760
5771
5803
5389
5415
5048
5100
4975
5003
5022
4596
4624
4348
4355
4146
4202
4200
3912
3938
3552
3521
3558
3603
3590
3346
3366
3087
3107
2915
2924
2938
2646
2672
2238
2266
2336
2339
2366
2078
2109
1818
1871
1679
1713
1732
1438
1472
1013
1054
1071
1089
1128
816
1000
595
645
661
718
984
640
719
635
724
910
612
866
613
985
629
680
692
679
833
578
920
605
685
701
678
982
586
634
631
650
801
590
993
578
674
559
594
823
594
862
642
682
565
621
791
615
865
601
624
568
588
764
618
887
603
672
564
600
723
594
908
634
694
582
627
837
619
832
625
635
549
636
904
615
858
632
662
533
581
830
630
844
600
638
562
612
857
596
937
622
659
581
627
813
616
972
606
662
743
726
1004
587
635
642
676
854
619
981
603
656
704
722
987
590
799
589
621
564
580
813
576
968
584
597
637
661
954
557
579
578
632
787
571
953
572
596
638
662
861
598
964
580
605
641
663
956
588
797
598
646
631
662
862
584
937
639
679
717
742
955
597
801
1074
577
628
604
609
660
783
590
632
591
643
972
600
918
606
632
662
694
771
601
1017
567
633
508
554
852
599
941
649
685
497
583
1201
600
840
633
699
568
582
805
608
875
620
699
548
590
866
621
871
631
697
652
714
1060
611
836
629
720
664
695
995
623
800
615
640
628
662
849
621
1015
578
605
608
605
919
621
774
595
626
564
593
829
644
865
624
664
651
680
966
644
940
620
652
688
715
998
611
659
556
601
790
626
1094
644
615
650
667
878
602
602
562
603
799
615
992
625
649
684
716
988
620
695
538
621
977
615
668
681
702
941
642
949
623
672
750
690
1020
608
643
557
613
981
577
588
602
635
873
547
921
548
564
571
591
962
581
637
543
569
799
551
948
611
658
721
747
1050
618
629
663
716
1012
587
842
599
622
542
613
834
595
1048
590
666
680
697
1022
585
595
671
706
977
615
837
574
617
542
601
809
609
1168
662
688
756
800
1028
658
694
721
758
989
605
785
597
618
551
621
779
593
918
640
703
526
598
942
575
652
595
683
928
617
1058
611
640
570
623
809
608
1037
580
607
650
672
945
612
688
673
689
1039
600
946
633
635
666
689
971
595
660
694
741
987
585
849
605
663
535
599
780
594
1015
604
666
695
746
973
561
598
574
598
867
602
985
578
612
598
635
969
592
621
532
589
821
618
948
573
578
670
605
1055
585
4612
1162
5701
814
858
759
763
737
788
814
829
768
739
760
764
740
729
752
713
742
712
730
752
719
736
727
762
737
745
725
709
743
722
727
746
709
825
927
1254
1809
1880
1905
2206
1243
1424
1441
551
1065
4802
622
1161
1341
625
554
1119
565
1124
1170
1195
1065
1022
953
591
643
582
599
614
623
654
660
689
719
759
852
917
951
966
1034
1085
1123
1169
1203
1251
1334
1396
1410
845
802
807
913
975
995
1024
1111
1042
1045
1050
1051
1062
1072
1050
1054
1080
1155
1208
1241
1272
1291
1362
1403
1442
1475
1510
1535
1580
1572
1593
1605
1664
1708
1775
1834
1908
2000
2018
2078
2114
2130
2174
2201
2340
2485
2604
2608
2342
1804
1843
1932
2011
2058
2116
2139
2178
2214
2273
2357
2428
2471
2505
2530
2565
2601
2657
2716
2814
2877
2879
2875
2908
2964
3024
3111
3169
3247
3302
3392
3437
3511
3553
3609
3650
3691
3741
3778
3806
3819
3830
3863
3889
3954
3996
4031
4060
4103
4124
4146
4191
4276
4354
4392
4414
4462
4513
4543
4603
4680
