12154
12199
12197
12681
12664
12512
12486
12467
12412
12317
12221
12201
12194
13594
13496
13482
13471
13457
13452
15042
15024
15003
15023
15002
17048
17139
17716
17773
17782
17778
17768
17747
17762
17782
17750
17758
17784
17802
17780
17773
17751
17791
17829
17836
17837
17874
17871
17889
17890
17909
17927
18031
18053
18058
17981
14605
17241
17240
17236
17238
17242
17250
16953
16897
16869
13511
13458
13434
13772
13762
13689
10896
635
1860
1281
1210
1084
1019
973
1014
1039
1031
1070
1129
1169
1216
1333
1318
3631
1100
911
918
969
971
998
1032
1093
1154
1196
1248
1298
1345
1368
1421
1449
1468
1524
1596
1636
1682
1708
1769
1832
1877
1955
2019
2062
2119
2178
2245
2317
2399
2331
2401
2411
2450
2493
2573
2619
2501
2576
2597
2614
2617
2689
2679
2729
2758
2812
2858
2875
2883
2920
2924
2964
3009
3061
3135
3219
3339
3458
3640
3716
3610
3598
3570
2957
3011
2476
2487
2439
2457
2495
2147
2200
1724
1758
1764
1754
1785
1509
1574
1105
1155
1097
1168
1245
772
910
603
681
528
575
1092
587
913
613
627
533
604
857
585
1038
607
674
536
576
895
601
1064
592
659
699
643
1051
595
662
631
696
1057
603
1072
595
659
652
732
958
617
998
587
637
693
709
868
590
1038
591
656
614
685
872
560
1041
597
680
682
757
930
584
1066
590
646
615
665
1082
562
865
574
647
613
697
915
592
1034
628
703
645
705
1125
578
881
577
617
533
582
929
580
948
616
693
546
557
861
568
932
575
616
514
565
835
563
829
573
618
520
559
821
560
1074
536
596
667
665
850
576
1051
553
599
683
521
847
587
639
549
632
1168
590
828
599
629
573
614
789
531
977
664
711
488
548
1002
583
612
521
546
1044
555
821
593
622
531
564
879
614
1086
568
632
701
577
1122
595
636
584
595
1030
528
808
597
635
528
587
948
589
966
569
615
496
564
806
569
1061
565
622
672
872
1035
580
620
568
625
1123
588
899
621
684
603
657
1073
618
876
591
626
534
572
849
545
970
711
1727
1294
1300
711
744
1133
1648
1678
1708
1753
1809
1879
1950
2000
2040
2087
2125
2144
1718
1773
1869
1940
2033
1103
1123
898
972
745
759
613
873
1646
1741
1774
1586
1537
1550
1258
1313
1216
1331
2929
1330
1334
1340
1344
1352
1376
1438
1498
1600
1623
604
568
582
622
692
750
765
836
862
919
6701
926
989
1048
1098
1160
1247
1362
4129
12619
633
633
683
757
775
846
906
997
1002
1040
1066
1098
1146
1197
1239
1309
1300
1329
1360
1385
1410
1452
1501
1601
1606
1615
1672
1702
1741
1813
1827
1886
1900
1925
1975
2017
2084
2139
2182
2239
2255
2258
2296
2381
2441
2510
2550
2587
2545
2538
2563
2614
2625
2655
2682
2721
2691
2715
2749
2756
2793
2843
2878
2899
2908
2955
3030
3081
3140
3214
3255
3270
3244
3294
3323
3320
3370
3420
3479
3535
3509
3572
3614
3648
3711
3789
3821
3870
3855
3874
3889
3880
3909
3944
3962
3984
3973
4013
4044
4097
4093
4109
4137
4162
4153
4182
4211
4241
4246
4219
4198
4230
4283
4313
4371
4404
4453
4479
4527
4591
4632
4680
4738
4785
4824
4839
4868
4901
4914
4950
4994
5004
5040
5049
5085
5071
5047
5033
5053
5074
5124
5240
5278
5268
5301
4886
4932
4892
4881
4881
4268
4262
4264
4224
4238
3898
3887
3661
3675
3544
3565
3553
3169
3212
3235
3263
3383
2801
2742
2525
2531
2373
2377
2394
2123
2125
1696
1697
1721
1801
1892
1492
1500
1424
1415
1440
1013
1084
674
713
753
798
1233
633
658
665
694
873
591
813
624
651
582
597
1120
596
1106
591
604
614
571
779
640
638
558
598
801
620
995
591
586
736
612
787
608
636
553
604
894
569
622
543
621
1035
601
1063
603
646
553
589
923
613
624
656
714
977
614
844
599
639
556
600
824
588
1081
570
610
609
587
785
586
610
551
601
791
597
964
588
608
721
588
807
636
635
546
565
805
589
986
594
607
653
691
954
583
597
539
581
845
623
1025
622
634
649
596
905
586
614
530
597
830
641
1146
586
602
658
716
984
573
598
537
605
829
590
1044
601
624
663
618
906
646
687
493
577
959
596
633
587
668
1038
598
858
620
640
572
586
916
606
591
590
655
944
601
943
621
651
706
756
1081
591
593
582
625
854
610
949
583
595
722
613
820
614
656
543
610
1020
607
634
651
672
986
636
978
619
632
658
668
1024
619
618
556
597
934
601
611
648
649
984
601
985
606
650
637
637
972
597
623
531
599
873
584
1012
588
611
632
573
856
605
613
577
630
808
583
997
593
626
644
606
825
578
593
537
573
995
564
588
610
688
1521
1083
1315
952
894
974
981
2141
1341
1297
778
968
772
777
740
559
654
763
706
710
751
769
733
720
775
734
723
733
718
746
755
743
741
764
727
734
745
758
752
723
750
751
710
768
1155
1371
1412
794
834
1235
1223
1675
1283
1647
2004
2201
2414
2462
2480
2508
2926
1101
1096
3500
788
1185
1576
1803
2204
2725
3155
3555
3563
3808
4074
4170
4742
5269
5520
5203
5393
5069
5455
5600
5928
6240
6404
6843
7174
7420
7800
7988
8412
8803
8989
9373
9771
9956
10315
10464
10717
11083
11315
11649
11988
12159
12498
12657
13000
13396
13722
13906
14275
