5513
4893
4906
4888
4746
3901
2504
6866
682
1561
581
1564
878
1256
1287
869
2033
1956
1950
1961
858
899
978
677
3900
871
713
700
1490
1444
1034
666
648
643
651
678
714
730
734
724
555
596
633
723
715
798
639
651
692
728
755
784
840
897
976
1016
893
892
906
1187
803
631
645
651
703
766
768
726
762
831
879
946
1053
1205
1268
1118
1119
1152
1208
1246
1271
1327
1354
1399
1425
1466
1543
1611
1648
1701
1744
1774
1827
1888
1994
2052
2136
1769
1791
1818
1870
1926
1999
2040
2092
2193
2270
2347
2359
2447
2435
2501
2532
2583
2561
2592
2601
2617
2655
2684
2695
2722
2754
2799
2864
2877
2888
2922
2967
3009
3052
3116
3215
3212
3262
3303
3365
3423
3465
3544
3606
3663
3644
3671
3765
3816
3872
3906
3947
3994
4036
4092
4139
4158
4205
4235
4285
4335
4388
4470
4536
4595
4670
4710
4719
4725
4755
4768
4798
4855
4898
4888
4886
4911
4916
4930
4952
5010
5067
5068
5068
5098
5128
5116
5142
5171
5234
5278
5313
5327
5361
5401
5433
5474
5497
5502
5566
5576
5595
5613
5637
5693
5736
5771
5798
5484
5510
5559
5302
5322
4941
4962
4694
4741
4743
4471
4488
4132
4152
4013
3997
4054
3824
3815
3307
3328
3326
3346
3382
2948
2971
2940
2968
2950
2618
2636
2235
2226
2270
2273
2268
2027
2026
1613
1620
1601
1661
1723
1243
1280
999
1004
843
881
896
674
1040
586
614
653
740
1039
607
636
675
709
848
593
977
583
600
612
609
995
575
784
603
617
561
610
829
565
867
601
626
585
609
866
614
945
582
586
583
637
890
599
615
652
731
1032
578
799
588
646
578
663
1006
594
806
576
624
561
605
844
613
1004
598
637
695
713
1010
611
624
525
665
833
628
939
608
691
724
722
823
578
791
598
636
554
611
790
598
845
601
670
534
564
789
556
1060
618
620
645
701
916
606
1056
606
621
673
721
1004
621
719
665
741
1001
584
827
584
610
534
585
795
611
873
608
647
507
574
824
604
907
588
601
549
573
807
598
988
617
664
709
759
849
634
987
611
666
681
709
1013
611
629
684
737
858
634
1029
601
656
688
719
970
625
872
594
605
558
578
798
574
1026
577
614
679
718
1001
602
644
675
731
933
613
1042
594
628
504
568
833
597
821
594
657
526
594
1013
589
607
626
673
1013
569
992
566
556
665
582
917
598
615
697
608
998
607
667
699
553
927
595
578
622
685
993
616
640
548
576
981
612
628
544
605
955
600
633
634
678
986
589
944
607
639
702
594
976
599
638
711
624
942
602
620
707
620
931
599
635
671
685
1027
600
637
562
635
935
616
637
663
721
993
600
865
660
694
529
641
893
625
1050
608
645
670
562
814
624
643
556
623
927
624
704
680
740
1040
612
940
604
628
678
700
1002
614
662
663
698
999
594
970
601
632
698
545
850
592
625
536
597
968
612
637
624
629
972
600
961
578
577
677
587
795
582
622
522
542
955
607
651
556
574
784
593
1008
565
639
751
581
810
597
616
586
611
841
583
948
620
665
716
585
811
584
639
514
605
1016
610
607
619
663
969
618
806
616
646
549
615
921
603
680
629
696
1024
602
897
626
634
645
674
972
626
642
682
721
971
603
873
588
655
553
613
790
640
1049
595
656
680
545
850
651
682
529
575
815
585
1047
594
596
650
620
955
590
604
625
628
961
614
640
541
544
843
597
962
580
651
710
547
830
590
645
567
598
802
601
963
602
634
679
723
1037
625
662
678
721
997
614
833
614
618
581
632
941
590
598
613
632
928
580
825
598
581
542
588
889
583
946
577
591
571
562
833
590
665
559
598
959
613
646
646
694
989
625
909
590
610
515
563
813
574
884
658
707
562
625
1008
639
645
676
699
977
578
1020
597
600
635
698
989
642
717
660
682
993
590
801
616
620
546
608
931
608
692
633
698
945
618
979
584
644
748
600
806
593
626
520
576
958
592
621
662
674
1007
599
1016
575
618
690
598
825
609
645
557
600
750
581
1003
585
641
686
684
1061
586
600
531
572
802
567
974
600
671
2677
598
600
600
607
621
644
675
731
794
833
886
934
958
961
994
1008
879
895
995
614
671
619
652
1016
602
922
600
625
666
703
985
589
624
510
571
855
618
1021
619
709
787
751
997
582
628
504
564
989
590
695
616
684
1084
578
800
637
681
880
910
1029
1348
2405
2153
1332
1366
17245
3243
1660
1621
716
656
612
620
592
594
600
636
640
681
728
665
626
604
646
638
700
734
824
833
916
1029
1062
950
942
966
986
1021
1038
1088
1118
1187
1250
1359
1378
1408
1406
1418
1474
1533
1615
1669
1721
1767
1822
1868
1922
1978
2016
2041
2073
2106
2228
2323
2396
2451
2360
2349
2363
2326
2317
2280
2277
2271
2301
2359
2371
2378
2414
2460
2476
2484
2516
2514
2551
2555
2569
2593
2610
2600
2596
2632
2674
2714
2759
2830
2919
2975
3023
3079
3097
3098
3166
3180
3207
3273
3339
3406
3460
3435
3452
3456
3457
