13171
13052
13139
13131
13033
13080
16591
16570
16571
16563
16586
16584
16597
16589
16588
16586
16585
16612
16680
16696
16726
16773
16701
16354
13178
7228
8052
844
748
1387
6525
1856
1167
2170
2053
1967
787
730
825
541
575
851
2442
797
662
604
582
613
625
695
726
797
1337
1210
1221
1319
1040
4065
720
2107
925
738
620
598
600
585
609
611
678
701
769
819
881
1134
1207
1263
1382
1562
1051
995
1058
1109
1120
1156
1172
1213
1242
1297
2156
2240
2289
2340
2285
2397
2454
2498
2527
2540
2528
2534
2542
2724
2800
3050
3124
3171
3306
3364
3425
3376
3447
3473
3581
3607
3661
3701
3765
3818
3893
3963
4015
4083
4128
4178
4242
4294
4399
4462
4501
4517
4530
4537
4565
4581
4611
4715
4760
4757
4810
4857
4908
4937
4989
5035
5086
5157
5183
5229
5278
5312
5374
5471
5486
5530
5589
5622
5638
5656
5691
5728
5745
5783
5808
5825
5871
5923
5939
5975
5996
6046
6091
6145
6174
6233
6280
6355
6420
6429
6468
6503
6532
6612
6674
6731
6770
6818
6865
6943
7011
7049
7099
7139
7177
7237
7253
7285
7314
7345
7361
7386
7439
7472
7485
7540
7595
7616
7638
7659
7687
7696
7749
7759
7796
7837
7881
7900
7935
7957
7995
8035
8073
8111
8151
8166
8205
8258
8290
8329
8406
8497
8518
8562
8578
8624
8642
8682
8693
8720
8720
8744
8813
8822
8841
8846
8874
8909
8953
8569
8613
8317
8350
8143
8176
8182
7914
7934
7621
7640
7515
7533
7551
7154
7123
7100
7074
7104
6739
6758
6465
6447
6251
6296
6321
6111
6152
5653
5633
5618
5604
5612
5322
5404
5419
5428
5456
4998
5030
4557
4552
4571
4596
4586
4143
4182
4003
4020
4021
3811
3805
3384
3385
3385
3293
3302
2961
2963
2798
2812
2801
2426
2420
2452
2460
2470
2010
2027
1656
1667
1665
1519
1560
1332
1403
1123
1108
1156
799
829
826
869
1022
626
1019
618
657
704
675
1030
593
634
567
619
938
616
981
600
621
663
575
843
602
671
513
593
954
591
691
681
750
995
606
823
590
640
564
614
840
611
974
601
633
667
708
969
583
609
506
584
813
607
969
601
663
790
589
831
599
639
655
624
762
631
1005
584
616
703
599
857
548
593
544
610
832
572
983
610
631
677
720
959
600
685
649
704
1368
587
1140
612
618
650
671
1036
592
610
523
559
819
629
1023
595
607
613
637
1001
605
609
683
735
1038
598
965
603
620
708
587
892
613
614
552
622
820
598
1021
585
588
618
627
950
613
679
511
557
897
589
947
573
576
610
632
962
589
629
691
738
992
581
810
612
679
544
600
829
606
1008
605
627
711
595
829
595
628
544
574
971
601
628
661
702
1011
552
826
598
585
492
548
982
571
626
648
666
1112
581
783
569
579
544
633
1014
576
593
569
566
797
594
990
579
587
688
610
1033
612
624
626
656
985
614
604
627
683
1043
618
843
614
635
565
597
984
570
597
609
608
939
566
895
614
618
626
661
1059
596
621
546
594
792
572
988
573
599
704
584
821
593
650
542
617
1047
607
598
610
628
935
605
986
591
609
632
626
955
578
619
563
576
806
601
1018
573
589
690
606
809
586
636
556
575
798
608
1054
587
605
663
561
791
574
591
532
593
815
585
1040
576
580
616
640
1048
595
596
635
668
864
617
994
606
614
681
717
982
599
875
623
673
606
671
1013
620
835
594
563
558
592
823
604
1013
611
677
706
699
1095
631
666
685
722
878
628
1027
597
636
639
681
947
574
832
574
643
535
586
1032
623
846
596
635
574
638
1077
583
811
589
629
614
664
974
557
837
579
589
583
612
824
610
1018
623
646
683
696
1041
603
629
678
755
888
603
997
593
619
665
728
921
631
1029
610
677
648
660
995
590
787
624
685
618
678
1032
608
815
565
591
539
603
1047
589
835
587
637
505
562
801
562
922
576
608
514
576
849
587
1086
572
588
613
657
1026
607
610
633
648
879
595
1034
614
680
630
668
1012
619
860
585
596
572
602
852
587
988
592
611
630
643
900
618
974
605
628
685
723
850
604
975
616
671
702
671
1090
622
627
646
658
1023
598
785
584
628
553
617
810
579
881
607
609
567
597
829
614
998
584
612
668
716
882
616
1008
599
681
696
663
1032
614
633
943
967
1009
682
993
630
640
685
720
808
605
1012
640
716
638
679
1015
605
818
622
671
554
584
786
579
841
592
630
555
602
786
606
908
613
640
545
578
806
590
852
574
626
5614
2162
1078
1933
1089
1597
1270
1343
936
900
848
927
932
996
1007
911
701
632
1036
1405
1262
1102
962
716
884
743
730
777
747
1537
1678
639
676
139724
661
843
620
597
563
565
1056
615
644
570
608
905
625
1126
581
585
810
584
1108
596
602
617
664
1157
586
631
556
617
920
585
1126
621
658
862
592
924
610
625
497
559
939
610
1106
586
588
758
574
921
603
634
528
588
884
587
1136
608
608
688
581
914
617
666
552
590
906
603
1061
602
608
618
619
1046
621
649
701
751
1100
600
854
604
659
549
612
904
642
1087
606
610
714
582
868
