5613
5628
5677
5705
5783
5870
5919
6035
4135
3951
3580
3584
3548
3296
3129
1673
1671
1553
1458
1404
1308
1372
1196
1213
797
851
925
881
16183
1109
1632
1085
912
925
941
956
987
1003
1012
1052
1147
1766
1818
1895
1719
1757
1815
1184
1220
1268
1356
1513
1506
1490
1456
1589
1639
1929
1714
1728
1710
1359
1393
1294
1306
1287
1304
1291
1291
1313
1345
1380
1452
1538
1601
929
1035
1034
1078
1129
1351
1374
1420
1429
1467
1463
1522
1761
1803
1837
1785
1788
1810
1824
1846
1882
1899
1947
2000
2041
2107
2152
2193
2231
2324
2342
2380
2424
2488
2535
2639
2722
2833
2912
2972
3026
3050
3069
3106
3180
3207
3230
3296
3302
3337
3342
3396
3444
3461
3491
3546
3577
3614
3674
3720
3808
3866
3934
3986
4051
4088
4104
4126
4137
4182
4231
4264
4319
4359
4363
4413
4498
4553
4607
4585
4595
4564
4649
4139
4189
4226
4211
4234
3796
3780
3751
3800
3872
3521
3538
3084
3158
3084
3105
3153
2690
2673
2358
2368
138836
651
819
611
622
630
693
973
597
618
551
581
838
591
981
611
630
741
582
993
602
632
658
686
945
613
685
550
574
843
603
994
605
624
731
592
743
615
679
533
598
862
616
1016
624
576
710
593
819
590
606
587
608
799
617
970
608
668
665
577
841
607
662
493
567
866
623
966
627
612
691
718
955
620
665
705
774
976
613
800
618
676
543
617
794
613
953
609
659
689
583
812
600
624
532
592
1002
558
609
625
643
896
588
952
605
624
632
646
807
594
600
656
697
1041
571
906
581
603
680
606
791
614
662
536
606
926
630
655
683
710
953
606
823
607
670
577
631
816
617
957
610
632
688
730
940
602
643
579
592
603
599
847
595
594
620
560
819
617
637
545
596
1003
578
584
603
633
873
604
861
629
649
529
612
984
602
607
632
669
985
605
910
605
664
684
685
974
601
614
550
601
804
626
1083
617
640
685
718
936
611
655
662
697
943
594
900
584
613
627
630
999
582
581
621
614
928
581
594
604
616
896
598
883
573
584
599
645
967
584
634
514
537
999
583
570
591
647
927
602
959
602
622
676
718
995
605
655
541
610
1031
618
844
620
637
569
614
781
594
1345
633
669
707
578
814
593
620
528
582
785
577
1034
614
655
696
725
958
611
630
642
666
1005
606
994
650
670
702
715
960
612
632
516
586
807
606
1019
599
656
691
573
797
601
651
544
624
979
602
609
643
683
1062
609
790
595
622
506
573
966
624
632
518
543
769
568
1051
606
638
662
583
975
591
602
639
666
938
608
663
678
703
988
598
866
648
684
712
746
967
585
617
524
554
804
604
1103
946
605
613
650
680
720
758
731
778
994
588
608
643
659
966
584
1042
625
679
750
718
1019
583
622
491
582
852
660
981
579
595
685
605
842
612
627
547
604
925
606
663
508
578
820
605
974
599
642
631
577
813
586
632
594
588
907
577
604
631
669
946
561
907
557
597
723
575
796
580
611
512
580
981
570
581
603
630
961
602
897
567
595
613
588
967
588
597
534
585
795
587
1009
630
670
696
720
990
614
666
534
562
802
578
962
619
664
720
732
1043
612
684
638
676
4051
4874
3487
1936
1148
12867
12080
12103
12104
12081
12037
11967
11929
11915
11918
11897
11906
11901
11927
11957
11961
11971
11999
11995
12003
12007
12022
12055
12097
12619
658
628
640
841
942
3192
870
618
659
796
837
897
955
1027
1080
1148
1176
1160
1232
1261
1498
1527
1536
1559
1617
1630
1666
1679
1725
1740
1812
1849
1947
2001
2077
2111
2128
2159
2234
2371
2439
2557
2607
2555
2579
2619
2709
2784
2838
2890
2928
2927
2968
3010
3044
3101
3183
3248
3291
3354
3383
3444
3490
3557
3646
3691
3734
3771
3817
3865
3934
4021
4076
4155
4192
4232
4290
4289
4330
4386
4425
4451
4518
4578
4617
4688
4730
4805
4822
4873
4939
4981
5029
5077
5106
5156
5192
5232
5302
5393
5443
5506
5535
5571
5594
5631
5711
5790
5849
5907
5975
6010
6055
6116
6219
6292
6369
6399
6481
6530
6556
6602
6653
6700
6750
6782
6794
6793
6818
6819
6820
6823
6842
6866
6938
6949
7012
6818
6863
6902
6942
6960
6974
7027
7067
7146
7177
7206
7231
7277
7329
7349
7379
7451
7456
7523
7565
7614
7697
7707
7750
7803
7813
7860
7908
7961
7768
7816
7831
7535
7590
7287
7363
7139
7115
7132
6746
6750
6699
6736
6768
6261
6292
6070
6103
5860
5908
5895
5605
5643
5333
5351
5242
5238
5235
4956
4974
4527
4527
4493
4494
4504
4021
4055
4089
4120
4162
3750
3768
3529
3547
3401
3470
3469
2996
3058
2747
2790
2563
2516
2565
2346
2398
1985
2023
2036
2010
2054
1548
1598
1546
1588
1621
1174
1207
993
1050
841
855
892
679
920
602
642
548
578
776
595
991
610
682
699
668
941
575
686
632
707
1035
528
765
559
597
568
562
785
558
937
583
617
641
550
799
579
576
556
636
1009
576
765
559
572
515
613
852
553
969
565
605
651
718
1033
583
647
677
753
949
603
924
546
585
576
600
798
598
858
587
572
516
581
864
578
925
566
572
633
638
875
618
633
668
705
1064
602
768
587
