5105
5143
5172
5218
5322
5372
5402
3670
3134
4951
4798
1311
1128
1154
516
604
538
1237
968
1663
1596
1605
1614
1634
3327
4394
4481
4553
4992
3826
3540
6051
1969
717
563
576
586
607
610
629
657
1200
640
627
655
666
737
890
1190
852
888
894
885
869
899
873
911
975
1040
1111
1151
1153
796
827
1072
584
542
574
598
618
678
687
706
773
848
905
990
1048
899
915
970
968
1006
1068
1137
1175
1209
1231
1321
1342
1400
1393
1408
1445
1458
1482
1511
1551
1590
1629
1653
1712
1755
1814
1841
1846
1870
1915
2002
2107
2190
2279
2337
2361
2401
2441
2442
2462
2493
2530
2545
2594
2652
2718
2782
2869
2936
3021
3079
3168
3244
3260
3327
3360
3366
3389
3419
3429
3451
3474
3465
3489
3549
3590
3588
3613
3602
3646
3654
3703
3740
3753
3753
3859
3932
3936
3950
3991
4036
4043
4046
4077
4090
4104
4115
4144
4189
4194
4208
4233
4264
4277
4289
4293
4323
4355
4365
4382
4394
4402
4421
4451
4477
4520
4549
4597
4647
4699
6195
6228
6227
6272
6300
6333
6359
6417
6398
6381
6358
6356
6126
4590
9691
994
2425
2100
2443
2429
2437
2459
1880
1520
872
845
787
766
716
711
555
554
594
600
659
732
798
913
999
1069
1138
1199
1239
1300
1339
1430
1492
1510
1555
1624
1655
1686
1752
1829
1897
1972
2012
2031
2080
2126
2158
2255
2326
2392
2236
2284
2330
2385
2478
2560
2652
2678
2681
2707
2720
2727
2799
2867
2966
3019
3068
3105
3154
3209
3247
3345
3420
3453
3511
3544
3584
3649
3712
3791
3844
3938
3979
3990
4056
4136
4183
4260
4298
4352
4397
4477
4505
4559
4586
4627
4710
4775
4823
4883
4909
4923
4957
4987
5014
5067
5125
5185
5236
5267
5331
5415
5528
5609
5684
5740
5803
5819
5878
5916
5941
5978
6019
5982
6038
6100
5733
5758
5479
5464
5283
5264
5265
4967
4943
4548
4528
4568
4573
4600
4232
4281
3848
3885
3921
3853
3819
3411
3410
3402
3437
3467
3063
3111
2739
2734
2546
2515
2521
2284
2306
2001
2026
1849
1873
1838
1585
1640
1352
1350
1112
1091
1094
849
979
578
591
639
684
772
558
976
579
660
661
674
1048
602
618
667
700
804
642
979
586
654
687
741
1038
581
889
595
637
529
570
828
584
1037
572
577
594
600
883
612
606
653
689
888
597
993
593
636
590
613
783
601
924
580
608
565
579
900
602
651
571
576
997
552
926
565
573
712
578
888
599
687
772
573
973
589
667
706
577
962
615
605
582
628
970
613
635
512
553
944
612
634
510
583
948
574
642
609
675
1034
567
915
572
635
762
581
966
578
604
717
644
992
600
643
776
602
1038
597
642
701
741
1044
609
636
523
626
939
586
636
651
690
976
596
838
633
693
557
591
785
638
1043
615
648
731
602
814
631
666
563
611
947
598
671
658
716
1053
606
965
593
644
699
674
1073
585
675
639
693
1041
570
938
592
651
744
575
869
555
576
522
566
972
618
616
615
633
944
591
978
562
601
703
592
872
597
615
549
560
925
590
600
556
542
850
591
991
592
628
659
537
809
597
626
540
595
822
622
992
614
647
706
573
847
581
605
538
587
981
629
641
668
702
990
621
796
614
646
545
618
970
602
640
657
725
1017
589
985
597
606
638
679
961
637
690
689
698
966
603
831
583
623
543
637
850
597
1007
599
630
649
584
806
614
666
532
586
818
613
1028
593
588
670
611
941
593
629
633
650
1025
613
645
509
579
892
567
951
548
565
646
569
781
569
595
516
589
844
583
968
565
624
667
713
1035
610
645
655
710
1011
596
855
604
640
542
601
952
607
630
674
694
1001
604
815
592
631
541
591
832
606
986
584
593
670
583
770
570
624
537
595
934
644
682
596
675
1015
591
884
595
637
534
597
790
587
982
651
684
572
587
933
666
664
675
673
982
585
942
614
597
614
660
973
627
712
687
725
987
588
812
601
632
546
566
917
604
610
600
649
986
602
931
587
625
674
601
815
591
600
531
579
942
609
630
630
663
1013
601
983
591
625
699
614
857
584
623
585
604
799
598
972
571
639
685
695
1037
572
625
583
590
801
616
1024
582
601
628
635
932
587
641
524
618
843
634
1039
604
623
686
623
810
631
644
534
552
985
616
640
659
686
986
604
970
584
640
697
717
1014
587
645
562
573
877
604
1006
614
696
770
748
965
600
618
566
608
966
599
625
655
674
1038
597
835
617
649
519
612
1011
607
634
662
676
978
613
840
600
667
519
625
1007
5338
2134
1628
2071
1528
1124
1664
1592
15714
7981
639
2105
670
2002
634
739
626
612
1175
1115
1080
1153
1152
610
620
2208
819
700
657
643
679
643
883
840
817
818
839
792
778
805
860
908
948
997
1025
1124
1185
1230
1405
1453
1487
1509
1574
1589
1676
1719
1767
1768
1802
1831
1909
2015
2080
2122
1977
1948
1963
1980
1977
1997
2030
2057
2122
2108
2149
2176
2162
2181
2240
2253
2307
2326
2336
2371
2407
2476
2559
2594
2626
2643
2674
2762
2813
2912
2996
3037
3091
3105
3146
3163
3157
3162
3188
3225
3246
3268
3307
3326
3356
3391
3439
3489
