4944
5144
5234
5281
5305
5312
4929
3284
3148
5072
628
1914
1497
1542
1547
1578
1600
1614
1605
1475
1383
1301
2584
2480
2376
2275
2198
2095
1978
1883
1786
1684
1599
1502
3459
3424
3334
3943
3942
3894
3887
3271
2159
623
750
742
626
632
662
682
672
705
741
765
949
659
679
655
761
812
791
626
562
623
675
1292
627
1026
591
613
618
645
652
658
657
697
695
703
690
757
873
1149
615
623
650
658
651
687
745
791
773
812
863
873
915
944
965
972
1020
1040
1052
1103
1150
1205
1261
1315
1378
1428
1479
1531
1588
1610
1654
1712
1783
1844
1903
1980
2064
2045
2094
2160
2140
2149
2163
2187
2198
2196
2225
2269
2341
2358
2425
2516
2545
2571
2626
2682
2694
2721
2774
2788
2813
2841
2873
2892
2957
3003
3086
3165
3217
3273
3298
3296
3343
3354
3366
3425
3470
3538
3697
3828
3910
3610
3664
3721
3435
2977
2986
2971
2991
3031
3067
3089
3129
3160
3211
3250
3242
3255
3272
3312
3330
3360
3434
3439
3464
3465
3512
3557
3638
3677
3742
3778
3860
3924
3975
4084
4143
4214
4281
4345
4404
4479
4557
4585
4455
4521
4574
4588
4594
4502
4561
4352
4438
4492
4196
4228
3787
3843
3906
3896
3916
3477
3448
3332
3388
3423
3191
3197
2723
2757
2781
2796
2854
2478
2485
2352
2402
2434
2109
2128
1672
1640
1628
1638
1663
1364
1431
1321
1311
1296
1090
1142
746
776
800
719
785
578
609
565
610
804
594
966
628
696
693
629
835
615
649
530
601
806
603
965
612
624
669
714
941
622
655
544
578
830
610
959
607
619
629
679
893
607
650
603
607
774
610
1007
602
607
631
678
934
600
625
663
723
972
625
799
591
615
547
580
937
607
602
635
673
935
601
778
555
592
526
620
832
627
1027
608
620
639
650
900
607
619
675
745
974
577
762
628
638
570
627
795
600
898
641
687
574
624
911
614
701
663
704
976
596
807
616
649
549
622
798
599
987
638
634
676
696
906
589
639
650
693
987
582
925
581
604
611
632
940
628
682
578
608
802
628
978
607
640
678
568
823
614
631
492
543
956
597
617
661
691
960
643
919
613
640
706
584
812
595
634
541
602
908
615
633
641
660
910
614
933
620
651
652
674
941
593
600
640
661
895
625
914
599
629
717
587
823
614
615
615
600
612
661
702
757
805
968
612
827
574
660
638
612
785
596
955
565
621
696
762
1016
561
668
601
639
835
614
969
567
639
765
583
819
596
656
547
611
853
627
1023
591
632
692
602
887
586
617
526
578
794
587
1027
623
644
659
678
915
616
622
664
710
1204
587
1087
589
601
611
611
920
600
643
543
628
890
620
993
606
697
692
665
1015
635
646
710
729
1020
614
934
604
657
708
605
871
606
621
568
625
844
601
976
586
597
616
669
917
594
638
542
557
841
572
1001
582
654
711
713
1007
618
644
688
739
990
591
846
609
667
547
617
834
603
965
601
611
672
562
811
610
637
552
604
1008
622
651
671
746
1001
605
912
626
665
526
539
935
620
672
719
753
1042
598
811
577
623
568
604
916
589
591
543
559
831
606
951
605
644
758
587
908
593
592
658
703
970
583
579
572
605
953
589
791
593
608
525
580
936
583
670
587
663
1070
597
953
593
644
677
684
1072
602
610
521
554
783
592
1031
577
576
659
599
850
609
628
556
611
1000
618
648
690
709
1013
588
900
635
637
673
679
974
591
642
573
610
849
585
970
587
605
676
590
793
611
662
540
581
831
579
997
599
590
594
540
803
585
592
522
610
880
577
943
574
603
637
682
1026
572
580
617
638
859
597
972
609
649
680
740
998
584
810
620
632
637
671
959
580
799
626
643
562
593
788
587
958
594
643
694
737
1030
604
660
691
753
896
601
1003
580
619
624
694
977
573
757
565
637
594
653
1008
607
782
623
653
686
720
1018
583
769
606
692
576
669
1032
583
830
585
614
526
594
814
594
984
606
587
676
683
1049
578
602
654
704
803
589
981
579
570
585
634
802
573
979
612
650
608
616
972
583
805
615
655
620
658
978
612
842
586
658
613
643
1004
611
816
612
643
547
599
818
601
854
586
626
524
570
855
598
1084
592
616
617
621
893
600
624
613
614
828
583
999
630
684
638
671
1050
579
802
599
593
548
580
835
586
962
614
626
644
660
887
632
919
591
615
694
666
807
600
1006
612
623
685
720
1079
5204
1143
1365
2149
2427
2849
2994
2855
2460
2013
871
1258
1292
870
917
982
919
869
917
867
894
633
876
910
734
1604
741
756
762
725
732
740
729
729
723
741
683
738
761
754
789
855
919
768
740
773
864
773
740
752
754
737
648
733
737
850
1931
2277
1638
1843
2151
748
9528
3215
672
6990
5362
4983
3645
819
4543
1975
901
886
873
700
713
713
754
743
758
562
604
634
694
717
6528
5682
5621
5611
5653
5674
5661
5694
5773
5837
5996
8191
1119
709
633
635
685
705
758
796
