4681
4844
4924
5011
5111
5164
3325
3041
3227
5893
4023
1796
2408
647
649
680
827
836
674
648
635
1248
632
655
1412
987
645
632
680
719
776
764
628
706
737
825
883
955
1045
1112
1198
1262
1341
1365
1450
1468
1548
1608
1677
1761
1811
1322
1404
1486
1323
1359
1447
1505
1535
1572
1522
1328
1186
1159
861
985
702
753
829
882
949
1046
1087
1147
1172
1219
1257
1285
1323
1414
1506
1585
1642
1602
1631
1665
1721
1803
1876
1960
1997
2021
2125
2131
2208
2264
2337
2431
2399
2397
2412
2454
2496
2586
2656
2738
2783
2791
2819
2874
2923
2976
3055
3101
3133
3216
3278
3357
3373
3399
3420
3461
3542
3545
3603
3612
3705
3775
3857
3921
4002
4053
4108
4158
4189
4277
4339
4393
4478
4522
4582
4642
4683
4750
4842
4884
4943
4967
5021
5063
5111
5190
5252
5314
5375
5459
5488
5556
5604
5645
5694
5697
5757
5815
5815
5792
5810
5856
5907
5972
6044
6111
6163
6239
6289
6364
6431
6508
6587
6612
6671
6712
6732
6792
6831
6879
6930
7001
7030
7084
7169
7231
7318
7382
7409
7467
7526
7529
7580
7630
7645
7694
7745
7765
7832
7856
7914
7743
7737
7794
7818
7812
7840
7829
7885
7597
7608
7176
7198
7152
7170
7245
6936
6978
6510
6536
6533
6536
6517
6090
6108
5884
5876
5852
5843
5848
5557
5570
5251
5286
5296
5289
5272
4878
4888
4607
4598
4465
4454
4480
4300
4336
3962
3977
3987
3990
4008
3601
3588
3411
3421
3419
3467
3512
3173
3187
2726
2694
2320
2319
2330
2031
2019
1724
1767
1549
1584
1672
1076
1154
840
895
573
588
814
618
872
619
649
587
619
769
584
853
610
680
664
702
1050
614
840
608
663
664
706
997
622
839
605
651
632
676
884
628
1058
599
618
613
630
964
604
792
592
612
545
595
899
637
872
631
655
560
595
607
635
672
594
613
652
671
1006
591
618
567
604
830
594
1025
618
637
684
708
930
590
629
546
601
864
631
977
615
664
697
687
982
602
666
493
572
997
606
623
641
654
961
674
1052
632
700
741
706
1023
612
652
516
564
942
569
559
599
672
987
557
933
578
614
642
657
942
586
582
557
600
843
571
977
592
595
640
685
996
586
588
614
632
924
559
834
584
604
556
563
803
598
1050
602
624
648
682
969
607
615
682
719
1179
702
814
573
591
559
588
816
620
1066
616
669
716
747
993
618
642
680
732
1065
601
773
594
587
514
612
857
579
889
605
676
497
566
990
619
685
684
750
948
613
1019
598
663
525
607
917
579
932
572
629
676
698
1040
599
644
673
704
1064
623
921
621
644
684
692
979
575
600
612
654
940
588
850
591
604
568
620
786
590
976
610
631
653
677
980
594
601
548
578
860
612
969
583
583
612
669
965
593
627
546
604
837
633
1009
585
583
605
607
1026
595
617
513
557
838
579
993
584
599
635
665
1026
615
641
691
737
999
609
938
605
622
637
670
1018
591
609
660
696
1034
600
986
557
581
712
589
824
596
631
569
615
833
606
953
586
598
620
675
969
589
597
574
620
852
597
939
595
641
652
703
1052
635
674
479
576
924
618
858
622
640
566
628
965
602
652
684
716
1058
587
942
599
612
660
706
1095
589
613
560
599
964
550
597
630
710
1052
606
794
601
600
520
604
963
619
685
606
645
1047
572
985
756
760
772
775
944
556
598
557
591
983
582
616
637
676
1016
585
946
584
586
588
593
906
676
667
559
615
833
592
979
586
603
645
685
1068
591
594
569
570
801
572
1014
593
602
671
564
996
574
614
642
686
1951
603
624
670
709
757
808
943
600
644
729
606
834
577
617
546
585
790
568
1101
758
593
595
634
956
577
650
682
613
1030
573
608
519
565
857
602
966
603
637
713
706
954
582
638
659
704
1168
599
870
579
608
647
700
1018
600
610
582
612
855
609
979
596
637
731
612
853
625
683
507
573
835
664
1023
598
628
771
607
907
605
643
551
609
817
613
1023
593
650
709
677
994
583
616
501
556
880
592
1056
574
603
657
677
986
608
680
661
718
1025
626
994
591
639
759
609
889
590
626
558
609
938
611
647
526
607
814
574
891
622
654
560
584
810
566
1066
583
616
644
660
871
635
671
539
588
856
594
974
577
654
691
710
1027
589
650
680
730
1065
639
833
582
647
552
601
827
576
939
570
618
703
626
832
580
638
531
596
879
551
986
557
591
632
680
991
634
675
527
559
806
605
1352
1295
1288
894
2011
2079
2065
2140
1078
1336
1405
1464
963
928
1051
937
949
911
856
897
4710
961
877
897
838
882
1026
880
669
876
721
731
727
721
724
705
728
729
731
731
724
750
708
731
737
753
728
750
1028
2247
834
803
802
760
763
783
768
780
836
1190
886
648
655
697
686
727
784
802
1734
1608
1590
1604
1634
1671
1670
1751
1723
1750
1771
2021
2066
2152
2157
2170
2194
2200
2187
2165
2183
2256
2254
2294
2351
2334
2389
2458
2573
2672
2745
2813
2710
2737
2803
2851
2903
2951
3010
3090
3127
3215
3271
3365
3438
