4556
4617
4641
4673
4739
9473
603
7144
1458
1641
1048
940
3435
2187
3412
3339
1838
3523
3063
1127
873
820
666
731
676
634
688
721
718
789
801
896
630
620
1475
873
767
1407
1097
1172
597
608
639
606
634
684
708
687
672
646
651
686
708
729
756
795
830
889
902
965
1026
1148
1197
1172
1214
1290
1372
1431
682
597
652
657
700
726
800
847
918
976
1077
1104
1157
1146
1172
1240
1385
1431
1478
1499
1530
1558
1599
1683
1766
1888
1925
1966
2003
2090
2150
2203
2263
2154
2246
2241
2262
2284
2300
2346
2440
2545
2585
2592
2652
2678
2712
2760
2807
2902
2971
2996
3062
3124
3200
3250
3276
3312
3359
3347
3386
3456
3499
3581
3653
3706
3690
3683
3684
3700
3721
3743
3782
3839
3886
3929
3949
3933
3966
4025
4095
4130
4170
4215
4292
4386
4462
4506
4574
4642
4689
4736
4760
4752
4761
4760
4780
4826
4882
4939
4961
5005
5061
5067
5081
5058
5088
5124
5144
5178
5200
5208
5237
5213
5214
4991
5032
4968
5013
5020
4502
4536
4079
4085
4106
4083
4098
3638
3660
3493
3515
3522
3096
3164
3053
3099
3149
2716
2754
2352
2312
2289
2266
2287
1827
1890
1688
1761
1785
1410
1442
889
971
1025
913
935
692
711
553
587
966
566
617
569
623
1015
632
971
584
589
680
587
846
620
632
542
591
951
601
651
627
569
909
588
918
610
646
622
647
954
622
624
575
589
792
588
989
617
601
702
607
815
573
643
590
618
1083
587
655
587
601
801
592
1010
585
607
699
610
944
605
576
596
616
962
629
695
702
741
1040
615
913
579
595
562
575
953
617
601
540
590
1013
583
632
620
678
1006
617
910
586
580
595
600
1014
597
682
506
557
785
606
1062
594
647
724
574
857
599
566
605
570
844
593
978
601
647
634
581
959
574
597
666
678
986
620
607
536
570
796
582
1063
622
701
703
580
824
613
577
579
616
956
579
624
614
692
1075
602
1072
582
575
644
622
819
592
599
635
618
820
614
1021
621
601
646
588
805
542
594
569
579
784
613
957
638
584
652
568
983
611
646
680
702
1004
595
641
545
616
762
589
997
610
569
714
600
814
602
622
543
613
1023
599
627
652
721
1024
621
783
604
610
618
619
945
614
664
657
706
945
592
805
589
593
618
610
906
565
581
590
672
985
610
1045
590
666
682
706
1003
617
681
588
579
807
614
995
587
597
786
605
978
583
636
694
574
994
659
614
602
622
938
606
914
602
695
718
706
1023
617
688
584
660
1047
610
893
588
590
647
631
967
563
624
545
610
827
589
1013
602
633
630
611
838
650
648
565
611
784
572
1090
621
595
627
590
1003
589
607
647
674
1011
600
672
533
601
954
594
620
661
614
994
592
913
636
644
677
668
1030
589
614
555
582
933
535
593
582
553
1031
588
885
601
582
606
637
1006
573
624
557
590
993
611
591
627
623
964
588
976
652
600
629
547
837
616
608
565
649
743
618
997
610
650
647
609
947
652
637
701
708
1051
615
664
575
636
827
648
1048
599
648
596
628
916
599
632
556
604
887
597
978
599
615
675
718
987
607
597
530
548
858
630
1004
602
601
699
702
1010
579
549
553
549
814
594
987
599
670
652
607
865
579
623
649
666
1057
609
802
624
589
592
608
881
592
991
638
677
717
595
877
597
607
602
636
989
648
821
638
626
598
618
820
600
871
626
621
611
603
824
603
958
577
601
589
659
890
617
576
631
659
943
566
971
928
978
1017
1057
1075
824
978
588
943
978
1056
1112
704
835
590
640
600
619
941
586
824
600
674
575
617
791
617
863
589
693
561
590
785
593
973
624
684
731
715
1027
916
1018
1030
1026
1035
1432
950
713
744
764
816
859
910
971
567
682
665
698
873
636
1141
624
639
674
725
840
620
1117
620
691
723
787
827
599
1045
606
672
642
688
1016
622
854
630
696
673
719
891
596
991
646
720
698
766
1100
619
798
592
631
501
586
884
605
836
647
684
554
602
823
611
871
590
684
574
594
808
607
868
604
680
537
645
848
749
925
593
681
719
698
868
579
1009
584
627
699
549
837
559
618
565
599
1065
609
786
596
652
543
608
786
580
862
608
3426
1251
3610
1117
1035
1030
1045
1083
1126
1163
1185
1239
1272
1328
1344
1416
1468
1528
1555
1585
1639
1659
1687
1757
1673
1592
1494
1427
1314
1250
1177
1101
1048
976
891
815
765
702
655
571
528
877
908
743
634
565
510
540
509
486
779
1698
1645
1548
1449
1642
1714
1738
1727
1719
1619
1566
1554
1540
1562
1605
1595
1610
1568
1569
1600
1625
1631
1534
1546
1552
1572
1609
1682
1683
1730
1719
1794
1857
1710
1756
1787
1572
1536
1242
1253
1258
1257
1320
966
998
727
779
566
635
870
582
900
575
611
540
619
975
608
614
659
674
857
643
988
594
659
580
676
1078
599
823
596
645
524
605
899
603
981
611
651
678
727
993
613
655
687
729
868
613
976
599
635
661
668
785
598
979
602
617
