2600
5355
6553
1670
2182
2116
2084
7871
2634
5427
2015
6022
3695
3460
3358
3304
3316
3336
3305
3355
3443
3485
3540
3560
3651
2492
2440
2465
2406
1676
1376
1353
1232
5720
1950
1475
6231
1487
1465
1485
1452
1451
1473
1468
1461
6649
6758
6179
6105
5892
5872
5030
981
2434
679
653
610
597
619
627
650
703
785
801
825
880
923
1671
1013
1027
1053
1098
1120
1162
1198
1269
1297
1277
1318
1283
1290
1287
1319
1318
1342
1338
1348
1390
1488
1558
1636
1704
1717
1731
1785
1833
1838
1833
1196
1151
1205
1321
1426
1517
1539
1562
1586
1643
1724
1724
1768
1827
1817
1772
1812
1851
1887
1938
1984
2051
2114
2152
2190
2204
2268
2310
2382
2378
2459
2500
2535
2543
2561
2615
2695
2738
2800
2871
2963
3001
3024
3058
3071
3125
3106
3139
3148
3144
3146
3156
3182
3209
3253
3239
3265
3289
3362
3420
3433
3472
3497
3531
3565
3545
3598
3660
3671
3706
3750
3763
3784
3806
3861
3914
3954
4019
4067
4128
4169
4203
4238
4282
4342
4390
4468
4561
4592
4670
4691
4726
4724
4756
4802
4832
4833
4867
4872
4921
4935
4982
5066
5084
5139
5172
5211
5233
5252
5291
5330
5387
5403
5437
5472
5488
5512
5524
5579
5624
5624
5668
5680
5721
5739
5773
5819
5890
5934
5935
5962
6030
6075
6125
6179
6220
6218
6287
6311
6354
6114
6181
6226
5812
5833
5684
5687
5740
5331
5392
5330
5387
5399
4803
4855
4464
4499
4503
4300
4339
4091
4108
3897
3913
3908
3560
3566
3434
3470
3493
3007
3039
2840
2854
2906
2536
2502
2336
2352
2379
2003
1978
1948
1951
1975
1400
1438
1450
1489
1507
1020
1069
722
783
837
703
930
609
674
720
599
909
640
667
482
562
956
576
630
509
590
811
614
1118
610
628
707
596
809
589
615
551
574
934
591
571
623
664
978
606
781
618
638
532
600
800
629
916
606
679
762
747
1022
615
663
572
600
815
601
1029
598
587
663
635
848
564
597
617
660
970
586
611
545
610
865
585
959
565
646
810
570
772
616
647
535
592
804
635
1014
584
595
656
556
775
569
612
531
631
809
553
566
617
694
1022
572
884
566
583
648
688
987
592
616
639
610
774
572
960
585
634
667
622
897
594
640
506
584
818
589
1010
589
594
600
619
897
608
651
542
558
800
614
990
591
607
614
550
772
620
622
520
620
808
620
1113
585
628
643
563
800
543
602
587
592
959
568
609
586
663
965
631
861
608
636
584
628
825
608
948
587
636
664
695
953
632
677
678
729
984
619
836
627
649
579
630
935
606
620
645
727
960
595
961
613
606
620
640
891
605
648
695
763
1036
598
931
614
559
636
633
938
553
575
518
578
827
599
1018
615
633
682
719
964
626
652
696
765
977
614
888
603
628
537
580
940
631
643
657
740
846
619
1042
633
687
587
602
826
617
997
614
693
759
764
1009
602
699
670
703
1045
596
883
644
621
673
696
828
622
1034
623
643
654
620
827
591
616
532
600
810
602
1042
615
638
667
702
998
596
613
557
559
1004
614
614
626
608
912
589
904
608
624
628
648
879
592
595
625
665
899
572
786
602
614
524
587
983
578
602
650
717
974
645
867
608
625
514
602
872
645
1007
620
672
729
786
1116
604
638
596
621
831
618
1048
587
630
622
647
878
609
635
556
557
788
591
992
605
635
654
691
964
609
656
673
701
892
606
810
631
680
551
593
921
588
668
656
698
1008
610
808
615
666
515
567
840
654
994
569
602
631
648
956
595
614
582
629
888
595
956
609
609
665
681
927
604
596
667
728
1004
569
755
558
599
601
597
884
568
602
626
676
814
609
1064
611
643
685
734
929
543
924
598
607
1157
590
578
600
636
637
649
716
692
698
575
651
540
593
801
524
922
591
613
629
651
988
598
601
547
593
768
573
987
713
595
617
618
861
597
660
529
582
880
599
981
590
663
780
621
824
588
627
535
585
790
587
961
608
596
560
605
956
618
716
715
724
977
627
839
652
688
615
598
742
614
1047
593
616
649
685
987
587
589
531
575
821
594
910
629
690
695
671
1019
632
671
691
755
988
617
826
630
670
597
639
810
633
894
608
648
574
601
908
616
588
594
650
930
600
761
597
662
574
564
940
604
621
659
687
874
632
953
633
687
594
638
836
604
1042
601
622
659
609
824
601
619
544
578
842
610
854
625
697
680
4285
896
1116
1312
1457
941
2406
1740
1731
1703
847
1253
1299
894
935
662
922
751
738
748
732
748
734
684
734
836
793
803
781
798
783
3457
909
961
912
869
4617
736
2026
646
634
647
694
745
795
1786
1858
1858
1873
1903
1951
1948
2009
2090
2161
2106
2282
2300
2336
2347
2320
2433
2430
2428
2383
2331
2363
2365
2413
2435
2459
2467
2473
2504
2546
2574
2598
2632
2647
2681
2717
2745
2813
2866
2889
2960
2842
2892
2928
2973
2954
2963
2992
2992
3072
3145
3157
3195
3232
3250
3265
3261
3265
3290
3305
3338
3377
3424
3434
3458
3496
3502
3515
3583
3647
3727
3774
3773
3798
3811
3869
3913
3976
4051
4123
4208
4258
