6936
6978
7031
7035
7026
11399
11450
11489
11580
11450
10302
685
1201
531
1147
1039
519
601
1038
1040
1087
512
1370
2827
1354
1170
1935
656
637
686
619
636
661
1223
576
603
629
710
691
4130
4115
3948
2621
2622
1251
1218
1124
846
578
805
1971
549
2283
2341
1098
2772
757
649
2292
691
680
773
681
649
633
647
682
727
752
817
847
840
893
939
1031
1068
1096
1129
1172
1243
1273
1286
1320
1376
1455
1500
1575
863
886
969
1008
817
952
1070
1094
1135
1224
1276
1186
1223
1283
1289
1320
1383
1450
1530
1573
1639
1696
1728
1745
1798
1888
1943
2047
2117
1537
1550
1610
1793
1886
1921
1819
1848
1861
1843
2067
2086
2168
2165
2192
2214
2236
2317
2328
2356
2415
2513
2546
2589
2644
2703
2780
2835
2863
2883
2921
3002
3056
3134
3200
3286
3348
3450
3531
3577
3656
3697
3756
3775
3821
3844
3861
3823
3858
3890
3968
4073
4165
4235
4313
4380
4458
4525
4547
4625
4690
4742
4802
4876
4974
5035
5074
5075
5118
5151
5162
5180
5197
5248
5277
5333
5340
5383
5427
5480
5499
5559
5581
5618
5615
5666
5711
5752
5763
5790
5821
5836
5890
5902
5928
5960
5948
5953
5994
6028
6076
6110
6145
6200
6267
6298
6335
6402
6469
6555
6654
6750
6844
6919
6947
7000
7064
7095
7160
7204
7187
7245
7293
7332
7402
7441
7446
7478
7158
7197
7039
7042
7050
6556
6594
6313
6344
6092
6165
6222
5932
5957
5623
5619
5429
5452
5478
5085
5095
5025
5034
5036
4575
4595
4346
4322
4079
4098
4111
3867
3876
3353
3398
3449
3424
3397
2862
2855
2867
2889
2949
2452
2455
2182
2159
2008
2069
2079
1706
1771
1363
1417
1197
1246
1321
1025
1074
570
632
673
646
1029
627
650
683
728
1039
606
861
630
640
642
699
1148
975
608
630
678
630
679
819
619
912
580
639
498
628
836
601
955
587
617
641
648
788
582
998
577
589
642
688
1018
565
652
652
701
1004
599
830
582
629
512
647
914
605
841
574
643
525
592
956
608
645
619
691
881
611
1032
570
595
598
657
1118
584
796
608
654
520
606
891
569
1030
599
612
654
686
993
617
681
669
732
982
613
976
615
623
655
703
827
611
1050
604
607
622
639
957
539
909
574
588
674
575
948
592
612
622
658
1043
569
602
565
576
870
566
657
582
580
959
585
1009
574
595
684
590
853
629
666
544
598
909
603
655
564
570
811
564
1029
1019
911
911
831
845
594
652
509
539
940
594
668
571
682
802
597
1004
580
584
661
592
839
592
619
562
586
901
596
627
664
709
980
579
887
586
592
536
587
991
597
612
647
700
978
602
950
619
613
673
692
1022
589
646
687
730
1030
598
798
582
637
528
584
930
588
617
639
676
1041
597
892
589
607
656
650
1005
588
609
669
733
1031
571
822
581
616
578
619
987
563
611
650
680
1043
564
915
534
635
660
625
1058
593
603
633
696
994
590
848
611
650
545
601
987
598
602
625
693
937
619
884
586
606
533
620
818
614
1050
624
655
730
769
1044
640
706
686
702
987
611
952
584
634
676
693
990
580
605
678
712
1017
629
875
605
664
541
591
1096
623
1128
608
638
665
628
876
597
659
522
601
826
604
1024
568
621
755
623
863
636
656
547
583
943
577
600
623
666
989
603
1087
606
657
560
600
909
581
600
605
611
913
613
847
593
658
540
598
818
598
1019
614
674
774
630
829
604
641
560
597
815
592
942
557
607
689
581
789
570
622
514
588
817
584
1079
590
601
659
673
985
586
621
490
558
900
592
939
599
652
689
571
876
586
653
522
610
857
627
964
598
686
758
757
1100
584
610
534
623
865
586
1048
604
635
652
585
840
630
656
567
629
942
616
644
625
679
1021
598
854
586
594
554
596
939
584
591
620
663
993
593
954
605
644
682
718
1011
561
607
518
583
800
609
1012
589
593
791
584
770
570
615
562
603
985
600
616
622
621
959
615
876
589
632
677
639
1024
560
620
536
563
970
605
585
592
580
973
606
1087
602
582
603
596
933
603
629
545
601
846
598
984
592
650
688
557
852
628
702
549
620
812
602
1013
604
638
707
607
803
592
602
551
598
1001
597
636
624
670
1085
593
948
578
585
603
596
910
582
564
537
590
973
544
567
573
597
1002
566
789
586
613
487
571
1062
623
652
650
701
1028
638
1013
598
621
663
691
954
632
699
533
623
821
582
2951
2226
1076
2229
1376
1393
16432
1931
749
712
745
771
761
763
765
762
775
797
808
861
876
923
941
947
968
992
1020
1035
1070
1065
1107
1147
1219
1275
1372
1418
1456
791
701
628
653
693
718
798
821
842
871
926
1160
1248
1315
1383
1455
1476
1528
1585
1580
1599
1642
1673
1674
1691
1701
1761
1849
1899
1927
1938
1976
2020
2056
2104
2120
2161
2224
2308
2354
2370
2400
2449
2472
2532
2583
2640
2744
2824
2847
2881
2920
2990
3043
3128
3205
3280
3335
3394
3464
3498
3543
3570
3632
3692
3733
3759
3793
3840
3906
3929
3962
3971
4004
4035
4075
4111
4151
4206
4288
4355
4404
4448
4465
4521
4574
4611
4690
4744
4781
