20477
20715
20036
20523
20512
20476
20469
20400
20329
20241
20144
20695
21243
21801
22613
23150
23991
24283
24276
24560
24545
24558
24508
24540
24559
24566
24574
24868
25695
25610
25657
25663
25666
25705
25781
25827
26037
26085
25186
21788
22492
23173
23811
24804
25437
25488
25530
25606
25676
25676
26239
26301
27179
26691
26224
22380
22368
22336
22805
22354
18640
18819
18886
19380
19328
19526
19821
19797
19789
19779
20285
20907
21573
22198
19361
18552
18317
15676
15680
15518
15473
15346
15180
14892
14626
14487
14023
13546
10930
11417
12074
12601
12935
5146
5516
5795
6796
7563
8506
9165
8695
9177
9300
9940
10533
11469
12054
11962
12631
13326
13949
14746
15655
16198
16747
17603
17929
18246
18805
19202
19771
20317
20303
20261
20216
20171
20098
20056
19351
19228
19190
19127
19022
18987
18988
18995
18988
18971
18983
18934
18902
19519
20119
20699
21550
22158
22730
23266
23547
24122
25010
25598
26435
27029
27909
28487
29198
30046
21135
21653
22220
23027
23569
24443
25051
25915
26499
27338
28196
28721
29254
30077
30643
31457
31700
31688
31696
31705
31698
31687
31684
31683
31651
31694
31705
31696
31704
31700
31688
31676
31654
31791
31825
31860
31920
31954
31995
32025
32082
32091
32121
32163
32190
32213
32205
32226
32275
32313
32379
32435
32471
32523
32578
32668
32717
32739
32799
32871
32926
33046
33178
33247
33311
33317
33361
33392
33443
33541
33620
33689
33755
33789
33826
33859
33908
33950
33992
34104
34146
26079
26080
26068
26068
26102
26138
26182
26253
26270
26310
26320
26313
26308
26347
26360
26358
26377
26446
26485
26564
26627
26682
26722
26792
26807
26824
26860
26897
26986
27017
26709
26727
26712
26717
26763
26781
26802
26855
26881
26854
26857
26876
26889
26949
26983
27009
27025
27042
27060
27023
27047
27063
27055
27086
27121
27153
27204
27255
27355
27414
27462
27530
27581
27610
27667
27723
27792
27839
27879
27928
27970
28101
28140
28141
28175
28236
28278
28339
28439
28435
28483
28384
28409
28434
28409
28423
28465
28500
28538
28576
28642
28665
28726
28766
28802
28862
28931
29010
29022
29075
29153
29237
29294
29377
29401
29470
29520
29558
29602
29647
29707
29758
29778
29830
29883
29923
29972
30036
30094
30135
30170
30214
30279
30320
30369
30398
30418
30459
30471
30506
30523
30517
30523
30261
30294
30290
30317
30302
29994
30022
29554
29595
29628
29579
29642
29279
29274
28863
28842
28851
28894
28932
28478
28502
28460
28467
28465
28096
28120
27712
27728
27776
27734
27737
27471
27465
27122
27163
27186
27201
27179
26909
26930
26346
26353
26369
26373
26373
26118
26098
25702
25744
25685
25732
25775
25332
25350
25047
25067
25006
25010
25043
24571
24634
24372
24393
24333
24350
24364
24132
24200
23764
23790
23728
23729
23726
23278
23308
23045
23073
23018
23061
23047
22618
22601
22328
22338
22265
22262
22258
21706
21726
21520
21513
21497
21507
21548
21116
21143
20886
20915
20875
20897
20980
20539
20638
20164
20146
20161
20177
20180
19927
19949
19499
19529
19570
19593
19599
19348
19323
18932
18921
18525
18521
18524
18490
18473
18104
18117
18134
18135
18148
17856
17926
17463
17540
17544
17579
17548
17047
17057
16803
16778
16617
16602
16624
16343
16347
16016
16022
15846
15870
15866
15633
15615
15337
15323
15131
15164
15182
14956
14997
14485
14513
14543
14593
14541
14302
14354
13801
13833
13871
13842
13897
13374
13400
13407
13432
13491
13140
13243
12779
12739
12706
12759
12782
12305
12302
11974
11980
11753
11744
11780
11497
11506
11130
11220
11028
11043
11014
10796
10775
10272
10321
10335
10369
10412
9936
9987
9751
9743
9790
9840
9887
9408
9453
9016
9062
9118
9068
9093
8579
8612
8595
8590
8627
8128
8116
7847
7893
7764
7830
7856
7361
7427
7104
7146
7066
7043
7108
6637
6674
6255
6305
6312
6271
6317
5967
6000
5530
5518
5553
5500
5516
5089
5146
4967
4971
4988
4464
4492
4303
4326
4384
3903
3921
3723
3769
3791
3518
3524
2990
3021
3075
2942
3012
2691
2697
2526
2578
2632
2212
2217
2155
2175
2155
1762
1825
1433
1437
1446
1451
1483
1087
1162
1124
1116
1156
736
879
653
675
561
599
881
615
679
528
598
837
611
964
631
689
849
613
835
615
656
540
646
955
583
954
602
624
664
715
1007
620
671
580
611
839
628
970
620
633
662
690
1020
613
632
671
724
1039
605
821
613
661
564
627
871
623
859
629
670
528
584
838
616
1039
603
603
680
616
826
560
606
524
614
841
611
884
613
676
514
582
1026
546
584
590
607
979
589
943
602
584
620
651
876
609
994
618
654
693
688
1011
584
606
616
658
775
623
1025
617
606
658
672
1015
594
620
559
592
820
606
1037
586
602
622
631
916
611
637
564
587
826
598
1008
598
613
668
697
977
612
711
553
602
796
595
1037
622
613
631
540
812
596
623
541
584
961
580
604
626
642
932
580
863
606
622
604
628
926
600
604
616
630
926
585
816
629
666
566
602
1020
581
592
603
631
935
580
939
575
598
652
696
1078
598
637
608
647
1000
609
872
632
678
520
617
1005
611
691
701
741
880
611
1078
626
677
570
614
851
620
886
605
644
540
582
942
609
634
724
764
1048
600
936
605
629
561
574
756
622
1025
594
652
5242
2568
1324
1899
1165
764
2369
1287
1274
836
865
1881
1283
2021
1498
1541
872
883
873
938
865
907
639
868
741
736
714
710
716
745
743
720
723
737
751
732
901
734
707
740
758
728
697
736
733
766
758
674
747
735
750
754
732
749
733
753
799
1021
963
1167
1261
1833
2198
2202
2241
3330
2104
2933
3532
4446
4953
4934
4956
4986
4943
4874
4825
4873
4925
5240
645
580
582
579
589
608
601
758
723
778
810
839
899
952
1010
971
1001
