5383
5483
5520
5573
5618
5673
5724
5764
3925
3928
3926
11981
6413
5275
4895
4533
4563
4587
4611
4644
4634
4532
4549
4554
4513
4389
4345
4406
4382
4293
4261
4286
4317
4370
3703
1768
2493
1372
970
881
859
902
891
1308
959
977
887
794
775
818
892
927
973
1043
1075
1146
1189
1224
1277
1344
1402
1421
1388
1475
1566
1731
894
670
632
624
664
709
653
697
749
1243
641
927
646
681
614
656
695
744
779
838
906
952
1016
1060
1090
1483
612
792
590
599
590
590
652
593
621
631
653
1024
609
739
698
728
987
624
946
583
578
687
603
849
562
611
865
924
967
594
638
685
744
1045
583
804
567
632
512
600
915
594
988
578
571
635
654
1063
545
578
540
573
792
590
1036
606
643
755
587
903
587
617
567
616
797
611
966
586
649
776
610
857
571
596
546
601
830
609
1008
596
609
629
658
919
613
672
681
735
1320
588
1099
574
588
614
633
1000
612
665
554
617
852
615
1014
617
647
672
665
1023
605
615
649
668
998
569
944
596
638
784
599
908
617
647
568
620
855
607
1021
585
624
649
700
1021
612
680
476
587
920
591
1022
585
634
717
657
1021
588
615
645
698
1003
583
859
585
642
540
598
829
587
996
581
610
747
555
801
586
578
545
584
968
632
654
553
582
882
594
856
657
707
487
579
1073
608
637
701
736
1019
585
900
602
612
539
616
1004
593
624
540
605
834
610
1046
579
594
691
587
1034
640
676
687
728
1045
605
648
555
599
1027
579
843
623
664
542
569
962
573
602
585
578
1008
581
959
591
634
663
679
1040
595
623
546
602
842
573
1001
574
585
695
566
822
597
613
548
620
986
622
653
645
671
1075
606
936
607
677
712
641
1061
591
606
570
600
795
586
1044
573
588
685
614
877
628
637
516
548
805
613
1122
586
617
693
576
844
578
587
557
590
807
578
1039
601
617
627
642
1021
555
575
573
612
884
595
999
613
630
645
677
960
600
892
639
661
656
682
1020
636
825
598
586
537
601
875
593
1073
615
645
697
709
1074
623
678
646
686
892
642
1033
606
675
650
741
1092
593
841
582
617
574
616
1035
608
841
617
661
621
702
1036
585
804
607
676
612
624
1024
569
786
576
630
525
595
863
594
992
632
683
680
679
1064
622
636
702
695
872
603
1022
597
633
642
690
895
615
1044
641
640
661
682
1021
607
869
611
601
596
636
1021
594
823
562
632
601
622
1003
599
817
591
600
552
581
862
599
873
582
601
570
600
892
598
986
596
610
600
645
979
579
631
591
607
885
571
1024
628
674
598
659
1077
599
826
605
604
540
614
838
603
1035
608
659
698
660
981
633
995
621
673
763
731
885
585
1006
621
605
664
684
1053
609
674
653
671
1039
601
833
610
688
552
602
840
624
879
613
645
548
614
841
612
1030
616
629
670
699
883
611
1058
590
609
618
644
994
602
629
703
718
879
603
985
640
677
714
772
912
584
943
616
640
656
663
951
592
842
604
689
525
620
883
634
883
597
673
546
612
882
628
855
601
614
537
586
873
607
836
596
619
557
623
850
584
1028
600
607
665
688
879
600
980
608
663
700
704
980
609
629
656
687
816
587
1018
614
629
653
686
1020
591
805
579
593
145096
640
818
595
618
634
672
1000
575
629
565
604
836
577
999
571
602
773
559
1410
923
921
950
969
1020
621
686
581
642
859
591
1063
588
601
726
594
821
601
5489
1054
833
1253
660
694
727
769
816
864
907
911
2524
919
1114
1123
1101
1111
1117
1138
1142
1141
1163
1251
1336
1405
1451
1455
1477
1568
1568
907
955
990
1072
644
687
707
752
793
771
886
983
1039
1075
1072
1094
1137
1194
1230
1266
1306
1350
1397
1445
1479
1514
1520
1554
1553
1570
1590
1592
1661
1712
1782
1905
1943
1945
1988
1983
2021
2063
2121
2138
2145
2186
2233
2273
2248
2306
2337
2373
2410
2451
2509
2569
2580
2603
2613
2631
2625
2698
2232
2266
2000
2044
1830
1874
1869
1634
1707
1256
1259
1239
1243
1347
943
946
809
825
819
587
975
615
653
728
581
772
606
635
547
605
947
579
588
589
614
954
602
824
592
597
573
619
984
610
608
615
627
940
595
909
589
619
652
660
937
559
611
503
599
853
621
1052
597
613
644
661
880
583
629
649
709
1026
575
877
604
572
606
620
986
601
636
560
577
955
597
629
662
689
972
600
913
573
581
598
609
963
589
614
539
552
1006
595
602
655
694
1004
584
943
598
670
701
700
1060
620
660
534
600
1036
591
821
627
657
545
609
810
599
1330
618
646
695
561
917
580
571
521
596
877
579
1034
602
613
654
688
1010
573
597
619
655
1019
619
1044
616
632
661
683
996
624
672
554
634
829
608
1060
568
630
781
665
861
579
619
562
608
937
595
614
583
645
995
601
854
632
691
563
614
1029
624
617
517
566
874
578
991
590
644
692
