3559
3734
3792
1229
1034
1001
1000
1019
1046
936
2719
2626
2528
2438
2366
2285
2184
2093
1998
1900
1798
1724
1616
1537
997
910
838
744
634
575
608
540
484
528
520
845
808
698
1389
1041
1123
1454
2087
1312
646
1474
679
624
624
670
723
716
725
763
927
925
1193
621
607
634
671
716
785
778
870
565
894
867
966
989
937
1349
641
689
785
810
865
894
816
794
829
872
878
936
942
969
972
1020
1113
1151
1203
1250
1296
1350
1407
1458
1520
1561
1609
1689
1747
1813
1856
1905
1980
2080
2140
2204
2261
2331
2300
2364
2418
2503
2516
2534
2566
2635
2695
2783
2863
2923
2970
3005
3062
3104
3163
3209
3288
3403
3478
3554
3611
3638
3693
3724
3778
3810
3862
3884
3944
4044
4094
4156
4232
4283
4317
3950
3970
3589
3607
3617
3601
3647
3133
3147
3100
3103
3138
2748
2796
2458
2477
2260
2293
2353
2087
2189
1764
1787
1782
1787
1827
1391
1392
1256
1243
1253
969
1031
617
657
687
657
1088
599
626
569
583
814
610
992
594
584
628
667
1115
589
625
570
608
832
619
1067
600
664
730
721
1075
622
658
621
673
989
632
1042
598
628
669
708
1024
581
660
624
659
1023
600
944
582
579
737
586
781
599
650
537
583
809
598
966
566
575
649
672
993
597
631
513
593
887
617
978
589
657
724
657
1035
608
641
560
597
855
602
817
578
573
506
580
1012
579
605
613
672
1020
601
947
601
603
649
678
984
605
663
542
574
1001
604
640
645
653
973
592
854
637
657
559
621
982
606
610
642
680
956
589
964
593
619
630
651
953
597
609
560
570
947
586
621
649
678
974
595
958
618
671
740
722
1020
607
667
543
626
845
602
996
609
634
655
701
1037
601
634
500
557
864
585
995
614
630
712
614
993
614
664
684
672
996
582
624
517
599
860
603
1009
587
599
678
585
763
614
670
531
592
823
613
973
592
602
698
600
927
597
674
686
610
1055
596
665
523
577
888
592
958
618
665
730
731
984
592
635
677
726
1122
649
1105
579
579
613
651
1029
620
618
590
597
847
590
999
583
618
705
595
808
614
657
518
574
795
604
1035
598
598
695
587
919
618
620
528
609
824
607
1028
616
673
734
735
1059
627
648
511
544
840
574
1068
576
609
628
616
965
626
648
663
700
961
595
942
572
590
693
579
812
590
644
559
612
937
610
674
503
582
853
584
877
628
665
563
590
814
595
1043
599
661
690
704
1006
615
636
598
648
894
591
950
593
676
735
734
854
608
632
674
707
994
622
833
614
646
502
595
876
618
978
574
647
793
621
797
577
646
503
578
877
582
995
562
587
613
619
1018
592
638
549
571
845
614
1075
612
638
666
668
977
571
619
628
655
977
625
764
576
645
550
592
828
610
1018
592
614
641
553
842
602
603
540
616
817
599
966
583
638
723
590
837
594
590
564
611
780
579
1057
595
692
729
693
1096
633
672
543
562
802
593
993
603
649
684
564
830
612
661
536
623
824
605
1468
611
606
629
680
776
594
685
649
685
878
588
1154
616
656
709
726
1357
571
836
565
618
521
611
1046
692
877
587
599
629
648
910
618
872
564
617
583
599
1107
617
773
596
604
594
658
1121
625
824
593
645
528
576
863
614
959
577
586
596
629
803
628
998
621
631
707
700
878
630
855
613
655
565
628
790
601
829
612
699
562
597
840
618
963
621
657
691
726
903
578
1049
642
696
761
750
910
622
1090
610
626
640
644
862
611
953
619
627
636
645
978
608
634
658
686
874
620
1023
623
633
646
667
791
604
995
625
633
670
681
770
592
1034
562
577
628
638
818
615
1036
592
620
666
737
1019
587
829
606
628
657
697
953
593
785
587
674
614
642
892
645
1004
612
675
668
709
999
588
829
625
669
638
678
972
576
791
607
637
615
678
1227
588
859
575
656
596
666
1006
609
846
637
690
683
741
996
574
901
621
703
661
743
928
657
1040
614
648
688
756
869
615
854
620
1031
651
670
688
723
1006
620
659
735
755
881
606
994
613
658
716
776
1113
576
787
600
654
534
562
797
575
868
607
662
548
571
801
596
1227
943
948
774
883
962
702
1085
639
672
719
755
896
578
1014
598
587
622
638
900
600
583
630
700
1388
1377
1781
1097
978
1710
1733
1736
1003
913
847
908
869
891
962
1004
902
8197
1011
683
895
723
789
2481
886
663
652
650
674
711
730
741
1687
1680
1752
1807
1979
2086
2160
2069
2007
2038
2066
2083
2147
2144
864
657
662
623
632
661
569
585
609
653
687
744
765
843
887
939
979
998
1039
1083
1134
1217
1240
1250
1262
1299
1294
1322
1395
1424
1468
1507
1560
1578
1583
1602
1685
1719
1768
1759
1804
1808
1838
1862
1901
1948
1995
2018
2009
2046
2079
2154
2233
2299
2334
2358
2388
2431
2502
2552
2658
1849
1865
1891
1902
1895
1984
2069
2118
2145
2207
2240
2283
2338
2403
2509
2602
2682
2755
2848
