6483
6501
6563
6621
6693
6729
6768
6826
6956
7007
4640
4569
6936
2389
561
2126
1283
1179
1794
5414
770
665
1186
902
1299
606
580
608
607
662
693
840
872
954
1030
1109
1170
1191
1223
1252
1331
1442
1510
1364
1397
1404
1450
1449
1504
2315
2378
2425
2513
2532
2602
2628
2706
2706
3147
3067
3057
3095
3146
2911
2470
2057
2086
2040
2153
2185
2132
2162
2197
2241
2312
2362
2407
2454
2488
2528
2557
2612
2691
2777
2838
2904
2989
3048
3073
3128
3188
3197
3223
3296
3383
3435
3462
3541
3605
3685
3770
3806
3865
3927
3994
4081
4115
4139
4155
4176
4212
4233
4259
4263
4265
4269
4297
4328
4339
4411
4510
4526
4584
4624
4644
4653
4637
4712
4746
4774
4837
4916
4952
4982
5046
5079
5140
5192
5220
5250
5266
5288
5363
5455
5536
5588
5594
5632
5667
5688
5740
5816
5924
5992
6038
6058
6075
6141
6224
6261
6339
6185
6109
6113
6152
6214
6325
6391
6455
6500
6580
6621
6686
6719
6770
6706
6778
6832
6832
6885
6932
6983
7020
7053
7100
7151
7200
7203
7246
7284
7327
7369
7442
7472
7535
7580
7590
7609
7660
7703
7761
7842
7903
7979
8042
8098
7806
7807
7739
7777
7498
7598
7635
7285
7316
6833
6854
6856
6856
6831
6357
6350
6322
6316
6328
5898
5918
5728
5721
5523
5493
5510
5222
5204
4861
4848
4696
4702
4705
4489
4545
4083
4187
4256
4184
4230
3870
3868
3434
3482
3526
3425
3466
2933
2930
2914
2907
2983
2600
2635
2371
2334
2277
2306
2337
1881
1934
1614
1622
1434
1472
1465
1199
1238
831
851
865
880
973
613
630
615
643
1002
622
800
572
589
532
590
804
631
1051
602
601
611
618
898
567
608
667
687
901
611
1001
642
658
563
571
790
593
1031
583
603
616
584
941
604
684
671
680
991
600
762
604
627
588
637
961
615
915
607
661
545
615
822
604
1019
587
608
613
631
738
567
1033
588
608
621
606
972
595
603
624
674
946
588
843
615
660
625
653
1016
582
815
599
633
561
615
792
617
1000
574
584
578
628
976
611
626
561
603
995
611
804
611
686
607
650
965
610
928
585
616
657
675
921
588
1274
604
650
657
584
850
640
1050
603
638
630
682
975
585
590
616
645
1007
607
787
576
581
549
576
816
570
976
594
654
697
735
970
615
658
697
712
998
620
833
603
622
527
600
937
613
896
596
616
535
592
818
595
979
588
635
717
732
991
591
617
651
676
922
595
984
597
601
608
634
889
597
806
567
627
573
585
777
575
1027
579
608
676
659
1029
592
645
661
713
890
585
960
587
670
598
670
1115
570
945
592
638
682
568
920
556
585
567
632
990
621
690
566
590
812
603
939
580
598
614
577
995
559
574
669
557
818
606
614
551
591
896
554
563
575
583
789
604
975
621
639
669
617
968
606
623
686
570
766
592
600
539
586
972
595
620
551
579
950
587
637
542
590
814
574
1021
588
646
725
575
831
647
714
545
609
837
609
992
611
648
675
693
928
587
649
542
601
852
595
956
598
649
773
575
780
573
590
556
597
929
616
622
630
638
964
621
830
592
649
575
627
876
614
934
585
613
636
684
900
551
584
517
571
889
597
992
596
620
683
616
975
586
597
604
597
921
597
595
578
590
954
593
619
601
651
946
612
853
600
675
561
617
939
587
609
609
663
1064
587
892
617
657
701
640
989
617
650
676
713
960
600
932
620
608
539
585
923
596
636
646
703
1043
611
939
617
651
691
721
1021
576
593
539
560
895
572
604
608
627
983
570
958
570
567
573
592
925
574
588
617
660
1059
555
888
589
600
624
678
971
581
626
534
561
945
551
558
566
566
871
550
927
565
595
618
634
1067
559
578
566
549
967
588
577
569
613
895
576
982
550
565
578
589
972
608
633
579
596
833
581
987
570
550
704
618
781
629
670
558
613
853
602
987
573
617
699
602
807
601
656
520
570
980
580
578
585
636
932
566
948
594
612
659
677
936
599
667
615
703
1129
612
899
611
651
703
648
1012
585
648
660
720
1036
605
811
580
648
499
567
1006
637
615
655
689
972
595
794
598
610
529
566
1008
632
707
641
672
1008
587
968
594
610
621
622
958
606
635
559
564
828
576
1022
611
626
696
607
898
574
639
626
644
988
591
587
579
620
826
615
1042
587
632
743
633
832
588
605
520
606
974
606
648
670
698
1050
595
791
642
689
508
569
977
576
636
568
639
1020
621
885
600
660
557
588
2537
1193
1352
1347
1065
1018
863
739
624
512
585
738
620
11526
11612
11642
11661
11631
11585
11585
11567
11569
11567
11588
11604
11610
11595
11648
11688
11747
11775
11955
11843
11907
11902
8970
8954
8951
8986
9015
9011
8919
8984
8896
8801
8719
8658
8578
8588
8519
8468
8445
8440
8426
8436
8453
8452
7711
7504
7462
7450
7460
7430
7469
7513
7556
7604
7698
7797
7844
7427
7438
7542
7610
7704
7339
7268
6913
6931
6939
6488
6481
6060
5793
5807
5792
5752
5558
5521
5336
5365
5383
5089
5115
4527
4511
4511
4460
4468
4175
4225
4021
4068
4102
3676
3680
3458
3483
