4339
645
655
606
598
625
6668
1411
1643
1022
941
941
923
921
921
983
1007
978
988
1018
1041
1062
1217
1213
7262
1116
1644
598
582
593
569
637
632
629
678
641
670
722
766
771
861
1183
1015
640
588
650
1563
553
1521
565
667
1353
630
1629
576
588
629
616
1699
582
1603
603
638
1360
616
1604
575
604
537
575
1598
618
1334
575
625
590
658
1378
614
1564
605
636
1633
582
1368
580
596
537
597
1352
569
1923
708
584
1548
628
1422
616
660
590
605
1377
603
1579
685
582
1485
568
1421
570
597
580
622
1551
578
600
540
628
1537
587
1350
619
607
544
581
1372
610
1553
568
611
1615
723
1496
595
1129
694
576
1518
566
564
513
547
1594
583
1570
569
592
1387
633
1538
596
688
701
610
1410
633
1547
574
600
1416
611
1614
952
931
841
931
984
564
588
608
594
1175
617
973
574
571
689
587
855
598
658
558
575
1394
925
842
838
862
1054
601
814
609
673
570
571
570
575
580
619
635
659
723
754
792
824
687
703
933
592
927
609
659
708
769
1092
592
632
593
662
1106
603
935
593
606
693
686
1062
584
583
591
625
1011
568
887
626
654
561
600
812
596
992
614
642
717
710
1856
1044
3558
600
597
644
625
612
849
893
771
865
920
955
1035
1076
1163
1211
1247
1277
1329
1383
1490
1600
1686
1736
6499
1402
1413
1254
1246
1197
1163
1165
1221
1233
1245
1341
1362
1374
901
925
1143
1218
9030
3262
3007
3025
2949
2904
2862
2809
2800
2781
2770
2927
3042
3058
3070
3133
3127
3069
3073
3095
2954
2860
2793
2711
2884
3892
3775
3750
3688
3576
3008
2997
2744
2764
2785
2767
2784
2885
2917
2905
2954
2970
3090
2952
3093
3085
3097
3259
1272
1173
1080
1003
2210
2248
2261
1567
1037
1005
977
998
1033
1094
1150
1146
1150
1180
1250
1509
1503
1510
1477
1475
1568
1569
1422
1345
1245
1137
995
937
856
695
5269
4786
4346
4146
4056
4058
4691
787
815
1985
664
625
609
607
615
629
656
709
714
744
834
735
775
810
901
980
1069
1099
1087
1069
1138
1206
1363
1553
1597
1157
1157
1306
631
645
671
723
780
839
925
937
1058
1086
1178
1275
1342
1420
1451
1475
1518
1527
1558
1613
1709
1762
1789
1847
1953
2056
2182
2197
1854
1692
1683
969
1045
1116
1199
1249
1306
1334
1320
1349
1365
1367
1420
1540
1585
1559
1548
1548
1562
1580
1581
1590
1610
1646
1655
1716
1789
1136
1158
1255
1056
980
985
1014
1084
1164
1194
1237
1243
1260
1303
1370
1465
1492
1513
1486
1506
1614
1649
1737
1611
1652
1664
1542
1571
1064
1080
1046
619
796
625
685
699
747
534
587
829
630
1379
666
685
722
681
875
630
1060
617
704
769
700
1596
1247
1037
1000
931
1008
996
1064
952
978
709
779
1002
625
652
554
611
1103
586
691
566
622
951
634
616
701
726
666
614
615
620
640
671
700
727
775
812
911
935
946
979
1003
1052
1079
1104
1135
1194
1264
1395
1421
1485
978
1042
1072
1367
605
615
644
692
740
779
864
588
623
748
676
1104
603
657
707
593
837
627
698
573
600
1321
667
649
714
754
691
604
804
631
1295
1354
890
889
760
799
843
888
1135
598
824
618
685
568
574
1001
1059
1309
1363
9399
769
653
825
690
700
714
966
6690
1262
855
608
657
625
693
678
660
686
708
767
841
871
885
947
2477
2561
2590
2616
2568
689
1924
811
759
636
612
616
547
619
599
644
664
699
728
799
848
885
916
963
1003
6360
2498
1170
997
1004
1047
1116
1106
1090
1116
1141
1172
1229
1260
1270
1306
1379
1413
1432
1301
1274
1140
1027
931
853
736
601
1486
1496
1296
1062
1011
990
1031
1061
1045
1017
1058
1072
1097
1140
1138
1114
1170
1236
1299
1312
2511
1041
1014
1035
1000
1063
1051
1173
1218
1252
1290
1276
1226
1262
1345
1365
1378
1353
1373
1201
1284
7636
999
1770
1007
1139
1128
2064
968
920
1263
1003
909
951
935
1028
12870
3912
4164
3928
1021
7160
4858
1161
5434
2123
749
1460
1568
1512
1413
1388
1463
1445
1424
4334
4365
4309
4194
4115
3999
3470
3316
3159
2225
2100
1974
1900
1811
1680
1390
1265
1279
892
1055
948
871
1033
1546
1484
931
769
1459
657
643
665
744
768
795
835
890
975
1005
814
878
917
973
980
1011
1057
1104
1168
1212
2567
2461
2290
2100
1962
1871
1738
1179
1191
661
559
640
602
655
747
754
808
807
650
672
723
839
974
738
795
2941
2985
2777
2623
2861
868
861
1258
1260
3000
1160
874
820
1040
1078
1040
1083
1132
1149
7480
8573
2219
1615
831
1188
1183
989
904
924
940
998
8670
8260
8127
7927
7665
7431
7328
7224
7233
7082
6779
4572
2074
1881
1429
2150
7777
11805
8347
914
725
1107
684
620
576
570
4693
4217
4053
3867
3684
3223
2359
2097
1645
1580
1563
1576
1629
1601
1601
1508
1572
1602
1612
1647
1674
1686
1690
1939
597
632
634
648
677
710
787
883
947
992
1304
596
608
700
635
670
738
761
808
803
819
855
903
932
950
1002
1020
1091
1115
1179
1044
1060
1091
1114
1135
1131
1134
1197
1259
1333
1388
1514
1519
1570
1585
1559
1603
1604
1631
1690
1711
1747
1774
1847
1884
1914
1994
2052
2125
2193
2322
2394
2355
2417
2457
2469
2487
2516
2518
2636
2714
2802
