3111
3237
2616
1108
1076
1124
1202
1225
1215
1164
1244
1265
1305
1302
1383
1424
1421
1451
1473
1542
1598
1590
1635
1649
1666
1702
6592
804
3196
5436
4678
1602
1430
1004
781
689
617
654
647
606
588
596
648
631
657
697
727
681
666
740
1230
945
844
922
798
785
795
822
836
877
928
979
907
918
1003
1088
1105
1154
1164
1339
1420
766
781
759
751
771
832
925
962
1333
637
696
688
714
740
791
790
839
901
930
989
1057
1068
1145
1226
1289
1325
1508
1653
2041
2072
2065
2079
2150
2188
2208
2215
2205
2217
2291
2346
2385
2429
2418
2417
2454
2510
2589
2674
2752
2813
2812
2825
2852
2873
2931
3056
3088
3210
3260
3320
3417
3454
3558
3609
3622
3680
3639
3655
3686
3720
3762
3800
3812
3859
3847
3849
3882
3955
3990
4030
4070
4119
4166
4224
4249
4236
4315
4384
4472
4556
4580
4663
4730
4826
4920
4955
5003
5057
5106
5158
5216
5296
5367
5428
5488
5557
5652
5665
5665
5713
5780
5872
5954
6013
6074
6043
6078
6133
6176
6250
6330
6370
6456
6441
6457
6475
6518
6562
6646
6651
6701
6716
6736
6803
6797
6828
6843
6830
6892
6913
6954
7019
7069
7166
7231
7302
7315
7327
7350
7398
7484
7074
7094
6612
6626
6525
6610
6646
6094
6107
5743
5748
5631
5684
5755
5230
5270
4899
4902
4175
4202
4221
4182
4190
3795
3815
3788
3840
3842
3356
3392
3073
3125
2931
2956
2977
2566
2555
2282
2285
2227
2238
2221
1660
1742
1464
1538
1416
1497
1563
1126
1219
923
956
859
911
1528
901
1002
646
693
684
733
981
646
1021
629
648
731
740
946
620
893
584
1126
657
669
700
736
1100
631
689
664
735
946
629
1027
621
681
725
761
1050
612
907
631
658
499
583
866
590
958
588
621
555
583
869
594
913
624
610
541
569
829
606
1046
598
635
664
723
954
592
996
594
591
634
678
1063
616
616
661
666
816
622
999
603
682
672
712
1085
594
793
592
619
571
590
831
573
854
623
657
567
628
905
617
1169
622
669
690
724
925
631
1029
613
613
684
690
932
605
1165
627
639
683
653
1053
606
604
648
693
995
588
943
605
647
600
630
1100
642
914
639
638
639
671
1082
617
1062
584
595
625
678
969
596
1054
614
662
705
724
1038
595
655
489
551
1040
574
633
528
584
958
560
654
590
589
844
620
1001
608
661
782
594
853
625
679
577
594
1035
595
612
682
750
1055
634
950
625
680
771
730
1008
585
667
620
688
1032
624
849
614
677
506
585
978
610
675
504
583
921
604
970
596
623
698
609
789
558
613
543
600
843
612
1052
602
625
633
636
986
637
662
560
614
815
633
1005
603
630
638
654
1022
593
613
614
699
1000
585
855
592
638
566
619
791
655
876
610
671
522
583
836
606
1090
618
637
679
605
875
604
637
524
633
842
636
950
636
672
511
579
1058
586
621
610
638
951
586
986
616
611
630
627
865
601
1003
633
679
723
740
1009
584
623
563
651
824
609
1113
612
634
685
719
1049
636
648
513
566
822
574
939
595
606
632
649
964
617
643
521
580
853
584
995
594
686
720
692
996
615
672
585
594
796
610
1050
614
664
689
548
851
593
632
506
603
990
585
669
667
762
1081
633
853
630
668
521
642
1006
611
670
675
729
1054
593
806
632
687
496
571
1068
579
614
651
679
1032
592
935
601
662
690
653
1002
579
607
570
608
1034
615
840
597
632
550
569
934
622
648
665
690
811
579
1046
617
682
579
622
824
610
903
606
654
566
601
966
647
711
721
765
1022
602
890
586
629
519
602
826
613
1053
582
611
670
671
1054
617
643
597
628
800
613
1030
593
626
665
570
901
615
621
555
590
833
620
995
614
665
691
749
1042
600
614
2332
2131
1297
2756
2504
2486
2509
2527
715
924
846
855
766
739
783
1790
905
1204
855
796
613
663
695
759
821
1214
1105
1047
854
895
560
576
595
607
674
752
811
882
923
995
1034
1091
1168
1257
1340
1412
1403
1451
1494
1540
1624
1731
1813
1890
1919
1942
2012
2070
2134
2226
2330
2383
2462
2494
2544
2595
2651
2747
2821
2917
2945
3018
3074
3094
3122
3211
3272
3320
3354
3405
3435
3495
3529
3550
3585
3659
3723
3581
3614
3055
3108
3029
3113
3145
2565
2583
2298
2352
2157
2174
2196
1911
1953
1447
1556
1574
1344
1369
1143
1163
977
1037
1045
727
976
553
601
740
567
895
557
612
488
599
1042
584
1925
1125
1331
1271
1340
1412
1732
1545
1251
981
7949
1539
1340
957
953
3013
2140
1707
932
691
686
613
636
652
654
673
693
724
761
812
908
920
982
1061
1120
1162
1177
1334
653
674
744
779
803
942
1032
799
849
846
942
969
1030
1079
1058
1091
1153
1177
1251
1212
1428
1483
1549
1557
1635
1700
1759
1791
1864
1907
1957
2053
2114
2184
2205
2248
2328
3285
3364
3454
3318
2963
2839
2885
2939
2971
3030
3082
3130
3192
3220
3318
3357
3392
3426
3465
3524
3589
3629
3664
3745
3789
3849
3910
3924
3877
3918
3938
3986
4046
4155
4195
4251
4226
4271
4296
4314
4374
4445
4466
4514
4563
4535
4569
4588
4623
4664
4674
4692
4746
4795
4855
4896
4883
4895
4925
5000
5067
5131
