5305
5405
5442
5452
5480
5890
9640
7979
5631
3427
3390
3432
3451
3515
3500
3592
3447
3467
7018
6505
5921
5541
5464
4903
3354
3306
6067
4733
5393
5286
5111
4278
634
582
627
702
699
720
790
894
912
967
1034
1077
1115
1132
1248
1323
1364
1302
830
762
782
4053
1614
920
3559
1768
3022
2080
2115
2601
2681
2593
3529
2611
736
631
595
815
793
799
852
896
947
922
978
997
1033
1063
1099
1155
1185
777
779
857
1577
939
1023
1111
1137
1175
1260
1334
1344
1366
1424
1464
1504
1528
1439
1540
1588
1688
1702
1812
1856
1922
1651
1644
1686
1643
1644
1728
1807
1834
1856
1885
1444
1455
1480
1560
1565
1648
1687
1614
1644
1656
1672
1715
1719
1763
1654
1696
1680
1717
1808
1869
1902
1820
1842
1907
1900
1928
1958
1961
2009
2081
2116
2194
2218
2214
2224
2219
2248
2311
2344
2386
2398
2413
2406
2408
2442
2478
2503
2494
2519
2558
2559
2572
2599
2681
2725
2750
2737
2760
2801
2820
2862
2914
2990
3010
3045
3075
3144
3181
3238
3310
3370
3381
3379
3390
3387
3420
3462
3489
3563
3659
3765
3849
3941
3991
4051
4102
4190
3836
3874
3946
3908
3936
3968
4002
4038
4073
4159
4207
4269
4309
4395
4446
4475
4520
4550
4549
4556
4548
4556
4568
4591
4648
4675
4717
4770
4799
4862
4958
5038
5097
5149
5148
5187
5203
5224
5209
5241
5240
5246
5288
5341
5389
5427
5473
5512
5236
5268
4960
4996
4867
4940
4973
4477
4489
4180
4166
4008
4046
4091
3784
3791
3316
3354
3442
3370
3400
2903
2920
2913
2910
2927
2382
2378
2178
2138
2047
2109
2101
1781
1799
1243
1263
1272
1076
1107
789
797
639
663
829
597
1017
597
608
610
614
977
601
610
652
700
1089
570
807
601
614
543
620
898
584
1012
603
620
647
679
1063
617
612
637
668
963
571
814
618
654
541
601
873
591
993
608
644
662
695
1009
603
685
611
666
1010
604
809
570
622
521
623
870
583
1009
620
652
727
717
960
610
996
623
701
753
734
1105
598
663
669
718
1051
588
849
611
633
518
602
911
596
859
585
620
556
592
887
596
644
630
658
1021
613
843
601
626
544
606
847
610
876
610
638
536
606
809
580
1003
590
632
653
595
1067
579
573
602
622
928
606
957
615
632
545
609
822
629
851
632
650
547
599
860
645
989
614
690
740
701
1007
625
640
666
710
1038
578
829
569
639
609
684
1031
577
1015
596
616
680
576
919
586
637
660
578
894
600
618
538
590
932
580
620
535
576
959
620
740
674
688
985
600
931
634
613
697
628
849
629
650
562
600
918
572
574
592
593
941
565
951
585
622
713
598
837
600
634
537
633
1012
591
586
553
584
1001
629
608
640
686
985
605
952
583
633
684
672
1091
590
634
548
614
827
606
994
610
636
732
594
797
601
687
548
603
801
585
1021
617
634
704
580
802
594
660
535
586
929
596
618
629
676
1024
667
1207
923
946
841
889
855
641
2839
618
651
658
695
715
742
741
797
870
951
987
1011
1027
1045
1065
1099
1119
1017
1095
622
658
727
752
1035
589
609
551
649
894
600
1010
611
662
708
746
1000
604
635
514
590
895
586
978
562
585
705
731
1029
649
711
589
659
831
590
1055
614
740
767
657
924
642
642
605
604
829
614
1031
656
708
728
602
850
581
696
522
626
835
638
1083
647
671
720
744
1028
629
678
563
617
826
646
1054
616
614
653
634
957
639
637
589
617
811
632
1055
611
674
673
644
891
579
593
583
598
854
616
816
624
722
541
590
958
581
579
649
624
992
617
824
593
658
560
607
804
636
958
649
601
608
641
896
626
667
713
714
1007
594
841
603
672
531
554
816
583
958
646
695
547
580
933
587
581
641
620
981
592
801
560
666
551
597
836
567
1054
631
695
688
728
1007
623
648
644
635
971
583
1002
590
612
641
651
998
595
664
544
563
776
611
1013
596
613
793
564
830
579
624
543
606
932
577
612
656
679
1005
615
917
626
620
814
598
906
565
603
556
595
940
616
635
631
640
920
594
960
625
591
603
571
994
623
648
614
633
886
622
980
598
646
702
608
829
582
641
591
572
940
587
632
657
667
951
589
826
572
647
545
579
776
575
958
605
608
659
667
1017
558
600
564
593
816
605
1014
582
660
715
569
816
601
638
610
640
816
617
983
572
615
698
610
846
605
617
536
587
795
599
1017
612
644
679
720
983
602
614
629
689
1696
894
1258
1255
1878
1493
1626
942
879
879
922
890
840
889
919
911
835
872
889
883
838
881
887
885
855
873
868
896
7523
4397
987
1307
975
3449
3460
673
2095
605
2194
643
675
728
770
842
950
959
994
1049
1122
1247
1285
1224
1283
1324
1349
1380
1480
1538
1654
1699
1845
1895
1933
1977
2090
2164
2267
2326
2355
2385
2396
2446
2507
2533
2649
2707
2738
2748
2809
2846
2955
3043
3140
3249
3287
3349
3351
3464
3523
3570
3600
3668
3692
3765
3842
3899
3978
4009
4083
4150
4184
4215
4272
4345
4343
4384
4418
4479
4538
4597
4666
4673
4733
4740
4743
4791
4830
4864
4927
4937
4930
