6314
6329
6346
6355
6386
6420
6448
6528
6605
6683
4403
11377
4491
795
777
1369
1040
1253
612
588
817
710
955
1443
659
643
642
671
667
665
708
723
748
813
857
919
931
947
981
1048
1068
1154
718
639
692
718
748
848
999
1087
1070
932
909
1239
601
668
606
617
635
641
665
718
698
740
788
857
928
990
1202
628
638
660
701
754
797
933
953
989
1062
1119
1167
1223
1203
1230
1242
1249
1231
1266
1310
1380
1409
1474
1473
1496
1482
1507
1548
1640
1658
1718
1753
1808
1826
1901
1954
2014
2079
2109
2144
2203
2285
2375
2435
2538
2609
2671
2718
2737
2808
2877
2922
3023
3110
3151
3176
3201
3262
3273
3314
3391
3470
3534
3549
3610
3668
3706
3750
3792
3874
3951
4027
4094
4115
4148
4195
4245
4287
4371
4390
4396
4419
4430
4437
4471
4514
4553
4624
4697
4765
4826
4884
4968
5010
5084
5152
5208
5260
5283
5325
5368
5386
5387
5440
5500
5568
5575
5581
5610
5601
5616
5633
5685
5727
5747
5758
5759
5765
5761
5774
5820
5864
5868
5875
5906
5934
5961
5987
6042
6107
6090
6084
6100
6096
6116
6145
6170
6219
6218
6204
6210
6231
6182
6207
6253
5843
5898
5710
5723
5552
5570
5600
5174
5211
5132
5193
5248
4510
4477
4200
4156
4152
4068
4070
3750
3758
3572
3602
3643
3306
3363
3200
3143
3154
2781
2795
2384
2367
2340
2334
2350
2002
2028
1931
1934
1918
1463
1533
1176
1173
1195
1115
1151
722
804
631
665
1130
558
579
575
609
935
547
921
567
577
595
610
882
572
618
573
571
989
569
584
569
610
906
605
928
575
605
616
605
986
592
641
536
608
927
576
977
575
577
678
623
793
590
623
580
630
934
592
597
613
651
960
608
919
565
540
677
592
817
620
636
531
580
962
600
624
663
682
1035
577
966
606
621
656
679
1023
616
618
543
561
795
627
1061
600
602
617
560
786
591
643
491
604
832
629
640
538
567
848
597
1035
577
622
713
580
921
600
678
681
638
995
625
657
693
721
1004
607
967
577
598
641
651
1000
588
606
517
571
987
585
626
604
640
1027
578
886
571
593
609
609
965
596
654
550
596
813
594
1071
607
650
774
640
856
583
629
502
583
847
609
1044
585
588
683
575
908
591
630
656
602
1003
580
595
549
553
828
591
945
615
659
749
602
789
598
589
517
598
969
586
576
606
620
1007
605
934
589
643
753
593
848
609
675
514
588
837
608
978
618
657
702
621
902
602
628
520
588
828
596
1115
592
591
632
572
964
621
662
690
710
1028
585
624
494
566
893
572
952
583
590
670
581
808
599
617
546
593
975
592
627
661
682
1025
628
798
616
634
545
621
975
623
686
671
698
963
564
810
600
654
501
632
1054
558
605
626
667
959
608
954
575
580
647
665
981
594
635
545
585
816
613
1054
601
618
708
603
980
592
642
658
628
986
587
585
644
665
972
591
926
581
671
717
692
1062
595
610
617
695
995
591
927
596
688
724
725
1024
599
642
553
598
840
589
992
580
602
665
605
799
610
628
593
609
824
584
1056
595
584
687
608
933
572
576
587
631
961
633
619
493
558
1004
613
654
620
593
1015
607
895
630
660
673
698
983
607
640
494
560
1097
592
582
606
658
1018
583
941
581
614
629
639
923
608
610
554
578
950
594
581
595
628
975
605
981
588
587
632
634
911
596
661
537
593
825
587
987
618
610
630
562
959
588
621
685
652
1011
612
673
516
562
899
609
931
598
651
665
669
1026
596
644
558
597
897
589
1015
579
586
608
652
938
589
615
529
550
788
587
1010
576
631
720
694
1075
563
573
597
612
796
585
953
578
614
726
614
827
597
640
633
664
950
591
837
579
582
535
586
818
584
1061
598
637
707
618
787
579
627
556
590
968
579
856
605
604
545
623
809
633
986
608
642
547
618
828
610
1065
590
617
643
658
975
597
594
619
683
900
583
1026
605
674
664
716
878
585
1056
582
596
622
662
902
589
871
609
676
621
692
1083
598
780
600
657
514
613
884
578
864
614
631
576
579
787
632
1032
595
608
626
661
954
639
656
717
777
957
596
968
614
647
690
766
900
633
993
621
671
715
780
859
640
1019
604
631
674
713
867
591
977
617
672
739
808
866
613
1026
604
654
651
704
1012
593
867
654
690
680
696
846
597
977
619
605
658
687
945
614
841
592
611
2552
2603
2611
2297
2296
1993
1997
1898
1815
1601
1514
1406
1228
1132
1030
911
825
714
593
566
923
933
1029
940
890
902
672
850
741
734
703
738
754
714
737
701
699
702
738
641
736
761
758
764
744
756
721
741
742
717
752
731
772
737
730
723
730
717
708
836
941
1266
972
760
977
1921
2296
3149
3183
3178
3193
3189
3215
6274
1307
1586
1946
2320
2028
1881
2520
3107
4045
4642
5059
5923
6516
7438
8049
8953
9547
9872
10496
11166
12084
12659
13266
13797
13843
13892
13919
13913
13947
14023
14108
14139
14143
14153
14144
13682
13652
13638
13627
13602
13655
13613
13637
13666
13698
