5235
5195
5273
5274
5257
5265
5274
3331
3256
3321
7361
10913
2867
2267
2317
1389
603
6134
3398
3087
3088
3035
1128
606
584
600
616
609
664
701
750
830
908
966
1054
1104
1121
1182
1274
1271
1263
1407
599
648
763
722
723
742
831
816
915
947
1039
1057
1109
956
981
1016
971
784
619
665
698
749
812
833
920
970
976
564
587
675
736
639
647
744
698
709
929
929
930
964
1043
1067
1159
1186
1200
1182
1196
1258
1330
1417
1511
1540
1610
1616
1659
1694
1743
1803
1871
1997
2061
2133
2178
2207
2256
2337
2410
2501
2531
2585
2642
2709
2809
2873
2936
3016
3022
3046
3059
3123
3169
3186
3245
3313
3354
3443
3428
3452
3478
3506
3570
3654
3698
3801
3864
3941
3991
4041
4101
4096
4154
4185
4225
4282
4359
4424
4525
4606
4659
4735
4774
4813
4873
4929
4995
5039
5084
5143
5192
5231
5302
5346
5401
5436
5515
5604
5666
5684
5701
5719
5740
5766
5772
5803
5821
5854
5920
5963
6006
6066
6090
6120
6149
6160
6149
6168
6205
6229
6233
6257
6249
6274
6315
6337
6366
6414
6427
6425
6505
6552
6617
6664
6739
6777
6785
6857
6890
6923
6967
7018
7062
7143
7166
7172
7210
7202
7187
7201
7135
7146
7145
7133
7175
6751
6792
6533
6497
6338
6364
6382
6148
6176
5760
5798
5823
5853
5887
5461
5480
5526
5551
5574
5105
5104
4893
4929
4734
4765
4785
4548
4589
4317
4365
4207
4218
4237
3829
3846
3876
3910
3937
3470
3473
3261
3284
3033
3077
3123
2869
2911
2506
2478
2536
2588
2591
2154
2143
2179
2205
2215
1822
1884
1464
1491
1508
1493
1492
1045
1073
1013
1002
1033
837
1002
579
642
673
586
846
574
597
550
587
913
597
600
643
688
935
615
907
631
664
736
580
837
609
626
570
585
911
607
650
691
796
1087
595
885
591
609
613
630
871
619
614
667
697
1002
604
926
584
591
673
587
853
576
593
543
588
926
629
696
684
721
989
591
764
595
604
536
576
799
579
1028
564
564
576
601
826
555
611
516
572
786
573
945
602
622
683
573
795
574
609
551
694
795
600
963
554
628
694
582
789
561
616
489
579
794
580
996
588
667
729
721
1003
581
604
620
680
1266
585
1107
585
599
621
623
945
572
590
573
562
777
615
1096
594
612
597
662
966
602
634
692
742
1018
565
998
606
641
723
569
913
580
620
556
601
772
619
1053
585
593
621
629
932
578
637
542
580
858
557
1026
578
574
598
602
964
600
608
670
719
945
582
755
596
647
519
599
829
585
1057
578
582
642
569
799
620
601
570
598
938
610
702
718
730
1001
595
853
643
706
563
608
965
610
640
714
773
1031
603
825
603
623
576
618
945
591
616
536
621
832
611
983
598
632
727
591
980
606
620
645
689
1018
592
598
598
648
980
617
818
640
663
546
570
912
574
583
599
640
1006
605
1034
577
604
609
594
925
569
627
535
599
814
590
977
580
586
683
578
825
575
646
504
588
1051
599
618
657
686
1022
565
928
571
585
630
648
966
541
612
511
553
866
634
831
573
584
697
610
811
596
633
527
608
812
588
1049
597
661
758
594
934
593
640
516
595
826
601
1056
571
590
601
601
1009
573
605
613
638
899
582
1015
594
598
609
632
921
578
835
630
672
630
688
1078
594
823
621
633
548
605
904
591
970
579
607
631
666
1012
623
629
625
644
809
600
955
607
650
662
720
1053
589
811
570
633
597
643
1020
597
805
597
619
621
691
987
587
817
595
651
646
686
1007
559
763
550
598
555
623
840
597
980
617
650
692
773
1077
598
677
653
724
916
607
1036
578
616
673
704
873
593
986
575
694
592
626
979
589
811
602
639
548
559
967
573
778
614
637
575
612
961
585
894
584
585
552
593
821
619
894
584
595
566
613
840
582
1000
607
638
664
697
1031
585
596
619
655
900
579
1048
628
643
668
696
983
596
835
606
630
513
626
874
610
1007
596
734
591
645
873
618
947
618
653
698
691
859
586
973
621
664
701
692
1066
595
638
676
720
1156
589
767
587
654
512
644
918
595
822
613
638
562
600
799
592
983
603
639
679
700
907
594
981
605
649
653
701
1014
615
637
709
725
857
622
1015
633
680
730
774
884
606
998
631
712
671
691
1007
605
766
596
643
534
583
796
591
858
603
650
506
605
890
596
584
607
616
637
651
740
600
894
574
622
545
635
833
637
1022
629
626
664
676
859
604
978
613
2538
1360
1263
1858
2049
1654
870
1072
1524
1046
645
637
633
572
590
607
614
596
651
736
137158
654
873
621
630
679
710
1011
596
617
538
569
891
600
1370
1583
604
599
588
593
597
635
664
685
843
561
596
560
593
860
578
1025
591
626
726
577
868
608
660
544
585
775
597
1040
563
576
635
554
821
574
637
525
588
815
559
1055
589
606
665
628
823
598
652
570
615
807
585
1004
623
671
696
662
1035
598
627
627
657
958
578
770
587
679
578
627
832
616
992
617
634
727
618
846
608
626
547
