5824
5962
6003
6101
6160
6148
6173
6209
6310
3991
3998
10939
5829
5787
5769
5854
5392
4562
3974
3225
2463
1730
1501
902
560
1199
1026
6452
3736
3406
3322
3238
3252
1999
2005
1930
1886
1832
1852
1890
1904
1919
1931
1961
1978
1896
1902
1879
1831
1914
1990
2065
2079
1454
657
618
675
728
766
816
898
956
987
666
659
652
681
705
690
708
765
768
796
771
798
828
879
925
1015
1122
810
653
688
686
739
757
816
836
908
887
941
966
969
1016
1044
1080
1130
1185
1214
1271
1324
1393
1465
1549
1605
1647
1676
1714
1775
1857
1911
2014
1853
1873
1905
1965
2046
2111
2151
2215
2203
2199
2193
2195
2238
2290
2327
2417
2424
2432
2464
2487
2512
2542
2562
2578
2577
2598
2623
2646
2687
2743
2773
2777
2768
2832
2789
2804
2839
2866
2903
2932
2945
3005
3073
3116
3158
3229
3283
3309
3364
3423
3434
3437
3446
3488
3524
3583
3596
3638
3654
3670
3729
3785
3829
3879
3905
3978
4013
4063
4080
4116
4172
4173
4163
4189
4195
4214
4257
4273
4274
4288
4329
4349
4414
4427
4458
4490
4510
4545
4571
4618
4656
4687
4723
4752
4780
4805
4823
4844
4915
4907
4959
5022
5087
5124
5164
5195
5234
5275
5301
4996
5084
4726
4722
4780
4381
4358
4265
4277
4268
3805
3791
3597
3576
3393
3395
3421
3197
3212
2862
2889
2692
2696
2697
2445
2422
1984
1998
1985
1840
1872
1674
1679
1482
1502
1502
1155
1168
781
819
868
873
1014
587
620
503
580
913
602
856
613
629
553
596
784
648
993
603
697
762
708
1006
601
610
627
690
1088
578
779
588
604
553
586
840
604
859
618
645
570
634
815
603
859
614
615
569
580
795
564
930
571
616
645
716
824
555
918
615
650
656
605
955
568
586
648
636
890
605
764
595
684
622
688
838
599
984
638
663
671
726
905
582
807
582
633
571
620
965
610
844
587
610
632
672
995
555
806
577
612
561
606
840
593
1015
604
603
610
641
895
596
648
593
619
923
592
838
636
683
506
566
809
576
1116
575
624
682
560
884
565
614
532
592
769
579
1035
606
644
672
692
1039
597
691
670
705
1000
592
807
608
663
541
601
786
582
1046
628
657
725
703
961
606
662
584
633
985
579
812
584
648
554
584
792
551
976
618
644
654
693
982
606
625
662
683
968
594
791
594
654
559
598
798
580
949
597
632
687
714
842
579
948
597
602
619
659
900
577
608
669
692
989
589
810
592
629
545
611
787
566
1164
582
601
539
560
652
582
588
644
689
971
600
867
562
581
537
587
822
608
854
589
627
541
541
783
600
978
630
599
667
617
879
583
652
627
658
874
604
988
586
674
545
584
811
621
950
647
677
520
576
843
613
974
594
667
703
691
995
608
633
616
628
906
592
798
594
675
653
703
1015
608
959
563
625
730
598
960
590
666
732
553
857
583
643
530
625
924
593
663
497
559
951
593
689
678
731
1036
600
1047
609
609
650
593
785
617
653
559
620
933
591
599
663
651
943
598
899
590
650
722
631
815
627
619
537
613
904
583
627
538
610
1027
616
629
670
692
974
608
970
608
613
642
684
938
615
631
536
609
831
605
981
605
636
667
578
818
597
654
553
622
793
585
1019
635
634
724
602
814
600
628
540
587
935
574
641
604
673
1026
586
958
720
725
657
707
789
607
948
597
665
721
738
1031
590
604
638
694
995
573
862
598
605
527
594
799
622
978
606
635
717
737
995
588
597
566
599
884
585
957
592
644
703
728
955
577
620
520
592
841
588
1056
597
623
662
731
1029
602
652
551
588
792
604
1102
610
663
685
578
807
596
621
579
607
750
592
989
622
634
681
591
812
589
630
540
606
831
587
1058
598
607
617
653
886
601
632
534
590
883
580
983
618
641
668
710
930
625
686
585
626
792
610
1025
609
700
790
715
982
557
578
630
688
1052
626
793
609
657
559
636
967
581
598
637
679
1001
621
801
588
605
546
638
865
620
967
603
636
671
727
1019
610
674
684
744
996
601
809
563
617
525
584
827
604
914
652
716
535
613
980
585
617
662
724
1012
613
844
573
592
485
591
786
577
1037
620
655
678
726
992
578
648
676
751
1004
569
975
581
610
674
691
997
596
628
544
589
798
591
998
585
611
703
584
794
591
680
518
589
1003
598
659
701
755
1023
618
909
613
636
749
584
780
583
620
548
610
940
608
606
610
656
877
594
931
609
623
682
621
1301
826
1487
1080
1891
1521
1274
1273
894
1943
1937
1929
1942
867
1587
1581
1577
882
892
664
890
794
742
745
748
727
748
736
746
764
740
744
792
743
743
817
919
935
965
1070
1023
960
654
570
625
644
698
715
846
1041
636
621
699
745
803
878
891
977
990
979
1058
1084
1113
1158
1194
1272
1340
1403
1482
1547
1612
1653
1784
1769
1877
1842
1875
1940
1971
1994
2045
1995
1971
1989
1963
2022
2117
2176
2224
2242
2260
2279
2312
2339
2356
2413
2463
2497
2538
2591
2629
2663
