3115
3120
3179
1292
802
6776
4450
4328
7186
4569
4261
4191
4196
4210
4220
3216
2958
2889
2819
2794
2810
2815
2850
2912
2964
2356
2339
2365
2413
2394
2402
2454
2708
2747
2765
2765
2842
2895
2945
3015
3041
2925
2947
2965
2966
2933
2906
2902
2908
2980
3765
3819
3875
3919
3902
3939
3949
4065
4093
3166
3323
2890
2832
2819
2940
2913
2894
2911
2939
2833
2860
2924
3022
3099
3208
3275
3336
3383
3372
3380
3372
3396
3457
3495
3545
3601
3652
3705
3776
3819
3869
3941
3982
4010
4044
4071
4107
4143
4209
4253
4360
4439
4482
4543
4603
4653
4689
4706
4759
4809
4857
4935
5003
5067
5142
5211
5262
5357
5427
5456
5514
5538
5573
5610
5632
5691
5718
5742
5791
5843
5897
5902
5974
6021
6086
6152
6229
6333
6415
6486
6524
6572
6618
6693
6706
6678
6724
6755
6750
6807
6809
6850
6892
6930
7013
7057
7109
7208
7241
7273
7284
7325
7354
7390
7439
7478
7534
7619
7207
7215
7224
7246
7256
7287
7298
7300
7389
7389
7411
7424
7437
7420
7485
7484
7548
7565
7245
7268
6755
6688
6726
6739
6762
6387
6407
6247
6245
6276
5993
6023
5599
5592
5629
5488
5494
5146
5137
4982
5001
4973
4582
4605
4628
4647
4658
4165
4210
3835
3873
3899
3691
3681
3342
3388
3208
3256
3301
2861
2880
2844
2893
2932
2487
2523
2085
2068
2052
2039
2066
1678
1688
1677
1687
1702
1297
1353
934
948
972
798
801
570
607
579
574
913
588
662
691
741
992
590
867
556
598
540
597
849
615
939
585
602
653
692
915
577
604
543
628
844
606
972
597
617
628
553
821
564
638
547
613
843
604
974
575
604
690
584
815
565
595
523
572
802
611
1013
596
675
728
718
1000
581
636
623
680
1242
593
1117
583
614
675
658
1137
610
633
520
565
820
612
1037
607
621
635
662
1011
613
624
698
745
1091
599
952
602
613
699
600
893
618
634
531
613
838
599
1012
597
622
671
682
1018
571
607
545
581
794
595
1040
598
647
684
676
1006
590
606
672
739
1027
606
799
610
699
530
625
812
600
1025
572
633
765
581
868
597
645
560
570
989
600
646
669
735
1039
573
824
609
627
561
564
970
568
629
646
678
1078
598
848
619
638
519
615
1029
578
598
528
593
865
592
957
572
610
728
576
1022
587
603
643
671
953
578
653
564
635
1067
623
878
620
645
536
585
949
584
631
619
650
993
598
944
599
688
699
661
1056
603
639
558
601
801
572
973
555
590
757
620
777
561
590
542
591
996
597
599
627
626
1028
602
945
605
661
710
664
1117
588
598
592
601
765
592
1010
580
593
683
595
847
615
648
506
573
828
597
1105
600
631
698
602
815
575
578
535
613
812
578
1066
578
595
621
664
1032
601
680
669
682
902
607
1008
593
655
690
732
1001
580
936
619
626
625
664
996
617
847
596
611
539
594
855
576
967
612
700
717
677
1128
607
631
634
651
783
595
1048
564
650
623
666
1010
576
807
555
628
558
630
1070
574
765
606
647
597
625
996
564
777
572
627
548
607
1033
591
775
563
604
563
609
849
595
1018
615
652
686
719
1070
597
624
634
743
939
585
978
571
619
631
692
953
599
985
604
663
610
634
954
607
832
597
706
583
627
998
609
870
604
654
608
627
1053
590
868
610
621
550
580
783
601
901
583
606
559
591
815
610
1074
610
629
667
700
998
578
646
633
671
903
580
1053
617
630
634
637
969
608
810
568
578
547
579
830
587
1010
616
622
644
660
942
608
1024
604
620
641
696
825
610
981
598
596
643
665
1054
613
606
624
601
1044
611
814
588
625
549
603
830
614
844
611
658
565
599
838
594
995
588
640
691
690
850
595
991
580
665
700
674
1000
594
671
734
735
979
605
972
611
657
670
700
796
597
1000
643
729
643
682
983
587
909
609
640
512
577
828
569
851
603
657
532
644
933
630
871
602
621
565
597
825
614
882
613
650
552
624
834
586
1044
618
684
708
698
905
606
1019
609
664
702
745
957
629
703
632
706
1004
604
1014
614
628
662
676
963
576
797
582
609
148866
656
797
609
598
619
608
849
591
630
496
540
865
600
1104
581
544
720
593
995
606
639
650
686
1002
585
668
604
626
860
602
1026
611
686
799
592
851
602
689
547
601
863
610
996
610
679
828
615
903
590
645
513
592
825
604
1002
590
595
657
588
826
607
643
537
589
841
596
969
568
593
606
624
892
616
634
689
728
994
617
795
605
631
560
609
883
599
964
613
611
609
614
845
580
592
556
562
943
573
603
653
662
986
564
936
601
688
727
680
980
651
672
679
684
1047
572
917
576
586
683
596
816
577
644
528
604
958
636
693
673
711
1091
586
797
571
572
596
633
820
627
989
603
620
674
696
995
603
600
529
630
858
585
963
607
641
775
581
843
622
653
555
618
970
597
614
554
571
915
634
797
610
633
554
625
931
603
607
627
671
1095
610
1001
606
630
657
661
958
587
632
531
594
817
