4052
4108
4107
5481
5535
3572
3758
4702
4486
802
1740
1077
732
646
1699
691
788
774
655
679
651
649
678
700
729
749
803
847
893
953
1002
1064
1130
1179
1185
1577
638
632
665
670
668
703
641
660
683
682
737
781
668
687
758
774
887
1228
609
999
970
1111
1137
1124
1181
1224
1278
1360
635
690
731
801
756
741
783
735
773
805
920
903
805
832
904
978
1044
1142
1180
1145
1168
1178
1210
1228
1302
1675
1735
1723
1763
1816
1849
1901
1987
2047
2142
2138
2143
2159
2183
2280
2356
2402
2469
2478
2489
2504
2519
2570
2657
2703
2748
2745
2763
2787
2809
2817
2853
2882
2933
2933
2976
3017
3051
3066
3072
3090
3117
3112
3185
3247
3322
3368
3437
3501
3521
3550
3597
3625
3765
3799
3838
3849
3898
3952
3972
3974
3998
4055
4072
4085
4093
4101
4102
4109
4146
4165
4178
4183
4217
4232
4267
4301
4334
4350
4373
4381
4404
4415
4437
4480
4514
4520
4534
4547
4597
4596
4614
4662
4727
4777
4796
4828
4869
4873
4912
4933
4949
4984
5013
5004
5025
5077
5108
5166
5187
5205
5279
5318
5381
5417
5433
5491
5536
5554
5612
5664
5725
5746
5782
5806
5851
5912
5950
5961
6008
6051
6068
6128
6189
5915
5948
5851
5898
5956
5513
5572
5176
5204
5237
5129
5142
4684
4738
4646
4691
4753
4207
4224
3807
3790
3790
3789
3791
3403
3407
3255
3259
3274
2821
2858
2858
2876
2898
2419
2421
1988
1962
1949
2028
2097
1721
1718
1533
1511
1554
1203
1254
1210
1223
1273
832
959
600
634
644
655
974
596
648
513
569
859
614
968
600
643
747
590
818
598
626
542
625
952
602
619
634
680
1014
616
906
584
587
668
582
830
625
641
541
592
935
601
659
640
662
967
594
961
602
637
665
624
1005
625
660
573
589
834
591
987
592
641
662
562
757
569
623
556
606
1069
604
657
531
571
850
594
973
577
620
708
554
987
603
648
695
732
1082
625
653
679
697
990
604
998
585
588
589
567
912
603
592
584
604
926
586
606
637
666
972
595
928
590
643
638
675
1003
593
632
536
572
819
606
1069
612
642
753
637
819
604
637
537
600
838
613
977
607
627
646
567
948
574
590
643
654
1051
597
629
543
575
781
578
966
588
601
714
582
825
626
575
553
592
902
570
621
617
656
1027
582
947
579
629
730
558
825
610
663
500
578
815
620
971
617
675
763
578
838
567
620
495
553
894
613
964
596
614
692
623
994
593
671
705
714
1102
591
627
538
590
819
587
1084
594
623
640
568
809
615
648
557
592
945
564
602
656
704
979
616
749
615
628
571
621
920
611
645
682
734
989
566
805
567
617
570
582
905
543
578
565
663
1026
623
963
592
657
751
707
1008
609
657
522
620
842
609
1037
580
595
681
593
1006
586
598
628
678
1963
612
647
683
712
739
761
867
577
644
700
669
997
583
651
595
673
997
594
962
586
618
663
686
953
591
662
559
590
917
573
977
586
799
581
610
698
624
659
500
590
817
575
1025
586
640
762
611
952
594
640
699
681
1057
603
566
566
556
918
588
627
586
584
912
581
1033
588
585
597
634
877
553
599
540
605
972
563
553
574
595
928
564
910
561
591
660
707
992
558
578
555
578
983
579
592
646
684
924
578
940
548
616
717
670
1086
611
630
564
613
807
604
978
609
616
650
578
937
578
588
606
636
960
592
624
533
554
817
622
1017
585
654
628
633
956
582
621
560
607
836
592
917
596
668
744
733
1024
608
657
505
577
4715
607
606
630
673
713
747
817
862
882
939
1001
1011
1077
1170
1219
1303
1374
1433
1471
1510
1567
1672
1760
1799
1854
1866
1664
1702
1539
1586
1610
1318
1360
970
966
997
895
943
736
767
741
755
944
619
804
619
630
504
616
886
616
899
615
667
522
601
865
628
990
589
648
704
701
1004
587
600
662
735
862
588
993
607
646
668
762
915
605
968
598
641
694
707
1005
565
832
613
640
647
668
938
620
845
584
635
585
602
780
580
848
669
692
573
596
846
600
912
613
692
727
712
996
623
712
726
809
960
614
974
607
638
681
759
887
652
1059
624
659
704
719
726
607
963
604
652
679
702
867
615
981
650
709
752
783
843
601
951
614
624
640
682
969
579
773
601
650
666
687
834
601
994
619
642
712
722
957
645
797
579
589
559
580
772
592
863
660
682
527
568
813
580
895
579
616
579
598
844
617
856
595
639
571
5766
1889
2126
2054
1539
1447
4037
3965
3919
3900
3917
3942
3954
3925
602
571
1202
1090
1101
1104
1072
1104
1103
1409
1119
1149
1112
1081
1244
927
923
1063
1172
646
613
615
659
665
653
685
724
793
820
827
847
882
950
984
1007
1018
1058
1072
1058
997
999
979
1004
597
669
664
773
795
824
897
902
882
918
982
1009
1055
1079
1123
1151
1163
1190
1223
1269
1304
1329
1370
1450
1468
1495
1437
1464
1533
1574
1639
1711
1817
1893
1943
2006
2060
2123
2178
2216
2315
2370
2403
2447
2491
2501
2518
2555
2574
2600
2612
2652
2695
2764
2809
