7610
7916
7948
8007
8014
8080
8111
8128
8168
8218
8251
7969
7918
7915
7928
7109
4176
1276
1400
1373
1379
1395
1426
2617
2576
2492
1986
1890
1824
1775
1748
1127
6799
4544
4275
1808
1329
1185
1039
1060
938
1985
716
1629
954
718
649
635
586
576
605
630
667
695
740
788
925
1002
1004
653
593
932
608
803
835
920
978
1042
1088
1166
1237
1287
1350
1409
1449
1477
1534
1608
1699
1784
1841
1906
1941
1964
2007
2029
2039
2086
2104
2153
2241
2326
2391
2413
2421
2458
2527
2604
2654
2768
2845
2913
2963
3021
3069
3122
3151
3190
3216
3233
3267
3300
3318
3354
3390
3430
3501
3527
3547
3549
3558
3571
3629
3645
3639
3704
3744
3771
3840
3899
3923
3954
3994
4019
4033
4059
4111
4176
4212
4240
4270
4338
4377
4446
4495
4512
4533
4554
4562
4610
4682
4769
4825
4874
4926
4954
4997
5046
5112
5145
5165
5186
5205
5217
5251
5301
5396
5416
5453
5468
5496
5508
5547
5611
5693
5748
5794
5802
5843
5853
5850
5903
6021
6104
6183
6161
6191
6214
6259
6315
6363
6414
6493
6502
6528
6562
6586
6609
6626
6639
6660
6673
6716
6739
6756
6775
6806
6841
6857
6867
6897
6943
6919
6908
6924
6941
6964
7007
7007
7071
6975
7001
7023
6997
7015
6512
6534
6514
6541
6544
6232
6299
5828
5847
5832
5845
5886
5505
5546
5092
5044
5119
5114
5144
4761
4762
4515
4547
4509
4586
4586
4168
4203
3806
3839
3884
3903
3902
3459
3470
3226
3241
3050
3076
3126
2914
2968
2637
2679
2522
2523
2567
2146
2195
2001
1993
1972
2008
1994
1748
1771
1283
1254
810
855
913
585
940
614
650
565
587
1125
568
891
629
638
543
600
807
611
886
637
683
541
606
833
623
897
618
650
706
726
967
598
810
589
661
677
705
997
623
806
607
678
625
684
875
607
1055
583
620
618
614
922
606
776
611
618
536
573
811
644
919
628
681
647
698
1018
657
978
619
644
670
699
969
597
630
526
585
844
631
1044
633
663
712
754
1003
633
684
564
630
861
615
977
608
623
669
685
987
580
622
535
593
974
590
607
577
631
905
590
933
584
616
675
672
1022
569
593
550
571
955
553
576
589
600
880
589
982
579
579
582
603
922
595
589
501
557
897
584
995
622
652
707
743
1050
615
663
696
742
991
588
812
646
649
545
612
805
600
1026
617
647
660
688
1039
610
628
668
697
967
617
829
599
650
566
608
802
620
1085
617
668
705
722
970
644
698
733
741
1012
625
803
620
663
533
608
816
591
866
618
678
548
624
947
615
656
687
737
872
612
1030
644
711
586
619
814
586
1037
592
641
666
674
1002
633
698
674
692
1099
632
1006
653
705
729
670
1000
593
653
699
758
1017
587
843
609
648
537
634
792
607
998
645
719
780
770
1080
601
633
582
584
849
628
979
601
652
667
701
994
597
635
579
628
846
614
938
595
608
665
678
1040
583
619
489
551
839
598
1016
556
594
650
702
1027
584
670
645
685
986
619
961
578
635
640
630
1104
597
615
682
694
1031
588
959
559
549
667
555
821
595
608
526
580
799
602
980
587
594
640
655
972
580
596
580
625
852
617
983
578
572
571
607
1007
620
672
539
609
852
614
837
631
667
547
597
952
604
625
637
661
967
571
905
579
601
677
654
1029
610
665
478
542
1004
581
635
664
702
1059
593
812
614
620
558
608
983
617
611
608
632
888
615
980
613
641
684
703
650
592
605
532
554
946
560
680
616
638
976
585
1021
589
589
606
634
977
612
645
552
615
856
587
948
560
591
630
736
991
597
649
491
538
888
571
1023
615
648
809
592
911
596
599
636
676
1010
582
615
555
581
833
610
987
585
607
659
576
831
605
630
555
590
786
595
1021
587
599
657
582
948
611
632
655
676
1024
596
659
523
562
813
578
981
609
663
701
726
1016
564
3031
712
635
1752
895
666
598
615
624
655
709
765
820
873
1043
1552
1303
1337
680
651
603
597
583
595
613
676
736
771
818
831
867
815
876
910
964
1009
1146
1221
1283
1319
1510
1614
1645
946
974
992
1006
1036
1076
1109
1120
1154
1194
1251
1317
1438
1528
1581
1610
1655
1711
1769
1831
1909
1929
1966
2017
2041
2057
2088
2151
2141
2171
2287
2332
2392
1443
1464
1468
1499
1507
1500
1500
1540
1562
1592
1643
1688
1425
1491
989
1026
1090
1091
1096
659
687
625
656
880
581
1287
602
619
659
697
880
596
630
633
692
1013
641
825
584
636
527
627
830
729
860
592
640
671
578
880
602
1889
1325
1294
879
884
695
654
1522
2147
1937
2424
2723
2315
2343
2357
1992
1987
1969
2005
2043
1953
1835
1716
1553
1451
1337
1254
1167
1091
1005
928
854
790
703
614
546
857
1234
1240
793
1002
757
1141
769
725
726
741
732
732
747
743
728
721
725
720
746
728
724
748
718
725
796
764
714
1633
795
621
792
767
739
752
751
752
828
1234
1827
1839
1828
2111
1245
2150
2750
3338
3321
3364
4094
4823
5761
6385
6036
6652
7264
8155
8737
9603
9947
10030
10090
10713
11741
12455
13181
13853
14761
15359
15865
15921
15992
16093
16143
16187
16215
16303
16378
16255
