2740
2824
4353
1352
1301
1263
1249
1263
1260
1160
1048
945
863
716
616
520
865
2319
2652
2657
2694
2742
2764
874
1576
1586
1608
823
1189
1201
820
835
1706
874
814
869
881
562
585
641
703
766
836
878
962
1172
1201
4916
857
1752
4529
4316
1333
992
911
908
880
578
578
592
547
1058
1362
1519
1489
1310
929
4231
1294
1883
964
932
1876
620
656
685
714
752
758
825
857
903
954
960
1013
1071
1532
917
1029
978
976
1005
1120
1113
1145
1233
1268
1274
1453
1447
1488
1430
1447
1395
1370
1415
1486
1470
1498
1522
1531
1530
1597
1619
1651
1734
1808
1205
1265
1293
1292
1376
1389
1408
1421
1456
1468
1542
1647
1742
1705
1850
1847
1833
1792
1793
1786
1814
1867
1893
1940
2034
2077
2137
2155
2191
2269
2378
2443
2506
2519
2565
2590
2614
2684
2745
2796
2826
2901
2899
2930
3004
3077
3094
3148
3140
3182
3244
3272
3298
3302
3301
3319
3370
3379
3388
3389
3044
3123
3009
3066
3063
2734
2813
2315
2330
2256
2261
2276
1784
1863
1534
1580
1429
1421
1438
985
1015
792
819
541
573
811
581
938
609
672
576
605
785
606
1085
615
669
681
653
1057
630
652
664
704
897
595
1016
591
612
635
672
853
620
998
623
691
656
779
1311
636
883
604
626
643
711
944
584
979
618
689
680
720
856
617
1049
589
668
580
648
1083
581
793
614
688
584
600
844
615
990
642
705
642
724
1007
613
831
581
599
507
623
860
602
992
623
640
561
606
845
589
906
553
596
530
601
887
614
936
589
630
562
641
874
594
1037
615
620
595
661
864
631
1115
608
648
787
582
843
611
665
574
644
1161
606
825
618
613
569
617
875
584
862
617
621
555
594
980
593
589
592
613
1018
609
840
594
610
541
598
831
619
1005
560
633
678
580
1103
567
567
591
600
1026
559
790
569
591
549
580
923
583
958
583
650
539
606
818
579
1025
567
583
632
564
1028
591
617
558
600
1059
595
857
605
646
535
579
1026
610
871
588
640
501
586
867
575
1023
581
608
550
592
843
586
1029
566
577
599
599
880
611
983
580
599
625
636
1110
604
617
637
652
1010
623
821
564
578
558
610
867
589
940
625
661
554
617
1002
609
635
612
657
888
615
1052
597
631
596
636
1092
567
795
574
557
572
610
889
590
1006
598
613
659
692
1084
615
612
619
629
846
579
1055
599
627
630
668
816
561
1001
595
617
608
591
1015
569
990
591
649
713
570
979
593
631
650
633
1121
588
626
547
564
981
563
652
569
592
1031
590
929
576
570
718
553
867
598
612
549
579
930
602
666
551
572
819
537
1016
613
607
712
567
867
599
666
559
599
997
614
660
584
620
851
628
1016
605
655
808
626
823
597
652
506
598
1039
602
680
652
715
1093
601
811
579
629
521
609
1065
576
579
613
637
1046
605
983
609
654
701
663
1136
588
655
659
674
993
604
835
597
623
555
614
1015
610
690
638
704
1061
614
979
617
603
604
645
1016
603
666
633
659
1038
593
823
613
636
536
588
1008
601
635
635
665
1061
605
1034
577
606
592
574
974
647
680
609
650
1065
604
841
575
627
561
610
993
584
607
625
694
1042
595
802
628
631
556
630
837
602
1080
608
622
657
670
1009
633
716
690
717
1040
585
975
587
666
670
690
1083
575
712
637
650
1012
606
834
649
666
539
601
1129
611
1153
624
635
716
612
796
619
680
563
602
809
626
1052
583
578
706
580
818
625
666
525
580
977
574
609
588
628
1044
579
1086
602
627
516
583
974
587
626
584
591
992
586
843
575
612
536
595
830
579
1076
591
620
713
618
856
611
678
526
593
848
586
1034
595
635
802
615
871
630
668
548
596
835
568
1050
595
594
647
634
976
562
594
559
576
836
582
1041
602
638
782
563
815
545
578
524
605
900
610
1024
591
661
741
711
1031
599
649
535
603
869
581
1014
564
652
834
591
825
616
679
730
611
842
592
620
539
577
1090
605
848
609
651
506
585
1076
600
666
570
634
1092
638
1069
625
661
675
660
1111
587
594
545
581
834
628
1101
591
591
698
584
844
592
675
494
553
1010
564
663
562
638
1084
653
999
610
624
671
604
1058
575
2754
1397
1242
1652
1124
1165
1300
19129
19167
3214
1696
1660
1588
1615
1628
1659
1674
1695
1686
2636
2758
2839
2930
3002
2513
2097
2096
2067
2135
2240
2281
2369
2431
2270
2262
2274
2181
2202
2198
2142
2134
2149
2149
2092
2109
2112
2130
2136
2116
2125
2106
2118
2151
2228
2304
2329
2379
2408
2443
2500
2558
2619
2725
2755
2626
2641
2625
2595
2608
2601
2637
2688
2774
2829
2837
2841
2851
2900
2929
3001
3074
3088
3145
3146
3158
3214
3244
3278
3310
3343
3404
3375
3400
3405
3434
3511
3550
3591
3647
3684
3709
3748
3753
3778
3828
3848
3878
3888
3972
3993
4018
4029
4029
4031
4087
4115
4130
4136
4204
4235
4262
4270
4266
4295
4348
4350
4393
4412
4412
4417
4434
4464
4485
4504
4536
4569
4575
4585
4597
4634
4659
4674
4700
4750
4761
4786
4797
4821
4848
4876
