2718
716
641
661
6940
1993
2780
3109
808
605
1044
1115
676
1150
1073
1405
1171
822
588
602
643
692
647
650
651
669
719
744
766
804
872
919
1002
1044
1088
1159
1204
1247
1288
1362
1414
1718
1799
1864
1927
1966
2475
2530
2623
2496
2497
2516
2212
2210
2130
2143
2162
2211
2292
2324
1741
1755
1842
1872
1843
1847
1844
1817
1841
1853
1874
1964
2024
1964
2026
2054
2063
2100
2152
2138
2176
2185
2149
2186
2221
2243
2246
2262
2290
2316
2339
2374
2458
2499
2535
2581
2627
2670
2718
2776
2831
2875
2950
2989
3028
3084
3105
3173
3202
3212
3228
3238
3255
3278
3282
3325
3383
3407
3398
3417
3437
3461
3471
3474
3467
3480
3503
3526
3578
3622
3615
3656
3656
3693
3738
3772
3786
3796
3859
3870
3861
3859
3876
3923
3971
4034
4005
4015
4032
4046
4044
4045
4072
4096
4095
4133
4171
4198
4193
4228
4260
4280
4293
4316
4321
4342
4353
4373
4386
4427
4464
4520
4583
4644
4709
4789
4893
4994
4999
5012
5065
5078
5097
5126
5130
5019
5030
5035
4589
4604
4547
4614
4643
4110
4124
3689
3713
3727
3679
3697
3236
3212
3191
3194
3244
2746
2748
2451
2453
2272
2275
2308
2037
2067
1642
1647
1634
1520
1561
1235
1245
1039
1056
1070
796
1024
597
605
734
586
902
592
601
642
630
1089
619
644
496
523
850
615
1064
561
627
737
564
898
607
643
553
622
831
612
1065
585
611
627
660
993
637
671
679
718
1028
622
920
611
640
563
603
936
611
680
644
668
987
594
822
583
604
529
592
846
613
1064
576
570
799
614
945
598
623
547
578
931
615
664
609
660
1018
610
836
618
674
535
584
820
576
864
637
698
564
594
953
607
703
624
652
1058
589
1021
601
580
591
632
1046
609
641
670
724
1055
586
836
583
660
503
580
1008
579
624
584
632
1053
610
984
567
585
733
580
828
551
586
514
547
961
581
625
545
607
1119
603
971
602
632
706
609
863
600
627
561
584
815
603
1000
568
558
627
617
1064
598
591
568
593
823
618
1077
577
593
622
614
951
577
593
507
587
896
627
1054
587
602
669
581
760
654
685
533
555
1003
608
668
592
640
1030
587
922
605
624
661
677
1050
572
603
560
604
927
587
1005
619
669
678
676
994
609
629
542
576
974
597
637
615
665
1101
582
803
599
594
545
641
1038
579
595
603
616
972
575
875
587
625
536
583
1024
616
631
630
673
1145
589
850
584
599
540
602
1178
559
1169
617
621
657
670
1139
596
608
620
662
983
593
943
595
587
612
622
1009
589
589
504
569
867
573
1034
617
651
726
638
1070
598
630
554
587
1069
606
1174
603
607
684
616
824
615
634
542
580
1063
624
656
514
556
844
599
1037
611
640
672
714
1037
599
628
617
651
1081
592
1006
588
601
593
582
974
584
616
552
566
837
634
1082
626
632
641
674
930
575
644
543
601
998
580
619
597
644
1137
606
822
597
603
548
609
943
573
584
581
612
1176
622
1012
615
686
734
644
1063
571
593
527
601
838
605
1036
626
636
742
597
785
588
644
520
600
889
602
1044
602
644
732
730
1050
598
609
532
600
876
553
1026
583
649
583
605
1041
577
617
548
561
788
567
1056
596
632
817
605
898
598
609
504
575
990
611
638
555
594
1050
601
642
601
616
530
587
957
580
615
528
587
1166
594
756
581
588
519
594
845
552
992
613
646
656
598
796
607
1010
582
618
709
626
951
586
600
539
602
870
590
1110
563
633
664
678
1023
574
576
514
586
946
604
1136
619
693
670
733
914
673
1044
607
683
745
713
1140
608
681
636
677
1104
577
891
608
632
535
576
860
650
903
621
644
558
620
847
611
918
584
607
547
612
870
570
1145
591
623
658
719
914
594
1031
599
642
668
605
1010
588
605
646
682
1014
600
865
604
669
622
684
911
601
1039
594
618
637
687
994
598
779
581
634
570
601
998
611
858
596
615
572
594
1001
608
902
611
609
541
592
851
584
1015
595
617
664
632
1013
578
626
582
612
1047
587
885
614
628
560
567
774
580
1194
590
603
685
593
892
585
607
562
597
815
552
1017
592
602
599
580
1006
592
627
637
695
1567
585
860
607
639
548
602
830
606
1096
601
613
634
671
1076
621
636
629
702
1052
580
862
597
651
861
1050
1067
731
1300
1300
1296
1011
921
1668
813
742
14412
11786
667
562
583
606
5388
2293
654
1892
619
2005
689
591
616
621
656
691
775
831
825
632
637
628
668
684
759
785
802
753
574
571
663
738
826
830
865
730
753
788
901
956
961
1006
1042
1048
1060
1107
1172
1250
1306
1350
1386
1413
1457
1501
1542
1569
1596
1632
1645
1686
1744
1786
1800
1813
1830
1884
1974
2052
2097
2205
2250
2313
2363
2400
2422
2423
2423
2435
2451
2523
2613
2623
2619
2605
2629
2645
2710
2794
2895
2914
2938
2958
2981
3038
3105
3142
3158
3205
3168
3230
3258
3313
3398
3450
3381
3393
3426
3461
3504
3582
3650
3677
3703
3593
3646
3671
3744
3791
3857
3912
3953
3990
4021
4078
4135
4180
4251
4300
4374
4426
4474
