6673
6737
6757
6838
6936
6954
7015
7025
7085
7560
7151
5371
5409
14093
1696
562
2592
928
1481
1429
4058
645
615
658
684
730
772
884
980
769
797
819
940
973
1045
1090
1098
1170
1194
650
693
749
822
906
980
1048
1066
1123
1232
1327
1230
1462
638
666
747
758
804
679
636
618
591
1022
937
1015
1063
1101
1090
961
1051
1090
1088
1100
1159
1162
1162
1242
1281
1294
1310
1370
689
719
754
789
810
841
962
981
1018
1070
1087
1089
1177
1213
1217
1220
1343
1342
1375
1394
1430
1452
1527
1590
1657
1725
1803
1824
1899
1926
2012
2085
2125
2145
2191
2199
2185
2214
2276
2344
2441
2480
2506
2518
2552
2590
2647
2695
2782
2825
2862
2894
2905
2914
2930
2947
2946
2974
3050
3151
3220
3290
3359
3426
3476
3529
3567
3638
3688
3729
3766
3843
3912
3945
3954
3999
4030
4064
4109
4139
4201
4248
4296
4377
4374
4401
4463
4496
4546
4578
4650
4702
4737
4819
4904
4996
5062
5126
5162
5228
5282
5319
5367
5397
5347
5420
5516
5548
5619
5640
5663
5651
5635
5648
5713
5708
5755
5756
5741
5741
5761
5784
5845
5560
5601
5624
5392
5400
5145
5200
5014
5038
5021
4707
4737
4284
4306
4304
4284
4304
3847
3853
3702
3738
3739
3466
3505
3016
3022
3029
2768
2790
2520
2467
2317
2380
2432
2073
2100
2004
1987
1972
1553
1586
1270
1247
1110
1159
1188
884
1029
606
623
644
655
887
553
617
490
552
859
553
1053
573
618
723
605
939
577
579
597
617
1006
597
629
556
576
939
611
618
649
697
1000
592
793
557
612
561
600
905
604
658
582
633
1097
588
922
592
600
616
597
921
623
662
687
770
1053
596
817
601
624
538
582
980
604
618
658
706
1046
597
936
595
658
658
711
1141
586
612
579
598
1001
620
613
628
644
984
579
933
604
598
606
592
927
614
627
578
597
994
579
973
602
614
618
628
927
586
636
531
561
972
581
624
571
606
1002
605
921
602
628
666
632
1042
608
639
561
592
978
609
626
643
687
1056
577
937
587
591
623
650
1027
595
633
556
556
791
615
983
574
566
695
585
819
626
627
562
588
804
580
987
612
646
717
581
784
607
654
504
589
1057
597
607
606
631
980
585
959
611
699
711
679
987
600
663
632
732
1088
614
974
601
635
721
668
1001
602
643
683
716
966
585
844
604
661
543
618
964
621
626
647
664
1003
587
778
595
651
535
590
937
606
610
552
621
1054
604
993
609
634
668
695
1014
610
635
493
578
770
596
1120
608
629
626
538
979
549
586
605
615
952
600
622
519
605
838
616
1044
595
597
654
578
860
584
623
554
584
943
582
632
617
666
1090
609
804
634
686
549
612
965
598
644
613
666
1010
626
827
602
624
545
617
852
582
1004
613
649
691
586
829
623
651
523
625
915
610
1025
605
598
643
706
1048
588
591
606
644
990
579
925
613
613
636
667
951
580
606
680
730
989
625
887
585
623
572
623
988
599
606
627
656
979
627
875
590
621
535
601
840
608
1072
572
589
669
565
785
579
586
534
588
805
576
1062
616
645
675
670
917
602
631
550
602
804
576
1023
579
580
673
584
764
595
646
563
589
797
572
969
622
673
768
611
839
602
643
574
614
955
612
660
541
637
844
568
1101
569
579
658
609
975
585
605
645
596
1013
592
642
566
623
878
607
982
570
575
660
598
979
596
613
629
666
1012
598
656
491
561
886
603
1009
607
621
709
599
819
617
634
550
608
959
586
591
609
668
1030
575
914
581
578
628
604
970
575
565
566
597
1046
582
616
563
565
775
594
1032
588
601
619
659
1026
609
629
556
579
794
601
1153
576
582
662
583
787
636
647
535
590
965
573
598
671
698
1015
611
795
590
634
552
587
806
596
980
621
643
789
601
768
600
658
577
602
919
618
628
643
704
873
577
991
603
677
647
720
1031
594
855
610
642
610
594
809
616
993
601
657
667
700
849
618
1009
603
680
713
656
1032
584
593
690
745
975
573
876
603
637
521
589
866
588
1029
608
660
669
652
993
579
597
653
689
924
592
802
560
590
621
599
906
578
558
582
662
961
574
786
574
629
566
575
982
569
630
619
674
1104
596
753
546
587
529
594
864
570
1309
899
885
957
809
824
546
591
556
580
862
666
840
605
654
574
590
772
573
1061
563
672
696
596
977
581
637
598
948
572
601
2381
2151
2479
2875
2948
2524
2392
2059
1450
1114
956
911
871
915
908
910
887
926
928
899
763
1096
1300
819
764
801
759
740
807
812
1423
630
642
711
714
760
808
875
892
866
890
947
1070
1149
1243
1269
1141
1195
1237
1282
1353
1436
1492
1569
1591
1596
1636
1673
1737
1779
1882
1857
1913
1968
1294
1345
1367
1374
1395
1522
1566
1649
1689
1720
1747
1628
1625
1634
1659
1692
1750
1770
1802
1822
1834
1865
1896
1919
1944
1979
2006
2036
2084
2103
2135
2157
2185
2199
2214
2269
2316
2362
2445
2497
2530
2603
2644
2738
2766
2814
2835
2876
2914
3011
2589
2613
2644
2609
2654
2331
