2596
2616
845
600
3386
15434
1180
854
1524
1221
1246
2137
893
685
649
592
591
662
647
607
627
1687
841
794
806
839
897
902
890
899
896
938
968
990
992
981
1842
1914
2018
2010
2071
2123
2178
2189
2189
2224
2268
2282
2425
1857
1824
1404
1456
1457
1514
1556
1629
1692
1706
1814
1862
1892
1962
1930
1951
1976
2009
2050
2087
2142
2160
2173
2179
2182
2191
2209
2253
2323
2378
2417
2300
2323
2356
2370
2408
2427
2449
2474
2464
2453
2437
2426
2482
2546
2590
2620
2659
2712
2689
2696
2701
2740
2753
2737
2738
2722
2738
2784
2824
2869
2926
3009
3036
3053
3048
3058
3086
3111
3109
3149
3196
3219
3234
3242
3251
3254
3251
3291
3356
3381
3401
3437
3421
3424
3459
3483
3514
3551
3589
3617
3663
3708
3746
3794
3827
3898
3935
3999
4042
4075
4092
4100
4122
4128
4163
4200
4243
4332
4277
4284
4290
4312
4331
4369
4411
4477
4497
4487
4506
4521
4561
4590
4635
4689
4696
4710
4703
4741
4766
4779
4825
4865
4883
4931
4991
5033
5090
5127
5138
5157
5156
5167
5191
5191
5235
5286
5308
5344
5358
5384
5394
5420
5447
5472
5487
5505
5528
5558
5569
5578
5574
5629
5674
5701
5724
5736
5732
5765
5836
5870
5899
5901
5899
5947
5969
6002
6060
5715
5749
5781
5677
5715
5239
5295
5129
5199
5184
4892
4905
4497
4495
4490
4506
4512
4042
4071
3988
3979
3989
3722
3688
3279
3296
3363
3364
3381
2947
2985
2836
2898
2973
2705
2714
2264
2290
2350
2216
2236
1879
1899
1682
1696
1714
1379
1381
1255
1243
1239
981
977
617
679
736
711
1003
607
585
535
596
790
575
1009
580
649
737
590
818
585
669
543
613
888
610
956
615
667
781
569
784
605
648
528
606
932
545
566
587
622
974
588
913
575
683
679
651
1094
585
594
591
634
909
609
756
607
662
628
686
985
617
849
641
575
557
602
798
583
992
596
653
703
784
1035
603
686
675
721
1059
593
870
598
624
541
571
912
596
599
615
642
981
603
848
567
590
556
582
775
573
951
588
598
589
585
903
577
631
664
675
942
584
824
619
629
589
594
805
577
816
582
614
545
609
783
604
1062
601
647
666
648
922
606
644
628
638
985
588
783
582
590
537
601
823
590
1032
587
621
656
704
956
582
687
626
657
850
585
1011
619
625
555
582
777
613
857
587
635
586
608
778
606
1035
585
598
621
624
926
587
603
543
567
792
576
814
604
608
549
607
929
584
623
603
640
978
585
776
553
584
538
583
780
579
862
615
661
545
619
848
570
929
577
614
654
662
991
582
644
694
713
966
598
742
578
661
543
555
988
586
779
611
605
539
607
796
605
1000
611
646
674
696
947
546
609
655
685
980
615
800
622
620
545
587
811
573
889
646
652
563
600
802
620
996
610
624
664
691
944
609
698
673
676
1027
581
771
582
639
549
591
786
587
976
579
632
691
559
894
614
661
631
675
974
593
793
596
690
552
614
766
587
988
612
652
642
648
1007
590
607
708
735
831
641
1945
604
651
544
588
785
586
915
603
626
566
596
829
608
1030
595
627
613
685
958
586
581
624
681
1013
614
854
607
645
596
653
985
595
862
588
621
516
571
799
603
1196
592
619
570
607
767
598
866
613
638
561
630
791
605
1052
634
684
755
784
1073
572
623
665
748
1041
597
825
642
689
641
721
1074
619
823
605
616
541
628
952
621
675
576
571
955
598
660
667
737
1074
633
1015
614
675
671
576
815
579
646
557
552
885
610
672
569
587
960
576
554
574
593
988
598
592
566
591
912
621
596
615
617
1006
608
606
659
701
946
566
932
580
617
747
901
631
566
611
673
576
827
581
632
506
568
976
576
606
515
570
786
583
955
571
597
705
571
791
588
591
536
573
908
572
577
623
640
1015
590
778
598
609
540
608
808
571
966
580
625
654
679
973
584
652
577
638
850
574
1033
577
610
715
561
870
554
542
582
649
937
550
578
501
561
825
549
980
554
600
725
579
861
587
619
572
595
798
616
951
578
598
739
576
797
572
650
533
588
927
559
627
591
632
972
577
929
558
642
704
670
992
583
640
513
572
836
580
929
578
600
677
574
809
552
596
521
582
828
577
1052
606
657
701
746
993
595
639
549
577
864
581
948
565
581
655
570
793
597
612
548
609
792
594
1013
566
575
661
582
828
599
591
553
580
864
583
664
664
727
1029
604
794
624
654
1805
1011
1767
1147
796
1285
2180
3248
3173
3149
3139
3269
3215
2303
2285
2265
2251
2282
2278
2220
2157
2049
1916
1816
836
927
922
806
732
751
726
727
712
1056
638
790
773
777
715
766
761
849
962
946
947
957
921
959
967
987
964
979
898
778
1720
931
1318
667
654
650
629
647
699
717
754
795
856
921
918
927
996
1066
1100
1173
594
688
743
726
785
868
934
997
1019
1046
734
771
819
887
935
941
1002
1053
1039
1143
1217
1266
1298
1312
1334
1364
1390
1427
1504
1552
1621
1602
1649
1668
1682
1691
1701
1725
1799
