2923
4402
6234
3307
2748
2221
1141
1759
1461
1235
962
967
1222
1088
1214
4381
2950
1213
1161
1162
1136
4264
556
1235
1039
1129
2259
705
713
659
894
711
871
697
1445
619
653
647
643
624
630
619
645
710
646
662
707
755
731
786
833
882
924
966
1015
1015
1101
1191
1241
1278
1319
1368
1408
1446
1594
1426
828
875
905
939
951
1021
1042
1092
1096
1147
1164
1199
1281
1309
1349
1336
1399
1425
1451
1500
1589
1627
1721
1718
1758
1801
1853
1745
1805
1823
1861
1832
1839
1850
1876
1921
1970
2001
2088
2108
2158
2206
2271
2260
2307
2377
2441
2444
2453
2514
2571
2639
2715
2818
2834
2920
2976
3035
3117
3188
3244
3291
3332
3339
3349
3385
3404
3451
3517
3560
3574
3645
3626
3674
3679
3747
3806
3874
3886
3958
4035
4074
4139
4181
4232
4280
4355
3710
3741
3843
3895
3945
4023
4074
4150
4094
4161
4207
4260
4328
4379
4427
4467
4486
4554
4580
4614
4638
4675
4720
4809
4862
4904
4978
5057
5106
5150
5181
5228
5261
5274
5322
5345
5410
5463
5511
5553
5548
5484
5525
5607
5611
5629
5653
5675
5696
5718
5867
5918
5928
5951
6019
6042
6106
6118
6121
6165
6185
6145
6159
5866
5907
5797
5829
5886
5421
5491
5162
5202
5087
5138
5148
4664
4714
4439
4452
4225
4252
4328
3867
3888
3884
3930
3992
3627
3644
3176
3209
3101
3147
3215
2746
2800
2323
2352
2371
2229
2239
1999
2046
1809
1886
1936
1461
1515
1330
1339
1334
1078
1096
674
713
756
714
972
591
613
704
620
868
608
642
543
614
966
573
635
493
569
850
600
1039
650
706
739
605
930
600
620
540
596
952
628
651
583
596
916
573
583
618
632
942
610
944
597
639
685
701
1026
646
706
584
606
819
605
996
616
650
769
616
818
618
647
500
559
817
608
1007
598
667
801
591
827
560
597
530
594
957
564
587
547
570
802
597
994
589
616
626
578
913
598
588
533
574
953
554
638
604
637
1008
605
852
634
685
512
565
1006
602
631
679
706
1048
592
758
572
642
519
633
842
571
1097
612
626
662
708
935
580
663
646
715
1019
603
959
599
657
709
672
1033
584
602
632
693
1017
569
769
597
608
565
588
796
592
1028
570
615
654
663
992
581
603
538
557
844
580
979
571
567
657
589
845
602
607
523
574
841
595
1020
570
597
673
583
785
540
580
560
563
997
598
622
562
616
824
568
1078
593
609
663
689
955
616
681
642
687
1044
600
1030
602
610
646
655
964
562
628
614
636
946
574
968
616
666
660
647
979
606
650
712
730
962
627
948
625
650
657
677
1000
631
655
683
768
1020
604
811
615
640
566
621
802
633
1001
628
697
745
693
1006
607
633
569
586
834
590
1018
607
657
703
702
1052
621
655
544
566
837
605
991
610
647
691
773
1016
616
646
498
599
904
606
1031
599
612
658
721
1062
639
703
714
739
1005
606
823
618
634
513
612
845
605
1029
627
672
700
756
1028
627
665
694
751
1017
652
850
609
655
556
609
970
605
633
632
696
1002
604
946
583
616
665
669
1026
613
627
491
543
886
610
982
609
658
760
605
879
614
646
525
608
1001
650
685
705
741
1006
582
805
612
647
570
620
921
574
642
610
661
1066
608
786
611
639
498
580
889
624
961
603
636
636
650
918
578
586
565
648
869
615
949
581
595
606
604
864
585
625
545
595
986
632
643
663
669
981
591
916
578
593
680
597
875
604
609
534
589
802
585
1028
596
612
661
623
966
619
612
637
626
962
613
602
662
686
973
608
1040
601
662
653
676
1060
606
650
508
566
1038
594
630
471
539
1068
587
619
638
686
1030
609
850
614
662
517
570
961
585
620
536
613
830
610
1077
600
609
660
719
1010
596
635
553
596
820
546
1019
623
632
649
651
959
604
629
661
683
945
585
944
618
591
622
650
973
617
671
764
798
1003
603
860
605
666
552
577
933
577
586
606
619
934
594
772
597
630
563
606
852
628
1023
622
663
668
570
818
620
671
554
591
947
592
608
628
681
1051
602
851
611
626
542
611
952
604
654
686
738
1008
585
809
609
641
529
576
970
575
580
545
586
780
569
978
590
639
712
568
825
611
633
509
586
965
551
564
535
557
801
589
932
584
629
679
685
1043
567
657
514
570
2910
1577
1257
1784
759
1175
1308
1317
869
1959
1990
2015
2052
832
1552
1589
1647
1580
1477
907
905
876
848
894
897
920
707
890
764
754
781
734
937
1104
659
650
666
749
843
662
705
757
763
784
882
945
1242
615
684
684
730
760
782
793
889
938
958
1039
1112
1077
1119
1204
1238
1242
1288
1360
1432
1505
1575
1650
1571
1610
1655
1694
1740
1831
1894
1925
1976
2030
2056
2070
2087
2105
2139
2190
2220
2257
2267
2282
2320
2343
2367
2371
2395
2426
2410
2474
2510
2596
2673
2744
2822
2888
2904
2922
2983
3047
3085
3123
3151
3200
3265
3340
3401
3423
3482
3505
3572
3615
3637
3670
3717
3730
3761
3817
3883
3960
4011
4097
4128
4202
4222
4225
4276
4339
4290
4312
3809
3850
3773
3866
3860
3350
3367
