3032
2668
939
794
14813
14646
14693
14757
14823
14926
14885
14909
14837
14760
14672
14616
14824
14760
14679
14641
14579
14507
14457
14423
14392
14241
14193
14132
14099
13856
10796
10713
10592
10471
9867
9812
9658
9598
9588
9568
9583
9607
8912
8948
8934
8469
8218
8229
8177
8197
8220
8225
8198
8188
8185
8205
8183
8176
8241
8285
8325
8431
8515
8579
8548
8646
8681
8698
8713
8775
8836
8871
8622
8676
8690
8633
8577
8430
8395
8401
8062
8082
7947
8008
8036
8039
8100
8129
8183
8192
8234
8300
8318
8403
8376
8445
8499
8577
8667
8708
8744
8824
8556
8610
8518
8549
8623
8165
8164
7828
7862
7782
7840
7890
7574
7610
7157
7174
7203
7189
7190
6684
6724
6494
6516
6239
6290
6304
6005
6023
5763
5776
5612
5539
5560
5295
5289
4976
4983
4829
4844
4820
4548
4586
4253
4272
4109
4179
4188
3894
3888
3415
3374
3363
3369
3403
3135
3170
2682
2686
2664
2509
2527
2282
2311
2204
2255
2258
1711
1762
1529
1571
1320
1371
1402
1099
1140
843
864
687
717
986
597
668
586
597
996
607
780
638
668
525
577
819
608
1013
561
629
685
669
1086
612
700
613
651
1012
560
779
621
690
557
587
893
603
1210
922
911
646
751
863
586
1024
572
642
666
671
1038
631
651
686
733
1033
611
912
623
681
624
666
992
623
899
607
636
533
610
823
600
955
616
643
542
606
829
607
1008
614
628
678
742
904
617
1000
595
612
675
662
1059
604
615
632
655
878
601
819
566
590
550
615
829
622
892
613
639
551
610
940
609
641
627
666
887
621
991
571
552
604
643
991
586
818
595
616
559
596
870
587
964
612
613
635
679
980
611
666
673
743
878
590
1054
619
663
696
743
909
622
974
630
696
633
669
1018
599
969
613
642
672
594
977
612
666
709
685
1491
923
964
918
923
953
567
618
627
674
1015
607
974
611
701
761
677
883
646
639
550
599
955
619
667
534
580
823
581
1017
601
655
818
610
881
604
656
505
556
969
611
662
517
585
848
635
1017
598
645
765
609
859
609
692
542
602
972
614
707
658
702
1014
631
839
618
653
552
597
898
596
638
637
671
996
573
955
577
611
659
682
1034
579
682
661
721
1010
584
791
571
557
585
585
973
594
616
626
665
1050
579
868
602
580
589
627
987
581
619
618
688
1066
573
763
587
625
523
563
976
570
647
620
674
1028
596
921
570
597
615
633
1049
579
602
612
648
976
585
811
577
617
551
566
922
586
589
638
701
1043
587
817
585
624
539
604
797
589
1003
588
592
627
657
960
606
665
694
731
1026
588
961
587
609
635
644
941
607
655
681
736
1011
625
855
650
659
557
618
1070
608
1139
619
669
705
602
843
665
710
559
601
809
632
986
567
614
751
577
830
604
677
549
584
883
557
644
577
661
1047
565
1067
627
633
542
593
884
608
679
629
706
1035
612
835
596
645
569
613
823
601
989
599
664
664
581
800
605
668
519
600
818
610
1111
608
647
697
570
835
629
647
518
578
825
576
1072
575
583
640
677
945
579
634
513
547
758
584
886
601
621
662
583
881
564
579
548
589
773
603
991
576
613
675
710
1021
582
580
503
593
979
591
996
569
596
672
587
740
596
624
530
578
947
574
593
610
635
991
562
774
590
606
532
566
904
581
648
642
612
948
579
1009
610
591
609
622
930
547
544
524
607
846
585
1031
562
637
772
579
841
588
628
533
570
937
580
658
609
650
1008
619
956
585
619
695
647
1113
594
609
547
590
945
600
596
616
674
1037
595
1007
610
624
675
692
1043
593
660
535
632
889
598
996
582
648
694
550
882
584
646
600
621
802
616
1006
611
654
695
574
820
575
656
538
567
971
554
609
582
645
1110
601
949
597
643
696
667
1067
587
634
538
585
959
602
629
608
632
972
586
826
605
638
542
602
963
628
683
660
681
1036
626
939
581
592
598
609
934
632
675
521
566
821
587
993
591
642
810
592
832
594
633
533
606
970
574
598
634
652
1013
563
969
607
608
604
614
929
543
583
556
570
820
611
999
595
578
604
613
1005
558
592
562
598
952
582
610
605
628
981
586
957
598
604
643
678
970
609
673
569
620
839
609
1004
640
615
656
676
1002
600
643
543
583
805
575
980
589
645
654
668
968
598
655
542
644
1013
570
631
644
698
1463
1086
1185
1007
1009
926
836
745
584
950
1359
997
1011
1652
1620
1689
900
1256
1258
851
886
875
899
842
1022
749
707
726
725
738
741
734
764
724
730
703
725
759
751
600
777
694
736
732
713
6126
799
1268
1529
618
616
687
691
699
609
652
621
666
682
719
808
802
809
811
765
806
928
965
947
973
999
1051
1129
1181
1212
1209
1200
1173
1189
1209
1299
1358
1423
1458
1532
1591
1618
1636
1679
1697
1727
1707
1685
1726
1764
1812
1829
1838
1821
1849
1909
1908
1978
2037
2062
2089
2097
2079
2113
2158
2196
2258
2351
2428
2465
2474
2546
2604
2660
2737
2848
2886
2917
