7329
7314
7299
7259
7331
7337
7482
7490
7491
7931
7944
7806
7809
7792
7825
7457
7523
10333
16127
1730
1593
938
634
871
809
591
613
612
623
680
705
716
735
738
758
763
752
872
1374
1009
897
931
1343
600
638
661
688
698
677
746
792
808
1005
1066
1066
1120
1161
1255
1382
1467
864
897
934
992
1061
1080
1353
1365
749
742
723
660
613
658
700
713
685
756
794
817
887
914
785
865
912
931
936
844
877
886
894
958
1023
1046
1071
1106
1121
1128
1169
1225
1256
1317
1369
1410
1436
1489
1579
1655
1719
1814
1829
1877
1924
1929
1992
2041
2114
2164
2262
2332
2369
2451
2493
2569
2631
2686
2717
2764
2824
2890
2968
3012
3082
3159
3203
3254
3306
3360
3422
3513
3565
3614
3650
3689
3728
3774
3803
3830
3861
3904
3970
4087
4182
4247
4301
4251
4336
4430
4513
4511
4558
4586
4606
4638
4680
4741
4775
4772
4812
4848
4871
4896
4950
4984
5016
5026
5033
5061
5070
5073
5117
5126
5171
5173
5182
5206
5244
5278
5314
5289
5135
5173
5193
4765
4784
4714
4753
4787
4269
4286
4015
4023
3804
3821
3773
3504
3547
3104
3143
3183
2952
2983
2659
2688
2429
2437
2438
2124
2178
1657
1721
1785
1475
1496
1240
1265
1113
1136
1169
846
1047
615
624
699
722
1022
589
627
506
536
843
618
1121
624
645
641
579
842
585
602
547
598
843
621
992
566
612
684
722
1047
583
596
565
616
861
597
1101
600
642
707
629
873
632
656
516
588
973
623
647
592
631
1021
596
855
583
592
528
570
969
600
646
633
663
1009
635
1020
629
622
644
675
1050
589
807
580
606
805
589
978
587
656
867
588
787
603
642
535
585
974
602
652
631
668
1097
637
923
601
593
628
602
1004
576
568
536
578
1007
580
577
586
600
975
597
1062
614
661
706
659
1139
577
604
542
621
926
580
1061
603
646
691
562
892
629
645
529
615
829
598
1113
598
650
698
579
814
595
629
543
599
972
593
657
585
645
1049
600
979
603
645
677
639
1027
604
637
540
601
945
589
612
560
638
1142
580
802
607
619
545
595
1026
639
655
617
632
972
595
930
593
599
623
662
1063
624
668
587
602
809
611
1055
605
583
665
553
812
581
604
560
607
912
600
687
631
670
1105
600
924
635
637
637
661
1000
592
622
518
577
874
631
980
560
592
654
618
1023
590
605
525
599
947
572
647
584
631
1103
602
981
613
617
622
667
942
603
647
554
588
877
606
999
617
671
720
654
1051
587
597
577
590
810
595
1052
582
575
582
596
985
563
598
539
588
998
540
573
596
662
1045
580
812
617
636
529
621
985
617
682
633
683
1015
596
1001
630
639
737
604
901
599
642
546
592
978
590
602
549
571
808
597
1042
608
622
691
678
1009
623
672
533
633
1264
1143
3248
1151
878
780
982
764
606
668
718
750
816
916
937
1019
1054
1111
1157
1219
1300
1392
1460
1529
1544
1575
1593
1606
1668
1757
1349
1392
1307
1316
1372
852
1074
611
661
716
728
895
569
1086
602
650
710
696
1079
620
667
612
627
1015
575
879
571
580
518
631
844
591
1059
582
604
637
585
1073
620
659
631
670
890
649
1040
642
671
700
739
1031
606
865
610
656
544
625
772
615
1019
582
619
649
638
970
624
998
568
573
615
580
1067
603
622
512
557
862
584
999
589
640
675
649
1075
612
607
617
654
831
598
1063
572
584
605
621
1006
584
764
583
625
531
581
1032
571
625
568
624
1027
615
890
596
606
597
634
1039
591
847
624
677
637
688
1073
617
811
588
583
546
639
878
573
977
607
619
685
736
937
598
1012
613
674
714
731
1017
591
647
628
711
888
589
1096
586
626
669
714
1016
587
799
581
626
534
556
793
564
933
608
692
536
589
795
566
1050
601
611
631
679
1103
776
736
598
636
797
597
844
602
655
543
694
746
628
1056
583
601
662
665
874
577
1089
622
623
676
595
836
588
603
546
610
837
602
885
627
699
587
665
865
555
1050
623
663
710
728
1040
603
611
615
647
902
624
1037
585
611
541
597
853
587
1017
596
634
666
684
1050
628
630
667
711
958
626
1039
600
642
625
662
1015
625
876
598
624
509
606
852
598
908
611
665
503
600
894
587
1024
611
665
708
723
1018
579
615
584
646
1099
570
816
559
601
557
592
1120
586
843
568
599
541
578
786
539
1038
569
569
581
614
6952
6333
6348
6289
6269
6245
5926
5926
5504
5546
4644
2892
2034
13227
10854
10789
10780
10791
10802
10823
10849
10921
10885
10849
10829
10849
10815
10810
10807
10800
10775
10734
15227
8022
8083
641
599
5204
4794
3356
3327
2862
929
2221
1377
818
735
1105
715
1133
1343
1308
1333
1315
1283
1279
1304
1323
1363
1390
1466
1466
1437
1340
1403
1463
1537
1639
1719
1776
1825
1802
1822
1840
1860
1875
1881
1903
1908
1934
1966
2029
2067
2124
2163
2219
2261
2284
2342
2406
2468
2566
2669
2714
2786
2717
2733
2754
2775
2794
2810
2850
2886
2895
2949
2980
2996
3024
3023
3068
3121
3147
3186
3231
3279
3333
3370
3405
3421
3480
3537
3620
3702
3787
