4545
4797
4818
4869
4940
5005
2631
2616
12295
4335
577
607
626
691
725
3627
2831
7774
2013
801
749
2764
4604
1208
4127
696
2727
4453
788
1163
591
1794
588
3652
658
3400
662
604
2596
957
878
809
859
915
967
1054
1110
1137
1182
1245
1316
1391
1439
1489
1509
977
2086
2489
2493
2463
8594
1053
891
4303
696
615
590
571
571
571
575
642
686
737
794
876
931
978
1040
1154
1208
1253
1221
1273
1349
1411
1507
1577
1628
1635
1653
1685
1696
1725
1762
1797
1840
1884
1914
1961
2002
2033
2066
2078
2100
2154
2204
2232
2286
2327
2355
2375
2418
2456
2495
2562
2602
2652
2700
2745
2812
2862
2889
2964
3017
3072
3130
3186
3241
3308
3339
3377
3431
3448
3482
3536
3596
3603
3662
3697
3736
3798
3859
3923
3981
4012
4042
4065
4087
4122
4152
4160
4217
4241
4276
4322
4334
4364
4408
4412
4439
4464
4488
4539
4583
4626
4635
4649
4682
4716
4767
4810
4871
4942
4972
4997
5001
5016
5025
5058
5083
5124
5183
5243
5283
5322
5362
5394
5432
5457
5525
5562
5617
5669
5685
5689
5729
5755
5816
5880
5914
5971
5992
6040
6070
6088
6119
6200
6257
6295
6327
6328
6376
6439
6480
6519
6622
6668
6713
6747
6788
6831
6888
6924
6987
7018
7004
7030
7059
7111
7171
6652
6690
6157
6186
6169
6207
6264
5773
5790
5678
5655
5660
5184
5229
4932
4972
4679
4554
4593
4354
4407
4320
4354
4386
3987
4026
3574
3603
3417
3469
3527
3244
3265
2813
2838
2655
2699
2728
2329
2332
2292
2290
2292
1814
1817
1450
1465
1282
1286
1284
1061
1138
599
623
656
665
970
610
623
546
605
842
583
989
577
618
717
603
825
609
641
540
583
862
619
1002
628
651
704
753
1042
599
605
557
618
830
611
1015
606
658
683
673
1009
614
675
665
692
1059
588
797
563
630
513
612
1027
593
641
624
682
1054
603
826
590
581
575
603
819
612
1036
630
685
752
618
855
609
637
576
628
834
572
1002
600
625
609
593
835
593
631
563
633
1052
609
817
610
611
544
632
881
604
1037
628
659
740
721
1069
608
629
517
573
993
586
618
613
648
1055
611
953
611
668
692
641
1013
591
660
584
662
1065
608
979
595
658
546
609
895
624
1015
610
649
711
594
825
598
601
508
626
850
602
995
594
595
684
579
827
573
619
558
618
954
618
644
662
677
1027
591
1050
592
565
579
588
1049
623
617
565
606
983
586
599
609
666
990
600
795
613
643
537
593
942
581
578
622
652
1036
564
910
590
606
680
696
1062
595
637
663
685
1020
591
1007
589
620
678
716
1023
597
618
640
705
1159
582
944
578
622
636
661
954
559
553
595
622
1030
609
849
594
620
534
599
883
624
1061
630
689
738
586
834
582
626
527
591
835
577
1057
600
630
706
591
889
616
680
537
620
877
644
987
582
628
808
594
891
598
642
542
598
969
614
686
639
672
1022
596
781
584
582
507
582
880
602
1076
589
622
741
620
812
605
633
548
588
966
578
618
654
687
1052
574
960
609
642
678
697
1033
573
609
554
600
858
600
982
606
621
727
608
835
615
640
511
603
990
598
615
551
608
1244
612
919
554
570
699
589
821
603
670
566
592
958
580
586
504
612
1043
643
864
633
668
547
590
1013
606
648
656
688
1053
616
864
614
636
545
590
837
605
1017
628
639
682
711
1037
633
671
631
668
1098
623
959
587
582
607
606
983
602
620
640
658
1464
1153
1137
806
819
687
703
842
606
1047
602
597
619
662
875
612
1049
588
651
698
565
1055
585
594
615
629
944
608
794
593
655
577
619
853
596
1008
609
629
673
699
1034
584
671
604
678
955
614
1058
624
647
667
718
1046
609
888
606
692
563
621
845
621
906
623
629
674
711
1007
592
826
595
646
622
677
1035
595
855
593
631
543
566
838
589
886
577
611
566
587
798
581
974
632
637
677
708
1048
616
643
676
720
951
668
1004
596
643
679
699
1019
614
838
599
634
559
589
884
568
887
596
602
560
602
922
594
662
615
612
990
610
824
647
657
566
583
1173
613
821
552
599
6791
660
2674
1814
1982
1487
1527
16118
648
583
6726
596
541
890
1051
622
2028
625
590
582
1315
1828
581
1964
613
610
600
560
1083
543
1182
1409
1611
815
635
774
605
581
587
591
587
578
588
639
573
737
748
788
730
716
729
747
756
762
811
872
891
823
867
899
919
978
1006
1025
1057
1113
1166
1192
1227
1251
1291
1308
1321
1387
1431
1462
1493
1531
1542
1582
1598
1613
1666
1745
1844
1889
1939
1938
1965
1898
1905
1950
1984
1996
2074
2108
2111
2130
2184
2233
2310
2357
2424
2437
2488
2529
2576
2642
2719
2776
2790
2818
2867
2926
2954
3006
3083
3140
3231
3312
3359
3447
3487
3529
3600
3647
3702
3749
3795
3801
3813
3832
3859
3887
3916
3913
3950
3989
4048
4065
4085
4106
4125
4150
4175
4215
4258
4296
4311
4360
4371
4389
4400
4466
4506
4520
4534
4552
4596
4629
4672
4693
4741
4780
4855
4922
4982
5042
5092
5151
5212
5308
5272
5301
5358
5395
5439
5462
5516
5554
5594
5670
5733
5810
5865
5925
5970
5969
6010
6043
6072
6119
6153
6162
