5181
5397
5317
5342
5009
4994
3136
3082
3115
3129
3131
3141
3043
2796
2725
957
7948
678
674
856
780
767
683
723
739
726
762
833
882
832
936
1106
1095
1186
1208
1219
1195
1223
1238
1261
1287
1343
1361
1342
1388
1442
1542
1554
1330
1371
1660
593
1688
695
689
614
606
874
656
1949
1100
995
1092
842
899
682
683
571
731
608
764
799
606
1097
610
666
677
715
1097
576
920
632
611
609
642
909
613
845
627
646
589
670
900
640
1140
628
706
693
710
1051
602
858
582
663
605
654
1059
619
856
618
639
568
642
1248
601
829
617
701
619
738
1024
617
923
634
709
644
727
1081
589
887
625
692
618
679
951
669
1073
620
690
684
753
927
614
954
599
1136
637
652
689
701
1020
631
668
647
692
953
625
1030
616
687
621
695
1148
615
850
649
648
516
598
892
590
931
618
688
543
601
852
637
931
653
690
572
610
892
592
1002
638
685
746
730
992
656
1107
615
607
649
708
1039
613
671
587
650
973
587
1127
664
652
683
727
1049
567
904
606
626
557
592
831
582
909
597
626
557
603
795
621
1038
566
586
595
619
888
605
1017
591
627
669
674
939
576
1127
615
648
728
680
1021
594
580
655
715
1199
595
866
594
629
576
638
1032
620
883
612
621
602
639
1066
592
982
592
681
673
654
941
591
1126
633
645
677
715
1046
613
650
520
542
1057
585
640
586
602
962
592
565
541
590
978
680
1084
596
632
793
575
827
904
934
733
776
1051
575
596
607
639
974
611
984
579
607
639
699
1164
591
666
652
721
1111
662
858
595
654
541
615
1082
599
657
580
633
834
576
1104
635
615
701
614
916
603
640
577
616
800
552
1092
583
642
674
598
1086
647
670
540
616
818
600
1051
620
641
682
647
1069
618
620
649
720
1148
619
866
620
661
577
609
805
619
979
628
649
556
624
881
626
999
607
584
680
561
920
562
590
530
634
926
641
881
616
681
536
609
1087
588
620
615
633
1028
634
940
620
670
663
622
953
625
1053
636
677
754
702
1111
606
651
541
645
903
621
1044
633
617
662
691
1183
611
615
565
613
838
623
1031
944
998
1035
1054
1133
598
638
585
581
874
596
1049
607
642
661
691
1110
620
652
566
613
862
609
1154
615
591
669
581
836
586
642
532
611
1013
993
1037
1044
1059
1091
570
1311
1013
1004
833
895
959
577
638
576
597
1083
605
862
624
652
539
625
1053
601
620
619
653
1091
580
974
571
631
646
602
1100
575
616
560
571
1098
597
848
587
643
546
583
996
614
656
700
745
941
594
1046
618
661
564
615
788
618
887
571
660
521
561
1044
604
627
678
725
1067
595
879
598
658
531
589
832
582
1023
587
571
628
649
1049
577
570
551
574
776
561
1012
540
584
751
575
767
584
625
491
560
913
603
1038
604
665
689
672
1027
550
551
503
579
863
590
1049
575
628
717
583
1018
604
674
589
617
1059
565
798
561
589
541
576
1018
591
667
566
628
1121
640
760
587
635
503
584
854
592
1042
618
662
882
579
827
601
641
511
598
863
564
1019
573
664
755
607
861
569
591
578
618
1065
588
813
589
603
561
590
867
583
989
590
611
663
653
1032
603
626
515
582
1074
574
599
614
613
991
626
978
578
589
639
594
1050
558
568
571
936
999
574
855
614
673
513
606
924
630
1059
595
628
700
608
834
596
625
544
601
874
619
1017
588
616
717
610
887
591
627
541
621
1026
638
680
645
607
998
578
965
573
594
569
570
1030
634
627
563
621
991
610
643
613
661
1008
635
901
610
647
525
583
1030
595
602
612
612
980
582
971
619
698
733
706
1089
615
709
607
637
1073
584
950
589
607
656
602
975
578
630
577
669
1080
543
1032
604
595
653
681
1006
584
589
626
677
1017
588
855
578
587
599
615
823
594
1024
594
637
735
623
854
582
586
552
611
838
590
1048
561
570
727
578
848
638
628
547
605
824
607
1010
559
593
799
618
861
598
609
539
568
1016
597
654
628
659
1000
800
865
3158
1347
1034
1020
1076
1103
1111
1157
1209
1221
1250
1278
1293
1331
1384
1410
1439
1450
1501
1520
1551
1580
1603
1673
1073
1002
909
841
752
692
626
555
524
853
915
877
1247
1134
909
811
727
649
569
483
498
484
485
492
488
539
1391
924
803
548
1189
1092
1587
1486
1300
1332
1507
1463
1469
877
883
731
768
1123
653
925
648
689
600
584
1126
631
638
709
706
1003
729
959
635
669
906
931
895
621
1100
695
706
733
691
1015
575
609
545
545
1000
564
981
597
664
692
638
1040
601
674
570
636
1183
565
859
575
631
524
570
807
571
1067
633
610
621
619
880
614
1034
555
630
607
578
1133
598
704
634
676
1036
562
835
604
656
511
614
871
647
1130
607
664
726
710
1059
584
616
572
624
902
596
1032
639
686
666
703
1093
592
834
613
634
551
