4863
4937
5044
5132
5145
5118
5136
3091
8359
3896
4060
1085
2726
662
2331
866
2234
650
632
690
679
693
737
772
793
856
916
974
1028
1095
1161
1202
1245
1308
1367
1430
1429
1502
929
797
779
599
629
627
623
598
612
665
679
728
731
780
706
723
715
760
849
1119
1148
551
601
674
571
596
556
625
707
730
613
640
706
694
741
743
798
891
879
940
1014
1041
1073
1104
1106
1123
1206
1252
1320
1389
1439
1501
1555
1628
1718
1791
1841
1881
1861
1883
1876
1939
1984
1995
1993
1979
1989
2002
2047
2101
2152
2190
2216
2229
2264
2307
2363
2442
2485
2565
2602
2558
2571
2621
2692
2770
2831
2913
2931
2980
3043
3103
3162
3205
3267
3324
3367
3419
3431
3443
3460
3490
3542
3587
3597
3615
3624
3689
3699
3718
3757
3781
3872
3924
3986
4052
4118
4169
4220
4282
4306
4335
4313
4322
4348
4376
4399
4419
4442
4463
4515
4586
4616
4631
4656
4674
4688
4672
4694
4733
4790
4843
4880
4918
4952
5010
5058
5091
5138
5192
5247
5309
4786
4774
4806
4797
4829
4826
4864
4968
5022
5089
5122
5166
5197
5146
5180
5203
5270
5280
5339
5360
5391
5446
5497
5568
5054
5128
5085
5144
5191
4678
4679
4346
4390
4292
4373
4418
3970
4033
3750
3761
3505
3522
3548
3304
3331
2970
3002
2788
2800
2817
2575
2602
2194
2194
2199
2144
2138
1748
1753
1744
1758
1750
1521
1566
1089
1121
1158
1184
1188
848
982
595
669
718
730
838
656
1028
611
642
697
745
919
613
1011
637
672
745
778
796
578
993
606
672
625
656
1001
602
814
625
701
632
700
883
597
1018
636
650
690
699
1036
611
896
579
585
562
597
797
582
833
659
705
519
557
812
620
904
607
664
606
576
802
607
867
605
669
566
633
844
612
995
580
597
604
634
785
579
956
567
581
694
562
795
582
623
578
631
1117
587
786
581
554
576
618
793
576
877
612
631
559
576
943
560
564
553
602
984
557
809
587
586
555
590
845
593
940
561
576
578
579
999
578
576
617
615
959
577
793
581
600
534
591
900
586
857
586
613
539
606
795
582
978
563
625
704
636
991
595
595
618
663
1042
569
823
607
607
607
651
966
594
797
582
595
566
585
802
577
901
595
605
547
567
773
592
930
578
623
649
675
815
597
962
597
669
709
617
1022
621
643
707
727
979
602
798
590
678
545
608
811
604
831
581
634
510
557
927
588
613
658
697
912
614
956
584
626
644
657
953
583
794
593
644
530
591
875
574
1001
621
683
728
734
1069
610
642
678
707
882
604
1026
618
709
672
720
868
613
1109
605
617
543
567
991
576
969
587
595
664
557
902
567
607
607
605
1013
590
610
595
592
973
558
582
587
600
868
552
911
587
612
729
592
818
590
621
545
601
999
625
668
535
581
831
583
1044
590
609
632
560
842
610
643
533
567
947
612
659
570
636
846
631
977
601
661
758
617
834
625
673
563
599
923
591
604
621
664
939
566
797
574
593
539
603
933
571
580
615
654
1011
575
938
592
603
657
704
1099
615
671
699
727
953
613
818
573
631
506
587
1017
604
682
652
709
1078
614
1013
599
605
613
626
932
612
622
685
740
1051
1021
636
660
691
592
557
872
550
589
671
710
1030
559
936
579
620
661
635
1077
577
634
633
716
971
603
799
614
631
554
608
987
601
618
685
741
1035
592
774
620
700
558
629
795
584
1019
598
667
763
768
1057
652
711
702
755
1038
600
969
603
684
732
631
972
608
616
625
630
888
594
843
607
630
586
650
1084
610
1033
613
692
666
599
848
626
646
546
603
801
634
993
567
594
719
591
794
586
596
510
582
945
584
622
584
637
1029
582
1058
591
596
512
582
995
585
581
583
619
923
600
831
574
572
533
601
869
601
1017
583
597
654
577
800
574
636
544
606
839
635
991
659
671
695
589
824
639
689
498
568
855
603
1077
596
605
638
634
910
570
598
519
550
829
605
996
621
639
657
569
827
584
628
509
593
841
705
1043
605
624
673
710
936
599
645
533
573
813
581
994
580
646
697
594
814
630
659
599
617
938
589
628
595
607
979
582
837
578
575
551
554
910
595
600
597
610
1018
601
951
618
639
684
700
1024
586
650
595
603
788
628
1065
578
586
671
586
821
609
659
531
612
983
641
644
665
697
956
635
946
616
660
720
659
1028
592
619
540
601
1420
891
851
887
884
929
745
1462
1628
2507
2039
1689
1009
12958
11628
11621
11578
11612
11642
13499
13546
13590
13625
13607
13600
13604
13599
13594
13624
13642
13564
13549
13556
13578
13591
13597
13912
13935
13957
13946
13950
13977
13967
13635
13663
13678
9642
9631
9635
9624
9619
9646
9544
9455
9603
9509
9402
9300
2399
2250
5564
1015
1660
2346
2341
2328
2340
2344
710
1155
5390
991
834
2628
692
716
659
669
597
605
603
656
699
727
771
813
718
781
814
905
929
935
960
965
1043
1085
1113
1076
1144
1345
1391
1302
1373
1426
1463
1518
1581
1645
1695
1728
1754
1802
1843
1847
1870
1888
1926
