7932
7933
7998
8030
8127
8193
8202
8404
8446
8546
8586
8664
8654
6418
6265
1077
2255
9431
2303
1941
1718
1334
1311
1419
1413
1952
2155
2115
2039
1982
1885
1033
1073
1021
1101
1163
1274
1313
1346
1369
1413
1403
1448
1525
1539
1594
1599
1649
1674
1718
1769
1614
1707
1709
1700
1686
1699
1757
1756
1766
1814
1745
1764
1797
1858
1891
1898
2025
1469
1424
658
893
684
757
747
794
1222
591
673
727
760
775
910
919
1035
1081
1015
1117
1127
1220
1254
1257
1375
1528
1554
1636
1629
1662
1643
1650
1714
1744
1782
1769
1780
1860
1960
1986
1984
2101
2166
2240
2293
2374
2426
2467
2522
2616
2639
2736
2734
2768
2730
2834
2867
2906
3002
3061
3203
3246
3325
3397
3441
3477
3404
3356
3379
3424
3403
3426
3519
3617
3693
3726
3749
3771
3796
3802
3841
3863
3975
3990
4092
4081
4120
4183
4219
4255
4337
4431
4458
4521
4533
4582
4590
4593
4615
4593
4651
4672
4765
4799
4843
4890
4914
5041
5086
5132
5151
5211
5239
5256
5296
5306
5383
5364
5378
5432
5454
5484
5517
5513
5528
5552
5574
5622
5658
5723
5779
5836
5894
5974
5696
5711
5717
5735
5761
5443
5465
4948
4987
4881
4882
4915
4496
4533
4207
4246
3994
3985
4006
3754
3785
3397
3470
3515
3456
3554
3065
3171
3074
3087
3115
2827
2843
2405
2404
2392
2384
2396
2143
2190
1746
1751
1671
1687
1718
1238
1254
828
862
908
770
960
602
623
630
641
1036
589
631
587
594
935
570
610
623
668
1046
568
925
592
564
637
589
794
589
639
531
577
983
587
618
535
566
809
586
1092
592
607
670
545
848
594
624
547
555
883
591
645
565
596
760
611
982
571
645
762
593
842
595
656
604
619
920
607
627
651
694
1004
612
766
616
636
539
590
952
602
638
636
666
1022
593
945
616
629
680
718
1048
589
627
637
691
951
591
788
579
602
563
595
965
607
642
678
723
1071
626
954
619
626
657
698
965
597
629
632
674
1044
592
840
608
625
545
585
944
584
646
639
659
985
587
936
587
612
614
663
1023
592
664
609
673
994
610
788
551
616
547
562
936
562
582
634
704
1003
585
763
566
571
565
615
851
583
928
585
632
704
752
1011
631
713
658
708
1034
586
955
570
667
740
671
1003
608
628
667
684
956
588
801
587
609
573
590
1120
588
1088
606
691
723
578
854
612
665
549
624
846
631
962
570
584
686
610
857
621
642
535
617
945
600
650
602
648
1009
585
1126
601
603
521
609
990
601
679
607
670
1088
614
866
609
651
510
610
881
607
1006
612
649
695
677
867
607
641
544
615
827
604
990
607
668
779
604
850
606
635
607
614
789
597
1023
620
673
733
698
1092
631
636
533
559
837
616
1040
623
658
677
572
841
593
644
513
612
851
635
1035
566
663
733
716
1029
600
662
513
615
862
669
1029
618
676
770
594
829
618
657
580
630
980
667
636
674
716
1014
582
817
583
572
542
577
959
600
595
615
652
1058
585
975
635
665
682
722
1009
583
599
537
566
779
587
1002
576
621
802
583
859
581
632
519
557
945
565
666
610
635
994
624
1047
649
679
722
655
1000
582
611
532
560
945
584
612
608
678
988
596
983
604
619
665
644
1022
606
674
627
615
842
561
992
554
615
680
543
1194
923
959
765
840
900
603
1060
604
618
650
597
778
578
579
528
557
1023
604
611
618
653
974
580
968
607
608
618
603
904
612
665
544
593
965
590
668
603
597
987
566
786
585
620
562
620
944
619
629
670
687
1012
603
933
575
642
673
701
1061
611
652
512
584
811
554
1044
590
603
718
605
827
593
634
554
624
949
612
702
657
694
1034
604
917
584
580
583
607
943
572
615
513
577
817
603
1028
573
563
607
621
1010
574
575
538
589
962
571
632
611
628
981
578
986
603
638
652
644
987
594
649
610
601
803
588
975
606
630
673
611
1026
587
617
491
574
825
602
1021
605
666
731
713
1054
573
579
508
571
1087
569
584
587
614
900
590
811
562
555
558
598
949
583
702
652
677
819
583
1047
588
655
792
569
841
589
623
508
588
986
610
642
552
610
827
616
983
626
709
759
686
1017
593
648
525
571
826
567
986
575
593
676
567
930
569
567
666
594
754
572
612
537
596
882
625
989
608
644
720
641
966
615
624
663
694
1024
622
672
701
732
1028
605
994
611
644
650
680
805
568
933
612
679
751
723
2350
2328
2102
1496
1308
1463
1357
14394
680
1308
766
861
883
917
930
941
1032
1056
781
887
942
958
985
1026
1066
1078
1116
1196
1274
1324
1287
1326
1352
1372
1406
1464
1481
1488
1488
1546
1630
1710
1689
1755
1832
1924
1961
2046
2061
2064
2085
2141
2188
2221
2242
2271
2291
2385
2400
2435
2457
2475
2463
2486
2495
2525
2547
2624
2684
2722
2789
2839
2874
2931
2997
3045
3109
3161
3220
3262
3287
3351
3388
3449
3456
3387
3382
3392
3387
3413
3425
3424
3444
3451
3491
3538
3549
3596
3686
3736
3820
3897
4001
4091
4140
4205
4212
4285
4341
4394
4433
4452
4500
4521
4564
4619
4656
4693
