15714
15734
15751
15778
15766
15756
15782
15960
19815
19803
19815
19810
19788
19799
19777
19781
19801
20342
20334
20387
20341
20327
20298
20267
20274
20269
20271
17959
17924
15490
3170
3133
3175
3189
3698
3730
3770
3866
3880
3908
3820
1034
844
663
1420
657
692
727
729
759
979
599
626
627
651
649
681
706
748
756
690
749
779
827
862
886
925
948
969
999
1051
1264
673
736
788
839
983
744
831
905
924
749
886
603
674
709
753
801
826
866
914
977
1034
1081
1120
1171
1217
1254
1309
1354
875
935
1014
1113
1138
1224
1096
1055
1077
1099
1113
1163
1216
1190
1217
1215
1240
1249
1307
1244
1305
1327
1311
1328
1351
1356
1447
1523
1595
1652
1708
1750
1812
1871
1923
1994
2073
2128
2193
2229
2264
2331
2409
2488
2581
2636
2680
2678
2732
2776
2830
2872
2912
2883
2743
2750
2801
2875
2928
3008
3074
3140
3173
3183
3224
3271
3331
3378
3429
3519
3587
3629
3681
3581
3637
3666
3712
3766
3818
3875
3914
3920
3930
3950
3981
4006
4048
4109
4132
4169
4187
4178
4195
4191
4215
4246
4266
4273
4289
4355
4418
4487
4530
4595
4645
4714
4592
4656
4706
4745
4796
4808
4809
4810
4825
4835
4851
4891
4924
4953
5006
5024
5024
5034
5044
5098
5147
5156
5179
5210
5229
5249
5265
5281
5316
5343
5365
5406
5447
5457
5518
5515
5512
5512
5542
5593
5502
5562
5620
5342
5371
4901
4921
4944
4951
4992
4544
4592
4545
4557
4587
4070
4074
3701
3674
3682
3692
3659
3294
3309
3330
3358
3385
2949
2960
2663
2645
2526
2509
2530
2032
2057
1491
1510
1531
1456
1445
1200
1232
1037
1035
1050
852
1009
588
609
697
611
847
600
612
546
602
934
596
647
607
648
1009
601
1070
621
652
503
603
943
581
644
579
610
997
600
831
572
630
536
595
824
578
971
602
615
703
598
811
583
626
542
588
796
570
949
571
578
635
606
868
600
656
564
586
805
583
1048
607
674
758
680
1005
599
638
571
626
843
584
995
599
633
649
586
851
581
654
518
626
905
622
985
595
625
681
726
977
582
602
549
601
786
585
1028
581
622
636
586
862
615
632
595
615
903
610
663
621
669
1037
599
806
573
577
549
573
870
592
599
636
661
1020
614
994
602
686
691
622
1010
585
612
525
595
843
606
986
590
641
818
602
806
597
629
529
587
966
581
611
629
663
1047
633
948
605
635
702
675
1102
576
585
555
576
962
603
580
584
569
920
579
957
586
597
631
645
1019
605
654
587
627
884
602
987
604
641
662
553
845
615
643
548
719
668
581
958
594
652
864
784
819
573
617
566
605
975
577
573
602
652
1006
572
980
555
593
655
628
1019
583
607
536
575
959
583
637
594
630
1000
578
869
609
629
575
611
956
628
600
649
670
940
645
950
575
649
684
658
993
627
724
566
588
793
566
1027
594
597
695
592
802
593
646
548
629
958
558
654
635
692
1081
610
941
610
679
700
691
1010
568
591
530
543
827
624
996
592
609
652
628
1050
568
548
557
573
907
568
612
617
632
996
580
993
593
601
605
617
892
554
620
506
554
823
569
953
595
601
632
657
1035
609
619
529
574
850
575
957
601
597
612
612
874
583
596
499
592
970
585
652
622
693
1044
576
818
595
606
553
590
932
597
647
635
674
986
580
944
584
588
688
600
832
597
629
556
558
937
617
642
567
597
795
596
963
631
649
728
683
1034
630
696
567
621
817
597
1007
560
562
664
569
878
535
570
721
603
815
551
583
551
585
873
599
957
566
564
653
618
948
573
611
643
671
1032
595
625
673
684
982
587
963
612
631
633
647
750
591
1008
627
637
656
673
967
589
623
663
706
1011
613
892
578
607
575
669
771
621
1061
588
651
694
699
1035
625
667
650
707
1231
898
1087
626
651
682
732
938
565
877
586
618
536
607
808
615
1078
601
603
615
614
813
583
954
597
624
656
571
1003
611
621
550
531
749
564
1137
589
604
662
691
1033
613
625
661
707
849
614
1125
574
593
611
636
906
605
813
612
625
555
577
911
581
568
584
627
1006
599
835
610
635
576
627
999
607
882
600
628
671
701
958
627
796
584
626
528
596
810
571
999
595
619
683
712
922
602
993
616
655
693
736
1008
610
660
672
719
911
619
1036
600
627
670
695
1019
608
797
604
658
501
576
907
604
844
596
630
552
599
817
576
938
615
655
723
741
999
584
617
653
708
1067
583
814
598
613
568
616
826
573
966
582
594
668
712
881
578
1044
615
651
677
567
810
576
602
527
610
838
583
7221
1502
2212
1498
1473
1157
1224
2063
2443
2266
2173
2161
884
1600
1647
1644
923
1260
1248
862
900
5473
5502
5510
5455
5446
5483
5385
11784
11635
11357
11265
11160
15907
15828
15747
15638
15556
15451
15345
15256
15147
15042
14986
14881
14786
14657
14541
14489
14414
14322
14243
14164
14060
13963
13781
13616
12436
12296
12051
11933
12515
12392
12348
12269
12185
12120
12086
11998
11965
11895
11842
11755
11689
11614
11553
11508
11435
11390
11330
11251
11065
10978
10916
10863
10849
10843
10880
11090
11129
11161
