6302
6318
7716
7737
7734
7761
7838
7951
11547
9603
9384
9379
9425
664
577
559
546
1132
721
3187
2758
2789
5590
737
647
676
678
630
682
646
630
662
638
701
757
789
823
1399
694
649
677
620
651
676
731
818
907
974
1037
1071
1102
1113
1182
1228
1373
1466
1555
1571
978
643
871
611
574
774
813
787
845
917
919
841
879
943
986
1071
1107
1156
1206
1245
1295
1379
1497
1556
1579
1628
1677
1707
1768
1849
1931
1965
2037
2064
2126
2199
2313
2401
2411
2443
2473
2474
2519
2548
2612
2660
2737
2761
2789
2824
2861
2918
2965
3028
3150
3227
3282
3302
3312
3349
3401
3434
3474
3521
3574
3631
3747
3821
3914
4007
4067
4112
4164
4211
4258
4278
4310
4362
4410
4456
4539
4666
4740
4784
4844
4909
4966
5106
5177
5225
5298
5376
5428
5490
5553
5615
5658
5715
5792
5855
5936
6009
6082
6153
6193
6245
6305
6339
6348
6372
6422
6516
6558
6611
6666
6725
6773
6849
6894
6917
6968
7022
7077
7107
7189
7250
7300
7349
7389
7427
7490
7528
7614
7700
7747
7826
7839
7860
7964
8025
8044
8064
8086
8082
8128
8168
8204
8256
8274
8316
8346
8387
8440
8459
8516
8550
8589
8665
8708
8670
8729
8790
8876
8922
8761
8798
8869
8756
8853
8386
8426
8299
8338
8371
7999
8033
7966
7990
8012
7602
7647
7323
7380
7404
7284
7302
6884
6891
6714
6752
6792
6387
6441
6399
6464
6549
6064
6079
5603
5629
5625
5602
5677
5251
5269
5150
5165
5192
4908
4918
4530
4554
4540
4547
4573
4105
4109
4182
4211
4212
3791
3796
3544
3529
3401
3438
3475
3233
3243
2798
2817
2818
2858
2921
2431
2410
2434
2493
2531
2096
2119
1807
1852
1694
1756
1769
1536
1529
1025
1076
1140
1170
1243
814
872
911
880
990
642
804
595
627
546
612
765
600
896
612
682
567
609
950
609
629
672
719
858
629
1047
622
665
596
610
775
625
1029
597
608
618
620
886
588
627
662
690
977
601
973
643
675
715
734
996
588
684
660
683
902
601
786
600
599
554
639
792
610
1019
641
669
713
747
946
603
661
544
599
848
599
958
608
588
614
659
939
580
612
593
609
824
612
983
562
638
665
673
1070
614
655
569
592
820
597
964
586
604
638
635
922
613
607
662
713
956
599
885
585
630
647
665
936
594
666
640
686
1037
581
943
577
567
686
604
843
599
609
564
599
793
653
1036
589
586
621
622
848
607
602
541
631
826
619
1061
581
585
620
626
975
627
648
588
632
824
619
841
649
656
534
582
932
603
628
668
694
946
602
930
604
639
666
722
1027
613
666
515
549
942
600
637
669
706
1024
611
831
622
653
560
618
925
623
623
646
685
957
618
964
616
651
680
714
985
594
624
529
573
947
587
671
584
615
986
595
957
634
645
667
697
962
611
665
526
584
810
606
1009
614
674
747
711
1019
596
671
518
588
872
587
983
609
661
804
605
904
613
675
737
678
1061
581
605
539
596
829
561
901
585
597
656
575
857
598
607
539
609
793
579
1026
617
634
703
603
902
594
604
656
673
994
601
649
592
606
840
602
978
618
664
689
714
956
586
624
667
731
970
604
918
607
613
657
694
998
606
642
589
590
819
594
952
585
632
686
637
812
599
657
570
600
808
617
997
607
627
656
556
844
597
635
540
593
799
608
976
626
673
725
771
987
621
630
477
545
895
642
820
605
625
683
711
846
617
658
693
745
984
609
927
615
657
741
606
814
593
611
569
611
926
612
651
520
622
870
571
868
632
672
550
616
803
600
973
603
632
686
717
966
617
657
623
621
872
598
947
583
621
658
739
961
658
608
648
688
979
623
772
614
636
511
566
823
611
1028
576
592
624
609
801
600
662
550
609
777
606
1003
581
622
656
685
1013
634
680
580
596
801
577
1001
594
624
650
663
918
585
576
616
655
920
577
811
627
664
533
582
825
628
1025
590
624
656
557
806
618
659
505
586
819
608
1038
619
652
683
605
849
614
682
558
589
791
584
959
590
651
677
743
1017
599
647
570
596
806
605
940
600
659
747
590
813
621
670
533
626
885
595
965
563
582
628
713
938
568
605
651
686
761
602
990
600
677
675
737
1399
606
820
572
580
580
637
928
578
802
573
615
693
718
1007
600
839
589
645
642
676
983
582
795
605
652
596
655
971
614
829
582
647
540
579
789
573
966
587
602
642
675
862
602
1003
624
671
718
734
862
658
899
598
662
546
659
799
712
989
583
645
1567
1485
1466
970
973
997
1011
1049
1101
1112
1135
1150
1209
1227
1283
1314
1405
1446
1506
1536
1580
1622
1668
1710
1776
1826
1884
1816
1738
1627
1567
1326
1269
1172
1120
1057
1010
933
890
830
766
699
643
613
582
562
519
837
1239
1272
881
1994
1996
2013
3523
1764
1647
1588
1224
1187
914
646
669
696
663
665
677
695
743
833
913
977
998
1247
622
636
657
782
882
684
805
801
902
949
980
1031
1050
1040
1093
1127
1172
1182
1213
1221
1260
1290
1381
1469
1524
1531
1605
1644
1697
1753
1846
1945
