2570
1665
7073
669
736
4360
4246
1824
1566
1642
1649
1705
1526
1322
568
1042
538
1376
636
671
757
805
858
929
1023
1043
1084
1126
1186
2466
2569
2607
2499
5624
4471
3794
1497
1648
4122
731
688
663
620
680
674
677
702
748
835
895
944
998
1005
1020
3036
2890
2643
1259
1051
824
662
622
705
675
610
659
716
775
805
816
894
926
923
981
1043
1076
1145
1165
546
618
682
575
615
670
771
818
816
880
956
1020
1110
1158
1159
1197
1225
1285
1334
1349
1377
1371
1396
1408
1468
1514
1568
1623
1668
1700
1737
1803
1857
1945
2033
2076
2112
2129
2140
2150
2165
2205
2239
2230
2251
2284
2330
2355
2377
2408
2448
2484
2523
2517
2526
2535
2570
2638
2678
2695
2756
2750
2782
2799
2817
2843
2884
2940
2999
3022
3008
3017
3048
3057
3087
3124
3170
3190
3219
3238
3265
3270
3317
3350
3420
3438
3529
3590
3636
3650
3666
3674
3701
3708
3759
3780
3797
3868
3932
3945
3949
3946
3930
3929
3968
4009
4053
4094
4164
4186
4210
4214
4245
4252
4268
4319
4343
4381
4405
4419
4440
4461
4475
4492
4551
4564
4614
4615
4667
4730
4771
4824
4878
4914
4963
4985
5043
5080
5139
5193
5241
5264
5273
5297
5302
5312
5319
5392
5440
5446
5454
5467
5457
5474
5499
5526
5577
5587
5584
5478
5458
5481
5309
5339
5001
5001
4788
4811
4839
4425
4414
4364
4359
4388
3949
3958
3472
3504
3478
3410
3432
2914
2936
2733
2745
2756
2506
2543
2125
2154
2184
2087
2105
1584
1589
1452
1488
1502
1159
1174
705
727
764
747
976
601
665
546
589
881
613
1010
598
624
730
584
821
608
634
529
588
977
593
620
544
615
887
606
1013
606
615
659
681
1038
609
635
565
614
835
581
1043
599
621
699
592
859
594
622
553
626
921
615
1026
590
598
700
557
845
605
617
554
598
894
566
646
557
557
1004
610
971
595
613
630
673
1031
597
672
614
652
1007
608
823
615
700
566
619
1016
598
913
629
631
543
603
790
587
1100
597
640
599
624
1039
599
675
592
597
1043
599
850
618
648
538
586
944
588
654
570
633
1070
596
843
570
641
540
591
825
593
1033
565
602
624
660
1038
566
634
634
712
1084
599
826
621
652
556
609
809
598
898
590
623
512
609
870
610
1129
621
710
759
715
990
609
667
523
552
997
598
860
597
609
526
606
844
582
1033
600
672
713
699
1010
587
658
650
683
885
611
969
639
645
549
555
777
611
906
581
632
534
590
792
601
1077
585
605
659
678
998
606
589
573
597
788
573
860
600
640
534
603
924
579
598
554
573
925
590
821
583
661
544
623
812
595
888
624
638
545
655
866
583
1091
597
608
636
660
957
596
697
697
735
963
617
819
596
656
555
603
994
604
869
566
616
523
606
832
602
1086
614
652
670
684
968
573
599
615
625
942
636
790
605
624
542
622
834
591
914
602
633
539
607
822
620
1007
609
681
744
737
1041
616
658
682
739
1102
579
847
592
627
564
611
784
611
12473
11929
11893
11863
11736
11615
11380
11355
11313
11303
11301
10822
10791
10538
10531
10329
10337
10297
10022
10035
9536
9537
9395
9294
9196
8946
8822
8731
8628
8534
8458
8381
8290
8171
8148
8047
7965
7907
7835
7755
7677
7626
7578
7429
7317
7219
7095
7091
7112
7156
7189
6951
6944
6924
6934
6962
6512
6569
6262
6257
6169
6198
6228
5723
5740
5459
5487
5267
5307
5320
5090
5116
4441
4455
4107
4137
4154
3895
3928
3624
3639
3410
3411
3433
3166
3235
2787
2832
2879
2754
2772
2312
2299
2336
2416
2445
1957
2008
1763
1802
1703
1760
1786
1280
1331
1070
1074
884
916
960
580
610
560
575
969
606
642
648
705
1072
622
950
615
651
671
573
789
623
625
541
594
945
632
734
572
591
955
577
564
559
618
960
600
598
525
558
961
600
659
649
696
1221
620
651
665
676
947
575
895
593
626
708
604
922
581
622
716
586
797
609
567
497
586
994
617
654
514
572
835
591
1001
577
636
747
600
829
570
547
545
589
1207
542
547
584
633
678
571
836
646
691
519
608
855
591
980
587
608
662
686
958
615
626
561
593
797
592
1457
917
923
980
877
973
590
657
674
633
1002
595
615
565
587
803
580
950
560
550
688
571
800
602
660
529
614
1103
654
808
599
658
783
549
794
557
608
496
572
995
574
572
639
693
989
631
1002
583
575
607
640
972
638
642
565
600
811
583
1003
609
608
652
566
816
601
641
554
599
840
599
944
602
618
656
691
957
613
640
494
565
4069
1607
1449
1501
2151
1326
2031
1939
1942
16654
8009
661
592
559
4260
943
866
942
652
606
620
595
612
649
692
708
756
784
809
860
966
1015
1057
676
625
659
660
734
724
740
709
723
730
779
837
707
697
770
790
840
896
955
992
1028
1084
1112
1174
1263
1359
1381
1468
1525
1581
1508
1521
1606
1657
1705
1763
1836
1879
1948
1948
2026
2131
2171
2197
2216
2229
2258
2262
2335
2429
2523
2574
2584
2610
2644
2662
2693
2712
2806
2863
2881
2933
3041
3117
3192
3245
3319
3348
3416
3427
3496
3541
3587
3646
3719
3750
3784
3812
3853
3874
3886
3917
3973
4052
4075
4090
4105
