6905
6965
7023
7075
7160
7203
7202
7248
7302
7365
7022
5230
5193
973
2018
2361
2283
2295
2289
858
1586
1618
1646
882
1268
1277
848
867
7259
6548
6434
6319
6271
6097
5974
5920
5831
6099
6026
1737
589
599
2514
1683
4713
680
685
735
720
671
669
591
707
651
669
1378
628
1587
1429
1239
2014
712
702
1385
1213
737
738
2000
606
4654
4682
4516
4463
4459
4427
4439
4435
3504
2766
2854
823
782
639
572
623
612
635
673
713
767
831
1115
1187
1237
1283
1383
1436
1497
1523
1563
1636
1669
1707
1740
1802
1878
1972
2025
2088
2128
2147
2188
2287
2381
2436
2508
2574
2596
2648
2710
2882
2968
3044
3069
3122
3158
3208
3277
3340
3429
3496
3580
3608
3709
3737
3786
3815
3866
3911
3970
4063
4120
4112
4147
4242
4267
4318
4354
4414
4455
4484
4548
4604
4655
4707
4763
4850
4893
4957
4975
5005
5040
5066
5101
5193
5264
5302
5337
5355
5377
5388
5421
5527
5596
5640
5632
5643
5680
5703
5738
5776
5790
5831
5844
5874
5942
5952
5976
6006
6031
6060
6094
6089
6123
6182
6221
6248
6290
6308
6333
6371
6392
6460
6494
6512
6577
6628
6644
6688
6742
6788
6867
6944
6995
7041
7073
7081
7117
7142
7172
7191
7248
7287
7310
7363
7396
7434
7467
7493
7544
7572
7589
7612
7658
7672
7682
7642
7644
7683
7742
7784
7790
7769
7804
7845
7535
7544
7576
7480
7477
6992
7015
7046
7019
7058
6543
6578
6340
6367
6172
6200
6213
5979
6005
5519
5511
5532
5368
5384
5122
5146
4945
5000
4982
4713
4704
4233
4234
4290
4123
4141
3834
3911
3667
3704
3704
3280
3317
3230
3271
3313
2741
2754
2372
2353
2343
2387
2393
1929
1937
1753
1791
1803
1403
1460
1400
1479
1518
1128
1181
826
850
640
687
988
601
685
622
638
977
579
953
592
607
629
665
1008
579
611
618
662
991
579
891
597
627
644
667
972
581
613
679
716
1063
589
1052
628
681
719
743
981
598
735
757
816
1013
634
837
573
619
558
586
814
586
1160
622
677
708
576
815
603
631
551
613
833
594
1044
1017
901
580
588
602
640
704
702
769
827
601
1098
633
585
661
561
790
574
649
514
571
1014
582
659
629
695
1022
619
893
580
625
512
567
849
575
986
559
622
753
624
881
583
635
614
596
928
599
670
645
656
972
578
1009
596
616
632
620
943
600
631
576
603
833
614
972
621
639
720
608
786
617
624
564
582
963
578
574
528
616
1231
597
912
558
600
664
566
859
595
664
530
590
995
570
584
550
589
999
588
789
628
620
527
556
1022
596
608
649
683
982
600
874
592
590
548
552
784
590
1002
629
691
825
780
1008
591
653
583
637
1060
594
1046
589
593
669
707
983
599
618
595
654
1012
583
918
594
624
550
588
796
588
1016
616
619
652
689
831
625
1034
630
576
621
598
973
600
629
661
733
1047
596
817
594
628
555
600
783
632
1071
608
633
667
678
880
567
626
606
634
874
592
1012
625
644
662
670
922
596
822
591
626
570
643
823
625
874
616
639
671
714
970
617
887
611
687
658
717
1095
608
776
607
643
544
567
798
587
865
554
616
535
562
811
612
992
588
607
663
788
1009
594
615
637
702
910
658
934
574
645
713
741
990
618
876
583
658
532
601
898
596
884
605
652
523
616
961
595
648
612
647
974
587
805
586
658
563
628
1105
601
803
566
614
558
592
805
597
995
573
575
576
652
977
558
617
562
629
1003
573
836
579
627
553
579
801
586
980
593
687
696
702
984
573
618
574
633
1001
592
781
581
607
562
601
827
600
1041
604
670
731
701
994
582
596
630
711
998
621
823
617
658
664
694
1040
576
788
574
611
560
619
833
577
805
552
612
557
576
812
585
873
591
644
531
573
798
585
1020
609
627
640
633
914
555
596
615
650
1030
604
811
618
654
546
616
809
586
1003
606
604
642
666
1007
593
642
636
699
1033
600
826
587
675
535
586
830
598
994
607
633
668
658
1009
605
646
694
736
1017
581
828
590
663
541
601
817
589
1031
614
624
649
690
886
586
1031
584
590
664
677
964
569
629
659
687
1023
586
770
613
642
539
584
936
613
634
592
616
958
594
630
483
566
1014
603
629
530
554
1003
612
627
677
708
1016
607
978
587
637
648
599
806
603
665
555
622
929
580
636
587
615
945
598
611
514
619
983
603
626
682
704
1025
586
944
561
578
679
586
3251
1526
1422
2134
1324
1318
16965
1473
988
939
687
710
726
756
724
756
858
956
1093
928
944
969
974
997
1068
1107
972
994
1052
1098
1145
1220
1234
1238
1268
1257
1252
1313
1357
1436
1488
715
731
765
781
807
869
940
950
985
1026
1047
1136
1183
1215
1294
1353
1393
1433
1475
1541
1607
1624
1684
1726
1775
1818
1871
1965
2046
2096
2129
2125
2162
2174
2180
2228
2310
2348
2382
2416
2468
2518
2547
2596
2629
2670
2706
2714
2761
2785
2838
2903
2946
3007
3046
3094
3130
3190
3258
3281
3325
3406
3466
3503
3503
3531
3533
3563
3613
3668
3676
3701
3696
3742
3797
3851
3882
3926
3989
4034
4057
4111
4177
4214
4258
4310
4373
4428
4489
