4124
4166
4224
4284
4340
2789
3831
7075
5355
3146
2991
2880
2714
987
1421
2449
2646
5909
748
619
613
767
799
831
874
874
897
927
1789
1809
1966
2031
1203
1140
1134
1158
1163
1214
1403
1397
1360
1365
1354
1378
1382
1410
1421
1472
1521
1543
1574
1611
1680
1782
1830
1895
2851
3015
2364
2253
1971
1926
1906
1927
1997
2008
1996
2030
2030
2048
2021
2036
2063
2092
2107
2133
2198
2235
2254
2322
2374
2384
2385
2434
2496
2538
2572
2579
2655
2697
2595
2427
2463
2507
2572
2647
2624
2627
2664
2699
2754
2828
2870
2921
2971
3039
3060
3102
3156
3202
3219
3274
3338
3384
3428
3462
3524
3571
3636
3681
3724
3815
3839
3911
3983
4040
4068
4100
4138
4188
4262
4304
4395
4450
4509
4585
4634
4684
4740
4800
4837
4899
4958
4973
5021
5002
5012
5021
5033
5070
5139
5164
5194
5268
5282
4879
4944
4832
4894
4965
4446
4460
3898
3850
3792
3798
3816
3425
3438
2858
2859
2819
2783
2828
2277
2299
2000
2000
1810
1836
1862
1315
1341
978
972
871
894
1068
613
940
599
658
506
578
880
599
972
595
622
504
604
1018
590
1080
594
627
646
593
1090
574
603
576
588
1015
582
1077
632
637
543
581
1089
580
867
586
597
546
599
879
588
1061
606
650
643
645
1054
618
1151
611
623
682
627
928
609
1077
599
605
636
571
1198
615
640
563
598
1106
612
914
607
624
563
571
930
617
906
594
596
525
583
924
593
1072
585
602
625
619
937
599
1029
586
607
623
588
1134
609
646
584
612
958
627
1083
630
670
642
694
937
598
1297
671
609
632
664
1054
589
953
614
656
521
631
906
607
1000
600
649
563
629
942
641
919
602
611
549
573
877
617
956
597
624
532
593
864
593
1276
614
622
660
583
958
622
1051
631
696
713
683
1027
603
644
525
682
815
580
1113
604
704
586
637
1071
588
940
594
626
143637
646
802
621
627
625
634
896
594
613
554
567
802
572
1032
584
598
733
587
1030
602
638
673
720
990
605
682
543
600
861
602
1021
618
643
698
563
839
633
683
565
611
822
612
969
601
673
756
606
838
606
642
560
611
816
604
945
573
602
657
569
793
593
614
588
600
834
704
987
595
647
678
743
990
620
668
697
743
999
618
790
600
685
512
574
825
631
977
561
590
663
599
826
557
559
550
569
989
573
588
603
631
974
578
906
604
631
634
646
894
598
641
683
737
1045
592
905
600
599
671
569
803
593
622
552
601
929
609
601
595
612
943
566
763
590
614
517
587
806
611
1037
584
617
684
712
1004
599
579
570
602
790
585
958
590
600
648
581
817
631
691
495
567
1074
598
610
639
656
947
626
843
595
625
559
618
915
620
643
674
706
997
602
898
591
640
671
602
988
575
598
585
577
760
616
1033
610
690
734
773
991
613
625
658
700
946
592
935
584
614
679
666
1030
603
635
548
578
949
600
624
652
681
954
583
936
592
600
613
649
1006
593
679
526
592
1006
601
611
628
656
937
598
920
588
606
655
611
973
625
684
518
601
1041
604
820
633
655
572
619
787
591
1373
630
647
718
597
6264
1282
1750
2457
2971
2806
2787
2516
2517
4006
3357
3367
3366
3372
3387
3560
744
728
731
698
758
713
750
725
726
734
737
727
1499
1612
767
747
806
728
778
756
757
735
735
719
733
717
774
884
1240
1821
2371
2376
2369
2383
2712
1265
2163
3067
3378
5332
5954
6824
7430
8323
8994
8997
8456
8431
8394
8355
8370
8376
8399
8445
8522
8641
8658
8652
8777
8826
8865
9538
1431
2418
3269
4132
4732
5344
6188
6735
7261
8104
9138
10013
10491
11323
11859
12722
13314
14196
15012
15614
16411
16951
17703
18246
19127
19699
20547
21142
21614
21601
21573
21584
21552
21553
21552
21601
21585
21605
21569
21574
21579
21556
21563
21667
21689
21718
21737
21770
21822
21872
21965
22016
22084
22124
22174
22211
22254
22307
22343
22424
22480
22541
22594
22641
22648
22688
22765
22799
22839
22882
22925
22954
22981
16024
15999
15971
15969
15970
15974
15992
16056
16092
16157
16169
16180
16186
16181
16192
16196
16164
16162
16172
16162
16180
16183
16204
16268
16253
16297
16331
16399
16407
16432
16471
16555
16486
16491
16482
16492
16511
16516
16578
16615
16633
16630
16624
16622
16612
16657
16719
16778
16816
16866
16904
16920
16913
16924
16927
16916
16949
16962
16975
16978
16992
17013
17024
17039
17066
17060
17116
17122
17151
17168
17249
17255
17263
17255
17298
17341
17404
17453
17493
17485
17517
17551
17557
17534
17546
17572
17572
17564
17597
17632
17669
17674
17817
17848
17896
17918
17937
17976
18016
18029
18058
18085
18084
18107
18196
18241
18298
18314
18299
18330
18395
18401
18450
18450
18495
18519
18551
18573
18636
18648
18669
18703
18725
18759
18789
18854
18903
18954
18965
18995
19018
18997
19025
19039
19035
19047
19084
19110
19190
18805
18871
18927
18858
18852
18360
18386
18342
18393
18454
17820
17817
17559
17545
17375
17425
17472
16975
16994
16911
16955
16960
16439
16454
16135
16179
15908
15965
15963
15604
15623
15190
15231
15216
15158
15238
14684
14699
14695
14662
14657
14204
14223
13932
13921
13703
13752
13753
13416
13424
13104
13106
12891
12905
12936
12647
12595
12138
12159
12206
12220
12254
11796
11832
11702
11734
11765
11224
11200
10960
10921
10783
10812
10861
10576
10632
10116
10152
10187
10163
10148
9670
9767
9796
9809
9849
9555
9519
9081
