2946
2948
2579
1030
3361
4972
938
10360
1983
1456
989
799
784
759
777
682
698
704
753
572
718
658
1254
972
934
946
957
1011
1068
1088
1110
1169
1216
1267
1339
1405
1455
1431
1506
889
782
811
813
825
886
945
982
938
1023
1072
1163
1192
1021
1730
625
880
613
794
656
655
705
732
800
864
942
935
582
654
702
739
801
792
867
909
913
931
984
1063
1200
1122
1109
1125
1108
1113
1108
1114
1137
1189
1206
1299
1363
1401
1400
1438
1464
1499
1589
1668
1742
1797
1851
1812
1842
1878
1937
2024
2062
2083
2119
2122
2136
2192
2191
2200
2077
2141
2208
2213
2239
2279
2317
2380
2428
2469
2532
2567
2607
2635
2739
2786
2845
2877
2916
2960
2979
3002
3026
3024
3044
3058
3090
3089
3105
3148
3163
3199
3246
3291
3352
3343
3357
3159
3156
3071
3091
3117
2613
2594
2344
2325
2187
2247
2265
1976
2004
1658
1708
1524
1567
1616
1244
1282
864
903
943
898
1026
603
601
626
691
971
613
741
802
594
671
673
864
614
824
580
641
535
617
831
584
1008
580
662
690
667
1025
578
631
605
675
1043
629
784
613
673
556
597
863
591
844
584
607
558
609
796
625
984
601
628
641
689
989
610
614
668
697
959
579
788
598
662
542
622
841
603
1030
599
654
739
606
830
604
668
602
708
1021
570
788
572
610
566
574
791
579
1015
592
631
666
605
991
565
605
657
679
840
598
950
575
633
535
558
796
582
852
579
626
567
597
790
564
979
562
621
647
632
959
577
612
611
691
1036
574
815
591
1023
928
922
972
675
855
602
672
544
584
793
587
1205
590
684
549
566
783
579
871
592
614
560
621
815
611
999
593
602
642
689
1004
611
599
648
687
974
601
859
669
676
686
695
945
595
854
614
655
566
634
948
613
662
578
560
926
583
593
650
682
1029
613
878
597
651
682
610
805
588
622
526
579
967
623
663
502
565
1051
590
584
561
566
889
637
647
549
576
933
592
603
692
684
1128
611
591
659
684
936
572
995
581
588
648
575
937
585
615
642
558
833
605
652
569
608
928
601
614
545
569
811
587
965
581
592
706
574
770
565
608
537
570
917
580
575
588
616
942
566
807
637
617
584
576
760
573
931
575
621
670
693
968
585
607
556
602
807
576
1009
564
575
665
561
885
584
627
652
590
1019
530
568
522
571
875
581
974
599
579
645
547
759
576
647
517
556
765
588
1084
596
594
698
593
786
585
603
512
589
936
572
580
636
677
984
591
919
585
614
672
708
976
595
633
492
575
844
580
987
581
617
650
580
872
586
658
503
603
874
614
975
605
626
660
709
971
592
619
571
595
804
599
1026
568
586
656
593
848
615
629
555
619
809
599
1004
562
564
664
686
606
579
564
589
543
760
561
598
642
665
974
608
826
586
621
533
598
825
584
952
579
598
628
668
961
505
597
600
678
920
600
775
607
666
554
600
856
582
647
636
719
1019
590
959
599
638
701
626
965
565
598
677
721
1035
561
951
586
562
563
574
860
582
572
552
605
832
609
958
608
641
695
712
994
595
671
682
727
1009
602
837
600
601
558
590
957
628
665
677
721
864
602
1070
618
639
578
582
794
586
947
599
621
671
694
960
611
626
677
702
1022
611
967
620
631
675
700
859
597
1007
612
625
646
578
790
625
658
563
613
789
604
995
592
611
605
608
924
600
632
582
597
966
615
609
623
636
905
604
916
620
643
719
721
987
596
632
670
744
1043
587
800
581
582
563
577
930
576
593
613
645
949
627
819
615
643
547
608
842
627
976
618
641
671
721
995
599
605
550
541
823
624
1025
584
602
611
649
927
592
642
597
609
797
613
1007
601
618
617
644
944
579
606
642
653
912
618
830
621
644
553
607
949
581
701
639
707
879
600
741
607
602
553
593
798
610
1082
589
616
651
688
960
610
661
548
633
830
612
997
712
612
644
680
716
639
694
680
691
989
631
808
597
643
544
607
941
621
640
686
722
815
604
995
627
669
747
774
994
592
943
617
660
743
756
872
602
951
614
665
795
624
842
594
643
570
641
830
621
988
645
687
731
760
1061
621
651
602
568
652
591
994
596
632
670
711
1009
598
663
5143
2062
1065
1755
1113
1145
1297
1259
943
910
869
892
894
1264
1267
848
899
824
2835
1806
1768
1994
755
739
750
711
733
743
791
803
762
719
732
720
736
720
743
719
737
744
733
728
731
734
717
759
747
760
766
766
760
746
642
992
4072
631
1221
2039
1305
1078
992
1048
1052
1056
1071
1073
1084
1176
1242
1179
1224
1258
1047
1042
1067
1154
1174
1199
1202
1248
1308
1367
1461
1524
1572
1628
1625
1634
1671
1740
1830
1935
1993
2037
2081
2123
2154
2196
2309
2379
2442
2471
2464
2475
2524
2563
2621
2706
2756
2818
2876
2946
3001
3085
3142
3220
3314
2952
2925
2846
2767
2845
2936
2989
2895
2924
3009
3067
3114
