6079
6120
6185
6246
6306
6343
6364
6402
6431
4545
8219
11354
1828
3831
1340
661
609
655
699
1142
1108
648
655
692
732
798
820
850
915
966
1002
1086
1155
1137
1526
642
656
720
814
870
909
972
1029
1106
1186
1216
1260
1303
1336
1221
1244
1251
1280
1302
1347
1375
1403
1457
1530
1629
1686
1808
1842
1877
829
889
670
764
630
684
740
780
835
920
947
1031
1076
970
1007
1045
1076
1091
1114
1137
1143
1146
1164
1160
1200
1225
1269
1305
1361
1354
1403
1408
1412
1443
1509
1548
1606
1665
1729
1765
1841
1885
1929
2010
2052
2109
2173
2202
2244
2273
2237
2253
2262
2277
2294
2322
2359
2382
2425
2465
2517
2532
2551
2601
2629
2632
2639
2681
2738
2768
2775
2801
2810
2868
2903
2957
2984
2980
2988
2995
3006
3022
3028
3092
2850
2888
2617
2630
2695
2391
2430
1988
2023
2029
1965
1965
1490
1507
1435
1449
1497
995
1040
773
794
603
661
857
605
1056
595
650
724
686
1024
585
650
579
631
1026
617
832
602
619
648
694
1056
577
804
592
603
559
595
813
596
869
585
639
546
595
822
583
992
861
584
611
612
646
661
990
606
646
676
721
1089
583
651
578
625
1165
601
817
598
668
555
845
854
630
985
581
642
681
651
1047
570
595
620
661
1015
567
813
572
620
519
563
867
589
944
572
588
612
608
989
603
626
675
695
981
597
847
592
610
536
588
790
613
1039
587
690
758
709
875
575
983
613
631
677
712
987
603
677
622
680
1055
623
822
605
689
528
569
930
588
634
544
579
936
555
578
545
573
983
567
584
565
601
940
571
653
625
679
1007
574
1019
581
593
658
581
749
554
628
535
576
930
574
592
579
580
936
576
586
533
584
931
578
647
598
649
1063
587
929
566
587
682
581
1014
549
602
691
549
854
606
661
543
610
932
612
680
636
674
1024
589
972
613
690
715
678
981
596
646
671
758
1046
600
782
619
656
585
598
988
609
627
646
742
1064
582
956
585
590
664
612
811
588
613
548
613
976
637
696
640
687
1000
615
1001
580
590
590
591
917
572
653
619
676
1063
602
996
599
636
689
649
1034
630
689
564
587
978
602
664
649
682
985
583
938
582
658
687
610
948
589
627
501
548
1056
588
597
588
630
972
631
966
597
621
645
650
1032
614
620
518
546
843
600
1035
552
564
654
609
817
597
646
508
615
998
635
639
601
634
1006
594
948
571
566
657
599
861
610
632
552
577
938
676
725
766
798
1036
574
889
603
630
712
701
1059
623
645
551
572
820
616
1033
610
665
708
567
889
602
600
523
605
1155
604
632
529
577
876
605
975
664
627
637
558
1001
588
601
608
643
956
639
692
709
720
1041
594
880
551
591
657
604
1031
592
630
532
572
935
565
600
544
598
999
558
915
536
571
584
616
1011
596
633
507
569
861
587
1079
586
583
645
575
812
568
640
508
586
897
614
1000
611
640
673
557
1002
576
587
620
643
1029
609
635
484
551
846
593
1067
609
647
758
591
797
594
575
537
599
943
587
551
618
679
1069
591
952
581
561
683
586
877
596
619
537
604
809
616
1029
626
688
755
566
842
598
606
539
606
848
601
979
610
623
676
585
985
596
612
677
708
1078
577
653
489
567
834
589
1078
581
590
665
623
795
587
622
526
615
986
593
651
609
672
1012
641
834
621
680
551
621
926
620
696
596
655
1029
587
812
606
703
566
590
893
588
605
627
679
1029
597
933
555
575
617
615
939
557
630
558
582
839
622
1019
575
568
666
615
934
567
558
577
648
1083
604
597
616
648
993
602
1027
584
604
615
618
997
627
586
604
670
986
609
932
593
605
643
671
957
584
649
539
611
831
594
1025
630
643
658
559
830
632
659
579
716
850
559
1014
575
602
670
576
922
690
700
751
770
1033
642
654
599
594
1022
594
622
631
665
944
612
965
621
747
804
710
1012
592
670
557
604
947
641
662
605
665
997
585
963
654
700
760
755
968
563
669
483
570
965
609
617
665
729
1123
588
938
609
673
771
689
979
605
653
511
605
926
681
1054
590
675
728
612
919
633
632
658
678
1070
600
614
549
543
846
708
974
646
630
645
674
1003
613
632
597
611
820
595
1050
582
621
653
678
963
597
600
890
1089
3182
1205
1847
1324
979
14210
1186
851
634
639
635
633
679
684
705
701
757
747
852
818
875
901
974
980
1032
1029
638
670
679
769
765
821
998
990
1021
1169
1319
1391
1284
1340
1361
1378
1377
1397
1402
1509
1605
1666
1657
1666
1664
1759
1801
1876
1924
1916
1939
1993
2030
2086
2121
2178
2264
2280
2318
2382
2387
2466
2565
2640
2671
2715
2732
2758
2814
2858
2942
3018
3127
3207
3201
3302
3346
3457
3510
3615
3684
3723
3769
3812
3835
3903
3998
4016
4070
4113
4172
4224
4288
4324
4370
4446
4484
4549
4572
4607
4669
4707
4729
4771
4855
4932
5022
5082
5129
5251
5258
5345
5392
5465
5470
5520
5535
5582
5641
5661
5811
