3474
3496
3494
3254
1918
1865
1916
1791
1789
1863
1251
1308
1282
1325
1330
1361
1394
1511
1524
1537
1561
1550
1573
5656
4101
3688
889
2686
1571
1249
1179
1366
1059
2258
5004
2456
628
1954
598
607
1948
604
2088
621
801
701
810
1204
674
579
604
609
638
676
714
687
708
722
744
794
853
885
831
833
873
901
913
896
947
997
1070
1093
1134
1210
1246
1266
1144
1126
1135
1260
810
828
883
930
928
968
1059
1073
1121
1197
1232
1274
1287
1321
1356
1380
1462
1603
1654
1699
1700
1679
1696
1720
1776
1764
1809
1637
1670
1677
1726
1748
1793
1787
1328
1306
1310
1342
1360
1395
1448
1528
1597
1661
1579
1613
1650
1693
1713
1713
1752
1804
1824
1820
1895
1351
1343
1313
1313
1339
1406
1422
1454
1495
1585
1579
1638
1629
1661
1684
1705
1731
1819
1867
1877
1752
1722
1775
1856
1865
1901
1895
1906
1939
2019
2082
2163
2137
2071
2106
2158
2044
2137
2193
2239
1641
1639
1626
1656
1697
1774
1801
1883
1867
1858
1897
1920
1995
2067
2121
2205
2186
2168
2136
2129
2220
2304
2310
2390
2402
2440
2450
2386
2459
2540
2559
2534
2571
2577
2592
2570
2602
2657
2675
2685
2724
2745
2802
2847
2888
2944
2987
3049
3063
3098
3130
3155
3196
3284
3315
3348
2701
2703
2706
2784
2789
2825
2803
2847
2751
2790
2812
2571
2522
2152
2097
1966
2063
2066
1809
1778
1322
1312
1357
1238
1293
849
848
681
686
833
697
948
617
1284
660
679
701
729
752
775
807
992
625
642
568
631
813
613
1000
645
600
762
630
822
632
664
660
612
936
949
621
680
725
764
698
888
620
684
637
644
929
638
628
632
680
1092
637
792
629
686
598
613
1018
604
614
748
684
933
622
1001
596
614
653
686
992
615
638
503
597
936
617
977
593
612
1097
1106
1170
589
613
605
616
968
637
628
630
624
989
620
977
613
614
609
590
928
659
619
620
680
1006
650
1012
592
620
655
701
871
630
647
584
643
614
615
860
607
632
719
621
809
636
643
562
607
823
578
1119
656
624
746
673
983
549
610
605
606
818
609
608
559
606
982
613
632
597
658
1112
606
977
628
608
648
669
1054
612
614
508
560
1019
588
605
600
588
637
605
927
634
639
670
683
998
620
647
532
578
1067
598
578
649
662
1011
632
965
615
625
570
567
901
1107
613
647
676
709
740
1018
644
640
734
607
953
621
616
667
689
994
654
670
483
584
1006
628
1028
613
659
646
645
1010
613
649
552
632
922
596
1036
601
610
727
607
1030
612
619
553
592
829
623
1036
617
646
672
696
1244
789
621
658
700
730
554
1095
629
651
2599
619
632
629
648
697
742
756
711
727
747
799
842
768
771
847
1316
1049
1019
1060
972
999
682
689
663
708
932
648
886
631
694
532
636
940
627
903
579
590
563
726
855
584
974
550
559
568
595
909
567
546
597
664
938
570
1036
575
598
637
690
882
631
1000
614
656
630
722
1033
559
1337
942
982
1026
1075
1098
621
815
583
635
563
592
811
633
939
588
620
558
603
792
613
997
651
654
679
711
986
998
622
619
634
656
659
915
606
670
681
724
869
643
1028
664
654
670
697
791
629
1112
599
652
703
706
892
593
609
635
627
685
718
784
619
1010
606
642
629
690
1044
592
808
608
620
617
752
947
602
4710
1190
1161
1356
1277
1778
2367
737
640
633
639
579
631
641
662
742
800
889
940
983
1669
969
995
984
1022
1036
1069
1107
1098
1157
1180
948
950
985
1031
964
976
1056
1095
1095
1088
1118
1124
1143
1244
1259
1096
1126
1130
1331
630
648
690
713
746
778
790
850
933
934
584
659
688
752
753
803
825
825
837
858
913
1010
1029
1246
1320
1315
1325
1345
1365
1439
902
879
911
943
953
1003
1063
1110
1359
545
598
624
729
821
896
950
982
1017
1007
1021
774
790
588
814
865
568
1008
584
618
629
1125
623
653
679
748
757
3665
655
621
658
707
739
800
814
772
808
881
970
1063
1092
1236
1270
1270
1250
739
641
655
768
749
784
582
1851
1060
1018
1023
1041
1038
1068
1122
1165
1073
1103
880
970
995
787
836
1200
599
598
633
677
730
728
659
939
1370
635
623
641
672
699
701
703
776
761
597
1003
603
869
756
807
1637
1284
1318
989
968
821
845
875
633
1284
674
681
696
724
1019
646
677
704
780
895
6098
1121
1625
1132
1003
987
851
808
788
830
759
767
741
764
774
729
774
800
695
759
815
881
781
728
744
759
747
771
751
742
752
731
749
740
630
747
746
1368
800
1219
2024
2054
2506
2233
2414
2761
3141
3579
3975
4190
4667
5063
5258
5615
6060
6265
6315
6551
7017
7396
7666
7712
8008
7996
8503
8983
9405
8886
9254
9689
10763
11049
11298
10833
10997
11272
11256
11470
11975
12495
12525
12561
12657
12711
12852
12965
13414
13955
14198
13868
14116
14264
14725
14930
15225
14907
15113
15285
15499
15842
12934
12793
13102
13448
13605
13625
13812
14193
14549
14816
15174
15567
15720
16036
16208
16441
16797
16996
16798
16844
16906
16958
16962
16950
16985
17018
17047
17011
16999
16286
16232
16226
17452
18329
18579
18982
19223
19666
19838
20232
20637
20658
21122
21276
21648
22027
