3718
3488
3507
1652
6666
2073
2086
2076
2092
997
1296
1252
845
888
917
869
812
875
832
860
792
861
826
1797
1916
5662
940
597
747
730
654
598
653
631
646
657
676
739
692
688
679
700
774
1580
916
594
651
641
1229
1019
1011
1056
724
749
627
658
731
708
721
709
721
715
757
879
930
1002
1056
1107
1159
1229
1346
686
717
752
806
844
897
965
969
932
1001
1073
1126
1198
1228
1300
1337
1409
1474
1546
1579
1631
1697
1736
1761
1854
1875
1904
1958
2056
2133
2215
2275
2248
2276
2312
2381
2433
2449
2457
2494
2505
2527
2616
2729
2866
2916
2963
2942
2942
2971
3020
3039
3117
3221
3348
3410
3441
3448
3500
3515
3545
3580
3583
3632
3668
3729
3780
3813
3905
3983
4058
4154
4251
4311
4342
4352
4413
4456
4507
4535
4573
4612
4660
4745
4797
4859
4887
4928
5023
5093
5117
5103
5127
5107
5129
5152
5152
5190
5205
5220
5263
5286
5299
5331
5368
5373
5413
5431
5464
5488
5507
5508
5510
5520
5572
5616
5629
5634
5668
5683
5690
5682
5714
5723
5792
5835
5850
5863
5873
5899
5910
5945
5931
5990
6031
6067
6108
6121
6081
6106
6153
6190
6239
6283
5991
6016
5790
5827
5837
5412
5429
5420
5387
5390
4933
4911
4660
4664
4471
4475
4472
4150
4172
3758
3805
3845
3845
3822
3391
3417
3340
3339
3423
2908
2913
2503
2472
2493
2498
2515
2087
2073
2065
2075
2057
1616
1640
1336
1388
1208
1194
1219
951
1056
623
644
683
696
835
581
1028
589
606
628
642
1021
589
658
703
731
998
578
800
597
679
563
598
770
592
1011
601
677
721
767
1018
595
649
655
716
907
606
982
640
694
713
736
998
584
796
591
661
547
585
750
596
856
599
699
612
687
910
584
864
601
631
617
657
971
597
818
599
631
539
565
806
602
924
593
609
562
575
774
626
1066
588
615
628
632
904
637
642
664
762
931
637
1054
572
611
690
745
1042
633
807
575
603
541
586
861
604
865
576
593
550
607
965
596
592
623
662
975
589
835
626
652
625
616
1027
633
785
574
566
565
605
853
582
952
573
612
661
693
1044
547
626
563
602
1910
602
612
662
693
720
736
821
593
1011
584
646
719
674
1177
601
599
595
600
894
585
840
600
614
559
604
866
599
1020
604
627
674
705
991
562
566
577
634
944
610
765
600
616
658
676
1058
576
774
588
583
483
561
906
592
846
598
625
551
614
816
586
889
586
622
546
580
814
607
973
610
664
727
765
1061
573
657
600
653
1085
586
812
575
634
509
613
854
565
936
567
575
618
648
1001
585
600
604
591
939
607
835
564
587
543
577
811
624
1010
584
589
616
642
924
593
591
652
688
1037
576
773
595
629
532
584
818
588
1010
584
613
641
697
833
594
976
582
603
665
700
981
585
603
605
605
969
542
826
568
589
549
555
922
614
630
578
595
939
564
613
562
606
926
573
619
546
564
968
587
592
639
716
975
619
1040
617
636
677
617
845
607
650
545
653
1004
607
661
508
580
1059
644
662
547
586
907
552
621
609
635
989
575
930
558
581
696
585
919
550
573
668
564
843
588
616
523
572
955
582
646
602
629
992
582
1004
616
639
668
693
997
613
658
666
727
987
610
811
608
657
543
592
984
620
624
664
684
975
599
970
589
655
731
640
834
585
615
537
601
938
623
653
675
713
978
601
950
589
631
666
671
1026
625
707
680
744
1108
602
908
583
631
685
657
1047
623
658
523
569
1024
600
691
633
687
1035
820
740
544
582
597
550
731
601
651
513
537
972
618
680
642
682
991
594
889
585
610
633
614
1020
610
681
534
557
833
648
1226
610
637
654
570
800
584
627
567
614
925
607
630
615
672
1042
609
920
586
576
685
588
814
618
641
529
589
987
598
618
628
659
1019
573
909
600
628
671
700
1013
656
659
564
575
822
617
1087
606
642
649
563
818
599
664
508
604
1100
585
657
568
602
835
595
971
574
624
694
581
954
602
605
637
705
1071
640
598
635
663
970
604
947
589
627
664
683
1026
598
601
548
550
904
566
603
573
586
955
591
953
590
609
611
619
916
571
630
578
592
816
587
1060
616
635
679
582
794
599
665
512
584
798
591
997
579
625
714
552
981
519
564
641
627
1033
566
644
495
581
932
556
941
567
579
674
582
781
601
638
530
594
968
614
589
668
716
1093
569
2226
1422
1728
1680
2544
2019
2031
2062
1140
913
905
925
917
927
9826
1164
847
638
1277
1075
611
589
591
610
673
665
635
644
645
683
687
741
709
720
610
637
729
778
838
864
893
940
992
1032
1088
1140
1218
1461
1525
1389
1439
1479
1510
1546
1579
1746
1800
1877
1944
2021
2089
2177
2283
2339
2408
2461
2517
2575
2626
2659
2696
2760
2815
2856
2886
2931
2966
3007
3090
3158
3220
3249
3301
3338
3417
3399
3436
3461
3548
3574
3609
3653
3684
3730
3794
3820
3851
3860
3889
3907
3899
3884
3941
3969
4013
4028
4038
4044
4080
4127
4183
4259
4301
4312
4319
4366
4410
4474
4540
4568
