2607
2617
1002
2097
2487
2520
2539
2498
5714
6912
1712
2353
1828
2136
2185
2539
2580
2673
2548
2516
2511
2475
2440
2418
2425
2419
2462
2468
2486
2585
1836
1809
975
667
609
635
742
607
610
622
608
654
691
776
832
906
973
1022
1051
1040
1110
1147
1192
1314
1394
1514
952
995
1083
1142
1037
1034
596
891
909
920
802
816
886
909
969
1009
1046
1052
1075
1124
1141
1177
1224
1264
1315
1331
1344
1409
1453
1505
1571
1621
1671
1705
1606
1611
1660
1737
1794
1873
1941
1943
1988
1984
2029
2095
2157
2221
2307
2349
2377
2420
2498
2570
2653
2734
2789
2863
2895
2930
3007
3050
3097
3148
3210
3274
3315
3368
3415
3438
3409
3415
3441
3495
3518
3557
3575
3588
3600
3610
3654
3682
3742
3793
3849
3887
3922
3962
4063
4116
4172
4222
4263
4290
4296
4360
4415
4467
4490
4504
4476
4506
3989
4013
3851
3866
3945
3653
3639
3182
3203
3279
3286
3336
2901
2900
2854
2884
2928
2468
2504
2051
2037
2028
2041
2105
1627
1514
1477
1492
1526
1128
1176
1155
1148
1208
734
951
605
631
644
671
1085
610
643
527
574
1020
623
676
665
676
988
620
905
603
589
654
692
945
611
671
507
596
1095
588
787
645
651
546
613
807
605
1401
635
663
745
594
836
592
661
566
607
790
587
1123
630
674
726
767
1111
585
658
626
644
1044
612
993
633
660
686
714
1049
628
680
512
606
847
610
1023
613
654
746
619
842
601
655
568
605
966
597
626
575
601
1034
589
811
596
626
549
591
956
601
632
532
574
855
603
1061
609
645
718
629
1024
591
599
609
612
984
578
643
637
662
1031
597
1002
615
665
698
742
1030
587
611
557
592
811
608
1099
600
609
625
659
1023
611
654
552
562
913
556
584
608
616
1007
570
991
571
603
691
610
1034
582
593
547
587
815
615
964
590
656
779
582
893
631
654
507
592
1037
581
614
533
617
847
594
1053
576
626
691
611
917
596
611
532
587
963
608
696
593
620
994
567
991
566
607
711
581
872
588
662
524
582
973
574
612
596
661
1085
595
914
586
599
613
613
1055
594
629
551
623
856
592
1073
641
656
667
706
999
603
662
518
571
867
561
1000
584
579
603
634
1088
571
609
558
577
855
588
985
567
580
697
553
892
618
638
559
599
975
599
589
562
649
883
603
1067
579
612
666
603
2012
611
595
611
633
670
681
933
577
640
894
568
825
568
579
548
583
915
584
1004
591
607
711
580
874
596
629
549
622
961
586
628
570
613
1060
591
995
570
614
636
642
1009
607
621
641
694
998
607
815
621
651
590
639
1015
588
854
590
583
553
588
821
563
949
1047
1310
1342
1153
1012
1146
1467
1309
578
576
623
673
706
735
848
902
1008
1023
1063
1102
1124
1148
1229
1321
1362
1418
1469
1484
1517
1542
1648
1180
1214
1254
1125
1186
710
746
720
709
1023
618
858
608
676
540
606
804
621
895
604
640
549
611
821
607
1105
617
657
702
690
1048
573
653
567
559
948
594
852
583
597
516
603
866
578
1088
597
633
680
735
1019
594
687
646
717
903
610
1024
615
666
513
568
821
589
838
590
631
554
574
775
606
1062
600
612
633
642
946
592
652
516
608
809
572
874
644
650
534
603
966
582
601
614
648
985
583
796
586
643
540
614
804
577
847
601
633
558
599
806
564
1004
584
599
607
602
962
580
645
718
770
1020
608
815
567
636
513
540
991
569
817
591
609
539
589
806
580
1014
612
655
670
706
986
560
654
583
643
1008
615
816
603
650
515
585
805
573
899
597
624
525
579
839
601
1046
608
617
602
634
975
621
618
659
681
975
578
804
591
603
512
620
871
608
996
599
619
718
578
807
612
691
530
603
1006
589
818
581
624
499
587
826
584
1060
590
613
629
675
1006
592
628
693
729
892
636
979
713
730
585
632
823
606
921
600
606
566
615
773
596
1060
584
607
622
620
879
573
610
659
694
1026
577
835
601
613
575
615
981
597
868
607
651
530
608
797
602
1273
619
674
508
583
854
602
831
614
661
513
615
874
605
935
575
634
697
653
985
554
578
588
655
941
582
808
615
648
672
708
1042
593
830
584
605
561
636
969
588
662
556
559
939
585
597
597
635
985
594
965
598
625
658
630
812
591
629
505
541
959
582
614
531
565
1015
561
1647
1311
1293
1069
1785
945
11340
1737
1622
1613
952
1303
1274
1598
1569
1693
805
776
819
825
770
623
619
645
735
747
823
854
927
989
1083
1154
1055
1074
1105
1111
1144
1205
1199
1205
1248
1267
1351
1381
1434
1470
1512
1558
1589
1674
1732
1636
1678
1695
1706
1743
1750
1777
1827
1898
1994
2093
2171
2200
2232
2276
2336
2422
2482
2587
2658
2676
2710
2754
2841
2909
2989
3026
3075
3123
3179
3235
3303
3368
3422
3479
3517
3505
3546
3527
3539
3566
3601
3678
3739
3779
3811
3836
3884
3885
3892
3912
3965
3982
4021
4058
4081
4088
4083
4090
4092
4089
4141
4185
4230
4255
4310
4396
4447
4498
4561
4610
4622
4640
4643
4666
4632
4657
