3409
3460
3270
3129
8125
5812
1400
578
1410
2556
2495
2534
1211
1246
4226
2040
4825
1040
1011
1005
1012
989
1027
1027
1041
636
617
680
654
673
725
733
759
794
818
865
892
941
1014
1055
1315
633
676
746
793
807
849
873
903
951
1023
1035
1014
963
819
870
892
657
938
622
645
564
599
632
684
696
733
786
1224
622
664
659
638
685
697
722
733
747
837
861
860
882
709
738
765
838
795
863
909
974
1000
1090
1168
1219
1268
1343
1370
1414
1468
1530
1621
1676
1763
1822
1817
1875
1931
2020
2119
2178
2209
2214
2272
2291
2353
2401
2464
2552
2597
2661
2697
2781
2831
2863
2912
2931
3007
3057
3087
3134
3200
3239
3289
3318
3365
3409
3424
3447
3481
3485
3528
3593
3621
3656
3700
3758
3822
3868
3904
3970
4016
4072
4114
4162
4162
4182
4219
4239
4254
4297
4320
4344
4400
4444
4456
4486
4503
4553
4620
4696
4749
4818
4879
4936
4991
5032
5096
5128
5140
5153
5188
5193
5205
5238
5284
5282
5312
5306
5323
5358
5382
5384
5393
5397
5404
5407
5440
5427
5459
5502
5500
5535
5309
5351
5290
5329
5359
4819
4825
4385
4397
4413
4408
4447
3930
3929
3757
3787
3831
3566
3592
3106
3109
3131
3088
3102
2581
2563
2430
2460
2449
2179
2206
1738
1739
1714
1731
1781
1315
1331
1159
1189
1209
739
834
754
798
1033
576
800
590
631
480
572
993
587
671
597
664
1050
575
1001
577
605
673
552
789
598
638
534
578
953
607
606
552
606
866
617
1007
622
644
687
695
1046
609
643
559
613
824
591
1039
586
610
713
585
1014
595
612
723
617
844
606
633
531
572
856
592
981
572
606
707
586
924
592
663
701
680
1053
593
611
668
718
1059
580
947
602
652
700
657
865
582
1005
627
693
734
694
1045
607
633
667
683
917
580
850
589
582
573
629
793
594
948
588
625
648
617
1040
620
628
666
705
814
600
1006
628
651
652
682
904
597
823
585
652
539
601
819
615
1004
632
626
660
672
921
617
1020
592
610
643
648
1066
623
643
565
598
844
580
997
602
619
665
701
1074
620
650
677
717
932
603
1032
592
643
620
657
1010
601
823
629
630
549
590
950
590
637
593
587
996
582
787
597
590
604
647
1035
614
833
630
678
655
693
1005
622
840
614
635
545
615
843
596
1014
596
598
627
645
863
611
954
581
609
626
638
990
582
639
656
716
888
607
1091
583
600
611
610
972
613
783
624
669
552
564
824
572
952
618
639
503
552
888
606
1059
615
626
938
615
619
632
642
650
683
959
597
863
616
666
661
618
803
608
977
584
593
602
616
837
589
1045
598
605
715
557
832
578
621
532
618
850
593
851
610
607
518
592
846
572
1012
646
699
776
718
978
592
681
623
682
975
664
1011
569
632
550
622
873
585
978
600
678
755
706
1042
624
642
617
685
996
620
989
598
596
599
611
944
605
781
575
596
570
615
832
621
919
626
665
576
624
808
616
983
656
692
708
733
1048
607
607
639
659
1009
597
809
597
669
596
605
1071
581
785
622
653
548
570
794
578
1071
587
616
627
651
1298
631
710
599
608
844
623
1011
639
666
683
684
995
590
819
608
649
656
708
1021
614
804
568
576
588
598
1043
605
797
607
622
526
588
1015
590
603
609
627
805
594
1032
596
591
605
600
928
593
941
582
633
724
600
837
583
636
546
607
969
643
660
573
604
794
605
978
611
668
725
589
925
573
630
710
597
814
590
636
520
567
941
581
647
500
569
859
914
996
615
676
717
560
889
577
613
514
545
958
564
591
503
553
952
614
577
608
679
1036
584
947
569
577
556
583
955
596
637
572
591
827
584
991
579
627
721
575
822
598
632
544
620
847
598
980
581
620
743
559
830
563
595
566
645
985
587
614
598
604
864
603
980
587
599
620
556
915
628
643
558
579
932
580
587
661
681
988
602
839
602
643
569
569
932
572
639
572
603
1047
613
810
617
659
877
902
919
664
1053
634
671
682
745
1022
601
654
678
740
1041
620
950
624
636
678
717
1022
605
637
665
722
1015
606
837
619
665
564
606
834
611
1022
617
668
716
697
1027
601
663
513
543
792
600
994
613
668
767
593
848
576
608
515
591
844
584
981
587
617
762
579
796
573
565
528
587
1019
586
591
551
587
835
603
995
577
672
735
5697
1408
1543
1953
2021
2400
2273
2200
2124
1078
1068
978
981
1003
1006
925
843
737
664
567
549
877
2362
2367
2372
2395
2415
1461
1828
1849
1858
664
946
683
739
727
740
720
742
723
708
730
762
720
742
747
727
741
771
758
769
754
760
748
734
751
796
736
733
741
702
744
729
729
867
944
1251
1278
1847
2699
3265
3263
3281
3350
3395
3443
3799
1077
2232
875
629
596
641
654
677
646
647
691
734
744
784
802
828
882
911
917
1010
626
662
717
764
794
881
1024
1064
843
847
874
908
814
848
941
966
1016
1035
1058
1111
1192
1241
1266
1348
1395
1436
1452
