5746
6215
6295
6066
6138
5918
5990
6069
3246
3252
3053
3088
3126
3144
3201
3233
3275
3276
3347
3423
3544
6728
4545
1275
1268
1892
1622
11853
1636
1238
1185
1142
984
649
660
1576
640
603
1880
700
762
716
724
754
781
976
1020
1085
1098
1800
1876
1890
1918
1250
1275
1089
1100
1182
1120
1140
1327
554
620
796
710
688
716
837
895
911
942
990
1020
1215
969
888
943
995
1040
1098
1075
973
968
1048
1135
1204
1281
1366
1451
1519
1591
1615
1682
1736
1690
1749
1838
1882
1956
1981
2024
2096
2150
2221
2290
2379
2437
2515
2563
2621
2706
2703
2766
2803
2882
2976
3038
3111
3161
3225
3293
3373
3430
3472
3526
3568
3605
3677
3745
3829
3937
3994
4072
4138
4187
4260
4325
4382
4444
4495
4561
4634
4697
4760
4810
4896
4957
5024
5068
5133
5209
5264
5244
5260
5274
5335
5373
5405
5463
5510
5563
5558
5571
5581
5605
5610
5624
5648
5658
5467
5515
5570
5629
5701
5691
5731
5793
5864
5922
5916
5997
6083
6156
6229
6298
6356
6393
6469
6178
6288
6049
6132
6234
5875
5913
5395
5440
5530
5446
5532
5047
5116
4915
4981
5043
4733
4787
4337
4398
4470
4443
4499
3956
3992
3784
3870
3947
3643
3680
3180
3235
3282
3136
3194
2889
2889
2689
2682
2740
2344
2385
2298
2341
2366
1895
1926
863
806
871
912
958
997
1044
1067
1082
1136
884
1031
615
732
809
747
1012
566
633
533
597
1000
565
591
620
675
1009
568
805
594
615
505
561
1007
604
616
666
729
970
617
884
605
677
549
617
908
601
682
649
688
951
584
890
611
646
513
576
1128
572
1185
619
650
704
735
977
640
692
710
733
964
617
994
605
584
596
623
933
550
551
515
572
831
591
1006
629
701
720
603
806
592
661
513
564
1051
606
1091
616
637
626
594
793
591
590
563
553
946
590
633
529
599
848
577
991
595
640
686
734
1025
612
637
677
731
969
577
973
580
610
651
681
920
554
603
482
554
855
604
1046
607
637
682
718
916
604
652
553
605
933
591
596
614
669
929
630
828
600
612
569
595
902
573
597
648
684
1034
599
936
606
610
607
617
875
549
574
551
610
801
602
973
629
650
685
640
823
584
594
539
573
774
600
1077
594
611
680
697
911
577
597
549
596
808
553
1098
593
597
615
606
916
591
668
590
610
803
574
966
673
592
654
648
853
607
660
553
578
941
606
675
654
718
1071
600
755
560
629
527
576
955
596
671
683
716
1012
596
812
576
645
508
631
1229
878
903
626
657
569
638
834
597
947
600
606
617
589
779
578
619
499
579
865
567
982
649
591
595
626
961
562
574
597
625
785
631
917
595
604
557
585
815
640
970
587
605
650
689
938
612
670
684
740
1046
572
796
572
642
521
572
878
637
848
618
658
488
572
828
590
865
585
637
576
610
841
589
902
605
702
755
766
914
603
987
610
654
702
707
987
610
624
638
683
983
621
794
617
696
686
760
919
617
1025
620
631
630
687
849
567
801
580
635
594
648
982
624
776
604
656
655
686
994
604
784
580
615
548
567
778
566
927
573
583
621
685
944
609
634
641
699
957
587
783
632
709
522
563
813
563
953
540
605
718
595
804
564
621
540
629
790
568
992
604
681
725
717
1074
564
567
592
591
857
574
780
607
638
544
619
794
600
1016
608
629
664
706
961
591
578
594
594
887
591
826
623
645
563
570
812
580
1019
608
649
655
690
1044
608
613
635
674
916
587
765
553
554
507
580
811
569
1047
620
668
718
755
929
619
937
589
667
737
776
1107
561
582
649
653
889
569
821
574
565
528
589
840
584
846
580
618
534
565
931
580
585
603
644
915
590
754
584
602
565
590
831
639
833
615
643
557
601
820
604
993
622
619
623
631
865
601
669
660
688
860
603
930
612
647
524
555
831
627
897
636
652
531
580
831
609
957
611
659
709
755
1055
612
621
624
625
892
609
773
597
667
627
671
1005
638
905
580
599
647
577
941
602
622
647
558
813
597
667
595
622
873
599
625
547
591
970
624
694
733
789
1060
615
966
614
646
678
601
817
605
619
539
611
897
604
633
677
708
1028
599
919
591
633
635
577
793
609
654
550
622
908
590
648
611
646
958
616
685
705
755
1062
624
926
598
666
723
746
1068
573
599
543
623
847
595
1018
591
634
671
617
793
581
637
549
613
763
596
1058
586
634
742
2279
1350
1319
1385
2168
1711
1623
1593
933
1257
1246
902
926
873
895
859
905
852
876
967
1042
1062
1155
1182
1246
1285
6133
1618
878
638
686
710
677
689
710
706
741
818
935
1022
1028
1072
1217
1290
1358
1425
649
626
694
737
740
786
818
824
874
935
976
1057
1644
935
940
955
968
979
1001
1062
1119
1155
1188
1279
1352
1424
1470
1577
1418
1457
1497
1568
1625
1696
1748
1784
1834
1905
1954
2025
2027
2098
2141
2206
2225
2244
2270
2308
2345
2407
2441
2483
2520
2607
2622
2695
2768
2846
2958
3073
3112
3130
3061
3120
3143
