8818
9090
9094
9129
9133
9180
9213
9311
9359
9417
9471
11740
11793
11808
11480
11543
11565
11576
11385
9097
9060
9049
10284
10637
10505
8593
9920
1039
825
869
938
3531
3629
1665
1554
3700
1263
1129
1014
1011
2211
860
1041
4092
668
1412
544
647
906
1382
1212
2545
923
2241
834
632
659
657
617
634
683
740
752
1488
607
606
684
723
711
1168
681
674
712
830
802
854
841
845
850
907
920
966
1024
1088
1118
1132
1140
1202
1290
1381
1478
1530
699
732
790
825
924
962
1011
1055
1102
1144
1214
1309
1238
1273
1338
1367
1424
1480
1546
1634
1685
1737
1776
1850
1923
1968
2039
2103
2142
2186
2247
2314
2357
2413
2498
2548
2621
2656
2679
2765
2802
2863
2903
2932
2992
3012
3077
3150
3223
3284
3378
3493
3553
3568
3613
3656
3725
3783
3839
3889
3935
4001
4061
4092
4141
4186
4248
4284
4305
4340
4380
4450
4483
4526
4576
4596
4650
4711
4768
4866
4913
4950
5001
5032
5069
5124
5179
5213
5224
5231
5250
5256
5296
5323
5379
5480
5478
5500
5515
5540
5548
5621
5664
5701
5732
5786
5810
5824
5842
5893
5949
5972
5977
5999
6023
6047
6059
6071
6096
6134
6112
6171
6194
6223
6235
6206
6222
6240
6299
6318
6344
6185
6272
6295
5957
5946
5466
5477
5493
5421
5441
5033
5032
4584
4564
4536
4547
4588
4125
4140
4140
4109
4138
3755
3772
3345
3319
3305
3315
3372
3089
3159
2633
2631
2616
2577
2551
2084
2101
1924
2010
1682
1715
1717
1455
1501
1161
1172
932
972
1030
767
932
629
673
535
552
816
590
889
581
604
573
604
811
607
1153
599
601
625
620
846
617
1030
608
659
700
739
1018
613
667
630
712
968
582
1089
596
621
629
649
1018
618
804
592
608
143986
642
1474
614
616
1332
598
1633
576
609
531
571
1338
595
1526
555
567
1568
556
1448
570
631
1316
583
1489
569
670
540
572
1463
599
1501
577
608
1504
548
1372
605
630
542
591
1327
586
1482
597
627
1479
578
1388
589
616
529
617
1357
577
1501
576
637
1467
590
1334
578
605
548
596
1381
631
1237
608
610
573
595
912
609
655
694
712
933
607
831
629
699
562
619
824
634
1028
610
633
674
565
826
600
591
563
597
1064
600
626
592
623
1018
623
1057
617
661
683
704
991
613
671
695
740
1042
591
880
606
620
625
546
779
609
625
566
606
952
631
632
646
689
961
587
791
589
602
565
609
802
618
952
587
592
648
692
980
602
617
543
570
824
565
996
587
580
647
582
773
584
625
540
576
986
577
585
588
598
910
602
756
618
635
558
598
893
616
632
652
690
988
608
910
614
627
651
681
933
577
631
524
554
828
624
986
594
661
689
725
946
609
663
659
732
973
593
928
583
651
710
660
1050
583
598
605
608
919
581
594
607
630
902
607
850
553
562
561
555
933
588
623
532
539
989
599
601
604
655
919
601
890
613
636
685
722
968
592
635
567
586
1053
587
739
617
691
514
592
822
589
1347
639
659
747
600
795
590
621
540
588
869
588
910
606
672
693
704
927
612
606
649
692
978
620
958
616
675
755
5043
1132
1356
2119
1900
2258
1956
1919
1090
1315
1244
857
927
890
900
872
913
689
855
739
708
742
735
721
715
696
726
746
744
647
719
718
703
725
711
724
712
733
749
723
735
715
714
727
716
722
777
865
752
757
711
797
1540
932
1211
1267
2300
2600
2611
2604
2625
2975
1207
1385
1435
597
1480
1862
615
605
643
693
718
1256
629
639
666
704
720
734
814
930
958
969
1000
926
961
976
1008
1052
1081
1118
1170
1258
1313
1325
1340
1417
1429
1427
1451
1513
1554
1608
1617
1641
1658
1689
1696
1709
1719
1739
1780
1810
1891
1896
1922
1951
1996
2029
2033
2040
2070
2126
2183
2219
2275
2336
2354
2379
2406
2507
2560
2561
2575
2568
2565
2590
2599
2633
2664
2730
2787
2836
2866
2941
3003
3010
3050
3060
3080
3118
3152
3201
3272
3346
3406
3504
3580
3632
3708
3764
3794
3842
3906
3955
4006
4039
4091
4110
4142
4199
4265
4338
4372
4448
4495
4538
4592
4640
4722
4778
4827
4856
4890
4950
4977
5012
5058
5115
5178
5215
5254
5284
5332
5359
5421
5461
5502
5570
5614
5643
5692
5732
5785
5832
5883
5929
5989
6055
6063
6103
6138
6138
6189
6229
6297
6314
6361
6173
6211
6290
5937
5983
5562
5535
5529
5400
5410
5195
5213
4995
4946
4943
4628
4644
4614
4619
4611
4196
4253
3872
3925
3973
3910
3896
3393
3397
3421
3459
3516
3105
3136
2833
2871
2796
2838
2895
2412
2402
2145
2125
1934
1953
1907
1666
1693
1274
1305
1363
1337
1349
963
987
1021
1043
1062
600
786
563
585
558
571
895
554
585
596
608
941
590
766
584
614
559
581
804
592
976
589
602
631
658
992
582
599
631
669
916
635
874
612
640
523
573
824
605
843
595
611
538
556
814
609
1042
606
620
654
666
887
631
679
628
654
1023
611
820
595
619
547
601
853
584
949
589
669
717
726
1092
579
602
667
723
842
621
1019
608
646
494
555
818
596
853
601
656
505
572
854
605
960
584
606
653
663
991
571
576
554
581
786
566
822
563
575
563
585
948
584
574
590
641
944
553
838
567
593
572
627
781
