4310
4358
4620
4630
7690
7651
6022
5766
5807
5825
5824
5797
5771
5788
5763
733
604
691
4059
897
1976
962
755
952
730
647
706
599
660
611
645
701
768
864
917
935
952
984
1019
1058
1163
1225
1212
1244
1257
1286
1340
1358
1392
1416
821
911
1203
975
1057
1082
1102
1162
1210
1254
1349
1475
912
870
715
753
614
667
739
781
833
878
905
959
979
1057
1921
2015
2085
2164
2195
2327
2379
2352
2449
2507
2515
2540
2576
2616
2675
2777
2870
2983
3096
3137
3197
3224
3238
3265
3279
3324
3400
3440
3506
3602
3681
3712
3755
3794
3847
3883
3956
4014
4103
4159
4197
4241
4288
4296
4360
4409
4439
4526
4598
4682
4749
4810
4830
4897
4950
4995
5076
5125
5195
5256
5274
5278
5336
5372
5406
5415
5453
5484
5525
5562
5597
5670
5761
5819
5858
5905
5945
5905
5890
5895
5842
5808
5810
5791
5783
5781
5696
5687
5729
5718
5745
5773
5817
5856
5924
5976
6045
6125
6160
6197
6206
6220
6210
6241
6267
6310
6360
6424
6411
6420
6449
6500
6539
6555
6575
6622
6664
6715
6761
6756
6742
6768
6756
6781
6753
6809
6198
6227
6208
6237
6290
5593
5618
5366
5397
5119
5114
5104
4862
4902
4549
4632
4489
4492
4532
4094
4139
3866
3842
3586
3628
3659
3454
3492
2912
2963
3025
2961
2891
2441
2447
2408
2374
2389
1995
2042
1718
1747
1505
1559
1608
1288
1314
945
943
769
841
899
583
1075
619
632
713
726
881
618
1013
599
624
660
616
1069
636
685
672
696
1041
619
1010
596
615
524
632
1093
577
878
588
648
510
598
881
574
961
613
688
731
773
1057
604
651
581
618
1079
617
807
590
615
538
594
817
602
1021
598
616
668
649
1089
593
614
637
667
915
604
1000
615
684
502
575
862
619
1025
598
611
674
633
1075
608
684
649
699
1081
575
797
584
622
584
620
1032
616
891
619
654
550
608
808
586
997
567
652
728
729
907
586
1003
594
639
658
683
1039
610
678
698
765
1076
621
823
614
666
625
667
1035
588
831
604
661
543
605
774
621
1000
600
613
652
685
1017
598
625
558
633
1056
598
800
550
590
626
682
1006
600
976
581
621
642
687
930
604
1336
641
688
779
638
871
627
1038
581
598
612
618
1041
586
601
654
676
1023
606
747
576
617
540
599
848
624
1171
595
620
631
626
1016
629
657
684
745
1051
618
838
598
618
524
598
1007
656
932
600
599
565
613
836
609
1035
591
665
695
734
999
588
598
629
666
910
585
1013
599
640
689
731
1024
626
820
584
609
525
607
812
589
1047
607
615
680
721
1049
598
620
626
637
826
576
1066
591
615
656
701
1091
587
956
612
649
704
593
985
597
619
647
709
1040
606
634
578
602
768
604
1028
589
602
715
744
1871
649
638
670
694
775
775
802
844
878
901
907
935
780
833
874
596
1002
609
677
707
583
1105
597
632
687
576
846
570
631
544
599
1050
581
599
592
614
1001
585
604
555
585
839
582
1031
589
626
697
683
836
645
662
586
623
849
600
1178
588
627
644
649
971
593
642
588
631
805
584
1066
585
619
777
582
834
586
652
563
618
957
593
621
661
694
981
617
866
590
642
561
617
813
595
964
584
641
677
749
1041
585
620
574
608
935
581
1009
611
648
737
601
990
581
579
595
629
928
599
629
547
600
988
591
623
660
739
1075
625
826
598
663
520
624
1036
629
661
590
633
1027
616
1040
605
669
718
659
1054
596
708
638
711
1047
607
899
625
595
549
600
942
600
664
665
689
1022
621
946
601
620
664
679
994
602
613
562
594
996
595
606
629
661
1023
592
975
606
650
688
665
1031
610
609
640
680
1075
578
952
607
615
621
643
922
595
637
553
572
979
560
590
601
649
995
589
1019
601
586
595
576
991
608
575
527
618
957
579
616
544
605
1170
559
947
568
656
725
640
1042
616
650
578
583
921
592
994
561
620
827
625
921
623
689
570
590
828
575
1029
581
615
675
596
877
601
629
561
603
982
582
620
609
680
1051
594
1084
594
616
610
669
946
603
673
653
738
1109
616
983
582
626
674
634
1026
638
703
647
710
1010
616
811
605
670
542
595
1046
618
644
611
666
986
610
852
597
631
538
597
964
615
617
604
635
1030
618
998
608
573
602
650
967
604
654
509
565
839
586
1082
628
648
730
560
952
579
600
741
594
1177
577
591
589
602
1123
901
1054
570
4663
1990
1477
2337
1290
1317
1905
937
780
771
762
733
759
729
743
719
742
738
761
738
562
738
762
750
729
780
771
787
739
753
748
736
706
706
728
741
739
761
753
812
1652
2230
5685
736
1230
1785
1616
722
626
603
670
599
605
624
639
696
717
743
779
858
919
976
959
945
974
1067
1192
1166
1121
1073
1143
1195
1167
1118
1270
1311
1260
1279
1291
1303
1358
1376
1353
1355
1387
1410
1448
1479
1496
1537
1568
1573
1640
1686
1743
1821
1885
1925
1758
1795
1840
1883
1937
2009
2060
2103
2139
2171
2181
2204
2220
2240
2262
2284
2313
2320
2355
2399
2415
2434
2436
2457
2476
2491
2490
