6485
6499
6510
6250
6309
5876
5878
5841
3535
3525
5977
9943
1663
5990
1080
972
1021
1067
1054
1118
1205
1229
626
659
670
749
768
807
878
892
834
933
1094
1123
643
600
656
664
705
769
911
1017
1094
1134
1194
1236
1297
1320
1444
1479
1517
1477
1492
1553
1616
1706
1808
1853
1878
1932
1287
1368
1427
615
630
707
734
714
781
805
838
770
798
846
859
919
970
988
1049
1039
937
985
1001
1062
1133
1181
1266
1332
1364
1385
1426
1493
1536
1572
1598
1598
1660
1699
1749
1737
1797
1790
1864
1923
1939
1953
2009
2071
2123
2194
2241
2279
2326
2355
2405
2454
2498
2516
2554
2589
2598
2642
2701
2774
2842
2924
2964
2961
3008
3117
3133
3176
3269
3346
3563
3611
3642
3648
3665
3703
3733
3800
3843
3895
3960
4003
4088
4167
4194
4281
4353
4403
4442
4482
4522
4586
4632
4664
4720
4780
4794
4832
4837
4847
4902
4943
5015
5082
5138
5201
5232
5289
5323
5324
5363
5417
5485
5518
5551
5540
5583
5611
5615
5669
5367
5405
5291
5348
5371
4874
4893
4397
4389
4388
4200
4202
3883
3899
3652
3632
3607
3190
3182
3021
3033
3054
2795
2803
2317
2340
2377
2116
2144
1839
1885
1644
1720
1742
1409
1422
1032
1045
1079
878
892
571
617
520
606
1023
626
695
670
718
1019
638
882
613
605
500
564
1049
578
615
621
665
973
591
983
602
611
626
645
926
649
691
678
703
1017
611
828
585
621
531
619
842
635
1067
599
629
642
544
806
622
639
548
591
813
609
1042
610
628
693
596
957
600
625
652
646
1039
624
676
568
583
861
599
1005
581
625
741
572
811
597
623
536
608
839
595
966
601
628
695
714
1022
630
702
654
728
1060
663
880
626
685
556
635
970
610
627
670
722
1095
576
829
597
611
557
571
815
611
1040
575
589
697
586
793
563
599
540
562
976
627
645
599
631
992
620
804
590
608
555
598
879
580
866
651
700
573
599
995
644
659
672
676
978
644
906
605
616
634
652
1003
612
611
655
704
1062
607
818
589
636
585
598
972
619
652
656
701
1033
895
987
589
570
641
566
765
698
714
523
552
966
594
613
630
663
1024
562
976
575
575
660
607
852
606
650
528
573
846
594
991
548
738
810
763
1008
584
605
563
597
792
564
1005
591
603
654
694
1002
581
584
510
576
893
646
1028
587
608
643
587
847
593
612
511
548
1003
571
629
548
590
1023
614
1001
607
621
667
701
1020
601
638
513
587
930
622
1037
621
664
700
739
1038
601
672
545
599
955
596
636
619
674
1031
597
812
612
627
565
596
909
577
579
613
653
1031
576
856
584
621
585
625
936
621
632
651
686
993
567
792
587
604
553
611
1178
574
1152
601
625
653
672
985
595
615
654
710
989
620
879
598
598
649
624
1012
584
629
550
572
814
585
1011
589
629
676
574
863
595
628
541
598
1073
585
1114
594
603
679
573
837
590
604
530
560
1024
615
629
508
558
848
598
1022
611
652
685
714
1003
596
639
621
641
1030
602
1099
593
595
577
582
949
584
609
555
563
790
646
1085
1243
1306
1306
1353
1370
1317
1310
1125
1126
1138
751
799
743
808
1049
614
853
583
634
565
585
934
552
600
575
615
1108
611
973
589
634
674
693
1083
574
601
539
616
896
608
1018
631
636
684
610
843
611
629
512
594
894
597
1048
611
636
703
697
1019
616
637
565
623
837
592
1045
604
615
639
692
1063
604
681
521
582
859
604
1057
597
620
705
596
866
593
621
536
573
1000
600
634
629
638
1022
616
821
620
645
529
572
954
572
590
633
651
1029
592
815
602
652
512
569
805
565
950
609
643
568
571
742
590
1056
580
624
736
598
810
588
634
519
621
904
574
985
592
557
590
617
979
574
574
576
614
845
619
916
613
649
533
589
829
624
961
692
560
579
609
909
609
649
678
676
1036
587
803
598
630
507
575
880
596
845
585
651
498
597
889
608
911
601
613
509
576
844
589
1038
584
659
694
720
972
553
1060
623
607
671
728
1075
612
629
609
647
996
622
848
619
693
643
697
890
632
1045
597
646
672
729
1047
590
794
580
576
611
659
1042
638
882
605
649
591
635
1077
581
792
592
592
548
575
816
587
999
597
659
731
679
1004
609
625
651
670
1041
596
811
611
622
522
554
818
582
1092
599
643
776
594
846
580
604
533
609
862
570
1557
1349
1328
1293
1681
2031
2029
1835
906
1224
1214
833
863
865
887
838
911
947
890
897
887
905
883
858
899
8245
672
766
676
648
653
679
782
829
868
965
1026
986
1007
1053
1072
1103
1119
1146
1158
1222
1324
1350
1375
1191
1231
1267
1322
1404
1465
1522
1655
1639
1706
1719
1729
1776
1839
1883
1944
1958
1970
2002
2028
2037
2054
2067
2112
2130
2171
2190
2217
2255
2304
2374
2443
2432
2439
2457
2480
2523
2574
2616
2696
2672
2678
2701
2717
2752
2808
2861
2930
2943
2926
2950
3000
3063
3138
3172
3221
3227
3257
3354
3399
3451
3533
3568
3597
3629
3690
3734
3770
3831
3876
3916
3980
4045
4079
4117
4149
