6427
6508
6524
6545
6597
6634
6747
6803
6858
6896
5277
4802
4802
6513
1582
1606
6908
1919
1969
1887
1861
1080
964
732
919
988
577
650
691
767
2110
688
2017
646
629
640
1206
760
674
687
736
728
771
812
855
884
888
941
1002
1087
1185
1264
1311
1358
1384
1423
1670
1752
1814
1840
1862
1513
1518
1473
1562
1625
1625
1598
1626
1657
2554
2616
2662
2746
2824
2855
2869
2931
2913
2896
2920
2919
2944
3008
3228
3331
3393
3380
3404
3450
3440
3500
3492
3440
3474
3507
3535
3618
3662
3718
3778
3783
3785
3797
3858
3874
3888
3924
3968
4010
4059
4092
4130
4164
4162
4223
4220
4240
4252
4309
4340
4347
4337
4404
4413
4445
4484
4543
4573
4606
4612
4704
4717
4740
4791
4830
4891
4944
4992
5055
5082
5088
5127
5140
5169
5232
5304
5350
5410
5493
5560
5612
5662
5706
5770
5817
5853
5879
5896
5922
5913
5921
5940
5958
5950
5958
5970
5989
6046
6096
6131
6175
6233
6235
6248
6248
6279
6336
6360
6402
6453
6484
6518
6553
6585
6621
6661
6716
6759
6782
6789
6819
6850
6884
6919
6961
6991
7031
7054
7097
7103
7095
7092
7171
7211
7278
7297
7388
7461
7398
7397
7158
7199
7280
6860
6935
6853
6890
6921
6453
6464
6134
6171
5993
6007
6042
5743
5735
5305
5293
5341
5214
5208
4950
4972
4706
4741
4781
4351
4365
4363
4383
4388
4046
4073
3617
3600
3614
3619
3658
3182
3178
2845
2852
2710
2761
2817
2523
2556
2104
2129
2146
2179
2152
1845
1927
1406
1446
1441
1440
1498
1038
1060
1104
1085
1141
698
835
601
665
501
568
939
562
992
586
600
629
610
929
570
644
628
696
1040
569
802
555
576
489
578
1052
598
606
662
722
1013
585
893
570
593
557
585
968
582
609
618
644
974
611
832
595
600
568
592
764
609
1049
585
598
742
570
784
600
624
560
596
752
563
850
579
667
502
546
828
593
1104
597
599
633
632
952
596
626
648
682
797
585
999
626
687
717
790
944
601
1042
609
617
649
682
959
607
856
606
617
543
611
824
616
1059
562
563
573
580
956
594
655
679
716
858
593
998
606
629
640
644
968
596
819
592
621
570
580
781
576
841
609
670
519
635
951
600
970
580
666
697
640
1049
597
607
608
657
890
599
801
587
608
557
581
994
577
788
591
618
544
607
849
613
1000
601
624
667
741
1058
592
613
559
598
828
631
985
598
618
642
682
903
580
800
598
631
565
651
808
631
851
630
650
547
550
825
577
936
600
609
613
671
772
624
948
601
641
685
705
990
651
711
751
814
999
597
874
574
627
543
597
824
590
830
589
642
580
571
786
581
829
601
633
564
603
779
582
910
603
668
730
773
814
600
994
618
673
734
759
1036
589
655
673
719
847
589
990
591
610
669
673
887
590
796
593
643
549
572
754
600
1027
559
587
650
697
947
547
621
665
705
906
591
958
589
634
549
551
797
568
762
571
602
541
573
890
547
564
609
678
999
528
943
540
571
677
559
948
557
578
611
542
1039
566
637
659
673
827
604
610
682
717
911
586
631
555
578
936
587
662
531
617
998
600
659
689
752
1018
576
922
595
652
690
571
1015
589
627
647
566
929
580
644
738
603
918
603
668
713
735
1008
604
648
522
641
973
589
661
675
666
962
589
785
605
642
580
635
782
606
995
589
621
663
602
845
643
665
530
614
945
622
675
691
725
983
604
900
604
600
629
671
964
609
636
660
733
1021
591
924
605
641
693
546
780
564
596
553
630
964
561
568
575
606
933
603
944
583
575
657
589
835
582
600
556
543
885
633
676
543
539
776
605
961
564
604
707
590
784
613
666
521
583
803
603
985
600
619
643
552
770
603
651
536
620
964
611
656
686
732
993
594
814
602
653
526
585
902
578
656
618
685
960
594
949
618
643
692
733
991
639
672
710
748
973
602
819
607
663
532
583
809
644
1015
613
634
683
605
698
617
652
680
710
736
619
998
593
620
622
537
889
611
692
693
557
857
609
644
546
582
818
578
951
563
556
661
568
802
597
658
506
591
794
570
1049
598
607
647
687
4105
623
635
639
694
753
822
870
920
956
994
1059
1097
1156
1214
1287
1369
1428
1474
1539
1589
1639
1695
1742
1785
1831
1897
1618
1666
1705
1564
1571
1243
1258
1124
1118
1142
804
806
831
867
986
607
807
598
654
557
604
803
605
887
647
698
586
654
964
653
679
705
723
956
618
919
602
620
652
686
954
631
678
731
785
990
604
806
603
653
979
1564
2987
1357
1311
870
1954
1981
2045
2041
848
1568
1580
1615
938
974
976
1035
1050
1098
1163
1181
1160
867
914
800
861
1894
674
638
661
737
794
1214
619
643
699
726
754
737
786
773
759
808
828
855
944
973
966
1047
1063
1069
1111
1165
1174
1266
1274
1333
1324
1345
1406
1471
1484
1550
1637
1720
1780
1791
1704
1744
1808
1881
1941
2016
1972
2003
2024
2079
2115
2152
2169
2241
2294
2395
2429
2482
2497
2560
2560
2517
2568
2603
2709
2807
2861
2879
2906
2970
3007
3033
3080
3149
3236
