6510
6591
6614
6657
6752
6847
6887
6951
6974
6719
5278
4776
4799
4811
4782
4791
4760
4660
1842
1810
1819
6265
938
918
979
1008
3697
1344
1508
1439
1386
1958
1677
1567
3432
1401
1634
851
771
759
737
785
762
759
780
706
962
560
496
819
1587
1076
2893
1293
3622
1114
982
1355
618
595
614
680
625
654
542
572
640
681
739
745
776
785
810
908
636
631
668
715
762
1679
864
1305
1777
1069
1046
938
883
850
856
905
1780
1052
1001
671
672
694
665
704
703
577
596
624
704
725
784
829
907
960
1020
1073
1110
1166
1218
1266
1297
1382
1436
1540
1584
1630
1643
1644
1673
1708
1726
1742
1746
1798
1841
1867
1952
1913
1942
2010
2019
2050
2101
2135
2234
2322
2404
2478
2497
2533
2537
2586
2645
2716
2767
2829
2805
2841
2876
2940
2990
3050
3103
3178
3196
3228
3262
3284
3336
3408
3408
3454
3431
3364
3425
3484
3400
3503
2925
2972
2882
2927
2965
2577
2525
2028
2026
2028
2060
2070
1722
1760
1286
1290
1319
1338
1398
1028
1125
600
649
648
651
962
612
1014
605
681
589
680
1050
590
887
618
674
615
659
1039
609
844
608
664
595
646
902
609
1027
614
643
605
640
1010
587
903
1256
614
621
644
620
631
611
576
645
573
580
1192
639
861
657
696
584
652
1053
642
839
635
671
648
692
1043
594
858
623
680
592
620
1036
614
1030
598
628
679
728
883
580
965
623
1141
632
674
750
693
1145
602
633
622
668
915
615
1037
628
666
652
703
1120
597
835
601
608
565
596
850
609
892
609
646
545
608
878
623
1021
627
651
560
586
792
556
1037
616
611
633
640
862
575
1063
598
601
634
644
1046
638
665
636
673
904
601
1235
669
693
707
745
1031
588
861
627
654
564
617
802
587
987
611
643
573
603
885
626
1119
622
672
708
702
933
638
1044
631
691
725
581
983
593
1040
612
656
689
644
1062
589
628
610
660
1069
558
814
557
624
505
583
1088
599
865
584
609
548
577
1032
563
975
597
588
588
625
909
624
1148
628
678
699
659
1059
605
638
551
562
1017
609
661
551
614
986
608
639
564
589
880
627
1040
613
632
741
564
802
589
635
530
590
1078
596
681
641
610
985
575
970
557
575
614
649
1041
569
594
572
605
1100
628
778
609
656
545
619
985
617
641
566
612
1326
651
672
588
601
755
639
741
635
685
569
666
931
659
1132
617
709
732
645
1135
640
678
548
608
866
625
1124
622
674
733
559
1036
689
610
669
727
1031
605
823
579
666
506
593
931
618
896
630
673
545
624
837
634
1014
624
654
754
601
869
596
645
546
625
856
595
893
608
637
564
587
1007
565
592
540
639
1436
3437
4604
4466
1460
1437
1135
1014
1358
1270
825
763
764
769
801
811
825
893
925
1370
625
679
680
732
806
829
875
864
949
961
969
981
1005
1073
635
689
699
743
818
820
844
903
920
898
873
902
938
999
1033
1113
1144
1205
1249
1257
1263
1268
1264
1315
681
614
618
629
1518
612
645
675
712
785
837
935
1008
1022
1047
677
985
664
710
561
656
1133
645
722
541
1346
1416
837
905
627
642
611
626
661
630
779
704
701
1060
593
1015
619
633
646
599
1141
691
623
1315
614
661
715
749
1859
807
766
807
908
983
1002
1009
1066
1093
1066
1127
582
602
579
614
934
614
1027
581
633
608
704
762
723
1993
1278
1264
1348
1360
1375
1016
1048
718
706
865
637
979
598
639
752
717
1237
603
1635
934
1003
1057
1021
1108
574
640
662
667
694
719
746
779
781
863
603
1078
640
711
722
628
1039
718
600
1098
641
716
718
943
614
1393
615
621
641
668
756
845
830
1148
585
811
591
630
517
591
1093
618
633
526
1204
661
607
850
674
1041
644
680
784
633
1085
653
688
863
644
880
626
640
542
633
863
599
1274
619
665
633
672
693
786
825
1342
646
649
668
772
610
706
559
592
861
606
1149
701
726
791
738
1145
649
825
524
1046
855
544
671
774
587
1332
575
1369
596
5813
1173
2168
1083
1536
718
635
633
617
583
628
640
5946
747
694
876
822
775
736
759
722
727
973
727
733
747
742
709
794
813
760
866
778
767
765
746
769
749
770
711
760
757
735
728
750
741
776
1186
1602
2940
2957
3058
3104
1197
1437
1796
2186
3226
3200
3194
3220
860
1340
1272
2260
633
2053
806
604
682
645
621
614
645
644
624
638
687
746
704
721
731
774
791
807
854
852
862
881
907
616
648
665
1703
980
913
895
907
912
890
920
896
913
977
1073
1112
1126
1146
1175
1184
1212
1250
1304
1298
1335
1314
1391
1394
1448
3928
5598
5121
5047
5029
5033
3194
3001
2986
2950
2952
2932
2939
2922
2878
2893
2933
2897
2924
2948
2930
2943
3003
3039
2180
7388
850
621
616
639
680
719
796
784
796
831
843
876
934
980
1266
639
668
750
600
663
665
688
717
767
845
903
982
1019
1017
1043
1093
1129
1175
1266
1265
1290
1275
1284
1310
1282
1293
1337
1378
1381
1470
827
630
660
713
697
724
750
753
775
791
845
829
