5357
5386
5435
5450
5443
5533
5597
3291
2919
3554
5964
772
741
757
764
720
728
739
762
715
718
867
850
1060
858
878
776
763
1035
944
663
656
710
655
638
690
664
692
700
758
752
1460
637
621
671
671
696
711
785
709
764
865
909
980
968
917
969
955
954
1045
1100
1109
1070
1142
1231
1276
1309
1379
1400
1725
1749
1219
1137
1159
1038
1027
1060
1033
982
1052
1111
1137
1152
1272
1370
1400
1177
1247
1306
1352
1416
1498
1475
1524
1523
1584
1619
1668
1747
1832
1911
1969
2046
2094
2146
2193
2245
2310
2377
2437
2530
2578
2642
2696
2770
2823
2921
3022
3035
3093
3095
3154
3237
3276
3356
3431
3505
3558
3532
3604
3650
3685
3734
3793
3872
3906
3943
4000
4039
4084
4146
4209
4265
4290
4345
4389
4453
4461
4525
4566
4586
4670
4727
4773
4807
4845
4909
4955
4997
5051
5083
5101
5121
5172
5259
5333
5326
5404
5436
5504
5537
5550
5548
5583
5667
5734
5782
5816
5826
5826
5848
5850
5898
5934
5975
5978
5994
6023
6059
6068
6097
6150
6173
6198
6234
6257
6315
6344
6401
6465
6535
6572
6614
6680
6719
6776
6806
6824
6894
6933
6969
7020
7062
7116
6886
6916
6712
6757
6805
6395
6390
6370
6372
6394
5944
5924
5538
5539
5526
5526
5540
5226
5212
5269
5319
5314
4876
4870
4654
4691
4490
4517
4548
4115
4131
4122
4145
4150
3752
3740
3354
3343
3332
3205
3205
2906
2887
2723
2728
2760
2420
2455
2417
2446
2461
1994
1999
1585
1587
1566
1493
1516
1296
1351
1225
1204
1251
1010
1021
626
665
754
702
978
610
607
589
641
841
591
987
594
680
762
752
999
598
645
497
569
865
626
980
604
638
657
599
794
609
655
533
579
948
622
681
631
672
986
605
995
605
630
676
696
936
591
631
493
558
856
622
984
651
663
695
709
927
598
605
557
577
971
612
571
597
648
963
584
787
581
598
557
613
933
599
626
671
703
965
592
838
602
664
505
987
594
643
707
768
852
991
587
841
588
667
492
539
1190
584
1104
616
673
740
797
1048
610
695
688
693
944
666
948
595
624
674
621
978
587
594
569
595
779
614
1077
621
653
673
614
822
610
654
501
575
1128
590
1079
602
609
619
584
790
596
643
545
575
932
626
659
564
575
789
589
1004
593
626
666
690
888
598
674
671
774
1093
573
855
586
621
655
697
946
577
619
552
649
824
634
1014
602
621
662
702
1012
591
612
560
579
893
588
583
592
636
930
609
801
597
613
534
604
929
599
640
682
713
1037
598
889
595
627
625
621
924
577
592
530
604
851
613
981
628
662
673
631
794
613
569
540
576
805
597
973
592
618
697
717
942
602
625
580
637
843
585
1018
600
617
670
701
969
619
640
551
574
763
594
1011
554
556
650
576
854
615
626
527
574
931
600
621
636
677
964
611
816
605
645
555
573
901
578
591
647
688
960
593
774
599
624
558
604
772
590
869
599
635
545
612
802
622
961
620
627
692
616
791
598
643
521
566
938
601
1004
563
615
618
633
904
569
625
499
600
808
602
847
592
650
555
588
797
617
959
582
665
697
712
949
568
604
637
673
980
527
797
561
608
511
557
808
582
861
611
659
564
580
788
601
879
579
609
533
588
808
588
953
582
610
613
633
624
563
1066
595
655
689
668
970
586
648
641
663
974
597
793
581
642
655
729
876
618
1010
592
631
632
678
912
581
788
583
645
610
637
927
587
770
587
609
588
632
947
580
839
593
607
527
572
786
567
1002
592
633
704
675
901
594
647
637
678
985
548
843
639
662
521
547
777
572
1097
594
619
682
565
820
583
628
541
614
807
583
965
604
624
653
670
977
609
658
710
743
1021
593
805
603
653
561
604
739
597
973
603
662
732
704
991
602
670
669
692
974
600
803
619
664
584
603
827
584
960
607
664
648
687
965
604
625
652
705
951
596
802
587
618
585
625
772
564
968
598
624
657
676
829
586
943
588
635
651
690
993
575
575
620
660
912
564
796
588
607
566
597
792
570
860
596
627
523
563
902
573
582
609
651
972
562
739
578
625
512
594
842
595
855
579
606
569
574
781
583
959
601
626
669
702
973
581
587
614
639
880
593
956
594
603
506
554
834
584
816
610
649
563
583
818
613
946
589
639
679
695
961
586
597
600
584
857
542
813
560
594
654
721
980
576
897
560
555
671
596
920
600
626
657
587
835
581
616
513
591
914
967
990
600
608
611
625
668
712
771
814
1688
971
1176
946
910
771
17408
4114
680
599
618
2190
628
656
637
5782
1098
642
1189
639
1150
736
713
692
702
1358
639
657
692
728
771
802
935
953
998
1049
1094
1162
1121
1127
1130
888
974
1025
1048
1089
1124
1145
1146
1178
1187
1188
1246
1277
1350
1422
1447
1494
1511
1532
1590
1645
1701
1739
1788
1831
1879
1893
1897
1950
1995
2104
2167
2254
2334
2309
2330
2341
2383
2388
2429
2512
2586
2670
2744
2836
2904
2933
2995
3042
3120
3161
3223
3260
3293
