6082
6197
6254
6313
6372
6375
6390
6433
6512
4710
5916
1305
875
1287
1278
866
1642
1497
1553
832
1281
1342
871
868
2249
1138
2096
1188
1217
2329
1904
1522
1454
1503
628
597
663
880
696
761
761
780
849
858
910
992
1061
1294
871
918
963
1035
1085
1747
1608
1560
1554
1154
1150
1025
1127
1204
1223
1268
1136
1036
1069
1138
1228
1281
1273
1315
1352
1399
1453
1547
1599
1640
1699
1751
1046
1054
1108
1115
1168
1200
1210
1179
1216
1232
1285
1341
1409
1484
1516
1343
1394
1426
1426
1452
1477
1501
1551
1566
1617
1675
1699
1721
1731
1777
1801
1839
1912
1968
2040
2112
2152
2208
2269
2312
2382
2414
2427
2435
2438
2450
2500
2545
2568
2612
2630
2681
2670
2694
2711
2790
2833
2863
2908
2939
2995
2992
3014
3064
3130
3195
3263
3310
3320
3358
3415
3480
3524
3572
3620
3681
3721
3766
3833
3902
3982
4020
4061
4066
4124
4175
4207
4246
4289
4346
4378
4437
4528
4617
4659
4712
4742
4777
4573
4607
4636
4694
4749
4772
4802
4831
4876
4930
4983
5057
5145
5225
5257
5305
5373
5462
5529
5561
5597
5599
5642
5701
5777
5827
5901
5983
6028
6056
6095
6213
6282
6398
6444
6467
6453
6417
6457
6446
6527
6602
6644
6686
6668
6684
6704
6755
6806
6487
6541
6168
6190
6070
6081
6134
5622
5675
5395
5409
5146
5191
5281
5002
5017
4586
4617
4627
4585
4635
4040
4113
4071
4103
4115
3842
3864
3424
3452
3365
3409
3445
3181
3226
2717
2736
2706
2710
2736
2268
2295
2011
1989
1976
1998
2037
1553
1551
1312
1347
1373
1381
1395
953
976
725
758
605
608
805
571
849
588
619
542
580
824
555
934
592
648
713
688
1007
591
673
612
650
921
595
1034
633
690
639
666
1007
599
803
611
682
545
607
831
608
984
633
655
714
684
943
634
1025
612
660
706
710
907
603
1027
602
606
630
616
960
606
596
646
701
1030
589
795
611
668
530
595
818
580
919
600
632
563
628
826
625
1031
600
609
615
625
787
601
975
589
610
646
682
1045
615
608
651
667
826
606
972
616
643
673
690
820
579
947
616
638
661
664
972
590
836
613
640
554
633
834
608
919
599
647
541
623
896
652
849
604
752
556
594
843
618
858
612
637
547
624
825
601
1064
627
631
671
682
833
615
977
632
659
698
740
1012
603
623
676
695
881
581
985
611
658
656
695
974
574
771
592
626
139854
652
866
623
633
618
653
1086
911
607
603
612
796
599
1082
584
593
726
584
930
555
674
726
746
991
597
670
570
577
867
597
963
607
691
828
586
837
611
627
559
599
813
620
1017
605
649
721
606
902
609
627
562
593
802
609
974
584
616
640
587
794
584
619
543
607
858
640
984
590
616
611
618
877
618
696
742
804
1001
631
800
619
683
539
597
810
644
963
609
620
650
601
848
601
611
559
588
917
572
623
594
612
860
597
926
613
661
671
689
899
588
612
657
671
916
590
899
594
620
650
543
784
605
645
505
614
949
641
707
668
698
1004
588
789
603
627
566
651
785
620
963
602
652
721
770
1069
647
584
529
582
798
572
989
574
587
660
563
772
595
661
508
572
951
572
620
612
684
1012
575
795
569
621
544
600
897
571
602
639
681
992
583
900
583
594
653
565
845
554
587
541
606
870
627
975
614
650
698
741
940
591
608
622
676
2281
1414
1731
1684
1137
1019
962
554
1048
1068
1153
1074
1043
1042
1135
598
688
700
728
779
843
920
942
971
1011
1046
5786
1297
1121
643
651
689
618
610
684
734
782
823
942
1058
1057
1108
1288
1367
1415
1621
1666
1643
1664
1646
1642
1674
1804
1910
1939
1953
2019
2051
2089
2117
2172
2209
2253
2322
2292
2349
2364
2435
2507
2610
2662
2751
2789
2842
2895
2966
3001
3035
3075
3106
3148
3211
3286
3325
3395
3465
3511
3543
3552
3602
3772
3817
3864
3853
3903
3912
3958
4001
4016
4048
4067
4074
4092
4114
4154
4227
4270
4314
4321
4379
4456
4511
4581
4618
4657
4625
4628
4625
4668
4692
4758
4744
4814
4828
4656
4701
4306
4359
4379
4253
4279
3833
3855
3858
3928
3968
3512
3501
3124
3132
3151
3186
3198
2808
2830
2703
2727
2772
2482
2505
2098
2102
2119
2120
2112
1686
1729
1571
1641
1686
1252
1262
1286
1273
1359
927
1038
595
667
735
665
994
595
614
543
604
794
599
995
593
635
642
558
828
612
664
556
596
892
596
661
539
644
826
603
995
590
666
794
615
839
619
633
542
611
935
596
625
648
691
946
570
922
586
622
714
575
810
580
613
525
578
918
596
622
645
670
968
612
905
623
618
632
660
978
567
603
584
607
808
592
970
605
659
672
703
994
596
632
530
600
811
580
948
607
682
726
600
861
603
671
548
619
844
596
961
576
585
700
573
836
620
667
530
590
947
587
609
529
594
811
594
1008
557
558
606
590
884
568
627
527
590
799
591
1004
611
637
718
591
796
593
645
561
614
845
600
988
608
678
767
602
819
600
623
503
587
913
562
631
555
603
1075
592
932
569
646
701
668
1053
584
594
604
628
839
619
802
595
605
616
634
961
600
816
593
613
528
