5776
6137
6170
6196
6264
6320
6347
6379
6014
4780
4759
6187
8816
2238
2038
2058
2018
1989
1906
1046
658
662
710
705
718
613
579
599
623
656
685
716
758
1339
665
700
725
766
828
811
842
834
881
942
956
1003
1028
1048
1089
1015
1064
1132
1142
1130
1175
1171
1222
1213
1240
1287
1313
1370
1204
1543
642
633
681
673
670
702
718
752
795
880
924
968
1040
1084
1082
1093
1145
1198
1247
1264
1279
1315
1346
1363
1378
1445
1419
1444
1454
1512
1539
1593
1619
1661
1675
1692
1678
1716
1778
1836
1887
1941
1950
1979
2015
2040
2106
2177
2234
2304
2342
2394
2442
2495
2546
2613
2712
2757
2808
2830
2866
2938
2995
3072
3141
3185
3222
3270
3333
3370
3402
3450
3493
3570
3632
3670
3721
3743
3773
3793
3836
3873
3869
3896
3939
3995
4023
4084
4137
4240
4319
4420
4488
4569
4631
4663
4733
4774
4807
4844
4862
4899
4932
4999
5025
5098
5182
5244
5308
5376
5401
5431
5485
5529
5594
5665
5720
5751
5817
5859
5907
5956
6017
6051
6106
6117
6148
6154
6161
6158
6185
6205
6206
6211
6242
6264
6274
6295
6319
6338
6315
6316
6337
6375
6397
6408
6403
6352
6351
6376
6416
6410
5966
6008
5736
5755
5504
5522
5551
5268
5321
4995
5006
4806
4807
4810
4634
4696
4218
4231
4227
4070
4101
3818
3785
3650
3658
3670
3397
3400
2970
2992
3011
3051
3091
2600
2602
2436
2421
2480
2238
2277
1944
1964
1741
1762
1783
1585
1614
1206
1234
1243
1216
1267
900
933
933
951
1013
548
811
591
594
548
574
825
642
814
603
630
544
580
759
591
838
563
643
507
578
805
566
961
590
600
633
692
829
580
983
598
611
661
676
941
572
630
666
716
1036
604
754
606
649
688
762
881
602
1002
605
614
629
688
943
580
818
584
634
655
729
1057
590
790
588
603
604
610
905
604
787
620
633
550
561
770
614
986
616
634
678
720
986
592
594
593
619
931
578
827
628
644
563
586
791
580
1093
597
624
639
568
798
581
614
525
611
817
583
989
596
617
650
683
1000
609
678
683
729
988
582
745
610
674
560
587
740
603
1073
623
630
668
717
939
613
647
670
678
983
599
820
612
683
561
598
819
584
992
618
612
619
655
899
580
610
645
690
990
596
790
598
646
560
634
784
584
1004
586
629
617
652
830
592
972
612
649
664
696
976
595
659
692
688
943
574
832
618
645
554
632
792
581
866
587
660
527
578
926
576
594
638
669
950
582
773
582
605
562
583
809
572
806
581
623
550
579
782
601
935
615
667
691
708
949
585
625
666
717
892
611
996
589
635
555
570
796
626
855
634
653
572
582
803
598
901
592
665
709
720
953
600
695
674
703
980
592
831
586
615
665
698
966
595
921
580
600
642
578
920
582
599
626
563
825
587
630
514
599
983
595
642
505
557
937
612
711
692
718
971
631
958
620
636
662
600
820
623
649
581
636
923
593
664
684
751
1098
595
886
590
635
649
612
799
586
601
538
614
955
575
597
516
562
966
595
648
672
692
988
621
925
611
623
665
694
943
594
614
537
615
802
590
994
576
618
673
553
784
579
615
525
581
809
585
983
604
643
756
600
809
608
645
538
589
918
594
603
619
676
962
656
871
612
624
534
597
804
607
1050
645
695
720
750
1033
609
644
685
742
993
585
778
593
628
558
568
769
646
1001
586
602
635
661
908
605
615
536
617
874
607
1008
616
640
655
678
848
613
660
581
610
812
587
982
570
605
666
711
976
589
646
554
601
796
597
1013
593
663
697
612
812
617
658
489
579
837
581
995
610
623
653
633
861
595
626
519
591
793
609
975
576
668
719
726
981
622
667
550
572
840
611
957
622
685
716
741
557
609
633
640
666
698
618
1018
603
665
722
780
1044
593
636
644
690
987
631
816
613
630
561
607
961
601
642
676
705
982
623
783
595
604
550
623
778
635
997
626
691
715
708
994
619
625
629
670
851
605
792
605
666
533
556
741
575
908
652
695
564
612
921
614
626
699
740
988
615
816
615
690
513
619
822
599
1024
655
685
725
743
990
597
622
666
713
910
581
943
600
607
637
650
923
613
638
563
583
786
640
985
613
651
661
612
812
575
653
520
567
1230
598
658
715
767
799
639
989
590
644
725
597
854
578
596
509
578
929
594
656
630
691
983
592
953
590
662
686
646
960
590
673
666
714
1023
600
865
578
596
682
586
818
558
581
508
586
1060
1936
1562
1211
3262
2119
2372
2332
2315
2343
897
1610
1570
1562
855
1252
1255
4598
988
927
1787
639
629
709
803
821
847
744
810
841
886
957
1040
1085
1130
1203
1259
1351
1450
1510
1561
1656
1729
1266
1291
1378
1495
1527
1646
1710
1791
1790
1842
1847
1872
1911
1987
2068
2106
2136
2022
2112
2205
2201
2215
2209
2248
2286
2336
2375
2435
2451
2453
2470
2494
2523
2561
2618
2653
2677
2728
2763
2838
2898
2923
2924
2934
2965
2982
3020
3081
3177
3285
3374
3457
3497
3505
3526
3564
3632
