4460
4841
4879
4970
5022
5083
3210
2979
3035
3109
14189
14258
14232
14083
14117
14173
14096
14065
14003
13917
13854
13753
13632
13521
13471
13413
13393
13330
13285
13246
13204
13030
12866
12741
12669
12577
12417
12256
12096
11909
11737
11632
11515
11428
11342
10465
10408
10418
10386
10408
10503
10568
10706
10778
10781
10838
10862
10911
10933
9903
9804
9058
9067
9100
9130
9133
9066
9048
9078
9087
9631
9527
9531
9515
9548
9561
9643
9825
9905
9997
10043
10133
10154
10214
10309
10371
10497
10369
9989
10004
9204
9204
9237
8973
8974
8961
8915
8833
8840
8851
8797
8795
8835
8852
8874
8867
8885
8968
8979
8973
9019
9057
9081
9142
9173
9161
9178
9251
9284
9348
9365
9404
9451
9508
9559
9632
9672
9710
9745
9792
9882
9942
10006
10066
10092
10110
10133
10189
10295
10348
10433
10485
10529
10544
10622
10665
10688
10754
10817
10843
10890
10902
10950
10988
10997
11078
11138
11228
11272
11334
11372
11179
11201
10791
10805
10798
10690
10737
10416
10504
10247
10250
10241
9882
9852
9843
9845
9866
9507
9539
9312
9263
9141
9150
9176
8871
8885
8631
8636
8519
8496
8502
8159
8145
8141
8123
8081
7712
7715
7368
7359
7346
7341
7351
6955
6967
7017
7042
7073
6647
6591
6355
6357
6205
6208
6230
5850
5840
5821
5838
5842
5492
5494
5070
5044
5036
4918
4915
4656
4650
4423
4448
4455
4052
4051
4057
4078
4120
3671
3670
3254
3301
3298
3173
3231
2957
2984
2762
2784
2870
2614
2650
2161
2132
2146
2165
2163
1813
1845
1674
1736
1741
1461
1485
1059
1080
1127
1098
1141
714
737
581
622
823
642
1004
599
603
629
569
771
636
627
553
590
971
623
673
683
699
967
602
933
602
671
717
714
1047
587
607
532
579
832
628
990
621
665
719
706
932
600
633
524
572
946
597
668
648
635
961
605
794
601
597
570
621
948
594
611
671
703
990
605
871
614
649
553
615
914
617
683
657
710
923
582
740
589
586
555
565
1067
562
1206
600
614
618
638
840
595
642
692
749
978
628
877
584
580
592
598
871
554
602
526
558
824
585
934
631
684
693
576
808
600
654
521
572
1052
585
1060
603
654
717
592
795
600
626
549
569
950
609
647
551
578
826
596
981
609
638
686
715
980
616
607
659
706
996
582
896
572
621
696
730
1092
582
589
531
545
781
618
1099
615
665
686
717
910
615
656
533
631
973
577
574
601
643
987
608
805
572
599
555
603
923
573
601
629
681
1009
614
938
603
656
707
669
1001
578
605
547
610
836
608
976
627
647
682
635
805
617
644
511
586
812
606
1037
606
665
729
769
1031
607
644
531
626
818
583
1070
587
617
676
724
987
608
686
542
592
791
576
993
601
631
669
565
787
607
650
542
571
927
586
594
597
643
943
596
753
574
624
528
580
928
601
658
634
671
1044
594
791
602
627
542
609
792
593
862
620
650
542
627
820
596
962
563
564
685
602
771
582
593
562
586
843
589
992
564
578
582
603
849
586
623
554
615
787
635
890
612
645
564
611
834
647
974
602
617
634
642
899
605
659
665
719
1328
582
601
620
655
660
686
764
612
856
615
633
536
588
781
616
904
626
681
570
556
796
584
934
571
585
618
686
778
542
944
573
614
666
689
1051
603
631
651
680
965
601
784
591
658
636
757
890
584
959
576
587
590
607
860
572
813
606
618
613
678
910
591
801
583
616
602
650
972
819
606
626
660
525
578
828
607
963
613
630
663
696
951
607
646
671
730
985
586
820
636
665
563
551
796
581
1035
603
641
727
578
761
563
568
550
617
804
567
965
591
611
648
687
983
595
599
636
671
979
586
790
600
623
545
625
802
610
1002
584
603
627
688
935
582
581
608
639
955
580
801
598
646
485
546
871
579
991
609
700
712
729
1031
601
671
667
713
1021
619
813
585
619
514
614
872
577
959
604
629
663
675
850
578
955
600
608
634
661
906
580
609
659
698
980
608
805
608
635
578
622
807
597
858
598
633
503
558
994
607
632
633
678
936
578
784
605
630
537
591
833
634
856
609
633
540
579
801
596
1016
663
649
644
648
942
595
631
670
660
841
596
970
600
658
549
581
795
613
858
626
658
543
596
838
628
935
596
658
680
693
1004
605
525
570
585
745
558
880
840
603
671
740
803
592
958
573
628
728
589
1006
601
644
694
569
841
574
655
546
598
907
567
641
539
566
912
587
641
648
727
1039
592
950
589
631
728
576
806
600
635
875
907
948
608
652
655
701
1009
563
985
575
617
638
558
802
583
619
516
599
909
544
631
4793
1478
1358
1373
1077
1359
2073
1715
1741
902
1217
1278
858
893
846
866
805
1006
755
743
722
742
749
709
738
712
714
737
743
750
737
741
700
1044
730
724
727
733
742
1623
755
711
732
773
732
729
704
754
849
6487
1113
784
1024
1302
1477
2037
2647
2583
2514
2515
2678
687
629
687
693
763
834
869
900
849
888
925
950
979
1019
1926
1959
1956
1986
2015
2048
2175
2168
2149
2149
2314
2277
2319
2349
2299
2310
