5202
5273
3893
3921
1944
1755
1088
1080
1122
3118
2970
3028
1648
1639
2135
1614
1633
1554
883
1242
1250
877
877
876
891
866
892
4307
1269
1205
1037
989
1013
1083
1093
1336
1349
1697
1702
1427
1374
964
710
728
747
781
858
1289
679
680
752
779
797
821
891
863
572
912
645
653
722
606
596
600
614
648
677
712
746
778
808
888
937
910
971
999
594
593
649
740
793
735
848
919
932
1116
1183
1262
1374
1483
1322
1336
1381
1387
1401
1411
1435
1516
1589
1638
1671
1727
1754
1765
1772
1796
1860
1909
1960
2025
2079
2133
2166
2203
2239
2253
2307
2356
2430
2510
2622
2722
2798
2833
2862
2911
2979
3017
3095
3169
3218
3262
3364
3409
3457
3470
3484
3490
3539
3547
3566
3586
3619
3669
3788
3877
3949
3995
4081
4134
4239
4304
4427
4469
4525
4606
4634
4644
4653
4596
4581
4550
4524
4516
138237
640
802
617
640
671
683
917
602
633
576
579
826
579
965
579
579
718
556
985
608
674
699
754
1000
572
600
574
615
817
567
1035
613
666
755
574
813
595
617
549
608
830
593
976
597
617
697
605
858
592
622
536
589
784
597
965
568
589
665
586
748
567
596
561
617
843
615
1009
602
654
694
685
962
608
646
687
724
886
576
795
602
658
519
576
821
615
945
596
605
639
587
842
599
604
512
555
1021
600
639
674
666
920
603
906
601
631
648
671
878
639
659
643
675
1008
596
940
580
594
626
558
776
605
627
557
591
898
618
633
664
761
995
603
777
591
612
553
639
826
616
966
602
621
645
686
942
596
631
493
692
857
583
963
606
628
624
550
651
602
660
482
548
1052
574
594
615
654
941
600
775
607
636
552
629
906
608
623
665
698
1014
610
946
593
613
613
633
915
547
593
524
570
854
607
978
606
650
686
724
905
598
641
647
694
982
604
920
573
650
714
623
1001
590
616
558
598
953
605
642
684
701
960
605
913
590
618
632
675
1022
610
626
537
564
978
625
642
677
703
940
599
907
576
637
720
698
1033
603
668
522
569
1016
564
772
594
649
554
560
770
571
1309
622
665
776
587
744
600
656
562
601
774
585
950
595
653
681
699
1005
601
586
619
667
979
596
903
600
637
680
694
916
611
618
590
596
804
598
947
587
610
652
578
813
601
610
536
575
963
598
645
616
656
967
590
839
614
624
546
568
903
639
652
506
553
824
594
1057
627
663
690
606
931
612
631
641
708
1008
611
652
684
727
993
617
914
633
662
711
734
930
604
658
524
574
828
627
956
600
622
649
683
1018
606
629
568
577
949
592
586
593
597
840
602
1007
588
611
634
624
883
578
652
551
567
1112
944
961
546
556
670
574
783
570
589
510
588
941
571
627
501
611
800
567
968
554
600
629
571
807
575
587
556
564
906
578
592
580
596
901
603
907
564
613
710
595
787
576
634
502
584
1016
603
624
671
686
965
614
896
590
634
647
673
1000
590
614
541
598
816
589
990
621
696
754
721
1024
596
625
569
597
772
556
987
585
657
722
706
1010
597
676
562
661
870
586
971
552
613
678
538
915
616
645
542
599
923
600
642
542
612
827
593
997
624
633
672
711
1005
604
642
499
565
830
2156
1253
1411
2512
1393
1151
1286
10846
681
5662
1819
855
774
845
1712
1775
1777
1774
1799
1809
1827
1918
1931
1991
1997
2083
2243
2305
2421
2446
2507
2316
2340
2334
2329
2337
2365
2380
2395
2416
2460
2485
2513
2580
2636
2673
2749
2195
2212
2228
2251
2288
2303
2340
2366
2430
2484
2556
2611
2737
2807
2865
2749
2791
2747
2768
2812
2862
2895
2909
2943
2988
3026
3056
3081
3105
3116
3132
3150
3152
3153
3215
3294
3330
3348
3381
3388
3437
3478
3544
3570
3593
3688
3579
3621
3544
3515
3522
3541
3592
3609
3638
3635
3654
3677
3713
3766
3811
3853
3918
3972
4025
4044
4088
4133
4182
4226
4248
4291
4339
4338
4417
4444
4471
4508
4539
4615
4674
4700
4732
4755
4748
4796
4821
4869
4904
4900
4900
4936
4953
4968
4976
5018
5082
5138
5211
5261
5291
5331
5348
5397
5426
5455
5342
5365
5381
5397
5413
5444
5459
5503
5551
5568
5597
5615
5629
5641
5664
5700
5716
5771
5794
5830
5871
5925
5920
5936
5967
5990
6051
6083
6017
6063
5727
5701
5325
5353
5369
5141
5156
4826
4808
4706
4728
4729
4465
4479
4012
4023
4053
4040
4076
3558
3556
3584
3587
3595
3280
3306
2979
3005
2913
2899
2919
2494
2456
2207
2210
2051
2056
2026
1823
1856
1430
1466
1443
1495
1553
1030
1036
1092
1122
1181
756
895
608
645
499
563
817
621
887
609
649
542
583
807
618
964
592
620
666
697
1062
610
687
731
756
995
570
794
592
635
524
615
798
592
1007
599
613
632
570
796
603
639
606
654
961
601
830
579
622
562
608
809
596
1008
604
631
643
663
1003
642
712
703
760
893
646
1062
605
627
545
609
766
593
885
600
630
531
579
808
609
982
604
627
668
686
946
583
599
613
883
1050
594
834
584
574
585
600
896
598
877
611
641
566
573
757
588
1170
591
607
