7004
7292
7248
7292
6768
6779
6771
6823
6857
6243
6265
5977
6011
5827
5004
4977
4971
4898
4741
4596
4511
4385
4313
4067
3983
3887
3793
3714
3614
3531
3439
3359
3267
3180
3071
2980
2904
2637
2545
2474
2369
2268
2178
2103
2019
1958
1952
1883
3536
1427
4864
1495
1178
1375
639
613
615
609
658
701
779
852
910
952
981
1055
1151
1187
1055
733
986
606
684
582
1550
641
653
720
685
677
665
641
648
697
755
819
827
708
726
746
772
824
859
896
958
1019
1072
1109
1180
1199
1244
1323
1365
1421
923
986
1068
1136
1098
1138
1206
1232
1194
1231
1234
1233
1253
1303
1321
1320
1349
1375
1437
1452
1482
1500
1488
1498
1544
1539
1611
1623
1684
1700
1733
1703
1732
1757
1787
1865
1919
1916
1964
2009
2062
2100
2168
2199
2256
2284
2315
2375
2417
2463
2545
2603
2627
2679
2732
2833
2857
2918
2985
3048
3089
3098
3113
3115
3090
3130
3151
3113
3145
3079
3132
3166
3094
3113
2880
2919
2919
2650
2683
2384
2376
2118
2136
2152
1722
1738
1706
1748
1923
1355
1337
924
893
5699
962
988
1027
1084
1153
1185
1257
1293
1377
1394
1436
1477
1545
1617
1672
1636
1684
1720
1771
1837
1919
1988
2054
2091
2121
2147
2211
2283
2330
2355
2398
1808
1827
1591
1662
1762
1285
1337
1236
1218
1267
804
1096
608
663
710
697
1057
597
678
540
601
832
555
1060
606
625
650
703
1096
576
606
534
589
823
585
1032
607
664
794
602
972
624
680
753
638
1035
581
619
542
610
835
563
1019
563
607
726
597
839
582
602
561
578
831
609
1065
588
589
672
625
979
598
663
664
658
1114
619
660
509
550
848
597
1082
604
632
671
672
928
577
643
621
682
1048
599
1036
583
570
563
558
942
633
659
521
576
860
608
979
586
623
756
605
846
619
688
562
589
799
613
995
588
646
764
573
885
614
633
603
612
820
626
1012
612
711
733
704
1007
603
662
551
621
914
592
993
577
606
655
694
996
613
641
645
696
1037
606
1009
605
643
741
591
829
605
647
511
607
1072
594
627
511
567
868
606
973
631
675
510
558
839
595
1048
596
683
797
556
884
635
646
532
571
890
633
1020
595
656
684
722
1140
613
643
679
700
991
629
905
614
687
511
583
887
632
991
572
626
740
606
892
584
624
537
586
817
592
1029
590
656
683
559
995
590
640
557
594
816
602
1093
632
683
716
755
1052
603
677
596
643
1034
623
867
592
652
850
897
944
685
1102
578
579
673
607
856
601
623
563
607
787
591
1047
615
633
714
620
870
618
651
515
604
858
586
1044
629
672
694
732
1011
617
691
555
584
795
580
1003
574
631
744
582
818
594
625
580
632
854
606
1045
579
602
607
655
984
615
664
628
708
921
634
1029
604
678
673
680
1339
605
852
590
657
556
605
1017
616
830
595
663
592
627
1020
622
883
584
589
610
639
1006
634
884
601
626
619
636
1139
620
978
615
662
549
592
866
585
1017
579
630
688
694
937
601
1016
608
652
697
736
903
636
888
609
671
534
636
841
613
846
646
700
531
619
875
595
1012
598
601
657
687
903
609
1083
631
631
652
682
809
633
1079
614
648
665
664
903
611
1026
625
642
669
674
1068
624
624
678
708
896
615
978
619
634
653
665
856
614
1017
631
648
684
700
864
608
1031
582
613
647
653
809
597
1011
596
655
699
773
1041
591
846
608
676
636
678
990
609
816
594
686
599
607
875
635
1057
654
690
657
663
1057
617
925
599
683
587
642
1049
623
858
601
607
631
621
1196
623
842
618
678
647
701
1095
629
822
665
698
672
721
1083
584
950
1114
613
623
692
727
768
1013
614
673
642
729
962
613
982
599
1089
646
662
692
731
1058
615
672
614
666
873
642
1031
615
656
697
738
1170
583
888
626
617
566
566
864
548
880
570
619
538
590
864
603
983
615
612
555
608
815
632
1055
603
658
1834
582
629
698
747
707
774
811
750
1151
653
638
619
683
877
623
1077
606
708
633
694
1088
597
846
603
642
559
591
855
597
903
638
662
537
612
946
582
1040
573
624
714
654
822
551
1007
580
656
693
634
910
712
1269
922
977
1051
877
995
589
646
577
599
1014
582
855
574
655
540
597
1050
617
843
603
631
578
568
1033
599
1036
614
582
619
629
900
584
4596
1430
1355
1296
1309
852
899
759
803
733
701
739
720
694
786
699
734
729
726
710
860
940
925
957
1007
1032
967
954
972
983
966
929
971
967
965
975
989
977
981
1004
976
958
1279
1319
1656
1271
1864
2691
3554
4162
5056
5971
6064
6119
6136
6200
6631
7011
7073
7089
7174
7216
7301
8154
6606
7274
4698
5563
6448
7093
7730
8375
9382
9896
10783
11076
11092
11259
11245
11227
11204
11102
11056
10995
10933
10889
10851
10816
10765
10701
10756
10773
10807
10824
10908
10994
3410
3422
3404
3360
3396
3416
3417
3368
3336
3384
3416
3446
3467
3489
3530
3578
3650
3773
3844
3938
4005
4036
4067
4108
4165
4163
4203
4198
4245
4294
4337
4380
4386
4451
4523
4580
4624
4665
4710
4787
4812
