4153
4564
4663
4712
4725
4436
4474
4501
7362
7372
5180
4799
943
968
1024
1058
1098
1121
1059
1297
4001
685
584
735
905
756
840
739
932
788
723
650
781
862
640
900
798
1023
871
896
951
912
876
587
844
755
1006
935
1710
1810
3337
649
1403
656
669
638
767
652
645
718
797
742
1188
1242
1114
1212
831
830
725
736
755
775
841
867
898
937
1029
1029
1341
639
675
602
610
619
673
655
698
737
760
804
865
924
968
869
953
978
1033
1067
1139
1236
1269
1316
1386
1407
1440
1453
1483
1523
1590
1606
1687
1719
1766
1628
1675
1686
1723
1755
1806
1823
1851
1870
1905
1958
2023
2079
2133
2195
2216
2265
2334
2378
2467
2506
2559
2570
2624
2641
2689
2714
2806
2849
2884
2901
2975
3009
3045
3064
3094
3134
3210
3298
3388
3485
3572
3608
3650
3675
3753
3800
3829
3892
3949
3988
4050
4119
4164
4245
4291
4316
4353
4381
4435
4483
4517
4580
4602
4637
4639
4678
4700
4714
4749
4760
4773
4811
4850
4918
4950
4990
5017
5038
5054
5061
5092
5125
5148
5170
5227
5266
5282
5287
5297
5329
5391
5422
5452
5492
5545
5607
5654
5699
5741
5785
5846
5900
5952
5986
6037
6081
6150
6202
6260
6326
6367
6433
6457
6514
6576
6614
6654
6761
6799
6862
6927
6956
7005
7079
7108
7174
7050
7084
7157
6962
6992
6731
6743
6456
6492
6503
6260
6282
5786
5751
5762
5608
5557
5321
5298
5049
5073
5041
4638
4645
4649
4649
4693
4242
4242
3731
3707
3407
3413
3441
3001
2998
2956
2977
3026
2625
2661
2344
2368
2198
2176
2172
1909
1961
1476
1565
1615
1439
1485
1205
1194
959
973
970
745
1000
594
627
730
581
818
612
646
520
574
877
584
992
573
588
666
742
1105
563
603
524
573
877
605
1012
639
688
716
589
913
570
639
537
602
838
621
968
568
618
652
689
953
604
632
524
607
873
601
1020
585
616
700
625
797
655
684
563
597
890
609
683
603
658
1021
594
895
598
617
540
589
948
611
638
669
702
1008
611
974
616
667
707
646
980
569
589
559
579
810
590
1001
579
595
685
616
839
599
645
552
601
975
602
630
666
692
1011
643
927
607
620
665
648
1035
578
599
541
582
938
599
632
617
639
1028
595
1001
607
608
628
631
1004
602
643
548
642
896
597
1008
590
658
730
557
832
583
644
547
617
843
598
1000
614
655
759
605
792
562
590
552
593
1005
596
603
610
641
992
598
943
595
610
636
661
1040
588
598
546
578
929
593
643
588
607
1003
580
810
613
645
539
601
933
623
701
620
683
1073
631
1002
615
623
634
653
984
614
598
529
578
847
582
984
615
604
688
594
818
577
614
577
771
767
606
655
692
765
1138
583
932
625
687
718
731
1034
600
624
477
573
886
608
971
577
609
666
604
1078
589
605
529
611
995
576
650
597
630
1030
590
1028
597
653
684
683
1010
624
651
520
567
833
573
1005
604
601
634
662
1054
644
696
492
587
910
598
994
618
622
629
645
1015
570
586
590
593
992
534
571
593
630
1007
565
766
560
554
536
597
1005
592
601
604
637
983
575
991
564
570
631
568
805
561
621
515
553
953
586
621
552
574
805
1078
788
605
621
642
655
963
602
657
561
604
820
565
1044
581
598
728
583
944
597
627
737
605
852
524
570
525
623
1324
941
1093
999
2004
1320
1295
890
1986
2029
2019
2059
1530
1554
1583
1588
1602
1507
1564
1469
1389
1280
1181
1077
1011
919
941
859
788
739
748
779
834
1026
596
612
658
693
777
812
1218
1047
766
555
624
676
1305
917
935
963
1008
1089
1188
1254
1007
1063
1090
1132
1225
1316
1340
1436
1478
1428
1465
1135
1198
941
972
1035
780
1029
589
629
692
605
841
593
990
551
624
685
608
1001
644
678
501
545
832
580
1007
587
626
723
679
1036
613
650
645
704
956
609
1025
589
669
610
707
1051
609
802
584
660
568
599
954
589
591
606
634
1047
582
809
599
643
617
703
1022
612
842
616
675
664
688
1006
621
833
607
641
558
601
810
576
942
614
657
693
636
814
560
963
589
630
668
726
1018
612
693
667
735
900
632
1136
604
645
657
680
974
594
813
633
616
557
580
820
606
911
618
657
543
610
841
606
996
604
628
670
706
992
613
636
666
738
1143
609
840
612
630
542
617
848
628
1012
602
621
676
695
878
600
1041
623
645
657
540
863
597
627
519
610
826
604
942
609
629
564
622
847
566
1029
643
631
687
719
995
605
661
679
738
927
616
1039
618
646
4029
1448
1344
1312
824
1466
927
12249
12008
655
681
711
6470
647
616
593
1168
1152
636
1433
1057
899
653
665
681
656
669
710
732
775
799
874
954
1075
1163
1200
1226
1309
1385
1517
1583
856
882
896
926
943
1039
1048
1054
1145
1153
1242
1252
1305
1323
1364
1397
1416
1465
1527
1524
1586
1643
1728
1772
1832
1849
1883
1941
2053
2152
2231
2268
2278
2287
2298
2364
2391
2414
2463
2513
2559
2583
2636
2714
2803
2863
2914
2981
3053
3095
3106
3169
3211
3241
3312
3378
3452
3454
3470
3508
3544
3603
3656
3703
3769
3841
3878
3945
4015
4066
