5785
5829
5848
5878
5912
5980
5989
6016
5983
4401
4315
7562
7360
1593
3281
1997
1804
1452
1405
1341
1221
1163
1113
1129
1128
1166
1186
1180
1179
1222
1249
1317
1449
1542
1579
1646
625
642
606
688
654
661
663
746
748
765
786
851
923
979
796
824
914
942
971
1003
1036
1084
1144
1435
1460
1493
637
612
566
573
573
614
615
639
698
761
838
847
779
818
863
865
929
954
1054
1110
1171
1178
1241
1341
1708
1749
1807
1788
1822
1739
1803
1879
1962
2012
2057
2065
2098
2163
2197
2275
2333
2387
2426
2449
2459
2519
2517
2526
2571
2584
2653
2690
2704
2701
2743
2788
2829
2878
2936
3025
3119
3162
3218
3122
3128
3130
3150
3193
3252
3323
3390
3446
3520
3567
3626
3669
3725
3785
3843
3911
3967
4005
4047
4070
4104
4116
4137
4156
4177
4192
4246
4300
4314
4337
4392
4399
4413
4412
4430
4487
4533
4565
4589
4608
4603
4614
4625
4653
4669
4698
4719
4749
4757
4794
4822
4847
4877
4920
4934
4959
5024
5060
5104
5152
5194
5187
5208
5249
5285
5341
5398
5440
5446
5439
5450
5453
5480
5515
5546
5560
5592
5613
5638
5672
5717
5765
5794
5832
5845
5918
5959
6028
6071
6123
6158
6180
6218
6240
6245
6294
6359
6395
6311
6352
6132
6192
6226
5916
5930
5424
5301
5312
5238
5292
5046
5086
4856
4911
4906
4587
4669
4169
4182
4188
3989
4021
3750
3812
3566
3613
3598
3155
3163
3061
3115
3122
2572
2604
2222
2200
2196
2189
2200
1774
1843
1840
1874
1919
1398
1462
1038
1072
1108
1082
1133
617
659
688
754
1033
642
876
593
609
522
585
1057
604
614
632
649
962
595
897
586
611
528
590
951
616
680
543
605
1015
613
1012
613
615
631
628
963
612
655
549
566
777
585
1040
632
680
735
558
978
565
610
651
623
986
578
582
547
611
865
600
1012
600
607
620
608
874
568
572
538
565
970
609
635
634
658
1005
602
807
602
617
543
598
960
603
637
573
576
997
608
841
583
612
554
615
836
574
1003
609
631
648
597
845
657
683
529
591
848
2020
1310
1322
1356
949
8857
966
636
1394
665
1070
672
957
1359
1486
1351
932
1307
1324
1318
1337
1430
1512
1565
1585
1652
1674
1698
1741
1827
1922
1965
2035
2097
2119
2170
2253
2304
2347
2446
2388
2404
2417
2448
2538
2597
2663
2743
2774
2793
2837
2866
2901
2957
3063
3133
3170
3216
3288
3346
3402
3455
3526
3568
3589
3682
3730
3786
3834
3874
3899
3977
4008
4047
4131
4170
4220
4282
4342
4398
4456
4493
4598
4649
4687
4694
4724
4817
4875
4975
4999
5051
5101
5131
5192
5254
5314
5368
5351
5334
5293
5304
5301
5265
5228
5252
5244
5255
5296
5357
5351
5380
5361
5399
5403
5382
5352
5385
5223
5236
4854
4858
4822
4817
4830
4321
4348
4185
4217
4264
3926
3955
3447
3456
3493
3318
3393
3092
3087
2864
2911
2901
2487
2504
2455
2453
2478
1983
2006
1580
1606
1646
1445
1497
1034
1061
1095
1026
1040
598
614
516
577
834
571
1071
602
590
594
582
940
573
617
552
596
806
583
1028
571
606
719
579
818
581
593
529
570
926
566
577
584
647
970
627
815
589
647
690
639
742
604
1002
617
645
740
582
783
576
604
538
605
974
620
619
622
661
819
604
979
599
637
622
652
1056
596
831
595
617
564
597
831
593
985
585
619
664
717
872
619
1022
576
625
633
641
977
560
562
577
638
909
584
787
565
584
547
572
848
596
998
598
665
716
666
991
570
583
600
638
946
564
788
557
604
533
599
982
583
640
592
594
592
594
615
632
682
712
734
854
578
696
585
658
1069
620
870
606
670
545
619
853
588
970
601
594
718
585
781
593
588
575
589
813
603
869
616
635
553
547
830
577
1007
581
608
656
677
988
601
603
642
694
906
569
951
636
601
617
666
891
596
985
596
586
584
628
919
567
772
568
582
501
549
807
582
1025
561
606
649
630
993
579
675
616
671
870
567
1003
557
563
583
634
1005
559
843
567
595
561
573
809
578
849
595
628
550
588
874
568
900
629
610
642
680
983
580
596
621
658
1007
584
789
550
598
541
570
985
556
1096
920
950
750
755
850
619
1008
620
632
683
706
1058
607
630
518
594
862
608
968
633
613
671
704
914
580
816
586
615
528
593
810
636
855
623
670
575
575
790
595
943
636
697
701
650
883
624
932
598
671
730
714
1087
646
690
708
756
974
594
899
577
579
587
601
827
651
858
605
635
537
560
806
586
868
586
620
543
605
849
602
934
612
704
777
784
907
605
965
606
687
758
747
1052
623
682
708
778
885
616
3394
1922
2714
2796
2056
1713
10926
5459
1739
707
633
615
618
597
592
647
621
640
683
733
750
693
669
706
713
768
795
827
1156
626
619
695
707
721
717
798
812
830
870
927
811
828
874
1009
1047
1079
1091
1146
1173
1204
1200
1248
1286
1277
1301
1314
1335
1400
1414
1422
1431
1467
1499
1557
1568
1576
1622
1624
1659
1699
1753
1820
1860
1945
1999
2050
2083
2092
2108
2206
2290
2377
2435
2498
2553
2550
2544
2559
2569
2577
2586
2656
2715
2783
2832
2876
2911
2978
3023
3077
3073
2644
2674
2691
2737
2796
2844
2879
2903
2936
2962
3036
3143
