6047
6139
6173
5891
5967
5620
5638
5344
3674
7444
7429
559
7987
1247
650
623
597
1352
3613
647
638
1635
949
831
858
804
796
803
829
853
1015
1061
1031
1070
1083
1070
1061
1095
1130
2098
2110
2177
2560
2554
2666
2760
2749
2586
2650
2884
2956
3024
3158
2544
2497
2256
2289
2106
2161
2210
2242
2240
2227
2232
2273
2351
2459
2525
2534
2571
2569
2592
2667
2162
2209
2232
2358
2313
2336
2489
2481
2547
2588
2582
2546
2611
2609
2643
2711
2740
2737
2767
2784
2813
2789
2769
2812
2825
2870
2936
2966
3009
3072
3137
3184
3226
3291
3352
3391
3443
3463
3471
3502
3535
3532
3567
3574
3569
3604
3627
3647
3670
3764
3786
3740
3731
3714
3735
3760
3790
3857
3906
3940
3985
4013
4071
4157
4211
4271
4289
4307
4327
4365
4353
4383
4428
4476
4480
4494
4486
4480
4477
4518
4528
4571
4615
4660
4700
4693
4702
4722
4736
4765
4779
4799
4826
4830
4870
4885
4940
4944
4940
4951
4959
4962
5000
5051
5087
5125
5166
5171
4977
5007
4497
4517
4504
4367
4351
3760
3740
3489
3507
3524
3192
3170
2645
2638
2654
2484
2514
2190
2183
1838
1853
1874
1532
1633
1081
1105
1141
986
1083
590
631
596
610
846
566
1092
605
659
662
575
1080
638
682
569
601
854
593
1097
591
651
809
599
933
610
667
552
574
1034
598
638
534
617
1131
612
885
564
626
571
559
1020
575
579
593
606
1112
579
834
589
589
567
591
864
580
925
582
617
540
610
891
601
1073
604
628
824
597
817
595
628
529
586
886
585
1069
572
642
690
587
1089
576
624
570
618
873
629
979
610
668
546
623
932
642
1116
609
641
653
571
1008
601
665
571
563
1024
549
928
636
637
530
591
904
616
1025
602
606
555
622
898
605
940
598
633
533
583
900
601
1140
610
649
666
678
952
593
1092
614
657
678
575
1106
602
649
594
649
1167
605
830
622
681
537
663
971
634
1109
613
703
569
605
1032
586
890
589
651
569
627
1059
596
955
590
627
602
616
1037
565
841
592
596
514
593
874
613
1085
617
640
672
604
1125
614
617
612
650
1063
573
953
650
671
527
570
898
579
1151
592
623
759
604
893
584
626
547
613
901
584
1069
596
629
634
574
1167
608
606
624
623
1109
573
853
603
636
547
625
880
591
1116
604
623
677
584
1059
588
591
584
588
1109
594
859
612
648
573
632
935
572
1064
589
612
620
605
1089
588
611
594
642
1074
604
875
571
592
551
615
839
566
1067
612
658
672
615
924
595
1077
592
651
691
657
1126
562
631
540
534
1085
579
858
614
641
563
619
867
602
1003
605
647
539
602
1030
602
630
565
594
1075
603
914
605
634
534
603
1255
741
823
597
641
508
606
989
598
1009
604
602
586
627
1081
603
600
566
587
982
625
1066
615
636
536
593
906
606
1011
615
643
656
584
845
630
1074
610
697
675
630
1095
624
680
623
596
1086
599
913
571
639
563
648
1130
594
1010
604
613
848
578
987
580
654
814
568
848
598
654
555
649
1095
593
635
509
594
1119
597
654
621
660
1096
596
1050
596
642
792
618
950
620
684
545
598
1068
573
633
577
646
1200
579
999
570
595
714
582
828
585
627
513
638
1069
586
642
546
599
1081
616
652
617
618
1087
621
1037
601
637
668
620
1100
590
619
577
612
874
605
1067
612
652
776
600
878
606
642
569
616
863
567
1111
590
645
757
575
880
581
619
538
575
1055
580
590
587
584
1080
611
915
598
626
914
919
896
608
1054
629
663
661
607
1074
595
596
607
638
1060
573
884
597
650
542
611
933
592
1047
596
658
686
626
1093
613
624
547
651
903
585
1073
603
684
739
649
1076
592
626
543
604
971
589
1070
565
606
647
583
1047
632
679
562
599
850
610
1136
615
690
823
615
892
619
641
563
603
873
594
1082
644
727
809
585
937
615
636
576
624
862
605
1093
611
698
691
660
1101
626
646
552
615
907
601
1078
598
644
659
627
1065
604
627
541
555
874
588
1076
586
602
628
620
1080
572
573
580
611
1043
570
856
571
580
559
573
1018
563
563
559
591
1031
608
870
565
571
555
603
867
610
1053
608
624
661
621
1127
639
555
610
630
1041
576
845
562
1760
1730
2477
2277
2267
2310
1094
1662
1490
1537
968
1015
1168
1474
1526
1554
1552
1601
1636
1676
1709
1769
1835
1881
1924
1977
2007
2032
2081
2137
2169
2202
2210
2240
2145
2052
1973
1864
1805
1967
1869
1668
1570
1486
1384
1554
2744
2946
2870
2775
2547
2443
2450
2477
2456
2504
2561
2589
2634
2638
2685
2730
2703
2768
2332
2379
2020
2063
1408
1226
1274
1336
1356
1154
1132
1133
672
730
775
812
1131
619
1092
694
724
776
592
1092
598
674
546
575
1117
569
1039
609
615
741
555
905
556
558
549
572
1008
575
577
613
667
1131
571
838
552
584
549
560
908
577
1133
582
602
633
581
1027
557
600
575
612
862
583
1100
587
646
780
588
886
583
617
583
613
854
622
1062
585
614
812
603
885
596
634
558
576
865
601
1036
599
642
688
614
1064
581
622
