6385
6446
6508
6567
6614
6642
6766
6884
11776
11778
10021
9882
9316
9279
9278
8956
8877
8831
11725
11700
8627
8654
8683
8723
8799
8828
8883
8929
9159
10702
4374
3568
8900
4711
4250
4239
4215
4210
4244
3933
3930
3934
3971
4008
4058
4601
4689
4744
4793
4883
4874
4893
4883
4880
4568
4676
4777
4794
4882
4909
4308
4226
4304
4309
4304
4368
4389
4373
4352
4443
4457
4553
3849
3834
3416
3468
3582
3582
3641
3690
3677
3709
3672
3682
3706
3752
3810
3882
3910
3948
3380
3350
3367
3399
3382
3387
3372
3317
3329
3379
3453
3517
3577
3608
3677
3709
3782
3808
3904
3971
4053
4079
3998
4039
4104
4121
4179
4207
4270
4325
4397
4452
4539
4568
4573
4597
4576
4610
4670
4723
4788
4787
4804
4820
4856
4919
4980
5034
5088
5161
5180
5207
5219
5245
5304
5315
5360
5325
5337
5333
5341
5354
5365
5375
5380
5413
5483
5515
5524
5533
5556
5594
5609
5612
5658
5690
5709
5770
5808
5826
5845
5855
5889
5936
5985
6009
6062
6108
6153
6200
6234
6240
6303
6328
6337
6367
6407
6432
6469
6482
6501
6564
6568
6578
6611
6638
6671
6727
6842
6883
6920
6991
7013
7042
7128
7192
7253
7295
7123
7144
7196
7201
7213
7273
7272
7348
7391
7394
7434
7476
7511
7566
7587
7610
7644
7409
7473
7540
7235
7296
6814
6804
6831
6799
6837
6380
6361
6328
6333
6325
6051
6065
5584
5570
5574
5524
5554
5157
5158
4882
4873
4693
4687
4685
4398
4424
3970
4009
4054
4014
4019
3545
3524
3526
3560
3564
3310
3369
2862
2915
2813
2773
2797
2289
2293
1880
1905
1880
1762
1811
1403
1428
1431
1425
1439
989
981
843
853
895
705
1041
610
678
789
603
975
593
601
662
559
901
622
649
547
593
937
576
649
562
607
839
629
983
618
654
667
586
974
603
666
723
569
833
585
595
518
593
944
564
605
558
629
998
569
665
523
593
804
584
1063
572
592
679
594
790
616
665
569
592
834
614
1051
592
623
645
673
919
620
668
520
572
818
571
960
617
641
751
596
821
590
620
551
614
914
613
695
659
710
1361
912
946
682
710
553
629
850
612
1044
602
641
709
733
1007
583
617
541
585
887
605
986
597
675
787
606
995
580
612
621
603
1021
577
608
560
575
977
592
618
624
680
972
599
852
578
619
542
634
965
569
660
586
613
1016
587
973
615
556
564
569
938
623
654
703
737
1025
603
830
615
650
554
584
947
604
603
638
691
967
595
859
592
601
679
677
1043
602
643
557
617
986
592
642
633
653
988
584
943
609
656
704
701
1127
591
602
588
608
950
606
978
588
602
608
643
916
587
619
523
600
985
584
641
589
576
940
584
973
593
646
653
662
1068
593
599
579
551
920
588
597
630
688
1089
566
899
564
584
615
670
1023
622
639
515
549
857
597
1001
563
609
743
585
876
603
634
551
588
838
597
1024
599
632
671
570
878
612
638
517
587
967
601
663
564
643
1028
580
975
598
656
676
653
1026
579
649
619
690
1028
598
1024
623
660
715
655
1057
622
680
656
753
1046
617
830
602
681
566
608
992
618
635
672
692
1015
602
800
599
640
503
578
996
605
678
590
664
1059
588
958
613
643
708
704
1042
597
643
539
594
865
596
1063
625
652
697
575
1099
545
568
597
656
1004
558
594
507
565
816
575
1075
588
599
678
625
812
583
607
559
595
907
583
628
659
735
1082
609
820
633
611
598
606
958
597
631
636
682
1054
620
807
583
589
533
582
847
580
1005
609
647
705
570
820
619
643
522
615
840
610
1015
582
586
609
669
973
582
595
637
698
1037
590
1003
638
660
706
756
1047
579
576
605
629
875
570
831
575
625
512
578
986
591
609
587
642
1037
633
825
572
615
505
562
820
582
1062
588
625
725
580
782
592
633
552
583
815
608
999
611
652
684
694
921
624
633
552
585
800
588
991
595
608
675
575
825
602
646
549
611
821
604
1031
616
640
681
579
846
612
650
548
598
933
594
621
547
569
780
555
1116
569
577
664
599
934
590
616
683
681
1040
584
648
561
522
740
601
992
586
585
681
603
969
572
589
645
687
1066
556
600
560
597
864
605
996
603
652
768
595
900
625
653
544
588
926
583
627
587
628
1043
575
930
580
578
687
594
924
554
550
590
608
1065
572
577
509
573
825
586
988
592
595
619
635
1044
612
685
529
590
845
601
1059
573
555
652
583
736
594
636
532
609
986
1037
954
900
915
980
724
759
600
631
542
591
818
598
1011
623
626
667
551
816
603
629
536
583
1272
1798
1750
1460
1207
970
965
921
875
1233
1252
790
869
911
901
879
900
635
841
782
921
759
723
752
728
765
767
748
745
718
736
749
610
748
766
743
748
769
749
730
791
1542
843
682
651
687
692
706
720
754
820
1141
648
666
730
746
762
792
927
924
937
1039
1075
1066
1118
1106
1080
1133
1312
1344
1119
1005
1027
1062
1072
1105
1156
1190
1206
1228
1254
1278
1292
1324
1364
1403
1412
1441
1452
1481
1497
1516
1547
1584
1622
1643
1654
1709
1766
1805
1863
1973
2048
