5115
5438
5517
5713
5783
5867
5904
5850
10004
9996
10035
7898
558
2587
567
1159
549
537
771
530
844
2223
1692
673
614
647
685
696
716
710
733
721
763
806
856
901
946
979
1014
1075
1071
1125
1192
1178
1379
620
657
733
831
948
718
719
751
851
929
1408
678
846
629
714
580
594
594
625
661
771
783
860
917
973
1054
1146
641
585
664
758
796
828
780
805
760
787
889
951
956
975
1028
973
1049
1129
1142
1209
1179
1225
1260
1296
1370
1452
1531
1631
1670
1683
1737
1775
1846
1943
2002
2050
2088
2127
2147
2201
2269
2324
2388
2427
2481
2485
2548
2581
2638
2703
2796
2855
2923
2909
2949
2999
3015
3045
3092
3167
3211
3259
3296
3362
3439
3498
3551
3623
3630
3640
3654
3661
3665
3700
3718
3755
3795
3846
3941
4021
4107
4101
4150
4185
4243
4297
4290
4308
4357
4364
4436
4492
4526
4585
4612
4690
4735
4771
4815
4869
4934
4983
5003
5024
5073
5086
5112
5127
5131
5146
5180
5202
5243
5286
5309
5348
5351
5334
5304
5341
5365
5426
5471
5540
5581
5622
5645
5710
5757
5823
5902
5975
5992
5974
5999
6020
6011
6004
6022
6043
6034
6042
6053
6071
5927
5974
5820
5840
5833
5525
5549
5110
5119
5113
5179
5186
4757
4740
4616
4609
4611
4227
4229
4234
4263
4307
3848
3872
3570
3632
3420
3475
3468
3026
3055
3016
3030
3078
2634
2670
2274
2296
2340
2278
2345
1840
1839
1654
1689
1677
1408
1424
1042
1088
1169
1012
1086
814
841
651
648
822
601
929
591
647
743
754
1005
617
648
554
628
824
568
1016
601
644
698
761
998
599
651
550
580
837
575
1011
580
588
625
552
816
592
608
510
537
935
619
647
666
666
1035
597
753
580
598
515
583
938
570
611
615
643
1286
883
920
674
714
592
625
791
592
863
643
676
530
597
796
622
1026
596
643
714
620
836
598
630
546
601
824
574
960
566
625
688
712
1020
573
589
563
620
820
602
821
636
672
531
569
823
619
948
602
665
751
735
1004
611
632
660
715
969
579
796
604
630
526
594
832
624
860
601
645
513
557
854
599
905
581
619
571
581
773
609
1031
616
675
680
701
791
551
1037
604
610
644
676
976
580
602
618
665
990
604
815
578
672
649
688
798
596
1007
601
642
646
686
925
581
774
593
628
567
601
956
609
859
587
650
541
606
987
573
838
590
606
502
573
813
592
1027
574
567
587
610
954
593
607
606
648
937
568
845
633
643
528
560
778
583
1051
582
634
657
564
765
552
580
539
611
809
580
1368
596
624
658
668
691
574
599
655
681
1006
585
804
615
667
566
616
769
611
1066
603
600
612
623
857
597
650
578
604
979
597
791
617
693
597
655
887
582
1033
613
611
618
650
908
602
677
640
672
970
599
805
586
631
542
617
799
586
980
645
675
713
677
902
578
1020
593
602
658
689
932
563
601
669
676
942
573
745
609
681
590
625
803
580
899
609
618
563
630
914
595
675
669
668
1008
613
813
1034
933
910
954
948
707
844
613
662
513
592
810
565
994
629
626
639
675
1034
600
658
644
660
861
615
959
614
646
486
548
946
645
838
646
682
547
581
839
628
1013
615
663
678
705
969
622
659
718
747
1004
579
809
590
656
627
671
969
594
911
568
578
668
577
964
560
569
614
546
846
584
616
570
636
931
586
613
572
579
929
598
635
651
675
916
619
1008
606
618
655
618
804
628
694
532
597
887
556
628
692
712
1046
579
911
590
651
684
598
804
609
644
518
625
965
563
613
523
614
1002
630
687
637
674
1061
621
962
594
610
658
688
953
564
637
507
595
833
589
977
595
616
627
562
775
596
695
545
619
791
570
1007
593
615
643
559
744
597
659
536
585
945
578
642
654
691
1018
644
830
622
651
540
648
915
613
926
630
694
736
739
1030
594
625
675
752
1023
600
828
610
638
562
612
827
605
970
588
666
740
780
1031
581
618
510
604
819
587
967
591
632
672
700
953
554
585
564
596
784
598
1042
545
577
643
686
1031
618
660
561
634
853
608
1085
600
638
665
637
818
600
671
556
588
809
595
1029
624
664
679
560
798
595
676
515
582
774
575
986
597
693
747
720
976
624
671
569
605
811
584
999
625
654
707
712
934
624
670
581
611
871
626
1006
621
658
701
757
960
595
611
652
680
994
624
828
592
620
544
593
977
582
575
613
673
983
627
809
585
617
567
621
765
602
1320
913
1304
1037
1050
1040
1075
1112
1097
1223
1271
1300
1318
1352
1373
1404
1441
1503
1562
1611
1666
1720
963
1296
1278
887
888
891
1273
1297
917
1275
1256
643
2291
2622
668
767
743
765
729
735
754
756
763
772
727
780
1685
647
871
615
1000
1024
652
747
762
737
766
751
719
769
783
760
813
759
771
806
1073
785
631
1019
902
1008
1104
1002
1123
606
631
711
787
850
874
892
938
954
1025
1088
1151
1209
1266
1309
1367
1350
1401
1573
1692
1719
1735
1772
1813
1877
1930
1991
2074
2101
2186
