5758
5863
5964
6001
6087
6175
6306
6331
5992
5863
5855
10294
1270
6605
2376
2296
2356
5466
631
604
623
621
633
658
694
730
740
810
938
1180
972
706
1135
7610
888
4911
906
654
662
940
588
611
635
680
728
765
821
869
989
1082
1069
1263
1832
1133
1063
1103
1111
1127
2238
1005
1096
940
1098
4462
619
2291
620
605
574
663
1155
2524
2064
670
631
613
986
2066
586
604
653
667
696
768
790
820
863
925
998
995
1053
1062
1082
1143
1197
1274
1444
1499
1537
1563
1634
1667
1678
1768
1842
1901
1932
1970
1991
2058
2110
2166
2267
2356
2434
2499
2489
2545
2582
2625
2684
2764
2844
2864
2868
2889
2964
3036
3105
3186
3262
3261
3282
3313
3362
3407
3448
3525
3576
3618
3685
3733
3794
3828
3881
3919
3989
4051
4095
4139
4189
4252
4279
4337
4418
4474
4487
4510
4547
4609
4644
4670
4687
4781
4847
4927
4953
5032
5045
5089
5100
5123
5226
5276
5282
5290
5308
5317
5336
5394
5437
5500
5509
5534
5568
5569
5537
5573
5574
5587
5595
5647
5716
5744
5750
5772
5774
5760
5774
5800
5824
5880
5951
6024
6088
6131
6154
6183
6214
6249
6306
6332
6377
6432
6471
6538
6592
6617
6636
6663
6688
6759
6844
6872
6915
6941
6953
6986
7037
7095
7150
7192
7207
7250
7113
7148
7203
7139
7152
6654
6683
6642
6643
6619
6143
6159
5860
5868
5652
5643
5660
5290
5271
4856
4828
4820
4821
4837
4601
4616
4126
4130
4128
4113
4118
3696
3690
3653
3674
3699
3171
3160
2907
2940
2747
2801
2831
2570
2628
2157
2138
2147
2177
2188
1714
1740
1689
1729
1789
1372
1398
1003
1044
1090
1084
1117
686
873
610
644
577
643
831
604
843
622
700
680
710
1038
578
879
612
672
644
668
992
598
781
620
670
508
546
816
588
925
603
635
527
552
832
583
1082
588
637
678
714
994
620
676
631
733
960
620
968
586
641
650
675
1006
613
840
591
617
548
613
891
600
908
598
634
541
599
943
584
619
606
656
1024
606
894
623
676
626
662
1099
646
893
588
604
513
601
878
609
995
609
659
717
734
1107
582
647
598
665
1023
593
890
613
637
502
572
856
635
999
614
652
685
682
1062
612
657
619
664
1023
607
840
628
650
550
602
820
608
1074
600
622
689
716
1172
607
631
656
692
987
603
798
596
675
586
627
1039
566
794
588
599
511
592
841
569
870
563
602
564
589
860
587
867
609
617
563
591
859
620
1040
597
649
691
705
958
596
648
573
606
1069
603
785
573
595
560
591
794
615
1037
587
589
617
574
909
586
603
636
687
1059
604
818
566
599
539
576
852
615
978
597
627
658
665
1007
583
600
636
678
1030
602
776
595
666
546
614
856
600
988
574
597
610
652
827
584
989
567
600
676
698
1015
562
585
564
573
969
582
813
604
620
558
591
981
575
616
589
611
949
583
617
545
600
961
610
640
536
556
981
593
611
669
725
1042
594
951
607
641
661
612
805
571
599
554
606
935
604
612
530
552
991
601
610
539
586
942
566
611
668
706
1022
596
981
608
605
696
616
1017
564
590
720
579
812
598
626
522
611
984
595
600
597
598
914
599
1029
648
724
738
693
1041
597
627
604
661
901
604
845
588
649
565
548
1023
566
593
637
664
1003
553
961
582
591
676
634
825
596
663
541
575
909
600
631
633
650
998
609
965
596
635
670
684
1013
620
676
660
707
1005
600
935
585
609
658
693
1053
640
689
942
986
721
578
615
619
638
954
576
970
552
628
702
695
1042
590
635
522
557
1004
593
673
593
692
1105
597
995
581
598
632
654
1001
611
647
561
593
836
587
1012
575
598
716
574
764
570
633
553
575
954
592
606
583
644
1022
610
944
584
628
779
591
827
584
610
515
538
974
586
624
604
641
978
580
1010
582
620
648
685
996
594
590
539
588
858
589
1050
609
627
640
536
787
574
607
544
588
1081
588
618
566
597
856
569
926
538
513
650
586
983
588
659
587
607
950
637
695
666
707
1129
594
908
566
574
588
590
924
592
571
538
614
996
558
607
589
647
1025
604
953
603
632
641
666
990
603
628
533
595
839
607
1127
606
631
739
621
823
609
642
548
598
823
594
1020
601
599
642
560
961
585
648
643
977
956
808
1135
610
3105
627
811
781
744
755
739
725
717
726
710
743
745
738
840
912
977
959
914
957
949
937
989
748
936
945
852
838
941
965
946
957
972
980
964
958
952
1251
1264
1875
2811
3409
3321
3330
3327
3350
3368
3948
1032
1837
1970
2520
3376
3999
4858
5392
5619
5665
5634
5594
5611
5579
5541
5510
5553
5524
5812
708
610
588
625
688
718
749
867
920
982
1028
1053
1093
1066
1081
1111
1149
1175
1305
1325
1385
1218
1228
1236
1259
1299
1363
1404
1437
1428
1460
1488
1529
1574
1612
1623
1614
1666
1685
1704
1749
1802
1853
1919
1931
1924
1953
1962
1999
2041
2075
2134
2159
2172
2193
2192
2221
2257
2317
2325
2366
2404
2477
2496
2528
2579
2645
2701
2763
2799
2832
2870
2894
2986
3073
3123
3162
3151
3175
3197
3206
3232
3263
3324
3394
