3952
7555
8095
1348
905
817
818
876
943
1029
1082
1168
1196
1219
1241
1384
989
1062
993
1001
1083
1295
1792
5525
4019
585
619
662
2188
1039
1579
1596
1916
1002
1374
1039
1609
1626
1125
964
776
637
523
574
1306
1004
1094
2006
671
995
978
939
722
964
999
860
690
1169
1160
1211
1210
930
979
1030
1120
1179
1262
1308
1360
1417
1471
2240
2302
2322
2349
2358
2396
2521
2485
2477
2501
2520
2465
2437
2426
2425
2484
2534
2608
2694
2776
2816
2865
2967
3028
3084
3122
3163
3197
3201
3247
3282
3320
3372
3399
3465
3525
3589
3651
3719
3761
3855
3776
3828
3862
3922
3962
3964
3999
4006
4018
4006
4045
4108
4158
4189
4205
4214
4232
4256
4283
4342
4358
4385
4405
4419
4420
4468
4503
4508
4563
4607
4638
4650
4674
4669
4701
4732
4743
4796
4796
4846
4867
4889
4882
4864
4839
4882
4921
4958
5020
5103
5164
5222
5313
5389
5462
5504
5528
5641
5696
5705
5755
5805
5860
5928
5972
6022
6063
6125
6154
6170
6199
6255
6310
6306
6308
6308
6320
6377
6410
6481
6504
6531
6605
6651
6708
6724
6797
6867
6932
7009
7053
7083
7094
7137
7203
7241
7271
7305
7357
7081
7115
7117
7146
7221
6749
6741
6396
6380
6363
6389
6357
5884
5916
5643
5656
5516
5498
5566
5306
5341
4862
4879
4844
4861
4876
4415
4455
4371
4401
4479
3939
3958
3706
3679
3473
3520
3537
3285
3292
2786
2819
2805
2783
2810
2342
2317
2355
2350
2367
2106
2121
1674
1666
1567
1553
1557
1296
1329
845
869
905
873
968
614
622
654
717
1032
600
843
592
601
621
635
906
605
950
614
620
551
620
815
585
990
606
641
675
699
903
595
1036
591
626
668
718
1018
607
669
665
699
1012
605
816
603
644
647
698
1080
587
836
598
634
538
591
847
631
967
594
607
627
700
982
604
627
584
625
1026
612
840
621
645
628
683
1037
602
929
572
596
584
620
876
586
1211
610
648
722
615
835
618
980
573
601
646
682
968
584
600
657
678
1022
634
784
592
650
565
600
821
601
1020
622
668
693
718
1008
614
649
698
743
992
612
827
597
616
514
577
938
614
949
587
641
537
593
822
593
977
591
663
713
716
1014
579
633
602
632
904
578
998
588
637
617
646
982
598
822
572
615
533
577
782
566
1072
603
611
660
688
994
610
684
684
711
854
599
1024
619
647
640
648
1045
569
951
618
614
665
587
931
561
604
613
683
1033
620
654
594
620
829
603
948
581
604
611
580
931
594
625
740
589
872
606
631
523
615
1025
656
697
516
554
800
633
1093
609
612
686
604
957
597
632
662
569
784
595
654
543
590
963
581
652
555
619
1015
600
630
496
556
820
568
1009
592
658
751
593
883
622
643
494
573
851
614
1074
621
674
702
730
1008
602
622
516
586
854
589
1026
609
596
686
574
798
569
582
548
632
964
595
669
659
683
992
582
799
556
563
535
617
825
575
994
562
641
645
687
926
565
585
531
605
913
585
985
598
622
629
561
970
582
627
670
730
1091
573
616
500
558
1036
594
616
621
648
971
612
849
583
649
559
605
947
619
682
584
585
998
587
917
589
588
594
601
931
599
635
666
717
991
605
830
597
644
549
572
937
580
600
619
662
930
599
904
597
602
660
689
985
575
579
494
566
1014
574
591
627
663
1022
608
960
604
648
682
667
1111
610
633
636
664
992
608
888
589
605
613
635
903
576
608
526
570
945
570
652
610
633
991
599
919
613
631
652
663
1064
578
602
552
588
1002
609
605
610
657
976
562
910
548
557
575
597
1156
607
640
685
754
859
603
1530
1258
1230
1220
1206
1175
1208
2102
2190
1003
846
837
869
903
2178
1492
2275
1256
840
637
619
609
745
591
589
977
1599
658
622
590
580
736
852
695
684
704
740
760
790
857
906
972
1027
1047
1083
1112
1201
1292
1382
1458
1518
1584
1042
1728
1036
689
615
629
692
717
805
867
949
948
945
1048
1124
1206
1256
1302
1322
1337
1343
1387
1480
1534
1572
1602
1651
1767
1786
1408
1527
632
595
588
583
657
677
729
688
705
747
778
835
892
945
1026
1028
1105
904
909
747
799
884
597
1086
1021
639
1163
1147
853
862
875
832
827
870
747
681
682
743
1009
644
856
681
677
510
581
1038
619
653
659
669
1353
947
1521
1275
710
734
778
777
831
1020
662
696
744
615
893
640
669
563
604
821
630
1080
622
628
642
711
1348
1473
1440
916
938
1071
1081
1064
687
721
821
705
677
972
689
956
840
958
1033
856
798
800
1383
641
853
769
632
596
634
625
696
647
643
694
734
784
831
856
938
945
973
1044
1053
1120
1210
1229
1214
1254
1315
1400
802
1922
1098
755
739
802
876
1219
1192
1215
1217
1228
1314
1387
1414
1533
1562
1579
1613
1636
1706
1790
1848
1928
2009
2063
2126
2191
2155
2228
999
614
557
635
684
760
794
1040
1076
1088
1126
1199
1233
1309
1331
1402
1431
1481
1472
1571
1620
1675
1719
1747
1780
1896
2613
2733
2739
2719
2721
4522
3605
3289
3141
3067
3353
724
649
581
584
572
599
624
673
1516
1635
1036
1021
1115
1165
