5220
5283
5313
5376
5394
5414
5270
3566
3902
7269
1395
1835
2305
692
867
1201
2495
2238
1090
596
667
710
801
839
781
843
914
1000
1061
1109
1116
691
711
749
815
902
940
1033
1083
1198
1200
1171
1178
1247
1324
1419
1550
1577
1592
1596
1616
1628
1634
1714
1739
1778
1772
1794
1824
1880
1977
1976
1951
1976
1977
2043
2169
2084
2078
2055
1143
1173
1074
1120
1177
1195
1235
1238
1276
1346
1460
1469
1512
1554
1600
1682
1604
1671
1700
1703
1531
1556
1614
1674
1678
1678
1667
1679
1718
1731
1759
1777
1812
1883
1962
1989
2013
2034
2077
2120
2162
2203
2242
2312
2330
2397
2429
2472
2522
2588
2664
2747
2811
2851
2938
2975
3028
3090
3158
3171
3195
3223
3242
3261
3261
3324
3377
3434
3484
3526
3614
3691
3752
3828
3889
3940
3991
4041
4056
4097
4135
4159
4226
4291
4348
4379
4422
4475
4544
4597
4642
4700
4737
4783
4831
4814
4874
4940
4993
5031
5116
5149
5183
5218
5273
5298
5329
5379
5405
5407
5411
5422
5452
5442
5438
5437
5449
5473
5491
5046
5079
5065
4978
4953
4461
4493
4342
4377
4395
3982
3996
3548
3577
3640
3555
3591
3251
3291
3044
3075
3087
2880
2892
2392
2361
2343
2271
2273
2042
2059
1864
1902
1935
1530
1564
1508
1508
1543
1053
1130
722
806
823
674
937
590
601
554
578
930
562
578
586
608
1004
549
762
606
636
548
593
1003
578
592
599
604
911
593
881
589
584
594
606
970
635
676
488
560
826
620
1016
590
582
621
558
811
602
653
549
623
938
619
676
701
719
987
596
935
606
686
684
659
975
605
606
543
615
842
592
962
578
594
659
577
946
539
589
513
583
996
593
652
640
680
1062
596
954
618
672
725
736
1075
596
666
549
579
808
601
1135
622
623
674
690
979
595
609
544
605
812
597
1014
637
667
714
752
1023
598
656
584
642
956
588
619
661
683
1015
594
816
598
627
573
625
931
616
676
654
704
1009
596
963
601
631
735
608
820
583
617
531
554
984
628
646
568
580
784
631
1018
607
622
639
627
895
629
642
532
577
831
603
1087
596
613
707
591
928
582
594
664
579
813
611
601
595
591
854
602
926
605
652
727
623
921
615
620
654
723
993
600
655
677
740
1084
587
971
613
627
665
703
836
587
1119
622
625
661
700
1011
621
653
677
722
1017
595
779
593
605
531
655
875
617
977
590
622
652
633
1024
608
618
628
659
784
626
1053
628
644
674
696
846
566
836
591
629
566
589
829
606
954
603
600
629
667
852
638
968
586
625
656
664
1021
606
620
550
566
816
580
1013
590
613
656
714
1031
610
637
661
669
847
613
979
573
591
606
601
932
614
842
604
623
532
587
997
590
604
619
653
986
626
807
617
639
605
641
1005
609
840
600
618
666
673
941
604
848
608
609
574
625
829
588
950
595
597
639
651
818
604
947
599
627
700
691
957
593
665
633
705
959
599
1011
586
599
591
645
905
594
805
602
616
530
561
813
583
869
604
643
572
614
804
590
938
569
606
650
709
1015
614
622
639
699
1001
594
817
596
621
567
590
815
608
985
564
612
635
660
849
574
1007
607
655
757
580
837
593
642
542
609
836
610
870
626
686
533
605
832
572
1042
669
691
738
754
952
592
678
664
694
916
595
986
596
614
543
555
748
575
974
562
660
692
702
1019
620
619
671
701
833
637
1008
607
687
670
689
1013
587
832
577
612
537
592
792
596
874
608
639
512
592
818
588
1005
607
675
705
709
992
578
608
617
642
1009
570
765
562
615
592
630
1054
555
838
596
649
541
574
795
572
1062
587
628
650
623
1264
641
722
628
693
861
603
924
610
665
634
673
958
603
847
600
664
647
701
961
644
846
593
645
612
683
1062
624
818
631
649
521
593
1007
609
636
675
696
847
593
1002
599
602
611
635
971
620
867
566
588
668
593
821
597
625
535
589
966
627
706
543
568
786
582
953
602
626
701
605
870
613
671
760
553
866
586
653
973
937
885
648
603
579
613
812
600
1007
630
665
690
571
886
601
621
539
596
928
593
678
501
560
956
608
679
676
720
1063
630
866
597
642
674
680
993
637
660
629
647
815
571
984
612
646
702
576
813
615
636
566
597
818
603
975
599
630
678
599
822
557
596
534
592
960
602
633
553
613
811
626
1012
588
601
639
558
804
624
647
554
579
916
573
594
673
689
979
583
830
3256
757
1235
1242
1897
1328
1742
1815
1840
15084
8270
663
622
630
3082
669
619
835
742
627
685
738
763
749
795
908
981
1048
1174
1256
1280
1207
1270
1375
1442
1515
1569
1598
1614
1666
1714
1798
1796
1882
1941
1434
1466
1539
1587
1659
1705
1731
1735
1665
1691
1736
1818
1907
1921
2023
2068
1950
2016
2086
2115
2190
2152
2173
2184
2203
2266
2334
2409
2496
2552
2628
2669
2726
2770
2801
2835
2906
2913
2922
2962
2982
2977
2983
2973
2977
3013
3063
3149
3215
3244
3277
3291
3286
3275
3288
3334
3339
3382
3432
3484
3531
3504
3536
3566
3582
