4378
4453
4484
4502
4501
2759
2288
2247
5706
746
748
756
9489
743
730
732
874
1054
1025
886
686
754
756
748
755
770
766
782
812
866
898
950
955
963
988
986
1001
999
988
1105
1214
1292
1353
1335
1324
1325
1317
1324
1391
1431
1519
1536
1500
1493
1483
1431
959
1063
1046
1063
1068
1054
1068
1061
1107
1143
1165
1225
1275
1431
1474
1572
1430
1469
1419
1436
1454
959
992
536
595
1351
573
1563
590
616
1372
641
1577
574
586
540
658
1467
540
1587
631
634
545
612
1450
577
1531
576
583
539
586
1581
597
1466
580
632
623
650
1628
580
1363
591
625
539
574
1335
591
1508
592
640
564
593
1506
603
1578
588
622
1398
585
1596
620
650
559
626
1566
575
1698
561
636
582
615
1456
646
1579
596
648
570
585
1436
613
1627
585
622
533
583
1578
588
1725
593
695
588
615
856
633
1063
611
613
625
642
1056
615
861
616
663
655
703
921
612
1056
650
686
720
740
1056
599
841
578
580
557
601
887
606
881
637
676
528
569
816
612
904
592
634
567
591
834
589
856
590
628
537
642
844
594
877
606
649
682
719
888
624
1099
597
660
733
582
871
600
680
562
612
1102
628
835
638
663
565
606
789
598
910
657
670
531
595
972
575
638
569
572
985
609
816
620
659
552
597
833
610
1023
591
619
659
673
1100
605
621
637
682
1039
584
828
631
625
543
602
905
613
906
605
660
518
624
885
601
1027
591
618
645
673
1023
624
656
658
699
1067
608
872
626
660
649
676
1010
646
869
605
627
547
618
827
593
914
620
644
547
604
875
625
1022
603
641
679
723
949
601
1003
577
577
596
610
962
601
599
631
715
1035
585
811
579
610
560
619
802
619
909
611
663
541
599
947
606
658
621
685
958
613
992
572
618
522
590
1084
579
813
575
617
512
580
819
572
1038
578
638
695
659
1043
595
628
646
692
912
567
942
573
592
620
653
857
599
993
582
574
630
643
1001
567
960
599
639
707
569
951
575
623
659
626
1047
586
604
522
567
1015
562
577
562
631
972
588
1056
590
608
697
582
880
609
663
560
600
949
609
690
531
580
899
566
980
618
612
688
597
851
610
683
564
576
928
615
677
504
613
903
636
1045
601
663
848
616
837
612
645
513
600
1008
620
644
681
717
1007
596
822
598
623
551
576
946
587
588
612
675
1020
596
982
594
601
654
671
1004
587
654
640
696
1020
600
847
577
605
545
596
948
589
658
624
642
1043
579
959
602
602
610
633
978
592
629
645
676
939
581
789
610
650
537
589
952
592
642
664
656
1017
614
954
588
642
643
677
1041
614
647
644
684
1022
618
833
602
629
569
600
946
610
631
684
761
1066
609
833
604
646
577
624
832
607
1031
625
674
750
704
1027
647
704
654
691
1023
603
963
603
672
746
706
1047
595
615
632
654
935
621
856
607
609
571
626
1087
592
1105
609
646
672
569
802
607
668
525
583
833
609
1015
583
585
726
613
865
604
621
542
600
992
595
639
605
643
990
630
1130
621
631
518
601
1032
597
612
633
670
996
645
859
596
620
521
603
863
582
1040
587
605
663
591
814
572
633
530
609
848
633
1008
612
648
734
623
878
622
667
554
621
834
610
1057
616
680
750
731
1136
628
643
525
547
812
570
1083
624
645
623
575
836
599
661
563
611
807
592
998
582
604
621
672
1030
565
641
547
609
874
581
963
621
630
703
639
850
614
644
591
598
946
591
617
601
649
989
602
800
578
589
532
584
954
607
625
650
677
1068
622
969
604
621
626
648
936
568
549
533
595
887
611
1027
595
652
818
605
835
597
670
540
588
1025
601
610
643
683
1019
617
1008
576
596
641
590
996
602
593
533
582
959
593
592
608
598
1034
579
962
595
605
653
665
1020
591
647
544
606
925
580
1080
608
667
669
552
820
600
651
526
627
843
599
1418
1271
1281
894
1308
2145
1906
1904
1944
763
734
1575
933
907
1262
1263
850
905
941
891
848
855
909
903
806
868
911
879
865
859
638
860
732
714
752
1484
729
753
732
1427
803
741
721
764
729
772
810
1032
839
762
756
767
1868
1328
604
596
667
659
665
685
680
708
742
807
864
921
991
902
1224
612
707
725
766
801
868
1011
1103
1118
1160
1188
1080
1123
1132
1122
1201
1257
1297
1350
1360
1394
1422
1520
1524
1560
1570
1620
1644
1591
1635
1719
1779
1792
1778
1790
1795
1832
1859
1888
1917
1950
1995
2050
2079
2090
2117
2148
2167
2207
2228
2274
2299
2329
2368
2431
2508
2583
2618
2680
2785
2880
2912
2963
2981
3003
3018
3038
3069
3169
3222
3297
3374
3426
3494
3533
3569
3622
3659
3696
3750
3848
3860
3912
3986
4021
4044
4050
4064
4064
4118
4169
4238
4296
4356
4431
4504
4561
4624
4683
4718
4780
4818
4846
4889
4942
4960
5020
5007
5040
5061
5056
4735
4771
4623
4649
4659
4312
4362
3849
3887
3891
3598
3613
3176
3168
3166
2992
3004
