2659
2701
590
3971
5786
1679
2183
2215
2212
2220
1400
1620
1615
1620
2232
1226
1267
1259
2237
6963
4042
3761
3664
3643
3689
2752
2507
2465
2389
2318
2290
2278
2300
2341
2360
2392
2375
2352
2307
2321
2312
2378
2406
2448
2463
2487
2476
2503
2568
1932
1994
2082
2207
1469
1394
1421
1702
1344
1212
1276
1383
1444
1522
1561
1590
1633
1648
1691
1719
1758
1801
1845
2693
2721
2719
2744
2838
2815
2889
3054
3084
3096
2935
2904
3033
3036
3066
3096
3150
3188
3232
3253
3262
3283
3329
3383
3421
3476
3519
3593
3635
3677
3742
3800
3836
3859
3887
3933
3985
4046
4087
4110
4158
4244
4323
4385
4464
4512
4559
4598
4641
4676
4746
4796
4859
4908
4951
4992
5053
5101
5117
5152
5193
5222
5228
5270
5317
5346
5372
5422
5476
5584
5658
5728
5791
5845
5919
5976
6036
6104
6154
6159
6185
6216
6205
6235
6251
6315
6401
6488
6568
6639
6930
6936
6979
7049
7082
7139
7218
7292
7314
7398
7415
7470
7512
7566
7619
7686
7729
7763
7760
7782
7809
7846
7886
7920
7988
8059
8076
8100
8105
8136
8180
8227
8265
8321
8355
8385
8412
8416
8445
8436
8457
8449
8424
8470
8508
8547
8576
8587
8606
8654
8498
8527
8088
8119
8186
8169
8230
7717
7768
7780
7844
7870
7456
7512
7109
7131
7162
7124
7185
6606
6590
6475
6514
6530
6297
6312
5877
5884
5900
5919
5942
5576
5580
5583
5607
5563
5119
5183
4938
4945
4730
4750
4781
4434
4476
4449
4458
4466
4192
4182
3766
3757
3632
3625
3573
3389
3407
3035
3098
3147
3082
3117
2633
2635
2661
2656
2729
2293
2315
1385
1362
1391
1396
1416
1420
1489
1383
1382
1398
1269
1297
1087
1135
909
945
3769
2084
956
957
2002
1964
1937
1959
894
1261
1207
849
1003
769
872
754
742
776
775
848
779
618
653
719
611
1254
999
583
598
639
681
727
768
812
1004
1052
1099
1140
1202
1231
1313
1392
1509
1572
1602
1651
1685
1715
1790
1995
2061
2145
2202
2198
2249
2305
2359
2430
2508
2570
2629
2654
2735
2791
2858
2930
3022
3079
3103
3130
3179
3239
3312
3346
3413
3485
3515
3534
3567
3610
3656
3714
3817
3865
3906
3976
3994
4023
4045
4035
4076
4098
4090
4157
4177
4190
4249
3943
4006
3729
3762
3517
3584
3642
3394
3417
2957
2980
3019
3027
3075
2649
2657
2480
2474
2511
2281
2299
1874
1937
1954
1912
1951
1564
1630
1520
1594
1599
1137
1194
970
990
801
823
921
616
667
691
796
944
603
1027
575
621
653
715
889
554
888
585
632
696
731
827
603
951
592
634
686
583
836
594
640
542
610
844
620
953
636
679
725
741
989
621
642
529
613
869
575
973
576
638
685
706
1017
590
693
631
689
730
616
938
582
614
693
629
824
581
615
565
619
831
619
1000
619
649
669
707
1018
646
672
718
730
945
611
807
611
647
551
644
830
614
1048
691
714
750
781
977
612
646
551
562
802
605
953
618
641
701
752
968
626
663
713
772
990
592
828
626
722
527
626
892
628
868
621
676
538
565
891
564
586
645
687
953
599
751
616
694
503
592
964
573
644
647
697
814
607
1123
738
787
695
765
858
566
963
577
620
713
571
839
618
673
529
601
822
573
829
583
648
653
732
1048
621
758
630
638
690
746
971
599
783
580
650
677
738
932
571
827
581
680
609
670
1008
592
893
579
626
616
672
972
595
793
614
674
505
604
793
572
1089
619
634
657
687
699
580
872
627
692
486
557
901
583
968
601
624
684
705
743
663
885
618
649
569
647
830
612
1010
570
608
662
710
885
659
991
572
600
610
654
870
602
632
673
704
826
583
850
582
927
608
634
657
644
826
584
991
585
639
687
698
975
590
599
646
666
828
564
960
575
602
575
644
826
554
840
573
621
579
569
802
564
811
604
636
512
582
817
580
858
602
709
512
596
823
585
841
622
674
541
580
756
593
955
654
686
529
580
844
611
890
625
660
532
586
776
619
866
613
632
586
620
833
578
871
588
644
570
632
801
594
996
605
658
708
730
1006
551
636
585
639
849
573
993
567
606
623
610
804
568
786
576
614
499
569
903
582
997
605
651
694
701
989
606
656
657
679
793
617
964
607
695
652
673
868
610
975
602
637
682
704
961
599
831
617
638
691
726
932
610
977
621
652
667
704
929
602
771
613
627
501
583
839
646
936
593
684
620
651
983
585
788
669
717
763
812
849
569
1042
578
607
521
569
816
575
868
615
643
541
593
1120
576
903
585
598
542
593
823
606
871
604
625
556
583
797
600
817
653
724
664
738
1085
1874
2600
2197
1595
1736
1526
1400
8056
1031
585
1185
609
662
571
605
682
707
724
740
740
771
797
1343
1429
1134
602
611
661
777
638
633
655
703
769
763
768
790
806
833
824
838
925
941
986
1009
1082
1132
1170
1225
1219
1236
1295
1343
1406
1427
1485
1549
1639
1703
1769
1717
1769
1783
1784
1817
1835
1838
1851
1861
1910
1914
1924
1948
1692
1710
1752
1847
1907
1942
2018
2056
2066
2106
2173
2240
2334
2405
2442
2430
2454
2505
2617
2682
2742
2788
2821
2854
2885
2940
3011
3044
3131
3199
3226
3258
3292
3344
3416
3469
3537
3590
3624
3716
