5927
5948
5944
5970
5993
6079
6139
6204
6255
3861
3920
3898
3940
3959
3969
4012
3990
12674
1238
1908
5056
803
609
649
656
699
692
634
638
598
643
665
699
728
830
925
1008
1018
1469
1280
664
695
742
798
809
821
890
922
999
1023
1033
1050
1074
1085
1131
1024
920
933
972
1014
1063
1137
1137
1689
693
630
651
953
621
615
642
698
733
807
833
835
937
942
976
988
1040
1079
1121
1127
1127
1142
1148
1213
1296
1341
1406
1442
1493
1518
1461
1465
1503
1548
1608
1624
1636
1673
1705
1754
1774
1858
1919
1958
2015
2078
2137
2194
2268
2308
2377
2386
2443
2480
2527
2563
2594
2634
2677
2719
2786
2894
3010
3088
3125
3143
3171
3180
3212
3191
3203
3235
3232
3270
3313
3335
3373
3388
3423
3469
3480
3147
3029
3018
3064
3076
3052
3061
3074
3115
3115
3155
3276
3349
3337
3383
3454
3371
3381
3425
3443
3467
3505
3531
3522
3568
3607
3625
3676
3692
3717
3730
3766
3821
3853
3896
3923
3928
3925
3941
3959
3988
4067
4132
4203
4263
4343
4390
4441
4418
4460
4552
4617
4651
4754
4775
4798
4839
4854
4903
4923
4966
4977
5008
5043
5072
5134
5190
5239
5072
5133
5133
4647
4687
4333
4355
4276
4344
4394
3906
3963
3515
3540
3580
3525
3578
3102
3151
2424
2424
2439
2286
2289
1996
2025
1581
1630
1696
1443
1236
954
953
979
967
942
591
818
600
614
532
599
871
595
1025
615
674
721
680
1008
608
666
666
708
1055
601
828
593
605
535
596
968
641
933
620
663
557
612
815
611
1017
627
703
744
721
1005
594
672
630
645
912
590
1073
609
678
637
656
967
601
818
578
651
535
593
853
586
1059
592
608
664
679
1027
607
651
673
722
948
583
998
584
630
598
644
1166
689
1037
645
646
694
619
933
589
625
655
649
1041
614
667
485
573
905
636
1018
572
639
759
603
1006
620
660
692
526
920
607
637
519
602
965
596
671
549
596
838
627
1017
611
664
694
581
1007
626
612
729
601
827
585
636
514
599
1000
578
592
545
605
1045
565
599
504
554
826
546
1058
591
636
675
570
789
618
635
545
603
816
581
1029
589
609
626
634
928
590
650
521
569
900
554
968
593
604
738
574
788
579
597
511
597
934
589
615
637
688
1009
598
864
552
628
512
598
832
586
1006
581
619
662
689
931
571
617
505
577
943
561
955
576
634
709
563
950
560
606
634
628
1087
554
584
529
572
973
572
668
568
611
611
626
640
642
713
743
749
770
822
853
852
851
867
884
875
890
924
971
1009
1073
1106
1140
1161
1173
1205
984
1016
756
802
557
598
966
595
617
683
687
999
611
936
610
674
724
698
1063
591
632
545
571
945
591
629
619
652
1035
577
943
567
564
563
609
938
569
596
574
590
993
577
920
579
640
679
691
1056
563
622
531
550
915
536
602
578
591
1001
589
938
629
619
632
664
1023
596
667
542
569
948
602
636
661
732
1021
581
957
586
618
658
691
1052
625
658
533
573
832
594
1001
582
598
697
605
840
623
658
560
608
905
594
973
577
607
681
583
813
584
606
518
596
1113
592
641
520
567
979
548
1050
616
645
677
700
950
602
684
613
711
1054
609
1044
622
613
632
621
960
605
612
633
712
1015
602
800
584
660
495
551
1079
605
621
669
701
1028
596
798
583
642
494
563
970
606
680
585
660
1010
600
977
592
642
689
698
1032
611
657
504
568
924
588
1026
637
651
700
606
949
577
598
631
696
1039
595
628
522
591
832
631
1142
586
620
710
622
835
607
598
539
597
950
612
653
674
720
1073
608
838
619
698
530
596
960
595
634
624
657
1025
605
751
579
597
541
587
826
581
958
590
599
660
607
850
600
632
549
599
815
583
1016
584
601
632
681
1006
581
598
624
717
1022
562
911
605
603
640
682
957
568
578
636
712
1036
567
813
586
611
535
587
936
589
607
602
651
1008
608
810
568
608
541
575
825
598
1001
587
623
717
596
853
611
626
535
586
820
633
1015
629
693
739
778
1019
618
641
522
667
855
593
1019
592
612
726
606
816
614
634
533
604
834
594
1137
615
637
779
586
792
610
687
538
613
946
611
641
549
556
826
587
1114
594
648
705
604
945
590
603
653
689
1038
611
658
531
576
877
599
984
572
579
668
579
918
611
621
629
637
1023
592
617
574
614
881
610
990
579
584
676
599
820
625
637
562
609
914
602
636
608
623
1244
805
913
2400
1033
1489
15996
827
843
618
593
643
658
674
719
853
910
913
978
1046
1146
1147
1070
1087
1109
1120
1147
1145
583
579
602
620
608
603
612
620
624
623
651
618
691
765
833
902
959
1019
1053
1125
1183
1291
1345
1222
1257
1272
1289
1307
1317
1330
1362
1396
1429
1465
1514
1531
1561
1590
1623
1632
1646
1691
1718
1756
1840
1884
1953
1996
2000
2039
2067
2126
2195
2299
2374
2409
2442
2482
2528
2566
2642
2733
2825
2906
2952
3035
3061
3129
3181
3253
3307
3355
3382
3436
3487
3464
3467
3526
3580
3660
3716
3748
3818
3786
3817
3869
