5448
5530
5636
5683
5738
6218
6240
4511
2184
1676
1972
2238
2097
2097
1765
1800
565
726
1896
2209
6695
2185
1082
871
1555
1130
788
723
763
743
1116
1448
1472
1021
877
2904
1314
2306
992
1500
2408
1212
822
665
653
748
1249
602
2414
718
621
617
640
856
858
875
873
918
960
1001
1045
1070
1055
1088
1121
1162
1210
1091
1098
1100
4430
597
637
732
760
771
886
1197
1236
1153
1160
1174
1171
1239
1331
1407
1465
1500
1549
1600
1658
1713
1778
1846
1908
1989
2070
2100
2279
1774
1828
1830
1861
1858
1889
1868
1928
1977
2035
2008
1974
2000
2019
2109
2050
2069
2161
2144
2168
2232
2306
2353
2444
2533
2591
2571
2578
2591
2665
2743
2835
2874
2897
2871
2895
2918
2956
3009
3047
3121
3221
3217
3288
3296
3326
3431
3506
3548
3588
3586
3614
3664
3675
3701
3739
3750
3810
3809
3869
3904
3925
3932
3974
4049
4133
4170
4196
4226
4262
4274
4271
4334
4422
4449
4476
4483
4504
4551
4555
4608
4650
4715
4736
4736
4743
4761
4780
4817
4866
4890
4962
4976
4988
4995
5031
5093
5161
5179
5214
5285
5342
5345
5421
5473
5535
5521
5506
5357
5548
5648
5698
5784
5841
5900
5972
6018
6079
6132
6221
6282
6352
6390
6433
6471
6511
6552
6566
6638
6672
6706
6733
6761
6807
6832
6889
6945
7029
7102
7181
7236
7280
7298
7301
7347
7400
7454
7477
7486
7518
7578
7497
7521
7574
7211
7231
6811
6785
6808
6732
6765
6454
6461
6267
6300
6297
6050
6041
5598
5630
5665
5661
5679
5232
5244
5069
5086
5066
4835
4844
4368
4384
4372
4255
4250
4088
4123
3960
3950
3951
3606
3588
3562
3597
3574
3145
3164
2867
2880
2677
2713
2780
2378
2365
2354
2357
2347
1925
1951
1568
1587
1620
1571
1585
1118
1126
1063
1057
1084
822
945
558
587
731
614
887
585
656
555
596
1000
597
681
666
715
1008
631
942
592
642
730
673
1017
596
601
522
585
918
594
621
619
637
1000
595
955
616
690
732
678
1019
590
655
545
614
880
582
986
591
611
649
585
845
600
630
535
602
825
590
1028
608
643
721
603
822
578
633
528
580
1049
570
606
631
659
981
573
931
561
557
574
549
905
586
584
559
593
962
591
647
617
636
958
566
788
583
637
531
567
942
606
701
649
707
1030
569
932
1125
966
979
998
1045
750
782
641
739
878
565
1015
607
590
608
552
851
580
606
542
609
970
606
701
699
747
1058
615
1039
611
607
595
602
846
582
624
481
576
898
631
1044
599
592
602
617
978
572
584
575
583
865
570
598
758
842
1134
607
969
612
648
687
697
965
608
668
558
631
864
607
941
590
631
676
721
1050
604
620
532
601
847
616
994
632
697
759
758
1086
585
606
570
589
937
606
618
626
674
941
602
812
578
595
532
597
921
592
629
630
678
1058
573
935
586
627
728
583
855
582
617
529
554
935
586
610
548
581
842
578
941
598
612
636
632
961
601
643
536
617
873
581
1003
570
593
737
572
961
553
550
650
571
782
582
583
534
592
833
622
1032
589
625
635
564
904
645
670
700
739
1015
599
635
645
684
977
603
910
615
665
709
743
777
561
987
618
689
679
716
1014
606
619
676
697
925
573
769
570
584
570
624
783
591
1013
609
646
658
636
966
605
626
657
706
761
612
1001
629
660
587
625
961
604
827
603
674
538
598
793
581
947
602
625
637
606
803
596
979
574
612
663
635
1053
633
660
556
575
752
556
973
577
650
675
660
1024
589
622
857
907
870
650
979
554
617
629
792
1034
581
804
605
628
564
589
916
590
621
635
689
1014
608
839
604
684
599
626
987
608
840
619
694
686
701
968
605
760
596
602
560
599
816
574
959
594
589
632
671
859
579
1002
614
670
713
735
964
610
684
680
726
870
618
1027
607
639
638
656
955
576
773
603
621
523
545
791
612
907
617
651
562
617
812
607
986
601
612
631
658
909
585
587
641
703
1054
598
768
611
617
569
595
757
629
1029
569
576
611
629
796
618
1011
601
623
636
559
775
575
592
529
576
841
611
907
627
652
536
602
791
570
1042
606
623
645
641
928
582
577
600
659
830
575
990
608
637
518
552
795
584
1038
582
612
612
617
859
632
679
651
712
950
607
948
605
624
654
676
936
616
812
594
631
545
617
798
620
955
604
623
547
585
781
615
974
636
678
743
727
1024
584
591
595
587
1863
1456
1605
803
731
854
1422
841
959
851
939
825
1719
740
759
721
743
702
734
757
734
738
767
745
745
765
717
743
735
769
794
743
743
726
815
923
1239
2087
2130
2128
2135
2459
1279
1825
2676
3529
4377
5083
6168
6942
7652
8339
9300
9954
10608
11626
12268
12926
11464
11683
11628
11552
11492
11439
11430
11521
11557
11510
11479
11511
11506
11486
11478
11453
11472
11526
11495
11552
11607
11661
11700
6313
6295
6254
6335
6360
6368
6190
6216
6247
6306
6354
6397
6408
6485
6517
6478
6512
6537
6550
6578
6620
6752
6809
6899
6954
7039
6994
7041
7089
7156
7156
7209
7244
7273
7340
7387
7435
7469
7516
7561
7642
7661
7687
7720
7771
7808
7824
7892
7915
7980
8036
8080
