5036
5053
5104
5121
5132
5226
5234
3140
3542
10495
6923
6481
6440
6137
6132
5603
5064
5067
4895
4875
4888
2602
7570
1821
1520
1510
1528
1606
655
668
693
648
614
1496
1557
1604
1616
1633
1660
1678
1734
1797
1824
1850
1008
859
913
933
942
1019
1073
1111
1150
1189
1219
1285
1363
1404
1468
1496
1544
1634
1705
1775
1788
676
678
584
613
596
656
650
606
629
803
689
692
739
780
793
810
840
932
976
1044
1113
1085
1101
1132
1135
1159
1192
1235
1321
1350
1386
1430
1464
1504
1595
1640
1733
1817
1694
1734
1794
1841
1927
1968
2056
2066
2059
2084
2072
2124
2193
2250
2304
2325
2324
2352
2355
2371
2413
2452
2508
2515
2564
2584
2603
2632
2638
2665
2730
2794
2837
2887
2897
2939
2970
3002
3033
3069
3132
3179
3218
3301
3347
3378
3413
3429
3459
3498
3537
3586
3706
3778
3869
3408
3453
2980
2978
2822
2856
2874
2589
2604
2312
2317
2087
2084
2090
1762
1809
1337
1393
1448
1315
1344
902
879
909
925
950
653
1006
633
690
748
739
1003
602
821
614
658
567
618
824
591
972
589
646
706
728
955
636
1033
612
632
675
696
844
583
1059
595
577
594
577
963
596
643
585
639
1094
588
825
606
643
548
588
823
578
926
584
645
588
617
802
621
1058
586
600
623
619
778
597
1044
612
613
636
695
1098
607
638
692
680
879
647
1026
616
647
695
578
681
633
979
642
724
631
719
1068
590
890
609
639
546
618
838
610
917
603
678
545
624
879
648
875
640
658
539
592
839
613
838
595
660
551
620
830
590
1044
627
626
669
689
900
621
1060
628
714
787
761
998
622
667
668
724
946
588
1008
617
626
656
697
1000
590
858
599
617
139938
652
829
612
603
642
727
1006
604
637
545
579
863
599
1007
586
603
762
614
958
599
626
662
698
1062
601
651
532
570
858
604
1047
615
671
775
582
864
627
654
561
608
833
620
1133
604
637
668
566
838
601
656
528
605
842
623
937
593
632
725
579
809
608
691
577
594
825
604
944
585
646
706
768
1024
634
723
727
783
992
581
794
596
656
571
597
815
602
981
587
618
690
594
799
579
593
539
585
1096
569
601
650
666
1066
599
920
619
660
677
724
1028
602
615
626
656
1049
596
944
580
604
683
611
885
576
567
556
587
922
648
630
627
649
1018
586
795
590
611
542
609
756
619
1058
585
636
680
672
1043
635
696
562
580
752
601
1036
594
618
695
600
772
624
698
568
593
940
558
555
567
582
908
581
796
591
611
583
623
927
610
610
658
707
1028
604
936
596
616
608
618
895
563
574
549
589
839
627
1017
615
660
707
758
994
598
612
629
692
1022
608
941
584
595
609
612
994
614
646
519
582
982
613
641
668
695
1003
597
916
602
599
613
655
1034
592
645
483
535
1063
579
564
604
612
933
603
920
602
583
657
696
1005
593
641
531
607
1092
599
801
621
632
584
637
818
595
1306
654
714
885
585
787
582
618
506
585
847
589
1009
615
678
775
709
1036
611
620
650
675
1051
595
966
602
606
600
605
893
616
609
565
623
874
610
990
603
612
700
625
806
602
662
510
605
988
603
625
585
643
1018
604
860
618
1834
1371
2117
2177
2252
2260
2342
832
18154
978
788
1603
675
666
643
695
731
1135
621
677
752
804
658
601
690
733
750
815
795
864
898
980
1062
1113
1179
1209
1215
1226
1227
1263
1269
1272
1343
1385
1433
1503
1551
1593
1636
1698
1780
1803
1821
1814
1822
1846
1877
1892
1919
1955
1937
1963
1996
2063
2114
2184
2208
2226
2261
2288
2342
2369
2373
2427
2476
2493
2555
2603
2656
2693
2793
2857
2955
3037
3134
3214
3245
3237
3256
3281
3305
3324
3351
3389
3440
3485
3525
3572
3631
3652
3669
3693
3739
3765
3795
3815
3833
3845
3866
3892
3927
3977
4003
4034
4074
4090
4141
4196
4216
4237
4238
4265
4303
4309
4346
4357
4389
4411
4470
4527
4596
4635
4717
4762
4822
4898
4960
5023
5049
5016
5026
5042
5046
5052
5085
5140
5202
5230
5273
5349
5411
5515
5554
5555
5588
5577
5588
5587
5609
5610
5620
5658
5685
5699
5752
5804
5809
5826
5820
5850
5861
5886
5936
5966
5973
6011
5994
6021
6039
6070
6109
6147
6223
6246
6271
6338
6349
6356
6386
6445
6342
6389
6097
6166
6234
5781
5788
5370
5356
5368
5171
5201
4877
4888
4698
4720
4730
4289
4271
4238
4228
4242
3833
3866
3481
3475
3447
3451
3435
2944
2950
2964
2999
3035
2613
2607
2360
2328
2281
2314
2343
1893
1891
1574
1566
1342
1363
1379
1062
1077
612
636
657
667
954
583
621
655
673
998
606
799
567
613
569
575
939
587
584
568
570
940
558
802
593
651
533
549
777
617
1036
544
564
573
558
967
605
639
672
708
1019
619
4868
589
607
612
627
641
648
703
716
755
799
853
891
911
941
994
1043
1116
1146
1214
1304
1363
1465
1505
1524
1548
1570
1580
1603
1627
1645
1676
1416
1493
1009
1059
1125
1094
1128
628
709
651
708
912
634
1016
592
650
509
566
829
593
885
596
640
573
598
840
617
1000
586
605
653
691
985
565
633
516
594
874
615
884
599
635
528
563
991
