3793
3880
3961
3990
3707
5575
5373
3316
2924
1849
1874
1956
1902
1936
1943
1894
1933
1944
1896
1903
2604
590
559
1151
2046
2184
4101
2972
553
558
581
540
571
562
679
593
620
510
1765
5170
667
1562
659
664
709
1159
628
700
758
773
798
816
852
849
810
852
931
995
1043
1072
1098
1112
1157
1161
1187
1246
1293
1294
1418
1462
860
940
1010
1056
1091
1121
1209
1243
1261
1380
1473
1501
1504
1515
1559
1626
1715
1860
1954
1995
1974
2016
2088
2174
2329
2419
2486
2525
2581
2674
2731
2756
2630
2665
2696
2758
2232
2316
2394
2440
2440
2485
2456
2452
2503
2538
2605
2662
2718
2756
2823
2870
2937
3009
3050
3104
3165
3209
3255
3289
3347
3435
3509
3548
3611
3658
3674
3763
3812
3875
3922
3951
3996
4043
4084
4136
4159
4163
4185
4205
4224
4230
4257
4295
4328
4359
4399
4457
4506
4534
4594
4640
4681
4682
4694
4699
4714
4771
4807
4830
4841
4868
4872
4894
4974
5066
5165
5221
5277
5307
5402
5480
5543
5487
5521
5539
5546
5563
5578
5611
5641
5667
5711
5735
5759
5803
5866
5920
6014
6080
6097
6191
6207
6234
6272
6346
6045
6128
5891
5904
5956
5677
5773
5341
5394
5422
5231
5238
4954
4966
4116
4102
4094
4076
4079
3714
3758
3814
3815
3732
3329
3306
3148
3191
3203
2948
3029
2551
2605
2600
2427
2438
2218
2282
2104
2174
2251
1760
1755
1743
1790
1819
1383
1428
1135
1078
983
994
1053
601
658
676
703
967
599
991
632
649
645
650
875
587
648
545
604
826
572
963
596
623
747
587
853
587
700
572
595
899
553
580
588
607
859
601
936
599
613
657
675
936
559
604
507
574
1049
605
608
626
636
924
585
941
610
655
718
684
1019
936
594
628
700
737
613
1069
599
641
697
625
874
624
659
547
600
780
580
976
626
638
682
571
780
592
656
562
584
963
603
609
633
662
1003
583
919
578
580
592
594
903
572
604
532
570
966
589
597
613
672
989
578
857
584
615
562
585
891
638
689
657
665
966
631
910
560
577
588
785
940
598
662
568
571
770
554
984
616
644
669
558
778
562
592
571
618
930
591
621
636
649
996
618
893
611
621
605
647
900
579
589
573
581
786
620
958
593
627
671
649
1028
574
597
531
547
909
611
693
661
677
992
586
984
617
617
619
622
866
591
646
539
555
819
605
899
575
640
674
705
1038
605
624
582
613
802
596
961
605
676
756
719
966
610
661
521
609
1032
590
618
654
692
944
586
808
603
638
555
621
951
614
657
679
728
983
595
1013
584
597
615
546
790
625
632
536
527
895
621
637
572
602
820
616
978
626
683
694
689
953
627
685
578
639
824
610
1012
591
604
702
586
932
589
609
636
575
844
608
622
562
614
829
626
951
582
628
703
600
946
614
636
664
741
1000
631
727
747
806
1043
616
956
653
691
748
772
890
580
1041
600
620
645
691
959
621
669
705
716
943
610
812
593
657
560
643
771
614
1014
617
597
627
656
935
635
697
703
694
831
612
972
653
709
728
577
784
598
851
586
691
557
594
781
601
925
590
603
642
670
870
564
989
569
568
649
602
943
586
638
558
580
794
564
961
576
639
710
679
1034
618
632
702
725
848
604
998
590
636
667
678
948
596
767
593
642
539
540
877
553
557
578
619
973
592
794
615
661
628
649
978
617
833
614
681
658
681
964
603
773
619
611
516
555
786
591
976
618
633
687
713
834
601
1004
598
669
710
729
979
594
666
628
639
758
609
1001
606
668
680
685
963
612
769
579
602
564
560
783
602
892
624
652
585
607
759
602
1026
588
610
623
639
886
594
638
692
754
1036
604
855
614
657
565
580
790
592
970
597
594
627
621
800
584
969
601
602
617
544
786
620
649
533
594
824
598
832
612
616
533
586
793
570
1070
633
691
767
768
1015
604
659
676
687
832
600
978
609
655
505
575
933
618
971
604
689
748
717
1033
628
684
674
744
946
631
984
608
638
645
655
929
600
725
594
610
560
584
767
613
888
622
658
528
592
805
607
1001
627
629
642
669
883
588
630
666
710
1041
561
748
586
621
605
648
1046
559
815
582
625
535
566
790
598
1017
591
621
648
685
1298
606
637
675
722
906
615
982
614
638
640
649
914
600
815
602
622
644
691
888
591
744
561
562
591
610
987
585
1127
910
1045
1006
1015
1453
941
1067
977
10583
7582
3740
1813
725
731
632
573
645
652
717
716
753
819
888
887
911
935
929
946
1012
1025
1006
1062
1086
1122
1152
1248
1248
1229
1296
1362
1428
1500
1511
1555
1577
1554
1563
1578
1595
1592
1663
1678
1750
1815
1837
1851
1907
1927
1968
2035
2046
2062
2110
2172
2226
2282
2324
2375
2417
2456
2493
2539
2621
2701
2762
2819
2898
2907
2936
2936
2951
3013
3084
3143
3242
3321
3400
3518
3554
3580
3620
3682
3739
3778
3830
3851
3869
3891
3912
3935
3972
4040
4093
4136
4175
4232
4289
4312
4379
4438
4478
4520
4575
4615
4657
4718
4789
4835
4895
4944
4988
5024
5059
5099
5158
