2532
2590
974
2453
2482
2457
2500
2484
1043
900
691
10541
999
1232
1462
1089
1259
1006
870
648
657
700
719
745
767
797
836
938
1028
1068
1122
1135
774
699
714
799
666
716
740
801
901
959
1015
1062
1094
1135
1153
1150
1220
1306
1348
1415
1446
1471
1436
1448
1506
1588
1609
1633
1660
1003
750
727
811
645
652
687
725
711
756
795
830
846
913
973
988
1008
1035
1071
1064
1073
1119
1157
1178
1237
1276
1331
1376
1417
1487
1537
1658
1736
1816
1779
1781
1774
1800
1807
1825
1862
1897
1898
1924
1918
1933
1948
1955
1973
1978
2027
2041
2080
2124
2160
2220
2257
2307
2307
2305
2338
2378
2430
2527
2605
2691
2796
2861
2783
2859
2529
2611
2676
2538
2529
2140
2136
1986
2066
2095
1858
1910
1382
1396
1424
1432
1522
1079
1062
1012
1006
1025
566
842
601
629
524
567
835
559
1000
591
629
665
718
988
604
615
648
684
860
602
994
582
689
565
572
746
607
890
584
647
596
612
790
625
1029
585
590
613
613
857
579
593
522
612
847
592
879
625
652
571
679
988
590
589
593
655
987
585
826
579
603
514
593
792
575
869
592
618
560
623
820
586
1085
600
635
679
718
1005
609
705
706
755
989
599
784
615
629
579
620
985
605
819
584
611
545
606
784
610
1008
618
666
686
716
983
592
581
607
650
937
636
834
617
646
527
575
855
579
836
622
633
563
614
813
624
985
595
608
634
653
868
596
625
659
695
1013
582
802
581
613
568
596
744
603
1044
591
600
635
567
775
615
654
603
636
974
592
766
582
622
541
631
862
588
1001
602
653
658
695
1058
605
663
684
693
832
612
920
626
600
537
574
841
616
894
625
630
550
610
808
604
1018
586
595
611
613
847
576
634
657
719
1022
605
794
612
646
582
642
974
598
877
585
605
557
614
805
589
1160
618
647
512
583
825
600
821
591
599
555
618
831
607
973
598
623
673
729
1042
549
576
617
684
958
593
822
618
693
668
706
976
620
836
607
628
552
630
964
623
680
579
611
948
591
653
670
697
1003
599
942
593
662
746
602
761
635
603
565
575
886
605
649
533
580
1000
598
617
567
613
938
609
631
538
604
942
562
634
674
691
1124
618
589
606
655
911
604
956
600
612
659
568
931
608
650
666
623
856
618
687
556
611
919
616
654
532
608
824
602
1007
596
630
720
598
812
590
630
550
589
903
592
601
641
688
935
604
797
618
644
573
613
790
612
975
604
652
686
715
950
607
652
575
657
753
602
1017
611
631
689
576
926
596
641
681
709
1077
569
584
502
564
922
717
951
567
717
880
584
743
589
624
555
616
815
606
1039
587
618
671
548
832
577
662
505
584
948
546
598
568
602
978
581
953
583
608
670
679
986
595
632
500
586
836
598
989
601
638
656
603
839
598
634
551
607
822
616
980
605
597
595
619
884
611
688
573
605
829
594
988
572
566
632
565
776
605
604
579
604
805
624
1081
588
597
629
575
773
567
637
568
590
856
595
623
674
711
954
628
842
605
633
579
625
790
613
965
590
644
677
688
954
618
683
634
703
925
619
832
627
647
561
599
906
590
609
640
687
963
593
946
588
605
636
657
1002
573
593
618
640
889
624
897
597
619
662
714
1040
561
639
553
624
798
598
978
613
633
677
726
945
609
631
670
711
968
617
820
601
647
511
591
992
614
652
674
723
844
618
1001
632
697
590
622
823
592
1008
597
608
657
696
922
604
661
693
709
956
589
1243
1038
567
590
622
651
694
756
612
614
648
587
842
620
661
542
612
794
607
992
621
703
742
723
1004
613
681
545
584
983
625
573
578
603
944
586
918
608
610
605
664
904
580
607
619
636
889
578
793
601
602
528
578
1036
569
601
636
676
917
630
800
610
628
549
615
832
629
1014
624
658
692
725
960
597
650
525
627
884
602
1029
599
612
627
638
850
606
653
577
607
775
571
962
610
675
703
740
974
608
652
668
716
985
622
817
643
705
548
583
930
572
656
631
684
1024
606
796
612
630
580
581
816
583
935
564
597
643
663
976
616
640
543
605
799
600
964
584
602
651
696
975
644
628
548
585
1186
618
896
595
609
550
608
953
641
714
699
768
940
593
1697
1412
2617
1377
1446
896
16678
8056
665
6219
1821
674
707
749
812
874
927
963
1032
1108
1139
1199
1262
1663
1020
931
1016
1109
1135
1229
1229
1213
1205
1177
1206
1272
1338
1367
1437
1459
1475
1381
1384
1495
1503
1563
1600
1634
1687
1778
1830
1849
2072
2139
2191
2236
2237
2301
2363
2408
2476
2567
2603
2629
2660
2710
2705
2740
2792
2851
2939
2960
2978
2991
3020
3056
3102
3147
3223
3296
3382
3472
3539
3593
3650
3715
3783
3814
3867
3948
3990
4043
4085
4103
4149
4180
4240
4269
4299
4355
4412
4468
4516
4573
4617
4693
4750
4797
4880
4940
5028
5100
5165
5198
5238
5286
5363
5427
5482
5554
5572
