5633
5661
5392
5377
4918
4772
2940
3077
3051
12591
1792
5445
696
624
660
606
624
670
749
600
632
624
689
666
682
752
736
756
781
850
975
658
688
732
794
796
778
833
901
959
1013
1082
1112
1109
1129
1179
1093
1113
1090
1148
1192
1209
1230
1277
1321
1385
1450
1506
1555
1589
1598
1151
1149
904
719
608
650
757
740
725
792
778
787
959
1073
1119
1174
1218
1290
1313
1365
1452
1481
1540
1555
1593
1658
1717
1780
1856
1911
1803
1805
1834
1849
1880
1955
2037
2076
2125
2144
2163
2211
2238
2310
2435
2525
2570
2612
2589
2600
2626
2655
2732
2825
2858
2937
2977
3012
3077
3138
3172
3222
3263
3313
3361
3397
3424
3481
3520
3535
3570
3574
3575
3595
3622
3628
3676
3718
3784
3836
3837
3858
3899
3955
4018
4087
4109
4139
4189
4244
4294
4351
4441
4491
4540
4581
4669
4697
4740
4750
4804
4804
4806
4856
4861
4860
4893
4918
4925
4968
5043
5123
5202
5266
5333
5421
5469
5557
5647
5729
5780
5838
5860
5892
5882
5922
5991
5644
5707
5752
5672
5680
5387
5412
4973
4980
4957
4942
4937
4492
4482
4516
4514
4529
4121
4139
3910
3904
3896
3911
3916
3669
3630
3193
3209
3207
3276
3310
2918
2915
2658
2639
2623
2653
2661
2249
2283
2009
1989
1967
1984
2000
1556
1564
1322
1320
1185
1191
1204
970
1001
576
578
582
618
921
596
596
601
641
928
567
897
618
646
523
548
784
559
1086
591
590
657
567
778
591
633
550
578
747
547
1005
598
616
643
677
1002
582
614
645
670
958
563
806
604
655
567
602
772
594
1005
613
626
640
666
997
608
629
646
660
911
579
765
597
656
565
590
826
580
947
599
674
708
694
1044
611
627
662
681
961
599
813
589
650
572
603
751
565
961
593
609
616
635
834
573
966
574
611
651
643
953
563
572
662
673
958
578
786
589
613
518
575
791
663
1429
1046
620
665
750
768
791
870
923
987
1029
581
795
592
575
533
584
834
589
824
591
645
528
572
837
582
928
626
612
630
671
980
620
686
684
695
891
619
862
615
639
517
554
808
629
857
652
689
490
558
1202
931
992
584
599
617
639
923
625
667
708
709
1025
595
822
591
670
655
704
999
615
934
637
634
703
618
945
601
637
671
558
809
583
598
553
622
961
559
580
579
574
969
630
710
742
775
1027
603
996
579
634
692
661
889
619
641
521
592
931
538
628
624
662
1048
580
872
586
646
708
642
821
605
591
554
639
931
589
626
518
570
1021
616
644
654
714
1028
629
1184
582
589
610
628
796
577
569
520
626
862
607
1004
605
634
663
573
808
602
651
545
600
792
566
1028
633
636
666
566
802
603
635
570
593
929
605
633
661
729
1040
636
802
598
624
558
589
801
626
1018
618
668
719
738
969
612
614
663
733
1055
575
812
583
616
561
608
841
608
940
607
626
692
746
956
589
614
546
646
872
614
1004
608
669
691
727
1033
596
603
538
615
868
599
991
589
669
736
713
1064
621
678
564
646
832
613
1101
612
655
647
615
859
617
657
558
586
776
596
1006
640
684
684
616
849
614
659
547
625
806
605
995
643
660
694
734
967
623
655
556
587
864
602
985
621
685
705
764
1007
633
688
532
566
806
635
1028
621
697
774
750
1026
597
625
672
705
978
610
792
593
600
550
598
961
564
579
588
592
956
604
769
600
655
520
634
917
637
958
620
688
688
701
989
634
650
683
718
970
591
798
603
647
519
625
907
610
882
644
701
564
621
954
604
622
672
694
987
630
800
582
617
546
604
892
662
971
620
663
670
662
989
568
627
651
682
895
593
956
589
587
603
599
901
640
646
531
555
844
617
998
629
663
643
559
805
627
664
549
569
931
594
615
661
689
1374
1135
1176
625
1004
1284
1267
976
1343
1167
1124
1157
1259
1333
1456
1484
1556
1582
1610
1655
1735
1790
1847
1909
2017
1586
1636
1557
1598
1694
1197
1212
787
828
867
737
967
574
605
502
558
939
557
677
627
662
967
572
842
573
649
510
591
854
577
1026
577
634
661
678
974
548
610
514
593
793
586
971
575
641
742
600
809
593
642
571
613
828
627
977
591
636
739
608
860
589
626
556
592
821
608
973
614
633
707
717
958
605
637
653
711
1289
574
1106
604
588
626
591
919
573
570
557
584
818
593
980
591
632
652
666
1023
626
635
658
679
974
574
917
614
670
809
611
888
609
599
548
623
1277
1107
1358
960
947
863
583
890
1312
1381
1119
933
702
1114
1111
1117
1080
1078
1300
1116
1090
1099
1130
1114
1075
1084
1104
1103
1124
1051
1114
1067
1081
1518
558
1121
541
577
7177
1819
1144
848
698
686
621
630
705
755
829
796
793
808
816
799
839
879
940
965
1014
1035
1107
1173
1240
1196
1257
1268
1339
1355
1391
1437
1506
1525
1603
1589
1658
1631
1652
1669
1723
1721
1777
1829
1865
1921
1975
2024
2096
2146
2208
2224
2282
2324
2454
2533
2600
2633
2675
2665
2671
2676
2694
2732
2812
2837
2859
2882
2911
2967
3055
3101
3129
3165
