2492
2546
923
953
993
1008
1070
1097
1088
1080
1083
1136
1214
1291
1351
1421
1106
1143
912
931
941
662
1000
573
590
631
656
1064
581
611
549
558
783
586
1046
596
644
688
569
814
593
661
519
581
806
570
1035
600
1312
1089
1176
562
1114
1136
1118
1950
1218
1003
829
708
607
644
1205
1520
1232
1412
1377
657
587
625
684
755
794
1474
6063
6059
6080
5688
4644
4525
4414
4285
4241
4265
4211
4099
3238
2935
2789
2606
2588
2576
2481
2519
2551
2574
3305
3249
3236
3128
3094
2911
2790
2675
2574
2318
2219
2091
1966
1741
1655
1545
1445
1354
1339
1224
1162
1209
1201
1255
1322
1611
1675
1748
1778
1873
1867
1604
1440
1310
1232
1144
1021
933
812
708
630
542
504
557
554
588
520
516
522
534
560
564
634
695
931
1030
1101
1118
8229
1260
971
765
656
634
696
753
702
704
697
689
920
765
697
712
2285
1100
913
612
585
589
640
579
558
595
1114
997
918
948
921
962
964
946
1001
1133
1153
1107
1055
1083
2017
1069
658
673
714
711
713
820
854
940
964
1015
1034
1048
1135
1224
758
784
824
877
926
959
1079
1148
1097
1044
1079
966
1009
1251
659
597
595
606
619
648
747
801
571
597
638
707
778
846
741
765
696
710
738
776
823
876
931
988
1049
1089
1118
1145
1171
1243
1387
1457
1285
1280
1308
1348
1423
1472
1537
1558
1574
1604
1634
1694
1790
1858
1912
1996
2015
2052
2104
2077
2141
2224
2257
2340
2328
2367
2390
2412
2455
2536
2586
2642
2676
2706
2652
2700
2739
2774
2823
2249
2152
2186
2260
2328
2349
2345
2321
2287
2109
2146
1629
1616
1605
1580
1632
1099
1135
1085
1063
1446
931
1003
592
630
892
564
900
561
577
502
582
900
566
1051
601
642
725
648
1101
576
607
545
597
897
786
1063
553
605
689
694
1150
586
615
663
722
1027
549
860
571
644
888
943
904
605
1012
596
641
795
545
887
600
680
555
580
1120
621
661
674
706
1070
559
3520
646
671
704
741
785
845
922
1010
1059
1202
1233
1302
2118
2198
2095
2117
2107
1871
1854
1854
1886
1881
1608
1655
1143
1154
1224
948
1169
588
598
622
680
1050
592
612
524
594
1121
657
1425
1004
970
807
847
1012
557
622
568
632
1044
596
1043
593
668
719
680
1139
572
605
507
586
845
604
1565
1059
951
2908
609
616
643
679
735
762
796
861
896
935
959
991
1001
1039
881
894
960
917
1119
567
676
549
662
903
588
1020
585
568
764
619
830
634
691
546
591
831
560
1061
555
604
753
574
849
556
606
535
626
977
580
1006
588
660
675
603
1101
587
668
1201
976
980
882
1357
937
773
651
566
947
972
1414
626
678
735
611
1041
1662
1898
1860
1743
1866
1126
630
640
677
719
754
886
934
972
1062
1106
1155
1205
1334
1228
1080
713
794
674
8070
1687
849
639
588
649
618
687
1002
1066
1039
1014
1041
1128
1263
1107
1069
1138
1134
1099
1015
920
1573
1464
1331
1177
1068
974
889
1936
700
621
1375
593
632
661
640
608
703
736
9490
1124
861
714
1057
1128
667
659
688
643
736
814
682
10510
1193
909
658
1095
1110
781
1141
1028
795
646
535
1073
1059
1550
1434
1386
1304
1216
1208
1145
1188
1177
1118
1168
1213
1194
1232
1140
1130
1128
1134
1194
1200
1244
1286
1327
1246
1207
1282
1321
1286
1326
1336
1353
1421
1483
1471
1487
1523
1538
1567
1589
1598
1603
1661
1688
1693
1740
1752
1751
1790
1839
1877
1969
2073
2129
2221
2304
2216
2138
2174
2227
2304
2333
2380
2442
2486
2541
2589
2618
2666
2729
2780
2826
2868
2946
3010
3088
3118
3188
3237
3303
3350
3389
3434
3506
3528
3562
3580
3592
3596
3593
3619
3672
3699
3705
3721
3762
3839
3922
3979
4026
4070
4050
4102
4085
4113
4174
4222
4277
4869
4888
4879
4904
4963
5035
5099
5171
4777
4598
4646
4675
4755
4790
4878
4899
4955
4762
4783
4843
4900
4967
5048
5117
5178
5221
5238
5318
5360
5432
5501
5507
5552
5607
5651
5715
5789
5861
5894
5964
5969
6036
5644
5707
5790
5829
5894
5911
5922
5907
5917
5945
5911
5944
5986
6017
6043
6087
5977
5985
5829
5851
5864
5318
5349
4977
5039
150604
641
644
590
657
666
683
719
1209
634
637
913
631
637
662
666
694
710
935
970
589
664
693
736
5751
651
687
759
785
1036
917
850
883
925
940
1756
1829
1878
1940
1966
2005
2243
2386
2718
2876
3835
3742
3761
5397
706
1042
725
1588
1576
1566
1531
1614
1724
1821
1846
1855
1912
2153
2199
2226
2304
2357
2372
2845
2904
4879
1018
1410
1302
1368
816
697
698
772
808
841
940
981
1050
1134
1174
839
871
929
1000
4400
4241
3625
3169
3162
2944
2808
2815
2571
2617
2664
2696
2218
2206
2233
2249
2295
2327
2315
2352
2354
2381
2248
3454
3558
3634
3650
3667
3530
3137
3073
3174
3201
3245
3288
3281
3137
3093
3110
3194
3296
3360
3386
3062
3096
3171
3221
3292
3389
3460
3474
3229
3337
3412
3379
3405
3478
3524
4309
1289
1078
1017
1003
990
979
1002
1020
1134
592
638
699
717
1081
1037
1040
1066
1108
1154
1185
1252
1315
1333
1524
797
608
1014
1051
976
992
1044
1103
1160
1175
1214
1313
1348
1347
1385
1408
1456
1501
1549
1555
1525
1553
1570
1620
1666
1735
1797
1822
1923
1831
1828
1760
1776
1814
1729
1566
1564
1586
1625
1702
1754
1790
