4761
4805
5077
5150
5229
5253
5219
3409
3302
3414
5349
7861
1860
2100
2795
2399
2268
2261
1216
1202
1180
1165
1171
1224
1255
969
744
747
772
798
839
930
1151
996
968
1045
1087
1196
1216
1230
1214
1255
1343
1388
1453
1523
1563
1597
1652
1731
1751
1834
1908
1445
1464
1503
1554
1582
1602
1681
1685
1611
1486
1524
1604
1601
1492
1113
1097
786
801
852
920
993
1042
1069
1092
1095
1145
1224
1298
1386
1463
1547
1582
1612
1628
1674
1748
1796
1852
1947
1994
1985
2024
2048
2108
2192
2247
2322
2347
2407
2462
2515
2560
2628
2685
2742
2780
2799
2855
2934
2974
3033
3105
3157
3189
3226
3266
3276
3300
3339
3379
3440
3495
3494
3541
3595
3620
3690
3774
3830
3899
3945
3968
4029
4068
4100
4120
4134
4139
4177
4185
4183
4258
4310
4338
4349
4367
4380
4546
4594
4676
4728
4724
4756
4822
4880
4937
4975
5060
5169
5251
5326
5421
5511
5545
5575
5605
5639
5670
5708
5774
5822
5865
5901
5905
5985
6034
6082
6135
6183
6239
5969
6026
5948
6006
6100
5669
5742
5207
5209
5248
5245
5226
4892
4933
4629
4641
4589
4614
4643
4073
4065
3859
3827
3676
3726
3733
3430
3421
2946
2979
3011
3014
3046
2561
2578
2572
2556
2609
2340
2381
1958
1996
1945
1976
1962
1505
1544
1271
1319
1257
1284
5856
607
625
650
691
710
744
735
763
790
850
941
980
1028
1059
1069
1095
1092
1147
1189
1231
1258
1308
1352
1389
1403
1469
1485
1520
1509
1544
1589
1620
1675
1726
1755
1812
1857
1897
1980
1959
1702
1759
1255
1268
1270
1238
1256
868
931
636
673
636
656
1061
581
757
590
638
588
676
1063
604
866
607
641
493
562
917
613
873
599
641
511
614
891
571
1022
604
647
678
708
982
576
622
560
634
888
578
1035
615
654
597
664
1018
599
805
604
592
580
605
795
603
976
592
651
715
682
974
641
956
609
685
777
720
899
605
1003
642
666
696
683
1041
611
634
690
686
985
604
841
606
671
548
585
800
606
835
588
647
565
599
793
591
983
596
655
681
706
975
618
1029
614
619
652
687
1014
623
622
699
727
927
604
1002
602
651
684
740
926
587
1098
616
646
680
707
1014
613
858
612
644
554
624
809
596
864
622
616
544
628
902
643
855
614
671
992
942
854
772
779
614
651
570
640
843
585
1021
601
590
620
661
860
627
960
623
749
770
759
999
621
657
683
755
942
601
1088
594
607
629
659
905
615
791
596
677
144029
688
815
611
611
610
583
815
555
615
551
561
767
572
1062
542
525
626
545
903
562
593
606
639
920
581
591
574
596
782
593
982
566
585
595
538
745
578
618
546
565
779
590
956
570
600
609
544
836
554
557
521
563
796
574
998
567
565
568
565
761
583
669
553
566
794
582
893
570
618
652
706
1001
600
669
734
748
973
580
768
620
684
538
567
764
587
913
584
679
744
570
812
584
587
561
580
939
589
600
610
650
961
589
1002
624
659
681
713
978
629
646
685
713
990
635
943
582
601
625
533
765
592
647
531
558
924
615
639
670
695
992
619
779
609
640
566
576
796
603
878
630
665
721
745
1119
631
702
625
654
821
607
954
614
661
704
621
816
628
657
530
592
971
605
624
660
686
1015
620
771
613
635
547
624
914
582
593
611
646
962
596
887
587
719
760
736
3635
2199
1078
1588
1702
1800
1816
14498
8227
622
616
631
656
4185
1505
2459
680
693
650
728
627
682
625
629
738
732
761
850
829
1018
1096
1134
1203
1222
1255
1291
1337
1372
1474
1499
1553
1562
1588
1610
1643
1702
1773
1826
1874
1878
1834
1911
1932
2022
1882
1925
1989
2037
2102
2156
2242
2316
2336
2357
2382
2400
2446
2480
2519
2592
2623
2654
2711
2780
2839
2890
2943
2971
3011
3045
3100
3160
3188
3240
3310
3389
3456
3499
3567
3612
3659
3689
3685
3684
3669
3658
3662
3653
3681
3711
3733
3772
3814
3854
3900
3960
3976
4006
4037
4069
4082
4113
4155
4219
4217
4203
4218
4234
4255
4326
4405
4422
4459
4493
4530
4530
4573
4569
4624
4652
4669
4689
4694
4712
4716
4734
4745
4786
4831
4879
4891
4908
4894
4912
4966
4946
5003
5053
5073
5081
5077
5098
5119
5156
5153
5215
5229
5221
5243
5268
5268
5307
5326
5341
5376
5445
5496
5553
5625
5672
5730
5790
5865
5901
5934
5962
6029
6046
6036
6047
6055
6125
6158
6198
6226
6285
6336
6345
6384
6419
6465
6504
6528
6515
6518
6531
6556
6591
6575
6568
6577
6412
6437
6164
6187
6200
5815
5820
5664
5658
5670
5454
5432
4992
4998
4963
4847
4822
4630
4668
4436
4420
4409
4013
3994
4010
4053
4092
3688
3640
3247
3264
3279
3146
3159
2840
2871
2714
2762
2818
2419
2432
2379
2370
2407
1988
1996
1616
1619
1584
1590
1619
1144
1165
1032
1061
1090
849
994
613
656
706
736
1028
590
617
505
579
828
582
1002
611
640
696
726
962
616
708
577
623
850
612
978
592
631
674
530
825
603
681
559
600
935
592
632
583
636
857
605
977
596
605
657
711
965
609
631
541
584
820
596
1019
580
609
677
568
780
587
623
552
613
849
608
1036
591
585
680
615
827
583
611
542
600
885
576
650
555
631
1049
626
1042
584
653
702
761
1056
580
679
