4191
4207
4211
4215
4240
2187
2154
2183
2234
2085
2079
2104
2080
6058
5429
2275
1207
2477
902
2112
1263
628
649
745
679
613
585
591
602
1257
649
701
750
865
824
1398
634
640
649
651
793
669
639
674
736
769
825
851
905
959
1036
1081
1151
1179
1205
1235
1285
1314
1882
988
1004
1064
731
894
597
611
639
647
693
750
791
878
950
977
950
1007
1046
1081
1155
1250
1295
1374
1371
1422
1451
1503
1557
1635
1696
1738
1771
1834
1868
1869
1942
2028
2078
2116
2158
2194
2223
2285
2322
2385
2436
2485
2535
2542
2571
2623
2680
2771
2840
2917
2959
3007
3073
3110
3144
3183
3221
3265
3329
3394
3479
3552
3632
3683
3720
3783
3832
3848
3865
3880
4037
4058
4081
4123
4183
4262
4281
4308
4343
4399
4483
4507
4523
4561
4560
4584
4657
4724
4760
4784
4820
4841
4882
4917
4943
4999
4981
4997
5040
5043
5027
5024
5041
5071
5106
5157
5223
5235
5284
5333
5324
5371
5419
5486
5565
5567
5598
5613
5632
5654
5671
5745
5815
5830
5827
5828
5866
5889
5959
6006
6044
6088
6103
6125
6150
6203
6244
6293
6355
6407
6409
6405
6428
6466
6529
6565
6618
6653
6670
6702
6762
6827
6871
6696
6684
6641
6631
6687
6637
6663
6306
6337
5781
5799
5815
5674
5697
5412
5456
5183
5197
5237
4993
5027
4684
4674
4495
4496
4522
4237
4234
3726
3715
3728
3723
3731
3370
3387
3359
3375
3393
3115
3124
2644
2674
2554
2530
2559
2313
2356
1893
1875
1871
1873
1920
1481
1508
1485
1549
1561
1165
1208
809
810
817
816
957
583
822
561
567
517
582
837
575
924
611
640
568
571
762
631
1045
608
629
641
671
862
594
602
618
647
1049
599
832
599
648
612
657
1053
604
872
614
672
503
557
847
603
1038
587
609
654
707
1370
609
592
627
670
863
609
962
616
636
647
660
960
593
801
584
611
640
700
1036
610
809
581
587
598
623
998
631
855
628
634
561
582
926
605
613
624
669
839
578
985
613
644
627
662
1034
612
891
567
586
598
580
824
601
629
504
565
1052
634
664
560
595
801
610
1014
601
618
662
576
899
616
633
647
569
876
1059
964
889
910
915
572
643
545
619
876
650
940
633
662
707
601
852
602
621
554
590
982
587
624
551
569
930
618
629
671
765
1022
624
958
596
647
688
658
975
641
721
560
627
876
616
980
628
653
740
605
792
595
624
531
556
797
569
958
556
592
703
612
795
562
602
576
614
951
585
620
577
605
864
618
963
589
599
613
592
870
588
592
540
578
962
582
640
611
630
980
567
886
610
665
563
607
967
595
641
664
684
977
578
760
603
651
581
652
781
557
1037
577
633
659
708
933
559
596
643
693
950
602
944
601
618
684
747
1034
579
663
642
716
1043
591
800
601
664
544
597
814
609
990
616
682
704
688
998
603
649
559
566
853
609
956
609
641
736
631
837
605
625
528
598
811
604
981
608
645
693
586
818
597
620
521
598
990
595
608
543
585
804
602
986
576
625
678
687
999
582
610
664
713
1037
588
941
597
606
635
672
947
599
655
635
699
1002
559
1039
579
604
618
637
948
586
696
673
733
977
599
930
608
644
668
673
995
607
655
688
704
982
590
771
616
631
551
646
780
645
985
641
724
755
707
989
609
649
557
582
835
593
1011
607
676
712
706
1032
606
672
566
626
817
605
981
606
644
698
719
955
604
631
540
574
921
599
934
581
568
609
680
969
605
631
682
699
909
614
821
620
626
549
629
837
608
1014
629
653
710
751
993
603
623
636
670
926
612
800
590
630
577
610
939
606
630
658
692
955
595
944
566
580
589
605
931
615
590
538
583
864
590
1026
602
598
621
551
771
609
629
552
615
959
627
652
676
716
964
596
815
617
665
571
596
978
571
601
652
691
1017
609
799
615
625
558
583
831
596
934
605
690
747
724
1016
599
623
548
590
847
585
951
563
556
733
720
876
595
597
564
619
966
600
611
610
615
910
574
964
591
598
650
607
866
599
636
559
575
759
614
1063
606
650
759
587
941
583
643
687
711
1057
600
646
678
753
965
618
995
575
642
707
606
976
593
641
537
603
1044
597
650
484
544
1009
619
656
627
662
1027
585
877
603
645
531
588
928
613
661
560
593
779
592
1054
608
646
670
684
958
574
596
571
607
817
588
1012
629
662
716
760
1036
589
625
674
693
951
588
909
581
623
662
732
1016
595
679
691
6004
1338
1430
1808
2045
1396
2097
1841
1860
1888
13514
8005
702
640
582
6117
595
600
608
623
5867
609
618
599
607
630
642
8975
711
671
630
615
624
739
635
2687
812
767
723
693
651
615
651
662
644
658
712
767
911
951
1026
1104
1077
1095
1111
1161
1197
1224
1207
1370
755
787
811
831
910
958
1086
1114
1175
1206
1309
1368
1297
1368
1416
1428
1488
1531
1581
1661
1707
1760
1778
1777
1818
1846
2019
2075
2146
2197
2166
2216
2079
2124
2155
2168
2179
2181
2198
2224
2244
2264
2308
2353
2361
2331
2364
2405
2422
