5231
10192
10246
10238
10209
10224
10155
10092
10001
10547
10459
9655
8927
897
786
753
854
981
950
1131
1039
1217
552
1062
1056
1038
1088
1047
1159
1075
588
578
960
610
1457
616
641
682
654
675
678
714
1690
1716
1427
5430
5250
5149
4997
4908
4933
4956
5007
4960
4848
4796
4732
4585
4555
4286
4360
3589
3591
3494
3352
3248
3247
3083
7623
7347
7319
7333
7366
7263
13711
13559
13490
13432
13355
13392
13355
13316
13277
13244
15512
18301
18232
18118
18022
17924
17918
17866
17782
17652
17558
17461
17423
17522
17605
17710
17741
17758
17780
17760
17895
17940
17940
17971
16043
15952
15870
15844
15656
15612
15491
15387
15402
15413
15274
15122
15007
14927
14815
14691
14550
13447
9444
9326
9312
9224
8894
8772
8677
8572
8159
7846
7815
7866
7833
7836
7843
7825
7799
7789
7846
7854
7901
7875
7885
7889
7943
7973
7962
8008
8100
8150
8150
8189
8230
8037
8073
8122
7317
7344
7256
7274
7328
7452
7524
7546
7549
7602
7649
7656
7683
7789
7876
7927
7943
7946
7938
7929
7903
7894
7915
7904
7903
7932
7999
8083
8174
7954
7975
3959
3933
3970
3980
4007
4046
4107
4128
4110
4125
4128
4171
4184
4164
4188
4255
4231
4271
4316
4357
4396
4462
4426
4532
4013
4002
4047
4077
4081
4110
4117
4111
4115
4120
4169
4203
4280
4340
4349
4361
4362
4307
4276
4296
4311
4298
4296
4319
4326
4358
4406
4448
4363
4342
4360
4356
4393
4481
4536
4590
4652
4700
4771
4856
4924
4979
5044
5140
5198
5234
5231
5249
5285
5326
5415
5465
5490
5546
5583
5616
5648
5678
5744
5808
5849
5838
5789
5795
5846
5895
5890
5913
5979
5962
5968
5982
6012
6056
6133
6166
6215
6202
6231
6248
6264
6278
6316
6400
6435
6443
6515
6560
6621
6647
6726
6763
6829
6902
6961
7027
6922
6926
6965
6996
7052
7054
7083
7136
7186
7242
7305
7364
7409
7466
7483
6806
6822
6860
6904
6934
6887
6905
6920
6951
6932
6998
6990
7019
7033
7097
7092
7094
7138
7164
7192
7189
7128
7189
7120
7144
6696
6701
6413
6455
6455
6166
6178
5699
5596
5563
5583
5585
5123
5150
4973
4973
4965
4734
4782
4233
4245
4211
4057
4073
3810
3781
3616
3653
3727
3359
3453
2747
2751
2725
2691
2733
2631
2632
2479
2476
2477
2218
2239
1808
1833
1860
1657
1704
1346
1386
1154
1169
1216
792
802
823
866
898
546
997
556
589
617
640
1084
606
804
609
645
567
762
875
617
926
585
609
643
679
811
609
1022
559
1047
591
613
655
605
634
638
681
1015
619
801
598
679
583
621
938
643
912
621
712
731
674
1008
587
704
632
732
1022
587
793
557
629
570
577
902
581
631
622
702
1022
618
810
616
1329
604
608
675
962
971
1018
1017
1049
756
889
622
651
561
700
843
682
1042
628
674
821
695
822
916
941
915
996
961
756
959
608
717
575
582
815
1361
672
651
789
778
837
837
656
747
762
799
887
578
1059
664
648
669
705
762
680
1020
623
717
694
762
1019
617
792
661
656
574
622
873
602
1107
940
962
1040
1051
1086
682
832
781
867
963
634
938
631
663
619
632
1050
908
853
622
663
600
636
912
600
933
677
662
566
714
994
627
983
584
640
701
726
1076
676
697
685
768
1089
612
833
573
661
580
653
1022
615
817
591
677
547
625
815
625
1016
631
540
653
651
897
617
667
577
672
928
623
1031
606
680
730
829
940
640
830
610
1364
659
668
724
827
835
903
942
802
767
863
547
1309
726
673
709
740
872
633
1058
589
653
669
735
924
681
682
727
731
916
595
857
658
646
534
560
919
633
830
594
669
548
633
815
650
957
618
684
554
608
831
635
1163
644
699
774
972
1306
983
7975
1182
1005
965
643
640
597
646
583
636
615
708
965
1074
2298
1049
999
1026
1084
1107
1129
1155
1184
1226
1252
1385
1411
1460
1487
1512
1568
1679
1652
1754
1746
1796
1787
1887
1965
2060
2108
2141
2604
2557
2641
2736
2430
2384
2368
2390
2430
2476
2528
2600
2611
2638
2622
2631
2662
2651
2697
2726
2765
2834
2764
2822
2841
2889
2915
2986
3005
3002
3070
3090
3164
3204
2412
1622
1682
1710
1688
1745
1723
1858
1882
1955
1990
2078
2138
2207
2209
2134
2156
2135
2171
1848
1925
1957
1766
1789
1349
1401
1447
1239
637
675
680
829
820
907
914
978
1008
1069
1121
1079
1092
947
970
1076
715
777
826
829
914
639
812
668
712
1853
1479
1436
1414
1552
1324
1369
1410
1254
1303
1146
1120
977
1006
1081
921
998
1011
1020
1159
586
822
663
706
3634
715
739
718
683
774
759
864
933
993
1041
1105
1172
1164
1193
1275
1338
1337
1367
1390
1422
1476
1480
1656
1604
1745
1860
1006
968
1068
1297
576
600
611
594
603
659
753
753
812
811
853
855
1106
584
614
787
565
808
641
716
573
657
1433
699
680
1165
624
689
692
823
868
992
955
951
964
677
727
784
873
1031
620
804
602
644
544
653
1559
1055
1104
1124
1215
1311
1020
1030
5722
1021
1273
1390
1267
880
1037
2057
998
8382
8150
2092
685
640
2028
650
1883
666
2028
651
641
626
910
1100
982
707
599
1371
1281
1179
1084
993
869
770
677
579
579
856
911
767
659
579
497
537
551
545
500
500
1273
831
905
809
737
1854
654
1026
953
934
841
728
596
532
514
580
871
597
565
623
605
689
761
780
844
873
1996
1884
