7205
7249
7300
7311
7357
7342
7372
7400
7320
7415
7510
5440
5149
5144
4944
8214
2294
2333
2371
2422
2486
1034
1570
1239
2065
1604
1638
1708
1681
2016
1459
636
1062
717
638
984
766
694
748
732
745
782
759
774
783
790
825
897
1090
609
628
701
743
794
797
845
847
913
955
981
1061
1118
1183
609
666
1061
595
1122
619
620
677
680
698
745
685
660
698
771
831
908
995
1096
1158
1106
1178
1207
1263
1317
1376
1409
1425
1451
1503
1563
1601
1637
1690
1725
1803
1873
1902
1961
1967
2032
2102
2175
2188
2212
2235
2272
2266
2310
2385
2487
2557
2603
2685
2806
2865
2907
2930
2996
3043
3059
3140
3217
3308
3379
3465
3553
3471
3481
3504
3546
3628
3691
3765
3843
3910
4006
4023
4075
4095
4141
4180
4228
4275
4346
4334
4363
4382
4396
4427
4465
4515
4541
4543
4578
4590
4615
4646
4673
4730
4791
4783
4795
4830
4846
4868
4881
4899
4952
4989
5026
5031
5069
5110
5129
5146
5158
5174
5208
5237
5218
5272
5279
5305
5352
5373
5435
5498
5545
5639
5691
5770
5822
5869
5904
5940
5993
6041
6085
6147
6177
6190
6226
6239
6260
6282
6280
6347
6414
6396
6394
6410
6405
6431
6432
6444
6452
6474
6469
6506
6504
6515
6539
6555
6268
6326
5839
5871
5907
5735
5737
5349
5309
5323
5326
5327
4869
4882
4876
4940
4931
4466
4517
3958
3955
3964
3955
3931
3461
3533
3358
3366
3366
2884
2899
2736
2743
2769
2350
2332
2301
2340
2381
1817
1843
1618
1637
1378
1393
1402
1024
1048
900
957
983
708
1043
630
616
1052
598
616
593
629
519
561
966
564
949
603
639
684
729
1020
568
589
617
634
951
602
914
558
579
619
649
1000
600
637
669
722
977
592
845
591
627
529
574
922
579
630
606
639
990
593
819
600
635
532
626
839
652
1130
621
646
731
584
816
611
661
536
590
937
571
604
621
689
1030
582
833
585
623
553
567
893
578
609
644
696
947
602
840
604
670
540
589
968
587
632
509
597
863
577
979
562
604
701
591
867
580
564
555
582
995
572
571
565
560
805
588
965
565
564
556
609
1001
587
643
547
590
801
564
1000
621
680
759
621
888
605
650
562
593
829
611
974
604
615
656
581
773
589
625
533
599
828
595
995
594
600
608
628
863
615
958
583
619
687
768
943
645
1042
623
664
730
703
1045
584
710
647
671
995
574
838
615
664
554
576
791
620
900
606
641
648
662
979
621
861
589
611
564
639
860
599
1100
601
628
642
632
960
606
595
592
629
941
614
905
616
626
542
601
838
603
873
576
587
571
584
787
585
1008
598
593
658
704
881
593
965
605
623
653
628
984
625
699
672
689
1017
589
857
612
657
636
698
1065
592
835
604
640
545
620
831
609
999
621
662
702
775
992
599
638
621
651
1024
614
749
585
638
563
604
794
641
993
577
649
728
653
1019
591
630
641
687
915
591
1015
599
646
501
554
869
612
989
582
605
621
623
975
577
615
636
656
1010
602
800
616
646
612
657
1041
603
845
599
632
548
597
794
584
984
601
601
665
707
833
568
1019
572
600
616
624
989
638
634
682
731
986
619
809
596
658
607
691
1095
585
787
596
613
595
597
815
622
1010
602
667
697
686
1010
601
587
555
649
1065
600
800
588
644
565
634
971
588
960
562
632
665
565
843
578
1249
608
610
726
617
837
599
1081
606
626
666
702
1015
602
678
613
666
1059
623
825
621
635
564
603
795
606
1023
613
646
682
708
1058
617
663
691
708
980
608
807
605
635
518
596
955
612
912
588
624
565
626
817
590
983
609
629
619
689
856
561
598
586
632
909
597
1039
630
671
698
737
1007
615
869
551
564
524
598
814
597
1012
574
576
608
649
1000
580
667
658
695
900
605
1066
573
588
643
676
1070
605
989
597
654
685
567
954
591
672
702
656
992
615
694
565
609
850
625
990
606
629
660
579
936
596
626
705
590
833
621
636
549
620
961
574
601
587
601
811
613
1056
602
625
651
598
999
588
601
616
569
802
630
639
506
560
982
576
643
549
609
955
566
632
482
554
865
552
1015
572
592
632
563
808
640
657
564
592
923
607
1002
589
620
633
654
939
586
628
605
633
824
621
1017
586
598
690
574
836
604
616
555
599
904
648
626
663
680
992
619
833
598
608
541
629
851
581
1008
587
600
620
614
893
589
621
563
576
794
610
1020
597
642
732
591
928
590
650
709
3249
849
1095
1344
1248
1156
1392
1313
17606
1007
601
1219
1295
653
664
685
1196
627
592
1417
1284
957
608
669
709
706
829
637
661
655
693
753
818
868
956
1038
1111
1197
1227
1269
1304
1373
1443
1528
1593
1648
1707
1724
1766
1788
1822
1847
1899
1934
1972
2041
2143
2204
2163
2212
2265
2302
2356
2405
2438
2438
2459
2498
2505
2538
2590
2631
2655
2663
2667
2703
2746
2769
2810
2844
2827
2843
2915
2923
2925
2945
3026
3136
3146
3175
3236
3232
3301
3321
3361
3424
3408
3414
3435
3474
3500
3534
3569
3602
3617
3687
3703
3716
3713
3756
3786
