5380
5508
5522
5587
5630
5809
5900
5981
5624
8719
7755
4703
3283
610
540
1071
1064
1095
502
524
511
1060
1054
1063
1129
1171
1135
527
2435
808
3192
2672
4092
843
714
740
744
723
738
791
788
985
3363
8771
1356
1416
1573
913
923
2383
1129
1081
1124
1174
1214
1272
1282
1247
1310
1381
1393
1434
1472
1520
1502
3111
3031
2721
2001
702
640
661
715
782
5456
796
692
671
698
636
607
593
611
1232
638
634
663
739
756
797
856
847
900
713
602
618
647
725
732
734
788
847
887
903
1394
1478
1396
1427
1408
1451
1493
2223
2276
2330
2304
2294
2408
2463
2516
2572
2541
2533
2712
2499
2642
2690
2714
2727
2681
2703
2762
2793
2807
2811
2863
2910
2922
2931
2929
2909
2810
2723
2620
2518
2421
2331
2234
2130
2040
1937
1858
1813
1753
1698
1728
1804
1806
1759
1713
1699
1701
1735
1776
1879
1959
2004
2023
2044
2056
2141
2192
2233
2271
2285
2304
2317
2310
2355
2371
2444
2459
2523
2562
2614
2663
2696
2741
2778
2802
2824
2834
2875
2927
2941
2959
3027
3078
3131
3177
3210
3234
3266
3317
3414
3450
3476
3496
3553
3646
3698
3591
3626
3665
3745
3786
3859
3883
3907
3947
4015
4065
4141
4224
4238
4241
4257
4261
4272
4278
4291
4291
4298
4312
4324
4309
4334
4362
4396
4463
4540
4597
4612
4650
4590
4597
4482
4520
4522
4537
4564
4556
4568
4598
4632
4680
4742
4799
4819
4868
4907
4917
4938
4987
5027
5076
5105
5151
5206
5252
5321
5343
5376
5433
5480
5561
5331
5381
5417
5074
5069
4623
4661
4736
4711
4714
4299
4324
3916
3951
3988
3967
3957
3515
3522
3456
3520
3595
3201
3255
2707
2755
2742
2761
2765
2321
2350
2092
2117
1903
1880
1875
1612
1665
1342
1379
1190
1209
1234
982
1013
590
627
646
671
997
592
620
657
677
1071
584
786
613
647
566
610
811
608
936
619
638
673
669
832
574
978
617
665
764
560
810
576
629
509
592
844
587
843
628
680
557
573
820
556
1001
653
646
705
718
960
600
648
681
728
892
601
1007
578
633
531
574
790
571
989
601
608
633
658
983
599
600
661
669
937
606
967
599
682
894
931
1015
603
798
563
630
549
595
796
563
899
608
631
533
594
784
581
1043
606
633
672
701
954
582
615
606
648
1051
679
844
587
585
624
657
1074
594
844
603
652
555
607
833
599
1053
598
612
623
669
1259
624
672
573
626
866
641
1021
614
626
627
696
999
604
798
583
618
640
677
997
624
807
581
593
621
643
1062
603
802
593
619
553
616
967
588
608
615
633
760
589
998
608
607
622
636
1019
594
921
579
588
672
582
828
584
630
559
587
989
601
621
552
569
803
604
1049
604
619
656
597
910
616
610
682
583
821
571
631
569
598
941
610
653
516
596
876
599
989
630
630
664
632
873
600
607
556
578
939
614
640
584
607
947
608
620
696
733
1015
589
925
584
596
648
682
996
639
711
545
601
873
586
988
617
626
703
575
814
578
621
519
573
824
583
1008
555
600
731
572
794
543
622
516
597
937
560
619
1622
1734
2185
3003
3077
2689
2734
2525
3009
1365
1320
1293
1284
4129
1425
2961
2660
2501
2459
1482
1011
720
679
680
690
724
784
812
815
846
906
958
1022
1097
1164
1181
1234
1250
1283
749
791
853
900
954
994
1081
585
658
799
605
707
669
711
759
832
889
977
1079
1118
1154
1213
1323
1360
1409
1492
1606
1664
1695
1752
1263
1276
1357
1364
1451
1500
760
800
849
868
731
774
901
991
1061
1069
1085
1088
1091
1157
1186
1209
1266
1287
1279
1297
1405
1423
1463
1546
932
994
1028
1047
1119
1163
590
647
653
678
596
661
757
790
790
856
926
972
1074
1131
1195
1244
1269
1315
1358
1400
1496
1570
1583
1622
1447
1432
1441
1545
1654
1723
1206
1214
1255
1328
1404
1323
1377
1350
1386
1413
1445
1469
1537
1562
1639
1621
1646
1661
1726
1662
1705
1636
1608
1654
1159
1187
1094
1049
842
1070
967
1049
1153
1090
1111
1157
1143
1200
870
923
903
922
1050
819
1019
609
691
678
703
1196
612
700
580
597
1319
1008
860
649
744
612
639
831
701
759
649
723
898
581
1016
586
623
669
690
980
1321
965
1082
1124
1166
1046
1679
666
689
961
991
1061
1066
1105
883
939
974
958
1035
642
717
742
739
983
622
1222
929
837
802
839
889
2093
1082
1056
1037
1061
1052
1087
1113
1166
1205
1234
1281
1002
975
786
820
838
589
972
594
616
1186
886
931
763
719
1173
622
631
704
936
986
996
1070
658
880
616
618
548
625
1051
568
595
637
648
1013
2079
2292
1938
1273
1593
854
920
1260
1424
1213
1141
1096
1372
1174
1715
1272
694
7685
7598
7646
7680
7747
7781
7784
7551
7538
7515
7497
7488
7544
7614
7666
7682
7707
7716
8395
8432
8510
8557
8672
3997
3726
3518
3224
3077
3014
2829
2763
2734
2762
2765
2770
2742
2715
2744
2746
2782
2804
2841
2815
2841
2886
2943
2967
2297
2148
2136
2180
2227
2258
1857
1808
1766
1781
1764
1737
1730
1732
1740
1783
1823
1884
1913
1921
1934
1969
2000
2067
2084
2107
2133
2124
2138
2192
2288
2384
2422
1777
1763
4650
1186
1042
1022
1002
1023
1067
1056
1102
1161
1207
1272
1306
1363
1430
1485
1524
1600
1633
1705
1738
1786
1841
