5452
5769
5818
5882
5890
5684
5779
7328
7655
1042
1017
1050
1066
1383
3402
2740
1169
1437
1466
801
832
884
966
925
944
1036
1086
1147
1166
1187
1226
1239
1229
1363
1421
1494
1608
1694
1784
1862
1900
1956
760
740
738
1178
595
611
693
709
704
685
721
737
789
827
862
912
997
1084
1107
1122
840
822
824
880
941
889
904
902
908
912
1262
622
642
701
735
732
757
759
821
851
946
1017
955
1020
1101
1159
1261
1356
1414
1429
1428
1474
1557
1588
1696
1767
1822
1889
1921
1912
1945
1981
2017
2085
2126
2173
2200
2235
2270
2273
2302
2340
2367
2398
2466
2525
2592
2664
2730
2801
2870
2872
2903
2916
2947
3030
3098
3196
3295
3407
3477
3493
3536
3560
3589
3641
3664
3701
3735
3772
3804
3815
3824
3853
3908
3950
4001
4115
4197
4239
4310
4386
4458
4485
4569
4630
4655
4736
4695
4708
4747
4771
4839
4883
4917
4927
4935
4935
4922
4971
5027
5083
5096
5093
5071
5073
5096
5163
5187
5232
5228
5260
5135
5149
5132
4665
4678
4345
4332
4170
4177
4185
3949
4015
3610
3624
3659
3614
3683
3097
3092
3038
3041
3050
2843
2930
2515
2506
2508
2474
2495
2223
2262
1809
1877
1769
1819
1860
1320
1369
940
985
1041
858
1064
691
619
616
657
986
589
619
540
573
953
569
656
654
691
1022
593
910
640
626
667
578
870
614
656
562
598
955
623
721
574
629
862
627
976
630
653
721
603
839
607
679
499
558
1032
597
638
481
564
869
659
1065
588
606
710
621
796
608
666
555
585
922
590
646
663
701
986
588
803
608
643
550
579
938
580
564
583
597
891
573
963
594
677
693
669
1079
555
635
648
723
1071
629
848
598
660
520
592
1019
606
617
673
702
1108
618
954
615
681
705
714
1042
608
633
658
716
1063
600
803
592
587
538
611
1005
582
653
676
675
951
585
944
574
598
641
615
947
592
609
644
669
972
611
781
573
617
539
586
934
582
650
646
723
1041
627
915
587
617
572
593
773
634
1060
606
648
703
718
1003
659
680
693
693
976
585
1012
590
607
617
615
953
603
639
675
683
962
592
851
630
657
561
597
1062
616
1175
619
656
754
647
851
649
700
563
598
786
613
1042
588
621
708
631
850
616
671
550
603
949
601
657
665
701
1061
588
1161
618
645
554
601
927
599
617
659
705
1028
638
845
580
681
557
578
760
581
976
590
631
687
612
886
612
655
576
594
801
586
982
587
615
728
589
834
585
633
529
600
831
601
1036
612
630
712
768
1021
599
628
541
569
822
613
1038
603
607
657
558
857
585
646
518
611
866
626
948
581
667
762
718
1112
601
613
543
575
834
620
1005
584
622
699
634
883
632
660
508
574
969
619
676
616
657
1010
600
810
585
603
542
572
933
580
645
608
609
969
591
926
590
617
618
609
999
570
571
584
593
845
568
953
574
609
752
562
774
568
592
545
573
939
586
610
630
670
1049
624
955
597
576
590
580
989
588
585
534
545
892
560
623
601
549
952
585
1057
607
602
603
576
937
569
616
550
618
870
566
953
585
626
667
549
950
577
675
546
616
837
603
993
623
635
682
568
778
558
573
573
569
971
573
579
627
645
1061
593
962
582
609
650
712
1040
606
629
510
606
1039
590
605
610
633
976
569
905
585
630
573
604
913
606
641
627
655
1045
641
1041
590
605
635
678
990
644
665
516
587
849
570
1053
609
611
712
585
811
595
660
585
618
932
592
655
676
742
1102
598
951
645
662
690
704
973
593
614
543
587
849
617
999
556
555
573
583
972
597
590
518
598
1040
590
602
637
666
1031
612
1034
601
622
622
611
963
594
633
542
574
825
593
1022
629
565
583
572
941
597
629
502
585
821
631
1041
612
658
706
640
964
579
611
564
633
1022
567
580
584
627
918
539
772
579
582
543
599
941
584
662
571
713
1086
595
981
585
597
665
556
774
576
613
532
579
1000
574
592
552
577
797
591
1012
628
615
629
622
1016
612
646
614
586
789
605
1065
572
579
685
568
887
607
629
799
573
837
615
655
543
607
842
617
1010
600
692
756
607
941
617
634
678
712
1010
614
689
710
746
1122
587
913
625
621
617
677
842
591
988
580
589
621
672
975
598
702
628
692
1079
590
848
566
611
517
625
893
616
986
587
648
676
643
1050
598
669
610
693
2560
795
1106
1569
1983
1305
1299
822
884
852
883
837
892
880
888
899
974
1401
913
896
899
937
934
1566
1119
636
623
673
680
756
740
741
735
770
789
795
1018
1110
1110
1135
1178
1215
1246
1322
1390
1438
1435
1535
901
933
1057
1093
1117
1117
1138
1162
1119
1149
1189
1232
1274
1352
1416
1439
1456
1481
1584
1648
1692
1656
1669
1709
1757
1812
1949
2018
2059
2122
2147
2199
2267
2335
2399
2455
2511
2525
2535
2585
2612
2627
2691
2735
2707
2735
2772
2802
2821
2847
2880
2895
2953
3015
3018
3043
3073
3079
3094
3093
3124
3163
3219
3233
3221
3253
3267
3390
3434
3469
3538
3601
3663
