2509
2903
588
14893
12528
3541
711
692
751
805
815
845
905
1523
820
774
792
810
837
874
951
982
991
1405
636
665
708
787
806
867
992
1024
1077
1310
1365
1417
1419
1492
1547
1585
1641
1706
1750
1634
1671
1696
1736
1750
1808
1915
2004
2072
2874
2906
2944
2999
3071
2864
2923
2941
2672
2701
2868
2796
2807
2783
2801
2810
2826
2850
2974
3019
3024
3020
3051
3179
3217
3311
3356
3381
3399
3438
3486
3546
3589
3653
3712
3759
3821
3895
3918
3989
4072
4126
4168
4240
4283
4357
4367
4360
4365
4357
4414
4470
4523
4562
4568
4571
4601
4572
4583
4533
4505
4521
4521
4493
4541
4592
4651
4709
4833
4861
4923
4972
4568
4588
4653
4291
4344
3933
3950
3654
3710
3752
3111
3119
3013
3003
3042
2422
2462
1866
1880
1868
1656
1683
1299
1246
998
1042
1115
580
601
489
576
1167
590
613
537
556
1122
600
1094
600
598
629
577
1085
587
648
554
606
890
593
1103
606
611
790
599
916
604
654
542
615
933
586
1191
601
601
764
578
876
602
645
544
578
1041
587
630
547
564
1097
620
941
636
637
556
612
921
638
1151
623
698
721
602
1221
650
671
557
621
1099
591
940
609
625
520
602
957
623
1107
587
604
632
660
1221
602
599
571
657
965
587
1091
593
656
665
621
1085
595
614
560
583
965
573
1116
583
591
632
590
1157
625
656
536
599
942
613
1142
614
653
820
621
933
619
649
547
605
952
580
1109
628
648
697
579
978
579
631
535
624
960
590
1082
610
635
666
640
1126
601
606
559
590
925
590
1149
579
585
625
591
1115
600
618
547
568
896
605
1131
597
631
676
570
1112
575
570
532
575
1175
589
880
571
585
560
578
1096
564
581
555
617
1122
622
914
580
621
560
625
907
617
1106
604
646
656
579
1105
608
635
569
588
1102
591
878
601
650
545
601
912
604
984
621
668
575
615
1029
603
655
570
601
1130
616
903
589
618
537
625
907
584
1162
633
656
664
577
1140
582
625
556
577
1080
624
1151
607
600
641
585
1153
597
623
531
610
955
639
1058
610
669
921
585
963
609
638
527
597
1093
601
627
561
620
1116
613
1130
592
591
789
583
961
620
651
518
585
1048
617
661
572
646
1121
617
1104
605
645
724
607
1113
649
674
554
602
1141
630
1160
625
612
812
608
978
599
637
540
578
1033
603
643
583
599
1082
609
930
602
616
537
617
942
626
1191
598
623
646
603
1117
589
598
524
612
958
605
1174
604
638
846
576
927
594
622
534
594
892
600
1129
575
578
789
614
972
591
607
533
562
919
603
1120
594
627
641
576
1169
604
650
559
614
1382
613
1291
588
596
661
582
1150
593
605
538
608
991
634
1155
594
616
704
591
1148
606
625
563
602
1187
605
1144
585
623
1295
945
1113
593
602
555
602
948
589
1086
602
627
688
575
1212
619
635
555
576
948
602
1206
571
630
724
594
1242
624
652
550
656
1197
605
931
618
682
521
610
1007
589
1125
607
587
814
572
932
593
636
527
555
1132
586
620
574
548
1138
567
921
605
640
536
568
1087
588
619
549
574
1180
578
942
605
597
550
576
1057
572
582
530
569
944
594
1090
577
558
832
566
1050
583
597
689
620
1123
611
625
598
630
1150
607
963
621
639
524
586
1063
598
652
524
586
1165
579
1121
603
646
645
568
1268
571
628
550
586
928
589
1098
612
613
837
585
887
598
659
537
612
1160
629
650
552
554
1143
609
1074
614
654
678
559
1111
577
626
493
570
962
577
1220
787
602
623
588
971
595
623
522
585
914
574
1271
640
632
830
559
899
536
597
537
571
881
570
1195
580
599
669
592
1186
605
638
605
615
975
580
1122
559
623
527
598
1155
604
977
611
641
543
598
1165
592
946
595
618
520
582
996
591
1116
609
639
688
562
1143
609
611
553
610
1028
605
1084
581
652
566
633
1132
553
941
575
614
541
608
1143
609
977
595
605
550
615
1194
586
921
591
634
561
628
1192
586
898
580
611
542
582
918
593
1154
640
1380
1041
1351
1244
1865
1423
1691
1915
1282
1259
867
894
895
921
860
910
926
945
647
866
755
749
744
723
737
1464
784
749
733
730
760
736
3667
799
793
753
871
2018
907
634
631
660
675
707
718
726
731
760
807
853
860
900
1315
645
687
754
727
735
740
787
797
807
837
897
907
1128
1173
1106
1127
1174
1246
1197
1217
1220
1241
1269
1308
1365
1438
1479
1511
1545
1581
1597
1655
1708
1748
1818
1891
1931
1974
2002
2033
2079
2107
2145
2144
2162
2222
2261
2290
2289
2348
2358
2404
2429
2504
2573
2663
2692
2743
2767
2818
2878
2922
2974
3071
3144
3150
3170
3187
3212
3281
3340
3128
3143
2485
2491
2529
2357
2441
1811
1858
1645
1657
1680
1232
1269
672
703
627
687
1074
636
1164
640
677
523
594
1194
661
1281
926
947
692
728
953
612
990
602
676
517
609
952
635
1080
604
616
539
577
926
594
955
611
614
555
625
902
586
1187
607
649
677
560
1011
631
1111
626
681
738
636
1133
