6942
7024
6825
6850
6871
6554
6609
6028
5971
6019
5714
5638
5005
5021
2057
1860
1738
1616
1498
1376
1266
1160
916
819
708
639
520
1261
1181
1082
1015
941
845
756
665
586
491
556
624
550
485
584
1172
1073
987
901
842
547
670
557
713
941
862
776
713
516
722
645
560
894
899
726
630
540
573
529
1023
943
757
696
6843
4679
4295
4050
3551
3536
3392
2991
2819
2792
2846
2722
2711
2715
2752
2833
2853
2924
3391
3408
3495
3480
3487
3497
2335
2402
2387
2516
2454
2466
2485
2261
2330
2378
2448
2487
2526
2463
2469
2532
2536
2548
2564
2623
2661
2702
2751
2793
2834
2881
2927
2960
2966
2986
3043
3076
3132
3120
3212
3270
3133
2817
2841
2854
2806
2833
2379
2335
2222
2225
2206
1834
1871
1519
1530
1371
1386
1455
1111
1135
689
768
775
772
1048
569
613
588
603
846
640
1005
594
619
562
553
771
640
993
579
634
568
577
814
596
990
600
596
632
627
965
563
607
561
592
801
611
857
613
612
579
591
910
567
561
550
564
957
583
865
610
644
555
624
856
587
872
592
614
553
597
824
571
1035
578
638
660
611
1036
581
610
631
662
944
602
732
567
612
536
560
970
640
848
584
639
516
606
856
587
984
618
631
634
631
942
549
580
615
640
930
625
804
617
641
497
564
808
601
907
587
653
537
598
849
616
990
611
634
674
673
983
617
654
675
708
993
606
5453
1033
969
946
927
940
951
921
911
928
961
994
1029
1035
1068
1078
1114
1146
1141
1197
1240
1306
1369
1325
1375
1229
1252
1274
1305
1323
1347
1345
1350
1371
1416
1400
1398
1414
1476
1512
1526
1530
1540
1539
1508
1540
1185
1175
1002
1057
1102
785
959
566
646
698
665
1224
609
684
765
815
1029
615
804
605
640
565
644
977
597
813
601
667
505
604
901
605
1141
590
642
538
585
788
569
848
604
682
563
600
797
603
916
587
638
694
627
965
570
585
622
696
931
599
830
631
635
690
690
982
611
848
604
646
539
615
932
599
630
535
596
964
586
656
666
709
1115
629
935
613
640
681
596
812
569
628
497
566
975
608
609
537
571
947
571
604
552
576
894
559
574
557
574
954
554
555
580
626
1136
615
600
612
661
908
592
943
596
644
774
3241
3067
2911
2820
2899
3009
2107
1487
846
705
667
677
718
790
762
772
804
867
933
987
1048
1072
1087
1826
903
678
648
673
720
740
774
845
891
945
1025
1074
1113
1141
1090
1110
1138
1158
1186
1232
1255
1279
1273
1322
1367
1421
1448
1455
1544
1290
975
1033
1034
1029
1114
1182
1211
1248
1345
1367
1417
1407
1468
1530
1601
1658
1398
1436
952
942
945
841
832
624
672
514
560
2468
2229
2882
2823
2752
2685
2591
1638
1185
1127
1155
1416
1485
1499
1509
1545
1573
1580
1627
1693
1355
1394
1399
1318
1377
957
1401
562
583
603
629
639
557
599
738
577
833
590
657
519
614
810
594
987
581
648
703
665
992
589
636
497
546
1237
723
883
565
610
674
577
802
595
615
500
585
1150
897
1006
566
610
694
564
903
559
567
499
559
934
1493
970
971
1003
1027
1054
1111
870
882
710
764
812
566
986
585
582
601
648
976
619
661
671
722
1030
567
832
614
1516
566
601
666
731
767
792
836
873
570
949
591
627
666
728
1016
586
626
671
729
980
577
936
577
633
679
610
3043
573
558
580
594
592
604
642
665
690
740
807
993
1066
1176
1235
1272
1300
1081
1131
892
921
737
752
970
599
1219
631
625
633
649
796
604
615
580
655
822
574
962
574
614
608
654
926
597
604
622
662
915
597
984
594
670
1281
608
638
660
1018
628
694
797
605
824
584
634
512
711
851
601
1330
922
993
1031
1028
1057
612
651
515
584
1535
741
739
733
776
915
620
929
624
668
700
748
1085
597
784
722
812
1105
610
805
616
599
551
618
1810
702
624
641
712
783
794
814
816
795
816
863
970
996
1023
900
960
938
980
1056
570
611
498
584
883
655
1579
767
756
810
870
902
763
813
704
693
850
578
1046
586
675
629
671
1039
608
614
640
657
928
615
885
637
628
603
623
589
574
606
605
609
669
670
758
809
870
918
901
958
975
1006
819
855
894
936
1183
615
634
610
651
694
626
964
606
622
637
661
940
647
710
626
675
1011
634
906
597
606
588
628
936
659
692
719
766
894
581
1281
624
659
701
757
971
580
1035
588
602
688
724
910
642
992
628
642
767
621
852
6578
1550
1966
1040
1436
1034
2708
2529
2481
2462
2650
753
760
759
787
752
717
728
5277
781
772
742
747
789
770
779
717
740
1737
936
750
730
750
754
876
671
759
752
751
931
1188
1197
1475
1268
1865
2700
3234
3243
3249
3912
4641
5554
5928
4774
5193
6107
7039
7644
7650
7659
8019
7790
8650
9246
9261
9274
9951
10452
10507
10507
10539
9133
10472
10500
10570
10626
10676
10706
9662
9607
9489
9460
5535
5312
5219
5200
5198
5198
5200
5144
5163
5192
5207
5213
6001
6035
6061
6087
6118
6174
6187
6217
6213
6249
5126
5105
5142
5181
5253
5281
5298
5356
5409
