3425
3509
3553
3641
4919
1366
2717
4321
1391
2975
683
614
2570
722
3401
3272
2820
2136
1982
2145
641
597
842
891
625
692
4753
913
1773
3309
677
2386
673
595
632
619
634
1215
2045
664
566
621
585
581
634
674
672
731
762
710
717
692
717
723
784
838
880
909
959
982
1000
1025
1092
1135
1375
914
942
993
1063
1103
1070
980
1002
1032
1080
1123
1102
1135
1223
1290
1205
1258
1308
1345
1388
1478
1432
1458
1473
1554
1628
1673
1884
1952
2015
2056
2001
1997
2066
2135
2193
2255
2251
2242
2334
2391
2456
2529
2590
2560
2577
2646
2645
2686
2714
2773
2355
2326
2376
2418
2443
2485
2536
2563
2639
2704
2748
2835
2852
2838
2884
2947
2997
2997
3056
3123
3163
3227
3278
3333
3357
3351
3363
3379
3425
3478
3555
3678
3750
3823
3869
3903
3954
3939
3963
4020
4056
4117
4152
4227
4288
4381
4365
4389
4451
4477
4487
4516
4569
4626
4683
4726
4771
4811
4855
4895
4951
4925
4969
4993
5021
5022
5051
5072
5156
5183
5192
5242
5243
5248
5252
5267
5308
5348
5397
5466
5512
5607
5645
5699
5775
5861
5956
5979
6052
5915
5921
5908
5924
5940
5977
6029
6029
6076
6089
6114
6118
6113
6168
6244
6244
6253
6239
6252
6243
6287
6301
6325
6316
6351
6372
6192
6250
6296
5910
5944
5879
5871
5910
5482
5571
5129
5115
5108
5131
5109
4712
4779
4798
4786
4779
4292
4278
4056
4057
3947
3994
4079
3664
3653
3568
3618
3671
3157
3153
2658
2654
2675
2507
2522
2264
2282
2099
2114
2142
1756
1763
1738
1749
1815
1350
1355
954
977
1035
858
910
657
699
515
558
784
603
1078
585
581
606
615
959
606
618
549
562
774
604
1030
620
636
672
673
960
593
608
512
569
854
630
943
611
623
639
556
755
607
630
499
511
1037
622
668
578
621
1046
567
906
607
654
682
696
1042
573
604
589
573
809
621
1001
618
709
759
750
1397
914
978
874
897
968
583
632
588
659
1062
595
887
616
670
512
610
948
576
642
632
664
978
604
830
604
708
568
615
903
608
630
695
708
944
608
807
583
631
550
578
1121
560
1191
616
624
626
636
889
596
616
647
710
1007
627
958
617
590
605
643
1005
568
600
547
584
883
588
970
607
628
658
568
843
597
607
551
595
1073
603
1117
619
646
739
602
813
614
656
556
604
995
593
624
532
542
847
596
978
608
680
732
746
1096
592
606
618
618
976
594
892
583
586
611
596
992
580
594
533
578
823
621
1064
618
656
681
731
977
589
593
510
586
960
570
613
574
625
1001
605
836
549
619
531
553
2099
1660
1623
2322
2498
1366
1589
10026
1728
834
795
781
1246
783
600
858
1027
1169
1369
1206
1188
779
588
673
748
800
844
966
1025
1095
1152
1225
1015
1087
1125
1140
1220
1302
1333
1407
1466
1504
1515
1558
1623
1712
1787
1860
1868
1905
1952
2009
2100
2178
2235
2251
2276
2288
2341
2369
2400
2471
2550
2572
2604
2591
2621
2699
2745
3120
3191
3257
3308
3336
3362
3401
3443
3513
3584
3635
3630
3689
3739
3759
3798
3845
3893
3947
3989
4028
4024
4045
4070
4098
4096
4116
4129
4209
4238
4264
4311
4342
4421
4485
4524
4568
4573
4587
4631
4669
4680
4701
4738
4775
4771
4760
4761
4780
4790
4808
4827
4842
4854
4912
4954
4969
4982
5041
5103
5138
5038
5019
5026
4980
4968
4518
4480
4497
4492
4528
3985
4010
3735
3734
3495
3495
3521
3247
3295
2976
2955
2772
2764
2778
2536
2548
2220
2289
2048
2067
2032
1776
1805
1350
1399
1405
1463
1487
1124
1151
715
761
782
759
1042
587
593
603
647
952
610
795
599
624
640
679
837
600
1044
594
598
619
638
975
570
816
607
620
621
670
1039
611
819
586
590
614
675
1015
603
818
605
611
562
594
824
602
991
593
630
624
635
996
584
602
606
616
915
574
854
604
621
554
565
801
555
1078
580
622
742
591
799
579
614
580
634
827
569
1029
578
593
590
582
888
559
668
734
767
1033
563
806
578
607
548
592
814
588
1030
592
642
707
655
1016
582
624
590
673
1017
592
806
600
593
516
582
878
550
975
611
664
739
677
1054
601
626
635
658
1047
604
799
568
592
554
591
817
567
990
596
616
653
681
881
586
1011
581
634
713
629
1046
574
558
587
581
927
579
823
585
614
554
598
799
559
855
548
580
545
564
941
561
556
550
602
951
587
847
576
628
521
591
839
578
935
591
620
563
572
806
574
992
595
1627
1545
816
1695
16190
13872
13860
13822
13791
13796
13819
13845
13865
13843
13826
13807
13801
13796
13809
13800
13818
13835
13849
13888
13891
13907
13837
13839
13849
13865
13910
13914
13884
13855
13847
13826
13820
13797
13819
9881
9875
9855
9850
9841
9853
9731
9609
9482
9253
9143
9045
8953
9472
9373
9277
9170
9057
8947
8852
8736
8640
8551
8437
8383
8293
8213
7625
7503
7397
7316
7212
7123
7008
6911
6817
6545
6460
6351
6260
6166
6094
6008
5921
5846
5801
5723
5738
5932
5870
5844
5794
5736
5710
3747
3540
3522
3595
3556
3624
3704
3730
3578
3574
2907
2921
3040
3017
3030
3100
3111
3143
3184
3257
3288
3332
3362
3401
3417
3478
3434
3427
3418
3412
3396
3438
3471
3534
3590
3659
3704
3616
3657
3668
3693
3723
3754
3793
3842
3884
3947
4024
4019
4011
4023
4050
4070
4095
4152
4197
