2613
2712
1126
905
5033
635
3345
2595
7006
1278
668
752
665
621
617
652
690
730
737
774
888
940
966
1142
588
581
612
647
1673
1006
968
1013
1146
1157
1163
1174
1142
1130
1150
1189
1156
1131
1166
1174
1221
1235
1281
1320
1414
1491
1609
1631
1693
1674
1249
1273
913
562
635
658
768
759
817
849
918
963
1023
1095
1087
1137
1173
1212
1247
1285
1364
1414
1500
1551
1633
1695
1790
1695
1751
1803
1796
1856
1903
1971
2040
2104
2143
2183
2238
2283
2364
2445
2575
2646
2724
2738
2772
2796
2830
2901
2935
2987
3067
3124
3162
3157
3206
3268
3312
3401
3460
3492
3532
3571
3615
3695
3751
3848
3900
3969
4005
4092
4134
4212
4260
4290
4350
4429
4498
4606
4648
4723
4781
4828
4847
4885
4976
5007
5068
5124
5133
5161
5158
5204
5004
5082
5008
5055
5050
4747
4734
4264
4309
4189
4205
4250
3983
4028
3685
3685
3508
3557
3550
3345
3367
3032
3065
2887
2918
2956
2723
2767
2451
2450
2276
2296
2366
2118
2166
1837
1854
1698
1750
1763
1566
1595
1310
1332
1162
1219
1265
964
1010
746
775
644
702
822
634
873
601
637
534
598
836
598
919
629
668
552
574
818
616
982
607
701
762
731
987
610
653
660
698
932
620
941
585
612
649
659
889
570
795
599
641
568
591
830
597
982
611
649
698
724
991
597
633
684
746
831
606
993
611
652
672
681
902
609
942
588
616
646
687
881
609
772
613
683
656
695
882
586
951
638
687
699
700
966
582
770
589
609
536
549
764
598
913
620
688
619
683
1009
626
891
651
706
731
736
845
596
944
597
648
534
601
824
606
904
630
673
502
577
1206
582
885
609
618
581
582
785
596
811
594
651
595
631
844
601
825
606
682
673
691
1011
579
776
566
665
654
693
994
568
981
595
615
619
658
705
610
1016
608
651
614
629
982
625
865
670
665
553
598
826
640
866
621
665
621
669
1070
640
938
624
656
694
729
976
610
670
513
590
821
641
1144
696
724
770
818
1068
626
649
550
576
794
590
944
633
664
708
611
967
598
622
565
617
934
611
684
653
703
1048
635
928
612
670
706
687
1049
609
629
535
558
956
561
631
606
636
987
580
945
568
581
606
631
930
577
579
562
590
829
601
994
630
676
711
745
1049
634
686
688
719
1042
600
811
585
606
543
612
877
579
998
596
627
643
669
1007
606
579
618
666
987
601
803
553
624
541
588
883
646
1090
640
692
787
790
1104
652
716
709
759
1009
616
867
611
650
518
617
861
593
885
636
690
544
594
957
606
630
670
709
880
646
1047
640
695
583
611
827
581
992
581
633
699
653
1079
630
692
686
729
1069
627
968
624
635
673
702
1022
598
652
678
745
1019
600
843
592
611
537
614
807
601
1004
640
684
728
763
1041
585
661
553
628
878
624
1013
601
667
732
680
1020
598
601
573
612
808
613
1049
560
582
592
578
1065
598
627
582
592
776
604
1037
584
586
603
603
923
581
621
671
706
1047
612
899
605
633
640
644
964
579
588
655
715
1044
601
933
578
589
746
591
806
592
584
539
600
867
622
973
605
682
746
744
1014
591
615
505
585
878
618
997
599
601
606
638
947
613
651
576
609
801
622
882
621
651
569
621
953
596
628
671
708
1042
612
951
601
613
655
675
1047
609
627
498
546
997
612
664
681
719
1078
621
822
641
635
547
609
935
615
634
569
605
640
686
702
730
770
810
829
836
857
896
960
1008
1055
1092
1171
1194
1207
1220
1232
1286
1312
1386
1376
1411
1428
1437
1437
1354
1335
1403
1149
1179
701
735
808
835
1102
601
639
526
567
858
586
1000
620
626
663
559
974
617
684
706
684
1034
585
619
543
625
826
602
1049
615
645
665
567
824
601
633
513
605
855
592
1034
631
640
716
584
929
566
631
691
684
1064
609
658
535
599
873
598
1040
628
658
721
734
979
562
618
635
701
1092
558
930
592
576
585
622
966
617
647
495
583
927
607
959
594
664
776
594
890
615
680
494
562
872
632
1028
599
620
705
606
917
610
649
520
596
846
611
1016
613
637
692
740
980
587
620
531
597
847
604
1056
577
590
606
633
971
591
617
651
684
970
557
891
585
603
717
571
798
572
604
535
595
963
589
624
536
640
831
573
912
607
625
1541
1371
1353
2627
1389
1733
2055
2027
1824
917
1664
1648
1697
955
929
906
922
946
928
682
912
765
781
760
755
758
750
784
2824
915
695
706
666
652
693
726
763
797
626
622
729
871
868
912
969
1038
1014
1064
1056
1050
1075
1077
1090
1111
1167
1214
1327
1390
1251
1316
1391
1424
1455
1477
1521
1533
1592
1569
1594
1603
1606
1628
1647
1703
1747
1771
1789
1829
1858
1852
1893
1902
1903
1954
2024
2070
2130
2209
2274
2317
2349
2398
2427
2441
2473
2568
2637
2686
2707
2743
2803
2834
2885
2970
3066
3096
3150
3210
3290
3348
3406
3494
3535
3559
3603
3601
3629
3676
3694
3728
3798
3861
3930
3959
4008
4032
4050
4043
4037
4078
4106
4108
4129
