3754
3415
3436
3462
3450
3434
3353
3273
3265
3227
3132
3073
2947
2811
2675
2558
2509
2426
2306
2221
2140
2097
2123
2239
2292
2134
816
819
816
772
7410
857
2006
693
698
695
643
682
675
677
725
792
853
1039
1395
624
681
720
766
868
967
1304
626
646
691
819
3417
1281
1328
1269
539
1970
617
2331
626
624
1891
625
625
633
643
683
660
721
597
625
627
687
769
753
773
821
867
898
935
983
1062
1396
1456
1504
1474
1517
1533
1596
1641
1587
1619
1660
1687
1711
1759
1780
1795
1829
1862
1859
1917
1938
2002
2071
2110
2030
2072
2102
2113
2131
2162
2456
2518
2531
2603
2582
2665
2481
2527
2537
1257
1236
717
626
1591
633
1982
658
645
1672
636
1670
669
674
935
680
1760
2035
2069
1130
1155
1781
666
1775
636
631
1602
624
1716
656
861
937
714
723
727
770
829
994
544
593
1811
594
626
520
598
4179
693
612
536
586
596
646
750
999
1111
904
906
934
956
1025
1082
1155
1243
1266
1348
725
773
3519
3057
3031
3024
3123
2465
2360
2271
2172
2255
2272
2309
2209
1936
1879
1592
1649
1365
1427
1081
1103
1117
707
722
592
613
1493
1011
887
936
1014
1270
1167
1104
1141
1156
1180
1248
1331
1415
1458
1515
1552
1602
1659
1759
1665
4768
610
591
580
578
643
806
703
610
587
605
626
660
713
761
802
855
931
966
1077
1094
829
863
916
1920
1875
1932
1901
1947
1937
1963
1964
2041
2023
2141
2166
2090
2047
2060
1881
1888
1926
1897
1981
1436
1482
1240
1324
1353
784
1075
4220
1540
1069
1038
1023
1034
1054
1035
1104
1097
1099
1119
1202
1167
1222
1228
1261
1324
1397
1423
1507
1530
1564
1478
1681
1758
1806
1435
1448
1115
1105
874
1004
5018
621
585
580
574
584
630
719
612
659
713
662
718
1064
1003
994
985
1039
1065
1108
1165
1211
937
952
1001
1059
1108
1122
1278
1292
1258
1287
1334
1366
1256
1321
1388
783
842
892
956
952
631
1653
1072
614
663
803
566
592
741
577
640
520
580
997
603
680
603
681
1249
587
919
604
667
629
591
799
1135
752
581
1028
1034
1026
1031
668
707
522
622
894
587
1030
576
694
777
570
1127
590
605
528
669
838
634
1802
997
904
882
900
971
890
912
689
764
907
596
1027
578
641
4641
640
562
596
3848
1387
607
597
630
646
639
703
729
779
865
921
643
679
701
765
835
926
1031
1076
1111
1179
1211
1106
1206
1314
2651
651
671
621
704
714
743
796
829
866
1047
1173
1226
1229
1257
1164
1203
1283
1365
1427
1510
1559
1583
1631
1698
1803
1833
1851
1803
1809
1814
1738
1814
1807
1908
1836
1876
1591
1650
1700
1190
1231
1098
1085
1567
1068
1092
584
615
626
580
1134
1083
1043
964
855
2589
1134
1137
1138
1261
1138
592
1177
1135
1123
1192
4313
6737
3246
786
607
636
623
623
602
657
694
744
735
740
600
592
973
1052
1000
1009
1046
1091
1131
1099
1106
2543
2687
2732
1872
1795
1753
1721
1748
2524
2543
2613
2640
2393
2560
2550
2547
2549
2523
2634
2697
2758
4127
980
723
582
817
790
658
611
615
611
607
678
732
794
795
849
1060
1061
1128
1146
1673
609
926
921
1013
1854
1768
2794
2823
2749
2713
2736
2757
2415
2332
2399
2457
2487
2522
2595
2727
2780
2822
2870
2902
2952
2928
6518
2551
2298
2422
2289
1832
1424
1241
1104
1229
1326
1170
1007
962
1521
1557
1527
1524
9085
1201
650
563
634
622
639
703
738
752
809
890
978
809
5382
2308
1075
795
603
598
670
715
706
719
722
793
863
930
989
1024
1042
1079
2922
2984
2964
2494
2252
2228
2240
2282
2308
2344
1787
1838
1821
1851
1901
1937
2023
1942
1813
1843
1938
1962
1952
1969
2010
2086
4107
4195
4222
4269
4340
4335
4298
4285
4098
4150
4176
4200
4230
4290
4351
4380
4383
4303
4358
4413
4473
4475
4654
2923
2890
3154
3267
7184
7104
7110
7056
6379
5919
5666
5697
5669
5665
4148
4160
4153
4218
3785
3783
3667
3695
3763
3811
3863
3908
7939
7947
7989
8036
8030
7962
7937
6256
5872
6596
7170
867
1379
1745
1065
953
1033
1038
986
1003
886
904
886
949
3790
4198
4150
3822
3754
3697
6961
6767
6611
6534
6478
6482
6436
6404
6426
6439
6440
6435
6672
627
605
576
961
996
977
983
986
994
919
828
724
616
518
532
793
738
578
810
567
792
786
789
756
756
774
1115
1130
625
550
589
1141
1149
2319
618
2522
1307
1877
726
1174
2066
627
601
559
558
549
536
545
533
506
500
509
506
1033
1848
1757
1668
1572
1461
2173
2258
2215
2009
2563
2453
2601
2415
2992
610
588
630
668
573
545
637
631
682
726
5373
1041
656
663
751
671
693
646
680
698
773
803
931
1009
999
980
1065
1077
1122
1320
2029
3268
3158
3109
3030
2871
2825
2853
2796
2819
2886
2933
2947
3026
3048
3098
3118
3125
3145
3191
3238
3312
3368
3397
3441
3473
3612
3579
3537
3614
4456
4461
4545
4589
4517
4388
4301
4277
4313
4304
4308
4313
4348
4426
4472
4513
4585
4601
4545
4573
4584
4623
4726
4805
4855
4995
5003
6241
6277
6322
6360
6360
6502
6885
6972
7071
7133
7021
6909
6736
6597
6482
6448
6312
6242
6204
6201
6099
6124
6180
6195
6272
6302
12208
12304
12364
12448
12543
12590
12697
12785
12806
12841
12857
12917
12926
10752
10645
10589
10598
10512
9665
9634
10253
10268
10313
10288
10259
10269
10290
10330
10360
