6881
6872
6861
6931
6907
6938
6924
6947
7022
7368
1703
1301
1271
1270
1262
1271
1176
1087
1017
935
900
821
734
4844
4745
4644
4545
3486
3481
3365
5571
5475
5387
5277
5210
5096
4994
4911
4813
4716
4638
9129
9069
8965
8874
8797
8707
8588
8789
8684
8589
8509
8416
8300
8215
11458
11368
11323
11241
11145
11069
11013
10921
11966
11936
11907
11875
11829
11755
12237
12205
12174
12120
12035
11971
12402
12411
12380
12300
12170
12075
11940
11792
11661
11540
11397
11296
11176
11037
10917
10738
10635
10513
10417
10385
10387
10460
10508
10548
10606
10661
10362
9019
8890
8875
8874
8865
8867
8924
8961
9001
9032
9056
9094
8539
8527
8530
8518
8542
8531
8520
8475
8493
8575
8645
8644
8635
8676
8739
8723
8670
8705
8707
8754
8801
8865
8895
8949
8987
9026
9064
9110
9168
8611
8657
8672
8722
8761
8786
8770
8725
8657
8687
8694
8779
8840
8900
8872
8861
8770
8813
8714
8712
8357
8400
8104
8165
8194
7760
7797
7692
7710
7758
7221
7266
6832
6806
6806
6644
6667
6290
6327
6060
6104
6132
5878
5930
5462
5423
5417
5262
5274
4872
4899
4883
4815
4809
4271
4276
4291
4347
4315
3929
3904
3437
3440
3422
3366
3374
2920
2934
2790
2798
2815
2342
2317
2147
2193
2247
1803
1845
1733
1710
1691
1297
1315
1111
1064
849
860
960
598
594
565
594
827
612
1004
598
596
619
659
963
593
633
533
576
796
569
965
627
636
686
723
1013
624
679
670
687
981
599
1009
597
697
703
657
1014
617
720
723
798
1049
609
831
606
635
555
580
936
570
579
604
606
937
601
831
586
597
586
617
820
640
1060
605
610
645
543
835
592
679
552
586
955
573
569
574
607
942
572
833
579
608
534
605
1022
601
653
686
738
970
573
830
590
640
518
594
1002
616
629
525
572
815
570
1045
587
602
672
611
830
613
619
578
599
910
594
602
553
584
807
599
960
588
586
631
672
969
585
614
546
584
839
584
952
615
678
769
640
830
622
659
572
590
842
630
953
582
606
711
576
821
565
585
550
585
867
577
961
568
578
573
633
837
596
1010
577
596
607
632
794
588
989
581
616
691
674
1062
578
667
624
685
1062
587
839
602
649
515
562
809
596
882
600
665
622
661
1018
607
803
584
588
553
607
807
582
981
571
637
672
708
1054
577
623
581
628
1049
596
792
567
595
558
581
818
549
857
558
586
554
605
824
569
1002
623
642
706
728
847
591
1022
581
607
631
611
999
610
688
664
695
993
603
817
626
645
610
669
997
578
873
595
617
521
610
840
606
1046
623
637
655
687
922
615
629
619
637
993
615
799
573
595
534
588
810
616
1053
582
611
617
620
975
603
598
666
698
878
613
1009
601
635
545
577
839
573
1016
580
598
621
615
990
610
607
656
696
991
601
831
631
643
615
671
1001
603
874
592
608
561
625
826
619
999
585
640
670
711
863
591
1063
593
631
669
722
1102
613
638
678
736
1009
610
721
674
650
668
695
998
554
810
592
643
975
3915
954
983
1004
1020
1033
1041
1073
1128
1164
1203
1244
1284
1290
1347
1383
1433
1484
1547
1623
1637
1687
1735
1469
1517
1574
1494
1598
1122
1330
583
685
860
622
903
627
991
613
697
699
736
1055
602
644
639
711
1071
631
851
590
621
571
598
822
597
966
598
690
723
622
973
600
669
711
733
1043
613
770
600
654
547
615
933
616
897
582
640
562
584
792
592
1024
596
628
647
695
984
573
598
640
679
938
575
991
594
625
652
677
994
592
813
575
617
531
576
803
579
1085
605
614
661
693
1012
612
668
680
731
925
601
994
636
656
652
659
1058
592
1030
1110
881
2033
2049
2075
2084
863
1211
1256
867
916
939
992
1031
1069
1157
1247
1291
1367
1411
1468
1501
1540
1600
1653
1684
1731
1783
1786
1818
1848
1896
1913
1927
1935
1969
2032
2109
2155
2182
2219
2225
2260
2276
2314
2364
2385
2398
2416
2404
2419
2432
2470
2488
2179
2160
1977
2020
2043
1574
1641
1398
1510
1521
1140
1157
687
704
711
608
818
643
663
551
620
830
593
1015
597
702
736
703
1071
600
614
543
577
805
602
1035
607
606
723
573
833
577
585
561
599
924
611
652
666
715
1026
605
813
603
632
568
626
807
612
1009
586
610
629
641
937
572
634
551
592
875
604
1008
605
630
708
574
945
583
596
621
616
944
598
625
540
610
1065
595
621
654
686
997
584
819
603
651
552
617
973
585
602
602
595
953
608
979
603
669
703
647
1071
609
655
658
713
1009
586
867
616
623
561
586
921
591
639
699
747
1035
612
981
631
1996
1554
1446
2353
3946
1412
2558
13806
1207
696
625
665
656
583
587
624
636
622
686
879
955
816
834
838
851
860
899
958
1038
1129
1203
1246
1285
1324
1314
1389
1432
1476
1500
1552
842
854
907
934
977
1083
1097
1136
1196
1409
1370
1310
1335
1400
1450
1512
1552
1594
1705
1727
1748
1785
1815
1880
1928
1990
2049
2112
2152
2203
2249
2309
2345
2406
2445
2478
2496
2534
2578
2604
2686
2761
2797
2841
2860
2844
2817
2828
2876
2892
2917
2923
2925
2997
3010
3061
3076
3074
3105
3136
3153
3168
