4581
4686
4744
4779
4817
4911
7271
2128
3817
612
820
781
586
1114
664
1110
741
808
839
689
2025
4768
885
639
698
682
673
704
1637
1193
2118
3488
3499
3503
3523
3902
4622
5378
3680
3442
3264
3034
3029
1094
1668
2115
2158
1961
1611
1113
1131
1049
933
934
902
995
1068
1055
1093
1142
1190
1242
1311
1384
1435
1932
2247
2668
2546
1909
1853
1774
1774
1864
1948
1987
2031
2077
2088
2164
2188
2204
2275
2299
2398
2425
2484
1744
1806
1790
1834
1881
1920
2003
1816
1869
1911
1883
1881
1879
1897
1894
1893
1958
1999
2069
2090
2123
2166
2199
2217
2285
2332
2369
2445
2472
1919
1895
1949
1978
1951
2007
1926
1823
1883
1886
1944
1806
1804
1821
1875
1910
1982
2022
2099
2086
2136
2174
2212
2271
2350
2373
2413
2371
2408
2461
2525
2584
2637
2685
2767
2771
2820
2885
2970
3029
3120
3138
3175
3195
3275
3324
3375
3411
3482
3560
3602
3652
3706
3753
3817
3887
3950
4008
4070
4097
4119
4138
4175
4208
4264
4314
4342
4397
4442
4475
4523
4596
4644
4671
4696
4720
4722
4749
4767
4834
4852
4906
4968
5010
5056
5123
5167
5182
5221
5250
5319
5369
5385
5415
5450
5475
5486
5531
5542
5617
5676
5709
5755
5814
5832
5888
5930
5910
5971
5427
5451
5483
5278
5297
5004
4990
4791
4791
4814
4418
4477
4437
4414
4394
3962
3940
3434
3413
3171
3187
3239
2796
2812
2804
2791
2805
2391
2378
2139
2150
1958
1976
1967
1713
1748
1305
1320
1330
1224
1230
1002
1019
843
878
924
657
1025
624
651
669
575
822
627
698
539
572
792
586
979
604
638
698
703
1006
608
638
584
592
811
585
971
603
649
698
571
869
583
584
562
641
861
606
952
585
641
688
730
961
603
653
508
614
1227
898
1032
599
618
661
581
840
644
691
508
574
979
607
658
572
646
1058
591
840
578
600
539
568
906
566
628
599
628
1008
579
959
615
615
612
601
879
561
607
549
588
820
590
929
576
606
741
569
815
582
621
590
601
939
584
596
610
607
927
637
1020
608
601
614
613
932
559
611
518
563
923
605
555
584
602
978
597
1014
601
605
633
649
962
606
651
509
595
917
582
1068
597
635
730
612
831
628
665
571
601
784
602
985
615
662
714
571
795
591
615
564
589
963
594
613
653
709
1064
582
915
582
592
594
600
924
573
596
545
592
967
593
587
590
601
908
574
821
611
633
534
569
908
604
660
613
617
993
632
1016
593
623
656
677
990
632
678
519
568
808
582
1013
641
629
672
561
802
599
631
575
626
931
608
636
667
721
1004
612
959
636
676
718
700
1007
596
619
552
599
847
608
977
584
587
640
624
1025
569
575
523
562
986
615
630
655
671
1010
608
1024
619
656
683
697
966
601
640
899
894
900
942
599
1476
1455
1480
10684
981
602
1811
2083
2433
2311
2351
2378
1702
1482
1358
945
1010
1033
957
999
1021
1031
1061
1128
1181
1000
1038
1096
1123
1173
1225
1305
1359
1433
1493
1548
1578
1642
1702
1773
1812
1868
1897
1928
1956
2001
2100
2182
2254
2305
2277
2309
2367
2411
2490
2555
2629
2698
2766
2783
2829
2865
2934
3026
3115
3163
3219
3230
3281
3320
3342
3391
3429
3469
3522
3580
3642
3671
3743
3712
3770
3829
3892
3943
3983
4039
4107
4134
4248
4318
4362
4521
4560
4595
4639
4680
4761
4822
4917
4957
4987
5031
5090
5123
5178
5242
5271
5304
5335
5355
5411
5433
5455
5502
5505
5554
5093
5145
5077
5068
5090
4642
4682
4349
4327
4120
4179
4168
3969
4003
3585
3592
3597
3527
3519
3058
3061
3015
2998
3021
2809
2838
2420
2423
2426
2405
2412
2027
2034
1769
1782
1580
1599
1631
1362
1376
975
997
1034
1026
1067
757
974
577
586
584
606
942
608
605
578
582
821
575
1009
598
601
616
633
975
581
623
662
722
874
624
1025
573
579
592
633
960
586
830
597
598
564
584
959
577
576
572
581
936
595
817
599
607
588
602
976
591
836
616
614
693
752
1085
620
804
604
627
544
616
826
634
931
613
620
675
735
879
605
987
614
666
708
725
990
594
640
639
690
883
599
1063
600
620
636
677
976
585
765
583
597
531
540
808
567
849
592
659
564
595
815
604
1004
605
704
720
708
994
581
660
595
698
1228
614
791
742
978
603
649
666
592
1023
575
627
661
672
842
575
1044
649
686
697
582
881
617
555
570
611
833
606
895
625
656
559
600
784
567
1026
640
698
767
720
963
558
669
613
659
868
593
988
572
651
554
572
767
567
960
554
654
669
1542
1378
1396
1006
2006
1990
2016
2066
1349
1213
1310
1292
1277
1305
1245
1151
1043
961
864
781
702
624
547
500
869
1264
1299
981
932
851
903
881
1793
2196
1910
1454
905
905
897
920
677
919
570
741
776
743
763
733
752
739
755
779
7138
908
933
700
1447
1254
626
624
625
668
725
1349
666
722
648
668
750
755
849
859
1061
1050
1084
1107
1159
1216
1281
1309
1349
1400
1457
1559
1622
1680
1721
1789
1898
1979
2002
2006
2018
2037
2133
2205
2290
2353
2334
2335
2352
2381
2433
2479
2529
2615
2648
2698
2732
2771
2806
2839
2937
3047
3108
2938
2965
2995
2998
3034
3071
3138
3186
3244
3271
3283
3307
3340
3370
3440
