5256
5364
5453
5107
5074
4483
2777
9239
5674
3765
3713
3333
2914
2931
9132
8045
7917
7947
7989
8031
7986
7874
7751
7702
7578
7474
7385
7317
6862
6735
6606
1118
848
863
1051
660
909
698
685
676
726
726
750
815
852
905
981
1030
1150
1217
1283
1298
1256
1252
1366
1414
1435
1451
1456
1452
1461
1487
1493
1502
1537
1551
1600
1644
1691
1746
1816
1888
1950
2029
2099
2162
2235
2213
2238
2312
2361
2403
2468
2500
2549
2384
2468
2518
2572
2618
2689
2700
2708
2751
2832
2882
2933
2983
3027
3119
3168
3213
3278
3323
3372
3436
3523
3592
3605
3658
3704
3748
3830
3868
3911
3963
3992
4025
4025
4072
4101
4163
4213
4282
4400
4471
4532
4627
4670
4711
4747
4832
4897
4922
4960
4969
5017
5025
5063
5095
5140
5151
5180
5206
5212
5265
5298
5337
5396
5441
5460
5469
5485
5465
5466
5493
5512
5540
5566
5577
5646
5518
5547
5047
5070
5074
4886
4896
4576
4625
4389
4416
4443
4120
4123
3692
3726
3692
3718
3723
3268
3297
3060
3103
3153
2808
2830
2345
2342
2363
2230
2213
1999
2011
1808
1842
1855
1552
1583
1095
1134
1178
1121
1148
708
796
651
625
673
676
1194
646
708
720
737
1400
629
836
613
672
599
628
1002
577
804
583
628
550
604
1053
613
965
602
672
613
656
990
609
830
598
614
611
631
1026
616
841
612
635
563
596
885
610
990
577
579
581
620
869
619
999
633
680
733
768
953
620
842
610
643
583
651
841
616
898
617
692
568
631
859
617
1023
622
661
690
717
926
599
1035
648
709
753
734
894
636
1101
604
630
628
641
875
653
1033
621
655
686
686
1056
623
679
694
754
979
626
1051
626
673
703
706
938
613
999
646
674
692
747
963
624
1117
673
718
755
823
985
615
1002
592
675
636
727
1036
555
853
554
651
599
645
1025
593
822
585
648
592
604
848
611
976
650
714
684
695
999
576
802
618
640
613
661
1000
601
867
626
658
643
658
1128
624
826
626
656
653
717
1008
623
851
651
694
655
730
1111
586
883
590
610
624
682
884
657
1031
595
629
674
706
785
600
877
594
1135
621
619
664
688
975
623
622
675
736
917
632
1035
667
704
677
749
1138
612
865
631
653
539
580
832
603
892
593
629
533
575
849
625
940
644
669
568
630
834
608
1100
616
635
688
748
950
592
1028
580
560
607
661
949
595
594
637
691
918
610
1007
593
622
676
707
1057
553
824
580
605
564
586
818
602
855
590
621
558
605
852
601
1013
582
631
664
625
851
580
926
613
652
685
683
886
559
1003
605
650
685
681
1064
631
696
681
706
1023
603
815
588
675
546
628
1050
645
865
602
663
539
618
1040
600
1007
608
622
655
672
879
604
1010
614
653
685
731
8696
1009
708
692
722
766
850
924
969
1040
1038
1079
1093
1122
1156
1228
1301
1353
1428
1498
1572
1615
1678
1745
1833
1901
1947
2012
2074
2144
2205
2273
2353
2416
2447
2471
2491
2532
2571
2591
2617
2643
2640
2680
2729
2770
2800
2843
2901
2959
3009
3006
3079
3137
3154
3206
3299
2964
2992
2497
2497
2522
2323
2354
2099
2119
1901
1979
1986
1682
1728
1224
1246
1257
1251
1284
754
790
648
658
820
629
1108
616
618
619
613
954
604
616
638
690
1027
614
916
580
670
524
572
854
637
904
608
644
499
580
830
610
1115
621
648
694
601
924
605
628
546
604
836
623
922
639
683
573
624
1016
587
627
609
650
1004
590
947
604
617
667
682
887
650
1057
642
683
728
761
1078
604
631
518
621
845
598
1086
622
643
673
696
1054
592
621
544
639
883
609
1043
604
625
669
724
1039
656
669
575
604
849
583
982
590
630
668
674
1023
619
687
544
583
834
612
1050
624
640
719
578
835
599
625
543
586
960
586
611
618
666
987
581
856
603
619
576
626
914
621
637
640
646
1021
580
792
611
640
554
620
1011
566
581
625
669
1075
571
929
592
616
641
689
1081
581
615
593
631
1069
626
833
618
616
554
626
976
599
607
620
642
789
601
1104
602
625
567
625
848
598
872
605
643
533
592
1006
616
701
698
695
1021
594
901
601
633
566
614
832
599
1014
583
609
651
656
992
582
615
551
595
807
620
1006
575
587
671
584
824
606
619
542
581
864
630
1016
635
685
743
702
1728
1363
1422
1248
1764
2102
2150
1837
985
1374
1310
987
933
861
925
880
897
653
885
735
753
752
740
753
762
728
719
733
910
748
735
760
733
725
751
723
730
744
764
755
727
752
783
742
757
826
1579
3241
638
559
996
1314
1171
742
5181
666
666
740
831
965
1033
1022
1054
1104
1182
1265
1351
1409
1467
1505
1579
1652
1721
1775
1849
1940
2033
2089
2137
2200
2217
8335
8415
8430
8508
8546
8562
1570
1583
1624
2379
7357
625
590
632
641
684
739
823
904
963
1015
1064
1155
1219
1279
1345
1403
1428
1489
1531
1578
1624
1717
1803
1855
1893
1936
1966
2021
2074
2107
2183
2222
2304
2328
2404
2456
2516
2591
2623
2677
2717
2730
2784
2816
2887
2910
2935
2958
2976
2993
3006
3050
3075
3097
3118
3120
3139
3170
3216
3253
3331
3385
3427
