2943
3031
2626
2651
2683
2246
2305
2042
2215
2230
2268
2297
2309
2349
2628
2662
2658
2952
10609
5612
3878
5871
4246
728
2543
2541
2411
2259
2071
1992
2916
2807
2820
2241
2232
2203
6796
1013
641
673
813
1062
1125
1070
1047
1061
1014
1281
1345
1314
1308
1323
2333
2339
2310
4484
1187
680
635
663
833
955
894
946
988
1068
1107
1160
1171
1256
1369
1441
1466
1483
1496
2263
2357
2286
2245
1436
1469
1479
1461
1448
1484
1538
1560
1680
1710
1720
1565
1503
1619
1637
1667
1721
1728
1750
1822
1843
1870
1879
1909
1900
1939
2033
2149
2143
2109
1239
1322
1446
1554
1586
1645
1739
1185
1283
1169
1190
1226
1336
1363
1377
1415
1505
1572
1611
1611
1655
1726
1794
1803
1876
1929
1937
2010
1874
1752
1700
1728
1739
1783
1796
1816
1884
1921
1960
1880
1837
1850
1881
1891
1893
1940
1942
1942
2011
2068
2142
2247
2326
2411
2472
2174
2193
2226
2252
2287
2324
1489
1518
1618
1644
1730
1793
1859
1688
1785
1760
1840
1873
1922
1951
2003
2100
2159
2230
2279
2319
2349
2416
2478
2537
2573
2631
2541
2585
2640
2726
2784
2804
2867
2323
2314
2331
2377
2438
2515
2580
2636
2692
2749
2772
2822
2872
2955
3007
3062
3147
3196
3218
3253
3275
3314
3358
3410
3488
3571
3617
3695
3738
3794
3843
3902
3754
3773
3774
3794
3797
3811
3820
3846
3863
3935
3939
3940
3976
3980
4011
4051
4077
4104
4141
4137
4171
4225
4264
4272
4317
4370
4373
4426
4448
4479
4516
4532
4467
4474
4461
4387
4391
4399
4096
4096
3628
3667
3687
3706
3700
3255
3300
3110
3173
3225
2712
2750
2705
2734
2757
2283
2312
2038
2066
1775
1811
1791
1439
1465
1480
1474
1508
1021
1046
800
852
980
1017
995
675
687
684
695
915
569
826
585
608
553
599
1158
582
1160
623
653
718
753
1012
616
650
684
729
998
610
915
592
578
613
629
960
568
604
521
581
859
572
966
604
620
627
594
849
580
599
522
576
1066
598
1175
616
643
725
585
803
595
637
511
587
980
602
623
521
548
868
578
993
595
614
621
642
947
611
632
661
700
966
590
924
630
614
638
663
979
584
635
572
585
823
634
1023
619
667
669
728
973
591
625
546
616
938
591
593
621
662
1017
624
852
611
640
514
612
970
590
629
619
657
1064
611
943
609
670
683
701
1076
566
580
550
582
825
610
1059
627
653
689
641
804
591
626
506
581
841
605
1029
605
621
654
634
889
637
679
529
604
820
563
1104
575
551
574
699
1006
613
658
546
607
813
1605
1278
1156
1151
1163
985
999
750
810
562
597
982
587
583
579
640
1051
593
814
562
592
530
579
982
593
607
652
660
1026
596
805
595
651
518
615
907
593
885
621
667
549
619
859
603
959
576
591
723
626
842
599
613
536
608
910
577
964
565
581
583
612
944
596
607
558
604
778
604
871
594
619
554
617
844
654
1000
603
655
698
738
1001
580
574
596
652
988
582
840
604
635
534
572
848
622
862
605
616
552
580
788
604
914
585
625
561
599
807
552
993
569
589
613
686
808
556
1421
1042
1013
992
1011
1003
752
766
781
876
1061
618
829
1033
1031
1058
1084
1103
847
1135
589
603
641
916
933
969
1018
903
964
1014
1030
1062
698
842
553
635
545
607
1119
753
591
636
644
530
571
777
638
966
612
1477
1087
998
1016
1019
1045
1038
1060
1064
1031
1119
939
927
811
817
930
586
1022
569
572
620
557
804
564
596
519
606
1649
1238
926
867
910
919
926
1090
609
645
668
666
968
918
810
683
721
534
600
817
584
2961
7594
1188
1018
956
827
762
821
825
895
950
985
1042
1104
1124
1205
1113
1134
1112
2269
951
823
811
814
885
913
1028
1088
1111
1153
1212
1219
1252
1051
1102
1148
1201
1237
1245
1282
1433
1495
1527
1555
1712
1760
1833
1915
1964
1965
4849
1055
1019
1048
1239
1292
1217
1246
1310
1327
1378
1432
1463
1494
1598
1650
1745
1793
1884
1923
1925
1993
1764
1775
1790
662
614
688
726
796
853
926
986
1026
1085
893
929
949
1063
645
656
699
789
825
883
1022
1048
1075
1118
780
887
986
977
998
1002
695
959
942
840
865
965
1013
727
717
704
741
779
806
841
845
962
976
1050
1091
1154
1148
1054
1170
1244
1218
1223
1791
617
674
710
757
791
1032
1075
1068
1054
1049
1128
1214
1221
1316
762
827
938
992
1036
1071
1131
1165
1115
1168
1146
1217
3851
4481
1692
1357
1307
1245
1198
1573
614
614
694
1035
1083
1263
2099
1055
2391
1005
800
691
625
897
906
1540
1002
1182
1021
846
719
1300
1384
941
1235
1247
1199
1220
1230
1216
1447
1147
1107
1016
908
773
1421
2297
2193
2061
1870
1982
2299
2953
2859
2777
2684
2660
2769
2772
2809
2676
2584
2583
2729
2804
2884
2946
3172
3210
3844
4212
4548
4471
4390
4277
4201
3833
3814
3361
4183
4407
4469
4595
4620
4668
4730
4795
4757
4697
4933
4935
4906
4980
4992
5178
5234
5334
5416
5456
5380
5416
4485
4333
4333
4341
4376
4384
4393
4422
4513
4602
4679
4735
4802
4887
4928
4625
4550
4675
4641
4664
4705
4792
4872
4948
5101
5169
5184
5248
5249
4590
4577
4621
4582
4602
4612
4632
4659
4690
4722
4771
4767
4784
4807
4810
4836
4891
4923
4987
4996
5001
4990
5064
4971
5043
4814
