3881
5170
5213
5265
5183
4876
4849
4834
4643
2430
633
547
2495
746
1061
1135
513
579
641
815
1021
1729
4229
734
621
620
1844
941
2033
1900
670
685
564
561
540
1276
660
678
632
629
652
699
721
790
825
913
1000
1024
1071
1140
1232
5503
1328
835
672
678
649
648
637
644
667
668
1565
1614
1663
1505
1527
1532
1532
1570
1608
1638
1674
1713
1773
1845
1854
1847
1585
1463
1849
1846
1845
7807
616
654
681
691
754
760
784
811
868
869
873
978
843
866
897
944
969
1020
1069
1141
1182
1189
1201
1225
1257
1302
1369
1451
1502
1571
1562
1579
1566
1584
1614
1704
1747
1812
1832
1863
1902
1974
2027
2085
2189
2187
2247
2278
2285
2298
2333
2395
2407
2459
2466
2500
2514
2554
2589
2616
2628
2661
2695
2734
2765
2814
2833
2861
2902
2950
2974
3017
3029
3087
3123
3154
3249
3285
3324
3359
3429
3471
3280
3300
3321
3340
3376
3406
3411
3461
3495
3554
3625
3666
3699
3730
3750
3793
3825
3886
3917
3979
4044
4121
4188
4302
4357
4419
4462
4502
4549
4587
4648
4697
4746
4792
4851
4900
4947
4977
4999
5051
5086
5137
5206
5297
5361
5386
5455
5519
5582
5608
5681
5733
5782
5816
5825
5849
5866
5907
5975
6015
6085
6066
6062
6079
6118
6184
6263
6308
6365
6370
6390
6394
6393
6380
6430
6423
6467
6501
6515
6574
6597
6601
6619
6617
6618
6647
6681
6725
6795
6868
6847
6934
6878
6902
6950
7007
7043
7140
7173
7220
7263
7306
7349
7401
7262
7300
7230
7271
7289
6834
6825
6560
6520
6389
6428
6448
6065
6065
6069
6095
6133
5813
5843
5465
5501
5532
5547
5607
5159
5188
4783
4773
4825
4825
4829
4529
4553
4135
4132
4161
4072
4111
3801
3796
3700
3735
3725
3482
3469
3057
3064
3079
3059
3065
2661
2646
2551
2512
2516
2292
2340
1875
1896
1929
1926
1974
1605
1620
1494
1514
1531
1209
1231
800
835
852
770
813
622
643
565
648
821
621
1049
611
643
667
692
985
617
654
698
737
958
614
784
639
699
570
622
774
605
1058
638
653
702
757
992
612
631
567
621
771
586
984
615
695
753
680
987
648
724
702
798
1007
576
802
610
668
579
579
829
620
837
613
675
552
574
899
599
618
609
643
861
600
765
608
637
552
590
947
609
615
598
661
825
650
972
611
646
572
612
806
553
957
577
622
637
570
844
602
661
564
578
794
575
845
607
639
648
693
1001
623
818
614
615
672
726
966
618
776
604
678
620
697
1028
594
793
615
672
647
682
964
583
830
547
580
609
652
958
632
762
649
681
573
651
767
586
975
661
641
663
715
739
605
858
628
651
539
593
835
599
1002
617
650
718
744
791
607
891
636
692
520
611
821
621
1022
587
611
642
686
790
636
1027
603
663
594
636
928
623
670
708
750
856
622
911
617
954
626
665
730
767
916
607
1419
1306
1336
943
1005
1002
1049
1059
1090
1120
1151
1202
1259
1076
1125
1068
1105
1125
856
902
600
658
534
639
882
616
836
622
661
555
620
763
611
847
606
675
519
613
799
606
873
655
710
571
593
779
640
849
635
667
546
617
819
582
839
622
692
555
597
786
593
853
587
637
510
585
842
558
947
614
644
554
618
803
626
1013
608
651
690
723
964
618
700
622
668
894
618
949
612
655
690
697
929
593
836
601
629
557
589
820
581
938
615
627
634
668
938
590
612
655
677
791
612
936
608
632
687
710
840
606
957
608
620
667
658
868
590
795
606
679
646
700
903
609
992
598
625
646
655
865
632
762
578
609
506
574
786
595
832
589
607
631
667
1000
630
813
640
696
735
803
914
633
986
596
619
518
566
809
584
893
629
655
558
582
1127
601
855
622
665
542
595
825
613
858
652
662
570
640
822
618
865
639
719
710
738
1027
614
840
613
654
652
696
991
658
815
607
667
621
664
894
609
1025
603
623
648
656
998
609
807
592
628
552
586
848
620
864
690
608
648
675
915
618
935
603
669
734
714
969
591
667
509
602
897
612
976
635
669
722
775
989
604
637
510
590
577
640
756
635
685
782
697
1076
593
647
567
579
926
597
659
667
699
1011
664
986
619
618
664
685
963
607
677
502
568
1002
605
632
636
669
908
579
925
566
599
601
617
923
578
637
518
588
819
611
977
610
695
715
740
1101
607
646
708
750
1007
555
817
584
605
560
565
787
572
1016
595
633
653
655
997
584
610
640
726
1067
598
816
576
618
520
570
823
604
3257
2026
2286
1552
1485
1194
1386
1349
944
1000
1026
1076
1135
1176
1202
1249
1309
1349
1482
1518
1577
1657
1711
1750
1782
1810
1849
1905
1970
2010
2070
2122
2060
2012
1933
1856
1799
1703
1620
1584
1484
1420
1347
1293
1227
1154
1073
1161
1075
800
742
2063
1657
1673
1170
1237
1254
1320
1271
1276
1272
1356
1457
1525
1530
1534
991
1042
1050
1143
1179
1201
1116
1106
1286
1438
1478
1345
1361
1378
1391
1365
1397
1420
1426
1470
1477
1512
1549
1586
1581
1589
1571
1603
1383
1426
1482
1345
1405
868
911
709
784
850
563
1165
590
593
613
614
964
613
668
683
739
1009
600
891
598
