5542
5618
5689
5752
5793
5829
5925
9208
8710
8685
8724
2349
1438
2172
4694
1480
1242
2841
2610
1813
1026
650
735
1010
1778
1751
1407
695
1237
997
957
1017
1029
959
977
958
958
819
778
548
4513
4424
3921
3800
3703
3620
3512
3502
3403
3279
3275
3203
3306
3323
3388
3248
3395
3427
3377
3215
855
743
662
588
607
751
672
593
585
585
604
569
601
674
654
674
674
705
739
771
830
879
1074
1215
588
581
673
653
623
647
902
597
1685
613
616
566
630
825
582
1037
609
612
732
587
894
559
584
531
583
958
583
566
522
559
1191
620
1053
549
584
668
605
833
624
673
542
590
947
583
586
529
617
988
618
800
616
682
526
566
964
572
606
666
688
1022
589
873
609
620
498
557
827
572
1016
605
677
709
684
981
576
580
598
632
1024
565
977
583
592
629
635
981
583
620
620
670
1021
564
878
590
616
567
588
840
571
976
614
588
630
677
824
610
957
598
671
698
605
1078
611
616
653
737
950
582
786
592
639
547
601
821
594
1024
591
674
692
723
1013
598
693
680
746
909
601
1005
601
696
741
753
943
608
804
591
629
533
607
860
618
835
624
651
667
715
976
594
831
645
683
652
692
980
614
815
606
590
568
582
768
599
930
579
605
535
591
801
583
1055
620
643
683
702
1009
600
646
630
694
904
650
1031
607
633
681
696
995
613
854
576
598
559
612
877
624
878
598
628
568
618
996
600
635
644
685
1018
610
895
608
645
638
656
1076
639
831
575
560
516
612
897
580
1027
599
584
605
606
975
569
580
581
617
958
590
781
609
617
554
559
766
583
1046
613
684
737
738
1088
604
660
610
644
854
628
895
682
692
518
570
821
599
1068
593
651
674
610
1008
566
566
571
588
901
605
839
622
690
644
689
1047
584
898
606
622
556
617
856
609
849
604
671
515
610
900
594
900
607
641
511
577
839
588
962
577
659
706
679
1029
554
601
582
620
1029
570
767
553
608
507
625
892
567
946
568
564
580
574
929
562
581
581
626
1047
601
850
579
595
543
592
825
596
979
578
594
651
690
1063
564
567
578
583
916
599
799
606
668
542
590
803
609
1096
621
665
693
687
855
601
975
600
616
688
733
1030
589
621
657
662
1020
598
803
592
652
504
573
980
581
609
550
575
751
584
604
567
598
937
618
635
526
545
986
589
610
667
712
1017
596
946
600
652
717
610
824
553
622
508
604
981
583
584
517
569
974
597
637
517
604
997
594
609
641
652
963
602
928
599
619
690
603
979
571
637
764
575
788
599
631
549
614
969
609
628
651
672
1028
591
979
616
643
680
660
991
586
653
650
678
911
608
812
576
623
553
564
990
589
598
638
676
982
562
969
566
565
645
615
789
604
640
526
586
949
606
649
684
692
1061
611
914
591
786
780
805
1025
621
665
659
693
985
603
963
587
604
649
653
1014
621
677
545
572
994
598
629
651
681
1019
567
954
599
610
636
674
991
609
654
486
596
1041
611
653
649
675
977
613
909
584
629
683
634
1066
607
637
540
588
854
620
999
599
589
673
597
784
590
633
540
599
946
598
641
612
649
1052
577
891
534
551
695
610
816
581
593
544
573
970
584
600
623
665
996
575
1001
600
599
608
598
947
628
667
639
620
776
667
1081
596
656
733
593
817
598
666
532
609
1084
603
667
564
595
822
560
1064
563
600
666
568
922
585
624
660
690
1042
640
703
700
737
1109
589
896
564
608
652
657
1027
590
610
550
586
973
594
629
574
623
1021
606
1017
622
573
574
591
894
611
621
554
597
803
604
1172
606
660
757
621
836
605
630
543
586
816
611
999
615
629
675
563
971
583
641
686
650
1024
580
600
470
567
890
578
965
604
637
744
608
809
592
607
548
624
958
571
573
618
657
1056
612
948
610
633
716
560
825
579
617
534
574
795
663
927
618
644
660
557
868
600
621
562
597
845
631
994
578
593
604
568
855
608
642
683
704
1055
568
597
548
634
877
571
986
568
600
677
567
799
560
558
4023
4137
4153
3667
3668
3680
2999
1991
1762
1359
1153
973
1684
1646
1636
918
1276
1285
866
892
911
877
1711
955
932
987
968
990
1028
1075
1136
1166
1194
1220
1265
1305
1382
1400
1446
1589
1590
1588
1597
1362
1374
1410
6074
2710
1976
1746
1445
1380
1381
1377
1379
1391
1383
1430
1506
1592
1719
1738
1786
1750
1735
1762
1786
1826
1885
1928
2005
2046
2115
2155
2199
2281
2376
2420
2473
2535
2575
2629
2667
2715
2771
2810
2822
2857
2901
2938
2986
3049
3134
3202
3288
3331
3360
3370
3375
3377
3394
3412
3450
3509
3562
3606
3659
3755
3783
3860
3904
3938
3992
4027
4071
4097
4148
4190
4261
4298
4331
4373
4407
4446
4533
4589
4622
4617
4654
4678
4712
4735
4751
4737
4767
4775
4233
4200
3783
3786
3824
3858
3884
3434
3509
3292
3324
3351
2886
2914
2834
2837
