4465
4534
4593
4656
4526
4554
2850
2478
7636
15702
770
573
623
690
728
825
905
981
1046
1115
1132
1165
1197
1209
1240
4745
4752
4787
4811
4811
4872
4945
4996
4198
4140
4111
4091
4070
4023
4032
4039
4047
4057
4075
4161
4227
4297
4326
4105
4162
4199
4235
4239
4238
4294
4308
4323
4373
4389
4435
4505
4610
4719
4849
3981
3453
3469
3193
3183
2947
2959
2819
2812
2861
2882
2722
2744
2783
2813
2828
2855
2847
2900
2914
2926
2921
2963
3006
3123
3206
2648
2668
2738
2767
2770
2739
2724
2696
2623
2687
2767
2732
2825
2856
2824
2842
2854
2825
2839
2928
2960
2985
2942
2954
3001
3058
3085
3176
3239
3290
3350
3446
3507
3537
3581
3633
3672
3668
3704
3735
3787
3830
3900
3987
4032
4054
4115
4174
4236
4294
4335
4416
4523
4600
4638
4658
4691
4723
4776
4817
4891
4936
4982
5042
5106
5164
5234
5285
5322
5379
5400
5435
5491
5497
5537
5559
5562
5636
5341
5350
5259
5294
5309
4841
4895
4571
4521
4342
4341
4347
3911
3920
3896
3953
4005
3486
3499
3192
3236
2982
3052
3110
2806
2840
2307
2267
2327
2377
2410
1967
2029
1893
1928
1973
1484
1571
1063
1122
1143
1117
1178
712
790
726
753
1025
589
929
591
625
510
577
1136
621
1228
609
638
650
609
873
606
653
563
597
792
628
1051
569
586
693
619
841
625
657
525
565
951
556
586
535
577
1058
582
1087
605
593
539
568
925
559
595
589
623
1010
589
1293
1267
1290
1111
1092
1119
869
1077
587
589
3252
601
616
629
651
648
681
694
773
812
841
845
859
860
879
927
999
1075
1133
1170
1154
1179
850
865
929
919
1105
604
641
557
576
821
589
1003
589
662
712
614
944
568
627
565
623
837
625
1013
600
639
692
737
1058
585
603
559
612
829
566
1038
584
639
701
573
864
622
707
543
616
992
594
606
574
579
972
592
837
599
589
560
587
990
589
599
599
614
967
600
1042
617
622
628
651
979
561
627
564
609
824
603
1014
597
629
749
600
852
604
636
521
598
999
605
657
663
677
1032
630
973
608
650
651
614
1051
592
580
518
560
1004
590
647
594
641
1112
557
947
565
604
621
610
1099
578
633
545
616
952
581
995
576
632
729
561
892
617
663
558
599
815
605
1034
613
644
732
610
873
596
630
509
565
1031
602
580
591
610
1029
561
1020
579
585
600
578
988
607
611
548
593
1000
572
573
590
601
1002
568
817
606
639
528
582
977
580
649
590
622
1046
620
933
601
632
709
693
1124
594
612
557
594
835
563
1070
622
638
761
591
842
594
624
543
601
964
586
640
639
676
1175
645
965
611
604
627
664
1056
576
601
544
563
813
654
1082
577
580
608
609
1058
586
580
544
583
979
585
654
594
600
1033
587
968
625
639
671
713
1066
617
669
565
605
822
607
999
594
615
668
639
1077
586
639
584
588
846
598
987
609
657
654
678
990
599
626
506
592
1043
595
672
612
674
1094
565
793
580
624
560
659
983
575
627
587
665
1113
596
991
603
661
781
596
925
601
646
537
589
1019
607
630
533
578
848
585
1008
602
636
627
609
1041
633
660
557
604
870
603
1109
571
569
702
593
1010
598
643
733
606
848
599
631
575
613
879
628
1022
587
642
686
618
980
599
617
647
675
1038
582
660
657
714
1130
603
976
627
665
694
729
932
580
1009
603
645
696
715
1080
623
678
675
714
1087
593
832
575
620
539
617
853
608
991
589
605
616
668
1061
617
690
623
689
915
599
1070
627
643
651
699
949
582
870
610
634
569
603
836
618
1021
616
686
686
641
884
623
1015
599
639
656
602
1038
623
634
548
565
819
578
1007
573
609
628
616
1018
621
638
636
680
924
618
1038
590
671
602
665
1052
600
919
603
634
541
618
1022
592
628
607
618
1051
601
840
614
649
561
607
1021
607
880
607
678
598
648
1019
599
845
587
605
535
603
818
597
1109
610
602
631
638
847
610
1018
630
700
737
709
1114
666
624
644
700
849
591
1165
585
609
648
664
1040
621
838
591
626
524
562
865
580
943
617
664
510
606
934
622
1019
604
648
690
703
1038
606
660
624
709
1192
597
849
614
627
537
601
857
604
1043
601
625
686
729
954
557
1034
598
590
674
560
828
537
605
552
617
850
586
840
631
637
572
605
847
574
1047
648
655
714
743
1498
917
1000
943
1017
941
1344
976
981
920
911
1025
1055
967
1031
1065
1116
1154
1184
1222
1270
1303
1366
1413
1449
1500
1538
1576
1616
1657
1697
1753
3263
3672
3575
3526
3453
3380
3268
2682
2612
2515
2416
2343
2269
2191
2100
2075
2018
1941
938
810
835
848
793
806
858
925
962
1026
1076
1177
1081
1106
1155
1149
1169
1069
1115
852
907
961
657
1234
616
667
682
1322
762
653
708
590
660
1047
637
1138
634
659
601
676
1023
607
826
575
666
628
605
1002
583
791
562
620
564
605
1052
579
804
616
645
496
557
1050
584
659
617
649
886
559
1074
575
662
533
561
990
578
978
581
637
780
577
846
606
644
502
581
1027
