3458
3833
3225
11809
904
3050
2743
989
622
3422
1054
1902
1672
939
767
697
695
739
5571
1260
1263
886
2318
2366
2423
2899
2969
1709
1735
1822
1870
1829
1792
1775
1807
862
4128
1730
1530
1118
763
647
661
650
1019
597
601
612
570
588
631
653
657
608
672
701
749
788
727
736
786
828
874
871
1704
943
998
1095
1142
1119
1190
1217
1175
1263
1295
1297
1280
1303
1318
1325
1341
1558
1595
1640
1688
1780
1867
1761
1768
1793
1855
1822
1856
1873
1333
1429
1423
1521
1536
1553
1583
1582
1618
1796
1466
1355
1403
1422
1508
1461
1551
1565
1544
1555
1573
1634
1696
1707
1621
1654
1702
1723
1720
1716
1752
1789
1821
1881
1948
1981
2010
2074
2115
2149
2243
2281
2298
2305
2354
2393
2467
2524
2616
2671
2737
2795
2860
2912
2949
2962
3016
2816
2864
2858
2906
2964
3006
3080
3129
3156
3196
3247
3272
3323
3372
3423
3460
3500
3538
3579
3614
3684
3731
3759
3808
3910
4005
4073
4116
4133
4176
4211
4255
4297
4356
4399
4461
4539
4566
4638
4671
4711
4766
4803
4828
4834
4835
4871
4887
4887
4914
4960
4976
5008
5036
5050
5088
5097
5142
5179
5204
5245
5249
5286
5317
5359
5344
5419
5476
5503
5567
5543
4738
4048
3600
3256
2917
2565
2289
2044
1941
2009
2086
2125
2170
2177
2216
2275
2317
2397
2471
2542
2589
2558
2577
2617
2693
2759
2822
2916
2935
3003
3047
3096
3103
3150
3232
3299
3313
3372
2867
2903
2710
2803
2883
2405
2383
2371
2391
2426
1960
1961
1514
1531
1552
1473
1549
1091
1135
1055
1025
1064
623
1005
632
595
641
706
1001
601
677
831
878
1011
609
594
621
652
979
582
942
582
568
642
636
1049
583
603
526
573
986
592
601
601
608
949
545
945
559
567
600
661
1055
634
650
570
568
801
614
1007
574
561
692
607
816
604
629
536
604
830
594
1054
598
646
715
572
858
614
647
546
571
934
564
618
641
641
1013
583
925
610
674
676
697
988
611
658
694
746
1010
615
970
597
595
635
645
1010
626
657
688
763
1015
603
791
572
674
554
580
935
616
678
659
710
1060
596
844
583
670
507
557
964
572
575
576
612
980
590
932
570
580
607
619
1001
574
592
568
555
741
565
1045
587
665
1076
870
967
578
565
582
615
949
555
616
531
588
803
578
1087
593
647
733
636
842
570
639
568
584
951
592
616
630
676
1026
614
825
595
608
554
571
897
544
573
601
619
1038
587
791
582
617
540
676
910
564
995
591
627
719
609
811
580
615
516
612
882
604
1059
572
602
679
679
1047
588
661
653
727
1007
593
950
604
649
716
699
1086
569
592
662
709
987
587
872
602
656
515
590
987
601
623
612
628
1021
640
877
592
622
523
593
871
599
1012
570
579
682
574
831
588
581
572
592
837
607
1041
628
725
791
796
1076
607
639
570
612
820
573
992
574
611
725
610
853
567
625
564
587
778
586
988
622
664
752
608
839
599
661
576
616
947
612
644
497
552
879
585
1134
585
643
793
640
988
593
605
635
688
1063
610
671
491
570
933
643
1063
552
569
632
583
931
578
610
628
649
1006
536
624
508
578
848
599
998
587
604
689
559
808
585
626
572
607
966
607
635
619
681
1028
547
926
585
584
616
556
941
580
600
655
629
1067
593
625
547
599
837
595
987
601
588
583
582
936
595
621
536
566
826
613
1116
593
611
699
584
800
596
657
517
606
996
592
614
654
696
1045
635
811
601
641
551
574
835
581
958
647
645
716
596
797
608
629
566
598
931
604
628
633
680
880
559
966
563
563
566
576
926
586
812
571
618
555
573
812
589
976
576
639
674
661
881
598
1005
580
652
674
659
1002
579
595
644
678
1034
567
765
551
589
535
585
890
552
965
562
586
574
603
915
569
557
605
629
996
560
781
553
602
538
572
951
575
582
610
662
1012
567
777
568
627
504
564
989
556
602
578
644
1112
601
805
606
603
562
597
790
616
1041
592
600
739
570
780
567
603
570
609
798
617
897
581
622
546
573
839
565
982
578
636
663
684
981
605
639
636
712
888
600
1033
622
653
706
748
963
625
998
630
620
680
717
1038
601
822
589
631
550
612
821
607
1031
584
635
704
681
1025
603
660
662
717
947
617
951
579
622
606
652
1027
547
808
564
5733
1393
1241
1023
1821
1419
2039
2037
2792
2799
2224
2253
1451
1443
1462
1452
1484
1505
1408
1293
1170
1077
990
899
815
735
644
554
537
830
1226
1236
505
851
1230
1245
607
885
727
1674
771
763
717
732
759
701
732
738
722
741
755
719
762
760
739
736
724
717
751
737
740
779
742
787
740
757
715
736
708
836
1248
1544
1551
1874
1023
2223
642
610
706
667
665
707
736
771
909
997
966
1050
1095
1118
1188
1198
1233
1279
1309
696
716
737
790
824
795
872
853
892
952
975
1005
1029
1033
1081
1129
1216
1322
1416
1425
1463
1512
1586
1600
1621
1757
1743
1755
1739
1767
1807
1798
1800
1816
1860
1897
1940
1974
1970
2030
2083
2112
2156
2158
2135
2120
2142
2151
2232
