4133
4191
4226
4294
4337
1923
2936
5151
1957
2335
2366
2358
2401
1998
1213
1638
2978
3408
1505
1924
1557
1513
2973
952
665
633
612
2175
1107
1076
1038
1053
1039
1049
1063
1066
949
970
1034
1029
988
993
1019
1042
1081
1096
1123
1133
1176
1194
1237
1267
1288
1226
1515
1545
1276
1710
961
905
872
855
898
871
866
870
907
935
770
810
822
835
863
931
969
1038
1147
1191
1197
1242
1305
1356
1400
1509
1515
1510
1445
1457
1460
1496
1549
1621
1669
1758
1756
1770
1760
1766
1819
1890
1942
2007
2058
2105
2130
2178
2241
2308
2355
2410
2438
2477
2527
2579
2619
2651
2694
2746
2753
2777
2844
2868
2904
2933
2982
3031
3029
3057
3089
3131
3142
3153
3178
3200
3220
3299
3329
3333
3347
3368
3404
3412
3446
3458
3515
3550
3578
3614
3638
3670
3726
3737
3759
3785
3828
3858
3891
3921
3975
4024
4097
4152
4208
4236
4276
4367
4430
4474
4524
4601
4647
4687
4729
4776
4806
4894
4968
5019
5107
5155
5205
5223
5239
5230
5223
5238
5294
5291
5372
5430
5480
5529
5571
5648
5722
5803
5882
5939
6010
6040
6070
6131
6187
6288
6366
6421
6485
6488
6538
6598
6664
6730
6786
6792
6847
6886
6927
6972
7035
7059
7072
7090
7113
7112
6987
7032
6579
6571
6567
6522
6509
6202
6212
5784
5783
5766
5751
5764
5398
5432
5476
5456
5487
5148
5150
4711
4734
4778
4803
4800
4446
4470
4057
4057
4095
4079
4098
3889
3935
3442
3456
3489
3539
3570
3210
3227
2765
2758
2774
2804
2846
2451
2516
2249
2220
2122
2169
2195
1794
1846
1560
1605
1545
1590
1651
1374
1420
1028
1067
1020
1038
1089
635
816
606
648
626
673
1028
624
836
632
654
666
688
1136
607
779
598
629
672
755
990
609
804
639
691
647
704
977
549
865
625
665
710
728
901
649
982
616
661
713
739
833
604
842
613
1088
624
616
630
641
876
615
615
667
698
838
611
996
628
654
688
726
993
603
828
634
654
570
594
821
641
851
598
622
530
603
827
620
947
631
659
550
617
893
608
1038
617
661
722
773
936
612
992
609
642
716
691
992
616
623
667
712
836
613
1014
588
620
650
688
1042
555
833
592
612
565
568
787
567
832
584
611
550
640
850
600
951
569
605
637
679
862
590
969
573
566
603
628
740
578
1000
591
612
635
665
969
576
572
586
627
888
579
829
579
618
601
639
1006
620
815
595
620
566
577
962
565
909
566
567
590
596
752
575
1023
621
645
679
568
1023
615
631
550
574
973
590
620
916
923
909
590
613
533
585
899
634
1053
618
615
645
603
875
628
693
572
2207
1308
1342
1004
4778
3610
3637
3589
3574
3585
3827
815
777
740
789
768
727
794
778
636
771
829
826
779
785
779
814
804
788
626
675
738
804
858
1176
1254
1308
1364
1414
1476
1528
1633
1658
1724
1727
1742
1800
1838
1890
1971
2008
2077
2042
2045
2083
2136
2262
2340
2387
2391
2381
2398
2401
2431
2458
2536
2579
2651
2647
2662
2691
2730
2767
2828
2908
2981
2992
3011
3063
3095
3130
3183
3206
3268
3302
3374
3381
3393
3424
3446
3261
3311
3331
3079
3121
2816
2843
2642
2622
2642
2197
2148
2127
2148
2146
1757
1803
1434
1432
1409
1401
1436
1198
1231
793
862
937
894
1043
605
631
585
686
852
647
961
601
607
639
638
932
596
582
510
598
883
612
1002
607
632
673
727
995
606
612
542
578
838
624
1008
632
632
678
692
1000
618
635
537
585
803
604
1063
604
601
676
588
805
612
596
561
575
910
587
614
629
650
930
619
846
628
661
572
632
906
596
639
657
712
1026
610
804
615
636
566
583
977
579
594
600
616
1023
582
925
563
571
558
582
882
560
567
579
608
1077
619
793
618
646
561
620
947
631
652
672
715
864
627
1051
614
626
560
588
811
626
876
595
620
580
615
1011
624
630
644
662
903
611
923
587
617
579
604
800
632
1004
591
621
654
667
990
588
619
578
617
796
630
1029
580
626
658
598
861
579
611
525
598
894
607
962
609
650
630
673
952
572
612
577
630
796
584
967
617
620
644
648
990
618
686
706
719
1017
609
809
597
652
547
604
978
615
633
692
749
1074
645
838
597
606
577
603
810
617
1009
635
672
734
625
832
625
662
504
573
766
582
1025
616
662
751
609
827
624
653
583
689
1086
631
796
614
654
552
610
823
623
952
613
663
711
739
1075
617
636
534
560
983
575
619
656
691
1043
595
879
573
591
594
590
935
597
621
640
692
1039
600
849
611
622
502
580
809
627
1138
628
653
658
595
1262
1286
1296
1436
1809
1767
2091
1800
1464
11226
10826
10793
10796
10783
10792
10760
10769
10803
10814
10791
10690
10655
10654
10591
10589
10603
10589
10616
10673
10703
11239
2209
766
731
727
1459
664
674
711
755
814
809
818
832
816
754
748
773
780
769
738
769
810
875
902
981
1045
1053
866
872
909
925
947
1018
968
990
998
1028
1067
1097
1143
1160
1205
1199
1211
1224
1238
1258
1322
1352
1359
1405
1427
1459
1549
1591
1633
1645
1692
1621
1662
1711
1794
1846
1909
1902
1901
1939
2010
2085
2217
2272
2320
2340
2353
2352
2425
2456
2559
2594
2611
2580
2614
2649
