3143
963
685
714
978
1970
1913
5395
1620
1649
1691
1483
5699
4060
3868
3848
3869
3888
3899
3379
3310
3311
3310
3277
3302
3316
3336
2590
3089
3158
3177
3156
3171
1775
1763
1742
1688
1662
1634
1633
1641
1652
1700
1769
1836
1961
2055
2128
2170
2198
2202
2122
2153
2158
1600
1676
1673
1718
1672
1384
1388
1054
1059
866
918
965
1004
1056
1055
1116
1183
1261
1292
1350
1400
1469
1571
1632
1681
1624
1646
1695
1725
1760
1839
1894
1956
2003
2054
2087
2140
2191
2250
2334
2418
2490
2590
2628
2663
2754
2804
2899
2968
3001
3025
2628
2648
2655
2743
2803
2840
2887
2918
2934
2827
2875
2891
2898
2885
2986
3049
3129
3201
3305
3367
3408
3471
3522
3563
3609
3640
3660
3688
3700
3683
3669
3669
3710
3755
3833
3904
3970
4056
4108
4206
4256
4274
4310
4332
4372
4402
4438
4314
4349
4386
4392
4419
4438
4473
4516
4563
4584
4580
4587
4580
4589
4621
4646
4643
4687
4295
4347
4100
4136
4180
3886
3928
3498
3483
3316
3361
3395
3074
3082
2614
2609
2631
2640
2669
2138
2151
2136
2193
2213
1747
1754
1471
1505
1362
1389
1412
908
939
631
668
546
601
848
608
984
614
653
663
720
1046
579
594
618
700
1067
644
835
608
672
506
610
862
577
891
590
613
538
590
811
595
980
589
640
722
619
997
590
614
651
676
1061
562
824
552
576
526
573
805
568
1026
559
571
710
609
824
604
652
578
638
1060
575
792
577
595
536
594
871
572
983
588
606
646
656
1018
602
610
665
752
940
607
1049
565
587
552
576
852
591
858
578
594
560
591
809
583
1028
584
634
637
665
1001
582
617
615
672
1001
592
826
579
604
560
598
1071
580
806
579
607
548
587
794
568
1163
585
651
499
565
845
570
898
572
612
552
581
811
561
944
581
605
648
589
974
574
623
579
634
991
574
914
595
610
625
643
982
582
852
579
582
567
601
969
614
665
582
584
919
567
654
652
698
1121
579
903
605
597
683
584
809
567
588
506
550
982
583
610
553
596
1008
595
604
534
596
1004
602
619
567
598
964
584
640
613
637
1191
587
576
588
602
864
572
956
572
586
711
586
913
582
646
749
614
906
586
618
548
569
938
619
637
544
594
815
748
826
575
729
568
573
853
558
607
558
602
994
555
562
586
595
966
562
769
608
643
556
615
792
608
1083
606
620
678
727
1039
605
653
569
611
835
600
1048
627
662
756
604
986
591
652
689
588
986
567
562
553
597
838
597
989
575
605
744
606
942
576
628
539
618
833
629
1007
600
638
734
589
870
603
664
977
1356
1164
612
668
681
718
1075
607
998
580
632
649
645
1105
596
634
551
566
821
577
1044
577
595
683
577
891
615
647
538
606
837
628
1063
607
610
638
691
1002
621
671
529
576
861
602
1053
570
581
686
574
794
612
680
569
617
813
593
1000
581
596
765
617
844
599
631
553
601
949
586
663
652
716
1066
630
838
603
652
646
621
788
601
1022
577
626
706
618
1008
629
677
695
740
1062
618
810
625
644
557
603
943
592
607
605
656
983
580
984
590
623
648
627
1026
592
616
643
654
951
604
972
596
588
618
669
987
536
582
546
618
844
627
990
593
600
618
613
968
609
631
655
704
974
607
780
609
665
543
582
1020
597
605
606
659
850
621
1073
603
625
548
542
827
617
992
596
616
645
669
985
608
681
669
710
1044
620
993
620
626
675
701
900
585
1036
627
661
686
590
886
613
632
538
574
802
624
1086
602
611
602
614
1055
596
595
563
595
980
611
684
607
610
991
585
931
628
651
690
698
1035
582
618
656
702
997
582
828
575
650
541
592
939
575
657
619
680
1034
630
845
610
648
550
614
838
617
1013
643
645
661
672
976
609
628
566
558
832
581
1111
601
656
663
727
1000
601
624
536
582
826
589
991
592
663
721
666
1017
588
627
620
653
1035
588
772
606
649
514
576
1044
595
616
628
666
1078
568
802
582
642
509
559
1043
608
868
586
615
729
706
1081
618
654
513
621
944
623
994
602
648
723
692
1079
643
683
649
708
1138
633
826
597
650
502
614
1072
624
656
686
733
884
597
1141
626
659
706
756
1020
577
971
604
618
693
702
911
629
1056
613
647
750
646
786
588
679
535
611
882
606
992
642
680
720
734
3117
1119
1317
1355
1119
940
941
1621
1634
1676
877
1228
1270
814
904
866
877
630
881
729
721
738
716
730
739
714
761
754
659
738
761
746
763
737
780
1274
987
823
668
707
692
710
732
736
785
849
925
971
1040
1090
1141
1166
1252
1363
1436
1442
1331
1340
1331
1336
1387
1434
1509
1573
983
993
1019
1049
1068
1171
1169
1178
1209
1265
1323
1382
1352
1414
1405
1437
1508
1679
1756
1856
1847
1806
1810
1879
1904
1951
2011
2027
2045
2073
2116
2172
2220
2269
2275
2280
2260
2282
2265
2292
2339
2379
2427
2493
2544
2660
2718
2743
2788
2880
2910
2937
2980
2968
3034
3043
3045
3095
3131
3172
3215
2972
2998
2868
2893
2966
2420
2434
