5654
5752
5761
5795
5853
5896
5924
5948
5772
5861
5901
5819
5490
5502
4248
2221
1797
2042
1160
605
778
891
808
740
727
713
784
782
1060
704
982
917
926
2332
762
630
608
682
723
748
997
1090
1095
1162
1209
1270
1278
1368
1461
1536
1554
1587
901
855
919
1040
675
712
645
687
749
838
876
988
881
929
971
1001
1085
1209
1264
1302
1348
1374
1399
1494
1590
1728
1830
1946
1952
1937
1936
2015
2151
2241
2311
2316
2344
2381
2340
2400
2484
2572
2595
2654
2609
2707
2764
2814
2899
2977
2996
2980
3025
3084
3162
3241
3305
3374
3391
3431
3478
3540
3583
3620
3693
3753
3808
3891
3862
3883
3917
3943
3993
4039
4105
4133
4232
4267
4351
4445
4484
4544
4670
4721
4799
4889
4916
4941
4982
5066
5143
5229
5261
5278
5279
5262
5319
5412
5500
5552
5620
5626
5646
5718
5739
5764
5804
5809
5804
5787
5827
5873
5879
5900
5888
5889
5896
5905
5930
5950
6029
6061
6088
6117
6125
6097
6087
6107
6072
6149
6155
5871
5895
5556
5506
5305
5345
5340
4866
4877
4883
4900
4895
4448
4482
4033
4062
4069
4045
4023
3438
3428
3312
3257
3274
2802
2815
2795
2776
2807
2337
2347
1891
1919
1873
1883
1904
1445
1457
1271
1317
1368
1020
1084
583
659
682
629
1071
600
669
554
590
828
582
1046
613
667
774
590
989
611
674
683
646
1088
583
610
601
641
847
582
1014
590
588
643
582
863
560
570
526
568
865
560
1031
587
609
724
605
1080
580
617
669
635
1129
600
682
502
551
848
577
1133
621
663
711
701
1028
583
619
604
666
1102
600
1008
584
587
591
662
984
634
687
557
580
824
610
1008
606
653
774
609
877
585
678
579
607
835
625
999
626
615
720
587
881
623
646
548
610
839
614
1016
605
692
740
703
1029
603
641
555
578
890
607
1034
590
653
724
686
1038
600
624
642
697
979
586
1002
577
595
767
559
809
557
567
547
680
1020
613
628
590
601
822
564
932
592
650
535
593
834
592
1066
556
589
537
580
954
605
631
553
581
924
571
1007
580
627
659
655
1080
663
693
682
707
1073
624
844
601
626
531
610
928
600
998
587
581
701
601
822
597
634
550
600
865
595
1081
574
594
613
676
1098
617
633
565
592
830
596
1046
641
699
747
729
1100
579
594
595
641
976
638
935
605
623
561
614
859
622
1064
573
610
706
582
874
588
609
543
672
822
588
1054
628
691
788
579
989
592
668
506
572
851
571
1051
577
598
595
599
1050
613
594
529
584
899
598
1024
573
601
700
605
864
649
644
555
628
853
604
1089
579
587
613
636
996
610
637
662
708
929
657
1033
624
616
659
695
1383
610
851
597
620
587
645
1041
596
837
608
665
664
693
1079
603
859
599
650
651
689
1038
617
849
595
663
592
601
1007
594
836
555
626
549
596
831
609
1016
589
618
639
631
913
605
1026
604
684
740
702
911
594
932
608
656
573
655
835
660
923
599
664
514
564
891
655
1087
596
671
724
703
969
611
1059
615
718
748
801
936
609
1039
600
648
701
628
907
626
1044
625
648
666
728
1027
631
704
678
748
1020
605
1021
620
717
653
704
985
623
1016
651
743
663
687
877
576
1061
593
631
590
626
897
593
1073
606
686
725
802
1027
603
935
613
678
622
722
1125
669
846
604
662
597
683
932
648
992
614
641
656
696
1117
593
810
581
636
590
645
1048
595
852
597
679
634
667
1155
601
828
586
662
580
669
1043
623
880
636
652
576
653
1037
590
1008
632
647
669
692
898
668
1013
608
654
674
698
864
601
899
617
1060
622
660
708
711
1040
631
651
679
695
915
608
1038
605
606
644
706
1043
590
886
597
620
550
556
815
577
860
557
613
542
557
815
592
907
610
667
534
588
817
583
1136
617
658
704
734
917
604
1041
610
602
634
644
1048
632
631
669
724
977
626
1009
588
614
641
673
988
561
867
605
666
510
565
845
572
891
612
658
555
633
870
618
1059
591
624
647
693
937
601
989
589
639
702
674
896
571
1056
576
662
710
595
1024
591
607
615
688
1057
581
847
572
616
581
600
1042
598
820
575
594
581
608
1007
557
970
585
587
599
629
896
572
1103
655
683
705
661
1044
614
655
557
544
970
578
637
580
597
980
603
607
551
589
849
631
1039
599
1182
996
811
759
635
633
867
870
769
747
653
756
767
745
741
734
731
729
767
757
724
736
765
706
772
756
1577
1708
764
764
760
741
734
760
861
1261
2125
2444
2467
2482
2474
2780
1251
1860
2753
3196
4062
4672
6005
6606
7233
8179
8665
9187
9246
10251
10870
11821
12417
13321
13896
14491
15370
15944
16777
16809
16844
16633
16513
15323
15282
15261
15271
15203
15318
15378
15403
15419
15503
15565
15566
15687
15724
15787
15827
15882
15963
16020
16101
16162
16228
16275
16332
16395
16465
11713
11685
11688
11709
11560
11546
11589
11642
11709
11589
11660
11684
11682
11699
11715
11720
11723
11720
11691
11681
11630
11664
11694
11720
11774
11819
11857
11893
11945
12010
12097
12134
12177
12230
12337
12395
12432
12448
12490
12529
12562
12596
12671
12694
12642
