3275
3316
2871
7787
4347
5334
515
550
1088
2506
714
618
587
1338
703
691
678
637
693
705
800
817
848
939
911
906
996
1059
1081
1066
1119
630
626
667
729
810
838
7238
1715
584
657
646
767
954
1061
668
575
1188
2093
622
638
640
992
2172
649
608
639
666
1140
1002
1005
1006
1041
897
938
1014
1055
1114
1138
1149
1172
1187
1221
1322
1386
1452
1437
1462
1464
1506
1509
1565
1653
1011
1098
1097
1137
996
960
1001
1102
1117
1138
1019
1063
1093
1075
1120
1045
1085
1093
1121
1159
1185
1193
1253
1280
1338
1359
1425
1513
1597
1680
1717
1748
1769
1823
1962
2047
2050
2070
2121
2112
2110
2150
2170
2199
2240
2298
2342
2363
2398
2437
2525
2578
2630
2675
2723
2722
2727
2728
2745
2737
2770
2760
2795
2794
2847
2945
2986
3016
3041
3089
3147
3145
3185
3254
3310
3348
3375
3402
3397
3418
3446
3485
3496
3524
3564
3619
3635
3681
3684
3726
3824
3878
3916
3943
3923
3928
3979
4000
4044
4081
4121
4194
4230
4313
4353
4401
4448
4486
4551
4636
4693
4760
4793
4821
4839
4873
4893
4901
4921
4986
4991
5027
5046
5068
5080
5106
5135
5162
5199
5215
5245
5257
5281
5308
5326
5371
5433
5448
5438
5469
5524
5569
5612
5680
5718
5751
5786
5842
5914
5965
5983
6051
6050
6105
6140
6200
6271
6295
6306
6351
6377
6401
6412
6446
6054
6098
6074
6124
6155
5736
5745
5750
5743
5760
5268
5259
5038
5015
4849
4889
4893
4509
4520
4520
4540
4563
4081
4089
3699
3688
3731
3725
3707
3264
3285
3278
3287
3329
2899
2926
2497
2530
2582
2527
2641
2083
2027
1901
1943
1936
1682
1719
1285
1319
1346
1333
1372
977
995
1041
1065
1088
656
844
615
638
554
562
914
558
590
608
655
851
599
986
612
636
531
553
804
611
1016
612
625
666
687
984
598
635
644
678
1014
599
975
610
629
676
726
886
592
1093
623
641
662
597
820
591
597
553
616
812
588
979
617
665
687
683
954
616
1101
589
611
768
619
663
679
676
988
586
905
606
603
650
704
930
591
672
633
694
1101
649
820
598
618
534
575
917
545
617
616
676
996
651
858
610
661
561
583
832
600
1002
633
698
763
787
1035
588
637
533
544
821
625
1067
600
621
668
720
995
588
620
510
557
806
587
1050
588
644
670
715
988
602
620
678
733
1039
621
782
610
633
538
604
935
585
696
611
661
977
584
793
627
692
529
594
792
585
992
588
624
662
669
1023
610
636
588
636
879
596
943
580
617
677
726
996
629
686
662
704
1044
583
795
576
604
586
593
611
638
665
686
709
760
775
849
893
951
1003
1068
1091
1116
1111
1156
1139
1169
1190
1250
1279
1352
1378
1436
1518
1568
1614
1666
1749
1816
1830
1817
1730
1765
1345
1381
1398
1385
1409
964
959
865
923
924
649
982
576
604
663
701
982
615
665
564
623
895
618
983
578
587
588
576
816
585
641
489
555
806
626
1068
613
668
686
660
1049
600
627
668
697
930
619
823
627
668
564
618
808
639
1062
612
634
655
733
1035
606
636
578
614
797
632
1040
613
653
689
679
1008
660
653
679
715
946
594
865
626
659
567
630
832
638
965
625
665
567
587
915
637
621
605
642
902
617
804
601
633
514
591
998
603
643
679
699
896
624
960
615
661
611
654
810
586
1035
603
609
664
574
888
624
656
564
612
807
587
870
622
706
699
743
1006
616
811
617
676
629
661
956
577
765
592
586
627
701
985
586
858
587
637
612
664
1010
608
840
569
592
637
682
989
653
816
612
653
486
596
877
627
1059
639
673
738
807
922
594
842
605
617
547
555
832
582
1000
595
657
739
780
857
621
874
622
654
596
639
814
607
978
599
692
727
735
932
633
1025
610
695
718
697
963
618
695
664
713
885
607
843
593
996
625
631
668
717
869
616
1051
606
646
659
682
988
576
638
675
722
846
599
1000
615
667
515
590
850
595
916
616
654
558
639
791
609
925
588
653
553
610
829
614
16330
10072
732
661
718
777
784
807
826
847
878
942
1016
1077
1112
1157
1156
1133
1152
1215
1231
1266
1286
1341
1379
1421
1457
1509
1550
1585
1635
1715
1784
1897
1952
1979
2043
1874
1887
1932
827
908
978
1041
1100
1156
1199
1235
1277
1360
1400
1458
1517
1581
1648
1711
1765
1827
1883
1940
1974
2044
2066
920
1287
1288
575
667
698
836
604
640
705
760
816
935
1011
1063
1107
1211
1277
1289
1365
1454
1521
1582
1628
1658
1681
1731
1794
1853
1906
2216
1743
1582
3071
1204
2256
921
902
1960
2013
2076
2126
947
1635
1632
1635
643
616
619
558
617
560
1945
650
661
671
889
918
594
2077
654
687
713
563
1765
618
1921
601
578
1571
975
1754
1521
1334
831
904
976
995
1022
1027
1012
1076
1126
1192
1204
1245
1264
1305
1368
1433
1465
1527
1563
1651
1756
1099
1069
1140
1230
1279
1449
1489
1552
1605
1674
1734
1753
1800
1856
1849
1858
1828
1846
1903
1996
2025
2011
2049
2048
2050
2079
2119
2210
2264
2327
2349
2379
2338
2398
2467
2502
2513
2515
2543
2570
2647
2736
2809
2876
2976
3024
3054
3087
3132
3211
3314
3380
3457
3523
3570
3582
3674
3705
3766
3858
3908
