9061
8920
9130
9208
9018
9041
8569
8606
9024
8852
8852
8549
6124
6056
1120
1221
770
1083
1878
1485
4940
881
763
654
808
672
646
666
689
758
817
842
915
955
978
997
1058
1115
1149
1119
1120
1190
1207
1237
1399
1412
1399
1389
1416
1432
1653
1727
1778
1815
1846
1874
1921
1934
2902
2928
2977
3061
2631
2456
2514
2251
2275
2051
2026
1974
1996
2055
2274
2406
2406
2417
2423
2393
2431
2474
2544
2622
2621
2664
2677
2733
2791
2818
2886
2887
2947
2993
3034
3108
3149
3225
3302
3361
3404
3418
3481
3530
3581
3652
3702
3736
3766
3831
3871
3906
3910
3949
4022
4073
4107
4164
4235
4247
4260
4259
4267
4321
4403
4420
4444
4479
4514
4545
4573
4610
4685
4725
4764
4805
4871
4931
4958
5023
5092
5140
5176
5198
5231
5261
5313
5360
5378
5455
5467
5496
5551
5591
5643
5684
5734
5793
5773
5846
5909
5984
6054
6133
5992
6063
6075
5950
5978
5487
5545
5474
5483
5500
5028
4982
4721
4774
4759
4794
4808
4362
4396
4038
4048
3850
3910
3992
3647
3637
3188
3217
3208
3232
3289
2959
2992
2449
2458
2476
2451
2489
2051
2032
2047
2105
2097
1694
1713
1451
1467
1399
1409
1432
934
1006
708
735
538
575
874
654
975
594
624
655
685
1011
609
630
563
658
1041
1206
884
837
863
913
939
972
570
960
587
604
633
661
919
635
1294
604
657
739
601
874
602
972
566
599
657
698
1052
569
587
602
631
1048
638
871
599
625
569
617
866
627
1057
635
661
736
683
1102
626
695
663
705
1158
609
745
596
656
494
600
998
642
935
616
645
540
600
810
595
985
596
695
758
749
1032
591
611
651
676
865
605
1036
627
691
667
706
1029
615
889
593
638
536
600
790
592
1062
616
643
687
674
1014
611
692
656
676
869
610
1011
611
698
658
679
1096
607
943
624
652
685
574
947
603
634
648
672
1010
617
657
498
575
839
633
1058
568
585
621
607
948
574
619
663
544
925
609
667
497
589
980
599
623
523
588
819
637
1055
610
660
711
588
985
602
654
718
611
823
600
608
549
592
943
602
633
558
640
1046
586
628
538
590
803
612
1020
588
623
664
572
854
616
643
577
641
819
585
1001
606
665
699
732
1010
630
646
549
591
835
575
1015
599
629
732
605
837
592
624
551
614
944
611
634
676
721
1012
647
846
591
648
533
603
818
595
1001
590
680
752
699
961
581
642
495
549
857
579
1002
593
640
737
583
942
561
599
606
611
1013
601
596
529
591
1074
594
604
602
613
900
584
859
585
644
558
625
938
626
667
599
604
958
600
944
589
593
617
628
983
585
672
647
694
1056
587
785
634
659
554
571
915
578
634
684
727
1020
594
942
592
619
634
653
1011
573
640
555
585
968
596
583
591
605
941
595
955
587
598
601
623
990
577
612
627
655
977
583
1047
587
653
788
666
1052
606
645
546
588
945
615
598
613
662
1018
610
944
587
616
618
561
1028
603
612
565
567
911
609
611
664
711
1020
591
934
571
596
619
672
1028
603
636
487
548
832
572
999
582
577
665
592
861
595
607
547
549
851
573
1027
558
599
694
587
766
577
617
541
552
947
587
593
597
648
1002
556
960
596
662
696
668
990
618
697
636
678
1007
580
993
583
582
610
608
992
608
662
666
710
1010
588
814
634
656
584
604
958
602
601
608
644
969
586
811
602
645
559
582
902
589
614
604
722
1065
608
924
613
651
757
722
1012
611
636
531
562
835
592
1064
629
658
674
560
969
582
618
659
687
1079
577
589
571
603
810
603
1027
573
603
685
609
778
567
575
499
572
997
578
649
610
631
1018
585
763
590
604
502
554
955
553
601
627
580
909
586
809
584
641
506
581
873
560
1052
594
631
688
565
789
591
621
571
571
784
584
1020
603
628
655
580
997
573
603
590
712
1061
564
883
616
663
772
675
989
582
653
632
690
1077
687
809
577
633
508
590
1018
598
644
632
668
1037
592
807
586
633
566
598
810
584
959
572
606
642
565
875
582
593
502
566
904
604
1019
632
683
725
771
996
619
631
532
585
811
581
976
591
632
756
598
860
598
604
554
607
823
594
1054
611
648
692
575
819
600
638
550
620
933
615
658
572
587
768
562
1087
588
617
756
563
959
551
563
609
625
998
570
576
560
597
863
595
961
575
615
742
584
5802
1517
1517
1339
2397
2198
2608
2648
5010
1750
1612
1557
7992
1120
1017
918
930
915
930
875
860
890
6580
1254
913
1530
775
1718
757
947
615
613
612
908
1973
589
579
614
811
842
1036
1040
963
1106
1105
1096
1129
1181
1205
1214
1265
1363
1413
1507
1532
1584
1625
1674
1716
1790
1827
1888
1941
1979
2010
2032
2102
2164
2258
2291
2356
2389
2469
2535
2614
2649
2699
2752
2817
2838
2901
2951
2986
3058
3136
3201
3229
3270
3328
3382
3427
3524
3588
3640
3672
3699
3749
3795
3832
3878
3938
4006
4044
4096
4175
4215
4266
4345
4420
4492
4552
4601
4669
4730
4783
4844
4905
4955
4987
5050
5099
5151
5205
5232
5266
5304
