5315
5347
5567
5577
5789
5814
5809
5815
4231
4110
7484
7506
3534
3966
2602
3418
3441
3451
3495
3107
899
2762
2804
2922
2930
2819
1472
1021
1021
956
810
583
588
633
623
607
619
636
644
658
710
731
750
733
798
917
918
930
928
953
1004
1015
1056
1114
1140
1178
1442
997
1779
1422
2199
2296
2335
2105
713
619
608
628
618
661
705
748
793
842
776
825
910
962
1024
1085
1098
1237
619
631
692
751
845
975
1063
1081
1018
1080
1144
1271
1350
1384
1460
1465
1515
1537
1583
1600
1708
1727
1803
1876
1918
1958
2003
2046
2075
2122
2134
2143
2168
2245
2325
2389
2455
2545
2600
2679
2744
2774
2817
2866
2884
2909
2934
2963
3024
3068
3139
3198
3280
3352
3410
3440
3428
3450
3495
3544
3591
3630
3692
3761
3826
3872
3947
3980
4036
4061
4081
4089
4117
4156
4244
4339
4400
4478
4522
4588
4645
4684
4778
4815
4860
4902
4939
4996
5042
5085
5126
5255
5284
5337
5382
5448
5496
5550
5572
5615
5656
5718
5778
5831
5877
5934
5964
6020
6073
6111
6138
6197
6244
6267
6283
6294
6327
6372
6447
6459
6459
6449
6457
6493
6569
6656
6751
6794
6421
6479
6440
6293
6356
5832
5877
5632
5662
5666
5334
5366
4782
4796
4795
4520
4545
4075
4048
4061
3847
3852
3562
3565
3295
3373
3436
2979
3029
2550
2562
2610
2441
2488
1974
1981
1990
1926
1932
1408
1445
1402
1379
1449
985
1050
635
686
727
731
964
578
1061
592
632
624
649
1206
620
646
691
724
1161
597
807
591
626
522
642
914
619
1013
603
639
696
570
1047
620
658
584
665
684
621
1057
646
668
684
726
1048
583
886
607
640
543
610
946
616
1037
600
630
848
585
885
616
1059
593
631
708
600
1110
606
625
547
593
954
557
1024
559
633
668
564
1060
622
688
636
653
885
586
1045
568
629
552
618
1066
603
870
622
661
549
589
976
590
631
564
603
1051
597
879
627
686
574
622
1056
611
861
602
650
528
601
1057
633
942
614
637
554
617
845
601
1073
593
593
618
620
919
587
996
598
614
652
647
1000
580
672
576
599
864
630
1137
580
593
605
624
5001
592
623
664
683
683
668
667
689
768
825
879
967
1028
1091
1159
1209
1234
1268
1265
1273
1276
1282
1286
1297
1373
1409
1439
1487
1199
1171
965
978
977
714
1025
598
595
676
678
894
575
1073
617
643
721
580
901
591
630
536
576
842
580
912
613
628
537
586
865
561
1137
622
616
662
688
1040
603
656
601
653
954
579
1055
583
606
563
563
799
583
1102
578
616
619
654
1085
607
607
630
663
958
609
1046
579
613
627
646
1027
593
826
591
599
559
624
874
577
913
585
600
552
598
948
557
1061
588
609
639
686
1041
564
585
542
606
1153
557
793
559
599
504
588
1169
576
852
600
616
573
556
859
595
1039
572
599
618
671
1342
633
676
608
653
911
620
1046
630
704
621
706
1136
600
852
592
639
558
610
1031
598
860
583
613
546
613
1112
618
895
588
598
542
559
966
606
662
594
623
886
592
1080
595
606
611
622
1023
601
996
567
582
713
561
865
609
685
551
571
1041
606
595
567
584
878
585
1038
617
624
712
603
941
625
667
772
584
901
585
636
547
603
1043
581
647
518
592
890
629
1081
630
662
718
556
912
612
635
530
598
976
586
647
496
576
1089
575
592
629
657
1050
605
1002
595
667
707
628
1130
656
685
535
569
866
604
1065
619
652
757
583
862
619
654
552
576
838
584
1052
614
629
722
593
861
576
622
535
612
999
597
653
532
609
869
618
1088
606
663
724
591
891
604
639
519
574
999
568
574
591
577
1030
589
878
599
634
554
580
1028
596
635
617
653
1075
590
862
600
637
548
626
877
577
1052
607
624
665
705
1037
586
645
673
723
1130
604
974
600
605
635
668
1029
588
582
627
705
1118
588
794
601
648
551
597
864
569
1035
585
593
604
614
1052
566
595
558
546
857
569
1004
584
585
680
589
892
564
617
568
585
851
562
994
586
576
657
564
977
576
608
541
573
1038
571
589
553
550
805
607
1101
579
645
702
714
1140
609
609
615
625
1007
615
1022
583
603
659
562
994
590
621
602
644
1016
585
1126
595
643
664
623
1045
607
671
646
717
1121
624
1017
625
640
676
692
1087
659
681
637
672
1038
602
876
630
658
543
643
838
618
5359
4859
4872
4871
4797
4797
4270
4268
3334
2615
1982
1061
1117
1661
2636
2622
2646
2526
2527
896
1638
1672
2504
1523
1537
654
892
880
739
717
729
752
603
763
745
749
735
716
711
737
726
725
736
761
742
734
767
852
718
736
709
751
1347
932
747
735
784
737
750
866
1239
1739
1785
1800
2157
1275
2128
2794
3191
3245
3372
4260
4760
5189
3801
3771
3766
3825
3812
3820
3791
3775
3759
3734
3738
3765
3818
3252
3258
3308
3324
3328
3323
3401
3415
3454
3510
3531
3526
3455
3351
3307
3302
3332
3316
3346
3350
3388
3441
3446
3539
3559
3559
3570
3541
3528
3564
3551
3565
3615
3611
3639
3700
3814
3885
3964
4040
4136
4222
4273
4160
4191
4185
4234
4282
4318
4392
4424
4474
4522
4570
4600
