3379
3466
3531
1921
1428
6665
5540
1798
1725
1752
725
734
3146
10102
811
712
688
1197
707
642
577
616
736
631
702
646
619
718
676
686
706
614
639
648
1361
1351
870
915
936
1005
1092
1193
731
646
676
762
800
837
915
943
975
1025
1104
1187
1320
1300
1339
1616
824
889
673
852
645
650
688
737
824
877
887
592
615
617
715
752
750
821
893
845
895
946
982
995
1068
1095
1084
1147
1244
1250
1273
1275
1309
1336
1347
1393
1470
1504
1550
1634
1679
1720
1788
1844
1885
1951
1984
2012
2057
2098
2167
2272
2321
2394
2449
2530
2552
2575
2591
2641
2679
2727
2756
2779
2784
2836
2917
3002
3061
3122
3185
3221
3290
3319
3374
3434
3506
3575
3653
3682
3744
3738
3758
3754
3761
3833
3880
3966
4039
4041
4063
4085
4124
4207
4267
4317
4379
4312
4337
4384
4415
4437
4497
4522
4584
4609
4657
4662
4714
4739
4782
4799
4848
4850
4882
4904
4937
4972
4977
5024
5077
5121
5144
5188
5191
5221
5247
5239
5051
5067
5083
4950
4922
4661
4713
4461
4472
4458
4202
4235
3755
3834
3826
3620
3648
3359
3394
3113
3089
3101
2696
2716
2665
2694
2712
2214
2308
1689
1690
1360
1347
1386
1031
1058
1028
1046
1042
577
823
593
648
567
609
837
605
990
581
662
725
622
833
604
649
565
621
860
607
1010
624
584
700
602
823
620
673
507
589
854
594
1020
610
680
725
719
1069
582
617
489
551
886
585
1049
584
616
660
588
791
580
632
556
612
886
630
1023
582
609
631
628
926
571
616
531
587
825
622
1065
580
617
688
590
799
630
656
535
617
1029
615
614
628
636
976
595
821
619
630
539
571
945
618
677
605
605
969
595
954
606
653
674
689
992
578
569
585
620
860
575
973
575
610
715
582
848
1926
994
736
788
746
1030
792
756
756
745
789
741
741
718
729
724
723
711
703
825
882
1704
772
753
1134
774
798
807
750
781
783
774
639
591
598
623
630
850
880
923
979
1018
1063
1100
1124
1147
1161
1171
1184
1174
1205
1242
1285
1369
1384
1409
1275
1322
1364
1578
1634
1690
1738
1766
1783
1838
1932
2045
2118
2169
2171
2196
2233
2254
2378
2457
2522
2530
2550
2582
2556
2563
2586
2617
2710
2170
2196
1882
1932
1681
1766
1794
1320
1357
1289
1267
1321
879
1008
570
594
617
638
1029
607
629
529
567
807
547
1075
589
616
719
547
848
597
592
560
625
954
591
640
626
640
989
596
937
639
677
693
692
987
591
605
553
577
786
591
961
565
625
704
551
1021
563
602
505
607
973
554
578
581
596
1030
588
980
620
641
680
717
1059
591
614
580
604
817
591
1015
589
595
616
611
1005
610
640
551
597
821
606
988
635
642
631
677
966
584
604
551
622
1011
583
613
633
679
996
573
806
585
628
516
566
949
568
650
561
598
1021
603
1010
599
667
703
570
829
577
619
528
562
974
572
594
537
596
859
611
1029
605
657
702
674
1009
608
659
500
586
848
587
1069
587
610
756
564
1003
600
608
691
606
833
593
636
532
573
882
592
1023
587
610
643
582
1014
616
680
682
638
1007
612
712
673
724
1054
606
1002
625
685
736
722
878
582
1030
623
648
673
704
1037
632
710
681
710
1052
594
812
571
575
579
655
846
592
964
619
664
654
619
1013
584
644
644
681
887
594
1050
599
679
672
716
993
564
879
603
645
554
603
807
612
1022
605
661
690
648
932
628
1088
570
578
583
597
1006
612
651
521
561
821
561
994
580
624
671
700
1122
606
617
648
670
857
588
1019
581
647
638
681
1034
585
785
592
594
503
557
990
556
630
549
607
1029
582
791
621
677
537
598
1100
589
896
602
640
581
630
1021
617
895
588
597
574
581
778
571
1062
590
589
652
636
880
581
1023
612
674
739
721
1120
574
630
625
690
890
580
1124
592
597
603
608
1060
631
838
591
619
555
571
883
600
881
598
624
555
586
813
617
1041
586
603
631
654
948
612
649
650
696
1170
582
780
577
621
520
661
912
607
978
565
575
593
628
847
578
992
576
605
751
585
837
575
592
558
615
834
586
883
606
624
580
608
855
554
1010
639
634
712
738
1018
592
625
643
684
882
620
1089
602
629
567
612
820
572
1000
600
614
668
657
968
619
579
614
664
852
605
1048
578
621
586
625
1037
617
788
592
620
581
623
832
612
891
636
683
552
634
1185
1101
1127
913
975
978
1028
1084
801
744
772
795
3903
643
2135
2018
2024
2052
893
1023
793
857
894
773
764
726
749
718
774
643
776
724
789
746
758
858
964
1046
814
991
969
980
1045
897
970
955
855
2047
579
755
2310
1436
2807
1317
2590
643
1174
1460
1181
2590
1207
4536
8558
759
1172
939
636
2561
668
6517
787
1271
675
628
608
1137
871
1225
678
10557
4302
2425
701
656
624
612
625
650
670
723
757
774
804
834
843
865
921
982
986
992
1012
1061
1091
1104
1098
1102
1137
1173
1223
1280
1302
1314
1374
1406
1444
1486
1540
1583
1636
1698
1763
1831
1887
1921
1973
2039
2182
2229
2254
2334
