8055
8161
8231
8280
8316
8404
8710
8757
8784
8821
8846
8882
8926
13162
1277
4856
1512
1951
5137
1089
996
1026
1043
2210
1417
1399
2679
880
560
528
1030
577
521
788
545
522
524
576
1034
1097
824
615
2473
1644
637
674
629
627
713
713
697
631
603
601
624
719
727
782
811
826
972
1060
1109
1129
1122
1164
1180
1207
1264
1345
1451
682
717
734
841
906
1017
1074
1041
1082
1042
1068
1171
1150
1093
1137
1175
1218
1225
1270
1342
1422
1457
1547
1559
1582
1612
1642
1737
1799
1870
1929
1332
1364
1394
1416
1483
1527
1559
1606
1674
1554
1598
1685
1768
1800
1690
1737
1789
1857
1922
2002
2075
2131
2168
2196
2269
2295
2321
2412
2496
2560
2639
2671
2730
2811
2833
2898
2957
2997
3053
3076
3136
3203
3272
3347
3435
3507
3535
3567
3604
3639
3677
3725
3753
3786
3826
3894
3948
4016
4049
4105
4176
4220
4276
4344
4364
4399
4425
4447
4464
4211
4261
4302
4337
4402
4441
4494
4519
4569
4632
4678
4730
4771
4879
4955
5034
5107
5215
5227
5280
5321
5373
5395
5455
5504
5546
5590
5642
5662
5345
5375
5372
5273
5336
4738
4764
4550
4545
4556
4095
4127
4066
4091
4060
3572
3576
3074
3086
3116
2899
2944
2677
2644
2391
2404
2418
2009
2020
1841
1838
1812
1467
1465
992
1011
1060
875
911
617
674
570
565
979
613
651
547
635
885
613
1007
586
588
678
606
884
583
645
561
610
1006
605
626
650
678
999
589
797
579
625
507
589
1049
599
666
598
629
1042
586
1062
560
614
684
572
1077
593
630
627
653
982
608
900
583
603
543
607
967
613
669
607
631
1080
616
1013
597
609
616
639
1011
613
666
631
670
1041
561
881
591
637
539
592
1000
569
613
642
642
1014
588
973
581
653
690
632
1121
616
660
616
632
1019
603
811
622
663
532
583
1002
583
611
643
675
1076
612
829
607
650
569
616
813
603
1065
624
670
726
734
1042
622
667
619
630
1130
601
942
628
655
683
623
1038
613
662
674
698
1035
640
897
622
695
499
614
1192
611
1174
634
649
689
567
809
649
696
531
597
853
628
1050
584
555
699
600
794
594
668
548
610
987
565
613
530
586
1062
593
1240
627
654
557
594
952
566
633
598
605
992
613
895
599
646
554
595
797
600
1072
611
632
735
607
849
615
667
568
596
845
595
971
582
616
751
567
857
589
621
556
585
830
577
1168
612
659
692
713
1025
604
640
563
611
851
585
1049
588
628
734
595
856
568
601
524
636
877
626
1039
599
617
679
724
1056
596
608
569
607
861
571
1058
584
621
648
573
871
642
683
523
615
1100
621
645
615
650
1029
625
833
584
577
535
586
1037
604
647
601
652
1066
629
1055
619
676
696
678
1110
569
584
541
584
856
615
1090
577
591
730
587
801
582
630
555
573
982
598
627
650
664
1029
613
965
594
618
658
628
1103
580
593
533
552
1022
575
622
581
585
1035
595
1008
605
653
707
618
1082
577
648
516
640
990
609
1016
597
662
764
613
955
601
638
519
598
911
568
998
583
623
722
603
814
553
584
533
549
1016
575
606
561
589
1043
625
1040
580
587
599
587
1039
572
598
514
581
1039
588
621
560
618
1059
583
918
612
634
547
603
973
617
678
604
620
1018
604
955
591
653
694
561
1003
637
675
561
602
812
567
1059
599
584
690
604
864
591
651
581
611
973
621
650
737
550
594
632
957
606
719
715
553
981
597
601
559
603
869
619
1007
558
569
571
605
1043
567
577
526
576
998
556
579
584
634
1071
618
1035
575
637
657
607
1066
577
638
554
655
765
599
1010
608
640
668
654
1085
606
645
504
580
868
589
1100
606
660
698
683
1098
601
642
527
579
1014
549
576
559
607
1089
594
830
593
652
540
599
966
585
660
540
608
1067
600
1021
600
666
831
582
850
586
621
557
570
1055
614
628
542
561
823
589
1063
584
614
659
587
1040
599
607
571
634
891
593
1095
571
571
701
577
984
578
591
793
607
873
606
623
541
609
888
627
1034
589
630
728
586
1030
622
667
685
667
1075
599
644
643
668
1019
619
1026
633
641
673
726
948
585
1065
620
673
699
677
1115
632
641
661
648
985
619
861
591
579
530
647
855
610
1093
588
596
598
604
4044
3636
3683
3647
3657
3658
2107
6221
4361
3750
13161
8041
666
627
662
888
1956
663
637
607
672
665
681
702
710
684
744
820
910
1018
1063
1107
1138
1131
1156
1191
1226
1266
1334
1325
1342
1368
1400
1458
1569
1576
1628
1653
1750
1787
1811
1831
1837
1865
1824
1832
1866
1888
1910
1912
1929
1971
2034
2136
2238
2279
2309
2324
2350
2370
2406
2435
2441
2471
2477
2520
2570
2615
2659
2730
2800
2852
2935
3000
3102
3119
3170
3200
3289
3350
3395
3443
3516
3549
3605
3643
3670
3699
3750
3790
3853
3904
3958
4009
4045
4077
4161
4192
4252
4332
4385
4500
4542
4591
4632
4674
4740
4810
4908
4957
4986
5012
5009
5040
5060
5112
5176
5228
5231
5272
5287
5311
5360
5413
5446
5484
5497
5526
5540
5579
5586
5681
5714
5773
5776
5805
5816
5844
5890
5902
5971
6033
6040
