4500
4678
4769
4821
4798
3988
3231
1287
1266
937
986
1001
1046
1093
1149
1204
1227
1235
1283
1344
1404
1455
1497
1537
1567
1621
1651
1674
1717
1742
1778
1824
1763
1805
1754
1652
1578
1332
1278
1192
1123
1029
968
913
846
805
744
686
622
568
512
518
821
1222
1274
894
939
973
925
1094
885
845
878
880
891
857
887
852
884
863
892
851
895
857
884
883
873
903
942
1566
1090
2030
1120
4163
792
567
634
694
699
716
743
1963
1390
4893
2405
2711
2700
2731
6807
6816
4692
4716
4810
4927
5008
5768
6331
2417
1833
1662
1640
1627
1633
1636
1655
606
657
726
721
734
760
802
827
876
868
892
931
950
979
1001
1019
1088
1115
1128
1174
579
577
689
737
776
794
816
779
796
820
919
989
1008
1027
1050
1059
1109
1116
1133
1127
1148
1158
1183
1190
1224
1245
1318
1358
1417
1457
1511
1052
1099
1164
1238
1235
1256
1268
1307
1386
1444
1484
1458
1517
1570
1639
1713
1697
1744
1700
1687
1728
1770
1823
1903
1962
2028
2071
2120
2157
2197
2235
2297
2386
2417
2450
2518
2542
2562
2569
2584
2630
2677
2722
2734
2696
2700
2730
2755
2800
2843
2941
3025
3006
2997
2991
3014
3034
3052
3103
3167
3155
3199
3220
3224
3233
3242
3248
3298
3329
3363
3174
3182
2687
2702
2715
2538
2564
2283
2274
2097
2156
2143
1820
1874
1334
1361
1421
1118
1116
854
842
596
628
840
583
996
577
601
649
677
1052
594
602
603
588
841
608
1074
592
617
630
686
925
596
877
633
657
636
676
1049
594
803
580
588
532
565
814
572
1039
580
674
681
596
1052
587
620
626
662
904
616
1018
600
642
656
672
976
574
805
579
637
569
627
1047
615
835
614
668
591
651
1032
578
908
588
648
554
581
993
577
853
561
588
523
577
885
596
1009
626
644
662
681
1135
622
620
630
681
858
612
1032
585
596
636
689
893
627
1066
614
692
617
677
1344
608
655
610
664
558
614
1010
577
862
571
635
565
618
1033
603
850
604
656
577
594
816
608
929
591
664
544
605
878
578
1082
620
644
657
683
1025
588
637
585
605
879
601
1028
658
670
581
617
1031
601
862
607
624
545
610
830
607
1030
594
605
618
633
918
635
1022
612
635
675
677
913
585
1007
627
634
679
698
1109
609
669
610
662
1101
590
828
592
616
534
570
832
608
913
599
646
541
623
834
588
1167
583
585
613
615
836
619
1005
589
612
653
680
1050
594
621
676
714
955
635
1048
614
669
688
728
890
600
1045
629
693
641
664
997
569
801
568
636
561
587
768
568
864
575
612
541
601
851
624
948
595
602
547
562
811
628
911
595
619
549
602
800
575
1067
599
617
633
665
952
620
1004
626
681
722
770
1023
622
695
639
677
914
591
1044
612
626
664
722
1096
601
819
561
580
139439
646
1518
624
652
1321
597
1504
601
618
546
574
1316
621
1543
562
569
1567
573
1475
578
624
1399
584
1475
590
617
537
585
1302
589
1610
576
620
1496
571
1333
585
611
532
614
1323
590
1536
601
602
1439
577
1417
605
615
574
603
801
622
1009
604
607
639
584
805
547
525
523
533
537
488
612
524
507
541
513
517
1113
1027
885
799
706
622
551
534
505
497
512
498
496
501
481
488
495
482
489
484
496
493
496
485
493
497
476
499
496
506
594
512
485
497
483
492
483
487
484
510
493
489
492
476
480
486
490
495
487
491
493
488
637
828
666
565
499
593
508
508
539
496
490
494
494
486
486
494
494
500
495
485
479
486
493
485
499
510
552
494
489
494
493
519
499
573
506
517
501
508
492
488
487
499
490
494
486
489
488
506
513
486
496
487
494
1431
1702
1028
971
973
955
1096
1138
1065
1094
1056
1033
1085
1174
1203
1235
1253
1298
1300
1346
1372
1379
1439
792
761
740
795
802
803
826
832
815
847
867
945
1117
1152
788
814
837
866
930
546
911
563
571
584
659
1084
585
597
551
608
956
619
575
594
598
816
580
957
563
610
705
631
958
588
659
503
583
1020
578
826
606
619
535
590
791
573
1379
641
687
732
562
818
600
641
516
582
803
593
1015
617
622
662
715
1004
598
624
559
578
587
610
604
645
698
685
743
784
830
881
939
970
996
1032
1056
1097
1125
1150
1182
1225
1262
1289
1285
1303
1310
1333
1325
1365
1401
1404
1433
1466
1225
1253
1078
1086
1110
748
761
648
680
806
611
1015
607
713
613
626
906
611
628
653
679
951
612
656
645
733
1005
616
930
641
688
695
730
922
582
609
606
611
840
622
961
603
642
654
673
968
603
652
535
622
1006
609
671
665
703
1020
618
1002
574
632
686
711
1044
576
645
515
543
776
601
1041
604
669
690
539
888
620
632
545
595
913
593
692
574
612
769
604
971
587
668
726
617
851
610
624
567
610
947
582
594
617
671
942
596
923
562
573
658
615
800
560
582
549
565
931
575
609
624
634
931
590
961
561
608
610
628
983
560
606
531
588
818
591
961
626
635
681
737
1018
