4778
4863
4914
4977
5057
5068
5082
3297
3257
3361
3309
10657
6452
664
589
661
636
629
665
784
843
934
934
891
947
979
1005
1039
1043
1057
1082
1078
1074
1134
1168
1179
1305
647
647
617
658
662
679
653
681
734
818
867
762
847
905
610
647
689
731
750
775
800
865
919
946
973
1015
1202
626
1429
592
677
636
698
673
710
777
852
885
993
913
1005
1070
991
1055
1144
1182
1252
1223
1263
1287
1319
1413
1538
1604
1629
1671
1676
1716
1767
1867
1882
1946
1977
1964
1984
2010
2006
2072
2145
2188
2240
2266
2298
2192
2258
2315
2408
2368
2433
2463
2503
2556
2650
2691
2769
2851
2876
2870
2646
2700
2496
2546
2595
2059
2074
1984
2009
2054
1591
1661
1141
1184
1233
1132
1199
654
694
670
721
1040
585
872
614
684
539
595
847
631
1085
609
671
780
615
994
599
611
577
581
779
636
1126
590
593
680
576
838
600
627
555
591
950
585
667
576
609
1028
569
958
564
594
670
601
1021
577
634
572
607
959
605
646
636
700
1033
600
850
598
617
532
552
1025
592
577
628
625
1045
532
957
570
581
601
598
999
559
597
628
639
1068
573
971
578
606
621
640
1015
578
600
622
650
1029
622
995
599
651
674
706
966
595
620
634
688
1033
614
835
585
609
537
583
811
619
1024
622
663
756
606
869
583
595
568
609
826
567
1046
589
645
750
600
841
631
639
566
602
819
599
994
576
618
772
612
879
633
649
540
601
974
603
640
664
718
1055
612
840
595
671
513
586
898
602
1255
581
621
728
600
873
576
647
554
579
1020
585
612
661
677
1030
569
972
567
582
555
557
998
551
574
541
604
851
606
1035
598
594
656
565
851
585
645
514
584
1082
595
615
538
590
1290
569
902
551
570
706
597
832
607
633
560
568
920
538
569
553
586
986
634
839
605
640
523
588
897
563
587
631
552
822
592
927
608
598
573
591
844
612
1048
693
581
622
607
851
608
623
585
606
1067
570
963
602
607
671
663
1039
639
635
584
595
1011
607
969
607
630
532
594
840
579
1093
614
664
664
636
989
651
1009
573
614
656
596
1037
628
666
597
695
1072
656
816
601
617
553
620
827
611
1069
625
661
703
713
877
602
643
624
665
929
634
1011
641
685
678
720
1071
603
873
604
650
567
651
831
623
872
623
689
602
648
1017
621
868
613
655
626
664
1054
618
841
613
664
530
585
837
603
907
618
620
548
607
828
601
1033
607
631
667
707
1062
618
672
584
672
961
641
976
595
640
650
676
1020
620
895
592
619
507
585
931
602
1022
601
641
520
614
1016
576
576
591
626
1089
592
857
622
642
591
587
1078
629
806
572
559
565
598
846
599
1023
592
606
639
683
1160
565
582
596
656
1064
602
831
610
637
580
590
857
607
996
608
644
674
675
1055
589
622
581
605
1094
587
827
615
648
508
599
870
592
1080
576
608
655
630
1057
559
555
566
605
980
614
831
616
676
583
626
1131
577
799
616
608
556
608
845
608
891
602
644
577
600
848
614
956
603
668
521
571
826
590
1032
587
626
648
650
966
551
611
543
582
1008
583
842
590
665
574
612
809
599
994
624
672
704
2965
1754
1297
1274
915
2001
2007
1985
2060
867
1261
1284
847
941
921
900
1577
1355
1335
663
611
672
699
1225
1068
884
573
644
716
1029
1244
930
992
1036
1086
1165
1069
1122
1150
1201
1253
1340
1407
1496
1544
1581
1626
1650
1742
1801
1898
1926
1993
1999
2029
2059
2107
2163
2227
2303
2362
2377
2405
2438
2504
2583
2652
2727
2781
2804
2847
2878
2911
2964
3043
3082
3131
3198
3186
3225
3286
3025
3099
3183
2959
2974
2639
2690
2436
2524
2540
2015
2003
1818
1863
1920
1481
1537
1252
1234
1306
890
979
930
930
1089
605
975
584
639
807
587
984
578
603
703
559
849
563
592
516
604
993
589
688
588
651
1072
638
1011
632
662
691
717
1084
611
672
659
721
1052
618
836
606
645
533
593
1018
588
620
602
630
1050
596
1001
581
576
685
604
792
604
648
549
589
942
602
609
600
656
953
590
948
573
643
613
640
1042
619
675
652
680
1021
601
988
587
628
655
589
1023
625
639
533
568
992
567
633
589
622
1028
578
986
584
607
637
672
5332
4896
4880
4728
4761
4775
4245
4092
3344
2352
928
1203
2004
2250
2240
2254
6819
12130
638
618
2122
724
699
721
7241
601
585
612
6488
640
10662
4951
4520
4420
4356
4223
4205
4226
4260
4255
4144
4042
3907
3792
3586
11926
11855
11769
11656
11565
11495
11391
11247
19057
18935
18829
18771
18654
18534
18429
18328
26314
26198
26098
25994
25875
25787
25690
25750
25675
25578
25448
25360
25241
25134
25034
24933
24831
24719
24627
24529
24436
24337
24224
24258
24167
24080
24014
23914
23826
23728
23595
23570
23471
23384
23279
23180
23092
22996
22914
22816
22709
22649
13669
13544
13420
13323
13246
13132
13021
12899
12706
2414
2070
1970
1894
1796
1671
1583
1484
1373
4256
618
598
603
652
666
670
674
697
697
767
822
888
907
942
898
961
1007
1038
1103
1179
1188
1227
1284
1358
