6899
6967
7031
7105
7197
7304
7344
7418
7503
7554
7607
5451
5966
3416
1283
968
973
1882
842
3215
1256
4616
705
628
615
636
2225
668
675
635
634
629
714
686
653
567
634
658
731
776
812
918
954
1007
1054
1089
1176
1279
1345
1419
1474
1540
1602
1719
1844
1268
1229
1349
1436
1496
1477
1552
1535
1469
1393
969
925
967
991
959
985
1102
1094
1100
1100
1132
1143
1189
1216
1270
1331
1476
1497
1534
1543
1619
1729
1742
1808
1827
1841
1866
1904
1979
2053
2121
2200
2214
2237
2300
2369
2456
2561
2675
2734
2755
2782
2812
2856
2927
2995
3042
2926
2948
2955
2977
2989
3003
2912
2963
3002
3018
3082
2980
3035
2625
2645
2378
2418
2436
2121
2150
1657
1651
1665
1606
1634
1254
1288
731
758
814
793
1060
605
637
591
640
927
631
1060
610
630
644
676
1075
572
839
592
641
543
592
830
596
915
629
674
554
635
904
618
1069
591
670
685
690
850
619
1034
608
592
646
716
921
581
1045
596
666
691
658
1104
594
593
624
662
1071
603
858
598
652
593
605
1047
638
879
616
676
567
580
1032
583
963
619
637
652
604
883
616
1133
627
632
653
674
1057
629
678
564
587
1030
614
635
554
617
1004
607
628
521
580
858
618
1040
630
663
827
598
860
627
692
812
568
617
633
640
651
694
962
603
1012
598
613
656
712
1073
574
641
608
641
1116
625
848
613
711
664
619
939
617
657
569
636
860
609
1046
612
645
765
610
942
614
639
528
625
853
594
1108
626
658
730
755
1071
622
659
515
597
924
643
1072
621
674
691
665
1101
622
646
639
701
1078
586
884
593
640
568
580
851
628
903
637
674
543
637
931
619
1103
621
632
732
596
893
591
607
565
639
835
598
923
609
666
578
595
1057
593
598
609
641
1028
575
959
628
649
686
630
975
622
1051
633
571
622
659
903
585
693
597
650
863
596
1027
606
669
616
682
1183
614
647
498
574
916
635
1078
588
633
672
696
1112
593
647
502
569
936
592
1059
580
594
617
633
1040
604
649
543
607
885
619
1039
619
624
732
587
854
567
619
559
572
946
594
669
648
676
1078
612
891
611
624
554
638
1009
619
688
622
658
1060
587
862
644
650
527
580
1032
583
616
569
599
1067
596
1072
583
616
622
643
1048
575
633
545
589
1069
596
840
595
644
578
628
969
614
664
651
688
921
620
1075
624
684
564
616
859
614
914
633
658
553
601
1012
633
702
675
696
1061
586
900
589
645
546
604
843
598
1072
579
603
670
660
1093
619
664
520
598
880
602
1072
579
592
724
601
846
603
662
563
580
876
603
1004
628
634
670
704
1059
591
613
551
633
930
673
1034
597
640
645
588
1040
596
648
639
647
1014
577
850
572
627
512
598
1068
594
650
588
634
1061
582
868
572
649
519
579
838
583
1014
609
628
810
629
881
610
625
566
618
822
570
1001
601
630
751
604
900
582
637
510
578
1037
592
732
589
644
515
555
867
583
1032
600
636
687
612
1074
602
621
552
582
975
564
576
599
642
1091
576
987
580
597
615
627
1070
571
602
557
602
1073
612
842
613
651
546
609
876
609
1065
597
655
734
599
876
614
667
538
605
859
619
1070
603
626
601
596
878
599
702
522
630
1012
597
663
559
630
1157
596
1001
597
601
645
606
1092
597
606
556
620
1048
586
609
640
683
1070
627
846
601
663
863
859
1057
580
597
625
626
1012
564
1006
610
606
621
612
1044
609
637
615
645
1079
579
974
563
610
643
654
1038
591
639
583
601
1067
583
993
596
595
628
679
1013
560
576
599
649
1070
636
857
618
636
554
605
852
610
1091
616
636
720
592
836
621
651
586
608
822
579
1062
609
616
766
586
824
625
669
524
618
870
641
1054
565
607
813
582
847
586
656
515
588
985
609
685
609
688
1104
613
830
614
664
536
592
845
606
1059
583
663
795
579
826
584
634
566
586
1035
603
612
618
657
1079
581
982
596
615
643
649
1051
592
623
535
586
881
621
1099
593
604
767
580
904
592
657
508
575
1091
561
575
536
573
1261
598
957
572
580
733
597
858
595
634
540
566
975
562
558
530
612
4171
3717
3777
3481
3483
3259
2619
2424
1087
830
14010
7883
696
616
579
6236
602
632
585
565
616
4383
1728
883
677
640
618
625
577
584
583
628
628
643
652
670
747
779
812
834
875
855
906
1808
1296
1605
961
993
913
708
759
650
649
654
662
697
830
890
920
928
972
1041
1108
1139
1267
1311
1317
1348
1397
1421
1464
1506
1544
1624
1657
1762
1822
1890
1989
2060
2122
2165
2202
2235
2294
2376
2613
2690
2740
2955
3013
3058
3100
3323
3389
3475
3510
3596
3642
3675
3736
3806
3822
3883
3957
4055
4116
4181
4255
4313
4360
4430
4502
4567
4625
4673
4748
4793
4858
4899
4961
5018
5072
5175
5213
5257
5305
5365
5418
5486
5538
5573
5613
5635
5698
5750
5791
5846
5903
5953
5979
6108
6183
6297
6379
6429
6478
6521
6489
6532
6570
6604
6625
6639
6701
