2583
2753
870
3411
2471
2361
2343
2343
2344
662
1627
741
534
827
1141
5558
686
601
614
619
610
596
635
580
597
676
683
715
737
771
802
856
891
971
1049
1039
1075
669
648
694
656
623
669
739
786
799
980
619
1023
659
974
634
668
674
723
789
862
902
941
1028
1074
1125
1173
1209
977
1021
1834
1841
1870
1820
1864
1871
1868
1902
1895
1928
1884
1862
1985
1974
1973
1954
1967
1955
1974
1983
2037
2132
2153
2256
2259
2332
2398
2449
2374
2401
2407
2425
2456
2480
2528
2563
2581
2625
2705
2759
2785
2862
2941
3009
3049
3068
3105
3149
3192
3253
3284
3318
3340
3370
3373
3413
3449
3482
3525
3558
3583
3660
3669
3664
3703
3737
3737
3712
3838
3860
3866
3879
3924
3970
4019
4101
4103
4132
4154
4191
4236
4276
4319
4399
4461
4482
4495
4517
4529
4551
4596
4666
4672
4693
4699
4697
4727
4744
4780
4825
4892
4943
4957
5032
5080
5137
5179
5204
5204
5286
5330
5379
5418
5496
5544
5598
5647
5710
5765
5854
5909
5976
6025
6012
5991
6038
6052
6096
6110
6163
6218
6268
6295
6337
6386
6436
6535
6573
6631
6452
6439
6447
6493
6544
6569
6571
6581
6581
6537
6523
6516
6512
6546
6553
6600
6639
6625
6651
6630
6640
6615
6669
6730
6085
6084
6072
6098
6093
5698
5700
5336
5329
5349
5197
5254
4887
4893
4873
4770
4773
4503
4527
4353
4368
4371
3969
3980
3839
3823
3883
3689
3683
3280
3283
3304
3152
3152
2854
2865
2749
2754
2757
2355
2326
2330
2334
2352
1981
1982
1806
1796
1598
1617
1628
1462
1529
1075
1092
1119
1105
1127
736
771
722
751
775
560
1075
588
590
676
600
883
585
607
618
619
879
602
601
537
573
811
600
964
554
625
769
567
764
583
605
536
610
790
612
924
596
656
723
559
826
603
631
538
606
949
578
571
586
631
896
594
895
596
603
612
622
886
578
600
583
619
808
610
1050
603
654
709
591
830
591
664
537
604
806
617
978
620
651
662
696
963
610
670
561
575
815
601
973
580
617
716
574
779
586
596
571
656
817
600
958
598
617
650
608
801
596
587
524
565
4086
596
618
630
648
671
721
749
772
813
862
926
992
1020
1049
1056
1105
1149
1181
1225
1264
1286
1295
1365
1390
1446
1475
1551
1559
1555
1588
1633
1487
1524
1492
1487
1513
1089
1107
743
735
748
732
880
589
653
689
741
962
584
927
592
625
669
683
942
569
560
574
625
811
587
982
593
595
620
619
841
607
607
660
735
951
609
756
581
590
552
582
915
591
607
612
670
832
637
1007
606
660
518
584
859
588
961
574
663
704
689
975
559
597
621
665
1015
601
896
594
580
594
583
718
619
1131
627
658
693
603
829
607
632
542
609
793
625
1019
609
620
615
597
879
640
622
524
554
980
605
602
661
675
909
606
921
634
672
701
733
960
594
622
666
695
979
603
807
602
644
574
587
894
579
612
655
705
913
609
865
594
602
569
589
829
588
951
619
627
670
718
939
585
616
583
608
867
597
964
594
638
723
752
1077
611
652
642
680
818
578
934
605
693
742
726
1049
607
646
703
747
999
619
890
622
653
526
585
945
571
660
610
649
952
581
783
607
634
553
593
797
584
969
549
572
588
603
884
593
615
524
598
831
588
915
608
603
650
693
935
639
694
694
715
997
596
792
578
595
520
565
910
595
624
670
743
884
568
974
592
610
639
678
829
556
948
577
617
695
696
873
601
882
570
588
719
594
731
572
645
531
597
768
598
962
615
714
730
722
1017
581
616
521
576
864
555
945
554
567
570
575
886
578
623
553
557
804
591
952
550
562
650
587
803
576
621
547
583
765
594
997
567
578
573
591
951
569
633
691
719
994
592
738
604
623
561
598
779
586
1035
626
653
687
712
955
603
631
543
566
791
621
965
646
656
688
692
952
627
663
724
750
948
594
802
627
677
553
574
779
603
854
560
633
525
563
912
612
629
641
693
928
615
783
612
657
564
588
949
620
625
660
702
837
629
985
627
679
587
665
810
605
1003
599
674
814
617
753
616
649
568
612
821
592
832
625
701
691
755
1060
641
772
611
615
681
759
970
616
806
627
681
681
728
974
591
798
557
600
641
683
901
585
815
566
617
589
628
963
609
756
620
677
544
602
788
582
954
615
618
663
711
780
588
883
603
653
510
546
801
588
1073
601
623
680
673
705
613
892
602
644
573
589
760
601
1034
604
677
4633
712
1281
1260
1516
1270
2238
1402
1450
941
999
635
1704
630
1820
623
1685
615
1826
622
630
625
899
946
674
1793
3548
713
642
646
639
1081
1535
1570
1505
1268
1027
1049
1083
1055
1093
1140
1078
1142
1233
1193
1148
1181
1221
1220
1260
1275
1327
833
916
1016
1010
1039
1078
1082
1126
1072
1109
1128
1145
1166
1195
1230
1280
1319
1342
1370
1400
1460
1498
1529
1515
1555
1580
1622
1636
1657
1710
1741
1818
1902
1952
1968
2009
2054
2095
2177
2218
2242
2180
2177
2000
1996
1987
1807
1862
1426
1459
1453
1468
1535
1150
1192
1124
1098
1128
851
