1399
1379
1357
1708
1771
1580
1511
1631
1688
2087
2139
2443
2071
1976
2197
2340
2135
2350
1500
2066
2054
1234
1328
1433
1588
1496
2009
2114
2625
1974
2005
1977
1761
2136
1928
2138
1850
2426
2455
1554
1297
1927
2455
1953
1936
2389
1867
1859
2037
2498
1853
2339
2628
1898
2294
1324
2074
2089
2118
2679
2764
2643
2383
2691
2746
1813
1551
1972
2003
1824
2223
2279
2076
2463
2101
2547
2101
2437
2585
2292
2694
2002
2584
2318
2310
2552
1635
1478
1746
2218
2767
2153
1704
1772
1535
1844
1432
1917
1945
2464
1979
2264
2218
2695
2192
1997
2223
2078
2329
2223
1678
2247
2012
2405
1998
2696
2546
1996
2194
1747
2467
1886
2373
2520
2001
2452
1983
2087
2099
2109
2327
1983
2335
1519
1408
1621
1778
2058
1750
2203
2309
1916
2104
2276
2425
2547
2027
2665
2019
2593
2477
1937
2383
1613
1401
1771
1784
1488
1725
1632
1398
1638
2124
2110
1909
1668
1388
2264
1818
2203
1953
2012
2584
1713
1538
1827
1378
1231
1646
1316
2043
2303
1480
1289
1305
1716
1435
1416
1173
1306
1407
1198
1824
1514
1760
1260
1494
1073
1230
1303
1688
1365
1711
1691
1488
1675
1416
1600
1490
1647
1639
1387
1779
1392
1790
1690
1656
1431
1278
1673
2376
1914
2160
2545
2071
2554
2270
2591
2440
1986
1529
1596
2218
2387
1955
2627
2055
2892
2742
2563
2424
2081
2605
1931
2551
2465
2235
1695
1610
14955
3298
1742
1420
1496
1730
1609
1677
1930
1904
2273
1959
2659
1947
2589
2523
1588
1830
2002
2485
2452
2222
2595
1649
2093
2451
1790
2681
1609
1594
2024
2309
2615
2108
2208
2151
2016
2132
2172
2553
2091
2349
2304
2150
2652
1787
2583
2548
2225
2536
2256
2633
2154
2790
2461
2348
2453
2212
2283
2110
2467
1478
1248
1488
1571
2407
2704
2042
2411
1838
2389
2547
1980
2623
1971
1622
1607
2198
2460
1932
2119
1833
2082
2382
2008
2705
2172
2352
2600
2372
1752
1716
2048
2014
2482
2521
1932
2465
1394
1309
1613
1809
2289
1901
2466
1964
2457
2364
2331
2615
2210
1494
1718
2163
2585
2129
2264
2425
1846
2571
2233
1569
1499
1626
2386
2072
2470
1768
1910
1801
1650
2060
2048
1789
1859
1899
2560
1928
1825
1742
2173
2211
2020
2373
1996
2486
2534
2139
2407
1902
2475
2395
2266
2419
2439
2725
1965
2599
2677
2177
2450
2169
2555
2574
2286
2639
2092
2576
1887
2729
1511
1365
2068
1737
2439
2416
1844
2436
2147
2634
2016
2911
1522
1930
2207
2138
1590
1638
1767
1671
1463
1367
1638
1188
2261
1881
2562
2293
1841
2657
2285
2578
2053
2621
2563
2411
2104
2085
2071
2395
1695
1634
1358
1476
1907
1629
1573
1574
1687
2097
2285
1997
2049
2272
1947
1986
1914
2074
2227
2174
2409
2228
2178
1945
1863
1835
1666
2243
2217
1287
1350
1606
2247
2063
1921
1914
1683
2359
2099
2751
2307
2139
2495
1980
2244
2020
2207
2625
2011
2472
1924
2432
2488
1544
1512
1890
2296
1355
1965
2108
2156
2258
2007
1831
1584
1469
1599
1957
2193
2381
2111
1371
1400
1432
1748
1873
1361
1671
1550
1493
1751
2322
1995
2815
1884
2110
2016
2310
2570
2110
1450
1596
1513
1741
1253
1575
1718
1433
1937
1423
1570
1453
1680
1832
2137
2401
1874
2509
1606
1953
2629
1934
2384
1591
2097
1871
2159
2610
2187
2633
1960
2637
2619
1935
2449
1970
2512
1922
2503
2506
2073
2514
2120
2545
2580
2064
2513
2144
2542
2104
2551
2802
2223
2572
1862
2032
2405
1670
1546
1793
2460
2210
2741
2677
1596
2650
2116
1527
1696
2259
2723
2260
2745
2608
2828
2540
1505
1992
2170
1976
1563
1824
1990
1855
2250
2267
2149
2033
2269
2087
2178
2085
2158
2154
2326
2550
2156
2559
1853
2499
1585
1608
2077
2021
1496
1505
1500
1946
2104
2343
1840
2033
2402
1926
2040
2252
2552
2122
2451
2525
2458
2406
2174
2361
2664
2170
2671
2175
2823
1996
2167
2051
2017
1954
1953
2249
2085
2397
2160
2457
2433
2397
2156
2310
1951
2429
1809
2062
2186
2022
2247
1477
1388
1753
1724
2469
2214
2619
1261
1430
1948
1995
2728
2153
2675
2317
2531
1745
1682
1573
1494
1279
1677
1618
2147
2542
2284
2491
2150
2312
2339
2752
2008
2637
2370
2302
2742
1864
2196
2621
2324
2508
2773
2581
2569
2420
2646
2317
1808
1598
1559
1995
1990
2224
2317
2758
2195
2597
2451
2502
2679
2431
2710
1543
1429
2213
2147
2629
2399
2376
2417
2264
1388
1666
1644
1518
1661
2076
2202
2340
1869
2325
2301
2335
2370
2237
2517
2259
2179
2036
2667
2614
2445
2173
2547
1749
1566
1908
2427
2424
1612
1372
2231
1940
2659
2452
2516
2639
2600
2086
1503
1889
1436
1578
1728
1255
1818
1999
2129
2331
2266
1967
2056
2135
2066
2156
2161
2101
2698
2106
2295
2114
2512
2480
2252
2385
2199
1933
2509
2091
2181
2284
1749
1517
1510
1952
2004
2090
2149
2235
2200
2401
2584
2067
2368
2202
2478
1786
2161
2392
1900
2500
1960
2412
2015
2055
2209
1786
2319
1836
2398
1966
2018
2051
2158
2411
1876
2175
1891
2022
1820
1880
2287
1924
2243
2050
2197
2118
1896
1601
1448
2108
1434
1544
1602
1955
2238
1814
2545
1938
2288
2316
1920
1954
1807
2166
2053
2320
1694
1547
2309
1946
2163
2010
2395
2483
2337
2575
2195
3966
1633
1705
1602
1249
1439
1715
1943
2593
2179
2677
2090
2790
2172
2521
2504
1764
1519
1192
2163
1944
2240
2241
1963
2829
1470
2387
2355
2576
2495
2285
2663
2272
2321
2603
2197
2542
2139
2418
2073
2502
2394
2447
2728
2186
2501
2511
2371
2538
2197
2495
2197
2552
2118
2545
2180
2453
2125
1320
2122
2389
2328
2831
1700
1550
1604
1457
2449
2210
2600
2163
2534
2620
2317
2318
2096
2331
2008
2330
1767
1504
1420
