1636
1695
1911
1593
1347
1900
1991
1958
2086
2321
2334
1845
2592
2439
2309
1858
1567
2129
2337
2433
2265
2605
2607
2196
2538
2238
1899
2156
2208
2204
1691
1325
1729
1540
1528
1487
1447
1844
2009
2283
2174
1855
1465
1951
2001
2302
1374
1743
2332
1991
2603
2292
2109
2195
2153
2565
2494
2297
2240
2469
2509
3029
1664
1619
1780
2468
1890
2465
2176
2474
2676
2225
2552
2131
1871
1840
2490
2608
2603
2610
2483
2567
2637
2517
1697
1400
1621
1585
1927
2257
2072
2545
2155
1653
1385
1680
1621
1421
1718
1834
1762
2008
2127
2112
1984
2483
1852
2082
2404
1408
1629
1491
1816
2211
1937
2379
2099
2497
1954
2497
2721
2317
2085
2017
2293
2651
2538
2523
2436
2716
2225
2638
2327
1568
1585
2251
2486
2673
2324
1539
2123
2320
2626
2513
2655
2026
2439
2258
2082
2591
2230
2713
2459
3233
2402
2247
1479
1354
1663
1850
2294
2365
2387
2161
2157
2274
2600
2248
2620
1724
2669
2063
2030
2674
2412
2414
2044
2020
2192
1959
2284
1851
1768
1929
2088
2263
2065
1622
1653
1396
1986
1945
2468
2136
2354
2299
2347
2058
1835
2067
1787
1905
2051
1571
1419
13546
1964
1402
1534
1998
2060
2162
2835
1932
2287
2218
2481
2662
1834
1475
2032
1371
1473
1577
1464
1397
1799
1893
2080
2061
2029
2501
1416
1610
2232
1857
2609
2182
2467
2156
2296
2428
2185
2270
2119
2072
2499
2405
2544
1927
1390
1478
1897
2198
2421
2730
2269
2723
2621
2192
2607
2331
2497
2246
2516
2596
2545
2644
2425
2806
2219
2130
2610
2122
2364
2579
2409
2524
2464
2433
2266
2203
2599
2395
2600
2470
2756
2396
2254
2053
1851
2461
2390
2569
2305
2326
1813
1317
1963
1980
2441
2223
2423
2503
2399
2493
2430
2667
1622
1633
1446
1552
1592
1517
1652
1471
1710
1481
1615
2176
2474
2479
2718
2531
1688
1820
1763
1610
1544
2096
2025
2546
2278
2400
2559
2637
2638
2069
2449
2508
2264
1972
2360
1641
1564
1574
2313
2526
2518
2430
2367
2498
2463
2534
2518
2705
1876
2480
1442
1645
1605
1620
1283
1415
1563
1565
1665
1543
1662
1604
1440
1386
1525
1368
1644
1855
2191
2397
2027
2572
2117
2562
2219
2365
2428
2151
2540
2168
2048
1742
1825
1672
1522
1668
2067
2229
1598
2307
2402
2169
2347
2073
1882
2236
2222
2388
2341
2404
1909
1545
2118
1916
1731
1826
2280
1984
2597
2037
1821
1546
1703
2307
2341
2182
2440
2237
2404
2439
2485
2491
2196
2029
2117
2580
1999
2444
2672
2663
1698
1511
2023
1955
2153
2547
2114
2430
2195
2424
2483
2337
2199
1919
2383
2038
2518
2374
2306
2564
2092
2503
2064
2068
2517
2368
2767
2176
2256
2193
2554
2381
2493
2497
2531
1881
2099
2306
2380
2281
2646
1563
1376
1752
1870
2252
2354
1595
1638
1676
2159
2086
2355
2370
2516
2649
2389
2652
2349
2645
1619
1501
1445
1394
1613
1578
2454
2041
2678
2148
2610
2738
1877
1692
1814
2190
2161
2239
2452
2365
2578
2365
2265
2203
2519
2375
2341
2102
2034
2230
2249
2479
2635
2422
1806
1664
1447
1572
2005
2251
2429
2330
2343
2429
1984
2237
2616
1707
1716
1878
1989
2409
2480
2733
1477
1393
1462
1386
1531
2151
1829
2239
2458
2499
2221
2464
2275
2492
2424
2627
2329
1895
2456
2074
2324
1961
2449
2389
2427
2583
2663
1619
1717
1596
2275
1821
2045
1823
2491
2408
1741
1429
1663
1895
1508
1436
1903
1876
2194
2393
2298
2017
2528
2575
2316
2203
1349
1442
2281
2139
2505
2259
2653
2134
2294
2181
2095
2857
1904
2389
2204
2127
2531
2009
2469
2500
2326
2893
1510
1626
2325
2391
2638
1993
2140
2407
2463
2579
2524
2499
2453
2110
2131
2280
2104
2383
2020
2502
2691
1538
1687
1388
1953
2038
2231
1548
1630
2111
1987
2122
2112
2163
2272
2085
2213
2049
2502
2206
2179
2247
2323
2433
2561
2301
1886
1485
1409
1784
2060
2340
2100
2322
2213
2216
2538
2245
1768
1422
1531
1959
2192
2517
2154
2435
2095
2202
2580
2372
2293
1962
1947
2057
2150
2379
2428
2200
2358
2238
2076
2157
2394
1563
2012
1977
2039
2234
2313
2367
2379
2445
2644
2076
1468
1211
2040
2128
2241
2316
2044
2144
2603
2083
2524
2085
2399
2182
2260
2134
2395
2474
2186
1812
2213
2125
3799
1847
2020
2337
2451
2579
2617
2155
2199
2216
2394
2306
2345
2438
2354
1656
1801
2149
1986
2161
1866
1827
2386
2108
1436
1586
1456
1734
2239
2270
2482
2278
2463
2211
1472
1732
1837
1757
1370
1481
1696
1742
1420
1901
1670
1592
1575
1421
2063
2136
1502
1990
1922
2275
2101
2114
2275
2218
2707
2132
2396
2038
2492
2235
2255
2828
2380
2643
2479
2411
2490
2353
1643
1393
1805
2238
2055
2241
2429
2129
1984
2291
2445
2555
2464
2548
2311
2712
2448
2012
2214
2157
2416
2329
2581
2037
2643
2317
2703
2753
2015
2645
2091
2409
2367
2276
2585
1775
2728
1837
2574
2652
1838
2549
2012
2928
2543
2252
1740
1403
1662
2179
2527
2295
2409
1401
1625
1500
1681
1380
1768
2482
2467
2615
2204
2638
2126
1650
1775
2561
2440
1452
1559
1543
2404
2114
2700
2456
2350
2555
2099
1981
2513
2564
2825
2398
2737
2228
2464
2485
2612
2565
2127
2708
2653
1598
1457
1711
1714
1598
1402
2258
1997
2295
2339
2105
2423
2129
2527
2463
2467
1833
1511
1327
1362
1756
1449
2041
2010
2261
1861
2037
2265
2174
2087
2401
1933
2186
2243
2713
2161
2596
2499
2439
2572
2224
2477
2484
2448
2743
2093
2454
2443
1609
1564
1872
2303
2341
1483
2087
2301
2331
2343
2409
2490
2256
2617
1980
2183
1943
2772
2597
2421
2352
2058
1752
1638
1892
2029
2098
2560
2138
2540
2200
1980
2137
1944
1899
2447
2003
2117
1808
2529
2046
2670
2549
2042
2446
