1621
1614
1712
1339
1648
1545
2057
1834
2257
2274
2259
1821
1988
2028
2003
1945
2333
2110
2492
2199
2187
2379
1901
2558
1964
2545
2189
2528
2342
1988
2536
1938
2457
2687
2253
2568
1853
1621
1165
1333
1990
1965
2059
1763
1581
1562
1421
1555
1989
2126
2167
2003
2692
2152
2629
1953
2313
2467
1870
2633
1895
2250
2308
1968
2845
1855
2436
2032
2436
2605
1968
2268
1887
2719
2135
1743
1544
1511
2079
1904
1959
2229
1853
2419
2084
2674
2022
2264
2595
2119
2435
1744
1409
1447
1509
1689
1427
1390
1597
2325
2455
2260
2400
2140
2353
2402
2066
2584
1952
2681
2075
2509
2487
2258
2311
2030
2340
2390
2223
2907
1905
2783
1977
2376
2548
2385
2191
1681
1507
1411
1677
2368
2267
2507
2026
2707
2440
1983
1672
1511
1433
1758
1524
2272
2081
2163
2241
2079
2640
2089
2569
1869
2482
2463
2261
2425
1863
2391
2559
2108
2551
2203
2365
1918
2369
2621
2117
1401
1355
1843
2415
2092
2156
2027
2427
2116
2450
2481
2031
2637
2042
2515
2080
2083
2411
1901
1382
1536
1460
1589
1719
2189
1871
2031
2716
2155
2542
1965
2617
2358
2097
2606
1976
1816
2144
1907
2468
2401
2473
2160
2408
2556
1949
2347
2374
2445
2347
2359
2533
2185
2615
2202
2258
2348
1967
2381
2000
2413
2326
2305
2440
1936
1473
1685
1473
2501
1916
2519
2070
2538
2371
2123
2996
2002
2392
2292
2180
2498
2297
2376
1997
2182
2425
1987
2526
1973
2291
2289
1768
1410
1607
2250
2384
2358
2683
1912
2160
2003
2490
2439
2126
2463
1895
2597
2372
1710
1898
1838
2604
1781
1752
1764
1490
1775
1681
2274
2521
2155
2791
2094
2659
2183
2350
2457
2090
2110
1813
2327
2268
2135
2555
1814
2240
2398
1703
2382
1899
2040
1641
2275
2380
2334
2537
1953
2646
2281
2069
2529
2006
2698
1407
2061
2449
1721
1840
1825
1795
1499
1424
1665
1622
2317
2584
2334
2580
1917
2512
2414
2420
2574
2328
2899
1837
2589
2298
2334
2492
2217
2573
2161
1677
1535
1631
2394
1634
2268
2127
1925
1884
1506
1960
1898
2405
2547
2244
2583
1867
2045
2461
2444
2515
1586
1539
1259
1444
1341
1514
1411
2003
1564
1707
1908
1945
2112
2263
2185
2454
1972
2166
2297
2410
2053
2313
2024
2287
2070
2067
2100
1948
2178
1636
2577
2475
1558
2013
2238
2374
2470
2383
2462
2390
2527
2298
2330
1963
2165
2665
1917
1915
1726
1660
1374
1323
2116
1540
2304
2669
2508
2512
1898
2434
2377
2260
2517
2224
2903
2084
2452
2475
2105
2634
2203
1526
1434
2324
2657
1970
2487
2325
1998
2168
2180
2303
2000
2245
2141
2089
2535
2304
2381
1627
2186
2319
2077
1928
2161
2264
1714
1635
1861
1914
2540
2053
1968
2524
1989
2123
1903
2624
1903
2238
2533
2248
2554
2078
2190
1960
2288
2105
2055
2204
1935
2293
2504
2440
2524
1994
2562
2002
2413
2506
2103
2708
1960
2239
1959
2448
2429
2510
2247
2523
1729
1371
1837
1628
1347
1943
1914
2196
1739
1884
2107
2021
2410
3361
2342
2670
11779
1686
1294
1822
2289
1968
1961
1309
1769
1644
2112
2518
2139
2141
1964
1958
2035
1986
2145
2161
2211
1989
2962
2466
1680
1620
1561
1769
1681
2067
1383
1619
1461
1693
1551
1589
2163
2578
1964
2590
1763
2379
1800
2464
2481
2132
2552
1896
2625
1990
2482
2518
2057
2601
2492
2903
2010
2618
2519
2105
1370
1516
1474
1861
2034
2285
1923
2757
1932
2516
2506
2125
2482
2004
2460
2142
2243
1728
1990
2630
1670
1670
1532
1965
2398
2034
2588
2064
2741
1894
2471
2551
2064
2149
1982
2460
2612
2188
1915
1606
2027
1943
2641
2605
1885
1988
1845
2374
2141
2507
2603
2345
2511
2079
1890
1951
2018
2527
2010
1546
1275
1894
1486
1826
1375
1710
1429
1618
1580
1497
1960
2119
2330
2390
2089
2331
2643
2270
2836
2178
2521
2360
2176
2615
2102
2623
1890
2547
2153
2507
2398
2240
2424
2063
2300
2427
2173
2665
1973
2684
2623
2251
2580
2030
2568
2135
2703
2213
1856
2428
2047
1711
1537
2184
1527
1361
1858
1798
2425
1775
1775
2006
2010
2445
2289
1811
1271
1981
2422
2215
2268
1297
2145
2312
1977
2421
1524
2093
1815
1852
2302
2157
2674
2010
2585
1911
2290
2508
2375
2341
2236
2188
2314
2368
2614
2279
2807
1986
1812
2004
2187
1357
1407
1767
1980
2496
2272
2103
2396
2163
2573
2011
2274
2481
2008
2540
2190
2314
2179
2516
2386
2123
2497
2069
2412
2161
2431
2474
2228
2272
2131
2456
1944
1890
2289
2078
2712
1963
2613
2476
2172
2544
2169
2465
1608
1710
1603
1265
1629
1588
1532
2098
2373
2459
2256
2406
2383
2509
2637
2201
2510
2488
1416
1451
1786
1842
2292
2042
2149
1668
2392
2054
2093
2331
2335
2434
2102
2438
2206
1928
2273
1896
2517
2025
2303
2660
2436
2443
1948
1902
1318
1555
1529
1573
1702
1544
1572
1954
1901
2047
2197
1929
2270
2032
2562
2110
2455
2472
2524
2604
1961
1719
2097
2062
2245
2037
2021
2432
2024
2540
2285
2445
2048
2412
2294
2531
2533
2145
2365
2237
2532
2348
2075
2570
2199
2518
2199
2367
1407
1849
2468
1687
2143
1427
1694
2114
2092
2219
2310
2298
2407
2292
2467
2335
1458
1606
1691
2209
2155
2104
1803
1917
2232
2197
1598
1914
2325
2002
2049
2193
1930
1768
2079
2157
2242
2086
2567
2545
2100
2404
2189
1440
1718
1634
1928
1303
1606
2100
1454
1415
1811
2344
1910
2079
2024
2054
2471
2111
2411
2120
2013
2150
2131
2479
2009
2408
2134
2432
2339
2268
2417
2517
2277
1481
2104
2500
2033
2329
1945
2055
2146
2106
2323
2187
2459
1902
2404
2400
2559
2325
2407
1815
1786
1926
1700
1375
2153
1876
2578
2542
2301
2154
2051
2459
2602
2389
1841
1672
1917
2474
1967
2585
1709
