1566
1639
1432
1660
1443
1900
2273
2045
2422
2383
2326
2154
2299
2426
2514
2403
2535
2255
2718
2199
2642
2112
2412
2266
1786
2448
2156
2567
2459
1708
1606
1935
2113
1954
2418
2309
2290
2010
1791
2497
2068
2637
2305
1913
2557
2532
2641
1542
1460
1578
1349
1943
2275
2411
2335
2500
2091
2301
2562
1721
2278
2618
2038
2490
2110
2383
2451
1533
1616
1743
2546
1961
2216
2636
2238
2443
2017
2508
2277
2980
2221
2429
2570
1995
1403
1581
1771
2201
1782
2215
1621
1459
1306
2217
1684
1495
1483
1514
1600
1932
2102
2127
2000
2058
2138
2036
2205
2084
2212
2008
2067
2275
1914
2563
1494
1723
2007
1985
2411
2136
2390
1877
2026
2062
2454
2352
2633
2380
2195
2363
2421
2231
2537
1873
2126
2407
2410
2411
1941
1918
1546
1938
1873
1919
1432
1408
2095
1716
2193
2409
2065
2456
1940
2000
1482
1260
1594
1790
1605
1710
1298
1555
2110
2330
2320
2340
2187
2720
2256
2521
1975
1973
2368
2360
2396
2432
2237
2496
2263
1930
1803
1934
2302
2102
2436
1934
2416
1827
1581
1862
1668
1522
1398
2014
1596
1953
2429
2135
2494
1810
2410
2230
2450
2535
2141
2194
2048
2407
2450
1993
2557
2118
2838
1853
2610
2485
2214
2203
2206
2335
2590
2107
2737
2058
2322
2430
2134
2443
2144
2144
2491
1600
1763
2021
2612
2483
2609
1453
1511
2199
1866
2102
2439
2557
2501
2056
2527
2481
2352
1401
1565
1615
1685
1317
1322
1854
2516
2353
2117
1548
1784
2386
2049
2629
2769
2229
2759
2190
2642
2444
2091
2630
1817
1855
2580
1958
2360
2106
2393
1859
2119
2367
2012
2597
1391
1472
1939
2085
2769
2032
2616
2087
2478
2782
2067
2601
1982
2258
2308
2392
2588
2134
2421
1713
1816
1801
1999
2473
2143
2523
2212
2146
2447
1857
2140
2547
2239
2608
2234
2689
2076
2431
2323
2254
2496
2179
2692
1444
1572
2475
2044
1605
1455
1848
2161
1998
2239
2091
2531
2206
2496
2291
2410
2770
1997
2210
1992
2485
2379
2453
1634
1727
2307
2210
2401
2256
2154
2559
1713
2091
1921
2131
1956
2274
1941
2287
1537
1814
1855
2025
1928
2136
2146
2306
2173
2356
1840
2095
1401
1464
1687
2027
2008
2258
2144
2002
2131
2111
2101
1958
2334
2292
2534
1970
2308
1973
1903
2253
2455
2215
2372
2401
2090
2361
1784
1790
1625
1834
2267
2151
2496
1994
2110
2465
1839
2107
2133
2557
1770
1441
1405
1752
2027
2349
2525
1597
1466
2025
1916
2284
2487
2589
2442
2574
2546
1817
1766
1699
1563
1485
1793
2180
2029
2507
2426
2301
2327
2088
2487
2355
2265
2401
1941
2684
1979
2535
2437
2165
3195
1524
1705
2090
2047
2235
2495
2724
2448
2358
2493
2489
2397
1904
1644
1449
1680
1931
2312
2450
1499
1895
1978
1941
2341
2156
2591
2307
2613
1876
2033
2309
2011
2498
2245
2525
2308
2045
2710
1885
2410
1822
2072
2519
1915
2754
2117
2395
2353
1992
2567
1620
2262
1534
1287
1958
2269
2588
1986
2653
1930
1596
1432
1807
2221
1859
2053
2209
1883
2132
1635
1495
1371
1395
1385
1705
2501
2335
2402
2366
2307
2309
2222
2325
2654
1680
2606
1898
2292
2340
2195
2260
2146
1854
1417
1477
1319
1469
1800
1769
1978
1897
2084
2181
2407
1983
2326
2006
1777
1321
1575
1771
2096
2176
2297
2265
1706
1935
2006
2032
2269
2103
2188
2144
2267
2128
2120
2002
2159
2135
2386
1764
2182
1978
1771
2218
2072
2279
2405
2568
1890
2630
2226
2050
2398
1745
1393
1861
2155
2199
2549
2320
2396
2481
2621
1583
1487
1474
1271
1524
1894
1825
1828
2110
2153
2052
1626
1997
2178
1905
2572
1898
2395
2317
2367
2547
1995
2114
2309
2055
2367
2094
2544
2275
1837
1933
2079
1636
1910
1796
1542
1554
1947
1691
1890
2133
2074
2234
2138
2090
2218
2386
1447
1380
1808
1885
2224
2354
2169
1958
2287
1995
2224
2355
2475
2148
2403
2255
2579
2090
2575
2688
1732
1704
2059
2435
2072
2506
2189
2406
2367
2012
1924
1346
1687
1350
1581
1721
1391
1318
1687
1248
1218
1202
1309
1391
1334
1285
1310
1487
1304
1343
1279
1292
1483
1176
1187
1310
1345
1191
1596
1385
1266
1835
1761
1656
1420
1593
1498
1439
1666
1316
1646
2338
2424
2379
2114
2416
2253
2453
2213
2528
1720
1814
1740
2085
2535
2154
2518
1828
2759
2196
2413
2749
1903
2499
2495
1396
1641
2043
2506
1889
2661
2452
2070
2431
1634
2090
1678
2574
2297
2062
2601
1989
2478
2578
1684
2614
1440
2304
1768
2455
2658
2159
2619
1974
2323
2275
2038
2573
1576
1254
1186
1127
1365
1262
1436
1361
1322
1196
1319
1441
1900
2449
1637
1509
2000
2193
2361
2019
1983
1434
1830
1893
1678
1768
1345
1614
1762
1438
1575
1668
1969
2453
2183
2542
2128
2398
2365
2525
2060
2229
2352
2384
2045
2500
1758
1711
1878
2334
2533
2367
2681
1824
2664
2485
2578
2919
1998
2523
2431
1440
1583
2009
2339
2479
2775
2059
3079
1935
1281
1861
2404
2326
2429
2573
2703
2020
2068
1801
2374
2212
2303
2385
2279
2516
2152
2660
1940
2204
2454
1837
2006
1345
1769
2389
2057
2569
2513
2572
2412
2421
2351
2306
2432
2092
2394
2169
1453
1656
2409
1831
1896
2321
2071
2042
2388
2601
2551
2060
2734
2174
2618
2522
2132
2473
1840
2641
2080
2166
2569
2347
2761
2641
2567
2272
2437
2585
2041
2423
1550
2108
2482
2432
2556
2861
2978
1683
1360
1752
2007
2387
2395
2559
1451
1641
1588
2396
2417
2533
2079
2243
2527
2277
2148
2774
2504
2696
2314
2321
2334
2517
2322
2087
2657
2389
2394
2484
2414
2520
2033
2597
2167
2629
1527
1704
2545
2478
1381
1687
1641
1707
1642
1888
2425
2380
2518
2591
2613
1942
2525
1483
1517
2215
1924
2395
2089
1558
1769
1645
1451
1425
