1809
1584
1635
1365
1743
2195
2046
1572
1487
1825
1435
1951
2590
2228
2223
2208
1957
2405
2249
2404
2077
2279
2365
1773
2133
2126
2114
2363
1640
1701
1430
1437
2193
2255
2608
2222
2458
2120
2475
1557
2128
1467
1473
1441
1766
2026
2203
2170
2061
1907
2287
2192
2230
2427
2287
2451
2066
2567
2122
2289
2411
2289
2182
2252
2209
3117
2180
2380
2244
2464
2466
2411
2274
2461
1581
1414
1682
2503
2113
2811
2408
2159
1704
2076
2564
2305
2650
2038
2890
2649
2145
2543
1675
1737
1710
1529
1448
1882
1948
2211
2295
1698
1857
1986
2203
2200
2328
2071
2208
2584
1929
2068
2052
2110
2220
2060
1977
2170
2243
1855
2599
2033
1311
2546
1212
1485
1702
2017
1971
2180
2253
2206
1860
1384
2163
2215
1884
2227
2101
2667
2116
2163
1833
1860
2307
2343
2516
2341
2334
1832
2173
2109
2198
2078
2237
2014
2258
2136
2194
2198
2135
2321
1951
2086
1535
2128
2022
2135
2170
1616
1513
1548
2095
1985
2331
2252
2200
2077
2075
2046
1372
1839
1507
1392
1819
2035
2179
1703
1529
1535
1909
2114
2109
2002
1678
1589
1836
1831
2261
1357
1778
1442
1592
1685
1317
1891
2023
1867
1935
1848
1971
2130
1907
2410
2227
1757
1673
1507
1501
1843
2240
1974
2587
2024
2377
1806
1942
2243
2077
2243
2663
2071
2574
1943
1973
2111
2042
2285
1751
2277
1817
2166
2460
2234
2423
2054
2367
2191
2001
2240
2497
2441
2446
2458
2736
2413
2646
2534
2394
2265
2477
2140
1778
1685
1563
1342
1873
1611
2467
1980
2554
2647
2070
2546
1803
1689
1387
1645
1653
1502
1530
1888
2385
2643
1815
2590
1976
2619
2742
1580
1526
1755
2296
2481
1973
2342
1985
2501
2050
2414
2341
1890
2728
2033
2306
1897
2521
1401
1702
2205
2079
1656
1534
1985
2738
2001
2567
1851
2390
2398
2039
2520
2015
2555
2529
2133
2453
2067
2671
2001
2666
2540
2090
2314
2001
2655
2465
2402
2396
2028
2739
1904
2635
2719
2034
3145
1927
2415
2789
2152
2458
2018
2615
1761
2293
2511
2085
1562
1553
1568
2342
1912
2174
1992
2540
1937
2268
2391
2627
2612
2088
2427
2342
2186
2756
2418
2583
2378
2231
2852
1670
1594
2116
1338
1499
2044
2152
2181
2506
2707
2274
2613
2101
2474
2157
2001
2329
1591
1496
1599
1606
1496
1632
2234
1698
1702
1280
1948
1661
1605
1957
1994
2435
2029
2362
2521
2131
2406
1963
2278
1959
2370
2643
2162
2597
1999
2336
2536
2063
2518
1946
2503
2031
2312
2456
2231
2441
2225
2460
2570
1972
2546
1419
1875
2220
1683
1983
2221
2459
2046
2508
1591
1466
1373
1821
1601
1987
2162
2427
1746
1491
1601
1644
1912
1762
2647
2080
2497
2181
1840
2477
1849
2205
2860
2203
1623
1733
1909
2328
2294
2511
2286
2399
1864
1835
2247
2398
2563
2257
2863
1620
1410
2106
2075
2550
2225
2548
2460
2114
1744
1539
1531
2049
2334
2495
2528
2646
2095
2267
2325
1886
2387
2498
2006
2253
2408
2725
2419
2742
2123
2223
2333
2070
2147
2229
2610
2473
2162
2696
2270
2552
2220
2503
2587
2523
2534
1959
1875
1617
1683
1951
1794
1963
1872
2301
1647
1510
1732
2386
2313
2686
2366
1866
1389
1446
1475
1872
1597
1785
1554
1786
2271
2086
2428
2547
2188
2541
2244
3297
1647
1613
2047
2226
2382
2548
2239
2465
2327
2160
2097
2611
1950
1545
1523
1980
1923
1839
2735
2034
2527
2631
1619
1494
1332
1765
1856
1850
2649
1945
2721
1992
2336
2239
2405
2575
2189
2377
1996
2349
2608
2124
2650
1955
2699
2124
2433
2559
2221
2656
2026
2455
2275
2450
2442
1534
2352
2120
2630
2065
1884
1496
1662
2358
1894
2609
1996
2403
2386
2016
1497
1618
1673
2676
2069
2432
2122
2733
1771
1894
1287
1573
2142
1802
1612
1683
1845
2138
2238
2174
1825
2101
1874
2105
1628
1469
2068
1898
2431
2307
2419
2001
2216
2570
2056
1475
1935
1684
1131
1147
1256
1629
1709
1661
2074
1996
2044
1685
1531
1676
1704
1941
2615
1989
2541
1885
1906
2181
2039
2058
2132
2353
2016
2032
2067
2056
2695
2468
2488
2162
2403
2770
2336
2328
2616
2804
2343
2643
2383
2270
2655
2380
2622
2300
2388
2611
2715
2720
2017
2742
2435
2855
2531
2212
1632
1247
1875
1347
1991
1642
1743
1429
1444
1913
1348
1770
1404
1563
1356
1666
1553
1594
1712
1518
1497
1400
1849
1637
1316
1756
1473
1642
1910
1266
1688
2200
1913
2154
1674
1757
1846
1980
2257
2135
2389
2079
1890
2177
1871
2583
2123
2439
1556
1421
1920
1799
1798
2508
1949
1931
1886
1890
2356
2243
2005
2064
2224
2041
1918
2310
2199
2354
2136
2189
1934
2226
1605
1664
1485
1682
1938
1860
2105
1846
2096
1796
1823
2225
2271
2131
2089
2066
2054
1907
2135
1865
2356
2068
2305
1743
1389
1981
2133
2000
2311
1693
1535
1642
1689
1258
1557
1655
1820
1526
1617
144409
1459
1359
1453
1527
1698
2149
2091
2037
1924
2117
2346
2376
1998
2238
1986
2191
2144
1516
1587
1612
1472
1545
1870
1965
2288
2265
2208
2211
2225
2101
2135
2153
2299
2384
2427
2308
1815
1994
2148
2112
2031
1906
2184
1943
2415
2182
2879
1908
1781
1773
1866
1696
1969
1983
2254
1988
1932
2126
1996
2256
2039
2167
2044
2285
2251
1656
1721
1723
1840
2347
1890
2380
1988
2173
2085
2427
2434
2401
2979
2472
2512
2534
2276
2554
2376
2434
1960
1955
2143
2127
2597
2319
2162
2256
1571
2064
2118
2473
2380
2301
2544
2383
3143
1720
1894
2228
2290
2213
2120
2294
2259
1520
1510
1455
1846
2170
2552
2359
2120
2422
2079
2386
2433
2108
2538
1790
1944
2088
1545
1862
1666
2127
2319
2414
2877
2368
2620
2353
2575
1768
2413
2147
2030
2443
2205
2046
1988
2030
2168
2484
2309
1982
2470
2605
2634
