1420
1635
1585
1590
1843
1853
1697
1980
2046
1603
1548
1438
1608
3619
1186
1768
2446
1750
1624
1571
2120
2427
1593
1578
1531
1919
2363
2639
2204
2209
2121
2292
2094
2508
2133
2380
2010
2067
2069
2369
2293
1843
2238
2277
2103
2540
2092
2230
2218
2273
2045
2196
2251
1536
1875
2019
2032
2441
2437
2354
2331
2388
2111
2412
2124
2267
2236
2347
2322
1640
1472
1810
1792
2439
2075
1986
2433
2058
2241
2080
2701
2429
2459
2353
2218
2026
2103
1934
2419
2053
2302
1999
1318
1510
1958
1446
1587
1642
1916
1849
2080
1879
2183
1824
1855
2064
2014
2140
2043
2363
2249
2380
2597
2207
2116
1229
1323
1140
1158
1086
1076
1073
1192
1382
1195
1040
1058
1007
1084
1150
1016
1128
1064
1206
1259
1119
1715
1891
1627
1706
1438
1573
1331
1743
1883
2694
2007
2174
2365
2064
2065
1942
2276
1975
2303
2177
2395
2545
2633
2514
2439
2336
2872
2013
1724
1528
1646
2080
2220
2499
2487
2693
2589
1959
2456
2516
2291
2725
2163
1995
2288
2449
2401
2022
2227
2517
2514
1515
1444
1520
1615
1931
1607
2314
2718
1861
1663
2425
3996
1518
1444
1908
1746
2496
1907
2398
2687
1979
1247
1792
2232
2430
1538
1401
1621
2153
2153
2507
1580
1685
1770
1433
1739
1477
1752
2204
2311
1771
2330
2476
2397
1617
1886
1917
2519
2531
2479
2537
2224
1688
1600
1359
1533
1739
2011
2177
2139
1922
2128
2132
2207
2017
2436
2146
1873
1983
1923
2333
2207
1425
1413
1316
1689
1629
1518
1331
1765
1863
2445
2603
2381
2702
2437
2375
2391
2280
2427
2344
2728
2335
2502
2745
2513
2046
2190
2385
2410
2421
2595
2029
1346
1454
1638
1590
1803
1471
1878
1816
2489
2355
1609
1440
1842
2120
2441
2779
1679
1486
2027
2422
2373
2345
2523
2103
2529
2250
2341
2440
2315
1965
2209
1603
1449
1502
1614
1697
2216
2135
2351
2275
2530
2383
2025
1983
2040
2045
2227
1972
2269
2457
2582
2403
2032
2332
1798
2237
2271
1876
2382
1912
2233
1949
2378
1744
1499
2120
1916
2604
1797
2466
2743
2500
2039
2314
1865
2375
2087
2659
1859
2398
2096
2336
2607
2134
2341
2113
2581
2618
1963
2668
2084
2287
1951
2385
2731
1403
1767
1827
2521
1848
2298
2602
1523
2066
1928
1787
2199
1846
2228
1595
1510
1412
1777
2628
1807
2436
1783
2394
2410
1998
2468
1582
2156
1857
2193
2392
2039
2557
1895
2747
2414
1883
2557
1923
2319
1908
2358
2520
1803
2537
1736
2300
1788
2092
2279
1945
2283
1952
2067
2228
2198
2023
2012
2269
1763
2046
2473
1564
1637
1647
2161
2788
2261
2530
1945
2524
1791
2072
2593
1930
2478
2109
2521
2478
2021
2482
1860
2442
2256
2399
2117
2690
2341
2022
2454
1318
1960
1465
1367
1481
1524
1559
2171
2120
1650
1682
2435
2526
1698
2387
1839
2465
1821
2097
1627
1408
1648
1917
1654
1993
2001
2042
2247
2400
2265
2416
2328
2216
2489
2559
2440
2168
2461
2504
2322
2590
2271
2633
2651
2516
2383
2466
2524
2542
2516
2488
2046
2385
2415
2488
2028
2074
2207
2481
1836
2573
2535
2395
2249
2090
1386
1444
1358
1642
2156
2265
1287
2131
2006
2653
2580
2569
3032
1516
1915
1624
1379
1615
2048
2028
2046
2516
2371
2647
2423
1603
2260
1653
1329
1595
1615
1379
1412
1384
1581
2283
1571
1637
1732
1826
2124
1871
2764
1925
1983
1970
2269
1414
1435
1737
2267
2329
2331
1859
2041
1968
2233
2166
2238
2066
2003
2468
1860
1924
1925
2225
2372
2128
2094
1950
2469
2513
2430
2775
2196
2328
2135
2091
2128
2086
2519
2167
2321
2399
2131
1978
2155
2006
1877
2476
2036
2291
2558
2404
1403
1700
1637
1839
2389
2019
1943
1959
2326
2406
2745
2072
2248
1991
1399
1616
1597
1476
1964
2182
2538
2620
1889
2544
2117
1946
1598
2107
2380
2020
1618
1749
2144
2912
1386
1686
2049
2148
2066
2272
2397
2008
2455
2056
2649
1962
2615
1660
1453
1623
1482
1711
1913
1329
1497
1683
1547
2042
2161
1894
2448
2155
2374
2200
2331
2259
2347
2312
2191
2011
2625
2233
2265
2089
2059
2184
1915
2269
2036
2145
2127
2067
2292
2201
2564
1989
1386
1537
1537
2064
1573
1743
1964
1659
1224
1349
1504
1820
2093
2019
2208
2015
2169
2221
1964
2489
1969
2590
2207
2212
2396
2279
2089
2266
1997
2251
2178
1943
2177
2135
1822
1764
1561
1279
1563
1227
1586
1570
1416
1727
1974
2028
2021
2300
2055
2165
2245
2464
2292
2572
1845
2097
1523
1615
1473
1985
1950
2045
2085
2092
2338
1847
2429
2096
2063
1934
1521
2254
2089
2194
2221
2059
2453
2122
2350
2025
2381
2171
2206
1717
1871
1416
1845
2086
2149
2328
2482
2170
2606
2162
2305
2228
2412
2431
2073
2349
2104
2183
2194
1509
1518
1632
2205
2225
2192
2435
2052
2277
2335
2290
2272
2297
1893
2069
2270
2481
2215
2655
2251
2508
2201
2344
2171
2282
2301
1329
1574
1298
1755
1416
1543
1760
2083
2255
2628
2300
2534
2406
2511
2356
2382
2546
2151
2403
2565
2393
1713
1484
1737
2058
2314
2425
1908
2352
2154
2422
2602
2349
2609
2322
2210
2251
1483
1781
1625
2384
2577
2524
2714
2469
2598
2180
2522
2583
2588
2448
2505
2654
2190
2791
2644
2179
2654
2046
2371
2508
2175
2521
2207
2592
2554
2525
1469
2180
1594
1548
2331
1891
2445
2424
1488
2444
1778
2564
2058
2392
2340
2099
2548
1956
2527
2607
1917
2430
1411
2015
1753
1397
2135
2355
1919
1246
1801
2032
2090
2600
2233
2459
2031
2210
2517
2180
2456
2276
1454
1710
2219
2149
2091
2152
1691
1384
1882
2008
2373
2082
2110
2324
2415
2415
1862
2433
1854
2044
2452
2162
2473
2014
2642
2030
2621
2638
2018
2625
1942
2533
2428
2242
2546
2064
2744
1764
2074
2474
1920
2675
