1442
1687
1631
1480
2032
2381
2134
2592
1792
1511
1514
1398
1790
1912
2083
2317
2425
2242
2144
2346
2299
2155
2317
1915
1973
2280
2270
2351
1658
1424
1438
2201
2162
2708
2050
2623
3118
2173
2202
2693
2502
1971
2258
2239
2059
2446
1905
2212
2111
1733
2200
2138
2111
2082
2277
2107
2039
2247
1901
2324
2217
2181
2303
2150
2018
1880
2357
1932
2189
2165
2067
2207
2115
2322
3884
1788
1551
1454
1582
1751
2292
1836
2208
2568
2003
2521
1469
1744
1433
1672
1823
1485
2101
1500
1516
1522
1522
1727
1507
1626
1277
1644
2043
1978
2451
1949
2098
2169
2034
2133
1972
2511
2067
2308
2272
1949
2490
1858
1345
1848
1486
1511
1671
1733
1358
2037
1692
2096
2568
2084
2147
2087
1719
1673
2250
2537
1979
2366
2028
2446
2231
2180
2448
1997
2043
1980
2267
2419
2307
2550
2223
2614
2040
2663
2790
2537
2511
2065
2444
2363
2561
2439
1721
1969
1951
2202
2212
2270
1748
1467
1625
1287
1659
1978
2131
2292
2203
2321
2384
1850
1706
1806
1474
1564
1749
1439
1446
1428
1745
1473
1841
2166
2398
2080
2715
2237
2480
2201
1943
2533
2238
2516
2261
2604
2327
2604
2644
2138
2483
2225
2287
2496
2292
2584
2172
2653
1837
1218
1718
1766
2466
2323
2562
2199
2031
2702
2192
2654
2470
2483
2216
2455
2353
2340
2278
2154
2370
2097
2768
2458
2295
2647
2228
2402
1740
1304
1372
1646
1574
2177
2073
2538
2446
2449
2171
2365
2067
2597
2457
2860
2549
2101
2446
1741
1434
1729
1716
2082
2577
2239
2522
2309
2499
1821
1486
2154
2018
1667
1313
2027
2311
2008
2521
2521
2558
2277
2156
2203
2062
2355
2308
2340
2348
3183
2133
1801
2037
2433
2190
2493
2482
2241
2649
2444
2523
2646
2253
2568
2061
2972
1433
1523
2059
2308
2348
2427
2372
2566
2144
2531
2393
2287
2497
2264
2289
2017
2371
2379
2215
2597
1839
2660
2436
2625
2774
2505
2696
2120
2584
2625
2396
2570
2258
1915
2745
2556
2574
2292
2604
2279
2597
2454
2203
2444
1858
2481
1813
1432
1802
2208
2596
2358
2007
1643
1693
1944
2209
1603
1598
1482
1408
1542
1929
2044
2058
2533
2229
2415
2005
2746
2329
2096
2454
2446
2202
2236
2575
2521
2477
2497
2283
2393
2249
2166
2515
2307
2602
2010
2413
2559
2125
2410
2221
1798
1509
1593
2152
1814
1975
1879
2310
2147
2547
2128
2375
1925
2105
2126
2054
2456
2077
1482
1335
1597
1617
1365
1347
1390
1440
1667
1392
2043
1295
1377
1316
1342
1470
1266
1752
1631
1368
1685
1485
1578
1586
1181
1461
1453
1615
1347
1615
1360
1317
1545
1250
1614
1509
1237
1647
1359
1670
1555
1373
1427
1227
1174
1310
1591
1535
1301
1636
1290
1489
1163
1369
1650
1411
1611
1257
1695
1718
1339
1570
1348
1623
1374
1413
1638
1222
1614
1379
1565
1640
1337
1192
1205
1467
1931
2036
2538
1753
1332
2154
2236
2477
2468
2254
2858
2153
2604
1868
2105
2590
2217
2601
2223
2549
2528
2158
2456
1864
2553
2327
2512
2460
2151
2578
2057
2626
2523
2111
2306
2250
2135
1944
2183
2360
2128
2378
2116
2228
2354
2016
2625
1935
2562
1790
1589
1309
1478
1520
1929
2179
2356
1453
1558
1636
1654
1399
1707
2364
2050
2235
1914
2306
2137
2339
2025
1995
2496
2061
2686
2419
2384
2445
2326
2613
1856
2552
2309
2465
2166
2266
2345
2355
2442
2378
2254
2145
1958
1733
2246
1639
1618
1525
1430
1756
2165
2470
2226
2406
2545
2282
2462
2137
2536
2126
2616
2220
2644
2572
1729
2430
2171
2344
2433
2393
2453
2429
2307
2341
2285
2382
2372
2299
2438
1889
1695
1629
1444
1805
1969
2205
2152
2645
2319
2354
2261
2354
2695
1785
1490
1841
2514
2186
1979
1815
1685
1435
1538
1604
1458
1424
2022
2106
2299
2008
2044
2103
1604
2045
1985
2249
2453
2698
2091
2340
2386
2381
2389
2565
2128
2574
1912
2659
2359
2061
2203
2482
2337
2172
1861
2100
2022
3170
2365
2154
1510
1491
1831
1636
2468
2032
2347
2058
2120
2469
2052
2616
2430
2635
2879
2210
2558
1935
2399
2136
2555
2270
1941
2744
2034
2526
2580
2606
2233
2014
2758
1674
1500
2023
2018
2440
1685
2026
2594
1527
2211
2006
2384
2626
2255
2595
2138
1432
1566
1702
2473
1561
1565
1541
1585
1736
1715
1540
1420
1650
2161
2713
2133
2325
2066
2163
2068
2717
1884
1973
1939
2459
2067
2707
2018
2475
2625
2152
2565
2209
2287
2436
2122
2625
2178
2643
2213
2480
2597
2088
2282
2196
2456
2554
1670
1452
1505
2247
1948
2126
2311
2310
2368
2195
2334
2312
2248
2391
2006
1504
1939
2627
2738
1996
2266
1917
2520
2495
2408
2366
1967
2334
1986
2230
2327
2020
2155
2097
2189
1906
2469
2426
1832
2469
2038
2500
2515
2035
2545
2240
2581
1860
1483
1547
1169
1738
1631
1450
1843
1911
1826
1754
2169
2025
2125
1940
2233
2315
2309
2481
2058
2553
2566
2016
2533
2086
2676
2680
2200
2627
2360
2434
1836
2503
2659
1799
1743
1296
1980
2069
2148
1931
1925
2319
1906
2538
2267
2239
1472
1530
2000
1845
2355
2475
2178
2385
1935
2425
2358
2238
2443
2179
2705
2439
2143
2541
2120
2583
2173
2534
2051
2312
1838
1695
2338
2335
2445
1935
2596
2481
1985
2473
2272
2584
2161
2051
2566
2123
2519
2026
2496
2020
2667
2574
1544
1527
1344
1530
1377
1614
1506
1735
1814
1414
1694
1436
2158
2137
1953
2273
2149
2645
1979
1977
2479
2009
2585
2101
2393
2170
2588
2458
2140
2631
2116
2489
2026
2353
2409
2265
2324
2202
2550
1749
2434
2710
2178
2642
2100
2582
2098
2114
1663
1497
1869
2418
1573
1465
1514
2025
1877
2575
1976
2547
2018
2322
2328
2204
2340
1976
2069
2100
2632
2734
1721
1875
2142
2431
2688
2222
2503
1825
2774
