1802
1596
1510
1908
1816
2269
1972
2349
2681
1912
1712
1672
1508
1964
1853
1987
2219
2088
2374
2579
2428
2207
2560
1927
2242
2007
2141
2435
1967
2709
1786
2226
2334
2434
2709
2391
2455
1564
1464
2130
2360
1785
1575
1389
1914
2054
2286
2179
2052
2161
2437
2190
2319
2247
2215
2297
2585
1523
1558
1571
2034
2046
2254
2143
2446
2260
2236
2040
2183
1905
2388
2317
2362
1510
2203
2552
2558
2447
2035
2369
1567
2063
2254
1318
1470
1623
1979
2274
2517
2567
2516
2545
1694
2121
1816
1235
1882
2002
2346
1844
2210
1854
2099
2070
1754
1499
1236
1961
1834
2084
2583
2018
2624
2143
2232
1941
2394
2475
1962
2552
2092
2529
1958
2139
2471
2277
2799
2014
2481
2117
1895
1330
1697
1384
1831
1563
1309
2215
1845
1728
2408
2255
2252
2358
2454
2448
2189
2334
2274
2520
2499
2099
1662
1064
1830
2205
2696
2636
2284
1944
1817
1481
1478
1542
2170
2335
2498
1665
1446
1873
2130
1965
1878
2259
2336
1660
1375
1881
2173
2882
2566
2251
2477
1975
2166
2453
2204
1442
1602
1669
1952
2220
2486
1878
2336
1946
2546
1896
2214
1301
1466
1758
2067
2615
2346
2581
2432
2201
2391
2149
2518
2163
2337
2538
1964
3020
1967
2416
2247
2536
2358
2124
2569
2426
1926
1444
2092
2088
1928
2407
2052
2514
2246
2416
1799
3185
1969
1706
2203
1742
2255
2236
2652
2487
2639
2631
1554
1679
2104
2344
2600
2320
2532
2413
2889
1523
1677
1528
1469
1335
1699
1330
1730
1520
1972
1918
2297
1718
1357
2177
2048
2208
2116
2379
2527
2096
2544
2026
2375
2093
2484
2576
2030
2359
2052
2130
2216
1983
2262
2128
2649
1953
2200
1755
1520
1333
1669
2033
2191
2240
2468
1979
2507
1867
2213
1998
2676
2554
1919
2107
1771
2353
1766
2362
2452
2043
2464
1851
1637
1600
2124
2469
1966
2436
2115
2633
1983
2366
2506
2239
2431
2030
2548
1908
2561
2131
2166
2526
2083
2450
2040
1599
2086
2284
2596
2068
2568
1788
1345
1984
2344
2457
2127
3113
1628
2401
2091
2482
2706
1497
1999
2224
2237
2190
2026
2560
2027
2352
2000
2082
2469
2213
2811
2300
2404
2014
1889
2346
1910
2916
2090
2525
2141
2400
2382
1617
2172
1602
1593
1615
2272
2280
2085
2556
2132
2736
1774
2040
2119
1810
2148
2615
2327
2142
2102
2469
2120
2310
2121
1940
1790
1557
2130
2077
1843
1409
1437
1101
1495
1399
1734
1824
1499
1608
1383
1619
2186
1845
1993
2000
2290
2381
2242
2400
1740
1413
1603
1779
2041
1633
1741
1497
1470
1922
2037
1870
2208
2216
2292
1933
2296
1829
1069
2037
1755
2217
1690
1619
2125
2120
2598
2052
2075
2388
1911
2550
2199
2543
1925
2574
2522
2328
2260
1520
1870
1579
1577
2032
1636
2509
1973
2682
1665
1866
1907
1691
1966
2375
2129
2421
2323
2566
1913
2419
2617
2212
2527
2335
2377
2359
2183
2654
2013
2213
2179
1529
1621
1668
1639
1796
2397
2116
2367
3177
2187
2478
2243
2353
2144
2566
2482
2286
2477
2297
2422
2456
2234
2558
1600
1623
1449
2200
2620
1921
2247
1979
2429
1575
1644
1346
1608
1622
1366
1571
1391
1149
1105
1474
1945
1960
2463
2387
1644
1446
1454
1623
1275
1901
2298
2001
2508
2189
2429
2403
2105
2549
2164
2593
2013
2203
2560
1941
2468
1972
2559
2345
2075
1440
1762
2558
1939
2392
2431
2156
2276
2072
2567
2032
2304
2264
2268
2380
2130
2047
2452
1668
1506
1326
1904
1595
1958
2345
2318
2062
2168
1997
1825
2181
2636
2013
2688
2576
2412
2534
1919
2479
2255
2396
2744
2338
2642
2272
2570
1695
1622
1868
1822
2570
2261
2482
2767
2255
2613
2056
2060
1538
1451
2228
1887
3364
1773
2048
2467
2414
2580
2066
2616
1920
1423
1916
1866
2397
2014
2744
2468
2044
2343
2030
2518
2018
2766
2035
1993
2498
1969
2266
2542
2026
2484
2008
2620
1713
1307
1548
2218
2187
1995
2226
2031
2575
2288
2082
2386
2069
2068
2214
2350
2434
2170
2330
2515
1858
1542
1752
2369
2163
2264
2636
2283
2535
2037
2543
2095
2141
2344
2108
2404
2116
2382
2150
2012
2142
2104
2138
2365
2325
2641
1809
1798
1344
1685
1300
1540
1761
1958
1927
3194
1676
1531
1572
1738
2996
2016
2359
1888
1889
2116
1944
2346
1995
2556
1930
2503
2478
2091
2427
2210
2083
2255
2024
2068
2000
2052
2018
1707
2015
2153
2014
2076
2214
2009
2031
2501
1876
2163
1795
1348
2126
2014
2165
2225
2037
2394
2171
2441
2067
2274
2223
2374
2459
1857
2234
1685
2331
2157
1796
1716
1778
2067
1831
1917
2103
2106
2185
2064
2345
2194
2050
2326
2098
2058
1989
2024
2536
1827
1798
2251
1979
2307
1979
2208
1644
1412
1700
1827
2085
1458
1588
1327
1456
1563
1849
1450
1694
1832
1823
2246
2256
2120
2135
2193
2169
2288
1769
2148
2204
1701
2132
1822
2363
2231
2109
2210
2267
2397
2005
2135
1971
2347
2009
2018
2495
1988
2244
2266
2426
1855
2218
2223
2235
2229
1862
1758
1441
1622
1810
1548
1878
1801
1890
1987
2199
2388
2380
1901
2548
1890
2474
2420
1576
1917
2100
2304
1713
2410
2596
2368
2250
1851
2143
2502
2081
2343
2068
2496
1889
2057
2311
2193
2554
2104
2335
2182
2359
2367
1548
1349
1474
1638
1403
1924
1864
1498
1866
2082
2063
1940
1913
2248
2136
2377
1988
2077
2210
2105
1888
2105
2212
2048
2286
2239
2343
2140
2185
2163
1647
1353
1931
2188
2172
2298
1920
2218
2168
2150
2062
2036
2431
1804
2256
1978
2331
2187
2061
1772
1423
1613
2134
2162
2212
2054
2413
1869
2233
2171
1952
2361
1586
2280
2249
1901
2683
1477
1903
2268
2470
2562
2054
2528
2119
2498
1974
2296
2423
2207
2298
1464
1329
1914
1756
2543
2179
2503
1875
1928
2433
2212
1647
1775
1585
