1781
1591
1624
1762
2205
1921
2580
1930
2052
2029
1437
1721
2390
2204
2312
2330
2528
2199
2563
2358
2501
2067
2410
2391
2523
1950
1556
1680
2165
2152
2373
2056
2261
1996
2195
2140
2337
2178
2358
2266
2121
2018
2185
2092
2130
2139
1961
2580
2518
2553
2415
2565
2020
2146
2028
1985
1856
1459
2075
1897
2076
2134
2305
2178
2363
2143
2199
2170
2100
2087
2011
2278
1960
1348
1425
1864
1801
2440
2088
2420
2082
2136
2277
1892
1952
1924
1733
1627
1525
1750
1547
1835
1521
2081
1391
1585
1550
1628
2316
2369
1867
1969
2019
1738
2012
1945
2048
2033
2469
2300
2239
2500
1503
1999
1956
2466
2551
2046
2531
2404
2272
1727
1536
1915
2254
1876
2178
1951
2115
2333
2411
2335
2304
2598
2294
2636
2192
2455
2547
2012
2386
2163
2532
2470
2429
2986
1888
1951
1589
1883
1905
2024
2197
2191
2470
2622
2112
2469
1992
2372
2413
2184
2040
2140
2580
1519
1349
2193
1570
1493
1650
2465
2415
1896
2440
2263
2672
2063
2586
2671
2060
2450
2039
2697
1793
1522
2095
1841
1583
1645
1547
2142
1869
2253
1796
2297
2305
2058
3797
1973
1710
1550
2091
2188
2006
2029
1938
2240
2338
1833
2275
2086
2454
1987
2488
1656
1532
2156
2221
2154
2380
2105
2591
2011
2815
2010
2146
2593
2318
2604
1731
1387
1633
1399
2132
1944
2140
2009
2445
2744
2061
2557
1862
2490
2397
1564
2245
1892
2254
2135
2657
2774
2235
2323
1908
2349
1881
1561
1815
1719
2270
2110
1547
1374
1703
2375
1737
2146
1859
2432
2142
2329
1564
1735
1837
1649
1655
1658
1511
1593
1961
2048
2530
2089
2734
1794
2336
2046
2291
2379
2265
1353
1515
1376
1831
1878
2242
1840
2231
1992
2137
1683
1566
2426
1911
2449
2649
2413
2614
1800
1584
1581
2064
2551
1766
1518
1574
1945
2056
2216
2669
2171
2457
2399
2036
2677
2074
2680
1941
3481
2114
1880
3040
2061
1999
2339
2240
2686
1568
2317
1944
2546
2409
2103
2574
1922
2386
1773
2486
1471
1405
2397
2139
2552
2487
2025
1478
1574
1832
1575
2079
2540
1894
2661
2016
2622
1322
1689
1505
2015
1650
1235
1920
2416
1962
2507
1904
1906
1238
1905
1525
1374
1945
1537
1823
2248
1830
2509
1876
2408
2469
1973
2496
1655
1573
1454
1912
2540
1839
2516
2019
1733
2342
2196
1658
1302
1959
2263
2111
2270
2083
2086
2120
2121
2511
2039
2821
1940
2735
2443
1922
2449
1980
2356
2110
2534
2388
2105
2560
2069
2122
2360
2095
2464
1940
1989
1754
1877
2318
2280
2761
2577
1835
1693
1797
2624
2123
2189
2394
2314
2724
1454
1690
1699
2123
2415
2034
2244
1955
2538
2382
1905
2031
1899
1983
2663
2106
2539
1870
1624
1633
2399
2595
2300
2347
1852
2200
2122
1717
2093
1871
2154
1941
2311
2550
1844
2166
1690
2140
1871
1344
1820
1742
2188
1511
1413
2076
1813
1687
1494
2207
2679
2096
2678
1781
2183
2500
2002
2505
2017
2575
1918
2485
2237
1915
2617
2155
2522
2415
2244
2786
2084
2487
2551
2041
2534
1852
2320
1870
2463
2537
2288
2748
2320
1704
1880
1786
2369
2161
2625
2164
2429
2565
1934
1818
1687
1497
2007
1871
2473
1664
2411
1752
1400
1676
1561
1773
1262
1878
2242
1947
2471
1829
2209
2461
1945
2385
1762
2647
2044
2424
2471
2456
2503
2029
2621
2577
2048
2114
1714
2526
1630
2299
2697
1954
2393
1772
2272
2168
2242
2423
2013
1473
1721
2103
2257
1751
2062
1792
2381
2603
1966
2539
2029
2331
2507
2080
2780
1408
1560
1659
2278
2767
2135
2682
2090
2532
2403
1934
2163
1822
2266
1841
2501
2677
2106
1600
1862
2158
2438
1918
2528
2014
2597
2569
1755
2147
1837
1466
1469
1439
1922
2362
2533
2005
1541
1308
1841
1550
1985
1627
1456
2022
2393
1912
2517
1849
2306
2202
1284
2314
1904
2181
2441
2022
2591
1940
2475
2213
2539
2238
2052
2473
2070
2443
2667
2190
2536
2306
2501
1730
2415
2562
2079
2457
1994
1482
1529
1449
2123
1852
2236
1299
1450
1496
1546
2348
1896
1727
2015
1933
2086
1996
2086
2367
1976
2064
2152
2208
1467
1642
3755
1406
1510
1413
1909
2248
2188
1880
1594
2691
1924
2292
2654
1940
2315
2115
2222
1892
1605
2165
1824
2188
1994
1569
1484
2086
2081
2057
2090
2198
2023
2055
1478
1429
1674
1972
2047
2101
2208
1912
2212
2360
2411
1984
2541
2197
2158
2286
2150
2145
2075
2009
2109
1985
2182
1877
2172
2058
2250
2048
2034
2478
2190
2091
1984
3159
2225
2512
2177
2414
1678
1607
1772
1841
2052
2265
2339
2213
2085
1652
1414
1609
2208
1814
2052
2384
2022
2470
1945
1971
2107
2089
2330
1860
2183
2094
2360
2111
2055
2193
1433
1834
2478
2112
2171
2122
2294
2493
2300
2283
1655
1997
1883
2048
2482
2113
2562
1817
1643
1640
1416
1886
1548
1389
1674
1729
1347
1628
2057
2049
2186
1859
1823
1627
2350
2250
2126
2073
2287
2036
2377
2111
2242
2192
1858
2420
2237
2450
1808
2368
2160
1698
1655
2175
2197
1875
2542
1988
2241
2142
2265
2223
2070
2255
2126
1661
1611
1984
2023
2125
2154
1886
2238
2369
2100
2186
2250
2278
2048
2416
2400
2133
2508
1956
2480
2177
1915
1481
1662
1926
1987
2348
1754
1833
2457
2301
2305
2028
2281
2498
2080
3389
1871
2026
2114
2091
2284
1939
2135
2115
2320
1613
1945
1331
1735
1460
1849
1461
1683
1323
1849
1897
2346
2076
2550
2187
2039
2460
2073
2101
2227
2106
2436
1946
2155
2029
2169
2292
2274
2250
2004
1941
2121
2080
1677
1970
1803
1873
1576
1783
1740
1544
1808
1650
1638
1404
1443
1210
1667
1420
1709
1517
1928
1934
2050
2252
2148
2605
2066
2370
2094
1846
2598
2343
2592
1989
2314
2281
1845
2114
2232
2320
2459
2336
1486
1481
2072
2096
2408
