1555
1608
1622
1414
1449
1464
1468
1624
1608
1339
2063
1845
2411
2494
1939
2528
2034
2430
2285
2389
2451
2415
2039
1637
2063
2201
2267
2513
2172
1670
2041
1908
2633
1349
2161
2004
2416
1474
1938
1246
1522
1717
1739
1520
1316
1939
2380
2011
1576
1864
1471
1661
1957
2381
2398
2338
2388
2483
1689
1436
1800
1568
1547
2000
1324
1687
1963
1821
2096
2176
2598
2399
2436
2691
2332
2426
2312
1730
2227
1956
2389
1996
2560
2330
2262
2370
2575
2254
2331
2311
2503
1996
2618
2144
1768
1340
1523
1412
1779
1519
1659
1727
1625
1426
1618
2088
2022
2199
2180
2622
2004
2718
1755
1724
1922
1902
1926
1562
1697
1918
2326
1519
1508
2174
1938
2587
2535
2275
2361
2542
1891
1958
1785
2514
2014
2328
1948
1876
2296
1972
3129
1975
2685
1780
1239
1779
1992
2319
2208
1861
2289
2190
2597
2076
2294
2263
2154
2299
2258
2149
2133
2243
2428
1883
2338
2194
2258
2393
1894
1799
2015
2078
2136
2236
2255
2356
2275
2337
2442
2398
2566
2132
1934
1991
2241
2092
2205
2231
2464
2385
1732
1563
1536
1801
1771
1830
2136
2154
2441
2328
2320
2788
2162
2752
2347
2303
2340
1792
1938
1619
1622
1963
2155
1740
1423
2292
2157
2295
2001
2194
2293
2183
1952
1924
1933
1684
2086
2861
1798
2097
2127
2456
2409
2420
2124
2417
2324
1586
1636
1472
1903
2178
2232
2307
2149
2176
2139
2499
2338
2461
1797
2234
2129
1953
2567
2337
2556
2324
2534
2770
2434
2564
1892
2180
2369
1977
2734
2143
1542
2026
2312
2158
2201
2498
2282
2497
2741
2416
2059
2220
2197
2408
1791
1584
1667
1551
1390
1749
1950
1748
1621
1577
2052
2332
1856
2415
2329
2379
1941
2620
2454
2297
1910
1443
2079
1689
1478
2171
1817
2547
2012
2471
2656
1787
2162
1761
2190
2377
1956
2358
1912
2021
2624
2149
3087
1921
2476
1906
2579
2697
2415
1458
1393
1640
2138
1900
2095
1556
1933
1748
2072
2195
2301
2600
2520
2337
2673
2156
2657
1835
1972
1807
2333
2179
2015
2272
1735
1986
2542
1905
2247
1975
1909
2597
1985
2909
1971
2437
2165
2460
2303
1875
2331
1900
2169
2343
1558
1937
1720
1529
1738
1524
1485
1320
1873
1897
2094
1820
2307
2475
2072
2316
1971
1973
1704
2159
1807
1678
1303
1588
2221
2304
2240
2281
1843
2450
1907
2122
2095
1928
2232
1909
2176
2128
2359
2214
2091
1835
1911
2115
2153
2288
1901
2262
2102
2325
1684
1569
1983
1945
1758
2056
1885
2119
2111
2070
1999
2358
2399
2098
2304
2128
2226
2054
2296
1916
2085
2102
2005
1670
1835
1952
2026
2049
2287
2155
2140
2221
2029
2294
1470
1718
1770
1600
1360
1972
1855
1873
1925
2181
2222
2535
2837
2077
1474
1836
2387
2411
2379
2657
2295
2660
2011
2654
2045
1936
2215
1963
2483
1698
1726
1915
1892
2763
2061
2270
2000
2617
2761
1832
2485
1521
1403
1144
1128
2050
1990
1903
1777
2427
2448
1919
2342
2210
2530
2363
2326
2497
2063
2743
1495
1617
2024
2159
2583
2233
2748
2088
2684
2341
2336
2626
1943
2439
2078
2455
2534
2106
1640
1769
2609
2546
2406
1435
1372
1650
1183
1207
1070
1448
1239
2144
1338
1428
1208
1487
1228
1129
1426
1029
1736
1695
2125
1775
1405
1558
1585
1177
1382
1626
1905
2284
2050
2037
2061
2184
2365
1609
1934
2205
2101
2222
1778
1707
1795
2026
2014
1927
2595
2195
2645
2142
2170
1816
2231
2016
2043
2203
2211
2488
2394
2258
2150
2196
2453
1864
2110
2385
2284
2092
2050
1995
1945
2376
1549
1573
1595
1652
1825
2511
2136
2696
2049
2416
1991
2262
2033
2060
2416
2305
2303
2133
2084
2326
2131
1920
1562
2225
2154
2028
2034
2225
2127
2612
1987
2041
2108
2156
1920
1993
2521
2149
2052
1805
2198
1850
2127
2150
2332
1486
1668
1406
1546
1369
1661
2150
1954
2288
2025
2419
2032
2108
2216
1937
2168
1499
1747
1615
1887
1993
2282
2275
2350
2309
1964
1774
2020
2105
2124
2156
2294
2256
2068
2252
2243
2273
2082
2440
2235
2546
2240
2730
2458
2426
2279
2376
2819
1501
1685
1617
1730
1503
1857
2270
2325
2017
1923
2066
2081
2403
2381
2502
2415
2181
2403
2416
2537
2362
2518
1969
2156
2039
2279
2440
2082
2528
2315
2332
2536
1996
1954
2209
2195
2477
1706
1773
1399
1802
1964
2393
2257
1724
1599
1490
1286
1729
1808
1507
2407
2247
2388
2507
1879
1869
2350
2504
1845
1575
1930
1557
1600
1199
1768
2229
2105
2571
2026
2408
1894
2619
2479
2105
2333
2306
2469
1986
2266
2629
2084
2595
1973
2411
2411
2474
2678
2445
2526
2400
2092
2376
2158
2552
1959
1541
1523
1826
2088
2394
2291
1996
1733
1996
2148
2096
2245
2066
2129
2154
2082
2143
1946
2071
1952
1825
2141
2045
2495
2296
2281
2301
2299
2045
1974
2138
2013
2373
1880
2976
1819
1636
1509
1973
1319
1547
1412
1699
1341
1380
1605
1772
1528
1398
1873
2047
2067
1673
2280
2085
2503
1637
1696
2496
1700
1568
2181
2117
2462
2301
2605
2082
2150
2505
2156
2379
2568
2332
2457
2104
1764
1828
2013
2252
1944
2554
1927
2458
2241
2443
2461
2073
1808
1871
2052
1924
2563
2226
2647
1431
1322
2029
2331
2172
2301
1823
1305
1643
2089
1924
1875
1944
1316
1787
2257
1782
2510
2070
2266
1983
2456
2128
2425
2120
2146
2567
2754
1538
1330
1855
1768
2504
2012
2266
2320
2531
2565
1982
2024
2198
1484
1685
1694
1648
1431
1228
1732
1401
2059
1897
2464
2153
2718
1529
1916
1719
1932
2473
1543
1566
1590
2224
2153
2213
2541
2056
2578
2627
2523
2149
2045
2369
3280
1951
2648
2046
2602
2263
2246
2449
2176
2508
1730
1871
2483
1984
2281
2215
2259
2250
2349
1190
1464
2090
1541
1361
1569
1977
2312
2239
2489
1915
