1505
1479
1673
2089
1789
2408
1495
1615
2201
2195
2607
1733
2092
2195
2284
2369
2081
2713
2237
2634
1943
2615
2473
2697
2369
1595
1779
1791
1450
2149
2363
2479
2268
2305
2308
2052
2453
2072
1773
2353
2338
1982
1456
2041
1832
2511
2246
2580
2323
1859
1738
1330
1902
2377
2134
2583
2133
2440
2198
2382
2476
2138
2564
2207
2683
2152
2477
2066
2223
2479
2167
2531
1499
1546
2287
1701
2547
1818
2074
1918
1782
2369
2175
2261
1932
2316
2421
2243
2505
1668
2206
2112
1462
1620
1861
1600
1515
1859
1673
1983
2228
2164
1964
2156
1994
2031
2186
2095
2306
2221
1971
2394
2403
2021
2594
1974
2389
1831
2388
2582
2264
1358
1769
2063
2510
1881
2564
1886
2517
2466
1728
2269
2205
2369
1844
1321
1686
1897
1946
1399
1577
1839
1598
1790
1955
2240
2505
2159
2451
2010
2075
1412
1531
1394
1971
1335
1349
2362
2349
2164
2397
2364
1851
2420
2151
2346
2214
2468
1392
1292
2124
1949
1958
2168
2454
2539
2265
1967
2406
2162
2567
2011
2051
2110
1991
2135
2052
1444
1487
1620
1599
1484
1735
1870
2254
2176
2300
2841
2529
2582
1936
2107
2403
2512
2395
2456
2446
2533
2395
2521
2368
2623
2328
2449
3012
1480
1395
1556
1990
2641
2620
2896
2272
2771
2064
2100
2285
1973
1822
1509
2155
1944
2251
2772
1573
1582
1608
1472
1350
1654
1645
1274
1453
1732
1480
1538
1677
2194
2226
2405
2412
2395
2516
2710
2173
1910
2591
2210
2363
2370
1365
1573
1598
1572
2259
1827
2559
2004
2619
2260
2349
2290
1922
2324
1953
2495
2144
1752
2130
1961
2321
2647
1999
1736
2290
2568
1829
2384
2564
1911
2460
2055
2361
2404
2163
1608
1599
1730
1665
1991
2595
2369
2694
2013
2386
2444
2450
2349
1613
1298
1724
1885
2491
2581
2432
1771
2622
2455
2171
2616
2352
2067
1800
2068
2632
2243
2665
2075
2319
3027
1421
1733
1420
1666
1597
1843
2213
2006
2257
2187
2201
2398
2360
2187
1827
1659
1630
1568
1282
1575
1488
1423
1538
1805
2164
1694
1967
1516
1670
2068
2145
2165
2441
2022
2453
2184
2673
2195
2076
2240
1801
2187
2000
2451
1822
1522
2206
2249
2314
2415
1986
2100
2023
2134
1993
1861
2054
2192
2275
2344
2254
2419
2309
2364
2005
2313
2167
2484
1939
2424
1981
1881
2150
2039
1684
1519
1615
1874
1897
2411
2235
2314
2398
2312
2520
1717
1998
2082
2359
1446
1618
1456
1552
1595
1625
1536
1563
1922
1392
1683
1318
1872
1762
2131
1903
1914
1974
1989
2090
1859
1866
2064
2063
2648
1983
3495
2064
2602
2045
1959
2468
1927
1452
1446
1883
2045
1650
1694
1901
2399
2441
2384
2465
2099
2348
2239
1542
1085
1542
2228
2130
2095
1949
1937
2408
2330
2264
2193
2125
2045
2405
2159
2251
1977
1794
1566
1413
1326
1790
1924
2277
2315
2069
2192
2366
1821
2456
2123
2003
1550
1417
1685
1963
2445
1671
2160
2367
2618
2564
1674
1700
1394
1543
1399
1583
1942
2332
1762
1493
1778
1459
1521
1226
2129
2463
2522
2552
2346
2435
2252
2271
2352
2289
2473
2446
2366
2559
2315
2527
2093
2154
2068
2471
2423
2431
2258
1442
1368
1695
2415
2398
2324
2466
1697
1676
1731
1455
1542
1680
1692
1573
2157
2258
2398
2715
2158
2318
2337
1675
1502
1968
2190
2022
2067
2106
1933
2180
2140
1600
1750
1907
2079
2153
2158
2074
2230
2017
2202
2254
3015
2093
1703
2180
1587
1601
1776
2200
2140
2197
2102
2147
2287
1548
1856
2769
1982
1896
2263
2151
1662
1669
2096
1938
2703
2648
2032
2475
2044
2356
2510
1978
2438
1668
2272
2521
2306
2362
2259
1949
2085
2475
2111
1887
2190
2259
2294
2654
2381
2394
2314
1650
1513
1857
1995
2126
2879
2183
2379
1306
1745
1437
1341
1806
1902
2259
2444
2111
1970
1767
2238
2546
1971
2640
1925
2325
2559
1921
2560
2196
2570
2052
2359
2304
2235
2668
2020
2365
2460
1924
2327
1891
2532
1787
2140
2570
1897
2331
1468
1305
2182
2262
2448
2183
2515
1967
2650
1740
1793
2331
1704
1650
1785
1438
1555
1632
2208
2240
2169
2449
2500
2551
2191
2529
2354
2081
2121
2264
2506
2466
2244
2426
2257
2105
2207
1913
2140
2019
2505
2349
2506
2324
1860
2245
2438
1619
1485
1864
2132
2072
2211
1747
2236
1803
1320
2288
1762
2635
2069
2381
2567
2010
2845
2027
2490
2489
1962
1726
1662
1849
1897
1984
2593
2069
2631
1921
2247
1897
2466
2518
2440
2572
1826
2159
1902
2199
2272
1970
2608
2006
2669
2364
1529
1379
1887
2594
1953
2507
2334
1766
1958
1935
2261
1911
2555
2443
1940
1266
1841
1517
1382
1212
1679
1708
1637
1502
1403
2128
2286
2230
1864
2221
1807
2481
1931
2201
2426
1935
2276
2174
2378
1920
2225
2508
2016
2544
1899
2294
2009
1566
1558
1811
2706
2106
2511
1332
1388
2449
2122
2624
2414
2456
2218
2091
2755
2198
2052
2033
2343
2510
2307
2570
2077
2721
2309
2388
2366
2064
2336
2600
2498
2093
2324
2366
2089
2307
1979
2499
1894
2420
2433
2031
2358
1875
2407
2094
1692
1474
1922
2408
2340
2263
1797
1451
1721
1987
2328
1984
2258
2479
2257
2678
2047
2537
2037
1513
1682
1894
2571
1956
2427
1942
2763
2351
2030
2593
2439
2636
1823
2041
2404
2056
2499
1944
2570
2018
2642
2377
2081
2466
2000
2559
1777
1403
1514
1447
2267
1614
1938
2483
2238
2553
2095
2371
1993
2219
2492
2086
2443
1946
2512
1973
2421
2053
1867
2287
1983
2416
1888
2397
2661
2516
2684
1758
2662
2189
2467
2736
2192
2718
1770
2564
2423
1863
1151
1351
1989
1852
2489
1696
1604
1980
1777
1492
1617
2286
1556
1583
1579
1564
1842
1517
1746
2243
2043
2628
1958
2385
1993
2534
2526
2278
2649
2074
2591
2178
2558
2557
1682
1800
2103
