1919
1963
1701
1628
1709
1583
1345
1789
1713
1563
1138
1142
1259
1209
1452
1160
1281
1226
1231
1071
1535
1379
1680
1232
1873
1183
1325
1650
1506
1548
1893
1284
1376
1608
1617
1461
1565
1610
1420
1535
1546
1771
1441
1431
1655
1546
1959
1635
1724
1415
1680
1579
1347
1719
1602
1664
1862
1372
1748
1803
1747
1541
1485
1748
1760
1553
1959
1498
1527
1489
1558
1567
1854
1732
1503
1920
1343
1193
1288
1616
1879
1691
1682
1630
1204
1589
1627
1730
1460
1315
1884
1551
1877
1920
1490
1328
1343
1334
1249
1455
1590
1286
1646
1341
1684
1606
1467
1521
1439
1702
1736
1261
1753
1518
1649
1574
1467
1801
1520
1593
1437
1355
1876
1928
1521
1693
1429
1416
1281
1676
1482
1934
1350
1331
1851
1671
1675
1847
1873
1267
1383
1418
1481
1964
1642
1509
1345
1415
1294
1340
1297
1427
1243
1707
1412
1603
1385
1333
1730
1342
1578
1402
1374
1442
1355
1657
1307
1649
1580
1499
2170
1389
1615
1610
1380
1614
1404
1900
1618
1631
1664
1320
1400
1514
1247
1848
1365
1622
1390
1388
1683
1377
1596
1454
1513
1663
1425
1704
1350
1662
1167
1571
2003
1441
1485
1441
1693
1782
1219
1346
1483
1533
1411
1432
1729
1272
1283
1322
1609
1377
1678
1713
1622
1899
1558
1651
1645
1798
1875
1292
1446
1677
1193
1307
1357
1407
1358
1447
1719
1683
1793
1503
1548
1528
1314
1476
1263
1407
1396
1189
1254
1307
1477
1371
1820
1607
1315
1595
1454
1739
1392
1744
1535
1435
1451
1279
1328
1338
1259
1470
1345
1341
1202
1347
1418
1247
1606
1390
1297
1626
1491
1385
1388
1262
1431
1098
1528
1575
1652
1393
1723
1677
1345
2229
1370
1320
1355
1376
1665
1407
1323
1404
1492
1651
1467
1906
1411
1591
1710
1452
1706
1460
1527
1274
1470
1822
1404
1615
1615
1679
2423
1386
1658
1316
1749
1419
1647
1732
1368
1675
1435
1492
1369
1318
1280
1355
1309
1447
1682
1620
1412
1639
1432
1737
1679
1466
1643
1590
1614
1364
1593
1684
1610
1635
1467
1729
1392
1696
1408
1161
1575
1435
1478
1405
1717
1918
1514
1727
1321
1517
1715
1569
1517
1437
2071
2030
1350
1734
1592
1700
1231
1820
1293
1177
1302
1463
1868
1579
1541
1279
1534
1308
1472
1734
1841
1591
1732
1478
1717
1662
1364
1394
1409
1655
1341
1231
1354
1272
1332
1252
1892
1697
1387
1637
1462
1720
1666
1376
1637
1619
1625
1341
1531
1728
1477
1623
1736
1643
1382
1319
1695
1457
1798
1376
1636
1439
1425
1736
1466
1554
1688
1394
1750
1498
1661
1494
1759
1655
1423
1311
1435
1626
2030
1404
1885
1738
1591
1463
1329
1716
1442
1771
1451
1919
1744
1546
1391
1601
1786
1827
1368
1442
1362
1769
1404
1754
1352
1606
1134
1378
1722
1916
1644
1793
1469
1808
1296
1263
1311
1516
1564
1336
1583
1382
1314
1407
1287
1333
1685
1328
1721
1411
1594
1451
1643
1873
1394
1663
1349
1738
1647
1272
1630
1412
1559
1298
1396
1306
1267
1451
1262
1626
1497
1656
1500
1475
1629
1385
1664
1699
1524
1705
1427
1495
1584
1729
1552
1320
1551
1276
1240
2122
1394
1810
1272
1526
1360
1394
1998
1561
1428
1609
1965
1589
1182
1392
1797
1728
1398
1400
1503
1563
1762
1543
1809
1585
1336
1422
1568
1330
1641
1168
1568
1455
1788
1468
1961
1264
1222
1629
1364
1492
1423
1327
1371
1239
1277
1370
1678
1686
1381
1694
1317
1490
1683
1307
1758
1464
1381
1244
1329
1321
1286
1587
1546
1467
1628
1166
1722
1414
1629
1907
1428
1580
1252
1425
1470
1551
1875
1498
1889
1683
1225
1484
1527
1160
1234
1238
1200
1413
1450
1587
1388
1578
1676
1480
1418
1428
1266
1479
1314
1373
1378
1509
1572
1405
1433
1641
1478
1610
1394
1597
1400
1526
1565
1374
1337
1368
1791
1549
1299
1657
1398
1684
1556
1317
1571
1334
1651
1449
1679
1331
1640
1624
1348
1696
1538
1608
1709
1384
1720
1521
1899
1843
1550
1557
1156
1690
1940
1317
1361
1537
1846
1471
1303
1551
1516
1689
1434
1353
1726
1385
1591
1352
1246
1788
1949
1931
1423
1566
1263
1450
1790
1692
1948
1249
2094
1413
1440
1602
1975
1699
1431
1480
1470
1208
1296
1394
1750
1422
1706
1369
1877
1645
1462
1512
1516
1429
1559
1242
1656
1515
1635
1364
1758
1535
1584
1707
1500
1445
1352
1420
1719
1379
1690
1392
1604
1537
1358
1852
1358
1708
1519
1778
1741
1608
1559
1524
1632
1577
1649
1646
1520
1846
1572
1505
1491
1886
1734
1432
1380
1472
1645
1739
1700
1681
1547
1858
1415
1565
1526
1638
1616
1423
1696
1335
1735
1707
1258
1545
1479
1759
1442
1708
1711
1358
1708
1441
1671
1485
1472
1823
1556
1490
1348
1563
1537
1592
1755
1389
1768
1327
1695
1559
1553
1682
1415
1767
1462
1561
1666
1724
1601
1368
1734
1323
1736
1493
1772
1855
1438
1785
1477
1519
1440
1331
1596
1738
1786
1291
1531
1645
1266
1512
1363
1524
1803
1289
1566
1649
1239
1235
1232
1480
1495
1918
1613
1271
1429
1734
1552
1272
1152
1414
1695
1778
1337
1287
1248
1526
1585
1713
1301
1719
1840
1464
2105
1665
1739
1858
1650
1653
1581
1266
1921
1502
1807
1623
1756
1556
1736
1731
1410
1923
1632
2120
1467
1804
1713
1561
2068
1481
1719
1710
1310
2066
1680
1816
1382
1774
1723
1539
1707
1577
1810
1472
1906
1860
1598
1375
1702
1899
1498
1581
1543
1757
1601
1437
1608
1427
1472
1618
1728
1687
1576
2360
1854
1555
1875
1263
1368
1455
1496
1537
1622
2319
1747
1577
1812
1619
1807
1409
1681
1748
1535
1590
1412
1955
1641
1955
1490
1308
1389
1225
1699
1206
1650
1463
1905
1745
1607
1500
1574
1262
1751
1469
1779
1470
1616
1544
1587
1717
1350
1638
1695
2940
1581
1739
1829
1373
