1315
1272
1483
1784
1800
2023
2083
2076
2291
1911
2478
2022
1603
1682
1803
2413
1889
2606
1974
2569
2052
2400
2004
2145
2204
2137
2927
2231
2141
2513
1605
1358
2008
1474
1523
1955
2562
1999
2625
1822
2111
2199
2432
2058
2216
2450
2259
2489
2553
2424
2664
2052
2722
1873
2369
2475
2175
2501
2386
1647
1288
1940
2449
1829
2565
1965
2002
1475
1605
1653
1399
1300
1567
1709
1708
1236
1984
2396
1893
1682
1692
2149
2659
1972
1835
1892
1957
2226
2184
2455
2151
2522
1706
1476
1268
1294
1388
1795
2299
1649
2066
2123
2048
2083
2019
2092
2037
1540
1683
1790
2133
1802
2526
2525
2136
2499
2359
2436
2450
2143
2550
1871
2388
1786
1756
1375
1465
1935
1929
2474
2614
2112
2122
1704
2382
1860
2581
2300
2292
2424
1455
2049
1961
2427
2361
2005
2413
2171
2303
2416
1831
2420
1844
2160
1524
1611
2090
2042
2582
1695
2563
2153
2551
2482
2181
2640
2204
2540
2532
2000
2504
1886
2024
1771
2515
2518
1961
2431
1958
2228
1991
2377
2134
1963
2261
1937
2352
1862
1416
1183
1693
2535
1953
2578
2454
2219
2281
2446
2362
2359
2586
1524
1545
1386
1820
2479
1771
1796
1888
1926
2142
1888
2206
2318
2214
1890
1808
2107
1527
1437
1528
1720
2096
2073
2114
2256
1871
2183
2016
2176
1983
1912
1919
1732
1910
2064
1939
2427
2190
2146
2062
2031
1765
2094
2244
2058
2310
2311
2568
1461
1681
2387
1905
2121
2025
1979
2145
2134
2392
1735
1647
1802
1473
1557
1704
2149
1927
1944
1942
2024
2036
1964
2020
1384
1311
1600
1855
1900
1915
1985
2164
2074
1895
2191
1911
2245
2053
1956
2081
2159
2083
1978
2215
1885
1621
1816
1675
1628
1506
1488
1403
1474
1793
1789
1991
2132
1876
1840
2018
2036
2219
1726
1452
1674
1699
1983
1896
2075
1904
2121
2147
1926
2040
2037
1883
2123
1909
1803
1775
1480
2091
2025
2093
2006
1971
2105
2348
2158
1908
2180
2181
2406
2158
2085
1443
1620
2061
1532
1663
1692
1525
1332
1655
1609
2073
2406
2490
1684
1714
2801
2300
2437
2532
2580
2690
2690
2524
1951
2531
2208
1584
1983
2079
2389
2518
1581
2220
1893
2335
2414
1999
1998
1910
2644
2209
2315
2365
1866
2447
2018
2532
1617
1517
1676
1620
2278
1909
2135
1941
1730
1924
1643
1918
2491
1496
1629
1591
1875
1669
2031
2219
2188
2391
1954
2121
2626
2001
2425
1963
2071
2500
2256
2342
2103
1641
1973
1498
1749
1360
1663
1687
2276
2544
2073
2729
2171
2382
2166
1450
1508
1832
2483
2343
2757
2394
2271
2451
2327
2163
2486
2341
2737
2069
2787
1918
2556
1625
1428
1540
1564
1316
1619
1430
1525
1578
2049
2476
1825
2028
1703
1607
1807
1599
1651
1669
1758
1797
1638
1839
1737
2080
1791
2255
1652
1680
1705
1489
1517
1761
2117
1898
1790
2045
1643
1651
1497
1957
1673
1324
2059
1502
1907
2064
2167
2093
1979
2430
2637
2530
2734
2544
3368
2080
2484
2228
2306
2558
2412
2921
1551
1797
1733
1483
1753
1470
1705
1296
1537
1996
1999
2828
2253
1422
1315
1864
1649
1363
1790
2057
2100
1456
1796
1715
1450
1947
11234
1541
1656
1762
1607
1986
1505
1756
1741
1302
1471
1376
1215
1503
1497
1420
1400
1606
2045
1587
1414
1766
1365
1394
1912
1510
1415
1664
2046
1755
1954
2572
1654
1815
1458
1699
1414
1330
2306
1713
1836
1838
1417
1304
1702
1446
1441
1539
2015
1403
1565
1803
2187
1932
2197
2368
1988
2476
2091
2401
1552
1581
1857
1855
1704
2380
1416
1569
1796
1416
2928
1921
1660
1617
2091
1933
1692
1937
1487
1409
1878
1685
1592
1413
1262
1563
1389
1394
1732
1366
1347
1078
1869
1407
1450
1682
2047
1513
1884
1730
2487
1916
2635
1761
2579
2888
1952
1330
1506
2146
1901
1369
1846
1604
1786
1542
1891
1613
1633
2074
1675
1603
1540
1615
1728
1350
1656
1610
1638
1759
1749
1679
2331
1534
1313
1673
1630
1441
1859
1581
1485
1767
1619
1663
3476
1949
2202
1777
1734
2077
1640
2052
2098
1296
1539
1425
1717
2099
1923
2553
1933
2524
2548
1955
2287
1964
1464
1591
1503
1676
1407
1729
1573
2021
2220
2572
2411
2076
1662
1495
1621
1863
2277
2290
1600
2149
1844
2531
2100
2538
2374
1955
2787
1947
2412
1445
1565
1522
2122
2206
2065
2169
2075
1946
2247
2045
2188
2268
2411
1799
2213
2482
2054
2020
1865
2028
1989
2036
1945
1734
1584
1590
1604
1674
1619
1457
1882
1697
1502
1371
1638
2169
3714
1707
2027
1773
1536
2664
1371
1196
1465
1316
1239
1225
1838
1512
1651
1869
1866
1687
2087
1333
2205
2477
2508
1616
1670
2295
2067
2368
2125
2231
2050
1841
1803
1821
2020
2022
1253
1624
1685
1841
1367
1267
1764
1518
1919
1642
1588
1574
1581
1784
1830
1562
1558
1392
1707
2047
1353
1539
1804
1770
1576
1866
1627
1535
1698
2280
1582
1456
1209
1642
1477
1195
1598
1411
1521
1338
1557
1489
1736
2181
1314
2078
1786
2697
1341
1714
1481
1635
1606
1314
1701
1495
1337
1531
1911
1592
1587
1621
1178
1884
1269
1343
1467
1344
1860
2255
1868
2306
2087
2089
2150
2244
2202
1693
2628
2250
2454
2551
2315
2556
2516
2475
1963
2317
2134
1702
2002
1132
1557
1216
1167
1631
1561
1276
1761
1274
1596
2003
1568
1906
1645
1460
1558
1719
1520
1665
1436
1469
1729
1416
1684
1515
1698
1778
1885
1797
1936
3081
1192
1345
1239
1479
1779
1793
1321
1599
2133
2159
2405
2305
2219
2606
2323
2040
1994
2386
1832
2246
2415
2035
2252
1584
1366
1370
1708
1481
2474
1830
1710
1581
1637
1749
2000
1817
1855
1931
1254
1470
1846
1408
1289
1669
1734
1161
1849
1538
1395
1420
1875
2357
1607
1912
1618
1982
1764
3459
1604
1402
1946
1349
1217
1377
1740
