1480
1363
1396
1764
1855
2289
2016
2002
1625
1379
1905
2460
2179
2493
2100
2527
2352
1499
1653
1213
1914
2191
1990
2359
2150
2407
2301
2058
2154
2089
2257
1856
2686
1953
2594
2568
2137
2340
2314
2374
2365
2147
2569
1950
1928
1858
1542
1750
1862
2458
1814
2475
2311
1854
2524
1491
1562
1634
2007
2370
2277
2471
2275
2274
2336
1615
1694
1860
2075
2095
2458
2665
1463
1994
2102
2000
2425
2072
2483
2185
2156
1960
2169
3470
1958
2337
1848
2431
1502
1768
2040
2074
2284
1701
1761
1719
1345
2098
1436
1621
1633
1556
1800
1472
1550
1577
2111
2266
2283
1635
1567
2997
2172
2345
2720
2339
2774
2079
2173
2496
1991
2683
2340
2576
2042
2425
2438
2091
2450
2146
2452
2246
2533
2547
2041
2433
1928
2254
2639
1896
1484
2013
2397
2629
2471
3436
1311
1913
2243
2503
1662
1273
1820
2275
2178
2424
2331
2485
1976
2016
2089
2268
2605
2188
1703
1807
2186
2526
2250
2625
2195
2405
2343
2335
2305
2141
1513
1707
1565
1572
1397
1932
1999
2472
2276
2739
2260
2203
1628
1381
2006
1819
2534
2183
2117
1983
1823
1412
1710
2106
2695
2329
2182
1959
2394
2379
2182
2477
2079
2399
2500
2423
2654
2257
2009
2066
2134
2596
2271
2323
2119
2624
2811
2565
2729
2152
2234
1874
2058
2292
2055
2363
2119
1768
1741
1640
2033
2243
2238
2056
2413
2706
2394
2612
1776
1695
1579
2027
2438
2158
2376
1938
2250
2547
2280
2882
1520
2065
2063
2280
2510
2340
2497
2241
2243
2520
2199
2460
2336
1368
1630
1902
1674
1515
1616
2440
2300
2755
2568
2444
1883
2347
2055
2598
2577
2253
2560
2234
2703
2181
2838
1624
1469
2200
2235
2591
2126
2755
2582
2435
2644
2184
2335
2573
2244
2337
1916
2611
2121
2522
2707
2294
2604
1971
2562
2615
2302
2609
2108
2155
1884
2333
2381
2133
2454
2130
1606
1946
1926
2164
1868
2461
2073
2319
2609
2134
2599
1486
2006
2066
1999
2559
1724
2326
1629
2082
1446
1477
1749
2111
2136
2176
2006
2307
2277
2445
2004
2065
2813
2069
2357
2031
2651
2199
2735
2624
1765
2128
2279
2315
2572
2090
2901
2387
2903
1980
2439
2335
2339
2314
2029
2047
2579
2142
1604
1614
2329
2211
2340
2588
2488
2706
2046
2278
1989
2780
2511
1921
2639
2267
2235
2433
2051
2772
2524
2884
2289
2715
2386
2437
3134
2161
2191
2444
2114
2626
1611
2595
1701
1332
1294
1870
2674
2191
2799
2145
2489
2680
2304
2253
2268
1762
1491
1421
1737
1845
2377
2085
1836
1583
1420
2232
1888
2089
1828
2203
2347
2152
2621
2119
2493
1954
2539
2362
2268
1415
1807
1619
1316
1994
2622
2136
2620
1950
2526
2166
2226
2565
2069
2282
2086
2460
2069
2093
2251
2006
2622
2130
1724
1405
1658
1995
1935
2816
1931
2595
2051
2617
2700
2068
2580
2019
2520
2166
2481
2601
2211
2447
2382
2566
1863
2562
2596
1968
2229
2016
2536
1854
2673
2609
1448
1529
1520
2224
1935
2360
2573
2607
2506
2205
2437
2386
2179
2348
2059
1619
1661
2389
1743
2258
1630
1387
2037
2114
2555
2066
2505
2457
2292
2345
2083
2365
2501
2310
1892
1659
2288
1831
1858
1434
1626
1409
1601
1704
1463
1608
2005
1783
1975
1602
1578
1588
2559
2050
1897
2268
2030
2638
2087
2491
2552
2137
1807
1516
1959
1935
2368
2441
2222
2382
2139
2804
2029
2496
2796
2002
2618
2140
2090
1700
2479
2338
1879
2694
1725
2273
1816
2291
2378
2091
2481
2072
2547
1636
1577
1665
1676
2223
1900
2700
2054
2551
2564
2070
2551
2171
2137
2283
2001
1848
1535
1780
1472
1450
2221
2119
2738
2285
2682
2216
2500
2306
2193
2137
2203
2357
2334
2406
2806
1971
2418
2177
2549
2513
2644
2100
1609
1641
1659
2025
2363
2434
2323
1955
2337
1931
2076
2297
2153
2408
1822
2276
2009
2687
2449
2378
1674
1343
1850
1795
2592
2438
2250
2752
2047
2537
2169
2340
2362
2456
2524
2051
2599
2234
2001
2197
2155
2242
2411
2350
2309
2353
2598
2123
2582
2325
2013
1370
2126
2584
2449
2686
2436
2621
2188
2431
2354
2177
2573
2116
2654
2371
2361
1435
1496
1852
1785
2890
2007
2068
2525
2208
2624
2237
2655
2303
2462
2350
2458
2376
2413
2597
2200
1768
1819
1847
1466
1709
2003
2092
2097
2364
2351
2617
2019
2744
2138
2425
2100
2245
2099
1975
2384
2216
2448
2380
2169
2554
2356
2469
1608
1648
1664
2197
2314
1893
2502
2049
2315
2494
2310
2417
2102
2403
2341
2331
2270
2363
2285
2384
2669
2459
2082
2463
2037
2383
2236
2315
2355
1677
1875
1989
2346
2292
2232
2354
2068
2292
2731
1964
2719
1994
1980
2123
2183
1402
1561
1593
1876
1385
2024
1854
2240
2130
2177
2056
2045
2106
2301
1989
2543
2098
2150
2062
2457
1836
2007
1402
1974
1557
1419
2165
2405
2000
2008
2171
2167
2227
2601
2253
2218
2546
2110
2479
2270
1960
2459
2026
2766
2080
2632
1460
1936
1484
1665
1649
1745
2046
1800
2133
2737
2319
2543
2505
2104
2293
2159
2517
1998
2701
1977
1924
2656
1953
2603
1958
2382
2481
2202
2495
2336
2362
2735
1884
1997
2014
2735
2045
2549
2545
2097
2476
2199
2169
2094
2415
2420
1611
1326
1619
1738
1535
1625
1855
1855
2522
2005
2719
1395
1777
2265
2163
2536
2256
2437
2529
1877
1532
1489
1732
2175
2225
2430
2283
2563
1943
2387
2503
2085
2825
1959
2051
2521
2134
2663
2081
2762
2151
2906
2467
2228
2259
2333
2327
2187
2330
2816
2367
1899
1660
1703
2147
2273
2567
2160
2522
1989
2448
2498
2483
1913
2202
2219
2180
2275
2377
2261
2385
2448
2265
2592
2052
2010
2265
2547
2484
1540
1617
1920
2664
2027
2370
2742
1662
2311
2034
2174
2610
2244
1785
1341
1999
1875
2437
2720
1749
1585
1554
2153
2710
