1662
1538
1787
1639
1548
1353
1966
2496
2528
1579
1599
2284
2101
2449
2390
2311
2544
2059
2643
2072
2499
2627
2134
2459
1914
2206
2591
2172
2426
2088
2500
2734
2658
2560
2322
2495
2262
2481
2658
2187
2328
2344
2832
2468
2524
2609
2492
2291
2352
2323
2288
1626
1550
1459
1977
1372
1326
1784
1803
2120
2024
2535
2498
2543
1703
1437
2114
2033
2513
2553
2520
1717
2110
1567
1505
1563
1598
1258
1947
2445
2249
2392
2081
2692
1898
2389
2349
2674
2154
2327
2069
2034
1793
1613
1714
1670
1701
1957
1697
1654
2419
2415
1919
1526
1360
2114
2059
2227
2392
2260
2628
2441
2492
2060
2503
2394
2367
2309
2033
2137
2287
2313
2493
2045
2697
1961
2403
2472
2153
2646
2006
2399
2116
2470
2536
2494
2293
1982
2439
2076
2461
2422
2489
2027
2572
2524
2606
2356
2349
1644
1559
1592
2008
2521
2099
2476
1591
1271
2006
1994
2296
2154
1789
1905
2057
2411
1475
1540
1717
1626
1144
1390
1751
1773
1975
2141
2400
2230
1915
2357
2111
2928
2429
2415
2352
1912
1925
2016
1521
1554
1759
1384
1539
2049
2288
2097
1891
1512
1698
2459
2135
2616
2282
2493
2830
1464
1960
1862
2346
1950
2453
2487
1970
2357
2212
2469
2065
2378
2585
2040
2721
2060
2057
2208
1952
2341
2015
2705
2425
2151
2469
2465
2245
1982
2297
2900
2113
2607
1980
2397
2343
2510
2625
1700
1304
1968
1988
2504
1407
1301
1630
1259
1224
1483
1286
1392
1359
1390
1439
1657
1377
1300
1204
1228
1394
1454
1389
1258
1349
1250
1225
1307
1448
1342
1289
1204
1291
1361
1417
1098
1305
1101
999
1300
1533
1554
1441
1498
1259
1476
1324
1504
1293
1568
1618
1304
1584
1361
1585
1274
1584
1782
1286
1391
1514
1425
1313
1377
1168
1360
1488
1319
1233
1514
1372
1606
1396
1626
1799
1498
1587
1303
1652
1411
1588
1323
1699
1665
1264
1510
1296
1571
1441
1315
1625
1206
1590
1355
1663
1616
1346
1642
1389
1603
1651
1450
1645
1529
1518
1366
1518
1797
1356
1307
1224
1448
1436
1429
1411
1478
1513
1338
1477
1455
1562
1415
1303
1351
1239
1167
1330
1929
1385
1309
1440
1329
1193
1314
1225
1334
1438
1293
1267
1170
1584
1524
1244
1527
1291
1345
1331
1436
1233
1273
1233
1369
1636
1329
1348
1590
1338
1913
1309
1320
1380
1495
1511
1547
1829
1470
1466
1349
1265
1591
1550
1660
1203
1287
1183
1244
1263
1271
1923
1525
1529
1250
1207
1214
1318
1358
1384
1345
1384
1367
1387
1351
1786
1756
2083
1337
1260
1235
1138
1412
1376
1282
1633
1401
1354
1645
1453
1230
1188
1171
1264
1265
1422
1514
1760
1473
1473
1345
1360
1280
1269
1580
1616
1633
1401
1292
1252
1080
1438
1991
1527
1453
1853
1595
1989
1468
1446
1531
1857
1347
1339
1547
1421
1891
1510
1813
1438
1665
1390
1317
1951
1160
1244
1383
1401
1547
1392
1309
1234
1354
1393
1367
1598
1486
1592
1471
1498
1586
1352
1735
1424
1590
1563
1389
1695
1444
1743
1569
1627
1567
1538
1412
1723
1758
1347
1490
1363
1518
1835
1580
1452
2082
1524
1499
1570
1380
1540
1412
1350
1156
1585
1373
1444
1450
1268
1818
1447
1337
1542
1637
1587
1219
1327
1404
1860
1560
1582
1515
1337
1700
1295
1441
1453
1517
1695
1246
1535
1140
1595
1485
1884
1568
1457
1741
1408
1555
1667
1352
1406
1562
1404
1127
1455
1633
1290
1482
1370
1260
2074
1252
1446
1351
1541
1720
1544
1826
1416
1564
1664
1407
1572
1316
1639
1802
1390
1605
1430
1728
1653
1638
1307
1657
1500
1560
1802
1628
1346
1449
1433
1916
1704
1440
1380
1531
1785
1826
1325
1617
1438
1642
1760
1122
1505
1355
1919
1545
1428
1536
1595
1483
1607
1666
1761
1582
1591
1466
1585
1806
1474
1751
1434
1618
1815
1359
1568
1316
1642
1351
1632
1721
1516
1657
1447
1781
1597
1388
1593
1445
1599
1325
1555
1761
1324
1728
1379
1695
1860
1381
1721
1498
1481
1511
1525
1709
1273
1474
1095
1760
1669
1426
1286
1563
1974
1605
1663
1509
1396
1513
1245
1797
1949
1662
1412
1565
1382
1212
1273
1235
1370
1109
1293
1477
1486
1410
1772
1343
1373
1982
1469
1321
1622
1982
1661
1361
1567
1369
1895
1686
1763
1483
1472
1736
1386
1419
1231
1346
1294
1312
1481
1871
1403
1396
1848
2061
1501
1733
1788
1570
1442
1315
1961
1857
1390
1289
1731
1845
1468
1651
1619
1879
1609
1348
1423
1395
1392
1505
1497
1832
1791
1260
1500
1668
1748
1447
1798
1435
1398
2104
1411
1474
1540
1443
1763
1572
1479
1785
1569
1544
1459
1251
1115
1599
1521
1453
1922
1537
1879
1745
1429
1825
1604
1365
1309
1468
1496
1217
1056
1290
1812
1829
1417
1752
1483
1287
1737
1293
1822
1345
1509
1523
1638
1658
1424
1710
1539
1699
1627
1370
1555
1466
1512
1636
1373
1581
1357
1357
1266
1330
1280
1421
1332
1378
1329
1332
1178
1640
1221
1584
1691
1358
1509
1400
1576
1324
1361
1587
1282
1394
1948
1644
1634
1380
1709
1424
1669
1444
1553
1712
1317
1699
1495
1660
1782
1438
1572
1439
1649
1320
1540
1709
1370
1746
1487
1321
1261
1317
1315
1471
1683
1821
1357
1711
1406
1819
1375
1568
1672
1343
1799
1328
1604
1482
1348
1745
1405
1362
1650
1398
1640
1388
1728
1345
1650
1705
1332
1457
1358
1380
1459
1315
1653
1476
1750
1400
1887
1668
1472
1744
1422
1728
1724
1347
1607
1359
1802
1214
1256
1229
1220
1562
1401
1739
1528
1444
1764
1349
1703
1743
1287
1601
1474
1497
1405
1628
1638
1323
1685
1398
1808
1628
1341
1506
1429
1649
1634
1321
1658
1418
1544
1477
1630
1624
1430
1541
1289
1384
1708
1469
1638
1339
1561
1394
1503
1671
1704
1721
1337
1513
1622
1343
1502
1382
1702
1480
1563
1691
