1522
1553
1788
1882
2098
1883
2705
2216
2791
2617
2081
2668
1841
2705
2765
2235
2550
2167
2489
2331
2215
2387
2068
1689
1661
1738
2264
2055
2444
2441
2198
2502
2274
2528
2352
2469
2364
2372
2366
1975
2390
2248
2438
2565
2447
2513
2152
2377
2080
2215
2353
2094
1505
1641
1629
1603
1403
1543
1563
2072
2545
1863
2186
1968
2103
2316
1930
2415
2124
2610
1502
1445
1644
1291
1776
1992
2170
2426
1877
2396
2028
2494
2029
2360
2334
1985
2478
2300
2259
2414
2072
2541
1706
1478
1537
1456
1708
2030
2545
2317
2477
2046
2381
2472
2183
2865
2109
2457
2475
2068
2653
2157
2408
2188
2364
2541
2383
1468
1545
1530
1826
1572
1814
1429
1614
1738
1785
2513
2130
2328
2084
1903
1713
2197
1438
1817
1615
2023
1783
2233
2170
2016
2258
2089
1444
1359
1467
1756
1293
1535
1740
2280
1946
1912
2005
2097
2561
2079
2536
2093
2546
2214
2251
1999
2115
1680
1466
1498
2400
1743
2184
1896
2020
1915
1977
1997
1744
1954
1958
1750
2223
2129
2494
2282
2001
1881
1974
1594
1588
1524
1952
1897
1273
1646
2156
2257
2011
2156
1951
2039
2051
1739
2331
1953
1989
2189
2442
1866
2015
2029
1990
2259
2187
1409
1343
1300
1782
2163
2018
2585
2152
1978
2016
1998
2189
2395
2291
2704
2370
2217
2057
2344
1877
2122
2029
1894
2018
1610
1871
1626
1435
1981
1742
1848
1933
1845
1862
2141
2473
2414
2436
2315
2426
2347
2462
1988
2180
1951
1925
1427
1706
1607
1190
2142
2106
2412
2497
2277
1993
1801
1974
2340
2165
2387
2398
2461
2068
2273
2234
2388
2599
2247
2421
2509
2178
2208
1935
2259
1833
2140
2366
1947
2340
2306
2497
2541
2498
2481
2079
2647
2148
2380
2046
1582
1808
2108
1467
1629
1279
1808
1890
2173
2385
2512
2296
2095
2544
2613
2553
2220
2326
2121
2255
2367
2258
2200
1953
2531
1988
2766
2469
1762
1345
1791
1731
1418
1357
1648
1595
2199
1837
2165
2485
2202
2372
2074
2399
2093
2094
2086
2112
1426
1477
1899
1665
1600
1567
2241
2181
2436
2463
2252
2192
2349
2281
2517
2478
2547
2349
2637
2237
2265
2599
2374
2841
1905
2078
1769
1919
2469
2570
2274
2122
2394
2441
2462
2202
2358
2153
2535
2134
2411
2145
1782
2323
2161
2186
1960
2093
1796
1824
1598
1519
1585
2242
1926
2234
2285
2019
2571
2035
2365
2389
2581
2219
2500
2201
2434
2158
2291
2300
2306
2466
1475
1649
2002
2298
1908
2114
2307
1876
2002
1982
1764
1978
2065
2087
2139
2461
2142
2237
2472
2275
2043
2420
1579
1873
2201
1492
1514
1787
2057
2423
2167
2392
2058
2368
2127
2480
2193
2055
2225
2701
2246
2596
2463
2230
1858
2435
2083
2287
2041
2217
2393
2341
2234
2272
2310
2422
2235
2222
2240
2308
2046
2282
2448
1993
2351
2148
2420
2059
2477
1684
1197
991
1752
1382
1864
2403
1970
2524
2408
2414
2434
2262
2534
2127
2333
2205
2420
2046
2532
1938
2355
1947
1663
1788
1508
1735
1483
1692
2093
2085
1973
2033
2311
2131
1763
2325
2197
2200
2141
2174
2067
2227
2407
2250
2705
1758
1385
1912
2351
1606
1524
1530
2154
2052
2152
2026
2028
1991
2399
1992
1626
1372
1670
1765
2111
2307
2434
1942
1997
2316
2611
2526
2329
2745
2298
2844
2062
2642
2461
2171
2599
2414
2419
2429
2532
2693
2106
2495
1992
2278
1795
2137
1456
1453
1883
1939
1766
1377
1721
2088
1695
1701
1461
1776
2245
1791
2026
2013
2686
2203
2541
2556
2158
2631
1324
1872
1741
1881
1269
1836
1626
1564
1676
1618
1906
2475
1897
2589
2077
2504
1782
2201
2501
2330
2498
2555
2392
2564
2327
1750
1656
1762
2274
1742
1695
1472
2001
2489
2305
2574
2000
2739
1987
2586
2278
1967
1527
1933
2135
2154
2053
2605
2090
2387
2070
2261
2287
2434
2161
1940
2337
2199
2270
2159
2343
2241
2401
2172
2640
2287
2429
2181
2398
2437
2341
2098
2143
2130
2025
2360
1699
1714
1768
1993
2060
2114
2409
2319
2283
2465
2245
2159
1998
2393
2052
2388
1523
2037
2085
2321
2230
2349
2838
2121
2639
2430
2447
2255
2297
2692
2328
2463
2102
2436
2315
2152
2265
2309
2415
2206
2070
2204
1576
1901
1500
2148
1506
1201
1622
1690
2126
2796
3200
1750
1465
1664
1618
1866
1870
2223
2022
2152
2283
1954
1566
1583
1733
2189
1988
2308
1895
1864
2079
1848
2173
2086
2223
1933
1893
2377
2123
2478
2283
2583
2177
2466
2233
2203
2257
2210
2324
2372
2184
1505
1532
1628
1451
1763
2105
2493
2613
2463
1766
2511
2145
2438
1753
2215
1474
1576
1859
2060
1849
1754
1768
1575
1268
1834
2101
2525
2093
2567
2336
2440
2960
2126
2140
2461
2171
2474
2048
2546
2074
2534
2492
2520
1718
1192
1440
1649
1652
1531
1491
2225
2338
1550
1769
1974
2248
2119
2307
2503
2136
2913
1947
2433
2489
2006
2253
2249
2533
2342
2120
2623
2296
2660
2262
2238
2525
2485
2682
2641
2361
2422
2625
2516
2419
2735
1997
1994
2290
2076
2456
2219
2515
2153
2303
1700
1359
1387
1697
2040
2257
2279
2296
2601
2237
2514
2118
2547
1618
2406
2107
2138
2480
2054
1687
1728
1559
1461
1316
1616
1281
1772
1800
2194
2293
2080
2460
2110
2147
2280
2075
2294
1913
2194
2154
2289
2199
2111
1773
1451
2074
2187
1950
1597
1795
2162
2429
2351
2278
2513
2315
2504
2653
2181
2472
1755
2072
2654
2132
2679
2316
2721
2447
2207
2503
2537
2522
2398
2411
2559
2506
2507
2391
2362
2538
2528
2297
2362
2270
2347
2444
1996
2131
2730
1920
2151
2368
2141
2425
1496
1521
2234
2187
2470
1832
2380
2023
2563
1949
2375
1580
1742
1995
2381
2369
2642
2156
2536
2027
2628
2280
2389
2352
2435
2246
2406
2171
2156
2140
2360
1960
2714
2219
2243
2451
