1360
1971
1610
1411
1744
2339
1788
1759
1653
2002
1904
2432
2527
2040
2507
1864
2518
2474
2015
2510
2017
2243
1624
1276
2053
2107
2614
1981
2332
2569
1582
1341
1658
1630
1450
1668
1492
1310
2284
2266
2582
2542
2067
2544
1581
1711
1309
1904
1678
1734
3119
1341
1789
1479
1495
1674
1475
1690
2336
1962
2398
1721
2112
2220
1934
2519
2188
2475
2300
2150
1245
1314
2058
1885
2013
2277
2518
2301
2447
2597
1551
1365
1801
1666
1757
1378
1694
2288
2385
2564
2025
2682
2209
1770
1417
1538
1499
1583
1845
2087
2464
2704
2113
2655
2351
2491
2122
2428
2586
2291
2441
2116
2080
2752
2212
2272
2122
1466
1580
1885
2543
2282
2459
2177
1861
1923
2144
2622
2520
2415
2575
1956
2616
2388
2451
2184
2398
2395
2220
2489
2413
2515
2592
1619
1823
1300
1889
2321
2140
2549
1766
1597
1546
1532
1484
2147
2386
2157
2221
2486
2264
2603
2278
1439
1464
1665
2333
2281
2492
2304
2539
2336
1524
1593
1975
2251
2211
2420
2432
2584
2250
2083
2566
2216
2503
2791
2380
1561
1528
1479
1791
1765
2160
2130
2529
2009
2245
2132
2315
2160
2227
2228
1919
2151
2240
2252
2289
1968
2088
2145
2194
1646
1723
2006
1980
2244
1981
2295
2150
2057
2118
2305
2189
2215
2125
2268
2424
2175
2455
2132
2289
2082
2759
1369
2163
2194
1581
1402
1792
2229
1577
2718
1756
2483
1438
1491
1516
1750
1681
1440
1584
2210
2018
2436
2141
2291
2446
2371
1359
1678
1499
1542
2027
2045
1488
1596
2190
2156
2020
2625
1706
2359
2233
2013
2596
2009
2544
2349
2110
2576
1672
2498
1833
2643
2721
1974
2335
2029
2613
2187
2537
2584
2460
2684
2056
2665
2425
2532
2598
2051
2553
2108
2411
2675
1957
1649
1405
1859
1235
1749
2435
2146
2565
1945
2488
2457
2083
2631
1812
2529
1946
2566
2534
2229
2631
1974
2646
2341
2109
1441
2060
2406
1968
2469
1967
2278
2602
1713
2551
1971
2182
1970
2027
2591
1931
2499
2451
1997
2401
1939
2417
2012
1719
1564
1360
1830
1602
1866
1802
2076
2332
2515
2014
2418
1946
2106
2125
2139
2117
2144
2187
2069
2167
2057
2074
1803
2620
1863
2423
2682
2267
2523
2301
2817
1924
2650
2048
2117
2291
1926
2244
2153
2008
2254
2138
2330
2023
2099
2156
1538
1351
1909
2539
2133
2495
2496
2112
2807
2118
2370
2202
2312
2456
1985
2413
1691
1358
1728
1384
1866
2086
2302
1445
1410
1610
1894
2288
2222
2499
2069
1658
1787
2183
1504
1655
2080
1502
1821
2419
1783
2678
1881
1643
1975
1870
2586
1880
1630
1470
1288
2259
1691
2627
2042
2459
2502
1913
2398
2266
2453
2004
2278
1524
1603
1681
1871
1507
1475
1475
1827
1833
2212
2014
2119
1868
2428
2692
2129
2777
1777
2196
2516
2207
2450
2074
2118
2129
1960
2255
2066
2295
2711
2161
1397
1391
1655
2388
1812
2727
1510
1438
1560
1498
1615
1327
2038
2255
1874
1557
1667
2170
1961
2574
2522
2180
2299
1509
1821
2215
2423
2461
2384
2185
1724
1636
1490
2021
1688
1535
1835
2387
1810
2168
1823
2395
2570
2297
2713
2265
2546
1297
1509
1799
1847
2579
2188
2558
2620
1859
2602
2849
2750
2698
1537
1483
1807
1290
1732
2212
1651
2169
2305
2199
2375
2083
2398
2556
2180
2553
2134
2538
2622
2272
2597
2628
1823
1573
2579
2142
1486
1719
1472
1754
1665
1807
1705
1717
2197
1746
1402
2098
2311
2755
2202
2269
2584
1926
1907
1535
1880
2076
2035
2508
2060
2649
2043
2644
1830
1883
2095
2005
2540
2138
2610
1883
2063
2671
2127
2703
2070
2443
2663
2107
2711
2348
2521
2653
2348
2394
1857
2451
2035
1920
1569
1789
1636
1405
1857
2322
2086
2331
1912
2730
1821
2597
2495
1783
3023
1879
1597
1866
1888
2350
2193
2883
2048
2274
2452
2043
1748
1460
1919
2719
2050
2805
2006
2741
2484
2446
2680
1852
1615
1944
2101
2279
2620
2342
2350
2509
2193
2390
2170
1744
1663
1590
1879
1501
1668
2131
1998
1826
1497
1865
2429
2034
2777
1924
2444
2534
2609
2651
2263
1783
2085
2224
2636
1727
1744
1981
2536
1731
1912
1847
1634
1632
1692
2359
2373
2384
2454
1747
1520
1352
2094
2515
1719
1734
1998
2275
1720
1412
1996
2096
2647
2354
2867
2708
2375
2352
2048
2469
2015
2147
2276
2218
2502
1671
2427
2492
2356
2804
2195
2508
2286
2459
2558
2347
2578
2167
2426
2247
2371
2162
2333
2170
2404
1794
1493
1505
1500
1392
1733
2343
2270
2091
2153
1724
1402
1746
2362
2205
2512
2568
2201
2046
2526
2457
2212
2386
2138
2537
2110
2212
2578
2250
2285
1663
1596
1552
1512
1871
2010
1754
1386
1325
1828
1609
1563
1566
2150
2447
2090
2584
2123
2535
2585
1829
1421
2053
2303
2625
2280
1483
1527
1283
2108
2632
2666
2545
2573
2183
2433
2482
1477
1471
1509
2027
2474
2063
2642
2412
2552
2587
2193
2795
2158
2616
1995
2494
2471
2019
2336
1950
2249
1704
2651
2668
2427
2839
1869
1984
2486
1947
2810
2050
2552
1879
2527
2722
1515
1518
1604
1485
1373
1694
2392
2019
2579
2594
2516
2762
2190
1658
2233
2257
2219
2346
2349
2367
2295
1645
1660
1916
2028
1985
1732
1423
1723
1872
1998
1969
2350
1550
2001
2379
1911
2602
1956
1614
1369
1689
2415
1946
2729
1960
2467
1379
1513
1675
1728
2355
2332
2160
2643
1830
2051
1991
2433
2271
1673
2393
1928
2603
2458
2076
2547
2159
2715
1993
2569
2706
1749
2569
1946
2442
2449
2199
2629
1972
2595
1890
2529
2459
2251
2757
2087
2543
2731
2117
2599
2139
2572
1934
1575
1444
1585
1952
1937
2432
1976
2244
2761
2053
2570
2022
2506
2139
2078
2625
1991
2389
2726
1644
1526
1997
2600
1892
2538
1308
1727
1674
1371
1458
1798
2150
2564
1995
2188
1507
1990
