1426
1474
1824
1561
1447
1537
1538
1358
1136
1453
1435
2026
1261
1670
1839
1631
1865
1182
1187
1149
1563
1504
1867
1693
1099
1089
1459
1695
1297
1164
1068
1576
1600
1477
1430
1732
1993
1959
2256
1614
1365
1176
1781
1596
1753
1814
1956
1857
1997
1943
2128
1958
2215
1934
1441
1543
2293
2007
2401
2193
1638
1657
1993
2133
1741
1958
2296
2286
2496
2277
2566
2574
2034
1521
1682
2062
1430
1658
1582
1666
1477
1451
1346
1346
1438
1386
1438
1599
1475
1343
1686
1172
1300
1277
1488
1634
1615
1474
1604
1370
1443
1352
1167
1328
1156
1270
1269
1229
1197
1322
1362
1197
1485
1242
1312
1491
1172
1533
1211
1222
1366
1129
1357
1329
1144
1578
1249
1420
1316
1181
1336
1304
2238
2550
1406
1599
1650
1690
1597
1512
1378
1472
1787
1449
1612
1548
1635
1728
1570
1548
1883
1657
1122
1525
1304
1516
1316
1649
1622
1168
1288
1138
1619
1413
1344
1295
1545
1381
1584
1737
1436
1543
1338
1623
1805
1358
1220
1246
1203
1370
1326
1198
1600
1293
1536
2054
1783
1695
1735
1705
1285
1370
1520
1594
1627
1722
1451
1456
1798
1407
1388
1507
1778
1872
1790
1583
1542
2104
1656
1508
1755
1788
1265
1632
1374
1848
2033
1256
1366
1625
1493
1952
1522
1361
1867
1569
1913
2425
2083
1472
1514
1413
1246
1404
1506
1824
1470
1504
2144
1388
1503
1521
1475
1210
1265
1482
1929
1719
1386
1625
1703
1384
1731
1377
1208
1834
1737
1585
1978
1595
1298
1364
1708
1392
1675
1625
1505
1152
1621
1682
1645
1778
1478
1670
1350
1492
1443
1920
1839
1447
1669
1809
1945
1827
1997
1904
1516
1746
1879
2275
1552
1818
1670
1725
1623
1909
1739
1445
1574
1471
1826
1683
1908
1839
1520
1911
1563
2003
2087
2005
2756
1360
1617
1759
1646
1674
1680
2093
1443
2344
2483
2298
2607
1947
1658
1484
1758
1616
1626
1346
1748
1772
1745
1867
1603
1809
1165
1275
1209
1251
1233
1141
1493
1635
1331
1148
1703
1122
1236
1553
1735
1405
1411
1488
1388
1291
1487
1556
2373
1808
2160
2500
2224
2410
2190
2552
2733
1976
2124
2030
2207
1586
1417
1531
1656
1725
1648
2083
1829
1769
1577
1830
2018
2247
1849
1651
2098
2436
2157
2516
2227
1335
1796
1788
1907
1690
1823
1809
1848
1564
1446
1640
1515
1929
1694
1733
1982
1647
2170
1890
1894
1935
2023
1331
1599
1609
1421
1663
1422
1809
1490
1466
1883
1799
1524
1344
1907
2010
1652
1853
1368
1753
1422
1649
1423
1316
1715
1431
1831
1597
1470
1425
1353
1645
1540
1648
1658
1427
1852
1506
1649
1835
1723
1732
1594
1559
1239
1158
1589
1329
1454
1708
1687
1597
1581
1156
1609
1178
1862
1690
1922
1854
1429
1212
2194
1250
1711
1589
1407
1686
1519
1744
1606
1441
1627
1352
1678
1585
1764
1453
1372
1809
1581
2066
1832
1615
1549
1755
1734
3128
1463
1537
1556
1407
1718
1596
1714
1514
1861
1534
1490
1916
1407
1800
1759
1401
1754
1671
1727
1905
1808
1953
1851
1745
1725
2091
1809
2092
1525
2070
1988
1121
1529
1453
1383
1694
1195
1343
1439
1098
1289
1185
1282
1245
1434
1284
1918
1225
1319
1432
1390
1306
1217
1116
1303
1400
1512
1701
1751
1564
1647
1497
1696
1733
1420
1236
1469
1639
1312
1839
1274
1442
1387
1309
1474
1216
1298
1190
1295
1461
1279
1372
1135
1161
1155
1594
1745
1581
1962
1702
1885
1611
1903
1585
1471
1374
1633
1516
1460
1683
5809
4680
6468
4724
3439
2841
1593
1487
3439
1411
1268
2438
1543
1334
1277
1594
2069
1769
1515
2055
1244
1382
1835
1836
1974
1842
2053
1994
1941
2080
2378
2713
1489
1811
2423
1925
3092
2023
1718
1675
2060
1672
2069
3220
1779
2684
1325
1249
1908
1289
1492
1833
1400
1248
1728
1232
1327
1354
1217
2031
1282
1477
1368
2046
2889
1596
1275
1949
1344
1254
3106
1239
1252
1904
1349
1439
1757
1386
2799
1095
1215
1738
1459
1412
2137
1770
1749
1801
1756
1623
1706
1680
1840
1448
1575
2801
1641
1694
1927
1629
1756
1513
1671
1686
2029
1610
1489
1537
1831
1656
1572
1862
1339
1555
1678
1388
2034
1163
1254
1499
2401
1750
1942
1482
1175
2227
1252
1409
2794
2077
2299
2394
1473
2217
2528
1588
1237
2002
1368
1899
1827
1277
1726
1445
1469
1513
1841
1686
1654
1539
1381
1595
1224
1254
1549
1350
1429
1142
2113
1736
1189
1206
1129
1134
1852
1181
1130
1283
1120
1098
1639
1117
1250
1163
1238
1424
1370
1402
1686
1390
1960
1689
1353
1394
1395
1404
1895
1404
1475
1957
1556
1571
1491
1434
1383
1534
1636
1714
1438
1911
1657
1606
3703
3212
2519
3283
2399
2874
1413
2055
1557
1272
1260
1205
1629
1421
1336
1284
1431
1846
1642
1365
1342
1655
1348
1543
1422
2113
1531
1482
2310
2563
1683
1505
1564
1991
1790
1767
1139
1159
1382
1590
1623
2292
1600
1376
1413
1369
1590
1330
1334
1588
1167
1556
1438
1353
1484
1614
1746
1428
1753
1617
1659
1468
1834
1970
1321
2431
1600
2723
1604
1348
1940
1693
1825
2248
1346
1563
2193
1313
1743
1984
1571
1307
1335
2000
1565
1276
1283
2942
1149
1151
1971
1315
1465
1180
1436
1950
1179
1208
2323
1310
1183
1618
1278
1871
1456
1581
1730
1719
1681
2287
1756
1532
2953
1522
1776
1255
1536
2118
1556
1750
3578
1611
1907
2800
1479
1674
3173
1775
1709
1159
1706
2100
1404
1681
2420
1315
1583
2100
1564
1594
1908
1574
1659
1453
1370
1509
1744
1329
1564
1333
1131
1927
1604
1722
1987
1889
1823
1510
1467
1714
1466
1487
1616
1772
1683
1604
1157
1601
1433
1464
1610
1552
1331
1403
1206
1087
1394
1220
1163
1348
1304
1462
1251
1386
1195
1281
1341
1281
1503
1570
1191
1224
1774
1471
1371
1335
1401
1819
