1638
1590
1616
1491
1961
1987
1860
2308
2482
2037
2727
2100
2459
1883
2304
2499
2099
2457
1946
2593
1760
1548
2145
2144
2400
1992
2486
2571
2078
2656
1976
2306
2096
2497
1790
1812
2349
1821
2454
2450
1874
2516
2022
2270
1821
1618
1349
1666
2169
2306
2318
2330
2314
2309
1767
2464
2157
2420
2438
2189
2694
2092
2603
2494
2562
2600
2070
2566
1700
1580
1540
1596
1859
1784
2564
1874
2281
2426
1886
2234
1842
2488
2423
1890
2422
2002
2256
1912
2502
2136
2147
1745
1828
1764
1865
1284
1906
1701
2386
2036
1861
2587
2089
2607
1919
2548
2010
2342
2521
2178
2538
1961
2731
2228
1572
1401
1681
1757
1456
1607
1741
2118
2470
1973
2141
2008
2130
2425
2135
1746
1393
2078
3167
1983
2334
1775
2490
1988
2795
1707
1312
1749
2119
2453
1972
1750
1235
1537
1873
2064
2653
2099
2601
1999
1508
2167
1972
2244
1912
2589
2014
1836
1594
1483
2378
1829
2556
2406
2141
2530
2192
2221
2081
2466
2656
2222
2520
1965
2508
2056
2348
2051
2249
2723
2184
2608
1641
1914
1680
1651
1778
1532
1930
2354
1885
2437
1995
2138
2075
2230
2263
1915
2410
1581
1402
1660
1358
1617
1508
1887
2122
2358
2255
2416
2568
2011
2422
1470
1721
1702
1930
2237
1992
2262
1768
1947
2019
2127
2341
2298
2189
2351
2170
1942
1478
1727
2077
2653
2314
2416
2712
2300
2819
2207
2636
1744
2407
2595
2294
1545
1530
1572
1894
2343
2248
1897
2397
2142
2833
2264
2256
2242
2160
2152
2040
2475
2106
2699
2529
2563
2539
2311
2450
1968
2370
2666
1790
2575
1932
2385
1331
1823
1610
1848
2541
2054
2488
2651
2277
2828
1972
2559
2010
2624
2834
2015
2788
2036
2696
1964
2245
2121
2061
2491
1998
2431
2317
2342
2712
1808
2430
1952
2498
1869
2436
2519
2038
2584
2464
2268
2534
2183
2392
1957
2325
2717
2008
1616
1401
1798
1624
2091
2481
1863
2422
2643
1955
2344
1848
2458
2596
1890
2398
2114
2253
2409
2231
2504
1949
2221
1916
1716
2379
1532
2596
2350
1789
2418
1827
2272
1535
2055
2162
1664
1702
1737
2423
2388
2069
2588
2141
2388
2662
2288
1746
1273
1386
2049
2214
2359
2328
2485
2269
2112
2633
2064
2592
2253
2055
2331
2161
2523
1986
1753
1339
1596
1748
1440
1511
1781
1528
1735
2129
2423
1920
1522
1810
2111
2431
2050
2203
2551
1542
2384
2282
2418
2222
2328
2610
2193
2654
1524
1473
1622
1925
2357
1970
2638
1961
2408
2511
2339
2466
2107
2416
2639
2079
2792
2171
2035
2548
2007
2457
2166
2676
2071
2655
2649
2074
1321
1625
1951
2336
2090
2721
2079
2296
2727
2309
2806
2059
2201
1669
1965
2305
1937
2174
2737
1677
1562
1394
1833
1999
2165
1869
2045
2028
2295
2210
2301
2109
2485
1356
1321
1521
1418
1542
1513
1635
1520
1795
1950
1640
1773
1521
1617
1847
1885
2470
2047
2286
2156
2550
1663
1332
1746
1955
2490
2107
2420
2486
2311
2608
2185
2502
1403
1556
1419
2237
2591
2276
2606
2029
2440
2620
2020
2588
2014
2484
2361
2256
2581
2011
2571
1930
2500
2519
2175
2460
1840
1900
2163
2070
2586
1992
2254
2447
2016
2579
1687
2385
1767
1890
1634
1367
1797
1489
1942
2230
1960
2632
1952
1401
1266
1652
2545
2097
2726
2042
2291
2350
1404
1708
2181
2718
2233
2793
2426
2214
2394
2015
1542
1613
1959
2270
2035
2271
2004
2332
2654
2096
2641
2305
2559
2121
2328
2700
1991
2474
2112
2391
2199
2184
2489
1998
2541
2634
2219
2730
1699
1554
1865
2202
2385
1958
2570
2068
2627
2044
2439
2353
2181
2413
1889
2099
2346
1996
2346
1892
2263
1985
2235
1690
1753
1990
1452
1932
2335
1742
2096
1892
1525
1745
2137
2361
2196
2241
2036
1611
1524
1709
2271
1955
2517
1694
2299
1492
1719
1710
1764
1829
1879
1708
1867
1913
2266
2356
2035
2692
1945
2525
2284
2602
2483
1597
1588
1582
1376
1408
1795
1836
1913
1648
1659
2242
2412
2101
1947
1898
2235
2609
1922
2414
2095
2520
1940
2128
2611
2062
2549
1904
2437
2476
2137
1317
1478
1537
1787
2235
2412
1801
1523
1818
1969
2383
1912
2171
2042
2433
2431
2223
2371
2255
2410
2257
1635
2036
2166
2355
1979
2411
2429
1974
2697
1958
2557
2069
2698
2747
1798
2210
1834
1831
2136
2065
2134
2421
2183
2431
2063
2372
1665
1630
1235
2038
2162
2295
2450
2008
2250
2286
1983
1485
1922
1617
1545
1387
1805
1940
1328
1540
2002
2392
2158
2456
2278
1935
1756
2229
2677
1716
2132
2125
1981
1889
1912
2388
1661
2048
2171
2338
1753
1994
1916
2081
2074
2090
2256
2498
1446
1644
1697
2504
2074
2154
2456
2241
2588
2322
2505
2770
1732
2462
1883
2141
2569
2203
2678
2276
2571
2011
2596
2503
2061
2605
1525
2374
2408
2240
2492
1971
2263
1944
1872
2033
1996
2213
2071
1976
2270
2113
2267
1720
1915
1821
1830
1443
2183
2144
1995
1901
2199
1961
1865
2041
2009
2164
2044
2381
1688
2193
1946
1803
2332
2001
2368
1995
2648
2535
2326
2492
2381
1790
2084
2123
2239
2160
2602
2043
2421
2591
1970
2537
2248
2518
2464
2238
2269
2111
2135
2084
2221
1632
1615
1767
1870
2536
2182
2208
2264
1733
2185
1863
2743
2512
1957
2617
1934
2277
2631
1565
1948
1898
2665
2129
2304
2662
1637
2412
2066
2272
2517
2351
2223
1780
2071
1545
1841
1203
1435
2219
1866
2465
2629
1915
2707
1902
2795
1947
1905
1563
1530
2029
1757
2442
2476
2205
2492
1831
2761
2481
2198
2647
1706
1565
1487
1913
1410
1743
1408
1841
1898
1459
2305
1773
1566
1712
1822
1470
1923
1851
2259
1818
2529
2221
2466
2489
2156
2520
2357
2490
1958
2188
1661
1981
2416
1972
1652
1386
1661
2396
2114
2352
1968
2409
2533
2345
2527
2077
2651
