1449
1172
1686
1743
1637
2024
1382
1782
1671
1617
1413
1726
1351
1677
1680
1751
1909
2056
2102
1596
1686
1876
1503
2046
1756
2250
2010
2486
2013
1692
1366
1653
1455
1681
1803
1406
1684
1421
1617
1721
1560
2231
1602
1846
1450
1528
1493
1476
1382
1615
1604
1304
1598
1535
1500
1553
1118
1741
1290
1793
1438
1710
1491
1552
1458
2048
1509
1696
2164
1427
1901
1953
2049
1923
1990
1485
2109
1829
1594
2180
1771
1491
1444
1627
1653
1816
1820
2504
1949
2063
1529
1415
2116
1798
1482
1685
1603
1425
1469
1454
1704
1216
1554
1978
1778
1595
1998
1616
2014
2106
1958
1998
2099
1714
1842
1575
1584
2218
1481
1470
1402
1776
1443
1228
1545
1317
1899
1502
1353
1592
1284
1525
1903
2356
1567
1601
1993
1645
1673
1637
1905
1504
1728
1515
1412
1662
1686
1344
1613
1562
1423
1484
1112
1412
1992
1350
1493
2250
1490
1584
1391
1461
1277
1427
1409
1726
1416
1525
1393
1634
1889
1412
1715
1363
1791
1629
1983
1569
1541
1902
1952
1631
1519
2296
1692
1825
1375
1504
1374
1987
1692
1644
1210
1581
1914
2208
1472
1887
1362
1683
1369
1420
1698
1354
1727
1413
1936
1485
1788
1363
1797
1851
1913
2147
1900
2185
1657
1659
1859
1773
1601
1239
1372
1950
1391
1681
2064
1417
1334
1714
1481
1947
1496
1492
1324
1295
1617
1949
2272
1933
2266
1676
2001
2194
1699
2230
1637
2079
1812
1720
1334
1808
1305
1209
1346
1404
1382
1120
1216
1644
1414
1626
2320
1746
1401
1992
1609
1805
2644
2054
2062
1602
1676
1772
1529
1417
1804
1652
1408
1402
1542
1489
1714
1962
1836
1999
1780
2228
2194
2115
2309
1713
2275
1910
2630
2481
2313
1868
1465
1706
1539
1861
1457
1462
1808
1416
1540
1819
2064
1793
1385
1527
1650
1857
1447
1378
1683
1480
1845
1411
1741
1629
1842
1797
1570
1276
1239
1145
1167
1605
1115
1095
1476
1387
2092
1446
2036
1661
1687
1804
1951
1416
1496
1748
1651
1674
1407
1608
2198
1450
1421
1772
1428
1825
2527
1851
1689
1806
1430
1837
1642
1402
1624
1592
1574
1796
1552
2709
1399
1445
1929
1356
1358
1884
1561
1537
1610
1347
1738
2162
1562
1867
1958
1579
1859
1561
1691
2051
1538
1781
1664
1341
1653
1653
1462
1628
1416
1279
1534
1395
1487
1889
1640
1980
1652
1718
1660
1335
1647
1841
1928
1715
1567
1416
1639
1771
2094
1751
1618
1382
1923
1208
1481
1314
1436
1899
1773
1367
1460
1692
1726
1490
1615
1325
1334
1716
1593
1548
2061
2067
1982
3780
1922
1799
2117
2366
2184
2469
2234
2190
2424
2018
1987
1768
1871
2064
1801
1539
1346
1630
2181
1435
1830
1619
1987
2100
1432
1514
1364
1903
1415
1772
1755
1442
1359
1661
2097
1574
1586
1398
1569
1811
1540
1171
1396
1335
1940
1994
1133
1451
1223
1502
1531
1709
1641
1604
1831
1480
2250
1520
1617
1673
1968
1901
1734
2036
1662
2033
2324
1959
2106
1898
1654
1647
1628
1762
1458
1821
1202
1508
1695
1624
2083
1763
1736
1622
1750
1480
1689
1367
1837
1825
1336
2086
1825
1645
1519
1388
1620
1715
1968
1656
1642
1862
1471
1260
1465
1156
1645
1742
1740
1419
1714
1403
1631
1844
1202
1963
1602
1819
1408
1353
1837
1388
1301
1414
1395
1733
1429
1332
2022
2004
1771
2086
1559
1758
1936
1867
2213
1592
2037
2014
2011
1626
1963
2215
1493
2424
1175
1203
2268
1226
1175
1137
1158
1521
1838
1318
1946
1647
1515
2187
1736
1295
1119
1304
1517
1530
1536
2167
1613
1282
1998
1589
1807
1645
1731
1616
1562
1536
1632
1704
1978
1807
1552
1510
1618
1547
1317
1515
1966
1651
1786
1386
1636
1588
1385
1735
1678
1944
1549
2362
1857
2453
1173
1274
1765
1436
1474
1587
1349
2016
1369
1859
1377
1350
1503
1543
1726
1676
1535
1298
1280
1193
1393
1338
1183
1505
1279
1613
2047
1566
1554
1766
1408
1481
1479
1201
1373
1308
2730
2640
1538
1323
1896
1410
1775
1553
1132
1564
1433
1565
1540
1434
1611
1592
1587
1478
1508
1814
1407
1533
1503
1454
1258
1487
1524
1205
1471
1565
1793
1699
1527
1233
1275
1163
1408
1465
1641
1377
1446
1714
1697
1455
1368
1411
1561
2017
1639
1595
1895
1817
1316
1451
1474
1233
1828
1497
1468
1692
1654
1521
1660
1866
1809
2020
2332
1974
2100
1846
2563
2022
2763
2041
2632
1612
1866
1615
1491
1619
1391
1818
1471
1758
1959
1453
1357
1406
1597
1542
2240
1600
2314
1372
2080
2416
1281
1377
2511
1374
1489
1262
1322
1501
1431
1324
2280
1576
1645
2529
1639
1388
1553
1716
1182
1428
1542
2102
1884
1182
2142
1591
1619
1743
2209
1546
1447
1779
1353
1381
1205
1874
1633
1379
1304
1526
1487
1297
1450
1687
1360
1210
1675
1791
1386
1732
1533
1299
1658
1578
1824
1606
1892
2035
2436
1760
1999
1511
1389
1650
1357
2516
1640
2013
1339
1331
1515
1896
1529
1578
1567
1832
2094
1137
1255
1256
1670
1733
1655
1484
1542
2198
1738
1577
1493
1466
1729
1605
2005
1359
1217
1668
1392
1442
1789
1250
1422
1500
1747
1622
1697
1571
1768
1738
1437
1538
1547
1372
1402
1522
1434
1450
1256
1571
1673
1163
1487
1435
1570
1666
1695
1641
1904
1362
1694
1784
1858
1569
1482
1514
1663
1459
1477
1463
1345
1623
1854
1599
1688
1454
1538
1483
1314
1306
1301
1832
1278
1425
1315
1149
1096
1444
1447
1655
1788
1619
1968
1288
1430
1385
1407
1565
1386
1323
1584
1299
1584
1950
1427
1336
1413
1511
1356
1137
1159
1485
1431
1629
1359
1459
1870
2013
1475
1734
1463
1701
1641
1464
1819
1510
1711
1466
1530
1773
1586
2370
1769
1508
1323
2651
1236
1529
1485
1312
1552
1499
1324
1654
1472
1525
1962
1384
1527
2327
1556
1453
1498
1657
1685
1428
