2147
1570
1556
1766
2049
1960
2400
2130
2431
2475
2479
2191
1663
1970
2059
2063
2522
2236
2487
2201
1562
1330
1566
1460
1398
2090
2018
2350
2366
1852
2592
2376
2474
2525
2386
2616
2482
2664
2495
2253
2393
1954
2144
1910
2352
1908
1643
1537
1318
1260
1197
1396
1436
1263
1711
1412
1600
1874
2026
1823
1963
1954
1787
1980
2280
2561
2335
2396
1637
1588
1699
2010
2343
2307
2502
2330
2506
1160
1675
1565
1882
2051
1728
2461
2580
2302
2626
2022
2637
2795
2006
2822
1994
1526
1869
1553
1460
1793
2316
1953
2279
1876
1979
1781
1504
1590
1921
1927
2523
2051
1501
1740
1497
1760
1358
1464
1336
1453
1786
2277
2361
2242
2619
2125
2670
2590
2701
2196
2587
2291
2651
2441
2656
2376
2650
2227
2335
2257
2292
2209
2139
2103
2091
2379
2633
2480
2514
2199
2222
2263
1665
2300
1824
1891
1914
2488
2503
2442
2702
1658
1348
1389
1516
1855
1699
2077
1662
2182
2161
1852
2015
1761
1997
1402
2100
2448
2012
2278
1499
1578
1861
2164
2656
2301
2015
2139
1618
1417
1857
1682
1605
2061
2291
2170
2769
2442
2600
2684
1763
2073
1969
2528
2367
2468
2398
1457
1463
1775
2287
1947
1438
1506
1888
2307
2437
2590
2479
2513
2625
2544
1686
1446
2682
1634
1594
1765
2105
1613
1689
1391
1789
1475
1718
1701
1524
1643
1703
1626
1407
1707
1448
1454
1450
1743
1296
1315
2076
1358
1670
2374
2329
2362
2563
2427
2583
2116
2148
1729
1375
2119
2021
2036
2236
2050
2262
2216
2302
2254
2495
2393
1825
1550
1754
1463
1594
1777
2160
2036
1893
1888
1394
1950
2041
2364
2404
2346
2472
2185
2430
2060
2248
1331
2009
2338
2017
2049
2154
2296
1614
1471
1716
1720
1548
1456
1616
1531
1232
2332
1916
2692
1855
1897
2035
1778
1460
1788
1973
2348
1992
1979
2246
2246
2095
2148
2215
1998
2128
1940
2005
2206
2278
2486
2134
2371
2310
2269
1981
2312
1857
2069
2206
2547
2322
2337
2271
1797
2075
1734
2438
3823
2587
1633
1508
1607
2220
2556
1937
2184
2210
2005
2328
1908
2305
2403
2004
2061
1981
1437
1323
1697
1879
1820
1829
1529
1830
2213
2288
2493
2132
2336
2441
2303
2503
1923
2258
1800
2024
1946
1846
2469
1822
1688
1441
1829
1469
1504
1463
2056
2243
1590
1352
1936
1685
2629
2510
1969
1997
1859
1952
2518
2040
2343
1885
2322
2430
2273
2386
2269
2502
2055
2550
2392
2007
2603
2145
3018
1919
2017
2274
2021
2090
2252
2501
2453
2236
2487
2249
2303
2501
2235
2457
2061
2257
2594
2228
2808
1764
1364
1775
2163
2204
2225
2392
2484
2085
2518
2054
2235
2298
2175
2138
1663
1890
1700
1360
2231
1326
2306
2425
2496
2598
2563
2594
2455
2488
1776
2323
2401
2490
2697
2465
2452
1539
1884
2068
2050
2311
2371
2604
2416
2589
2666
2400
1512
1779
2436
2292
2436
2067
2571
2999
2045
2866
2400
2643
1882
2539
2482
2057
2605
2092
2741
2233
1972
2187
1761
2238
1888
2184
2577
2059
2505
2215
2347
2222
2384
2262
2558
2465
2118
1848
2046
1931
2336
2569
2442
1976
2513
1450
1718
1496
1602
1792
2286
1756
2367
2359
2508
2314
2315
2317
2331
2359
1571
1397
1761
1525
1634
1379
1822
1989
1738
2405
1794
2258
2103
2256
1916
2059
1968
2288
2295
2117
2449
1499
1974
1542
1508
1469
1562
1713
1731
1396
1632
1965
2511
2070
1536
1551
1881
2431
2289
2441
2447
2300
2548
2376
2288
2172
1978
2062
2061
2378
2039
2227
2156
2667
2363
2423
2300
2505
2526
2056
1634
1399
1490
1674
1565
1607
1660
1645
1280
1478
1611
1481
1641
1708
1482
1530
1760
2216
1821
2543
1705
1423
1421
1634
2041
1896
2251
1924
1932
2233
2215
2652
1358
1934
2459
1990
1781
1654
1497
1476
2071
2207
2188
2474
2211
2709
2233
2130
2474
1629
2337
1966
2542
1437
1438
1764
2000
1385
1731
1577
1486
1428
1729
2177
2408
2145
2547
2453
1887
1467
1658
2135
1972
2533
2341
2377
2231
1401
1735
1996
2555
2386
2013
2486
2137
2535
2085
2157
2339
2474
2655
2389
2229
1937
1540
1506
2155
2293
2008
2352
2723
1996
2508
2100
2631
1945
2438
2271
2107
2557
1957
2388
1921
1931
1931
1580
1367
1632
1965
2175
2164
2513
2180
2580
1989
2443
1970
2188
2466
2218
2307
1950
1771
1525
1830
1356
1707
1468
1861
1750
2269
1513
1544
1607
1645
1587
1376
1928
1598
2101
1972
2536
2169
2614
2387
2024
2597
1941
1971
1889
2393
2541
1478
1521
1600
1195
1889
1943
2481
1982
2589
2041
2450
2474
2368
2476
2260
2362
2020
2386
2105
2406
2570
2148
2895
2582
2264
2469
2098
2458
1905
2687
2524
1730
1764
2053
2475
2712
2123
1838
2131
2383
1469
1637
1766
1851
2467
2626
2207
2200
1660
1438
2006
1785
2310
2186
2260
2404
2354
2700
2172
2561
2538
2510
2628
2177
1669
1545
1588
2245
2184
1988
1984
2248
2649
1998
2280
1783
1422
1583
1288
1622
1749
1133
1939
2348
1619
1647
1514
1468
1485
1936
2029
2124
2141
2144
2213
1528
1766
1865
2065
2415
2391
2620
2214
2435
2456
2518
2844
2165
2744
2108
2639
2266
1492
2131
1983
2627
2360
4225
2229
2095
1271
1288
2092
2637
2492
2727
2156
2679
2654
2045
2551
2524
2240
2756
2239
2385
2410
2614
2512
2624
2621
1539
1559
1828
2110
2550
2596
1926
1948
2154
2307
2484
2283
2358
2402
2346
2377
1384
1620
2532
2308
2025
2527
2178
2413
2067
2665
1782
1476
1988
1752
2614
1996
2426
1411
1703
1427
1453
1273
1153
1816
2232
2318
2242
1862
2304
2393
2224
1822
1450
1839
1954
1921
2137
1799
2296
1875
2028
2049
2212
1586
1857
2132
1871
1837
2208
1752
2190
1988
2404
2628
2499
2483
2381
2097
2469
2275
2490
2108
2630
2071
2320
2396
1474
1294
