1562
1639
1607
1566
1784
1821
2284
1952
2441
2386
2179
2241
1688
1522
1396
1544
1662
1917
2351
1772
2502
2451
2153
2424
1998
2316
2423
1713
2263
1925
2310
2114
3002
2517
2146
2392
1880
2109
2349
1990
2591
2247
2338
2385
2075
2087
2085
1352
1512
1167
1665
1555
1841
1999
2129
2485
1966
2528
1807
2713
2453
1425
1395
1565
1293
1734
2120
2349
2378
2475
2115
2449
2084
2029
2323
1997
2544
2108
2385
2587
1397
1502
1891
2181
2163
2571
2281
2390
2321
2464
2283
2668
2123
2613
1747
1480
1469
1611
2412
2250
2570
1464
1684
1531
1954
2619
1682
1962
1565
1284
1716
1994
2099
2183
2110
2043
1989
1884
1532
1824
2229
1984
2150
2457
2422
2538
2362
2510
2469
2462
2327
2420
2570
2299
2362
2341
2482
2794
1924
2389
2335
2517
1572
1466
1896
1647
1619
1467
1911
1501
1593
1687
1768
1413
1737
1781
2278
2132
2389
2525
2254
2605
1913
2511
2004
2115
2488
1951
2625
2165
2127
2687
1504
1453
1455
2122
1910
2469
2423
1405
1505
1519
1403
1352
1974
2321
1901
2506
2066
1695
1620
1875
2292
1999
1510
1740
2200
2505
2159
2713
2562
2323
1851
1832
2312
2199
2616
1443
1775
1811
1403
1240
2130
1600
2370
2292
2407
2168
2493
2577
1942
2623
1763
2274
2380
2361
2285
1823
2424
2090
2411
2087
2220
2562
2115
2285
1646
4624
1804
1421
1389
1607
1676
1440
1642
1566
1634
1537
1793
1867
2453
2065
1579
1787
2288
2314
2109
2507
1950
2175
2370
2318
2426
2198
1380
1676
1455
2343
1935
2099
2102
2035
2139
1798
2024
1783
2215
2545
1918
2198
1944
2630
2426
1858
1394
1491
1845
2464
2026
2525
2040
2779
2129
2636
1874
2095
2269
2257
2400
2631
2284
2697
2089
3120
2250
2161
2566
2147
2422
2024
2491
2336
2601
2541
2456
2117
2196
1988
2303
2312
2649
1442
1771
2394
2178
2785
2398
2417
2645
2253
1686
1456
1737
2383
2183
2769
1754
1795
1750
1803
1523
1143
1121
1518
1488
1529
1278
1851
1150
1306
1564
1333
1363
1382
1309
1608
1538
1592
1519
1653
1844
1405
2083
1106
1371
1324
1358
1740
1665
1388
1607
1505
1647
1484
1680
1639
1350
1705
1350
1568
1643
1442
1764
1393
1525
1507
1465
1845
2340
2195
2490
2062
2599
2268
2391
2432
2596
2804
2400
2579
2244
1814
2461
2554
2689
2636
2330
2524
2513
2157
2409
1953
2308
2055
2428
2270
1772
1826
2238
2460
2488
2381
2148
2658
2297
1639
2122
1501
2190
1843
1607
1979
1494
1394
1708
1571
1755
2109
2105
2400
2233
2070
2179
2415
2143
1871
1980
1979
1977
1904
1555
1664
1434
1448
1915
2015
2026
2607
2225
2138
2065
2189
1555
1769
1681
1811
2042
2195
1506
1756
1613
1094
1197
1218
1689
1310
1470
1476
1403
1948
2218
2266
2615
2354
2690
1984
2468
2044
1989
2602
2058
2584
2116
2385
2619
2404
2355
1733
2571
1983
2455
2177
2406
2612
1957
2071
2213
2374
2533
2135
1946
2127
2011
2036
2102
2492
2177
2622
2009
1450
1608
1745
1384
1655
1417
1476
1544
1535
1714
1380
2310
2333
1959
2209
1794
2055
1936
2239
2122
2272
2303
2093
1416
1423
2180
1654
1627
1678
1644
2000
2417
1802
2084
2182
2017
1713
2564
2658
2043
2752
2072
2122
2024
2426
1421
1534
1522
2148
1675
1285
1575
1645
1560
2067
1774
1765
2127
1812
2309
2091
2354
3393
1943
2224
1990
2663
2008
2213
2439
2431
2434
2504
2364
2216
2520
2609
2322
2586
1885
2536
2173
2530
2418
2139
2389
2314
2675
2474
2090
2616
2262
2810
2261
2050
1598
1535
1734
2119
2553
2021
2641
2751
1540
2418
2211
2469
2354
2734
2672
2317
2830
2325
2478
2565
1842
1436
1624
2438
2214
2479
2666
2283
2745
2438
2682
2001
2426
2497
2298
2844
2195
2736
2201
2514
1655
2010
2231
2397
2526
2202
2724
1808
1391
1780
1909
2352
2009
2538
2674
2187
2816
1987
2435
2584
2006
2377
1793
2481
1996
2520
2672
2530
2642
2017
2507
2170
2329
2576
2141
2644
1926
2430
2612
2348
2721
1902
2683
2021
2514
2263
2495
2377
2116
1919
2031
2477
2155
2545
1398
1638
1666
1468
1412
1852
1737
1292
1866
1901
2085
2581
2439
2345
2374
1971
1826
2476
1502
1473
1577
1380
1699
1774
2095
2177
2478
2291
2436
2347
2342
2471
2476
2490
2727
2208
2738
2290
2503
2152
1547
1709
1376
1474
1980
1596
1307
1785
1629
1721
1906
2112
1974
2539
2156
2280
1546
1915
2230
2056
2438
2127
2235
2288
2327
2406
1909
2012
2504
2113
2818
2286
2464
2406
2378
2287
2039
2301
2265
1967
2342
2299
2286
2227
2374
2160
2250
2248
2127
1680
1899
2565
2353
1974
1398
1824
1614
1447
1572
2528
1687
1778
1802
2360
2415
2339
2054
2080
1832
2358
1578
2023
2162
2420
2286
2408
2670
2115
2404
2287
2425
2321
2468
2416
2535
2737
2174
2543
2598
2229
2559
1882
2531
2510
2420
2481
2137
2145
1596
1490
1399
1494
1541
1635
1314
1534
2060
2214
3272
2165
2072
2450
2749
2076
2558
2435
2788
2440
2371
2393
2354
2473
2279
2462
2657
2343
2704
2273
2417
2704
2581
1658
1835
1358
1579
1428
1547
1731
1988
2192
2135
2574
2413
2427
1988
2401
2091
2347
2370
1432
1705
2051
1920
1928
1362
1619
1584
1830
1883
2153
2069
1945
1698
1753
2395
2020
2611
2235
2495
2253
2334
2107
2637
2163
2843
2121
2532
1921
1353
1344
1386
1656
1426
1474
1743
1636
1528
1303
1723
2024
2041
2549
2068
2452
2309
2578
2435
1445
1375
2031
2543
2045
2421
2458
1975
2434
2054
2363
2391
2310
2622
2112
2640
2022
2510
2422
2180
2034
1955
2344
2619
2372
2641
1773
2156
2125
1509
1965
1936
2364
2205
2269
1778
2259
2599
1925
2638
1918
2430
1484
1742
1681
1550
1545
1544
1559
2214
1736
2250
1870
2385
2404
