1486
1159
2679
1327
1653
2019
2435
1655
1477
1289
1738
1425
1283
3288
1706
1773
2330
1569
1716
2203
1706
1610
1395
1590
1634
1619
1846
2285
1545
1318
1564
1647
1518
1524
1761
2143
1636
2182
2074
1608
1776
1905
2320
2004
1494
1448
1407
1288
1639
1796
1700
2064
1973
1871
1631
1966
1950
1975
1579
1594
1307
1257
1311
1859
1263
1316
1413
1501
1722
1733
1274
1601
2270
1799
1515
1673
1657
1387
1356
1455
1608
1602
1372
1612
1415
1862
1729
1766
1657
1873
1648
1287
1414
1409
1247
1767
1596
1380
1566
1323
1779
1605
2177
2196
1461
1762
1644
1676
1613
3039
1428
1355
1354
1951
1570
1617
2294
1764
1943
2294
1738
2068
1702
1220
1546
1467
1994
1911
2458
1829
1795
1835
1518
1664
1965
2021
1471
1514
1558
1905
1636
1864
1439
1541
1659
1453
1520
1489
1750
1864
1501
1473
1565
1291
1474
1960
1886
2155
2176
2245
1581
1768
2056
1633
2326
1524
1714
1848
1654
1593
1414
1986
2052
2782
1585
1301
1793
1681
1909
1762
2386
2137
2018
1752
1510
3091
1586
1837
1738
1937
1760
1882
1562
1457
1540
2134
2281
1994
2239
2178
2004
1783
1706
1411
1790
2161
1504
1458
1704
1649
2055
1629
1551
1196
1438
1421
1314
1383
1668
1582
1672
1249
1563
1639
1320
2012
2051
2084
2588
1962
2174
1881
1511
1274
1546
2196
1855
1822
1886
2063
2255
1989
2496
1860
2221
2276
2098
2345
2290
2213
2154
2229
2270
2349
1790
1419
1907
1341
1710
2093
1711
1600
1870
1556
1576
1587
1466
2113
1490
1626
1751
1680
1542
1755
1574
1845
1500
1518
1672
1340
1399
1673
1457
1654
1766
1409
1472
1812
2139
1402
2103
1579
1707
1577
2316
1826
2197
2504
2126
2787
2264
2526
1940
2634
2596
2113
2617
2279
2567
1880
2390
2389
2243
2502
2028
1587
1459
1929
2020
1581
2166
2352
2076
2638
2136
2170
1688
1416
1743
1629
1649
2404
1917
2755
1836
2463
2009
2579
2476
2087
2543
1836
2473
2543
2186
2636
2023
2244
2486
2065
2029
2199
2717
1898
1651
1579
1206
1992
1701
2333
2410
2046
2606
1841
2417
2601
1988
2194
1923
2358
2332
2100
2503
1825
2725
1617
1636
1568
1565
2292
1912
2326
2552
1959
2483
1816
2615
1992
2441
2593
2085
2628
2191
2421
2618
2309
2662
2118
2579
1957
2285
2731
2108
2631
1980
1954
2097
1879
2719
2452
2396
2690
2482
2793
2125
2868
2439
2603
2567
1407
1461
1713
1614
1604
2038
2545
2133
2576
2009
2608
2650
2293
2667
2445
2699
2531
2577
2303
2514
2631
1828
2581
2066
2604
2575
2524
1681
1603
1776
2449
2335
1688
1850
1490
1405
2137
2348
2068
2022
2181
2268
2542
2088
2315
2232
2427
2197
2350
2656
1713
1590
1648
1551
1857
1660
1737
2182
1575
1507
1713
1595
1561
1236
1928
1659
1489
1620
1498
1232
1396
1287
1294
1356
1447
1786
1389
1649
1311
1339
1357
1246
1234
1567
1561
1433
1815
1602
1687
1369
1110
4436
1768
1376
1873
1528
1306
1624
1541
1383
1630
1483
1586
1470
1550
1449
1702
1633
1898
1300
1539
1511
1474
1399
1742
1404
1879
1679
1667
2128
1993
1541
1473
1623
1822
1661
1629
1841
1400
1759
1398
1573
1989
1693
1963
1946
1923
1961
1967
1538
1927
1691
1516
1608
1608
1680
1542
1582
1782
1645
1387
1874
1877
1522
1235
1650
1546
1310
1454
1635
1533
1596
1610
1722
1742
1700
2207
1955
1637
1881
1535
1399
1511
1847
2545
1970
1524
1839
2189
2170
2065
2093
2055
2020
2107
2217
2015
2216
2029
2319
1568
1671
1640
1453
1694
1522
2245
1947
1531
1674
1582
1398
1596
1546
1360
1448
1683
1200
1567
1277
2045
1618
1336
1871
1454
2355
1748
1479
1637
1593
1594
1276
1905
1194
2100
1762
1731
1874
1353
1669
1434
1441
1453
2022
1794
1800
1637
1356
2024
1835
2063
2021
2003
2251
2031
1579
1176
1438
1494
1849
1557
1710
1701
1429
1692
1491
1423
1743
1451
1426
1447
1548
1304
1729
2522
1307
2154
1126
1808
2242
1392
1541
1420
1350
1723
1381
1425
1810
1465
1645
1781
1524
1639
1711
2287
1532
1537
1571
1998
1471
1667
2342
1671
1634
1491
1745
1494
1688
1522
1396
1447
1563
2394
1296
1236
1761
1512
1350
1437
1383
1457
1626
2040
1756
2047
1582
1684
1644
1406
1712
1828
8655
1451
1915
1275
1494
1665
1789
1489
1743
1556
1585
1484
1680
1982
2232
1417
1595
2234
1759
1515
1563
1331
1339
1420
1469
1683
1858
1539
1902
1346
1756
2378
1459
1888
1272
1326
1807
1612
1520
1847
1727
1830
1933
1367
1755
1577
1630
1952
1919
2675
1764
1766
2025
1497
1700
1340
1612
2407
1483
1466
1845
1584
1580
1517
1579
1788
1660
2062
1742
1390
1554
1655
1485
1901
2142
1952
2066
2226
1652
1929
2207
1743
1531
2301
2551
1895
1770
1838
1851
1651
1749
1858
2229
1529
1235
1919
1914
2358
2018
2240
1993
2156
2667
2282
1223
1230
1244
1371
1638
1530
1286
1624
2037
1783
2248
1642
2234
1675
1670
1608
1158
2050
1578
1808
1526
1512
1865
1924
2073
2262
1779
2019
2135
2352
2399
2383
2850
2160
2866
1237
1410
1469
1497
2015
2225
2258
2455
2247
2760
2418
2683
2137
2255
1681
2092
2272
2741
2229
1662
2285
2771
2149
2748
1572
1703
2187
2131
2496
2097
2539
2517
2015
2351
1648
1605
1349
1965
1463
1747
2059
1619
2083
1994
1787
2075
1425
1862
1806
1835
2558
1879
2533
1950
2157
2535
2350
2604
2200
2537
2238
2457
2485
2388
2830
2092
2436
2566
2166
2661
1711
1519
1345
2010
2677
2019
2620
2263
2872
1896
2748
2462
2595
2488
1711
1865
1541
1703
1524
1716
2757
1384
1698
1695
1480
1857
1946
1974
1522
1855
1757
1929
1504
1500
1903
1763
1535
1786
1692
1729
1663
1947
1754
2150
1607
1822
1402
1759
1848
1556
1574
