1861
1566
2088
1428
1686
1756
2274
2061
2019
2184
2066
2223
2551
2302
1861
1294
2086
2442
2097
2328
2108
2646
2256
1979
1498
1695
1807
1974
1961
1963
2028
2546
1758
1544
1801
2016
2136
1999
2176
1976
2150
2213
2229
1684
1529
2440
2839
2607
2277
2122
2275
2259
2022
2018
2210
2145
2105
2159
2047
2333
2290
2178
2027
2095
2069
1975
2198
2212
2243
2327
2398
2341
1842
1371
1865
1952
2393
2098
2104
2176
2251
2349
2209
2231
2189
2163
2124
2333
2168
2271
2207
2283
2541
1574
1590
1809
1542
1437
1736
1562
1625
2037
1848
2681
2321
2038
2198
2307
2622
2352
2783
2420
3358
1521
1601
1751
1480
1575
1884
1521
1421
2457
1723
1860
1929
2203
1767
1334
1407
1711
1720
1887
2142
2186
2700
1949
2091
1491
1995
2364
2719
2062
1532
1691
1547
1733
1813
1425
1522
1922
1762
2143
2049
2234
2652
2147
2662
2761
2661
2703
2840
2838
2212
2722
2343
2941
1671
1459
2285
2514
2354
2559
2462
2825
2343
2517
2533
2225
2438
2380
2660
2227
2633
2458
2441
2733
2039
2735
1608
1591
1593
1552
1803
1699
1677
1989
2387
2617
2350
2468
2427
2531
2595
2731
2775
2092
2522
1741
1554
2178
2236
1718
1969
1494
1630
1978
2397
2683
2409
2590
1575
1640
2082
2782
2492
2657
2575
2226
1496
1431
2125
2479
2528
2682
2472
2700
2734
2610
3088
2559
2847
2746
2699
2249
2287
2461
2176
2497
2487
2705
2344
2923
2582
2053
2993
1940
2926
2117
2464
1562
1589
1998
2070
2611
2658
2171
2709
1885
2643
2125
2657
2706
2158
2704
1974
2772
1960
2731
2700
2107
2887
2158
2754
2353
2887
2776
2296
2814
2107
2606
2403
2363
3077
2140
2325
1976
2729
1924
2573
2728
2141
2526
1961
2706
1989
2595
1843
1400
1696
1772
2627
2025
1690
1645
2147
2813
1716
1954
2594
1991
1752
1458
2139
1941
2732
2619
2371
2886
2198
2620
2072
2503
2546
1921
2242
2154
2607
2036
2480
2840
2201
2355
2011
2421
2651
2362
2670
2130
2744
2361
2485
2147
2078
1722
1497
2234
1863
2614
2498
1834
2571
1971
2581
2032
2911
2467
1617
2412
2167
2705
2629
2266
2956
2355
1380
1972
1655
1759
2939
1476
1615
1619
1446
2137
2370
2345
2457
2237
1645
1598
1786
1653
1962
1540
1876
1578
1712
1478
1613
1872
1577
1928
1666
1914
1567
1768
1939
1661
2010
1876
2178
2157
2096
1736
1394
2193
1903
2248
2296
2916
1894
2276
2174
2335
2353
2159
2141
1929
2051
2207
2115
2618
2124
2346
1780
2199
2148
1992
2353
2025
2225
1949
2466
2489
2133
2271
1820
2145
1782
1402
1793
2428
2265
2142
2134
2448
1973
2249
2298
2193
2173
2245
2713
1959
2548
2300
2080
2332
1827
1584
1861
1807
1606
1640
1588
1831
1937
1974
2549
2019
2653
2504
2234
2151
2179
2287
2163
2007
2597
2091
2312
2152
2651
2314
2301
2084
1787
1869
1948
1885
1616
1600
2159
1911
2153
1732
1696
1503
1951
2822
2282
2737
2549
2202
2810
2102
2659
1991
1951
1822
1873
2588
2181
2445
2788
2412
2764
1864
2324
2420
2156
2672
2411
2663
2565
2239
2615
2124
2480
2462
2326
2436
2228
1798
1486
2099
2354
2336
2658
2648
2512
2599
2434
2528
1955
1917
1262
1733
1802
1502
1873
2289
2041
1778
1734
2179
2032
2094
3334
2105
2583
2297
2657
2855
2222
2410
2220
2605
2838
2395
2605
2168
2032
2241
2220
2703
2292
2415
2233
1887
1782
1620
1874
1714
1875
2115
1653
1864
1554
2083
2558
2144
2253
2171
1912
2156
2517
1794
1721
1596
1611
2019
2279
2022
2586
2021
2392
2038
2442
2284
2141
2653
2287
2700
2524
2180
2343
2218
2171
2646
2223
1482
1739
1613
2488
1803
1518
1788
1578
1805
1820
1396
1779
1602
1819
1466
1885
1525
1563
1756
1488
1682
1802
1528
1458
1577
1839
1789
1548
1862
1526
1738
1568
1721
1688
1442
1683
1583
1699
1523
1445
1770
1442
1647
1766
1545
1629
1890
1469
1710
1745
2082
2600
2533
1720
1526
1693
1791
2457
2395
2220
1832
1687
2188
2590
2490
2644
2364
2266
2505
2296
2551
2535
2467
2405
2199
3592
2120
2355
1925
2765
2720
2561
2531
2289
2507
2686
2167
2765
2095
2459
2646
2666
2395
2624
2476
2434
2695
2745
1908
2348
2025
1723
1481
1665
2279
2021
1541
1614
1535
2086
2355
2590
2037
2624
2707
1499
1400
1684
2022
1373
1999
1809
1768
1902
1831
2424
2631
1767
1532
1931
1473
1528
1780
1550
1832
1908
1451
1631
1729
1681
1603
1331
2060
2116
2187
2481
2198
2191
2365
1519
1709
1427
2050
1342
1693
2379
1938
2423
2177
2268
2428
2213
2762
2479
2527
1943
1427
1209
1452
2058
1916
2282
2362
2226
2439
2064
2222
2772
1962
1949
2074
2464
2120
2130
2469
2548
2415
1977
2649
2590
2124
2742
1833
2317
2523
1996
1590
1716
2177
2942
2077
2566
2123
2754
2006
2704
2474
2360
2640
2135
2609
2696
2205
2763
2094
2669
2266
2792
2574
2335
2731
1849
2088
1859
2171
2864
2097
2638
2159
2470
2701
1885
2461
2148
2025
2423
1733
1283
1401
2011
2080
2453
1656
2177
1690
1413
1631
2291
1368
2033
2036
2602
2443
2030
2535
2205
2665
1882
2425
2741
2456
2658
1959
2788
2635
2114
2168
1913
2288
2576
2092
2356
1567
2354
1935
2561
2696
2214
2449
1706
1673
2108
1903
2866
1880
2782
2148
2660
2363
1554
1613
1670
2432
2520
2140
2772
2072
2792
1847
2450
1917
1972
2328
1999
1804
1545
1757
1752
1363
1646
2040
2420
2825
1976
2591
2021
2308
2552
2202
2675
2201
2704
2453
2237
2490
2204
2750
2680
2446
2715
2296
2680
2531
2743
2247
1702
1836
1589
1791
1944
2283
2824
2117
2644
2065
2012
2371
2224
1758
1808
2402
1957
2532
2632
2524
2701
2125
2337
2967
1905
2628
1975
2362
2261
2595
2838
2239
2563
1967
