1444
1354
2039
1895
1469
1295
1588
1550
1475
1849
2375
1851
2647
1762
2116
1934
1990
2585
2106
2628
1617
1742
1366
1754
1400
1439
1798
1805
2442
2548
2024
2264
2166
2353
2453
2325
2543
1490
1511
1892
2131
2309
1855
2592
1548
2032
1953
2385
2639
2194
2551
1876
2361
1740
1384
1974
1993
2363
2120
2481
2463
2244
2444
1797
2120
1811
2358
2578
2048
2726
1633
1695
1464
1558
1615
1804
1967
1832
2101
2075
2012
2401
2127
2760
1455
1694
2205
2131
1877
1993
2223
2394
1885
1704
1448
1314
1289
1876
1321
1806
1949
2250
1879
2319
2175
2171
2103
2228
1964
2235
2278
2048
2390
2160
2605
2242
2391
2470
2290
2365
2303
2223
2614
2534
2569
1766
2056
2267
2208
1489
1861
1724
1249
2108
1992
2362
2244
1869
1709
2079
2347
2125
2142
2050
2357
2169
2032
1663
1458
1875
2110
2195
1957
1804
2064
2087
2515
2034
2077
1386
1929
2091
2131
2409
2471
2624
2137
2824
2088
2410
2123
2233
2443
2048
2250
2390
2404
2436
1929
1635
1250
2133
1875
1947
2508
2269
2447
2214
1499
1633
1596
1530
1360
2064
1948
2378
2206
2331
1999
2406
2081
2240
2335
2502
2425
2393
2254
2355
1333
1681
1713
1409
1579
2117
1924
2114
2342
2114
2310
2252
2391
1358
1656
2060
2082
2284
1818
1826
1925
2278
2032
2500
2480
2049
2133
2036
2304
2158
2472
2618
1708
1852
2130
2274
2367
2483
2449
1989
2433
2613
2490
1951
1917
2230
2391
1987
2451
2093
2565
1888
2634
2570
1928
2501
1852
2218
1999
1844
2385
2594
1687
1369
1622
1591
1695
2184
1979
2155
2316
2391
2137
2413
2435
2524
1447
1968
1794
2148
2153
2151
2512
1821
2138
2068
2473
2271
1821
2315
1887
2329
1634
1432
1438
1517
1377
1467
1831
2307
2488
2462
2155
2650
2119
1447
1981
2259
2069
1785
2368
2371
1464
1941
1829
1856
1934
2106
2326
2260
2503
2270
2131
2475
2184
2746
1359
1562
2443
1887
2400
2252
2555
2074
2423
2670
1983
2213
2166
2341
2527
2200
2627
2122
2202
2414
2126
2179
1821
2332
1937
2362
2621
1415
1635
1531
1662
1656
1752
1761
1287
1546
1979
2353
2511
1940
2657
1996
2550
2612
2138
2643
2304
2237
1861
2117
2103
1882
2530
1979
2468
2543
2030
2723
2087
2646
2066
2501
2661
2500
2584
2070
2453
2535
1791
2739
2032
1592
1856
2267
2651
2211
2462
2124
2177
1657
1572
2300
2133
2685
2047
2334
2539
2187
2064
1969
2402
2600
2467
2383
1414
2121
1858
2390
2763
2165
2326
1830
2568
2666
2187
2498
2204
2326
2244
1965
2543
2093
2588
2237
2514
2201
2513
2407
2125
2392
2027
1816
2244
2044
2540
2243
1682
1773
1712
2360
1832
2560
2069
2447
2097
2203
2521
1966
2477
2637
1922
2228
2322
2287
2105
2351
2531
2311
2680
1989
2847
2085
2451
2060
1758
1867
1450
1873
2163
2328
2640
2240
1790
1523
2068
2344
2087
2322
1890
2092
1483
2041
1874
1434
1846
2131
1883
2164
1912
2534
2159
2341
2521
1912
1959
1903
2372
1628
1425
1942
1938
2362
1860
2325
2060
2175
2134
1845
2699
2413
2142
2518
2084
2547
2142
2339
2175
2453
2579
2200
2475
2139
2399
2795
2188
2481
2125
2605
1687
1612
1362
1529
1496
1577
2111
2412
1695
1535
1434
1862
2019
2370
1853
1612
2388
3792
1667
1612
1472
2336
1436
1693
2125
2187
1933
1691
1571
1543
1563
1444
1291
2467
1846
2240
2038
1250
1736
2116
2686
1617
2132
1970
2112
2193
1995
2498
1365
1598
1460
2210
2276
2122
1826
1925
2080
1459
1811
1589
1347
1965
2070
1874
1645
1920
2162
1484
2032
1886
2327
2234
2079
1338
1436
1330
1791
1760
1858
2161
1479
1553
1818
1814
2089
2164
2265
1682
1868
2305
1979
2285
2228
2455
2483
2279
1520
1421
1508
1586
1931
2134
2007
2212
2188
2393
1899
2072
1689
1397
1980
1397
2064
1690
1988
2105
2032
2160
2297
2085
2047
2064
2062
2172
2315
1958
2146
2290
2326
1612
1374
1922
2050
1812
1476
1697
1871
2091
2014
2230
1348
1293
1281
1537
1981
1647
1507
1729
1760
1853
2054
2151
2214
2062
2030
2195
2140
2263
1517
1812
1760
2449
2315
2554
2342
2001
2360
2081
2509
2050
2088
2072
2115
2089
1894
2450
2208
1949
2314
2178
2459
2208
2027
2203
1790
2356
2027
2707
1980
2064
1547
1515
1578
1540
2086
2067
2597
2537
1892
2380
1524
1607
1705
2206
2003
2012
1972
2046
2688
2108
1935
1668
1785
1719
2089
1763
1632
1684
1815
1848
1684
1667
1713
1402
1632
1744
1670
2242
1626
2652
2003
2448
1644
1686
2312
1804
2369
1464
1453
1674
1981
2537
2329
2774
1863
2430
2572
2218
2526
2132
2510
2359
1544
1818
1943
2403
2080
2422
2175
2275
2336
2316
2849
2119
2039
2057
2318
2261
2073
2362
1783
1365
1415
1396
2478
2229
2585
2077
2179
2443
2528
2584
2676
2615
1581
1680
1624
2112
2469
2336
2259
2461
2533
2697
2536
2295
2122
2450
2291
2387
2310
2421
2312
2599
2584
2200
1978
1473
1707
1815
1514
1639
1363
1994
1458
1731
1696
1465
1851
1628
1981
2035
2013
2238
1927
2017
2249
2010
2415
2086
2396
1812
1270
1904
1937
2166
1796
2293
1902
2086
2122
2137
2380
2183
2210
2002
1544
1553
1662
2388
2043
2139
2077
1997
2426
2105
2454
1773
2125
1829
2196
2500
1876
2385
2082
2495
1776
1793
2280
1790
2263
2392
2489
2330
2007
2397
2611
2393
1412
1455
2300
1914
1833
1977
1822
1826
2089
1868
2080
1952
2504
1963
1965
2225
2149
2530
2002
2622
2086
2684
2703
2395
2451
2244
2226
2313
1502
1874
1830
2275
2411
2060
2323
1748
2016
1957
2071
2437
2122
2613
2160
2239
2370
2226
2389
1584
1505
1357
2102
2190
2410
2332
2022
2565
1969
2393
2482
2071
2422
1808
1771
2283
2314
2561
1834
2399
2134
2345
