1702
1166
1426
1931
1812
1926
1866
1859
1619
1529
2277
2025
2231
1672
1801
2450
2395
2319
2013
2546
1909
2384
2319
1912
2402
2118
2557
2076
2433
2578
2286
2343
1808
2605
2056
2340
2504
1834
2487
1543
2181
2496
1854
2446
2029
2688
1909
2590
1419
1305
1927
1797
1587
1916
1605
1310
1693
2505
2199
2588
3069
2176
2413
2252
2536
2040
1641
1378
1492
1837
1811
2125
1628
2100
2202
1360
2213
1880
2572
2206
2336
2419
1979
2187
1905
2489
2023
2150
2744
2274
2456
2363
1923
1765
1359
1348
1488
2015
1734
1682
1380
1406
1395
1675
1389
1703
1622
1387
1793
1674
1305
1483
1540
1575
2344
2129
2407
1864
2046
1904
1849
2152
1907
2133
2395
2503
2192
2538
2188
1708
2050
1883
1900
2074
2149
2178
1923
2417
2024
2341
1373
1428
1396
1470
1636
1605
1576
1309
1362
1243
1375
1424
1536
1453
1513
1366
1354
1147
1215
1369
1474
1682
1563
1465
1347
1494
1382
1442
1256
1256
1466
1554
1316
1814
1736
1631
1444
1253
1329
1437
1362
1543
1297
1740
1707
1530
1684
1442
1391
1551
1390
1095
1525
1541
1342
1547
1365
1571
1815
1508
3003
1660
1367
1582
2133
1891
2404
2048
2063
2271
2516
2354
4237
1848
1750
2169
1772
1726
1979
1959
1892
1792
2315
1885
1878
2104
1814
2143
2249
2229
1810
1792
2089
1948
1475
1573
1640
2047
1435
1999
2365
2413
2178
2433
1655
1327
2156
1963
2032
2041
2304
2334
2333
2264
2525
2063
2115
1824
1601
1352
1799
1593
2202
1209
1373
1617
1471
1533
1327
1873
1618
1303
2637
1181
1180
1342
1543
1252
1289
1255
1525
1398
1560
1419
1476
1652
1351
1338
1374
1503
1286
1388
1207
1302
1295
1207
1261
1261
2195
1490
1475
1583
1270
1778
1627
1495
1382
1421
1539
1402
1296
1625
1404
1655
1394
1593
1810
1438
1729
1412
1659
1848
1640
1687
1359
1356
1389
1392
1355
1601
1777
1538
1571
1745
1390
1550
1492
1640
1742
1375
1349
1521
1671
1484
1723
1678
1482
1804
1447
1640
1364
1508
1984
1789
1441
1418
1239
1361
1382
1349
1462
1643
1631
1737
1685
1403
1681
1628
1642
1477
1438
1435
1286
1576
1876
1480
1702
1542
1776
1499
1372
1531
1439
1477
1448
1839
1781
1376
1392
1487
1689
1644
1635
1408
1362
1620
1432
1653
1822
1442
1895
1538
1852
1549
1748
1697
1729
1777
1521
1806
1507
1561
1499
1449
1365
1699
1466
1678
1496
1389
1486
1586
1338
1378
1334
1345
1727
1519
1656
1530
1443
1602
1494
1332
1382
1678
1757
1529
1421
1575
1830
1715
1277
1359
1423
1634
1750
1379
1327
1607
1472
1470
1505
1575
1258
1545
1621
1526
1530
1457
1408
1717
1552
1525
1562
1790
1635
1895
1489
1583
1252
1162
1825
1741
1783
1699
1519
1565
1582
1504
1411
1612
1552
1399
1708
1499
1759
1873
1473
1526
1749
1524
1680
1563
1590
1543
1627
1937
1496
1724
1729
1700
1677
1760
1467
1476
1544
1462
1337
1969
2139
1468
1575
1628
1664
1770
1384
1645
1628
1657
1463
1717
1644
1634
2101
1462
1557
1547
1882
1961
1609
1695
1526
1326
1969
1503
1633
1446
1591
1473
1434
1961
1620
1693
1614
1688
1615
2013
2244
2315
2305
2211
2436
2189
2189
1930
2474
2325
1976
2113
2021
1862
1484
1826
1232
1426
2373
1467
1753
1952
2005
1998
1687
1936
2389
1724
2178
2030
2447
1851
2176
1472
1609
2242
2033
2507
2185
2049
2085
1565
2230
1698
1881
1903
2128
1993
2345
2417
1746
2157
2147
1688
2208
2194
2239
2361
1906
2071
1968
2310
1472
1889
2424
1968
2532
1941
2413
2367
1566
1378
1482
2243
2299
1982
2405
1828
2284
1786
1858
1642
1731
2086
2066
1547
1734
1481
1346
1450
1900
1849
1653
1331
1765
1354
1315
1394
1729
1430
1432
1548
1519
1627
1912
1360
1529
1609
1740
1993
1450
1734
1838
1320
1702
1799
1610
1427
1582
1686
1620
1937
2578
2351
2502
2411
2541
1968
1683
1626
1399
2079
1755
1940
2594
2051
2013
1948
2373
2553
2244
2625
2193
2138
1811
2392
2366
2098
2623
2028
2494
1977
2034
2412
1480
1329
1754
2305
2710
1998
2294
2517
2322
2547
2206
1562
1555
1987
2265
1934
1906
2317
3406
2710
2187
1606
1653
1759
2108
2262
2574
2352
2517
1607
1606
1398
1566
1482
1687
2255
2035
1929
1832
1770
2240
2456
2216
1939
2340
2367
2314
1783
2131
1598
1597
1354
1644
1911
2119
2212
1871
1800
2029
2123
2068
2161
2327
2179
2384
2538
2182
2485
2673
1736
1641
2078
1804
2499
2275
2092
2344
2327
2259
2062
2414
2564
1884
2632
1966
2084
2183
1999
2148
1809
1596
1447
1659
1585
35288
1991
1479
1369
1627
1564
1369
1389
1340
1149
1402
1334
1411
1459
1304
1456
1386
1092
1299
1539
1464
1431
1380
1321
1286
1446
1416
1381
1634
1607
1437
1312
1326
1436
1437
1378
1351
1288
1090
870
1010
1068
1460
1764
1907
2431
2104
2333
2016
1925
1431
1549
1334
1654
1871
1918
2564
2542
1880
2381
1953
2548
2269
1934
2372
2110
1944
2078
1496
1580
1834
2828
1590
1938
2327
2351
2533
2479
2646
1934
2213
2137
1966
2411
2283
2550
2324
2569
2572
1973
1486
1961
2340
2408
2279
2547
2244
2725
2327
2598
2214
1706
1934
1804
2023
2058
2350
2426
2100
2757
1811
2256
1980
2147
2467
1422
1359
1601
1637
1916
1457
1686
2040
2296
2011
2392
1961
2003
2252
2102
3552
1265
1295
1796
2293
2427
2457
2345
1684
1447
1389
1427
1685
1521
1590
1453
1883
2272
2123
2331
2124
2440
2111
2495
2458
1968
2400
2354
2381
2200
2226
2290
1403
1884
1775
2168
2483
1987
2440
2124
2591
1712
2049
1992
1868
2335
1912
2139
1877
2048
2525
2193
1619
2461
2031
2068
1774
2159
2176
2696
2004
2418
2455
2126
2607
1737
1436
1708
1965
2384
2018
2663
1865
2661
