1665
1641
1868
1808
1544
1610
1476
1833
1508
1985
1649
1506
1557
1200
1774
2138
2299
1653
1799
3013
1767
2097
1790
1730
1500
1407
1786
1881
2564
2066
2359
2402
2393
1776
1395
2042
2255
1649
1647
1499
1673
1905
1944
2385
2207
2161
2426
2476
2534
2266
2564
2032
2597
2214
2344
2660
1505
1595
1659
2958
2484
2036
2709
2182
2537
2252
2280
2356
2351
2569
2200
2650
2087
2490
2343
2410
2434
2260
2237
2619
2447
2361
2117
2533
2604
2386
2692
2352
2612
2380
1608
1423
2004
1470
1634
1700
1299
1753
1882
1455
2011
1804
2460
1507
2013
1984
2281
2645
2198
1617
2166
1777
1537
1604
2264
2331
2101
2171
1750
1763
2030
2335
2530
2293
2229
1743
1316
2416
1856
2257
2619
2052
2296
2556
2291
2543
1596
1554
1720
1854
1646
1604
1713
1249
1906
2217
2389
1983
2597
2324
1712
1419
1625
2742
2179
2624
2170
2358
2521
2061
2365
2406
2362
2534
2457
2203
1992
2165
2445
2001
2569
2515
2668
2445
2135
2345
2363
2500
2356
1990
2525
2315
1781
1422
1812
2135
2038
1932
1632
1419
1805
2014
2057
2358
2532
2589
2626
1525
1367
1926
2150
2487
2294
2598
2664
2191
2566
2323
2528
2521
1536
1528
1427
1874
1936
2006
2279
1717
1315
1662
2226
2458
1885
2456
2112
2590
2414
1826
1468
1757
1574
1372
1396
2604
2146
2218
1815
1898
1978
1892
2296
1908
1526
1911
1562
1452
1744
2106
1966
2012
1896
2228
2139
2287
2107
2095
2120
2136
2555
2009
2185
1584
1451
1880
1987
1859
1621
1862
1877
2367
1587
1516
1849
1615
2013
1917
1885
2120
2060
2164
1956
2078
2186
2246
2097
2027
2069
2178
2135
1784
1989
1652
1242
1620
1312
1605
1824
2013
2892
1706
2132
1921
2104
1855
1861
2208
1516
1602
1650
1947
1631
1387
2082
1796
1959
1958
1844
2194
1936
2100
2196
2002
2201
2057
2561
1930
2536
1845
1668
1977
1941
2173
2022
1836
2270
2112
2905
2267
2133
1723
1460
2286
2434
2313
1732
1984
1818
2085
1994
1909
2092
2110
2309
2035
2999
2060
1825
2068
2474
1942
2622
2021
2091
2281
1721
2120
1628
2082
1635
1528
1594
1477
1678
2111
2564
1711
1689
2040
1804
2289
1847
2092
2378
1890
1968
1930
1505
1445
1618
2101
1991
2465
1944
2445
2072
2275
2174
2234
2084
1803
1489
1799
1782
1666
1629
1968
2354
1906
2672
2183
2633
2040
2106
2758
2176
2276
2361
1878
1711
1718
1328
2074
1696
2243
1622
1692
1647
1398
1799
1986
2577
2218
2685
1724
1629
1878
1769
2536
1805
2365
2280
2125
2270
1824
2215
2037
2404
2353
2446
2414
2221
2450
2298
2245
2574
2307
2577
2332
2084
1923
1872
1488
1791
2007
1822
1591
1716
1770
2246
1948
2049
2093
2171
2555
1767
2311
2061
2059
2274
2242
1590
1695
1839
1574
1298
1564
1720
2282
2500
2399
2115
2574
2874
1677
1728
1391
1400
1735
2067
2260
1810
1544
1365
2222
2428
2692
2102
2209
1468
1489
1646
1653
1509
1285
1765
2275
2501
1513
1555
1835
2446
2258
2110
2185
2482
2586
2329
1613
1550
1934
2024
2555
2409
2521
2409
2133
1942
2164
2468
2346
2735
2440
2457
2505
2508
2501
2541
2065
2702
2316
2511
2887
1524
1617
1615
1480
1969
1493
1442
1800
2139
2098
1997
2009
2377
2527
2117
2203
1909
2131
2067
2605
1596
1692
1559
1599
1509
1468
1572
2105
1823
2139
1848
2330
2195
2051
2423
1873
1579
1435
1921
2117
1991
2326
2127
2186
1901
2320
2452
1912
2543
1873
2449
2478
1768
2190
1988
2138
2160
2337
3372
1876
2605
2253
2463
2588
2247
2595
2156
2782
2265
1798
1528
1745
2288
1964
2747
2108
2538
2487
2091
2432
1822
1930
1928
2100
2066
2271
2481
2113
2534
2362
2920
1333
1483
1599
1467
1445
1954
1871
1540
1452
1996
1915
1850
2464
2030
2721
2371
2289
2297
1997
2650
2013
2485
2016
2510
2744
1633
1431
1406
2118
1489
1575
1965
2151
2359
2447
2623
1667
1658
1917
1668
2205
2092
2402
2390
2004
2511
2099
2598
1880
2653
2257
2354
2445
1679
1804
1668
1403
1367
1700
2292
2184
2565
2509
1966
2551
2525
2492
2218
2539
2441
2375
2589
1538
1625
1299
1846
2254
1887
2345
1824
2328
2664
2035
2647
1901
1948
2155
2391
2384
3313
2465
2078
2257
1912
2172
2094
2142
2338
1857
2045
1991
2169
2845
2060
2524
2096
2118
2277
1833
1950
1999
2127
2418
2065
2461
2326
2867
2275
2908
1454
1455
2206
1738
2237
2207
2571
2675
2416
1606
1589
1184
1727
1896
2269
2103
2565
2380
2522
2476
2625
2551
2295
2387
2336
1568
1367
1521
1446
1508
1445
2134
1794
2331
2371
1926
2160
1701
2178
2357
2122
2326
2423
2646
1352
1444
1882
1388
1382
2059
2186
2404
1904
2481
2069
2386
2419
2242
2537
1818
2255
2298
2177
2522
2027
2709
2325
2412
2442
1785
2363
2053
2426
2566
2048
2753
2100
2317
1966
2468
2550
2060
2525
1931
2497
2344
2047
2324
1892
2443
1867
2311
2424
1615
1598
1353
1941
2214
1766
2796
1749
1357
1811
2191
1827
1365
2079
1886
2382
2539
2066
2509
2612
2720
2046
3410
2566
1853
2591
2277
1727
2048
2005
2153
1887
2270
2016
2424
2607
2151
2463
1894
2418
1865
1993
2349
1977
2364
2172
1925
1927
1561
1671
2129
2623
2027
2278
2697
2092
2447
2543
2468
2436
2071
2758
1812
2216
1922
2177
1951
1895
2576
1982
2254
2055
2029
2310
2035
2407
2068
2142
2230
2550
2342
2630
2320
2432
2178
2302
2007
2317
2120
2524
2240
2282
2185
1927
1516
1666
1483
2377
2070
2325
1488
1903
2350
1486
1666
1873
1416
1314
2320
1450
2007
2103
2543
3218
2507
2533
2552
2517
2284
1881
1837
1747
1597
1519
2101
1752
1273
1350
2007
1828
1530
1939
2093
2653
2389
2460
2308
2522
2410
2400
2401
1780
1370
1760
1633
