1376
1520
1317
1779
1997
2059
2235
2251
2423
2044
2409
2487
2298
2711
2172
1599
1644
1459
2099
1771
2046
2227
2277
2079
2235
1801
1630
1569
1803
1415
2231
1936
2553
2024
2613
2579
2514
2792
2092
1776
1659
1733
1493
1800
2300
1915
2414
2524
1912
2625
2127
2215
2030
1881
2380
2115
2503
2482
2225
2414
2678
2524
2697
1454
1829
1930
2535
2186
2495
2201
2399
2494
2188
1607
1491
2096
2503
2307
2203
2281
2169
2459
2223
2333
1752
1435
1674
2196
2729
1978
2611
2239
1558
1538
1873
1600
1457
1839
1908
2055
2256
1743
2164
1868
1929
1878
1929
2786
2149
2274
2139
2230
2333
2105
2426
1966
2360
1692
1312
1698
1527
1676
1388
2036
1740
1685
1454
1600
1505
1648
1484
1596
1848
2587
2597
2378
2311
2340
2327
1927
2470
1995
2116
2041
2076
1988
2017
2334
2285
2258
2025
2198
1916
1811
2278
2192
2340
1692
1815
1884
2169
2088
1975
2164
2006
2164
2458
1617
1509
1653
2050
1890
1872
2057
1861
1570
2061
1281
1612
2078
1344
1410
1624
1817
2199
1477
1591
1496
1788
1432
1565
1893
1827
1912
2417
2324
2741
1987
2471
2485
2214
2577
1816
2268
2108
2166
2571
2266
2380
2256
2647
2148
2279
1847
1580
1969
1594
1591
1387
1812
1780
2022
3037
1986
2590
1863
1446
1869
1863
2444
1935
2094
2090
2464
2312
2490
2194
2172
2142
2513
2467
2666
2302
2662
1963
2710
2019
1695
1368
1764
2142
2376
2662
2427
2183
2457
2396
2476
2133
2620
2397
1546
1564
1688
2585
1990
2599
1834
1886
1836
1930
1320
2114
1698
2017
1997
1715
1726
1500
1700
1678
1512
1618
1493
1824
1582
1918
1618
1430
1470
1334
1626
1534
1719
1457
1302
1563
1219
1332
1490
2135
1936
2514
2195
2668
2309
2432
2425
1790
1651
1442
1706
2507
2322
2574
1908
2610
2032
2690
1335
1785
1750
1268
1377
1529
1887
2452
2011
2606
2256
2312
1734
2562
2239
1941
2290
2053
2134
2040
2174
2822
2174
2559
1932
2384
2559
1911
2343
2062
2443
2008
2496
2554
1932
2687
1536
1513
1858
2274
2380
1769
2138
1736
1973
2146
2414
2576
1970
2197
1846
2198
1921
2471
2680
2045
2539
1987
2513
1855
2396
2575
2307
2612
2179
2436
2464
2069
2527
1944
2633
1730
2431
2531
2313
2612
1913
2545
2138
2503
2790
2144
2377
1328
1526
1602
1849
1532
1818
1497
1419
1355
1417
1779
2403
1969
2649
2165
2668
2344
2018
2685
1710
1798
2201
2440
2605
2180
2678
2103
2575
2402
2072
2538
1980
2458
2104
2416
2027
2050
2089
1953
2264
1735
1369
1685
1513
1378
1701
2336
1429
1426
1783
1656
1609
1519
2063
2324
1991
2130
2157
2258
2443
2065
2413
1929
2389
2058
2194
2055
2108
2569
1993
2184
1966
2331
2244
2173
1477
1544
1883
1524
1846
1649
1632
1618
1613
1417
1973
2030
1849
2072
2153
1892
2178
1970
2032
1726
1646
1663
1693
1988
1950
2638
2046
2133
1934
2003
1558
1651
1466
1810
1852
2394
2196
2599
1812
1575
1446
1904
1858
2022
2290
2329
1751
1671
1937
1885
2263
2229
1932
2547
2686
2121
1988
2275
1878
1609
2014
1982
1985
2392
2514
2621
2650
1706
1371
1740
1391
2042
1883
2638
2093
2630
2500
1662
1488
1586
1588
1428
2014
2417
2165
2669
2005
2392
2631
1793
2443
2111
2495
2110
2533
2401
2168
2571
2273
2529
2454
2122
2576
2295
2362
2354
2200
2456
2046
2246
1873
2371
2513
1957
1437
1673
1484
1824
2236
2419
2379
2892
1900
1770
1673
1462
1874
2060
2256
1778
2417
2429
2208
2795
2222
2527
2305
3214
2628
2174
2544
2211
2634
2400
2471
2688
2447
2441
2133
2254
2428
2254
2141
2303
2545
2510
2173
2535
2060
3277
1955
1756
1640
1866
2583
1828
2723
2182
2431
2562
1791
2313
1961
1449
1821
1795
2202
1992
2233
2188
2221
2270
1792
2405
1966
2096
2094
1999
2596
2130
2176
2309
2047
2134
1973
2500
1976
2030
1921
1865
2475
1894
2101
2244
1927
2178
1512
1593
1599
1701
1433
1723
1620
1420
1432
1829
2152
2494
2065
2379
2315
1756
2126
1605
1843
1454
1365
1380
1978
2610
1953
2759
2118
2458
2442
1965
1647
2056
2563
2070
2550
2681
1822
2327
1484
1896
2683
1936
2554
1948
2412
1801
1975
1369
1388
2076
1609
1258
2012
2514
2432
1734
2271
1809
2681
2476
2181
2571
1932
2274
2553
1886
2476
1848
2721
2117
2267
2578
1722
1539
1805
1674
1576
1959
1781
1843
1693
1416
1881
1636
1463
1782
1955
2316
2390
2006
2765
1921
2483
1615
1460
2150
1985
1670
1470
1635
2222
1794
2093
1878
2600
2498
2035
3161
2053
1892
1422
1796
2196
1893
2541
2044
2402
2572
2089
2418
1924
2493
2507
1715
2244
2005
2221
1904
1916
2295
1452
1396
1772
1649
1562
1715
2220
1734
2583
2240
1563
1708
1795
1608
1758
1539
1532
1931
2392
2022
2374
2383
1726
2131
1909
2505
1681
1953
2110
2595
2615
1812
2459
2305
2060
2222
1766
2187
1796
2138
2528
2079
2448
1984
2552
2261
2199
2704
2124
2737
2593
2121
2462
2129
2179
1702
2027
1717
1403
1936
1966
1883
1572
1371
2346
1728
1735
1417
1464
1489
1204
1754
1604
2102
2438
2184
2333
2038
2530
2556
2378
2466
2257
2570
2100
2244
2237
1977
2612
2121
2507
2460
2213
2543
2338
2712
2462
2325
2656
2622
2230
1885
2295
2348
2252
1705
1454
1800
2103
1659
1455
1746
2439
2206
2422
2500
2624
2537
2304
2504
2239
2492
2602
2084
2297
2395
2150
1649
1498
1440
1686
2144
2249
2372
2185
2121
2109
2819
2077
2459
2037
2468
2260
2389
2406
2141
2668
2018
2255
2473
1565
1607
1699
1485
1531
1696
1553
1527
1554
1719
2142
2404
2184
2116
1786
2245
1985
2271
2496
2260
2472
2039
2345
2428
2195
2489
2314
2034
2565
2140
2266
2471
2328
2084
2124
2634
1727
