2171
2104
1692
2641
2058
2111
1755
2515
1582
1354
1664
1750
1372
1158
1368
1171
1160
1251
1064
1355
1154
1334
1335
1424
1291
1726
1653
1339
1243
1348
1331
1234
1197
1322
1528
1589
1164
1230
1327
1219
1095
1266
1472
1339
1743
2059
1213
1892
1251
1460
1307
1385
1118
1505
1546
1475
1346
1640
1735
1849
1456
1769
1628
1371
1773
1552
1682
1362
1820
1622
1359
1332
1632
1699
1671
2160
1754
1567
2725
2157
1543
1775
1526
1302
1154
1120
1167
1419
1753
1705
1669
1622
1402
1354
1320
1439
1421
1453
1671
1221
1515
1393
1317
1399
1708
1729
1543
1739
1556
1673
1608
1329
1791
1493
1666
1507
1497
1834
1490
1851
2331
1734
2897
1753
1679
2296
1086
2138
1588
1747
2127
1825
1422
2210
1306
1291
2781
1840
1716
1528
2659
2348
1475
1215
1875
1702
1436
2559
1847
1821
2756
1704
1890
1679
1365
1822
1643
1819
2672
1424
1309
2455
1687
1405
2626
1496
1515
1339
1788
2083
1492
1307
1906
1777
1463
2834
1515
1654
1715
1317
2204
1691
1554
1944
1809
1645
2596
1571
1518
2494
1480
2292
1347
1344
1878
1243
1157
2754
1774
1541
3009
1404
1412
1463
1631
1922
1561
1704
1572
1873
1674
1779
1320
1568
1844
1705
1279
1192
1510
1396
1466
1637
1548
1725
2026
2161
1483
1302
1584
2207
1612
1582
1226
1521
1631
1237
1419
1329
1699
1986
1633
1417
1661
2171
1880
1942
1405
1590
1325
2032
1527
2072
1478
1776
1594
1589
1634
1795
1772
1970
1785
1458
1616
1364
1165
1596
1725
1240
1462
1669
1243
1669
1697
1870
1898
1410
1959
1895
2669
1873
1489
1520
1409
1717
1784
1392
2101
1629
2007
1870
1554
1411
1290
1588
1384
1191
1205
1922
1943
1431
1366
1635
1465
1820
1782
2098
2086
2260
2092
1631
1527
1726
1389
1680
1503
1597
1634
1533
1445
2146
1995
2342
2102
2503
2613
2112
2336
2244
2153
2204
1875
2143
1600
1531
1484
1595
1432
1567
1509
1660
1351
1372
1746
1502
1661
1720
1622
1534
1436
1574
1715
1662
1276
1667
1712
1678
1662
1516
1362
1448
1256
1520
1384
1402
1642
1569
1601
1522
1763
1327
1553
1757
1161
1212
1109
1287
1164
1449
1580
1545
2301
1534
1670
1266
1485
1397
1441
1541
1161
1447
1499
1197
1374
1191
1580
1663
2362
1412
1616
1174
1658
1880
1537
1696
1307
1704
1727
1314
1749
1923
1512
1633
1446
1591
1495
1940
1516
1609
1975
1640
1903
1670
2062
1621
2005
1588
1480
1400
1500
1731
1743
1449
1903
1581
1430
1267
1792
1447
1594
1772
1425
1637
1331
1387
2333
1934
2035
1780
1616
1666
1850
2040
1562
1971
1678
1882
1453
1709
1823
1756
1409
1668
1793
1505
1863
1726
1686
1526
1711
2314
1653
1895
2721
1526
2097
1417
1369
3331
1163
1745
3271
1401
1458
3194
1504
1436
2201
1559
1179
1222
1101
1438
1397
1618
2288
1514
1329
2164
1910
1666
1786
1527
1811
1491
2018
1543
1513
1316
1788
1555
1675
1458
1666
1527
1754
1936
1453
1928
1749
2071
1513
1897
2261
1453
1377
1457
1464
1279
1548
1409
2096
1388
1943
2193
1501
1270
1076
1448
1447
1308
1131
1627
1478
1520
1846
1470
1414
1716
1577
1109
1535
1072
1327
1694
1601
1955
1520
1629
1454
1847
1398
1598
1197
2290
1619
1303
2514
1651
1580
1523
1280
1597
1611
1422
1707
1567
1900
1870
1634
1958
2458
1801
1517
164315
1321
1746
1587
1258
1512
1287
2928
1331
1729
2537
1514
1464
1626
1232
1222
1556
1373
1563
1694
1615
2349
1435
1863
2922
1380
1950
1733
1842
1268
1271
1517
1874
1510
1494
3001
1531
1835
2607
1683
1684
1468
1695
2273
1624
1373
2878
1616
1708
3187
1606
1626
2009
1715
2298
2073
1372
2153
1493
1587
2638
1517
2095
2207
1496
1666
2094
1707
2249
2007
1516
2018
1476
1544
2589
1581
1423
2110
1316
1365
1824
1652
2216
1734
1649
3095
1437
1831
2577
1728
1982
3572
1643
1647
2370
1341
1231
1299
1131
1288
1405
1739
1634
1621
1650
1947
1776
2294
1639
1380
1544
1685
1620
1496
1635
1909
1629
1475
1837
1634
1242
1366
1141
1348
1722
1492
1589
1727
1745
1354
1733
1620
1421
1685
1856
1481
1533
1549
1472
1690
1454
1684
1710
1714
2336
1657
1662
1783
1548
1801
1416
1277
1901
1359
1322
1363
1501
1541
1978
1550
1505
1453
1540
1846
1566
1566
1698
1464
1561
1689
1514
1657
1390
1802
1716
1751
1652
1588
1691
2243
1794
1471
1621
1433
1427
1462
1536
1654
2005
1771
2108
1954
2020
1959
2456
1708
1703
2185
1936
2064
2141
1823
1750
1478
1583
1504
1901
2350
1800
2132
1938
1789
2105
1908
2084
2123
1639
1619
1611
1461
1798
2283
1818
2470
2466
2013
2518
1971
2490
2474
2319
2674
2079
2573
2263
1869
2479
1932
2658
1903
2532
3016
1943
2436
1486
1452
2079
1762
2490
1477
1704
1691
2656
2378
2066
2582
1922
2683
1976
2741
2618
1929
2418
2421
2368
2429
2367
2635
1884
2288
1922
2497
2516
1771
2740
1824
2484
2449
1825
2612
2073
2565
1618
1736
1411
1753
1432
1470
2056
2470
2000
2693
1814
2675
1981
2071
1615
1426
1847
2129
2243
2371
1830
2356
2044
2416
2464
1789
1356
1376
1518
1327
1254
1269
1408
1606
1595
1336
1412
2157
2640
1942
2334
2273
2329
1349
1588
1816
1922
2376
2479
2480
1649
1901
2455
2463
2257
1657
1755
2294
1793
2559
2751
1464
1555
1943
2308
2469
2119
2576
1793
2395
2156
2555
2491
2397
2650
2167
2381
2580
2118
3302
2128
2397
3101
2170
2418
2127
2289
1735
2101
2621
2052
2112
1998
2307
2429
2229
2465
2043
2516
2153
1943
2349
2085
2151
1859
2548
2725
2009
1540
1566
1881
2311
2056
2030
1852
1616
1777
1420
1719
1866
2196
1473
1958
2239
2140
2519
2049
2683
2454
2049
2572
2448
2550
2127
1834
