1356
1240
1228
1650
2009
2223
2019
2471
2114
2388
2400
1924
2541
2175
2431
2356
2611
2444
2382
2560
1920
2389
1671
1468
1813
1999
2478
2112
2292
2304
2008
2325
2098
2342
2063
2354
2334
2053
2126
2286
1833
1929
1941
1923
1719
1495
1608
1316
1845
1371
1570
1610
2018
2107
2001
2938
2072
1992
2112
2229
2506
1906
2312
2070
2626
2062
2282
2608
2349
1340
1518
1471
1490
1920
1930
1975
2196
1980
1676
2243
1696
2114
2182
1549
1235
1799
2335
2108
2416
2161
2363
2211
2287
1627
1342
1613
1454
1685
1749
1661
2169
1793
2275
2205
2337
2133
2323
1894
2040
2030
2382
2108
1980
2239
2241
2212
2375
1651
1604
1500
1476
1905
2138
1968
2081
2071
2248
1580
1705
2271
1940
1944
2089
2548
2190
2123
1584
1319
1719
1483
1668
1687
1320
1634
1745
1960
2042
2074
2047
2316
2272
2684
2061
2362
2090
2217
2179
2518
1913
1975
2625
2294
2260
2302
1682
1915
1945
1526
1323
1641
1643
1575
2103
2067
2235
2365
1894
1706
1415
1765
2419
1966
1203
1690
2002
1978
2062
1675
1689
1574
1596
2025
1893
2440
2381
2106
2409
2111
2279
2395
2462
2467
2032
1958
1927
1938
2478
2197
2421
1921
1750
1280
1700
2518
1932
2431
2093
2529
2270
2191
2022
2119
1957
2476
1876
2112
1853
1898
1947
1797
1973
1954
2099
1571
1947
1974
2089
2008
1768
2056
1993
1954
1548
1821
1821
1855
1893
1852
2177
2061
1811
1907
1835
2106
1818
1901
2063
2051
1609
1860
1640
1584
1789
2012
2047
1990
1985
2040
2013
1981
2091
1894
2045
2538
2159
2385
2300
2254
2152
1991
2480
1924
2160
1460
1397
1400
1685
2361
2305
2317
2049
2230
2452
2271
2555
2171
2383
2312
2173
2520
2221
2031
2279
2148
1633
1584
1743
1941
2134
2374
2137
2266
1974
2403
2468
2300
2206
2299
2354
2101
2394
2496
2390
2385
1867
1475
1686
1463
1437
1861
2016
2191
2441
2105
2132
2604
2137
2398
2153
2430
2539
1983
2285
1849
2455
2522
2258
2487
2109
2113
2422
1859
1783
1479
2092
2049
2080
2585
1845
2326
1945
2421
2605
2472
1591
1315
1820
2256
2436
2423
2099
2457
1975
2571
2367
2302
2495
1858
2219
2064
1448
2056
2302
2498
2425
2420
2661
2333
2005
2100
2445
2401
2202
2115
2290
1732
1991
2247
1696
1583
1569
1928
1865
2613
1832
2451
1921
2512
2257
1611
1627
1372
1634
2151
2277
2589
1815
1362
1860
1615
1337
1334
2010
1998
2284
1811
2158
1904
1877
2228
2030
2549
2313
2732
1871
1787
2162
1821
2424
1998
2467
2491
1876
2427
1777
1570
1506
1700
2038
1902
2422
2021
2332
2168
1798
1967
1621
1741
1443
1595
2121
1910
2149
2208
1921
2555
1620
2134
1994
2223
2683
1910
2501
2197
2479
2003
2231
2217
2153
2073
1826
2029
2371
2124
2058
1953
2035
2036
1917
2158
1932
2143
1621
1337
1615
1530
1702
1778
1979
2281
1936
2278
1732
2140
1729
1710
2136
2012
1855
1995
1640
1897
2123
2146
2019
2068
1969
1986
2081
1459
2214
1957
2038
2237
2010
2517
1823
1955
2137
1985
2157
2130
2132
1943
1854
1956
1810
2094
1808
1932
1745
1694
1916
2078
1997
2301
2122
2533
2350
2532
1950
1698
1740
1753
1488
1783
1590
1489
1640
1948
1627
1930
2001
2228
2094
2122
2343
2248
2480
2075
2310
2499
2381
2017
2351
2263
2461
2156
2226
2077
1910
1851
2208
2268
2179
2309
1881
1670
2006
2044
2455
2032
2136
1691
1807
1987
2057
2119
2116
2316
2142
2068
1577
1998
1429
1741
1718
1685
1419
2035
2064
2126
2060
2309
2149
2217
2289
2135
2109
2112
2305
2047
2293
2142
2351
2074
2149
1954
2652
2130
2389
2349
2610
1839
1335
1749
1876
2147
2180
2186
2158
1558
2235
2389
1663
1373
1978
2371
2750
1370
1569
1555
1823
1843
2009
1654
1837
1783
2057
1899
2330
1936
2036
2320
2132
2116
2407
2042
1872
2077
1956
1891
2056
1714
2028
1427
1697
1773
1549
1619
1848
1307
1590
1597
1953
1811
2034
2088
1953
1958
1796
2224
2024
1965
1563
1538
1981
1659
1569
1572
1525
1650
1350
1580
1587
1859
1999
2003
2118
1989
1931
2104
1834
1747
2054
2077
2055
2079
2291
2551
2190
2491
2745
1957
2261
2054
2092
2374
1574
1682
1583
2385
2103
2281
2067
1944
2029
1867
1928
1388
1825
1953
2042
3085
1823
2667
1478
1677
1548
1825
1843
2312
2077
2253
2187
2089
1925
2136
2013
2025
2191
1831
2216
1764
2041
2285
2518
2257
2216
2060
1822
2053
2098
2123
2251
1787
1598
1858
2406
2197
2131
1877
1885
2242
1981
1813
1949
1397
2151
1971
2583
2207
2012
1986
2242
2700
2143
2487
2144
2473
2146
2419
2653
2314
2221
2000
2209
2247
2628
2581
2170
2837
2520
2009
2407
2109
2472
1979
2810
2525
2304
2463
1420
1452
1561
1804
2378
2004
2417
2294
2448
1571
1319
2193
2369
2524
1976
2252
2323
2405
2201
2462
2132
2500
2364
2215
2134
2460
2044
2208
2355
2219
2478
2569
2626
2112
2222
1932
2019
2081
2406
2165
2303
2242
2781
2161
2095
2043
2020
1776
1365
1643
1700
2078
2168
2315
2596
2159
1541
1701
1601
2107
1798
1399
1892
1974
1744
1412
1619
1684
1940
2042
2099
2347
2098
2396
2394
2205
2521
2096
2683
1966
2328
2490
2299
2551
1940
2470
2473
2257
2688
2145
2242
2236
2049
2612
1396
1503
1441
1945
2578
2265
1576
1451
1509
1586
1572
1814
2019
2156
2307
2168
2370
2251
2211
2401
1755
2239
2108
2232
2433
2388
2204
2179
2381
2619
2333
2325
2146
2338
1527
1948
2617
1861
2057
1871
2205
2457
2256
2527
1708
2153
1704
1791
1258
1445
2372
1875
2616
1930
1685
1296
1764
2496
1953
2358
1351
1782
1426
1537
1167
1945
1867
2631
1910
2185
2444
1731
1958
1886
2500
1717
2218
2695
1781
2227
1941
2060
2024
1933
