1525
1494
1787
1423
1842
1886
2036
2031
2133
2356
2345
1817
1344
2399
2119
2422
2435
1587
1831
2223
2476
2254
2510
2222
2515
2336
2147
2669
2380
2405
2519
2258
2915
2233
2030
2634
2325
2311
1727
2394
2311
2536
2283
2597
2324
2541
2387
2484
2321
2545
2136
2429
2333
2590
2543
2708
2482
2180
1683
1477
2321
2158
2485
2285
2599
2377
2641
2669
2488
2194
2265
2191
2304
1427
1496
1967
1480
2353
2573
2018
2140
2377
1411
1811
1417
1532
1441
1524
1913
2424
2182
2646
1678
1560
1662
1926
2472
2235
2499
2111
2495
2437
2618
2496
1683
1539
1626
2068
2330
1958
1805
1837
2208
1885
2782
2424
2378
2176
2288
2385
2497
2375
2411
2135
2531
2232
1826
2789
2118
2303
2327
2337
2182
2284
2466
2262
2571
2080
2776
2213
2715
2235
2032
2727
2081
1921
2341
2140
2615
2186
2379
1604
1541
2254
2539
2702
2071
2494
2325
2333
2726
1810
2249
2126
2430
2463
2508
1667
1814
2382
2052
2178
2299
2168
2700
1941
2797
2146
2301
2110
1818
1896
1993
2427
2145
2150
2022
2024
2220
2246
2190
2112
2258
2267
2453
2276
2034
2181
1581
1523
1742
1993
2103
2146
1676
2331
2096
2269
1998
2148
2037
2167
2159
1907
2391
2043
2228
2137
2064
2549
2128
2017
2338
1545
1582
1605
1854
1585
2508
1811
2469
2630
1984
2200
1988
2555
2155
2330
2626
1747
1988
2011
2143
2531
2640
1773
1308
2054
2122
2402
2437
2398
2941
1869
2285
2429
2357
2633
2545
2503
1595
1311
2096
1810
1582
1896
2600
2017
2350
2309
2131
1434
1590
1515
1393
1713
1838
1599
1701
1501
1359
1476
1873
2053
2099
2317
1978
2160
2256
2297
2403
2404
1684
1450
1503
1960
1751
2166
1636
1850
2095
2053
2193
1898
2340
2406
2434
2482
2127
2351
1896
1918
2645
1556
1723
1776
1423
1257
1209
1347
1178
1297
1298
1530
1336
1798
2036
1815
1942
1891
2162
2011
1991
2063
2060
2195
1986
2048
1924
1675
1550
1544
2133
1987
1340
1547
1705
1265
1774
1481
1387
1851
1938
1497
1480
1367
2280
2000
2000
1990
2495
2616
1676
1626
1331
1460
1593
1540
1898
1897
1939
2094
1821
2314
2128
1943
2139
1756
2335
1839
2182
1977
2083
2138
1908
2217
2155
1435
1596
1370
1770
1882
2055
1667
1493
1816
2311
2491
2668
1924
2522
2408
2289
2252
2450
2673
2100
2122
1448
1402
1384
1731
2328
2287
2115
2310
2292
2479
2462
2501
2602
2544
2403
2476
2035
2166
2573
2366
2115
2513
2690
2444
2721
1998
1493
1437
1475
1594
1672
1325
1540
1506
2077
1873
2635
2295
1615
1591
2180
2190
2005
2578
2153
2583
2390
1825
2359
2469
1467
1833
1616
1298
1884
2304
2035
2158
2653
1918
2472
2054
2094
2467
2225
2353
1737
1585
1365
1831
2297
2917
2386
1521
1109
1810
2269
2129
1503
1421
1981
2137
2237
2493
2207
2038
2185
2465
2349
2328
2329
1916
2079
2174
2140
1840
2318
2348
2292
2502
2143
2362
2629
1924
2539
2309
2573
2014
2537
2552
2264
2507
2209
2203
2219
2488
2530
2008
2389
1929
1718
1614
1743
1971
2174
2366
1978
2036
1638
1518
1826
1531
2381
2141
2169
2198
2041
2427
1947
2415
2392
1983
2360
2048
1656
1358
1726
1585
1341
1735
1671
1949
2316
2117
2159
2091
2311
2456
2125
2458
1758
2343
2235
1694
1858
1809
2642
2125
1387
1883
1793
1644
1866
1996
1865
2051
2324
2233
1933
1807
2208
2609
2318
2450
1996
2528
2407
2108
2185
2221
2515
2015
2599
2025
2335
1983
1877
2031
1885
2145
2365
2114
2314
2429
2218
2058
2186
2069
2303
2280
2197
2126
2644
2113
2048
1692
1587
2056
1977
1434
1388
1360
1568
1386
1813
2110
2459
2330
1864
2364
1945
2087
2125
2029
1607
1680
1492
1371
1527
1401
1932
2275
2240
2524
2299
2267
2038
1998
2017
2261
2356
1901
2360
2192
2638
2674
2469
2607
2309
2625
2286
2622
1601
1480
1971
1653
1809
2066
2041
2357
1891
2049
2036
2011
2306
2090
2268
2228
1632
1602
1340
1612
1541
2419
2133
2322
2337
2296
2116
2205
2545
2242
1920
2209
2060
2389
2142
2074
2402
2028
2505
2091
2331
2152
2377
2288
2061
2012
2273
1595
1708
1682
2628
2294
2398
1573
1663
2058
1950
2411
2350
2379
2417
2345
2053
2039
2083
1920
2402
1923
1918
2163
2210
2098
2030
2534
2236
2278
2068
2043
2143
2380
2465
1448
1557
1444
1626
2066
1751
1639
2063
2226
2156
2156
2142
1949
1478
1341
1828
1531
1954
1856
2243
2030
2184
2384
2069
2179
2089
2014
2316
2015
2170
2014
2101
2219
2183
2543
1949
2596
2296
2599
2093
2162
2198
2035
2161
1967
2192
2078
2103
2260
2288
2263
2140
2282
2068
2304
2303
1816
2013
2400
1618
1641
2059
2138
2602
1394
2337
2300
2098
2452
2119
2340
2160
2640
1962
2416
2386
2207
2115
1938
2079
1715
1757
1425
1622
1701
1428
2001
2024
2230
2489
2253
2234
2330
1384
1622
1442
1885
2020
2330
2427
2400
2283
2252
2843
2111
2438
1582
1415
2117
1902
1603
1611
1969
1943
2029
2352
1925
2511
1982
1639
1803
1981
2293
2123
2272
2388
2138
2413
1941
2192
2450
2490
3015
2463
2694
2009
2500
2613
2107
2575
2101
2620
2173
2487
2713
1791
2251
1860
2376
2453
2401
2548
2196
1811
1558
1786
1583
1640
2116
2489
2810
2280
2452
2649
2126
2752
2399
2406
2475
2225
1820
1915
1679
1525
1485
1360
1509
2507
1819
2464
2340
2050
2266
2015
2477
1907
2670
2525
2056
2571
2244
2471
1309
1966
2152
2104
2566
1792
2220
2490
1570
1375
2062
1727
1629
1797
2103
2120
2362
2184
2346
2216
2119
2621
1953
2491
2232
2527
2428
2477
2450
2095
2387
1953
2373
2674
2019
2463
1957
2290
2313
2213
2708
2422
2541
2045
2376
2288
2197
2255
2024
2173
2182
2319
2315
2295
1655
1323
1849
